0 1
0 8
0 10
0 68
0 87
0 93
0 105
0 226
0 264
0 279
1 2
1 8
1 10
1 43
1 68
1 87
1 93
1 105
1 226
1 264
1 279
2 24
2 43
2 62
2 68
2 87
2 93
2 100
2 105
2 112
2 207
2 226
2 264
2 279
3 43
3 62
3 68
3 87
3 93
3 100
3 105
3 112
3 207
3 226
3 264
3 279
4 18
4 43
4 52
4 60
4 68
4 83
4 87
4 93
4 100
4 105
4 112
4 207
4 226
4 264
4 279
5 17
5 18
5 20
5 26
5 52
5 60
5 68
5 83
5 87
5 91
5 93
5 100
5 105
5 112
5 123
5 207
5 226
5 264
5 279
6 15
6 17
6 18
6 20
6 22
6 26
6 51
6 52
6 60
6 68
6 83
6 87
6 91
6 93
6 100
6 105
6 112
6 123
6 207
6 226
6 264
7 26
7 68
7 83
7 87
7 91
7 93
7 100
7 105
7 112
7 123
7 207
7 226
7 264
8 12
8 68
8 83
8 87
8 91
8 93
8 100
8 105
8 112
8 123
8 207
8 226
8 264
9 12
9 37
9 68
9 83
9 87
9 91
9 93
9 100
9 105
9 112
9 138
9 207
9 226
9 264
10 14
10 23
10 68
10 87
10 91
10 93
10 95
10 100
10 105
10 112
10 166
10 202
10 207
10 226
10 264
11 14
11 23
11 68
11 87
11 91
11 95
11 100
11 105
11 112
11 166
11 202
11 207
11 226
11 264
12 61
12 87
12 91
12 99
12 100
12 105
12 112
12 166
12 174
12 202
12 207
12 212
12 264
13 16
13 61
13 63
13 87
13 91
13 99
13 100
13 105
13 112
13 166
13 174
13 202
13 207
13 212
13 213
13 233
13 264
14 16
14 35
14 41
14 47
14 54
14 55
14 61
14 87
14 90
14 91
14 96
14 99
14 100
14 105
14 112
14 121
14 174
14 202
14 207
14 212
14 213
14 224
14 233
14 264
14 272
15 16
15 41
15 54
15 55
15 61
15 87
15 90
15 91
15 96
15 100
15 105
15 112
15 115
15 121
15 207
15 212
15 213
15 224
15 233
15 244
15 257
15 264
15 272
16 41
16 44
16 54
16 55
16 61
16 73
16 90
16 91
16 96
16 97
16 100
16 105
16 112
16 115
16 121
16 207
16 212
16 213
16 224
16 233
16 244
16 255
16 257
16 264
16 272
17 19
17 44
17 54
17 61
17 73
17 78
17 80
17 90
17 91
17 96
17 100
17 105
17 112
17 115
17 121
17 183
17 207
17 212
17 213
17 224
17 233
17 244
17 255
17 257
17 264
17 266
17 272
18 19
18 44
18 54
18 61
18 73
18 78
18 80
18 90
18 91
18 96
18 100
18 105
18 112
18 115
18 121
18 183
18 207
18 212
18 213
18 224
18 233
18 244
18 255
18 257
18 264
18 266
18 272
19 44
19 54
19 61
19 73
19 78
19 80
19 90
19 91
19 96
19 100
19 105
19 112
19 115
19 126
19 183
19 207
19 212
19 213
19 224
19 233
19 244
19 255
19 257
19 264
19 266
19 272
20 25
20 29
20 30
20 54
20 61
20 73
20 78
20 80
20 90
20 91
20 105
20 112
20 115
20 126
20 183
20 207
20 212
20 213
20 224
20 233
20 244
20 255
20 257
20 264
20 266
20 272
21 25
21 29
21 30
21 54
21 61
21 73
21 78
21 80
21 90
21 91
21 105
21 112
21 115
21 126
21 183
21 207
21 212
21 213
21 224
21 233
21 244
21 255
21 257
21 264
21 266
21 272
22 29
22 30
22 54
22 61
22 73
22 78
22 80
22 90
22 91
22 105
22 112
22 115
22 126
22 183
22 207
22 212
22 213
22 224
22 233
22 244
22 255
22 257
22 264
22 266
22 272
23 27
23 29
23 30
23 54
23 61
23 78
23 80
23 90
23 91
23 105
23 112
23 115
23 144
23 183
23 195
23 207
23 212
23 224
23 233
23 244
23 255
23 266
23 272
24 27
24 30
24 40
24 48
24 80
24 90
24 91
24 92
24 105
24 108
24 112
24 115
24 144
24 149
24 183
24 207
24 224
24 233
24 244
24 255
24 266
24 272
25 27
25 30
25 40
25 48
25 80
25 90
25 91
25 92
25 105
25 108
25 112
25 115
25 144
25 149
25 183
25 207
25 224
25 233
25 244
25 255
25 266
25 272
26 27
26 30
26 40
26 48
26 80
26 90
26 91
26 92
26 105
26 108
26 112
26 115
26 144
26 149
26 183
26 207
26 224
26 233
26 244
26 255
26 266
26 272
27 27
27 30
27 36
27 45
27 48
27 50
27 66
27 80
27 84
27 88
27 90
27 91
27 92
27 105
27 108
27 112
27 115
27 144
27 149
27 183
27 207
27 224
27 233
27 244
27 255
27 266
27 272
28 27
28 31
28 36
28 45
28 48
28 50
28 66
28 80
28 84
28 88
28 90
28 92
28 105
28 108
28 112
28 115
28 119
28 144
28 149
28 183
28 207
28 224
28 233
28 244
28 255
28 266
28 272
29 27
29 31
29 36
29 45
29 50
29 66
29 88
29 90
29 92
29 105
29 108
29 112
29 119
29 144
29 149
29 207
29 224
29 233
29 244
29 255
29 266
29 272
30 33
30 34
30 45
30 50
30 66
30 88
30 90
30 92
30 105
30 112
30 119
30 135
30 157
30 162
30 207
30 208
30 224
30 233
30 255
30 266
30 272
31 33
31 34
31 45
31 50
31 66
31 88
31 90
31 92
31 105
31 112
31 119
31 135
31 157
31 162
31 207
31 208
31 224
31 233
31 255
31 266
31 272
32 34
32 49
32 57
32 66
32 88
32 90
32 92
32 112
32 131
32 135
32 157
32 171
32 207
32 208
32 224
32 233
32 255
32 266
32 272
33 34
33 49
33 57
33 66
33 88
33 92
33 112
33 131
33 135
33 157
33 171
33 207
33 208
33 224
33 233
33 255
33 256
33 266
33 272
34 34
34 57
34 66
34 88
34 92
34 112
34 131
34 135
34 157
34 171
34 207
34 208
34 224
34 233
34 255
34 256
34 266
34 272
35 34
35 57
35 66
35 88
35 92
35 112
35 131
35 135
35 157
35 171
35 207
35 208
35 224
35 233
35 255
35 256
35 266
35 272
36 57
36 66
36 88
36 92
36 112
36 135
36 157
36 167
36 171
36 207
36 208
36 224
36 233
36 255
36 256
36 266
36 272
37 57
37 66
37 88
37 92
37 112
37 135
37 157
37 167
37 171
37 207
37 208
37 224
37 233
37 255
37 256
37 266
37 272
38 46
38 57
38 66
38 88
38 92
38 135
38 155
38 157
38 167
38 171
38 207
38 208
38 224
38 233
38 255
38 256
38 266
38 272
39 46
39 57
39 58
39 65
39 66
39 74
39 88
39 92
39 135
39 155
39 171
39 178
39 208
39 222
39 224
39 233
39 255
39 256
39 266
39 270
39 272
40 46
40 57
40 58
40 65
40 66
40 74
40 92
40 135
40 155
40 178
40 208
40 222
40 224
40 233
40 255
40 256
40 266
40 270
40 272
41 46
41 57
41 58
41 65
41 66
41 74
41 92
41 135
41 155
41 178
41 208
41 222
41 224
41 233
41 255
41 256
41 266
41 270
41 272
42 46
42 57
42 58
42 65
42 66
42 74
42 92
42 135
42 155
42 178
42 208
42 222
42 224
42 233
42 255
42 256
42 266
42 270
42 272
43 46
43 57
43 58
43 65
43 66
43 74
43 92
43 135
43 155
43 178
43 208
43 222
43 224
43 233
43 255
43 256
43 266
43 270
43 272
44 46
44 57
44 58
44 65
44 66
44 74
44 92
44 101
44 118
44 125
44 135
44 140
44 155
44 178
44 179
44 208
44 219
44 222
44 224
44 233
44 255
44 256
44 266
44 270
44 272
45 46
45 57
45 58
45 65
45 66
45 74
45 92
45 101
45 118
45 125
45 135
45 140
45 155
45 178
45 208
45 217
45 219
45 222
45 224
45 233
45 255
45 256
45 266
45 270
45 272
46 46
46 57
46 58
46 65
46 67
46 72
46 74
46 92
46 101
46 118
46 125
46 135
46 139
46 140
46 142
46 155
46 178
46 208
46 219
46 222
46 224
46 233
46 255
46 256
46 266
46 270
46 272
47 46
47 57
47 58
47 65
47 67
47 72
47 74
47 81
47 92
47 101
47 118
47 125
47 135
47 139
47 140
47 142
47 155
47 178
47 208
47 219
47 222
47 224
47 233
47 242
47 255
47 256
47 266
47 270
47 272
48 46
48 57
48 58
48 65
48 67
48 72
48 74
48 81
48 92
48 101
48 118
48 125
48 135
48 139
48 140
48 142
48 155
48 178
48 208
48 219
48 222
48 224
48 233
48 242
48 255
48 256
48 266
48 270
48 272
49 46
49 57
49 58
49 72
49 74
49 81
49 92
49 101
49 118
49 125
49 135
49 139
49 140
49 142
49 155
49 170
49 178
49 204
49 208
49 219
49 222
49 224
49 233
49 242
49 255
49 256
49 266
49 270
49 272
50 46
50 57
50 58
50 72
50 74
50 81
50 82
50 92
50 101
50 118
50 125
50 135
50 139
50 140
50 142
50 155
50 170
50 178
50 189
50 193
50 204
50 208
50 219
50 222
50 224
50 233
50 242
50 256
50 266
50 270
50 272
51 46
51 57
51 58
51 72
51 74
51 81
51 82
51 92
51 101
51 118
51 125
51 135
51 139
51 140
51 142
51 155
51 170
51 178
51 189
51 193
51 204
51 208
51 219
51 222
51 224
51 233
51 242
51 256
51 266
51 270
51 272
52 46
52 57
52 58
52 72
52 74
52 81
52 82
52 92
52 101
52 118
52 125
52 135
52 139
52 140
52 142
52 151
52 155
52 170
52 178
52 193
52 204
52 208
52 219
52 222
52 224
52 233
52 242
52 256
52 270
52 272
53 46
53 57
53 58
53 72
53 74
53 81
53 82
53 92
53 101
53 118
53 125
53 135
53 139
53 140
53 142
53 151
53 155
53 170
53 178
53 193
53 204
53 219
53 222
53 224
53 233
53 242
53 256
53 270
53 272
54 46
54 57
54 58
54 72
54 74
54 81
54 82
54 92
54 101
54 118
54 125
54 135
54 139
54 140
54 142
54 151
54 155
54 170
54 178
54 193
54 204
54 219
54 222
54 224
54 233
54 242
54 256
54 270
54 272
55 46
55 57
55 58
55 72
55 74
55 77
55 81
55 82
55 92
55 101
55 125
55 135
55 139
55 140
55 142
55 151
55 155
55 170
55 178
55 193
55 204
55 218
55 219
55 222
55 224
55 233
55 242
55 256
55 270
55 272
56 46
56 58
56 72
56 74
56 77
56 81
56 82
56 92
56 101
56 125
56 135
56 139
56 140
56 142
56 151
56 155
56 170
56 178
56 204
56 218
56 219
56 222
56 224
56 233
56 242
56 256
56 270
56 272
57 58
57 72
57 74
57 77
57 81
57 82
57 92
57 101
57 125
57 135
57 139
57 140
57 142
57 151
57 155
57 170
57 178
57 204
57 218
57 219
57 222
57 224
57 233
57 242
57 256
57 270
57 272
58 77
58 81
58 92
58 94
58 125
58 130
58 139
58 140
58 142
58 148
58 151
58 155
58 170
58 178
58 191
58 204
58 219
58 224
58 229
58 233
58 242
58 256
58 272
59 69
59 70
59 77
59 81
59 94
59 122
59 140
59 142
59 148
59 151
59 159
59 163
59 170
59 178
59 191
59 204
59 219
59 224
59 229
59 233
59 242
59 256
59 259
59 272
60 70
60 71
60 77
60 81
60 122
60 136
60 140
60 148
60 151
60 159
60 170
60 178
60 191
60 204
60 219
60 224
60 229
60 233
60 243
60 252
60 256
60 258
60 259
60 272
61 70
61 71
61 77
61 81
61 103
61 122
61 136
61 140
61 148
61 151
61 159
61 170
61 178
61 191
61 204
61 219
61 224
61 229
61 233
61 243
61 252
61 256
61 258
61 259
61 268
61 272
62 70
62 71
62 77
62 81
62 122
62 136
62 140
62 148
62 151
62 159
62 170
62 176
62 178
62 191
62 204
62 219
62 224
62 229
62 233
62 243
62 252
62 256
62 258
62 259
62 268
62 272
63 70
63 71
63 77
63 81
63 136
63 140
63 148
63 151
63 159
63 170
63 176
63 178
63 191
63 204
63 219
63 224
63 229
63 233
63 243
63 252
63 256
63 258
63 259
63 268
63 272
64 70
64 71
64 77
64 81
64 104
64 136
64 140
64 148
64 151
64 159
64 170
64 176
64 178
64 191
64 204
64 219
64 224
64 229
64 233
64 243
64 252
64 256
64 258
64 259
64 268
64 272
65 70
65 71
65 76
65 77
65 102
65 104
65 136
65 140
65 148
65 151
65 159
65 170
65 176
65 178
65 191
65 219
65 224
65 229
65 233
65 243
65 256
65 258
65 259
65 268
65 272
66 70
66 71
66 76
66 77
66 102
66 104
66 136
66 140
66 148
66 151
66 159
66 170
66 176
66 178
66 191
66 219
66 224
66 229
66 233
66 243
66 256
66 258
66 259
66 268
66 272
67 70
67 71
67 76
67 77
67 102
67 104
67 136
67 140
67 148
67 151
67 159
67 170
67 176
67 178
67 191
67 219
67 224
67 229
67 233
67 236
67 256
67 258
67 259
67 268
67 280
68 70
68 71
68 76
68 77
68 85
68 102
68 104
68 110
68 136
68 148
68 151
68 159
68 170
68 176
68 178
68 191
68 219
68 224
68 229
68 233
68 236
68 256
68 258
68 259
68 268
68 277
68 280
69 70
69 71
69 76
69 77
69 86
69 102
69 110
69 117
69 133
69 148
69 151
69 159
69 170
69 176
69 178
69 197
69 219
69 229
69 233
69 236
69 258
69 259
69 265
69 268
69 277
69 280
70 71
70 76
70 77
70 86
70 102
70 110
70 117
70 132
70 133
70 148
70 151
70 159
70 170
70 176
70 178
70 197
70 219
70 229
70 233
70 236
70 258
70 259
70 265
70 268
70 277
70 280
71 71
71 76
71 77
71 86
71 110
71 113
71 117
71 133
71 148
71 151
71 159
71 170
71 176
71 197
71 219
71 223
71 229
71 233
71 236
71 258
71 259
71 265
71 268
71 277
72 71
72 76
72 77
72 86
72 110
72 113
72 117
72 133
72 148
72 159
72 170
72 176
72 197
72 219
72 223
72 229
72 233
72 236
72 258
72 259
72 265
72 268
72 277
73 71
73 76
73 110
73 113
73 117
73 129
73 133
73 148
73 159
73 170
73 176
73 197
73 219
73 223
73 229
73 233
73 236
73 258
73 259
73 265
73 268
73 277
74 76
74 113
74 133
74 145
74 148
74 159
74 170
74 176
74 197
74 219
74 220
74 223
74 229
74 233
74 236
74 258
74 259
74 268
74 277
75 76
75 111
75 113
75 133
75 141
75 145
75 148
75 154
75 159
75 170
75 176
75 197
75 206
75 209
75 219
75 220
75 223
75 229
75 233
75 236
75 258
75 259
75 268
75 277
76 76
76 111
76 113
76 133
76 141
76 145
76 148
76 154
76 159
76 170
76 176
76 197
76 206
76 209
76 219
76 220
76 223
76 229
76 233
76 236
76 258
76 259
76 268
76 277
77 76
77 111
77 113
77 133
77 141
77 145
77 148
77 154
77 159
77 170
77 176
77 197
77 206
77 209
77 219
77 220
77 223
77 229
77 233
77 236
77 259
77 268
77 277
78 111
78 113
78 133
78 141
78 145
78 148
78 154
78 159
78 170
78 176
78 197
78 206
78 209
78 219
78 223
78 229
78 233
78 236
78 249
78 259
78 268
78 277
79 111
79 113
79 133
79 141
79 145
79 148
79 154
79 159
79 170
79 176
79 197
79 206
79 209
79 219
79 223
79 229
79 233
79 236
79 249
79 259
79 268
79 277
80 111
80 113
80 133
80 141
80 145
80 148
80 154
80 159
80 176
80 197
80 206
80 209
80 219
80 223
80 229
80 233
80 236
80 249
80 259
80 268
80 277
81 111
81 113
81 133
81 141
81 145
81 148
81 154
81 159
81 173
81 176
81 197
81 206
81 209
81 219
81 223
81 229
81 233
81 234
81 236
81 249
81 259
81 268
81 277
82 111
82 113
82 133
82 141
82 145
82 148
82 154
82 159
82 173
82 176
82 182
82 184
82 197
82 206
82 209
82 219
82 223
82 229
82 233
82 234
82 236
82 249
82 259
82 268
82 277
83 111
83 113
83 116
83 133
83 141
83 145
83 148
83 154
83 159
83 173
83 176
83 184
83 206
83 219
83 223
83 229
83 233
83 234
83 236
83 249
83 259
83 268
83 277
84 89
84 111
84 113
84 116
84 133
84 141
84 145
84 148
84 154
84 159
84 173
84 176
84 184
84 206
84 219
84 223
84 229
84 233
84 234
84 236
84 249
84 259
84 268
84 277
85 111
85 113
85 133
85 141
85 145
85 148
85 154
85 159
85 173
85 176
85 184
85 206
85 219
85 223
85 229
85 233
85 234
85 236
85 249
85 259
85 277
86 111
86 113
86 133
86 141
86 145
86 148
86 154
86 159
86 173
86 175
86 176
86 184
86 206
86 219
86 223
86 229
86 233
86 234
86 236
86 237
86 249
86 259
86 277
87 111
87 113
87 141
87 145
87 148
87 154
87 159
87 173
87 175
87 184
87 206
87 219
87 223
87 229
87 233
87 234
87 236
87 237
87 249
87 259
87 277
88 111
88 113
88 141
88 145
88 148
88 159
88 173
88 175
88 185
88 206
88 219
88 223
88 229
88 233
88 234
88 236
88 237
88 249
88 259
88 277
89 107
89 111
89 113
89 148
89 156
89 159
89 175
89 185
89 198
89 206
89 219
89 223
89 229
89 233
89 234
89 236
89 237
89 249
89 253
89 259
89 277
90 107
90 111
90 113
90 124
90 148
90 156
90 159
90 175
90 177
90 185
90 198
90 219
90 223
90 229
90 233
90 234
90 236
90 237
90 249
90 253
90 259
90 277
91 107
91 111
91 113
91 124
91 148
91 156
91 159
91 168
91 175
91 177
91 185
91 198
91 219
91 223
91 229
91 233
91 234
91 236
91 237
91 249
91 253
91 259
91 277
92 107
92 111
92 113
92 124
92 148
92 156
92 159
92 175
92 177
92 198
92 219
92 223
92 233
92 234
92 236
92 237
92 249
92 253
92 259
93 113
93 124
93 127
93 134
93 148
93 156
93 159
93 175
93 177
93 198
93 219
93 223
93 233
93 236
93 237
93 249
93 253
93 259
94 109
94 113
94 124
94 127
94 134
94 148
94 156
94 159
94 175
94 198
94 219
94 223
94 233
94 236
94 237
94 249
94 253
94 259
95 109
95 113
95 127
95 134
95 148
95 156
95 159
95 175
95 190
95 198
95 219
95 223
95 233
95 236
95 237
95 249
95 253
95 259
96 109
96 113
96 127
96 134
96 148
96 156
96 159
96 175
96 190
96 219
96 223
96 233
96 236
96 237
96 249
96 253
96 259
97 106
97 109
97 113
97 127
97 134
97 148
97 156
97 159
97 190
97 219
97 223
97 233
97 236
97 237
97 249
97 253
97 259
98 106
98 109
98 113
98 127
98 134
98 148
98 156
98 159
98 190
98 219
98 223
98 233
98 236
98 237
98 249
98 253
98 259
99 106
99 109
99 113
99 127
99 134
99 146
99 148
99 153
99 156
99 159
99 190
99 219
99 223
99 233
99 236
99 237
99 249
99 253
99 259
100 106
100 109
100 113
100 127
100 134
100 146
100 148
100 153
100 156
100 159
100 190
100 219
100 223
100 233
100 236
100 237
100 249
100 253
100 259
101 106
101 113
101 127
101 134
101 146
101 148
101 153
101 156
101 159
101 190
101 219
101 223
101 233
101 236
101 237
101 249
101 253
101 259
102 106
102 113
102 127
102 134
102 146
102 148
102 153
102 156
102 158
102 159
102 190
102 219
102 223
102 233
102 236
102 237
102 249
102 253
102 259
103 106
103 113
103 127
103 134
103 148
103 153
103 156
103 158
103 159
103 160
103 219
103 223
103 233
103 236
103 237
103 249
103 253
103 259
104 106
104 113
104 127
104 134
104 148
104 153
104 156
104 158
104 159
104 160
104 219
104 223
104 233
104 236
104 237
104 249
104 253
104 259
105 127
105 134
105 148
105 150
105 153
105 156
105 158
105 159
105 160
105 219
105 223
105 233
105 236
105 237
105 249
105 250
105 253
105 259
105 281
106 127
106 134
106 148
106 150
106 153
106 156
106 158
106 159
106 219
106 223
106 233
106 237
106 249
106 250
106 253
106 259
106 281
107 127
107 134
107 148
107 150
107 153
107 156
107 158
107 159
107 219
107 223
107 233
107 237
107 249
107 250
107 253
107 259
107 281
108 127
108 134
108 148
108 150
108 153
108 156
108 158
108 159
108 219
108 233
108 237
108 249
108 250
108 253
108 259
108 281
109 127
109 134
109 148
109 150
109 153
109 156
109 158
109 159
109 219
109 233
109 237
109 249
109 253
109 259
109 281
110 127
110 134
110 148
110 150
110 153
110 156
110 158
110 159
110 219
110 233
110 237
110 249
110 253
110 259
110 281
111 127
111 134
111 148
111 150
111 153
111 156
111 158
111 159
111 219
111 233
111 237
111 249
111 253
111 259
111 281
112 127
112 134
112 148
112 150
112 153
112 156
112 158
112 159
112 219
112 233
112 237
112 249
112 253
112 259
112 281
113 127
113 134
113 148
113 150
113 153
113 156
113 158
113 159
113 161
113 219
113 233
113 237
113 249
113 253
113 259
113 281
114 127
114 128
114 147
114 148
114 150
114 153
114 156
114 158
114 159
114 161
114 219
114 233
114 237
114 249
114 253
114 259
114 281
115 127
115 128
115 147
115 148
115 150
115 153
115 156
115 158
115 159
115 161
115 219
115 233
115 237
115 249
115 253
115 259
115 281
116 128
116 147
116 148
116 150
116 153
116 156
116 158
116 161
116 219
116 233
116 237
116 249
116 253
116 259
117 128
117 147
117 148
117 150
117 153
117 156
117 158
117 161
117 219
117 233
117 237
117 249
117 253
117 259
118 128
118 147
118 148
118 150
118 153
118 156
118 158
118 161
118 219
118 233
118 237
118 249
118 253
118 259
119 128
119 147
119 150
119 153
119 156
119 158
119 161
119 164
119 219
119 233
119 237
119 238
119 247
119 249
119 253
119 259
120 128
120 147
120 150
120 153
120 158
120 161
120 164
120 219
120 233
120 237
120 238
120 247
120 249
120 253
121 128
121 150
121 153
121 158
121 161
121 164
121 219
121 233
121 237
121 247
121 249
121 253
122 128
122 150
122 153
122 158
122 161
122 164
122 219
122 233
122 237
122 247
122 249
122 253
123 128
123 150
123 153
123 158
123 161
123 164
123 219
123 233
123 237
123 247
123 249
123 253
124 128
124 153
124 158
124 161
124 164
124 192
124 219
124 233
124 237
124 247
124 249
124 253
125 128
125 137
125 153
125 161
125 164
125 192
125 219
125 233
125 237
125 247
125 248
125 249
125 253
126 128
126 137
126 153
126 161
126 164
126 192
126 219
126 233
126 237
126 247
126 248
126 249
126 253
127 137
127 153
127 161
127 164
127 192
127 233
127 237
127 247
127 248
127 249
127 253
128 137
128 153
128 161
128 164
128 192
128 233
128 237
128 247
128 248
128 249
128 253
129 137
129 153
129 161
129 164
129 192
129 233
129 237
129 247
129 248
129 249
129 253
130 137
130 153
130 161
130 164
130 192
130 233
130 237
130 247
130 248
130 249
130 253
130 263
131 137
131 153
131 161
131 164
131 233
131 237
131 247
131 248
131 249
131 253
131 263
132 137
132 143
132 153
132 161
132 164
132 233
132 237
132 247
132 248
132 249
132 253
132 263
133 137
133 143
133 153
133 161
133 164
133 233
133 235
133 237
133 248
133 249
133 253
133 263
134 137
134 153
134 161
134 172
134 233
134 235
134 237
134 248
134 253
134 263
135 137
135 153
135 161
135 172
135 233
135 235
135 248
135 253
135 263
136 137
136 153
136 161
136 165
136 169
136 172
136 186
136 188
136 216
136 248
136 253
136 263
137 137
137 153
137 161
137 165
137 172
137 181
137 186
137 188
137 211
137 216
137 221
137 248
137 253
137 263
138 137
138 153
138 165
138 172
138 181
138 186
138 188
138 201
138 211
138 216
138 221
138 239
138 248
138 253
138 263
139 137
139 153
139 165
139 172
139 181
139 188
139 201
139 211
139 216
139 221
139 239
139 248
139 253
139 263
140 137
140 153
140 165
140 172
140 181
140 188
140 201
140 211
140 216
140 221
140 239
140 248
140 253
140 263
141 137
141 165
141 172
141 181
141 188
141 201
141 211
141 221
141 239
141 248
141 251
141 253
141 263
142 137
142 165
142 172
142 181
142 188
142 201
142 211
142 221
142 239
142 248
142 251
142 253
142 263
143 137
143 165
143 172
143 181
143 188
143 201
143 211
143 221
143 239
143 248
143 251
143 263
144 137
144 165
144 172
144 181
144 201
144 211
144 221
144 239
144 248
144 251
144 263
145 137
145 165
145 172
145 181
145 201
145 211
145 221
145 239
145 248
145 251
145 263
146 137
146 165
146 172
146 181
146 201
146 211
146 221
146 239
146 248
146 251
146 263
147 137
147 172
147 181
147 201
147 211
147 239
147 248
147 251
147 263
148 137
148 172
148 181
148 201
148 211
148 239
148 248
148 251
148 263
149 137
149 181
149 199
149 201
149 211
149 232
149 239
149 248
149 251
149 263
150 137
150 181
150 199
150 201
150 211
150 239
150 248
150 251
150 263
151 137
151 181
151 199
151 201
151 211
151 239
151 248
151 251
151 263
152 181
152 201
152 211
152 239
152 248
152 251
152 263
153 181
153 201
153 211
153 239
153 248
153 251
153 263
153 283
154 181
154 201
154 211
154 239
154 248
154 251
154 263
154 283
155 181
155 201
155 211
155 239
155 248
155 251
155 263
155 283
156 181
156 201
156 211
156 239
156 248
156 251
156 263
156 283
157 181
157 200
157 201
157 211
157 215
157 239
157 251
157 263
157 283
158 181
158 200
158 201
158 211
158 215
158 251
158 263
158 283
159 181
159 200
159 201
159 211
159 214
159 215
159 251
159 263
159 283
160 181
160 200
160 201
160 211
160 214
160 215
160 251
160 263
160 283
161 181
161 200
161 201
161 203
161 211
161 214
161 215
161 228
161 251
161 263
161 283
162 181
162 200
162 201
162 203
162 211
162 214
162 215
162 228
162 251
162 263
162 283
163 181
163 200
163 201
163 203
163 211
163 214
163 215
163 228
163 251
163 263
163 269
163 283
164 181
164 200
164 201
164 203
164 211
164 214
164 215
164 228
164 251
164 263
164 269
164 283
165 181
165 201
165 203
165 205
165 215
165 228
165 246
165 251
165 263
165 269
165 283
166 181
166 201
166 205
166 215
166 228
166 246
166 251
166 263
166 269
166 283
167 181
167 201
167 205
167 215
167 228
167 246
167 251
167 263
167 269
167 283
168 181
168 201
168 205
168 215
168 228
168 246
168 251
168 263
168 269
168 283
169 181
169 194
169 205
169 215
169 228
169 246
169 251
169 263
169 269
170 181
170 194
170 205
170 215
170 228
170 246
170 251
170 263
170 269
171 181
171 194
171 205
171 215
171 228
171 246
171 251
171 263
171 269
172 181
172 194
172 205
172 215
172 228
172 246
172 251
172 263
172 269
173 181
173 194
173 205
173 215
173 228
173 246
173 251
173 263
173 269
174 181
174 194
174 205
174 228
174 246
174 251
174 263
174 269
175 181
175 194
175 205
175 228
175 246
175 251
175 263
175 269
176 181
176 194
176 205
176 228
176 246
176 263
176 269
177 181
177 194
177 205
177 228
177 246
177 263
177 269
178 181
178 194
178 205
178 228
178 246
178 263
178 269
179 181
179 194
179 205
179 228
179 246
179 260
179 263
179 269
180 181
180 194
180 205
180 228
180 241
180 260
180 263
180 269
181 181
181 194
181 205
181 228
181 241
181 260
181 263
181 269
182 181
182 205
182 228
182 241
182 260
182 263
182 269
183 181
183 205
183 228
183 241
183 260
183 263
183 269
184 181
184 205
184 228
184 241
184 260
184 263
184 269
185 181
185 205
185 228
185 241
185 260
185 263
185 269
186 181
186 205
186 228
186 241
186 260
186 263
186 269
187 181
187 205
187 228
187 241
187 260
187 263
187 269
188 181
188 205
188 228
188 241
188 260
188 263
188 269
189 181
189 205
189 228
189 241
189 260
189 263
189 269
190 205
190 228
190 241
190 260
190 263
191 205
191 228
191 241
191 260
191 263
192 205
192 228
192 241
192 260
192 263
193 205
193 210
193 228
193 241
193 260
193 263
194 205
194 210
194 228
194 241
194 260
194 263
195 205
195 210
195 228
195 241
195 260
195 263
196 205
196 210
196 228
196 241
196 260
196 263
197 205
197 210
197 228
197 240
197 241
197 260
197 263
198 205
198 210
198 228
198 240
198 241
198 260
198 263
199 205
199 210
199 228
199 240
199 241
199 260
199 263
200 205
200 210
200 228
200 240
200 241
200 260
200 263
200 275
201 205
201 210
201 228
201 240
201 241
201 260
201 263
201 275
202 205
202 210
202 228
202 240
202 241
202 260
202 263
202 275
203 205
203 210
203 228
203 240
203 241
203 260
203 263
203 267
203 275
203 278
204 205
204 210
204 228
204 240
204 241
204 260
204 263
204 267
204 275
204 278
205 205
205 210
205 225
205 240
205 241
205 260
205 263
205 267
205 271
205 275
205 278
206 210
206 225
206 240
206 260
206 263
206 267
206 271
206 275
206 278
207 210
207 225
207 240
207 260
207 263
207 267
207 271
207 275
207 278
208 210
208 225
208 240
208 260
208 263
208 267
208 275
208 278
209 210
209 225
209 230
209 240
209 260
209 263
209 267
209 275
210 210
210 225
210 230
210 240
210 260
210 267
210 275
211 210
211 225
211 230
211 240
211 260
211 267
211 275
212 210
212 225
212 230
212 240
212 260
212 267
212 275
213 210
213 225
213 230
213 240
213 260
213 267
213 275
214 210
214 225
214 230
214 240
214 260
214 267
214 275
215 210
215 225
215 230
215 240
215 260
215 267
215 275
216 210
216 225
216 230
216 267
216 275
217 210
217 225
217 230
217 267
217 275
218 210
218 225
218 230
218 245
218 267
218 275
219 210
219 225
219 230
219 245
219 267
219 275
220 210
220 225
220 230
220 245
220 267
220 275
221 210
221 225
221 230
221 245
221 267
221 275
222 210
222 225
222 230
222 245
222 267
222 275
223 230
223 245
223 267
223 274
223 275
223 276
224 230
224 245
224 267
224 274
224 275
224 276
225 230
225 245
225 267
225 274
225 275
225 276
226 230
226 245
226 267
226 274
226 275
226 276
227 230
227 245
227 267
227 274
227 275
227 276
228 230
228 245
228 267
228 274
228 275
228 276
229 230
229 245
229 267
229 274
229 275
229 276
230 261
230 276
231 261
231 276
232 261
232 276
233 261
233 276
234 261
234 276
235 261
235 276
236 261
236 276
237 261
237 276
238 261
238 276
239 261
239 276
240 261
240 276
241 261
241 276
242 261
242 276
243 261
243 276
244 261
244 276
245 261
245 276
246 254
246 261
246 276
247 254
247 261
247 276
248 254
248 261
248 276
249 254
249 261
249 276
250 254
250 261
250 276
251 254
251 261
251 276
252 254
252 261
252 276
253 254
253 261
253 276
254 254
254 261
254 276
255 261
255 262
255 276
256 261
256 262
256 273
256 276
257 261
257 262
257 273
257 276
258 261
258 262
258 273
258 276
259 262
259 273
259 276
260 262
260 273
260 276
261 262
261 273
261 276
262 273
262 276
263 273
264 273
265 273
266 273
267 273
268 273
269 273
270 273
271 273
271 284
272 273
273 273
274 273
275 273
276 273
277 273
278 273
279 273
280 273
281 273
282 273
283 273
284 273
