0 10
0 26
0 61
0 165
0 212
0 246
1 9
1 10
1 26
1 61
1 165
1 212
1 246
2 5
2 70
2 90
2 112
2 165
2 212
2 246
3 4
3 7
3 20
3 22
3 25
3 27
3 41
3 53
3 70
3 90
3 106
3 112
3 144
3 165
3 212
3 244
3 246
4 22
4 25
4 27
4 53
4 65
4 70
4 90
4 97
4 106
4 112
4 144
4 165
4 212
4 244
4 246
5 22
5 25
5 27
5 53
5 65
5 70
5 90
5 97
5 106
5 112
5 144
5 165
5 212
5 244
5 246
6 24
6 25
6 27
6 53
6 62
6 65
6 70
6 90
6 97
6 106
6 112
6 144
6 212
6 244
6 246
6 263
7 24
7 25
7 27
7 53
7 62
7 65
7 70
7 90
7 97
7 106
7 112
7 144
7 212
7 244
7 246
7 263
8 24
8 25
8 27
8 53
8 62
8 65
8 70
8 90
8 97
8 112
8 144
8 212
8 244
8 246
8 263
9 27
9 53
9 62
9 65
9 70
9 90
9 97
9 112
9 132
9 144
9 212
9 244
9 246
9 263
10 11
10 27
10 53
10 65
10 70
10 90
10 97
10 112
10 132
10 144
10 186
10 212
10 244
10 246
10 263
11 27
11 32
11 50
11 53
11 70
11 90
11 97
11 132
11 144
11 186
11 212
11 244
11 246
11 263
12 16
12 27
12 32
12 50
12 53
12 59
12 70
12 71
12 80
12 85
12 97
12 115
12 128
12 132
12 144
12 160
12 177
12 183
12 212
12 244
12 246
12 263
13 16
13 27
13 32
13 50
13 53
13 59
13 70
13 71
13 75
13 85
13 97
13 115
13 122
13 128
13 132
13 144
13 160
13 177
13 183
13 212
13 244
13 246
13 263
14 36
14 50
14 53
14 59
14 63
14 70
14 71
14 75
14 81
14 85
14 97
14 115
14 122
14 128
14 132
14 144
14 160
14 177
14 183
14 200
14 212
14 225
14 244
14 246
14 263
15 19
15 36
15 53
15 54
15 59
15 63
15 69
15 70
15 71
15 75
15 81
15 85
15 86
15 94
15 97
15 115
15 122
15 128
15 132
15 144
15 160
15 183
15 200
15 212
15 225
15 244
15 246
15 263
16 19
16 36
16 53
16 54
16 59
16 63
16 69
16 70
16 71
16 75
16 81
16 83
16 85
16 86
16 94
16 97
16 115
16 122
16 132
16 145
16 160
16 183
16 200
16 212
16 225
16 244
16 246
16 263
17 19
17 36
17 53
17 59
17 63
17 69
17 70
17 71
17 75
17 81
17 83
17 85
17 86
17 94
17 97
17 115
17 122
17 132
17 145
17 160
17 183
17 200
17 212
17 225
17 244
17 246
17 263
18 19
18 36
18 42
18 53
18 59
18 63
18 69
18 70
18 71
18 75
18 81
18 82
18 83
18 85
18 86
18 97
18 115
18 122
18 132
18 145
18 160
18 183
18 200
18 210
18 212
18 225
18 244
18 246
18 263
19 19
19 36
19 42
19 53
19 59
19 63
19 69
19 70
19 71
19 75
19 81
19 82
19 83
19 85
19 86
19 115
19 122
19 132
19 145
19 160
19 183
19 200
19 210
19 212
19 225
19 244
19 246
19 263
20 19
20 36
20 42
20 53
20 59
20 63
20 69
20 70
20 71
20 75
20 81
20 83
20 85
20 86
20 122
20 132
20 145
20 160
20 183
20 200
20 210
20 212
20 225
20 244
20 246
20 263
21 38
21 42
21 47
21 53
21 59
21 63
21 69
21 70
21 75
21 81
21 83
21 85
21 86
21 122
21 132
21 145
21 160
21 183
21 200
21 210
21 212
21 225
21 244
21 246
21 263
21 270
22 38
22 42
22 47
22 53
22 59
22 63
22 69
22 70
22 75
22 81
22 83
22 85
22 86
22 122
22 132
22 145
22 160
22 171
22 183
22 200
22 210
22 212
22 225
22 244
22 246
22 263
22 270
23 28
23 35
23 38
23 47
23 59
23 63
23 69
23 70
23 75
23 81
23 85
23 86
23 122
23 132
23 145
23 160
23 171
23 183
23 200
23 210
23 212
23 225
23 244
23 246
23 263
23 270
24 28
24 35
24 38
24 47
24 59
24 63
24 68
24 69
24 70
24 75
24 81
24 85
24 86
24 122
24 132
24 145
24 160
24 171
24 183
24 200
24 210
24 212
24 225
24 230
24 244
24 246
24 263
24 270
25 29
25 47
25 63
25 69
25 70
25 81
25 85
25 86
25 91
25 122
25 132
25 145
25 150
25 160
25 171
25 183
25 200
25 212
25 222
25 225
25 227
25 230
25 244
25 246
25 249
25 263
25 270
25 283
26 47
26 69
26 70
26 81
26 85
26 86
26 91
26 122
26 145
26 150
26 160
26 171
26 183
26 200
26 212
26 222
26 225
26 227
26 230
26 244
26 249
26 263
26 270
26 280
26 283
27 47
27 51
27 69
27 70
27 81
27 85
27 86
27 89
27 91
27 122
27 145
27 150
27 160
27 171
27 183
27 200
27 212
27 222
27 225
27 227
27 230
27 244
27 263
27 270
27 280
27 283
28 47
28 51
28 69
28 70
28 81
28 85
28 86
28 89
28 91
28 122
28 145
28 150
28 160
28 171
28 183
28 200
28 212
28 222
28 225
28 227
28 230
28 244
28 263
28 270
28 280
28 283
29 31
29 51
29 56
29 69
29 70
29 81
29 85
29 89
29 91
29 145
29 150
29 160
29 171
29 183
29 200
29 209
29 212
29 222
29 225
29 227
29 230
29 244
29 263
29 270
29 276
29 280
29 283
30 51
30 56
30 69
30 70
30 81
30 85
30 89
30 91
30 145
30 150
30 160
30 171
30 183
30 200
30 209
30 212
30 222
30 225
30 227
30 230
30 244
30 263
30 270
30 276
30 280
30 283
31 51
31 56
31 69
31 70
31 81
31 85
31 89
31 91
31 145
31 150
31 160
31 171
31 183
31 200
31 209
31 212
31 222
31 225
31 227
31 230
31 244
31 263
31 270
31 276
31 280
31 283
32 51
32 56
32 60
32 69
32 70
32 81
32 85
32 89
32 91
32 145
32 150
32 160
32 171
32 183
32 200
32 209
32 212
32 222
32 225
32 227
32 230
32 244
32 263
32 270
32 276
32 280
32 283
33 56
33 60
33 67
33 69
33 70
33 73
33 81
33 89
33 91
33 129
33 145
33 150
33 160
33 171
33 183
33 197
33 200
33 205
33 209
33 212
33 222
33 225
33 227
33 230
33 244
33 263
33 270
33 276
33 280
33 283
34 39
34 40
34 44
34 56
34 57
34 69
34 78
34 91
34 126
34 129
34 135
34 140
34 145
34 150
34 160
34 171
34 197
34 200
34 205
34 209
34 222
34 225
34 227
34 230
34 244
34 263
34 270
34 278
34 280
34 283
35 39
35 40
35 44
35 56
35 57
35 69
35 78
35 91
35 113
35 126
35 129
35 135
35 140
35 145
35 150
35 160
35 171
35 197
35 200
35 205
35 209
35 222
35 225
35 227
35 230
35 244
35 263
35 270
35 278
35 280
35 283
36 40
36 43
36 44
36 57
36 72
36 78
36 107
36 113
36 126
36 129
36 135
36 140
36 145
36 150
36 160
36 171
36 197
36 200
36 205
36 209
36 222
36 225
36 227
36 244
36 263
36 270
36 278
36 280
36 283
37 40
37 43
37 44
37 57
37 72
37 78
37 107
37 126
37 129
37 135
37 140
37 145
37 149
37 150
37 160
37 171
37 197
37 200
37 205
37 209
37 222
37 225
37 227
37 244
37 263
37 270
37 278
37 280
37 283
38 44
38 45
38 46
38 72
38 78
38 129
38 135
38 139
38 140
38 149
38 150
38 160
38 171
38 197
38 200
38 205
38 209
38 222
38 225
38 239
38 244
38 263
38 270
38 280
38 283
39 44
39 45
39 46
39 52
39 55
39 72
39 78
39 129
39 135
39 139
39 149
39 150
39 160
39 171
39 197
39 200
39 205
39 209
39 222
39 225
39 239
39 244
39 263
39 270
39 280
39 283
40 44
40 45
40 55
40 72
40 78
40 129
40 135
40 149
40 150
40 160
40 171
40 197
40 200
40 205
40 209
40 222
40 225
40 239
40 244
40 263
40 270
40 280
40 283
41 45
41 55
41 72
41 78
41 93
41 129
41 135
41 149
41 150
41 160
41 171
41 197
41 200
41 209
41 222
41 225
41 239
41 263
41 270
41 280
41 283
42 45
42 55
42 72
42 78
42 93
42 129
42 135
42 149
42 150
42 160
42 171
42 197
42 200
42 209
42 222
42 225
42 239
42 263
42 270
42 280
42 283
43 45
43 55
43 72
43 93
43 129
43 135
43 149
43 150
43 160
43 171
43 197
43 200
43 209
43 222
43 225
43 239
43 263
43 270
43 280
43 283
44 45
44 48
44 55
44 93
44 95
44 135
44 150
44 160
44 171
44 197
44 200
44 209
44 222
44 225
44 239
44 263
44 270
44 280
44 283
45 55
45 77
45 93
45 95
45 135
45 150
45 154
45 158
45 160
45 171
45 197
45 200
45 208
45 209
45 222
45 225
45 239
45 263
45 270
45 280
45 283
46 55
46 77
46 93
46 95
46 124
46 135
46 150
46 154
46 158
46 160
46 171
46 180
46 197
46 200
46 208
46 209
46 222
46 225
46 239
46 263
46 270
46 280
47 95
47 116
47 117
47 121
47 124
47 131
47 135
47 154
47 158
47 160
47 171
47 178
47 180
47 207
47 208
47 209
47 239
47 270
47 280
48 74
48 95
48 116
48 117
48 124
48 131
48 135
48 154
48 158
48 160
48 171
48 178
48 180
48 208
48 209
48 239
48 270
48 280
49 66
49 104
49 117
49 124
49 131
49 135
49 137
49 154
49 158
49 160
49 171
49 178
49 180
49 208
49 209
49 239
49 250
49 270
49 280
50 66
50 104
50 117
50 124
50 131
50 135
50 137
50 154
50 158
50 160
50 171
50 178
50 180
50 208
50 209
50 239
50 250
50 270
50 280
51 66
51 104
51 117
51 124
51 131
51 135
51 137
51 154
51 158
51 160
51 171
51 178
51 180
51 208
51 209
51 239
51 250
51 270
51 280
52 66
52 102
52 104
52 117
52 131
52 135
52 137
52 154
52 158
52 160
52 171
52 178
52 180
52 208
52 209
52 231
52 239
52 250
52 270
52 280
53 64
53 66
53 79
53 102
53 104
53 131
53 135
53 137
53 154
53 158
53 160
53 171
53 178
53 180
53 208
53 209
53 231
53 239
53 247
53 250
53 270
53 280
54 64
54 66
54 79
54 102
54 104
54 110
54 131
54 135
54 137
54 154
54 158
54 160
54 171
54 178
54 180
54 208
54 209
54 231
54 239
54 247
54 250
54 270
54 280
55 64
55 66
55 79
55 102
55 110
55 131
55 135
55 137
55 154
55 158
55 160
55 171
55 178
55 180
55 208
55 209
55 231
55 239
55 247
55 250
55 270
55 280
56 64
56 66
56 79
56 84
56 102
56 110
56 131
56 133
56 135
56 137
56 154
56 158
56 160
56 178
56 180
56 208
56 209
56 231
56 239
56 247
56 250
56 270
57 66
57 84
57 102
57 110
57 131
57 133
57 135
57 137
57 154
57 158
57 160
57 178
57 180
57 198
57 208
57 209
57 231
57 239
57 247
57 250
57 255
58 66
58 84
58 102
58 110
58 131
58 133
58 135
58 137
58 154
58 158
58 160
58 178
58 180
58 184
58 198
58 208
58 209
58 231
58 239
58 247
58 250
58 255
59 66
59 84
59 102
59 110
59 131
59 133
59 135
59 137
59 154
59 158
59 178
59 180
59 184
59 198
59 208
59 209
59 231
59 239
59 247
59 250
59 255
60 84
60 99
60 101
60 102
60 110
60 131
60 133
60 135
60 137
60 154
60 158
60 178
60 180
60 198
60 208
60 209
60 219
60 231
60 247
60 250
60 255
61 99
61 101
61 102
61 110
61 133
61 137
61 154
61 158
61 178
61 180
61 198
61 208
61 209
61 219
61 231
61 247
61 250
61 255
62 99
62 101
62 102
62 110
62 133
62 137
62 154
62 158
62 178
62 180
62 198
62 208
62 209
62 219
62 231
62 247
62 250
62 255
63 99
63 101
63 102
63 110
63 120
63 133
63 154
63 158
63 178
63 180
63 198
63 208
63 209
63 219
63 231
63 247
63 250
63 255
64 99
64 101
64 102
64 110
64 120
64 133
64 154
64 158
64 178
64 180
64 198
64 208
64 209
64 219
64 231
64 247
64 250
64 255
65 99
65 102
65 105
65 110
65 120
65 154
65 158
65 180
65 198
65 204
65 208
65 209
65 231
65 247
65 250
65 255
66 99
66 102
66 105
66 110
66 120
66 154
66 158
66 180
66 198
66 204
66 208
66 209
66 231
66 247
66 250
66 255
67 99
67 102
67 105
67 110
67 111
67 120
67 146
67 157
67 162
67 180
67 204
67 208
67 209
67 231
67 247
67 250
67 255
68 99
68 102
68 105
68 110
68 111
68 120
68 146
68 157
68 162
68 180
68 204
68 208
68 209
68 231
68 247
68 250
68 255
69 99
69 102
69 105
69 110
69 111
69 120
69 146
69 157
69 162
69 180
69 204
69 208
69 209
69 231
69 247
69 250
69 255
70 87
70 99
70 102
70 105
70 110
70 111
70 120
70 146
70 157
70 162
70 166
70 180
70 204
70 208
70 209
70 231
70 247
70 250
70 255
71 87
71 99
71 102
71 105
71 110
71 111
71 120
71 146
71 157
71 162
71 166
71 180
71 204
71 209
71 231
71 247
71 250
71 255
72 87
72 99
72 102
72 105
72 110
72 111
72 120
72 146
72 162
72 166
72 180
72 188
72 204
72 209
72 231
72 247
72 250
72 255
73 87
73 99
73 102
73 105
73 110
73 111
73 120
73 146
73 162
73 166
73 180
73 188
73 204
73 209
73 231
73 247
73 250
73 255
74 87
74 99
74 102
74 110
74 111
74 120
74 146
74 166
74 180
74 188
74 204
74 209
74 231
74 237
74 245
74 250
74 255
75 87
75 102
75 110
75 111
75 120
75 146
75 166
75 180
75 188
75 194
75 204
75 209
75 231
75 237
75 245
75 250
75 255
76 87
76 92
76 110
76 120
76 146
76 180
76 188
76 199
76 201
76 202
76 204
76 209
76 231
76 237
76 250
76 255
77 87
77 92
77 110
77 120
77 146
77 180
77 188
77 199
77 201
77 202
77 204
77 209
77 231
77 237
77 250
77 255
78 87
78 92
78 110
78 119
78 120
78 146
78 180
78 188
78 199
78 201
78 202
78 204
78 209
78 231
78 237
78 255
79 87
79 92
79 96
79 100
79 119
79 123
79 134
79 138
79 163
79 169
79 180
79 188
79 201
79 204
79 209
79 226
79 228
79 231
79 232
79 237
79 255
80 87
80 92
80 96
80 100
80 123
80 134
80 138
80 163
80 169
80 180
80 188
80 204
80 209
80 215
80 226
80 228
80 231
80 232
80 237
80 255
80 273
81 87
81 92
81 96
81 100
81 123
81 134
81 138
81 163
81 169
81 180
81 188
81 204
81 209
81 211
81 215
81 226
81 228
81 231
81 232
81 237
81 273
82 87
82 92
82 96
82 100
82 123
82 134
82 138
82 163
82 169
82 180
82 188
82 204
82 209
82 211
82 215
82 226
82 228
82 231
82 232
82 237
82 273
83 87
83 92
83 96
83 100
83 123
83 127
83 134
83 138
83 163
83 169
83 180
83 188
83 204
83 209
83 211
83 215
83 226
83 228
83 231
83 232
83 237
83 273
84 87
84 92
84 96
84 100
84 123
84 127
84 134
84 138
84 163
84 169
84 180
84 188
84 204
84 209
84 211
84 215
84 226
84 228
84 231
84 232
84 237
84 266
84 273
85 87
85 92
85 96
85 100
85 123
85 127
85 134
85 138
85 163
85 169
85 180
85 188
85 204
85 209
85 211
85 215
85 226
85 228
85 231
85 232
85 237
85 266
85 273
86 87
86 92
86 96
86 100
86 123
86 127
86 134
86 163
86 169
86 180
86 188
86 204
86 209
86 211
86 215
86 226
86 228
86 231
86 232
86 237
86 266
86 273
87 87
87 92
87 96
87 123
87 127
87 134
87 136
87 156
87 163
87 169
87 180
87 188
87 204
87 209
87 211
87 215
87 226
87 228
87 231
87 237
87 266
87 273
88 87
88 92
88 96
88 127
88 134
88 136
88 156
88 169
88 174
88 180
88 188
88 204
88 209
88 211
88 215
88 226
88 228
88 231
88 237
88 266
88 273
89 87
89 92
89 96
89 127
89 134
89 136
89 156
89 169
89 174
89 180
89 188
89 204
89 209
89 211
89 215
89 226
89 228
89 231
89 237
89 266
89 273
90 87
90 92
90 96
90 134
90 136
90 156
90 169
90 174
90 180
90 188
90 193
90 204
90 209
90 211
90 215
90 226
90 228
90 231
90 237
90 266
90 268
90 273
91 92
91 96
91 134
91 156
91 169
91 174
91 180
91 188
91 193
91 204
91 209
91 211
91 215
91 217
91 228
91 231
91 237
91 266
91 268
91 273
92 92
92 96
92 98
92 156
92 169
92 174
92 180
92 188
92 189
92 193
92 204
92 209
92 217
92 228
92 231
92 237
92 266
92 268
92 273
92 279
93 92
93 96
93 98
93 156
93 169
93 174
93 180
93 188
93 189
93 193
93 204
93 209
93 217
93 228
93 231
93 237
93 266
93 268
93 273
93 279
94 92
94 96
94 98
94 156
94 169
94 174
94 180
94 188
94 191
94 193
94 204
94 206
94 209
94 217
94 228
94 231
94 237
94 266
94 268
94 273
94 279
95 92
95 96
95 98
95 103
95 156
95 169
95 174
95 188
95 191
95 193
95 204
95 206
95 209
95 217
95 228
95 231
95 237
95 266
95 268
95 273
95 279
96 92
96 96
96 98
96 103
96 156
96 169
96 174
96 188
96 191
96 193
96 204
96 206
96 209
96 217
96 228
96 231
96 237
96 256
96 266
96 268
96 273
96 279
97 92
97 96
97 98
97 103
97 156
97 169
97 174
97 188
97 191
97 193
97 206
97 209
97 217
97 228
97 231
97 237
97 256
97 266
97 268
97 273
97 279
98 92
98 96
98 98
98 103
98 174
98 188
98 191
98 193
98 206
98 209
98 217
98 228
98 231
98 237
98 256
98 266
98 268
98 279
99 92
99 96
99 98
99 103
99 188
99 191
99 193
99 206
99 209
99 217
99 228
99 231
99 237
99 256
99 266
99 268
99 279
100 92
100 96
100 98
100 103
100 188
100 191
100 193
100 206
100 209
100 217
100 228
100 231
100 237
100 256
100 268
100 279
101 92
101 96
101 98
101 103
101 188
101 191
101 193
101 206
101 209
101 217
101 228
101 231
101 237
101 256
101 268
101 279
102 92
102 96
102 98
102 103
102 109
102 152
102 188
102 191
102 193
102 206
102 209
102 217
102 228
102 231
102 256
102 268
102 279
103 92
103 96
103 98
103 109
103 152
103 188
103 191
103 193
103 206
103 209
103 217
103 228
103 231
103 256
103 268
103 279
104 92
104 96
104 98
104 109
104 188
104 191
104 193
104 206
104 209
104 217
104 228
104 231
104 256
104 268
104 279
105 96
105 109
105 114
105 188
105 191
105 192
105 193
105 206
105 209
105 217
105 228
105 231
105 256
105 268
105 279
106 96
106 109
106 114
106 188
106 192
106 193
106 206
106 209
106 217
106 231
106 256
106 268
106 279
107 96
107 109
107 114
107 188
107 192
107 193
107 206
107 209
107 217
107 231
107 256
107 268
107 279
108 96
108 188
108 192
108 193
108 206
108 209
108 217
108 231
108 256
108 268
108 279
109 96
109 188
109 192
109 193
109 206
109 209
109 217
109 231
109 256
109 268
109 279
110 96
110 188
110 192
110 193
110 206
110 209
110 217
110 231
110 256
110 268
110 279
111 96
111 147
111 155
111 185
111 192
111 193
111 206
111 209
111 231
111 251
111 256
111 268
111 279
112 96
112 143
112 147
112 155
112 185
112 192
112 193
112 206
112 209
112 231
112 251
112 256
112 268
112 279
113 96
113 147
113 155
113 185
113 192
113 193
113 206
113 209
113 231
113 251
113 256
113 268
113 279
114 96
114 147
114 155
114 185
114 192
114 193
114 206
114 209
114 231
114 251
114 256
114 268
114 279
115 96
115 147
115 155
115 185
115 192
115 193
115 206
115 209
115 231
115 251
115 256
115 268
115 279
116 96
116 147
116 155
116 185
116 192
116 193
116 206
116 209
116 231
116 251
116 256
116 268
116 279
117 147
117 155
117 185
117 192
117 193
117 209
117 231
117 251
117 256
117 268
117 279
118 147
118 155
118 185
118 192
118 193
118 209
118 231
118 251
118 256
118 277
118 279
119 147
119 155
119 161
119 185
119 192
119 193
119 209
119 231
119 251
119 256
119 277
119 279
120 147
120 155
120 161
120 185
120 192
120 193
120 209
120 231
120 251
120 256
120 277
120 279
121 147
121 155
121 185
121 192
121 193
121 209
121 231
121 251
121 256
121 277
121 279
122 147
122 155
122 159
122 192
122 193
122 209
122 231
122 251
122 256
122 277
122 279
123 147
123 155
123 159
123 192
123 193
123 231
123 251
123 256
123 277
123 279
124 147
124 155
124 159
124 192
124 193
124 231
124 256
124 277
124 279
125 147
125 155
125 159
125 192
125 193
125 231
125 256
125 277
125 279
126 147
126 159
126 179
126 192
126 193
126 218
126 231
126 256
126 277
126 279
127 147
127 159
127 179
127 192
127 193
127 218
127 231
127 256
127 277
127 279
128 142
128 147
128 159
128 179
128 192
128 193
128 218
128 231
128 256
128 277
128 279
129 142
129 147
129 159
129 179
129 192
129 193
129 218
129 231
129 256
129 277
129 279
130 142
130 147
130 148
130 159
130 179
130 193
130 231
130 256
130 279
131 142
131 147
131 148
131 159
131 179
131 193
131 213
131 231
131 256
131 259
131 279
132 142
132 147
132 148
132 159
132 179
132 193
132 213
132 231
132 256
132 259
132 279
133 142
133 147
133 179
133 193
133 213
133 231
133 256
133 259
133 279
134 141
134 142
134 147
134 179
134 193
134 213
134 231
134 235
134 238
134 256
134 259
134 279
135 141
135 142
135 147
135 179
135 193
135 213
135 231
135 235
135 238
135 256
135 259
135 279
136 141
136 142
136 147
136 179
136 193
136 213
136 231
136 235
136 238
136 256
136 259
136 279
137 141
137 147
137 164
137 179
137 193
137 213
137 231
137 235
137 238
137 256
137 259
137 279
138 141
138 147
138 164
138 167
138 179
138 193
138 213
138 231
138 235
138 259
138 279
139 141
139 147
139 164
139 167
139 176
139 179
139 193
139 235
139 259
139 279
139 281
140 141
140 147
140 164
140 167
140 179
140 193
140 235
140 259
140 279
140 281
141 141
141 147
141 164
141 179
141 193
141 235
141 236
141 279
141 281
142 141
142 147
142 164
142 173
142 193
142 235
142 236
142 281
143 141
143 147
143 164
143 173
143 193
143 236
143 281
144 141
144 147
144 151
144 164
144 173
144 193
144 236
144 281
145 151
145 164
145 173
145 193
145 236
145 281
146 164
146 173
146 193
146 236
146 281
147 164
147 173
147 193
147 236
147 281
148 173
148 236
148 253
148 281
149 173
149 236
149 253
149 281
150 173
150 236
150 253
150 281
151 172
151 175
151 221
151 236
151 253
152 170
152 172
152 175
152 181
152 196
152 221
152 236
152 253
152 267
153 170
153 172
153 175
153 181
153 196
153 221
153 236
153 253
153 267
154 170
154 172
154 181
154 182
154 196
154 221
154 236
154 253
154 267
155 170
155 172
155 181
155 182
155 196
155 221
155 236
155 253
155 267
156 172
156 181
156 182
156 196
156 221
156 236
156 253
156 267
157 172
157 181
157 182
157 196
157 221
157 236
157 253
157 267
158 168
158 181
158 196
158 216
158 221
158 236
158 253
158 260
158 267
159 168
159 181
159 196
159 216
159 221
159 236
159 253
159 260
159 267
160 168
160 181
160 196
160 216
160 236
160 243
160 253
160 260
160 267
161 168
161 181
161 196
161 216
161 236
161 243
161 253
161 260
161 267
162 168
162 181
162 190
162 196
162 216
162 236
162 243
162 248
162 253
162 260
162 267
163 168
163 181
163 190
163 196
163 216
163 236
163 243
163 248
163 253
163 257
163 260
163 267
164 168
164 181
164 190
164 196
164 216
164 233
164 236
164 248
164 253
164 257
164 260
164 267
165 168
165 181
165 190
165 216
165 233
165 236
165 248
165 253
165 260
165 267
166 168
166 181
166 190
166 216
166 233
166 236
166 248
166 253
166 260
166 267
167 168
167 181
167 190
167 216
167 233
167 236
167 248
167 253
167 260
167 267
168 168
168 190
168 216
168 233
168 236
168 248
168 253
168 260
168 267
169 168
169 190
169 216
169 233
169 236
169 248
169 253
169 260
169 267
170 168
170 190
170 216
170 233
170 236
170 248
170 253
170 260
170 267
170 284
171 190
171 216
171 236
171 248
171 253
171 260
171 267
172 190
172 236
172 248
172 253
172 267
173 190
173 236
173 248
173 253
173 267
174 190
174 236
174 248
174 253
175 190
175 236
175 248
175 253
176 236
176 248
176 253
176 272
177 236
177 248
177 253
177 272
178 214
178 220
178 236
178 248
178 253
178 272
179 220
179 234
179 236
179 248
179 253
179 272
180 220
180 234
180 236
180 248
180 253
180 272
181 220
181 234
181 236
181 248
181 253
181 269
181 272
182 220
182 234
182 236
182 248
182 253
182 269
182 272
183 187
183 220
183 234
183 236
183 248
183 253
183 269
183 272
184 187
184 220
184 234
184 236
184 248
184 253
184 269
184 272
185 220
185 234
185 236
185 242
185 248
185 253
185 269
185 272
186 220
186 234
186 236
186 242
186 248
186 253
186 269
186 272
187 220
187 234
187 236
187 242
187 248
187 253
187 269
187 272
188 220
188 234
188 236
188 242
188 248
188 253
188 269
188 272
189 234
189 236
189 242
189 248
189 253
189 275
190 234
190 236
190 242
190 248
190 253
190 275
191 195
191 234
191 236
191 242
191 248
191 253
191 275
192 195
192 224
192 234
192 242
192 254
192 258
192 265
193 195
193 224
193 234
193 242
193 254
193 258
193 265
194 195
194 224
194 234
194 242
194 254
194 258
194 265
195 195
195 224
195 234
195 242
195 254
195 258
196 195
196 224
196 234
196 242
196 254
196 258
197 195
197 224
197 242
197 254
197 258
198 195
198 224
198 242
198 254
198 258
199 242
199 254
199 258
200 242
200 254
200 258
201 242
201 254
201 258
202 242
202 254
202 258
203 242
203 254
203 258
204 242
204 254
204 258
205 242
205 254
205 258
206 223
206 242
206 254
206 258
206 262
207 223
207 242
207 254
207 258
207 262
208 223
208 242
208 254
208 258
208 262
209 223
209 242
209 254
209 258
209 262
210 223
210 242
210 254
210 258
210 262
210 264
211 223
211 242
211 254
211 258
211 262
211 264
212 223
212 242
212 254
212 258
212 262
212 264
213 223
213 242
213 254
213 258
213 262
213 264
214 223
214 242
214 254
214 258
214 262
214 264
215 223
215 242
215 254
215 258
215 262
215 264
216 242
216 254
216 262
216 264
217 242
217 254
217 262
217 264
218 242
218 254
218 262
218 264
219 242
219 254
219 262
219 264
220 242
220 254
220 262
220 264
221 240
221 242
221 252
221 254
221 262
221 264
222 240
222 242
222 252
222 254
222 262
222 264
223 240
223 242
223 252
223 254
223 262
223 264
224 240
224 242
224 252
224 254
224 262
224 264
225 240
225 242
225 252
225 254
225 262
225 264
226 240
226 242
226 254
226 262
226 264
227 240
227 242
227 254
227 262
227 264
228 240
228 242
228 254
228 262
228 264
229 240
229 242
229 254
229 262
229 264
230 240
230 242
230 254
230 262
230 264
231 240
231 242
231 254
231 262
231 264
232 240
232 242
232 254
232 262
232 264
232 282
233 240
233 242
233 254
233 262
233 264
233 282
234 240
234 242
234 254
234 262
234 264
234 282
235 242
235 254
235 262
235 264
235 282
236 254
236 262
236 264
236 282
237 254
237 262
237 264
237 271
237 282
238 254
238 262
238 264
238 271
238 282
239 254
239 262
239 264
239 271
239 282
240 241
240 254
240 262
240 264
240 271
240 282
241 241
241 254
241 262
241 264
241 271
241 282
242 262
242 264
242 271
242 282
243 262
243 264
243 271
243 282
244 262
244 264
244 271
244 282
245 262
245 264
245 271
245 282
246 262
246 264
246 271
246 282
247 262
247 264
247 271
247 282
248 262
248 264
248 271
248 282
249 261
249 262
249 264
249 271
249 282
250 261
250 262
250 264
250 271
250 282
251 261
251 262
251 264
251 271
251 282
252 261
252 262
252 264
252 271
252 282
253 261
253 262
253 264
253 271
253 282
254 261
254 262
254 264
254 271
254 282
255 261
255 262
255 264
255 271
255 282
256 261
256 264
256 271
256 282
257 261
257 264
257 271
257 282
258 261
258 264
258 271
258 282
259 261
259 264
259 271
259 282
260 261
260 264
260 271
260 282
261 261
261 264
261 271
261 282
262 261
262 264
262 271
262 282
263 261
263 264
263 271
263 282
264 261
264 264
264 271
264 282
265 261
265 264
265 271
265 282
266 261
266 264
266 271
266 282
267 261
267 264
267 271
267 282
268 261
268 264
268 271
268 282
269 261
269 264
269 271
269 282
270 261
270 271
271 261
271 271
272 261
272 271
273 261
273 271
274 261
274 271
275 261
275 271
276 261
276 271
277 261
277 271
278 261
278 271
279 261
279 271
280 261
280 271
281 261
281 271
282 261
282 271
283 261
283 271
284 261
284 271
