1 6
1 16
1 27
1 33
1 37
1 59
1 60
1 64
1 72
1 73
1 81
1 129
1 201
2 3
2 16
2 27
2 33
2 37
2 59
2 60
2 64
2 72
2 73
2 81
2 97
2 129
2 201
3 3
3 16
3 27
3 33
3 37
3 59
3 60
3 64
3 72
3 73
3 97
3 129
3 201
4 8
4 16
4 33
4 37
4 59
4 60
4 64
4 72
4 73
4 97
4 129
4 201
5 14
5 16
5 20
5 33
5 37
5 38
5 59
5 60
5 72
5 73
5 97
5 128
5 129
5 201
6 20
6 33
6 37
6 38
6 59
6 60
6 62
6 72
6 73
6 95
6 97
6 125
6 128
6 129
6 176
6 201
7 20
7 37
7 38
7 59
7 60
7 62
7 72
7 73
7 95
7 97
7 125
7 128
7 129
7 176
7 201
8 20
8 28
8 37
8 38
8 51
8 60
8 62
8 95
8 97
8 105
8 116
8 125
8 128
8 129
8 176
9 15
9 37
9 38
9 51
9 60
9 62
9 95
9 97
9 105
9 116
9 125
9 128
9 129
9 158
9 176
10 15
10 18
10 37
10 38
10 51
10 62
10 95
10 97
10 116
10 125
10 128
10 129
10 158
10 176
10 206
11 15
11 37
11 38
11 51
11 62
11 95
11 97
11 116
11 125
11 128
11 129
11 158
11 176
11 206
12 26
12 37
12 46
12 51
12 74
12 97
12 98
12 116
12 125
12 128
12 129
12 131
12 158
12 176
12 197
12 206
13 24
13 31
13 37
13 40
13 51
13 61
13 74
13 97
13 98
13 116
13 125
13 128
13 131
13 155
13 158
13 197
13 206
14 24
14 35
14 37
14 40
14 43
14 51
14 61
14 74
14 97
14 98
14 116
14 125
14 128
14 131
14 155
14 158
14 197
14 206
15 24
15 35
15 37
15 40
15 43
15 51
15 61
15 74
15 97
15 98
15 116
15 125
15 128
15 131
15 155
15 158
15 197
15 206
16 23
16 24
16 35
16 37
16 40
16 43
16 51
16 61
16 74
16 97
16 98
16 116
16 125
16 128
16 131
16 155
16 158
16 197
16 206
17 23
17 24
17 35
17 37
17 40
17 43
17 51
17 56
17 61
17 74
17 97
17 98
17 116
17 125
17 128
17 131
17 155
17 158
17 197
17 206
18 21
18 23
18 24
18 35
18 37
18 40
18 43
18 51
18 56
18 57
18 61
18 97
18 98
18 116
18 125
18 128
18 131
18 155
18 158
18 166
18 197
18 206
19 22
19 23
19 29
19 37
19 40
19 43
19 48
19 51
19 56
19 61
19 98
19 109
19 116
19 125
19 128
19 131
19 133
19 159
19 164
19 166
19 206
19 280
20 22
20 29
20 40
20 43
20 48
20 51
20 61
20 89
20 98
20 107
20 109
20 116
20 125
20 128
20 131
20 133
20 159
20 164
20 166
20 206
20 280
21 22
21 29
21 40
21 43
21 48
21 51
21 61
21 65
21 89
21 98
21 107
21 109
21 116
21 125
21 128
21 131
21 133
21 159
21 164
21 166
21 206
21 237
21 280
22 22
22 29
22 40
22 43
22 48
22 51
22 61
22 65
22 78
22 89
22 98
22 107
22 109
22 116
22 125
22 128
22 131
22 133
22 159
22 164
22 166
22 237
22 280
23 40
23 43
23 48
23 61
23 69
23 79
23 87
23 89
23 98
23 107
23 116
23 128
23 159
23 164
23 166
23 188
23 227
23 237
23 259
23 272
23 280
24 40
24 41
24 49
24 61
24 69
24 79
24 87
24 89
24 96
24 98
24 107
24 116
24 128
24 159
24 166
24 188
24 227
24 237
24 259
24 272
24 280
25 40
25 41
25 49
25 61
25 69
25 79
25 87
25 89
25 96
25 98
25 116
25 128
25 159
25 188
25 227
25 237
25 259
25 271
25 272
25 280
26 41
26 49
26 61
26 69
26 79
26 87
26 89
26 96
26 98
26 116
26 128
26 159
26 188
26 227
26 237
26 259
26 271
26 272
26 280
27 41
27 44
27 49
27 69
27 75
27 79
27 89
27 96
27 98
27 116
27 128
27 132
27 159
27 182
27 188
27 227
27 237
27 238
27 259
27 271
27 272
27 280
28 41
28 44
28 49
28 69
28 75
28 79
28 89
28 96
28 98
28 101
28 116
28 128
28 132
28 159
28 182
28 188
28 227
28 237
28 238
28 259
28 271
28 272
28 280
29 44
29 55
29 70
29 75
29 79
29 80
29 89
29 96
29 101
29 128
29 132
29 159
29 182
29 188
29 227
29 237
29 238
29 258
29 259
29 271
29 272
29 280
30 39
30 52
30 55
30 75
30 77
30 79
30 85
30 89
30 92
30 106
30 128
30 132
30 159
30 188
30 191
30 227
30 228
30 237
30 238
30 258
30 259
30 271
31 39
31 52
31 54
31 55
31 75
31 77
31 85
31 89
31 92
31 106
31 128
31 132
31 159
31 188
31 191
31 212
31 227
31 228
31 237
31 238
31 258
31 259
31 271
32 39
32 52
32 54
32 75
32 77
32 85
32 89
32 92
32 106
32 128
32 132
32 159
32 191
32 212
32 227
32 228
32 231
32 237
32 238
32 258
32 259
32 271
33 52
33 54
33 82
33 85
33 89
33 92
33 106
33 128
33 132
33 159
33 191
33 212
33 227
33 228
33 231
33 237
33 238
33 258
33 259
33 271
34 52
34 54
34 82
34 85
34 92
34 106
34 128
34 132
34 159
34 191
34 212
34 227
34 228
34 231
34 237
34 238
34 258
34 259
34 271
35 50
35 82
35 85
35 92
35 106
35 117
35 128
35 132
35 159
35 162
35 191
35 212
35 228
35 231
35 238
35 258
35 259
35 271
36 50
36 82
36 85
36 92
36 106
36 117
36 128
36 132
36 159
36 162
36 191
36 212
36 228
36 231
36 238
36 258
36 259
36 271
37 50
37 82
37 85
37 92
37 117
37 128
37 132
37 159
37 162
37 191
37 212
37 228
37 231
37 238
37 258
37 259
37 271
38 50
38 82
38 85
38 92
38 117
38 128
38 132
38 159
38 162
38 191
38 212
38 228
38 231
38 238
38 258
38 259
38 271
39 50
39 82
39 85
39 92
39 117
39 128
39 132
39 145
39 159
39 162
39 191
39 212
39 228
39 231
39 238
39 258
39 259
39 271
40 63
40 82
40 85
40 92
40 117
40 118
40 128
40 132
40 145
40 162
40 191
40 228
40 231
40 238
40 258
40 259
40 271
41 66
41 117
41 118
41 119
41 128
41 132
41 145
41 162
41 191
41 228
41 231
41 238
41 258
41 271
42 67
42 83
42 128
42 132
42 145
42 162
42 190
42 191
42 228
42 231
42 238
42 258
42 271
43 67
43 83
43 128
43 132
43 145
43 162
43 190
43 191
43 228
43 231
43 238
43 258
43 271
44 45
44 53
44 58
44 67
44 83
44 99
44 132
44 141
44 162
44 185
44 190
44 191
44 196
44 228
44 231
44 238
44 258
44 271
44 278
45 53
45 67
45 76
45 83
45 99
45 108
45 123
45 132
45 141
45 162
45 190
45 191
45 196
45 200
45 228
45 231
45 238
45 258
45 271
45 278
46 67
46 76
46 99
46 104
46 108
46 123
46 132
46 141
46 150
46 162
46 190
46 196
46 200
46 231
46 238
46 258
46 271
46 278
47 67
47 76
47 99
47 104
47 108
47 123
47 132
47 141
47 150
47 162
47 190
47 196
47 200
47 231
47 238
47 258
47 271
47 278
48 67
48 76
48 99
48 104
48 108
48 123
48 132
48 141
48 150
48 162
48 190
48 196
48 200
48 231
48 238
48 258
48 271
48 278
49 67
49 76
49 99
49 104
49 108
49 123
49 132
49 141
49 150
49 162
49 190
49 196
49 200
49 231
49 238
49 258
49 271
49 278
50 67
50 76
50 99
50 104
50 108
50 123
50 132
50 141
50 150
50 162
50 190
50 196
50 200
50 231
50 238
50 258
50 271
50 278
51 67
51 76
51 99
51 104
51 108
51 123
51 141
51 150
51 162
51 190
51 196
51 200
51 231
51 238
51 253
51 258
51 271
51 278
52 71
52 76
52 99
52 104
52 108
52 123
52 138
52 141
52 150
52 162
52 180
52 190
52 196
52 217
52 238
52 253
52 258
52 271
52 278
53 71
53 76
53 99
53 104
53 108
53 123
53 138
53 141
53 150
53 162
53 180
53 190
53 196
53 217
53 238
53 253
53 258
53 271
53 278
54 71
54 76
54 99
54 104
54 108
54 123
54 138
54 141
54 150
54 162
54 186
54 196
54 217
54 238
54 253
54 258
54 271
54 276
54 278
55 71
55 76
55 99
55 104
55 108
55 123
55 127
55 138
55 141
55 150
55 162
55 186
55 196
55 205
55 217
55 238
55 253
55 258
55 271
55 276
55 278
56 71
56 76
56 99
56 104
56 108
56 123
56 127
56 138
56 141
56 150
56 162
56 186
56 205
56 217
56 238
56 253
56 258
56 271
56 278
57 71
57 76
57 99
57 104
57 108
57 123
57 127
57 138
57 141
57 150
57 162
57 186
57 205
57 217
57 238
57 253
57 258
57 271
57 278
58 76
58 88
58 99
58 104
58 108
58 115
58 123
58 138
58 141
58 150
58 186
58 205
58 217
58 238
58 244
58 253
58 258
58 271
58 278
59 76
59 88
59 99
59 104
59 108
59 115
59 123
59 138
59 141
59 150
59 186
59 205
59 217
59 238
59 244
59 253
59 258
59 271
59 278
60 76
60 88
60 99
60 104
60 108
60 115
60 123
60 138
60 139
60 141
60 150
60 175
60 186
60 205
60 217
60 238
60 244
60 253
60 256
60 258
60 271
61 76
61 88
61 99
61 108
61 115
61 123
61 138
61 139
61 141
61 150
61 175
61 186
61 205
61 217
61 238
61 244
61 253
61 256
61 258
61 271
62 76
62 88
62 99
62 108
62 115
62 123
62 138
62 139
62 141
62 150
62 175
62 186
62 205
62 217
62 238
62 244
62 253
62 256
62 258
62 271
63 76
63 88
63 108
63 115
63 123
63 138
63 139
63 141
63 150
63 169
63 175
63 186
63 217
63 223
63 238
63 244
63 253
63 256
63 258
63 271
64 88
64 108
64 115
64 123
64 138
64 139
64 141
64 150
64 169
64 175
64 186
64 223
64 238
64 244
64 253
64 256
64 258
64 271
65 88
65 91
65 93
65 108
65 115
65 123
65 139
65 141
65 150
65 169
65 175
65 186
65 223
65 238
65 244
65 253
65 256
65 271
66 88
66 91
66 93
66 115
66 139
66 141
66 150
66 169
66 175
66 186
66 223
66 238
66 244
66 253
66 256
66 271
67 88
67 91
67 93
67 114
67 115
67 139
67 150
67 169
67 175
67 186
67 223
67 226
67 238
67 244
67 253
67 256
67 271
68 88
68 91
68 93
68 114
68 115
68 139
68 150
68 169
68 175
68 186
68 223
68 226
68 238
68 244
68 253
68 256
68 271
69 88
69 93
69 114
69 115
69 139
69 150
69 169
69 175
69 186
69 222
69 223
69 226
69 238
69 241
69 244
69 253
69 256
69 271
70 88
70 93
70 114
70 115
70 139
70 150
70 169
70 175
70 186
70 222
70 223
70 226
70 238
70 241
70 244
70 253
70 256
70 271
71 86
71 126
71 139
71 150
71 169
71 175
71 183
71 186
71 222
71 223
71 226
71 238
71 241
71 244
71 253
71 256
71 271
72 86
72 126
72 136
72 139
72 150
72 156
72 175
72 186
72 208
72 222
72 223
72 226
72 238
72 240
72 241
72 244
72 253
72 256
72 257
72 271
73 86
73 126
73 136
73 139
73 150
73 156
73 175
73 186
73 208
73 222
73 223
73 226
73 238
73 240
73 241
73 244
73 253
73 256
73 257
73 271
74 86
74 126
74 136
74 139
74 150
74 156
74 175
74 186
74 208
74 222
74 223
74 226
74 238
74 241
74 244
74 253
74 256
74 257
74 271
75 86
75 126
75 136
75 139
75 142
75 150
75 156
75 175
75 186
75 208
75 222
75 223
75 226
75 238
75 241
75 244
75 253
75 256
75 257
75 271
75 277
76 86
76 126
76 136
76 139
76 142
76 150
76 156
76 175
76 186
76 208
76 222
76 223
76 226
76 238
76 241
76 244
76 253
76 256
76 257
76 271
76 277
77 86
77 134
77 136
77 139
77 150
77 152
77 156
77 175
77 186
77 208
77 222
77 223
77 226
77 238
77 241
77 244
77 253
77 256
77 257
77 271
77 277
78 86
78 136
78 139
78 152
78 156
78 175
78 186
78 204
78 208
78 222
78 223
78 226
78 238
78 244
78 253
78 256
78 257
78 271
78 277
79 84
79 86
79 90
79 100
79 136
79 175
79 186
79 204
79 208
79 223
79 226
79 238
79 244
79 250
79 253
79 257
79 271
79 277
80 84
80 100
80 110
80 113
80 130
80 135
80 136
80 143
80 161
80 163
80 175
80 181
80 186
80 193
80 204
80 208
80 211
80 218
80 223
80 226
80 238
80 250
80 253
80 257
80 267
80 271
80 277
80 283
81 84
81 94
81 103
81 110
81 113
81 135
81 136
81 149
81 153
81 161
81 163
81 181
81 186
81 192
81 193
81 204
81 208
81 211
81 216
81 218
81 223
81 226
81 238
81 250
81 253
81 257
81 267
81 271
81 277
81 283
82 84
82 94
82 103
82 110
82 135
82 136
82 149
82 161
82 163
82 181
82 186
82 192
82 193
82 194
82 204
82 208
82 211
82 216
82 218
82 223
82 226
82 238
82 250
82 253
82 257
82 267
82 271
82 277
82 283
83 84
83 103
83 110
83 135
83 136
83 149
83 161
83 163
83 181
83 186
83 192
83 193
83 194
83 204
83 208
83 211
83 216
83 218
83 223
83 226
83 238
83 250
83 253
83 255
83 257
83 267
83 271
83 277
83 283
84 84
84 103
84 110
84 135
84 136
84 149
84 161
84 163
84 181
84 186
84 192
84 193
84 194
84 204
84 208
84 211
84 216
84 218
84 223
84 226
84 238
84 250
84 253
84 255
84 257
84 267
84 271
84 277
84 283
85 84
85 103
85 110
85 135
85 136
85 149
85 161
85 163
85 181
85 186
85 192
85 193
85 194
85 204
85 208
85 211
85 216
85 218
85 223
85 226
85 238
85 250
85 253
85 255
85 257
85 267
85 271
85 277
85 283
86 84
86 103
86 135
86 136
86 149
86 161
86 163
86 181
86 186
86 192
86 193
86 194
86 204
86 208
86 211
86 216
86 218
86 223
86 226
86 238
86 250
86 253
86 255
86 257
86 267
86 271
86 277
86 283
87 84
87 103
87 135
87 136
87 149
87 161
87 163
87 181
87 186
87 192
87 193
87 194
87 204
87 208
87 211
87 216
87 218
87 223
87 226
87 238
87 250
87 253
87 255
87 257
87 267
87 271
87 277
87 283
88 84
88 103
88 135
88 136
88 149
88 161
88 163
88 181
88 186
88 192
88 193
88 194
88 204
88 208
88 211
88 216
88 218
88 223
88 226
88 238
88 250
88 253
88 255
88 257
88 267
88 271
88 277
88 283
89 84
89 103
89 135
89 136
89 149
89 161
89 163
89 181
89 186
89 192
89 193
89 194
89 204
89 208
89 211
89 216
89 218
89 223
89 226
89 238
89 250
89 253
89 255
89 257
89 267
89 271
89 277
89 283
90 84
90 103
90 135
90 136
90 140
90 161
90 163
90 181
90 186
90 192
90 193
90 194
90 204
90 208
90 211
90 216
90 218
90 223
90 226
90 238
90 250
90 253
90 255
90 257
90 262
90 267
90 271
90 277
90 283
91 84
91 103
91 135
91 136
91 140
91 161
91 163
91 181
91 186
91 192
91 193
91 194
91 204
91 208
91 211
91 216
91 218
91 223
91 226
91 238
91 250
91 253
91 255
91 257
91 262
91 267
91 271
91 277
91 283
92 84
92 103
92 135
92 136
92 140
92 161
92 163
92 181
92 186
92 192
92 193
92 194
92 204
92 208
92 211
92 216
92 218
92 223
92 226
92 238
92 250
92 253
92 255
92 257
92 262
92 267
92 271
92 277
92 283
93 84
93 103
93 135
93 136
93 140
93 161
93 163
93 181
93 186
93 192
93 193
93 194
93 204
93 208
93 211
93 216
93 218
93 223
93 226
93 238
93 250
93 253
93 255
93 257
93 262
93 267
93 271
93 277
93 283
94 103
94 124
94 135
94 136
94 140
94 154
94 161
94 163
94 181
94 186
94 192
94 193
94 194
94 208
94 211
94 216
94 218
94 223
94 226
94 238
94 255
94 257
94 262
94 267
94 271
94 277
94 283
95 103
95 122
95 124
95 135
95 136
95 140
95 161
95 163
95 181
95 186
95 192
95 193
95 208
95 211
95 216
95 218
95 223
95 226
95 238
95 255
95 257
95 262
95 267
95 271
95 277
95 283
96 103
96 124
96 136
96 140
96 160
96 161
96 163
96 181
96 186
96 192
96 193
96 195
96 208
96 211
96 216
96 218
96 226
96 238
96 255
96 257
96 262
96 267
96 271
96 283
97 103
97 124
97 136
97 140
97 160
97 161
97 163
97 181
97 186
97 192
97 193
97 195
97 208
97 211
97 216
97 218
97 226
97 234
97 238
97 255
97 257
97 261
97 262
97 267
97 271
97 283
98 103
98 124
98 140
98 160
98 161
98 163
98 181
98 186
98 192
98 193
98 195
98 208
98 211
98 216
98 218
98 226
98 234
98 238
98 255
98 257
98 261
98 262
98 267
98 271
98 283
99 103
99 120
99 124
99 140
99 147
99 151
99 161
99 163
99 181
99 186
99 192
99 193
99 195
99 208
99 211
99 216
99 218
99 226
99 234
99 238
99 255
99 257
99 261
99 262
99 267
99 271
99 283
100 103
100 111
100 120
100 124
100 140
100 147
100 151
100 161
100 163
100 181
100 186
100 192
100 193
100 195
100 208
100 211
100 216
100 218
100 219
100 226
100 234
100 238
100 255
100 257
100 261
100 262
100 267
100 271
100 283
101 103
101 111
101 120
101 124
101 140
101 147
101 151
101 161
101 163
101 181
101 186
101 192
101 193
101 195
101 208
101 211
101 216
101 218
101 219
101 226
101 234
101 238
101 255
101 257
101 261
101 262
101 267
101 271
101 283
102 103
102 111
102 120
102 124
102 140
102 147
102 151
102 161
102 163
102 181
102 186
102 192
102 193
102 195
102 208
102 211
102 216
102 218
102 219
102 226
102 234
102 238
102 255
102 257
102 261
102 262
102 267
102 271
102 283
103 103
103 120
103 124
103 140
103 147
103 148
103 151
103 161
103 163
103 181
103 186
103 193
103 195
103 208
103 211
103 216
103 218
103 219
103 225
103 226
103 234
103 238
103 255
103 257
103 261
103 262
103 267
103 271
103 283
104 103
104 120
104 124
104 147
104 148
104 151
104 161
104 163
104 181
104 186
104 193
104 195
104 208
104 211
104 216
104 218
104 219
104 225
104 226
104 234
104 238
104 255
104 257
104 261
104 262
104 267
104 271
104 283
105 103
105 120
105 124
105 147
105 148
105 151
105 161
105 163
105 181
105 186
105 193
105 195
105 208
105 211
105 216
105 218
105 219
105 225
105 226
105 234
105 238
105 255
105 257
105 261
105 262
105 267
105 271
105 283
106 120
106 124
106 147
106 148
106 151
106 161
106 181
106 186
106 193
106 195
106 208
106 210
106 211
106 216
106 218
106 225
106 226
106 234
106 238
106 255
106 257
106 261
106 262
106 267
106 271
106 283
107 120
107 124
107 147
107 151
107 181
107 193
107 208
107 210
107 211
107 214
107 225
107 226
107 234
107 238
107 255
107 257
107 261
107 262
107 267
107 271
107 282
107 283
108 120
108 124
108 147
108 151
108 181
108 193
108 208
108 210
108 211
108 214
108 225
108 226
108 234
108 238
108 255
108 257
108 261
108 262
108 267
108 271
108 282
108 283
109 120
109 124
109 147
109 181
109 193
109 208
109 210
109 211
109 214
109 225
109 226
109 234
109 238
109 257
109 261
109 262
109 267
109 271
109 282
109 283
110 120
110 124
110 147
110 181
110 193
110 207
110 208
110 210
110 211
110 214
110 225
110 226
110 234
110 238
110 257
110 261
110 262
110 267
110 271
110 282
110 283
111 120
111 124
111 147
111 181
111 193
111 207
111 208
111 210
111 211
111 214
111 225
111 226
111 234
111 238
111 257
111 261
111 262
111 267
111 271
111 282
111 283
112 124
112 147
112 181
112 193
112 207
112 208
112 210
112 211
112 214
112 225
112 226
112 234
112 238
112 257
112 262
112 267
112 271
112 282
112 283
113 124
113 147
113 181
113 193
113 207
113 208
113 210
113 211
113 214
113 225
113 226
113 234
113 238
113 257
113 262
113 271
113 282
113 283
114 124
114 147
114 193
114 207
114 208
114 210
114 211
114 214
114 225
114 226
114 234
114 238
114 257
114 262
114 270
114 271
114 282
114 283
115 124
115 147
115 193
115 207
115 208
115 210
115 211
115 214
115 225
115 226
115 234
115 238
115 257
115 262
115 270
115 271
115 282
115 283
116 124
116 147
116 193
116 207
116 208
116 210
116 211
116 214
116 225
116 226
116 234
116 238
116 257
116 262
116 270
116 271
116 282
116 283
117 124
117 137
117 147
117 193
117 207
117 208
117 210
117 211
117 214
117 225
117 226
117 234
117 238
117 257
117 262
117 270
117 271
117 282
117 283
118 124
118 137
118 147
118 189
118 193
118 207
118 208
118 210
118 211
118 214
118 225
118 226
118 234
118 238
118 257
118 262
118 270
118 271
118 282
118 283
119 124
119 137
119 147
119 167
119 189
119 193
119 207
119 208
119 210
119 211
119 214
119 225
119 226
119 234
119 238
119 257
119 262
119 270
119 271
119 282
119 283
120 124
120 137
120 147
120 167
120 189
120 193
120 207
120 208
120 210
120 211
120 214
120 225
120 226
120 234
120 238
120 257
120 262
120 270
120 271
120 282
120 283
121 124
121 137
121 147
121 167
121 189
121 193
121 207
121 208
121 210
121 211
121 214
121 225
121 226
121 234
121 238
121 257
121 262
121 270
121 271
121 282
121 283
122 124
122 137
122 147
122 167
122 189
122 193
122 210
122 211
122 214
122 225
122 226
122 234
122 238
122 257
122 262
122 270
122 271
122 282
122 283
123 124
123 137
123 147
123 167
123 189
123 193
123 210
123 211
123 214
123 225
123 226
123 234
123 238
123 257
123 262
123 270
123 271
123 282
123 283
124 124
124 137
124 147
124 167
124 189
124 193
124 210
124 211
124 214
124 225
124 226
124 234
124 238
124 257
124 262
124 270
124 271
124 282
124 283
125 124
125 137
125 147
125 167
125 189
125 193
125 210
125 211
125 214
125 225
125 226
125 234
125 238
125 257
125 262
125 270
125 271
125 282
125 283
126 124
126 137
126 147
126 167
126 189
126 193
126 210
126 211
126 214
126 225
126 226
126 234
126 238
126 257
126 262
126 270
126 271
126 282
126 283
127 124
127 137
127 147
127 167
127 189
127 193
127 210
127 211
127 214
127 225
127 226
127 234
127 238
127 257
127 262
127 270
127 271
127 282
127 283
128 124
128 137
128 147
128 167
128 189
128 193
128 210
128 211
128 214
128 225
128 226
128 234
128 238
128 257
128 262
128 270
128 271
128 282
128 283
129 124
129 137
129 147
129 167
129 170
129 189
129 193
129 210
129 211
129 214
129 225
129 226
129 234
129 238
129 257
129 262
129 270
129 271
129 282
129 283
130 124
130 137
130 147
130 167
130 170
130 189
130 193
130 210
130 211
130 214
130 225
130 226
130 234
130 238
130 257
130 262
130 270
130 271
130 282
130 283
131 124
131 147
131 167
131 170
131 189
131 193
131 210
131 211
131 214
131 225
131 226
131 234
131 238
131 257
131 262
131 270
131 271
131 282
131 283
132 124
132 147
132 167
132 170
132 189
132 193
132 210
132 211
132 214
132 225
132 226
132 234
132 238
132 257
132 262
132 270
132 271
132 282
132 283
133 124
133 147
133 167
133 170
133 189
133 193
133 210
133 211
133 214
133 225
133 226
133 234
133 238
133 257
133 262
133 270
133 271
133 282
133 283
134 124
134 147
134 167
134 189
134 193
134 210
134 211
134 214
134 225
134 226
134 234
134 238
134 257
134 262
134 270
134 271
134 273
134 282
134 283
135 124
135 147
135 167
135 189
135 193
135 211
135 214
135 225
135 226
135 234
135 238
135 257
135 262
135 270
135 271
135 273
135 282
135 283
136 124
136 147
136 167
136 189
136 193
136 211
136 214
136 225
136 226
136 234
136 238
136 257
136 262
136 270
136 271
136 273
136 282
136 283
137 124
137 147
137 167
137 189
137 193
137 211
137 214
137 225
137 226
137 229
137 234
137 238
137 257
137 262
137 273
137 282
137 283
138 124
138 147
138 167
138 189
138 193
138 211
138 214
138 225
138 226
138 229
138 234
138 238
138 257
138 262
138 273
138 282
138 283
139 124
139 147
139 167
139 189
139 193
139 211
139 214
139 225
139 226
139 229
139 234
139 238
139 257
139 262
139 282
139 283
140 124
140 147
140 189
140 193
140 211
140 214
140 225
140 226
140 229
140 238
140 257
140 262
140 282
140 283
141 124
141 147
141 168
141 193
141 211
141 214
141 225
141 226
141 229
141 238
141 257
141 262
141 269
141 283
142 124
142 147
142 168
142 193
142 211
142 214
142 225
142 226
142 229
142 238
142 257
142 262
142 269
142 283
143 124
143 168
143 193
143 211
143 214
143 225
143 226
143 229
143 238
143 257
143 262
143 269
143 283
144 124
144 168
144 193
144 211
144 214
144 225
144 226
144 229
144 238
144 262
144 269
144 283
145 124
145 168
145 193
145 211
145 214
145 225
145 226
145 229
145 238
145 262
145 269
145 283
146 124
146 168
146 193
146 211
146 214
146 225
146 226
146 229
146 238
146 260
146 262
146 283
147 124
147 193
147 211
147 214
147 225
147 226
147 229
147 260
147 262
147 283
148 124
148 193
148 211
148 214
148 225
148 226
148 229
148 260
148 262
148 283
149 124
149 179
149 193
149 214
149 225
149 226
149 229
149 260
149 262
149 283
150 124
150 179
150 193
150 214
150 225
150 226
150 229
150 260
150 262
150 283
151 124
151 179
151 193
151 214
151 225
151 226
151 229
151 260
151 262
151 283
152 124
152 179
152 193
152 214
152 225
152 226
152 229
152 260
152 262
152 283
153 179
153 193
153 214
153 220
153 225
153 226
153 229
153 260
153 262
153 283
154 179
154 193
154 214
154 220
154 225
154 226
154 229
154 260
154 262
154 283
155 179
155 193
155 214
155 220
155 225
155 226
155 229
155 260
155 262
155 283
156 179
156 193
156 214
156 220
156 224
156 226
156 260
156 262
156 283
157 165
157 178
157 179
157 193
157 214
157 220
157 224
157 226
157 260
157 262
157 283
158 165
158 178
158 179
158 193
158 214
158 220
158 224
158 226
158 260
158 262
158 283
159 165
159 178
159 179
159 193
159 214
159 220
159 224
159 226
159 260
159 262
159 283
160 165
160 178
160 179
160 220
160 224
160 243
160 260
160 262
160 283
161 165
161 171
161 178
161 179
161 202
161 220
161 224
161 243
161 260
161 262
161 283
162 165
162 171
162 178
162 179
162 202
162 220
162 224
162 243
162 260
162 262
162 283
163 165
163 171
163 178
163 179
163 202
163 220
163 224
163 239
163 243
163 260
163 262
163 283
164 171
164 178
164 179
164 199
164 202
164 220
164 239
164 243
164 246
164 260
164 262
164 266
164 283
165 171
165 178
165 179
165 199
165 202
165 220
165 243
165 246
165 260
165 262
165 266
165 283
166 171
166 178
166 179
166 199
166 202
166 220
166 243
166 246
166 260
166 262
166 266
166 283
167 171
167 172
167 178
167 199
167 202
167 220
167 235
167 243
167 246
167 260
167 262
167 266
167 283
168 178
168 199
168 202
168 220
168 235
168 243
168 246
168 260
168 262
168 283
169 199
169 202
169 220
169 235
169 243
169 246
169 247
169 252
169 254
169 260
169 262
169 283
170 199
170 202
170 220
170 235
170 243
170 246
170 247
170 252
170 254
170 260
170 262
170 283
171 174
171 198
171 199
171 202
171 220
171 235
171 243
171 246
171 247
171 252
171 254
171 260
171 262
171 283
172 174
172 199
172 202
172 220
172 235
172 243
172 246
172 247
172 252
172 254
172 260
172 262
172 279
172 283
173 174
173 199
173 202
173 220
173 235
173 243
173 246
173 247
173 252
173 254
173 260
173 262
173 279
173 283
174 174
174 199
174 202
174 220
174 235
174 243
174 246
174 247
174 252
174 254
174 260
174 262
174 279
174 283
175 199
175 202
175 235
175 243
175 246
175 247
175 249
175 252
175 254
175 268
175 279
176 199
176 202
176 235
176 243
176 246
176 247
176 249
176 252
176 254
176 268
176 279
177 199
177 202
177 235
177 243
177 246
177 247
177 249
177 252
177 254
177 268
177 279
178 199
178 202
178 213
178 230
178 235
178 243
178 246
178 247
178 248
178 249
178 252
178 268
178 279
179 199
179 202
179 209
179 213
179 230
179 235
179 242
179 243
179 246
179 247
179 248
179 249
179 252
179 268
179 279
180 199
180 202
180 213
180 230
180 235
180 242
180 243
180 246
180 247
180 248
180 249
180 252
180 268
180 279
181 184
181 199
181 202
181 230
181 235
181 242
181 243
181 246
181 247
181 248
181 249
181 252
181 263
181 268
181 279
182 199
182 202
182 230
182 235
182 242
182 243
182 246
182 247
182 248
182 249
182 252
182 263
182 268
182 274
182 279
183 199
183 202
183 230
183 235
183 242
183 243
183 246
183 247
183 248
183 249
183 252
183 263
183 268
183 274
183 279
184 199
184 202
184 230
184 235
184 242
184 243
184 246
184 247
184 248
184 249
184 252
184 263
184 274
184 279
185 199
185 202
185 230
185 235
185 242
185 243
185 246
185 247
185 248
185 249
185 252
185 263
185 274
185 279
186 199
186 202
186 230
186 235
186 242
186 243
186 245
186 246
186 247
186 248
186 249
186 252
186 263
186 274
186 279
187 199
187 202
187 230
187 235
187 242
187 243
187 245
187 246
187 247
187 248
187 249
187 252
187 263
187 274
187 279
188 199
188 202
188 230
188 235
188 242
188 243
188 245
188 246
188 247
188 248
188 249
188 252
188 264
188 274
188 279
189 199
189 202
189 230
189 235
189 242
189 243
189 245
189 246
189 247
189 248
189 252
189 264
189 274
189 279
190 199
190 202
190 230
190 235
190 242
190 243
190 245
190 246
190 247
190 248
190 252
190 264
190 274
190 279
191 199
191 202
191 230
191 242
191 243
191 245
191 246
191 247
191 248
191 252
191 264
191 274
191 279
192 199
192 230
192 242
192 243
192 245
192 246
192 247
192 248
192 252
192 264
192 274
192 279
193 199
193 230
193 242
193 243
193 245
193 246
193 247
193 248
193 252
193 264
193 274
193 279
194 199
194 230
194 242
194 243
194 245
194 246
194 247
194 248
194 252
194 264
194 274
194 279
195 199
195 221
195 230
195 242
195 243
195 245
195 246
195 247
195 248
195 252
195 264
195 274
195 279
196 199
196 230
196 242
196 243
196 245
196 246
196 247
196 248
196 252
196 264
196 279
197 199
197 230
197 242
197 243
197 245
197 246
197 247
197 248
197 252
197 264
197 279
198 199
198 230
198 242
198 243
198 245
198 246
198 247
198 248
198 252
198 264
198 279
199 199
199 230
199 242
199 243
199 245
199 246
199 247
199 248
199 252
199 264
199 279
200 199
200 230
200 242
200 243
200 245
200 246
200 247
200 248
200 252
200 264
201 199
201 230
201 236
201 242
201 243
201 245
201 246
201 247
201 248
201 252
201 264
202 199
202 230
202 236
202 242
202 243
202 245
202 246
202 247
202 248
202 252
202 264
203 199
203 230
203 236
203 242
203 243
203 245
203 246
203 247
203 248
203 252
203 264
204 199
204 230
204 236
204 242
204 243
204 245
204 246
204 247
204 248
204 252
204 264
205 199
205 230
205 236
205 242
205 243
205 245
205 246
205 247
205 248
205 252
205 264
206 230
206 236
206 242
206 243
206 245
206 246
206 247
206 248
206 252
206 264
207 230
207 236
207 242
207 243
207 245
207 246
207 247
207 248
207 252
207 264
208 215
208 230
208 236
208 242
208 245
208 246
208 247
208 248
208 252
209 215
209 230
209 236
209 242
209 245
209 246
209 247
209 248
209 252
210 215
210 230
210 242
210 245
210 246
210 247
210 248
211 215
211 230
211 242
211 245
211 246
211 247
211 248
212 230
212 242
212 245
212 246
212 247
212 248
213 230
213 242
213 245
213 246
213 247
213 248
214 230
214 242
214 245
214 246
214 247
214 248
215 230
215 242
215 245
215 246
215 247
215 248
216 230
216 245
216 247
216 248
217 230
217 245
217 248
218 230
218 245
218 248
219 230
219 233
219 245
219 248
220 230
220 233
220 245
220 248
221 230
221 233
221 245
221 248
222 230
222 232
222 233
222 245
222 248
223 230
223 232
223 233
223 245
223 248
223 284
224 230
224 232
224 233
224 245
224 248
224 284
225 230
225 233
225 245
225 248
225 284
226 230
226 233
226 245
226 248
227 230
227 245
227 248
228 230
228 245
228 248
229 230
229 245
229 248
230 230
230 245
230 248
231 230
231 245
231 248
232 245
232 248
232 251
232 275
233 245
233 248
233 251
233 275
234 245
234 248
234 251
234 275
235 245
235 248
235 251
235 275
236 245
236 248
236 251
236 275
237 245
237 248
237 251
237 275
238 248
238 251
238 275
239 248
239 251
239 275
240 248
240 251
240 275
241 248
241 251
241 265
241 275
242 248
242 251
242 265
242 275
243 248
243 251
243 265
243 275
244 248
244 251
244 265
244 275
245 248
245 251
245 265
245 275
246 248
246 251
246 265
246 275
247 248
247 251
247 265
247 275
248 248
248 251
248 265
248 275
249 248
249 251
249 265
249 275
250 248
250 251
250 265
250 275
251 248
251 251
251 265
251 275
252 248
252 251
252 265
252 275
253 248
253 251
253 265
253 275
254 248
254 251
254 265
254 275
255 248
255 251
255 265
255 275
256 248
256 251
256 265
256 275
257 248
257 251
257 265
257 275
258 248
258 251
258 265
258 275
259 248
259 265
259 275
260 248
260 265
261 248
261 265
262 248
262 265
263 248
263 265
264 248
264 265
265 248
265 265
266 248
266 265
267 248
267 265
268 248
268 265
269 248
269 265
270 265
271 265
272 265
273 265
274 281
275 281
276 281
277 281
278 281
279 281
280 281
281 281
282 281
283 281
