1 68
1 162
1 218
1 257
2 17
2 19
2 20
2 30
2 33
2 41
2 59
2 64
2 100
2 141
2 162
2 197
2 218
3 17
3 19
3 20
3 30
3 33
3 41
3 59
3 64
3 100
3 141
3 162
3 197
3 218
4 17
4 19
4 20
4 30
4 33
4 41
4 59
4 64
4 100
4 141
4 162
4 197
4 218
5 16
5 19
5 33
5 41
5 53
5 59
5 100
5 141
5 162
5 175
5 197
5 218
5 268
6 19
6 49
6 59
6 100
6 128
6 141
6 162
6 197
6 218
6 268
7 49
7 62
7 100
7 141
7 156
7 162
7 197
7 218
7 225
7 268
8 49
8 62
8 100
8 120
8 141
8 162
8 197
8 203
8 218
8 225
8 268
9 18
9 31
9 62
9 117
9 120
9 141
9 162
9 197
9 203
9 218
9 225
9 268
10 18
10 31
10 62
10 111
10 120
10 141
10 162
10 197
10 203
10 218
10 220
10 225
10 268
11 31
11 51
11 62
11 111
11 120
11 141
11 162
11 197
11 203
11 218
11 220
11 225
11 268
12 26
12 51
12 62
12 74
12 111
12 120
12 141
12 162
12 197
12 203
12 218
12 220
12 268
13 15
13 26
13 35
13 39
13 62
13 74
13 76
13 111
13 120
13 141
13 166
13 197
13 203
13 214
13 218
13 220
13 268
14 24
14 26
14 39
14 74
14 77
14 78
14 111
14 120
14 141
14 166
14 188
14 197
14 203
14 214
14 218
15 26
15 71
15 74
15 77
15 78
15 111
15 120
15 141
15 166
15 188
15 197
15 214
15 241
15 265
16 71
16 74
16 77
16 78
16 111
16 120
16 141
16 166
16 188
16 197
16 214
16 241
16 265
17 40
17 71
17 74
17 77
17 78
17 111
17 120
17 141
17 166
17 188
17 194
17 197
17 214
17 241
17 265
18 23
18 27
18 40
18 56
18 71
18 74
18 111
18 120
18 139
18 166
18 188
18 194
18 197
18 214
18 241
18 265
19 40
19 44
19 56
19 71
19 111
19 120
19 188
19 194
19 197
19 214
19 241
19 265
20 40
20 46
20 56
20 71
20 98
20 111
20 120
20 188
20 194
20 197
20 214
20 241
20 265
21 40
21 43
21 46
21 56
21 71
21 98
21 111
21 120
21 125
21 188
21 194
21 197
21 214
21 241
21 265
22 40
22 43
22 46
22 56
22 71
22 98
22 111
22 120
22 125
22 188
22 194
22 197
22 241
22 265
23 40
23 43
23 46
23 71
23 98
23 111
23 120
23 125
23 194
23 241
23 265
24 40
24 43
24 46
24 71
24 98
24 106
24 111
24 120
24 125
24 144
24 194
24 241
24 265
25 43
25 71
25 86
25 98
25 106
25 120
25 125
25 194
25 210
25 235
25 241
25 265
25 276
26 43
26 71
26 86
26 95
26 98
26 106
26 120
26 125
26 194
26 210
26 241
26 265
26 276
27 71
27 86
27 90
27 95
27 98
27 106
27 125
27 194
27 210
27 241
27 265
27 276
28 37
28 71
28 86
28 90
28 95
28 98
28 106
28 125
28 194
28 210
28 241
28 265
28 276
29 37
29 54
29 71
29 86
29 90
29 95
29 98
29 106
29 125
29 157
29 194
29 210
29 241
29 265
29 276
30 37
30 54
30 71
30 86
30 90
30 95
30 98
30 106
30 125
30 157
30 194
30 210
30 241
30 265
30 276
31 37
31 54
31 71
31 86
31 90
31 95
31 98
31 106
31 125
31 157
31 194
31 210
31 241
31 265
31 276
32 37
32 54
32 71
32 73
32 86
32 90
32 95
32 106
32 125
32 157
32 194
32 210
32 241
32 265
32 276
33 36
33 37
33 48
33 54
33 55
33 86
33 90
33 95
33 106
33 125
33 194
33 210
33 241
33 276
34 37
34 54
34 57
34 69
34 83
34 95
34 101
34 113
34 125
34 134
34 187
34 194
34 210
34 276
35 37
35 54
35 57
35 69
35 83
35 95
35 101
35 113
35 125
35 134
35 187
35 194
35 210
35 276
36 37
36 45
36 54
36 69
36 83
36 95
36 101
36 113
36 122
36 125
36 134
36 187
36 210
36 217
36 219
36 276
37 37
37 45
37 54
37 69
37 70
37 83
37 95
37 113
37 121
37 122
37 125
37 134
37 187
37 210
37 217
37 219
37 276
38 37
38 45
38 54
38 66
38 69
38 70
38 83
38 95
38 113
38 121
38 122
38 125
38 134
38 187
38 210
38 217
38 219
38 253
38 276
39 37
39 54
39 69
39 70
39 83
39 95
39 113
39 121
39 122
39 125
39 134
39 187
39 210
39 217
39 219
39 253
39 276
40 37
40 70
40 83
40 122
40 125
40 134
40 187
40 210
40 217
40 219
40 253
40 276
41 70
41 81
41 83
41 125
41 134
41 187
41 210
41 217
41 219
41 231
41 253
41 276
42 70
42 81
42 83
42 125
42 134
42 187
42 204
42 210
42 217
42 219
42 231
42 253
42 276
43 70
43 81
43 83
43 123
43 125
43 132
43 134
43 187
43 204
43 210
43 217
43 219
43 231
43 253
43 276
43 282
44 70
44 81
44 83
44 123
44 125
44 132
44 134
44 187
44 204
44 217
44 219
44 231
44 253
44 276
44 282
45 70
45 83
45 85
45 123
45 125
45 132
45 134
45 187
45 204
45 217
45 219
45 231
45 253
45 276
45 282
46 70
46 83
46 123
46 125
46 132
46 187
46 204
46 217
46 219
46 239
46 253
46 276
46 282
47 58
47 61
47 70
47 82
47 83
47 103
47 115
47 123
47 173
47 176
47 187
47 204
47 219
47 239
47 253
47 255
47 276
47 279
47 282
47 283
48 58
48 61
48 82
48 83
48 103
48 115
48 123
48 173
48 176
48 187
48 204
48 219
48 239
48 250
48 253
48 255
48 276
48 279
48 282
48 283
49 58
49 61
49 82
49 83
49 103
49 115
49 123
49 173
49 176
49 177
49 187
49 204
49 219
49 239
49 250
49 253
49 255
49 276
49 279
49 282
49 283
50 58
50 61
50 83
50 103
50 114
50 115
50 123
50 126
50 173
50 176
50 177
50 180
50 187
50 196
50 204
50 219
50 250
50 253
50 255
50 276
50 279
50 282
50 283
51 61
51 83
51 84
51 94
51 114
51 115
51 123
51 126
51 152
51 173
51 176
51 177
51 180
51 187
51 196
51 219
51 250
51 255
51 276
51 279
51 282
51 283
52 61
52 72
52 83
52 84
52 94
52 114
52 123
52 126
52 152
52 173
52 176
52 180
52 187
52 196
52 200
52 219
52 250
52 255
52 276
52 279
52 282
52 283
53 61
53 72
53 83
53 84
53 94
53 114
53 123
53 126
53 152
53 173
53 176
53 180
53 187
53 196
53 200
53 219
53 250
53 255
53 276
53 279
53 282
53 283
54 60
54 61
54 83
54 84
54 94
54 114
54 123
54 126
54 152
54 173
54 176
54 180
54 196
54 200
54 219
54 250
54 255
54 276
54 279
54 282
54 283
55 60
55 61
55 84
55 92
55 94
55 104
55 107
55 114
55 123
55 126
55 152
55 173
55 176
55 180
55 200
55 244
55 250
55 255
55 274
55 276
55 279
55 282
55 283
56 61
56 92
56 94
56 104
56 107
56 114
56 123
56 126
56 152
56 170
56 173
56 176
56 180
56 200
56 244
56 250
56 255
56 274
56 276
56 279
56 282
56 283
56 284
57 89
57 92
57 107
57 114
57 123
57 126
57 152
57 170
57 173
57 176
57 180
57 200
57 244
57 250
57 255
57 274
57 276
57 279
57 282
57 284
58 89
58 92
58 107
58 114
58 123
58 126
58 152
58 170
58 173
58 176
58 180
58 200
58 250
58 255
58 274
58 276
58 282
58 284
59 65
59 89
59 92
59 107
59 108
59 114
59 116
59 123
59 126
59 152
59 170
59 173
59 180
59 191
59 250
59 252
59 255
59 276
59 281
59 282
60 65
60 79
60 89
60 92
60 107
60 108
60 114
60 123
60 126
60 137
60 142
60 152
60 170
60 173
60 180
60 250
60 252
60 255
60 276
60 282
61 65
61 79
61 89
61 92
61 107
61 108
61 114
61 123
61 126
61 137
61 142
61 152
61 170
61 173
61 180
61 250
61 252
61 255
61 276
61 282
62 65
62 79
62 89
62 92
62 107
62 108
62 123
62 126
62 137
62 142
62 152
62 170
62 173
62 180
62 250
62 252
62 255
62 276
62 282
63 65
63 79
63 92
63 107
63 108
63 123
63 126
63 142
63 152
63 170
63 173
63 180
63 250
63 252
63 255
63 276
63 282
64 65
64 79
64 92
64 107
64 108
64 123
64 126
64 142
64 152
64 170
64 173
64 180
64 250
64 252
64 255
64 282
65 65
65 79
65 92
65 107
65 108
65 123
65 142
65 170
65 173
65 180
65 250
65 252
65 255
65 282
66 79
66 92
66 108
66 123
66 135
66 142
66 170
66 173
66 180
66 211
66 250
66 252
66 255
66 282
67 79
67 92
67 108
67 123
67 135
67 142
67 170
67 173
67 180
67 211
67 250
67 252
67 255
67 282
68 79
68 92
68 108
68 123
68 135
68 142
68 170
68 173
68 180
68 211
68 250
68 252
68 255
68 282
69 79
69 92
69 108
69 123
69 135
69 142
69 170
69 173
69 180
69 211
69 250
69 252
69 255
69 282
70 79
70 92
70 123
70 135
70 142
70 170
70 173
70 180
70 211
70 250
70 252
70 255
70 282
71 79
71 92
71 123
71 135
71 142
71 170
71 171
71 173
71 180
71 211
71 250
71 252
71 255
71 282
72 79
72 87
72 92
72 123
72 135
72 142
72 161
72 170
72 171
72 173
72 180
72 211
72 250
72 252
72 255
72 282
73 79
73 87
73 92
73 135
73 142
73 161
73 170
73 171
73 173
73 180
73 211
73 243
73 250
73 252
73 255
73 282
74 79
74 87
74 91
74 99
74 135
74 142
74 161
74 170
74 171
74 173
74 180
74 211
74 243
74 250
74 252
74 255
74 282
75 79
75 87
75 99
75 135
75 142
75 161
75 170
75 171
75 173
75 180
75 211
75 227
75 243
75 250
75 252
75 255
75 282
76 79
76 87
76 99
76 135
76 142
76 161
76 170
76 171
76 173
76 180
76 211
76 227
76 243
76 250
76 252
76 255
76 282
77 79
77 99
77 135
77 142
77 161
77 170
77 171
77 173
77 180
77 195
77 211
77 227
77 237
77 243
77 250
77 252
77 255
77 282
78 79
78 80
78 96
78 99
78 135
78 142
78 153
78 161
78 170
78 171
78 180
78 195
78 211
78 227
78 237
78 243
78 250
78 252
78 255
78 282
79 79
79 80
79 96
79 99
79 135
79 142
79 153
79 161
79 170
79 171
79 180
79 195
79 211
79 227
79 237
79 243
79 250
79 252
79 255
79 282
80 96
80 99
80 135
80 142
80 153
80 161
80 170
80 171
80 180
80 211
80 227
80 237
80 243
80 250
80 255
80 282
81 96
81 99
81 135
81 142
81 153
81 161
81 170
81 171
81 180
81 211
81 213
81 227
81 243
81 250
81 255
81 282
82 96
82 99
82 135
82 142
82 153
82 161
82 170
82 171
82 211
82 213
82 227
82 243
82 250
82 255
82 282
83 96
83 97
83 99
83 127
83 135
83 142
83 148
83 153
83 161
83 170
83 171
83 211
83 213
83 221
83 243
83 250
83 255
83 282
84 96
84 97
84 135
84 142
84 148
84 153
84 161
84 170
84 171
84 211
84 213
84 221
84 233
84 243
84 250
84 255
84 282
85 96
85 97
85 124
85 142
85 148
85 153
85 161
85 163
85 170
85 171
85 213
85 221
85 233
85 243
85 250
85 255
85 282
86 96
86 97
86 124
86 142
86 148
86 153
86 161
86 163
86 170
86 171
86 213
86 221
86 233
86 243
86 250
86 255
86 282
87 96
87 97
87 124
87 142
87 153
87 158
87 161
87 163
87 171
87 213
87 221
87 233
87 243
87 245
87 250
87 255
87 282
88 97
88 124
88 142
88 153
88 158
88 161
88 163
88 213
88 221
88 233
88 243
88 245
88 250
88 255
88 282
89 97
89 105
89 124
89 142
89 153
89 158
89 161
89 163
89 213
89 221
89 233
89 243
89 245
89 250
89 255
89 282
90 97
90 102
90 124
90 158
90 161
90 163
90 213
90 221
90 233
90 243
90 245
90 250
90 251
90 255
90 282
91 97
91 102
91 124
91 158
91 161
91 163
91 213
91 221
91 233
91 243
91 245
91 250
91 251
91 255
91 282
92 97
92 102
92 124
92 158
92 161
92 163
92 213
92 221
92 233
92 243
92 245
92 250
92 251
93 102
93 124
93 158
93 161
93 163
93 213
93 221
93 243
93 245
93 250
93 251
94 102
94 124
94 158
94 161
94 213
94 221
94 243
94 245
94 250
94 251
95 124
95 158
95 161
95 213
95 243
95 245
95 250
95 251
95 278
96 124
96 158
96 161
96 213
96 243
96 245
96 250
96 251
96 278
97 124
97 158
97 161
97 213
97 245
97 250
97 251
97 278
98 124
98 158
98 161
98 186
98 213
98 245
98 250
98 251
98 278
99 124
99 129
99 158
99 161
99 186
99 213
99 236
99 245
99 250
99 259
99 278
100 112
100 129
100 151
100 158
100 161
100 165
100 174
100 184
100 186
100 192
100 193
100 206
100 213
100 245
100 250
100 267
100 278
101 112
101 129
101 151
101 158
101 161
101 165
101 174
101 192
101 213
101 245
101 267
101 278
102 112
102 119
102 129
102 145
102 151
102 161
102 165
102 174
102 192
102 213
102 245
102 267
102 278
103 112
103 119
103 129
103 131
103 136
103 143
103 145
103 161
103 164
103 165
103 169
103 174
103 192
103 213
103 230
103 267
103 278
104 119
104 129
104 131
104 136
104 143
104 145
104 150
104 161
104 164
104 169
104 174
104 192
104 213
104 230
104 267
104 278
105 119
105 129
105 131
105 136
105 143
105 145
105 150
105 161
105 164
105 230
105 267
105 278
106 119
106 129
106 131
106 136
106 143
106 145
106 150
106 161
106 164
106 230
106 267
106 278
107 119
107 129
107 131
107 136
107 143
107 145
107 150
107 161
107 164
107 230
107 267
107 278
108 119
108 129
108 131
108 136
108 140
108 143
108 145
108 150
108 161
108 164
108 267
108 278
109 119
109 129
109 131
109 136
109 140
109 143
109 145
109 150
109 161
109 164
109 267
109 278
110 119
110 129
110 131
110 136
110 140
110 143
110 145
110 150
110 161
110 164
110 267
110 278
111 129
111 131
111 136
111 140
111 143
111 145
111 150
111 161
111 164
111 267
111 278
112 129
112 131
112 136
112 140
112 143
112 145
112 150
112 154
112 161
112 164
112 267
112 278
113 129
113 131
113 136
113 140
113 143
113 145
113 150
113 154
113 161
113 164
113 267
113 278
114 131
114 136
114 140
114 143
114 145
114 154
114 164
114 181
114 267
115 131
115 136
115 140
115 145
115 154
115 164
115 181
115 266
115 267
116 131
116 136
116 140
116 145
116 146
116 154
116 164
116 181
116 266
116 267
117 131
117 136
117 140
117 145
117 146
117 164
117 181
117 266
117 267
118 131
118 136
118 140
118 145
118 146
118 164
118 181
118 266
118 267
119 131
119 140
119 145
119 146
119 147
119 181
119 266
119 267
120 131
120 140
120 145
120 146
120 147
120 181
120 266
120 267
121 131
121 140
121 145
121 146
121 147
121 181
121 222
121 266
121 267
122 131
122 140
122 145
122 147
122 181
122 198
122 222
122 264
122 267
122 277
123 140
123 145
123 147
123 181
123 198
123 222
123 264
123 267
123 277
124 140
124 145
124 147
124 222
124 264
124 267
124 277
125 140
125 145
125 147
125 222
125 264
125 267
125 277
126 140
126 145
126 147
126 222
126 264
126 267
126 277
127 140
127 145
127 147
127 222
127 232
127 264
127 267
127 277
128 140
128 145
128 147
128 222
128 224
128 232
128 264
128 267
128 277
129 140
129 145
129 147
129 179
129 222
129 224
129 232
129 264
129 267
129 277
130 140
130 145
130 147
130 179
130 185
130 222
130 224
130 232
130 246
130 264
130 267
130 277
131 145
131 147
131 179
131 185
131 222
131 224
131 232
131 246
131 264
131 267
131 277
132 145
132 147
132 179
132 185
132 222
132 224
132 232
132 246
132 264
132 267
132 277
133 145
133 147
133 179
133 185
133 222
133 224
133 232
133 246
133 264
133 267
134 145
134 147
134 179
134 185
134 222
134 224
134 232
134 246
134 264
134 267
135 145
135 147
135 179
135 185
135 216
135 222
135 224
135 232
135 246
135 264
135 267
136 145
136 147
136 179
136 185
136 216
136 222
136 224
136 232
136 246
136 264
136 267
137 145
137 147
137 179
137 185
137 216
137 222
137 224
137 232
137 246
137 264
137 267
138 145
138 179
138 185
138 216
138 224
138 232
138 246
138 264
138 267
139 145
139 179
139 185
139 216
139 224
139 232
139 246
139 264
139 267
140 145
140 179
140 185
140 216
140 224
140 232
140 246
140 264
140 267
141 179
141 216
141 224
141 232
141 246
141 264
141 267
142 179
142 208
142 216
142 224
142 232
142 246
142 258
142 264
142 267
143 159
143 179
143 208
143 216
143 224
143 232
143 246
143 258
143 263
143 264
143 267
144 159
144 179
144 208
144 216
144 224
144 232
144 246
144 258
144 263
144 264
144 267
145 159
145 179
145 208
145 216
145 224
145 232
145 246
145 258
145 263
145 264
145 267
146 159
146 179
146 208
146 216
146 224
146 232
146 246
146 258
146 263
146 264
146 267
147 159
147 179
147 208
147 216
147 224
147 232
147 246
147 258
147 263
147 264
147 267
148 159
148 179
148 208
148 216
148 224
148 232
148 246
148 258
148 263
148 264
148 267
149 159
149 179
149 208
149 216
149 224
149 232
149 246
149 249
149 258
149 263
149 264
150 159
150 179
150 208
150 216
150 224
150 232
150 246
150 249
150 258
150 263
150 264
151 159
151 179
151 208
151 216
151 224
151 232
151 246
151 249
151 258
151 263
151 264
152 159
152 168
152 179
152 208
152 215
152 216
152 224
152 232
152 246
152 249
152 258
152 263
152 264
153 159
153 168
153 179
153 205
153 208
153 215
153 216
153 224
153 232
153 246
153 249
153 258
153 263
153 264
154 159
154 168
154 179
154 205
154 207
154 208
154 215
154 216
154 224
154 232
154 246
154 249
154 258
154 264
155 159
155 168
155 179
155 205
155 207
155 208
155 215
155 216
155 224
155 232
155 246
155 249
155 258
155 264
156 159
156 172
156 179
156 182
156 205
156 207
156 208
156 216
156 224
156 232
156 246
156 249
156 258
156 264
157 159
157 172
157 182
157 190
157 205
157 207
157 208
157 216
157 224
157 232
157 246
157 249
157 261
157 264
158 159
158 172
158 182
158 190
158 205
158 207
158 208
158 216
158 224
158 232
158 246
158 249
158 264
159 159
159 172
159 190
159 205
159 207
159 208
159 212
159 216
159 224
159 232
159 246
159 249
159 264
160 159
160 172
160 190
160 205
160 207
160 208
160 212
160 216
160 224
160 232
160 246
160 249
160 254
160 264
161 159
161 172
161 190
161 205
161 207
161 208
161 212
161 216
161 224
161 232
161 246
161 249
161 254
161 264
162 159
162 172
162 190
162 201
162 208
162 212
162 216
162 224
162 232
162 246
162 249
162 254
162 264
163 159
163 172
163 190
163 201
163 208
163 212
163 216
163 224
163 232
163 246
163 249
163 254
163 264
164 159
164 172
164 190
164 201
164 212
164 216
164 232
164 246
164 249
164 254
164 264
164 275
165 159
165 172
165 190
165 201
165 212
165 216
165 232
165 246
165 249
165 254
165 264
165 275
166 189
166 190
166 201
166 212
166 216
166 232
166 246
166 249
166 254
166 264
166 275
167 189
167 190
167 201
167 212
167 216
167 232
167 246
167 249
167 254
167 264
167 275
168 178
168 189
168 190
168 201
168 212
168 216
168 232
168 242
168 246
168 249
168 254
168 264
168 275
169 178
169 189
169 190
169 201
169 212
169 216
169 232
169 242
169 246
169 249
169 254
169 264
169 275
170 178
170 189
170 190
170 201
170 212
170 216
170 232
170 242
170 246
170 249
170 254
170 264
170 275
171 178
171 189
171 190
171 201
171 212
171 216
171 232
171 242
171 246
171 249
171 254
171 264
171 275
172 178
172 189
172 190
172 201
172 212
172 216
172 232
172 242
172 246
172 249
172 254
172 262
172 264
172 275
173 178
173 189
173 190
173 201
173 212
173 216
173 232
173 242
173 246
173 249
173 254
173 262
173 264
173 275
174 178
174 189
174 190
174 201
174 212
174 216
174 232
174 242
174 246
174 249
174 254
174 262
174 264
174 275
175 178
175 189
175 190
175 201
175 212
175 216
175 232
175 242
175 246
175 249
175 254
175 262
175 264
175 275
176 178
176 189
176 190
176 201
176 212
176 232
176 242
176 246
176 249
176 262
176 264
176 275
177 178
177 189
177 190
177 201
177 212
177 232
177 242
177 246
177 248
177 249
177 262
177 264
177 275
178 178
178 189
178 190
178 202
178 232
178 242
178 248
178 249
178 262
178 275
179 178
179 189
179 190
179 202
179 232
179 242
179 248
179 249
179 262
179 275
180 178
180 189
180 190
180 202
180 232
180 248
180 249
180 262
180 275
181 178
181 189
181 190
181 202
181 232
181 248
181 249
181 262
181 275
182 178
182 189
182 190
182 202
182 232
182 248
182 249
182 262
182 275
183 178
183 189
183 190
183 202
183 232
183 248
183 249
183 262
183 275
184 178
184 189
184 190
184 202
184 232
184 248
184 249
184 262
184 275
185 189
185 190
185 202
185 232
185 248
185 262
185 275
186 189
186 202
186 229
186 248
186 262
186 275
187 189
187 202
187 229
187 248
187 262
187 275
188 189
188 202
188 229
188 248
188 262
188 275
189 189
189 202
189 248
189 275
190 189
190 202
190 248
190 275
191 189
191 202
191 209
191 223
191 248
191 275
192 189
192 202
192 209
192 223
192 248
192 275
193 189
193 202
193 209
193 223
193 238
193 248
193 275
194 189
194 202
194 209
194 223
194 238
194 248
194 275
195 189
195 202
195 209
195 223
195 228
195 238
195 248
195 275
196 189
196 202
196 209
196 223
196 238
196 248
196 275
197 189
197 202
197 209
197 223
197 238
197 248
197 275
198 202
198 209
198 223
198 238
198 248
198 269
198 275
199 202
199 209
199 223
199 238
199 248
199 269
199 275
200 202
200 209
200 223
200 238
200 248
200 269
200 275
201 202
201 209
201 223
201 238
201 248
201 269
201 275
202 209
202 223
202 238
202 248
202 269
202 275
203 209
203 223
203 238
203 248
203 269
203 275
204 223
204 234
204 238
204 248
204 269
204 275
205 223
205 234
205 240
205 248
205 269
205 275
206 223
206 226
206 234
206 240
206 248
206 269
206 271
206 275
207 223
207 226
207 234
207 240
207 248
207 269
207 270
207 271
207 275
208 223
208 226
208 234
208 240
208 248
208 269
208 270
208 271
208 275
209 223
209 226
209 234
209 240
209 248
209 270
209 271
209 275
210 223
210 226
210 234
210 240
210 248
210 270
210 271
210 275
211 223
211 226
211 234
211 240
211 248
211 270
211 271
211 275
212 223
212 226
212 234
212 240
212 248
212 270
212 271
212 275
213 223
213 226
213 234
213 240
213 248
213 270
213 271
213 275
214 223
214 226
214 234
214 240
214 256
214 270
214 271
214 275
215 223
215 226
215 234
215 240
215 256
215 270
215 271
215 275
216 223
216 226
216 234
216 240
216 256
216 270
216 271
216 275
217 223
217 226
217 234
217 240
217 256
217 270
217 271
217 275
218 223
218 226
218 234
218 240
218 256
218 270
218 271
218 275
219 223
219 226
219 234
219 240
219 256
219 270
219 271
219 275
220 223
220 226
220 234
220 240
220 256
220 270
220 271
220 275
221 223
221 226
221 234
221 240
221 256
221 270
221 271
221 275
222 223
222 226
222 234
222 240
222 256
222 270
222 271
222 275
223 226
223 234
223 240
223 256
223 271
223 275
224 226
224 234
224 240
224 247
224 256
224 271
224 275
225 226
225 234
225 240
225 247
225 256
225 271
225 275
226 226
226 234
226 240
226 247
226 256
226 271
226 275
227 226
227 234
227 240
227 247
227 256
227 271
227 275
228 240
228 247
228 256
228 275
229 240
229 247
229 256
229 275
230 240
230 247
230 256
230 275
231 240
231 247
231 256
231 275
232 240
232 247
232 256
232 275
233 240
233 247
233 256
233 272
233 275
234 240
234 247
234 256
234 272
234 275
235 240
235 247
235 272
235 275
236 240
236 247
236 272
236 275
237 240
237 247
237 273
237 275
238 240
238 247
238 273
238 275
239 240
239 247
239 273
239 275
240 240
240 247
240 273
240 275
241 240
241 247
241 273
241 275
242 240
242 247
242 273
242 275
243 240
243 247
243 273
243 275
244 240
244 247
244 273
244 275
245 240
245 247
245 273
245 275
246 240
246 247
246 273
246 275
247 240
247 247
247 273
247 275
248 240
248 247
248 273
248 275
249 240
249 247
249 273
249 275
250 240
250 247
250 273
251 240
251 247
251 273
252 240
252 247
252 273
253 240
253 247
253 273
254 240
254 247
254 273
255 240
255 247
255 273
256 240
256 247
256 273
257 240
257 247
257 273
258 240
258 247
258 273
259 240
259 247
259 273
260 240
260 247
260 273
261 240
261 247
261 273
262 240
262 273
263 240
263 273
264 240
264 273
265 240
265 273
266 240
266 273
267 240
267 273
268 240
268 273
269 240
269 273
270 240
270 273
271 240
271 273
272 240
273 240
274 240
275 240
276 240
276 280
277 240
278 240
279 240
