2 3
2 61
2 95
3 6
3 7
3 11
3 15
3 18
3 23
3 61
3 80
3 95
3 221
4 6
4 7
4 11
4 15
4 18
4 23
4 61
4 80
4 95
4 221
5 13
5 21
5 23
5 36
5 61
5 69
5 95
5 195
5 221
6 13
6 17
6 21
6 23
6 26
6 36
6 61
6 69
6 95
6 195
6 221
7 17
7 21
7 23
7 26
7 36
7 60
7 61
7 69
7 95
7 195
7 221
8 9
8 19
8 29
8 30
8 34
8 36
8 43
8 45
8 60
8 61
8 69
8 87
8 95
8 195
8 206
8 221
8 237
9 16
9 19
9 29
9 32
9 36
9 43
9 45
9 60
9 61
9 69
9 87
9 89
9 95
9 195
9 206
9 221
9 237
10 16
10 19
10 29
10 32
10 33
10 36
10 43
10 45
10 60
10 61
10 69
10 89
10 95
10 195
10 206
10 221
10 237
11 19
11 28
11 29
11 32
11 33
11 36
11 43
11 45
11 60
11 61
11 69
11 89
11 95
11 195
11 206
11 221
11 237
12 12
12 14
12 28
12 45
12 47
12 58
12 61
12 69
12 89
12 95
12 133
12 160
12 195
12 206
12 221
12 237
13 12
13 14
13 28
13 45
13 47
13 58
13 61
13 69
13 89
13 95
13 133
13 142
13 160
13 195
13 206
13 221
13 237
14 20
14 28
14 45
14 47
14 55
14 58
14 61
14 77
14 89
14 95
14 106
14 133
14 142
14 160
14 195
14 206
14 221
14 237
14 263
15 20
15 28
15 35
15 45
15 47
15 55
15 58
15 77
15 89
15 95
15 106
15 133
15 139
15 142
15 160
15 175
15 177
15 195
15 206
15 221
15 237
15 250
15 263
16 47
16 55
16 58
16 77
16 89
16 95
16 106
16 133
16 142
16 160
16 171
16 175
16 177
16 181
16 195
16 206
16 221
16 237
16 250
16 263
17 47
17 55
17 58
17 59
17 86
17 89
17 92
17 95
17 100
17 106
17 142
17 160
17 171
17 175
17 177
17 181
17 190
17 195
17 206
17 237
17 244
17 250
17 263
18 55
18 59
18 86
18 89
18 92
18 95
18 100
18 106
18 142
18 171
18 175
18 177
18 181
18 190
18 195
18 206
18 237
18 244
18 250
18 263
19 22
19 49
19 55
19 59
19 86
19 88
19 89
19 95
19 100
19 106
19 142
19 170
19 175
19 177
19 181
19 190
19 195
19 206
19 237
19 244
19 250
19 263
20 22
20 55
20 59
20 86
20 88
20 89
20 95
20 100
20 106
20 142
20 170
20 175
20 177
20 181
20 190
20 195
20 206
20 237
20 244
20 250
20 263
21 24
21 50
21 55
21 59
21 86
21 89
21 95
21 100
21 104
21 106
21 107
21 113
21 143
21 170
21 175
21 177
21 181
21 190
21 195
21 206
21 237
21 244
21 250
21 263
22 50
22 52
22 59
22 86
22 89
22 95
22 100
22 104
22 106
22 107
22 113
22 170
22 175
22 177
22 181
22 190
22 206
22 237
22 250
22 253
22 263
22 274
23 27
23 50
23 52
23 59
23 86
23 89
23 95
23 100
23 104
23 106
23 113
23 170
23 175
23 177
23 181
23 190
23 206
23 237
23 250
23 253
23 263
23 274
24 31
24 37
24 41
24 52
24 62
24 86
24 89
24 95
24 104
24 106
24 113
24 125
24 175
24 176
24 177
24 181
24 206
24 237
24 253
24 263
24 274
24 284
25 31
25 37
25 41
25 52
25 62
25 86
25 89
25 95
25 104
25 106
25 113
25 125
25 175
25 176
25 177
25 181
25 206
25 237
25 253
25 263
25 274
25 284
26 31
26 37
26 41
26 52
26 62
26 86
26 89
26 94
26 95
26 104
26 106
26 113
26 125
26 129
26 175
26 176
26 177
26 181
26 206
26 237
26 253
26 263
26 274
26 284
27 31
27 41
27 52
27 62
27 70
27 86
27 89
27 94
27 95
27 104
27 106
27 113
27 125
27 129
27 175
27 176
27 177
27 181
27 206
27 237
27 253
27 263
27 274
27 284
28 31
28 39
28 52
28 62
28 70
28 86
28 89
28 94
28 95
28 104
28 106
28 125
28 127
28 129
28 151
28 175
28 176
28 177
28 181
28 206
28 237
28 253
28 263
28 274
28 284
29 52
29 86
29 89
29 94
29 95
29 104
29 106
29 117
29 120
29 127
29 129
29 151
29 163
29 175
29 177
29 181
29 237
29 253
29 263
29 274
29 284
30 52
30 86
30 89
30 94
30 95
30 104
30 106
30 117
30 120
30 127
30 129
30 149
30 163
30 175
30 177
30 181
30 227
30 237
30 253
30 263
30 274
30 284
31 86
31 89
31 94
31 95
31 104
31 117
31 120
31 127
31 129
31 149
31 163
31 164
31 175
31 177
31 181
31 237
31 253
31 263
31 274
31 284
32 38
32 65
32 94
32 95
32 117
32 118
32 120
32 127
32 129
32 149
32 163
32 164
32 175
32 237
32 253
32 263
32 274
32 284
33 38
33 65
33 94
33 95
33 99
33 117
33 118
33 120
33 127
33 129
33 149
33 163
33 164
33 175
33 237
33 253
33 263
33 274
33 284
34 38
34 65
34 94
34 95
34 99
34 117
34 118
34 120
34 127
34 149
34 163
34 164
34 167
34 175
34 237
34 253
34 263
34 274
34 284
35 38
35 42
35 44
35 66
35 94
35 95
35 99
35 110
35 116
35 118
35 120
35 127
35 145
35 149
35 163
35 164
35 167
35 169
35 208
35 237
35 253
35 262
35 263
35 282
35 284
36 38
36 42
36 44
36 66
36 94
36 95
36 99
36 110
36 116
36 118
36 120
36 127
36 145
36 149
36 163
36 164
36 167
36 169
36 208
36 237
36 253
36 262
36 263
36 282
36 284
37 38
37 42
37 66
37 94
37 95
37 99
37 110
37 118
37 120
37 126
37 135
37 145
37 149
37 161
37 163
37 164
37 167
37 168
37 169
37 208
37 237
37 240
37 253
37 262
37 263
37 269
37 282
37 284
38 66
38 94
38 95
38 99
38 110
38 118
38 120
38 126
38 135
38 145
38 149
38 161
38 163
38 164
38 167
38 168
38 208
38 237
38 240
38 253
38 262
38 263
38 269
38 282
38 284
39 66
39 94
39 95
39 99
39 110
39 118
39 120
39 126
39 135
39 145
39 149
39 161
39 163
39 164
39 167
39 168
39 208
39 237
39 240
39 253
39 262
39 263
39 269
39 282
39 284
40 66
40 85
40 93
40 94
40 95
40 99
40 102
40 115
40 120
40 121
40 135
40 145
40 146
40 149
40 161
40 163
40 164
40 237
40 240
40 251
40 253
40 256
40 262
40 263
40 269
40 282
41 66
41 94
41 99
41 102
41 120
41 121
41 135
41 141
41 145
41 146
41 149
41 163
41 164
41 217
41 237
41 240
41 251
41 253
41 256
41 262
41 263
41 269
42 51
42 66
42 72
42 94
42 99
42 102
42 111
42 120
42 121
42 135
42 141
42 145
42 146
42 149
42 163
42 164
42 165
42 217
42 237
42 240
42 251
42 253
42 256
42 262
42 263
42 269
43 51
43 66
43 72
43 94
43 99
43 102
43 111
43 120
43 121
43 135
43 141
43 145
43 146
43 149
43 163
43 164
43 165
43 217
43 237
43 240
43 251
43 253
43 256
43 262
43 269
44 51
44 63
44 66
44 68
44 72
44 99
44 102
44 111
44 120
44 121
44 135
44 141
44 145
44 146
44 149
44 155
44 163
44 164
44 165
44 217
44 237
44 240
44 253
44 256
44 262
44 269
45 51
45 63
45 66
45 68
45 72
45 99
45 102
45 111
45 120
45 121
45 124
45 141
45 145
45 146
45 149
45 155
45 163
45 164
45 165
45 179
45 217
45 237
45 240
45 253
45 256
45 262
45 269
45 281
46 56
46 63
46 68
46 72
46 99
46 102
46 108
46 111
46 114
46 121
46 141
46 146
46 149
46 155
46 163
46 164
46 165
46 179
46 184
46 216
46 217
46 237
46 239
46 240
46 253
46 262
46 269
46 281
47 56
47 63
47 68
47 72
47 99
47 102
47 108
47 111
47 114
47 121
47 141
47 146
47 149
47 155
47 163
47 164
47 165
47 179
47 184
47 216
47 217
47 237
47 239
47 240
47 253
47 262
47 269
47 281
48 56
48 63
48 68
48 72
48 84
48 99
48 102
48 108
48 111
48 114
48 121
48 141
48 146
48 149
48 155
48 163
48 164
48 165
48 179
48 184
48 216
48 217
48 237
48 239
48 240
48 253
48 262
48 269
48 281
49 63
49 67
49 68
49 72
49 79
49 84
49 99
49 102
49 108
49 111
49 114
49 121
49 141
49 146
49 149
49 155
49 163
49 164
49 165
49 179
49 184
49 216
49 217
49 237
49 239
49 240
49 253
49 262
49 269
49 281
50 63
50 67
50 68
50 72
50 79
50 84
50 99
50 102
50 108
50 111
50 114
50 121
50 141
50 146
50 149
50 155
50 163
50 164
50 165
50 179
50 184
50 216
50 217
50 237
50 239
50 240
50 253
50 262
50 269
50 281
51 63
51 68
51 72
51 79
51 84
51 99
51 102
51 108
51 111
51 114
51 121
51 141
51 146
51 149
51 155
51 163
51 164
51 165
51 179
51 184
51 216
51 217
51 237
51 239
51 240
51 253
51 262
51 269
51 281
52 63
52 68
52 72
52 79
52 84
52 99
52 102
52 108
52 111
52 114
52 121
52 141
52 146
52 149
52 155
52 163
52 164
52 165
52 179
52 184
52 216
52 217
52 237
52 239
52 240
52 253
52 262
52 269
52 281
53 63
53 72
53 79
53 82
53 84
53 99
53 102
53 108
53 111
53 114
53 121
53 141
53 146
53 149
53 155
53 162
53 163
53 164
53 165
53 179
53 184
53 216
53 217
53 237
53 239
53 240
53 253
53 262
53 269
53 281
54 63
54 72
54 79
54 82
54 84
54 99
54 102
54 108
54 111
54 114
54 121
54 141
54 146
54 149
54 155
54 162
54 163
54 164
54 165
54 179
54 184
54 216
54 217
54 237
54 239
54 240
54 253
54 262
54 269
54 281
55 63
55 72
55 79
55 82
55 84
55 99
55 102
55 108
55 111
55 114
55 121
55 141
55 146
55 149
55 155
55 162
55 163
55 164
55 165
55 179
55 184
55 216
55 217
55 237
55 240
55 253
55 262
55 269
55 281
56 63
56 78
56 79
56 82
56 84
56 96
56 99
56 102
56 108
56 111
56 114
56 121
56 141
56 146
56 149
56 155
56 163
56 164
56 165
56 179
56 184
56 216
56 217
56 237
56 240
56 253
56 262
56 269
56 281
57 63
57 78
57 79
57 82
57 84
57 96
57 99
57 102
57 108
57 111
57 114
57 121
57 141
57 146
57 149
57 155
57 163
57 164
57 165
57 179
57 184
57 207
57 216
57 217
57 237
57 240
57 253
57 262
57 269
57 281
58 63
58 78
58 79
58 82
58 84
58 96
58 99
58 102
58 108
58 111
58 114
58 121
58 141
58 146
58 149
58 155
58 163
58 164
58 179
58 184
58 207
58 216
58 217
58 237
58 240
58 253
58 262
58 269
58 281
59 63
59 64
59 78
59 79
59 82
59 84
59 96
59 99
59 108
59 111
59 114
59 121
59 141
59 146
59 149
59 155
59 158
59 163
59 164
59 179
59 184
59 207
59 216
59 217
59 237
59 240
59 253
59 262
59 269
59 281
60 63
60 64
60 73
60 74
60 78
60 79
60 82
60 84
60 96
60 99
60 108
60 111
60 114
60 121
60 122
60 141
60 146
60 149
60 155
60 158
60 163
60 164
60 179
60 184
60 207
60 216
60 217
60 237
60 240
60 253
60 262
60 269
60 281
61 63
61 64
61 73
61 74
61 78
61 79
61 82
61 84
61 99
61 108
61 114
61 121
61 122
61 146
61 149
61 155
61 158
61 163
61 164
61 179
61 184
61 207
61 216
61 237
61 240
61 253
61 262
61 269
61 281
62 63
62 64
62 71
62 73
62 74
62 78
62 79
62 82
62 84
62 99
62 108
62 114
62 121
62 122
62 146
62 149
62 155
62 158
62 163
62 164
62 179
62 184
62 207
62 216
62 237
62 240
62 253
62 262
62 269
62 281
63 63
63 64
63 71
63 73
63 74
63 78
63 79
63 82
63 84
63 99
63 108
63 114
63 121
63 122
63 146
63 149
63 155
63 158
63 163
63 164
63 179
63 184
63 207
63 216
63 234
63 237
63 240
63 253
63 262
63 269
63 281
64 64
64 71
64 73
64 74
64 78
64 79
64 82
64 84
64 99
64 108
64 114
64 121
64 122
64 146
64 149
64 155
64 158
64 163
64 164
64 179
64 184
64 207
64 216
64 234
64 237
64 240
64 253
64 262
64 269
64 281
65 71
65 74
65 78
65 79
65 82
65 84
65 99
65 108
65 114
65 121
65 122
65 146
65 149
65 155
65 158
65 163
65 164
65 179
65 184
65 207
65 216
65 234
65 236
65 237
65 240
65 262
65 269
65 281
66 75
66 78
66 79
66 82
66 84
66 108
66 114
66 121
66 122
66 146
66 149
66 155
66 158
66 163
66 164
66 172
66 179
66 184
66 207
66 234
66 236
66 237
66 240
66 262
66 269
66 281
67 75
67 78
67 79
67 82
67 84
67 108
67 114
67 121
67 122
67 146
67 149
67 155
67 158
67 163
67 164
67 172
67 179
67 184
67 207
67 234
67 236
67 237
67 240
67 262
67 269
67 281
68 75
68 78
68 82
68 84
68 90
68 108
68 114
68 121
68 149
68 150
68 155
68 158
68 163
68 164
68 172
68 179
68 184
68 207
68 234
68 236
68 237
68 240
68 262
68 269
68 281
69 75
69 78
69 82
69 90
69 103
69 121
69 128
69 149
69 150
69 155
69 158
69 163
69 164
69 172
69 179
69 184
69 207
69 234
69 236
69 237
69 240
69 262
69 269
69 275
69 281
70 75
70 78
70 82
70 90
70 103
70 109
70 121
70 128
70 149
70 150
70 155
70 158
70 163
70 164
70 172
70 179
70 184
70 207
70 234
70 236
70 237
70 240
70 262
70 269
70 275
70 281
71 75
71 78
71 82
71 83
71 103
71 109
71 121
71 128
71 149
71 150
71 155
71 158
71 163
71 164
71 179
71 184
71 202
71 207
71 218
71 234
71 236
71 237
71 240
71 262
71 264
71 269
71 275
71 281
72 75
72 78
72 82
72 83
72 103
72 109
72 121
72 128
72 130
72 149
72 150
72 155
72 158
72 163
72 179
72 184
72 202
72 207
72 218
72 234
72 236
72 237
72 262
72 264
72 269
72 275
72 281
73 75
73 78
73 82
73 83
73 103
73 109
73 121
73 128
73 130
73 149
73 150
73 155
73 158
73 163
73 179
73 184
73 202
73 207
73 218
73 234
73 236
73 237
73 262
73 264
73 269
73 275
73 281
74 75
74 78
74 82
74 83
74 103
74 105
74 109
74 121
74 128
74 130
74 149
74 150
74 158
74 163
74 179
74 184
74 207
74 234
74 236
74 237
74 262
74 264
74 275
74 281
75 75
75 78
75 82
75 83
75 91
75 103
75 105
75 109
75 121
75 128
75 130
75 150
75 158
75 163
75 179
75 184
75 207
75 234
75 236
75 237
75 264
75 275
75 281
76 75
76 78
76 82
76 83
76 91
76 103
76 105
76 109
76 121
76 128
76 130
76 150
76 158
76 163
76 179
76 184
76 207
76 234
76 236
76 237
76 264
76 275
76 281
77 75
77 78
77 82
77 83
77 91
77 103
77 105
77 109
77 121
77 128
77 130
77 158
77 173
77 183
77 184
77 207
77 214
77 234
77 236
77 237
77 264
77 275
77 281
78 78
78 82
78 91
78 103
78 105
78 109
78 130
78 136
78 158
78 173
78 183
78 184
78 197
78 207
78 214
78 234
78 236
78 237
78 264
78 275
78 281
79 78
79 91
79 103
79 109
79 130
79 158
79 173
79 183
79 184
79 197
79 204
79 207
79 214
79 234
79 236
79 237
79 248
79 249
79 264
79 275
79 281
80 78
80 91
80 109
80 123
80 130
80 157
80 173
80 183
80 197
80 201
80 204
80 207
80 214
80 234
80 236
80 237
80 248
80 249
80 264
80 275
80 281
81 78
81 91
81 109
81 130
81 157
81 173
81 183
81 197
81 201
81 204
81 207
81 214
81 234
81 236
81 237
81 248
81 249
81 264
81 275
81 281
82 91
82 109
82 130
82 157
82 173
82 183
82 197
82 201
82 204
82 207
82 214
82 234
82 237
82 248
82 249
82 264
82 275
82 281
83 91
83 109
83 130
83 157
83 173
83 183
83 197
83 201
83 204
83 207
83 214
83 234
83 237
83 248
83 249
83 264
83 275
83 281
84 91
84 98
84 130
84 157
84 173
84 183
84 197
84 201
84 204
84 207
84 214
84 234
84 237
84 248
84 249
84 264
84 275
84 281
85 91
85 98
85 130
85 157
85 173
85 183
85 197
85 201
85 204
85 207
85 214
85 234
85 237
85 248
85 249
85 264
85 275
85 281
86 91
86 98
86 130
86 157
86 173
86 183
86 197
86 201
86 204
86 207
86 214
86 234
86 237
86 248
86 249
86 264
86 275
86 281
87 91
87 98
87 130
87 157
87 173
87 183
87 197
87 201
87 204
87 207
87 214
87 234
87 237
87 248
87 249
87 264
87 275
87 281
88 91
88 98
88 130
88 157
88 173
88 183
88 197
88 201
88 204
88 207
88 214
88 234
88 237
88 248
88 249
88 264
88 275
88 281
89 91
89 98
89 112
89 130
89 157
89 173
89 183
89 197
89 201
89 204
89 207
89 214
89 234
89 237
89 248
89 249
89 264
89 275
89 281
90 91
90 98
90 112
90 130
90 157
90 173
90 183
90 197
90 201
90 204
90 207
90 214
90 237
90 248
90 249
90 264
90 275
90 281
91 98
91 112
91 130
91 157
91 173
91 183
91 197
91 201
91 204
91 207
91 214
91 237
91 248
91 249
91 264
91 275
91 281
92 98
92 112
92 157
92 173
92 183
92 197
92 201
92 204
92 207
92 214
92 237
92 248
92 249
92 264
92 275
92 281
93 98
93 112
93 157
93 173
93 183
93 201
93 204
93 207
93 214
93 237
93 248
93 249
93 275
93 281
94 98
94 112
94 157
94 173
94 183
94 201
94 204
94 207
94 214
94 237
94 245
94 248
94 249
94 275
94 281
95 98
95 112
95 157
95 173
95 183
95 201
95 204
95 207
95 214
95 237
95 245
95 248
95 249
95 275
95 281
96 98
96 112
96 137
96 152
96 157
96 173
96 183
96 201
96 204
96 207
96 214
96 233
96 237
96 238
96 245
96 248
96 249
96 275
96 281
97 98
97 112
97 137
97 152
97 157
97 173
97 183
97 201
97 204
97 207
97 214
97 233
97 237
97 238
97 245
97 248
97 249
97 275
97 281
98 98
98 112
98 137
98 152
98 157
98 173
98 183
98 201
98 207
98 214
98 233
98 237
98 238
98 245
98 248
98 249
98 275
98 281
99 98
99 137
99 152
99 157
99 173
99 183
99 201
99 207
99 214
99 233
99 237
99 238
99 245
99 248
99 249
99 275
99 281
100 98
100 137
100 152
100 157
100 173
100 183
100 201
100 207
100 214
100 233
100 237
100 238
100 245
100 248
100 249
100 275
100 281
101 98
101 137
101 152
101 157
101 173
101 183
101 201
101 207
101 214
101 233
101 237
101 238
101 245
101 248
101 249
101 275
101 281
102 137
102 152
102 157
102 173
102 174
102 183
102 201
102 207
102 214
102 233
102 238
102 245
102 248
102 249
102 275
102 281
103 137
103 152
103 157
103 173
103 174
103 183
103 201
103 207
103 214
103 233
103 238
103 245
103 248
103 249
103 275
103 281
104 137
104 152
104 157
104 173
104 174
104 182
104 183
104 185
104 201
104 207
104 214
104 233
104 238
104 245
104 248
104 249
104 275
104 281
105 137
105 152
105 157
105 173
105 174
105 182
105 183
105 201
105 207
105 214
105 233
105 238
105 245
105 248
105 249
105 275
105 281
106 131
106 137
106 138
106 152
106 157
106 173
106 174
106 182
106 183
106 201
106 207
106 214
106 238
106 245
106 248
106 249
106 252
106 275
106 281
107 119
107 131
107 137
107 138
107 152
107 157
107 173
107 174
107 182
107 183
107 201
107 207
107 214
107 238
107 245
107 248
107 249
107 275
107 281
108 119
108 131
108 137
108 152
108 157
108 173
108 174
108 183
108 201
108 207
108 214
108 225
108 238
108 245
108 257
108 275
108 281
109 119
109 131
109 137
109 157
109 173
109 183
109 188
109 201
109 225
109 238
109 245
109 257
109 275
109 281
110 119
110 131
110 137
110 157
110 173
110 183
110 188
110 201
110 225
110 238
110 245
110 257
110 275
110 281
111 119
111 131
111 137
111 157
111 173
111 183
111 188
111 201
111 225
111 238
111 245
111 257
111 275
111 281
112 119
112 131
112 137
112 157
112 173
112 188
112 201
112 225
112 238
112 243
112 245
112 257
112 275
112 281
113 137
113 159
113 173
113 188
113 201
113 225
113 238
113 242
113 243
113 257
113 275
113 277
113 281
114 137
114 159
114 173
114 188
114 201
114 225
114 238
114 242
114 243
114 257
114 275
114 277
114 281
115 137
115 159
115 173
115 188
115 201
115 225
115 238
115 242
115 243
115 257
115 260
115 277
115 281
116 137
116 159
116 173
116 188
116 201
116 225
116 238
116 242
116 243
116 257
116 260
116 277
116 281
117 137
117 159
117 173
117 188
117 201
117 225
117 238
117 242
117 243
117 257
117 260
117 277
117 278
118 137
118 159
118 173
118 188
118 201
118 225
118 238
118 242
118 243
118 257
118 260
118 277
118 278
119 137
119 159
119 173
119 188
119 201
119 225
119 238
119 242
119 243
119 257
119 260
119 277
119 278
120 137
120 153
120 159
120 173
120 188
120 193
120 201
120 225
120 238
120 242
120 243
120 254
120 260
120 277
120 278
121 137
121 140
121 153
121 159
121 173
121 188
121 193
121 201
121 225
121 238
121 242
121 243
121 254
121 260
121 277
121 278
122 137
122 140
122 153
122 159
122 173
122 193
122 201
122 225
122 242
122 243
122 254
122 260
122 277
122 278
123 137
123 140
123 153
123 159
123 173
123 193
123 201
123 225
123 242
123 243
123 254
123 260
123 277
123 278
124 137
124 140
124 153
124 159
124 173
124 193
124 201
124 225
124 242
124 243
124 254
124 260
124 277
124 278
125 134
125 140
125 148
125 159
125 166
125 193
125 201
125 225
125 242
125 243
125 254
125 260
125 268
125 277
125 278
126 134
126 140
126 148
126 159
126 166
126 193
126 201
126 225
126 242
126 243
126 254
126 260
126 268
126 277
126 278
127 134
127 140
127 148
127 159
127 166
127 193
127 201
127 225
127 242
127 243
127 254
127 260
127 268
127 277
127 278
128 134
128 140
128 148
128 159
128 166
128 193
128 201
128 225
128 242
128 243
128 254
128 260
128 268
128 277
128 278
129 134
129 140
129 148
129 159
129 166
129 193
129 201
129 225
129 242
129 243
129 254
129 260
129 268
129 277
129 278
130 132
130 140
130 147
130 148
130 159
130 193
130 201
130 225
130 242
130 243
130 254
130 260
130 268
130 277
130 278
131 132
131 140
131 147
131 148
131 159
131 193
131 201
131 225
131 242
131 243
131 254
131 260
131 268
131 277
131 278
132 132
132 140
132 147
132 148
132 159
132 193
132 201
132 225
132 242
132 243
132 254
132 260
132 268
132 277
132 278
133 132
133 140
133 147
133 148
133 159
133 193
133 201
133 225
133 242
133 243
133 254
133 260
133 268
133 277
133 278
134 132
134 140
134 147
134 148
134 159
134 193
134 201
134 225
134 242
134 243
134 254
134 260
134 268
134 277
134 278
135 140
135 147
135 148
135 193
135 201
135 225
135 242
135 243
135 254
135 260
135 268
135 277
135 278
136 140
136 147
136 148
136 193
136 201
136 225
136 242
136 243
136 254
136 260
136 268
136 277
136 278
137 140
137 147
137 148
137 193
137 199
137 201
137 205
137 225
137 242
137 243
137 254
137 260
137 268
137 277
137 278
138 147
138 148
138 186
138 199
138 201
138 205
138 225
138 242
138 243
138 254
138 260
138 268
138 277
139 147
139 156
139 186
139 199
139 201
139 205
139 210
139 242
139 254
139 255
139 260
140 156
140 178
140 186
140 194
140 199
140 201
140 203
140 205
140 210
140 213
140 219
140 242
140 246
140 255
140 260
141 156
141 178
141 186
141 194
141 199
141 201
141 203
141 205
141 210
141 213
141 219
141 242
141 246
141 255
141 260
142 156
142 178
142 180
142 186
142 194
142 199
142 201
142 203
142 205
142 210
142 213
142 219
142 242
142 246
142 255
142 260
142 270
143 156
143 178
143 180
143 186
143 194
143 199
143 201
143 203
143 205
143 210
143 213
143 219
143 242
143 246
143 255
143 260
143 270
144 156
144 178
144 180
144 186
144 187
144 194
144 199
144 201
144 203
144 205
144 210
144 213
144 219
144 242
144 246
144 255
144 260
144 270
145 156
145 178
145 180
145 186
145 187
145 194
145 199
145 201
145 203
145 205
145 210
145 213
145 219
145 242
145 246
145 255
145 260
145 270
146 156
146 178
146 180
146 186
146 187
146 194
146 199
146 201
146 203
146 205
146 210
146 213
146 219
146 231
146 242
146 246
146 255
146 260
146 270
147 156
147 178
147 180
147 186
147 187
147 194
147 199
147 201
147 203
147 205
147 210
147 213
147 219
147 231
147 242
147 246
147 255
147 260
147 270
148 156
148 178
148 180
148 186
148 187
148 194
148 199
148 201
148 203
148 205
148 210
148 213
148 219
148 231
148 242
148 246
148 255
148 260
148 270
149 156
149 178
149 180
149 186
149 187
149 194
149 199
149 201
149 203
149 205
149 210
149 213
149 219
149 231
149 242
149 246
149 255
149 260
149 270
150 178
150 180
150 186
150 187
150 194
150 198
150 199
150 201
150 203
150 205
150 210
150 213
150 219
150 231
150 242
150 246
150 255
150 260
150 270
151 178
151 180
151 186
151 187
151 192
151 194
151 198
151 199
151 201
151 203
151 205
151 210
151 213
151 219
151 242
151 246
151 255
151 260
152 178
152 180
152 186
152 187
152 192
152 194
152 198
152 199
152 201
152 203
152 205
152 210
152 213
152 219
152 242
152 246
152 255
152 260
153 178
153 180
153 186
153 187
153 192
153 194
153 198
153 199
153 201
153 203
153 205
153 210
153 213
153 219
153 242
153 246
153 255
153 260
153 279
154 178
154 180
154 186
154 187
154 192
154 194
154 198
154 203
154 205
154 213
154 219
154 242
154 246
154 255
154 260
154 279
155 178
155 180
155 186
155 187
155 192
155 194
155 198
155 203
155 205
155 213
155 219
155 242
155 246
155 255
155 260
155 279
156 178
156 180
156 186
156 187
156 192
156 194
156 198
156 203
156 205
156 213
156 219
156 242
156 246
156 255
156 260
156 279
157 178
157 180
157 186
157 187
157 192
157 194
157 198
157 203
157 205
157 213
157 219
157 242
157 246
157 255
157 260
157 279
158 178
158 180
158 186
158 187
158 192
158 194
158 198
158 203
158 205
158 213
158 219
158 242
158 246
158 255
158 260
158 279
159 178
159 180
159 186
159 187
159 192
159 194
159 198
159 203
159 205
159 213
159 219
159 226
159 242
159 246
159 279
160 178
160 180
160 186
160 187
160 192
160 198
160 203
160 205
160 213
160 219
160 226
160 242
160 246
160 279
161 178
161 180
161 186
161 192
161 198
161 203
161 205
161 213
161 219
161 226
161 242
161 246
161 279
162 178
162 180
162 186
162 192
162 198
162 203
162 205
162 213
162 219
162 226
162 242
162 246
162 279
163 180
163 186
163 192
163 198
163 203
163 205
163 213
163 219
163 226
163 242
163 246
163 279
164 180
164 186
164 192
164 198
164 203
164 205
164 212
164 213
164 219
164 226
164 242
164 246
164 279
165 186
165 192
165 198
165 203
165 205
165 212
165 213
165 219
165 226
165 242
165 246
165 279
166 186
166 192
166 196
166 198
166 203
166 205
166 212
166 213
166 219
166 226
166 242
166 246
166 258
166 279
166 280
167 186
167 192
167 196
167 198
167 203
167 205
167 212
167 213
167 219
167 226
167 242
167 246
167 258
167 279
167 280
168 186
168 192
168 196
168 198
168 203
168 205
168 212
168 213
168 219
168 226
168 242
168 246
168 258
168 279
168 280
169 196
169 198
169 203
169 205
169 212
169 213
169 219
169 226
169 242
169 246
169 258
169 279
169 280
170 196
170 198
170 203
170 205
170 212
170 213
170 219
170 226
170 241
170 242
170 246
170 258
170 279
170 280
171 189
171 196
171 198
171 203
171 205
171 212
171 213
171 226
171 241
171 242
171 246
171 258
171 279
171 280
172 189
172 196
172 198
172 203
172 205
172 212
172 213
172 226
172 241
172 242
172 246
172 258
172 279
172 280
173 189
173 196
173 198
173 203
173 205
173 212
173 213
173 226
173 241
173 242
173 246
173 258
173 279
173 280
174 189
174 196
174 198
174 203
174 205
174 212
174 213
174 226
174 230
174 241
174 242
174 246
174 258
174 279
174 280
175 189
175 196
175 198
175 203
175 205
175 212
175 213
175 226
175 230
175 241
175 242
175 246
175 258
175 279
175 280
176 189
176 196
176 198
176 203
176 205
176 212
176 213
176 226
176 230
176 241
176 242
176 246
176 258
176 279
176 280
177 189
177 196
177 198
177 203
177 205
177 212
177 213
177 226
177 230
177 241
177 242
177 246
177 258
177 279
177 280
178 189
178 196
178 198
178 203
178 205
178 212
178 213
178 226
178 230
178 242
178 246
178 258
178 266
178 279
178 280
179 189
179 196
179 198
179 203
179 205
179 213
179 226
179 230
179 242
179 258
179 266
179 279
179 280
180 189
180 196
180 198
180 203
180 205
180 213
180 226
180 230
180 242
180 258
180 266
180 279
180 280
181 189
181 191
181 196
181 198
181 203
181 205
181 213
181 226
181 230
181 242
181 258
181 266
181 279
181 280
182 189
182 196
182 198
182 203
182 205
182 213
182 226
182 230
182 258
182 266
182 271
182 273
182 279
183 198
183 200
183 205
183 209
183 224
183 226
183 230
183 258
183 266
183 271
183 273
183 279
184 198
184 200
184 205
184 209
184 224
184 226
184 229
184 230
184 258
184 266
184 271
184 273
184 279
185 198
185 200
185 205
185 209
185 224
185 226
185 229
185 230
185 258
185 266
185 271
185 273
185 279
186 198
186 200
186 205
186 209
186 224
186 226
186 229
186 230
186 258
186 266
186 271
186 273
186 279
187 198
187 205
187 209
187 215
187 224
187 226
187 229
187 230
187 247
187 258
187 266
187 271
187 273
187 279
188 198
188 209
188 215
188 226
188 229
188 230
188 247
188 258
188 266
188 271
188 273
188 279
189 198
189 209
189 215
189 226
189 229
189 230
189 247
189 258
189 266
189 271
189 272
189 273
189 279
190 198
190 209
190 215
190 226
190 229
190 230
190 247
190 258
190 266
190 271
190 272
190 273
190 279
191 198
191 209
191 215
191 223
191 226
191 228
191 229
191 247
191 258
191 266
191 272
191 273
191 279
192 198
192 215
192 223
192 226
192 228
192 229
192 247
192 258
192 266
192 272
192 273
192 279
193 198
193 215
193 223
193 226
193 228
193 229
193 247
193 258
193 266
193 272
193 273
193 279
194 198
194 215
194 222
194 223
194 228
194 229
194 247
194 258
194 266
194 267
194 272
194 273
194 279
195 198
195 215
195 222
195 223
195 228
195 229
195 247
195 258
195 266
195 267
195 272
195 273
195 279
196 198
196 215
196 222
196 223
196 228
196 229
196 235
196 247
196 258
196 261
196 266
196 267
196 272
196 273
196 279
197 198
197 215
197 222
197 223
197 228
197 229
197 235
197 247
197 258
197 261
197 266
197 267
197 272
197 273
197 279
198 198
198 215
198 222
198 223
198 228
198 229
198 235
198 247
198 258
198 261
198 266
198 267
198 272
198 273
198 279
199 215
199 222
199 223
199 228
199 229
199 247
199 258
199 261
199 266
199 267
199 272
199 273
199 279
200 215
200 222
200 223
200 228
200 229
200 247
200 258
200 261
200 266
200 267
200 272
200 273
200 279
201 215
201 222
201 223
201 228
201 229
201 247
201 258
201 261
201 266
201 267
201 272
201 273
201 279
202 215
202 222
202 223
202 228
202 247
202 261
202 266
202 267
202 272
202 279
203 215
203 222
203 223
203 228
203 247
203 261
203 266
203 267
203 272
203 279
204 215
204 222
204 223
204 228
204 247
204 261
204 266
204 267
204 272
204 279
205 215
205 222
205 223
205 247
205 266
205 267
205 272
205 279
206 215
206 222
206 223
206 247
206 266
206 267
206 272
206 279
207 215
207 222
207 223
207 247
207 266
207 267
207 272
207 279
208 215
208 222
208 223
208 247
208 266
208 267
208 272
208 279
209 222
209 223
209 247
209 266
209 267
209 279
210 222
210 223
210 247
210 266
210 267
210 279
211 222
211 223
211 247
211 266
211 267
211 279
212 222
212 223
212 247
212 266
212 267
212 279
213 222
213 223
213 247
213 259
213 266
213 267
213 279
214 222
214 223
214 247
214 259
214 266
214 267
214 279
215 222
215 223
215 247
215 259
215 266
215 267
215 279
216 222
216 223
216 247
216 259
216 266
216 267
216 279
217 222
217 223
217 247
217 259
217 266
217 267
217 279
218 223
218 247
218 259
218 266
218 267
218 279
219 223
219 247
219 259
219 266
219 267
219 279
220 223
220 247
220 259
220 266
220 267
220 279
221 223
221 259
221 266
221 267
221 279
222 223
222 259
222 267
223 223
223 259
223 267
224 223
224 259
224 267
225 223
225 259
225 267
226 223
226 259
226 267
227 223
227 259
227 267
228 223
228 259
228 267
229 223
229 259
229 267
230 223
230 259
230 267
231 223
231 259
231 267
232 223
232 259
232 267
233 223
233 259
233 267
234 223
234 259
234 267
235 223
235 259
235 267
236 223
236 259
236 267
237 223
237 259
237 267
238 223
238 259
238 267
239 223
239 259
239 267
240 223
240 259
240 267
241 259
241 267
242 259
242 267
243 259
243 267
244 259
244 267
245 259
245 267
245 283
246 259
246 267
246 283
247 259
247 267
247 283
248 259
248 267
248 283
249 267
249 283
250 267
250 283
251 267
251 283
252 267
252 283
253 267
254 267
255 267
256 267
257 267
258 267
259 267
260 267
261 267
261 276
262 267
262 276
263 267
263 276
264 267
264 276
265 267
265 276
266 267
266 276
267 267
267 276
268 267
268 276
269 276
270 276
271 276
272 276
273 276
274 276
275 276
276 276
277 276
278 276
279 276
280 276
281 276
282 276
