0 6
0 30
1 11
1 12
1 28
1 30
1 49
1 56
1 86
1 202
2 10
2 56
2 64
2 86
2 106
2 172
2 202
3 7
3 9
3 13
3 25
3 56
3 64
3 86
3 106
3 119
3 172
3 198
3 202
4 7
4 9
4 13
4 16
4 17
4 19
4 25
4 56
4 64
4 86
4 106
4 119
4 172
4 198
4 202
5 7
5 9
5 13
5 16
5 17
5 19
5 25
5 56
5 64
5 86
5 106
5 119
5 172
5 198
5 202
6 9
6 13
6 16
6 17
6 19
6 25
6 47
6 56
6 64
6 86
6 106
6 119
6 128
6 172
6 198
6 202
7 9
7 16
7 19
7 47
7 56
7 64
7 86
7 106
7 119
7 128
7 172
7 198
7 202
8 9
8 16
8 19
8 47
8 56
8 64
8 86
8 106
8 119
8 128
8 172
8 198
8 202
9 16
9 47
9 56
9 57
9 64
9 86
9 106
9 119
9 128
9 161
9 172
9 198
9 202
10 16
10 47
10 57
10 64
10 86
10 105
10 106
10 112
10 119
10 128
10 161
10 172
10 198
10 202
11 18
11 43
11 47
11 57
11 64
11 86
11 105
11 106
11 112
11 115
11 128
11 151
11 161
11 172
11 198
11 202
11 264
12 18
12 43
12 46
12 47
12 57
12 64
12 86
12 105
12 106
12 112
12 115
12 128
12 151
12 161
12 172
12 198
12 202
12 264
13 18
13 43
13 46
13 47
13 54
13 64
13 86
13 105
13 106
13 112
13 115
13 128
13 151
13 161
13 172
13 198
13 202
13 264
14 18
14 43
14 46
14 47
14 54
14 64
14 86
14 105
14 106
14 112
14 115
14 128
14 151
14 161
14 172
14 198
14 202
14 264
15 21
15 43
15 46
15 64
15 67
15 69
15 86
15 105
15 106
15 112
15 115
15 128
15 151
15 161
15 172
15 198
15 202
15 264
16 21
16 46
16 64
16 67
16 69
16 86
16 105
16 112
16 115
16 128
16 151
16 172
16 180
16 198
16 202
16 264
17 22
17 23
17 36
17 64
17 69
17 77
17 81
17 86
17 103
17 105
17 112
17 115
17 128
17 134
17 144
17 151
17 172
17 176
17 180
17 181
17 198
17 202
17 264
18 22
18 23
18 36
18 64
18 69
18 77
18 81
18 86
18 103
18 105
18 112
18 115
18 128
18 134
18 144
18 151
18 172
18 176
18 180
18 181
18 198
18 202
18 264
19 22
19 23
19 36
19 64
19 69
19 77
19 81
19 86
19 103
19 105
19 112
19 115
19 128
19 134
19 144
19 151
19 172
19 176
19 180
19 181
19 198
19 202
19 264
20 36
20 51
20 64
20 77
20 81
20 86
20 103
20 105
20 112
20 115
20 128
20 134
20 143
20 151
20 172
20 176
20 180
20 181
20 198
20 202
20 264
21 36
21 51
21 64
21 77
21 81
21 86
21 103
21 105
21 112
21 115
21 128
21 134
21 143
21 151
21 166
21 172
21 176
21 180
21 181
21 198
21 202
21 264
22 45
22 51
22 64
22 77
22 81
22 86
22 103
22 105
22 115
22 128
22 134
22 143
22 151
22 166
22 172
22 176
22 180
22 181
22 198
22 264
23 42
23 51
23 64
23 65
23 77
23 81
23 86
23 103
23 105
23 115
23 143
23 146
23 151
23 166
23 172
23 176
23 180
23 198
23 264
24 26
24 33
24 41
24 42
24 48
24 51
24 60
24 65
24 81
24 86
24 103
24 105
24 115
24 143
24 146
24 151
24 166
24 172
24 176
24 180
24 198
24 205
24 264
25 33
25 41
25 42
25 48
25 51
25 60
25 65
25 81
25 86
25 103
25 105
25 115
25 143
25 146
25 151
25 162
25 166
25 172
25 176
25 180
25 198
25 264
26 33
26 41
26 42
26 48
26 51
26 60
26 65
26 81
26 86
26 103
26 105
26 115
26 143
26 146
26 151
26 162
26 166
26 172
26 176
26 180
26 198
26 264
27 33
27 41
27 51
27 53
27 63
27 65
27 76
27 86
27 103
27 105
27 110
27 115
27 140
27 143
27 146
27 151
27 162
27 166
27 172
27 176
27 180
27 198
27 264
28 41
28 51
28 53
28 63
28 65
28 76
28 86
28 89
28 105
28 110
28 115
28 140
28 143
28 146
28 151
28 162
28 166
28 176
28 180
28 198
28 264
28 269
29 41
29 51
29 53
29 63
29 65
29 76
29 86
29 89
29 105
29 110
29 115
29 140
29 143
29 146
29 151
29 162
29 166
29 176
29 180
29 198
29 264
29 269
30 41
30 51
30 53
30 63
30 65
30 86
30 89
30 105
30 110
30 115
30 131
30 140
30 143
30 146
30 151
30 162
30 166
30 176
30 180
30 198
30 264
30 269
31 41
31 44
31 51
31 53
31 63
31 65
31 86
31 89
31 105
31 110
31 115
31 131
31 140
31 143
31 146
31 151
31 162
31 166
31 176
31 180
31 198
31 264
31 269
32 39
32 44
32 50
32 53
32 63
32 65
32 85
32 86
32 89
32 105
32 108
32 115
32 125
32 131
32 143
32 151
32 162
32 166
32 167
32 180
32 198
32 219
32 221
32 243
32 264
32 269
33 39
33 44
33 50
33 53
33 63
33 65
33 85
33 86
33 89
33 105
33 108
33 115
33 125
33 131
33 143
33 151
33 162
33 166
33 167
33 180
33 198
33 219
33 221
33 243
33 264
33 269
34 44
34 50
34 63
34 65
34 75
34 85
34 86
34 89
34 105
34 108
34 125
34 143
34 151
34 156
34 162
34 166
34 167
34 180
34 198
34 219
34 221
34 243
34 264
34 269
35 44
35 50
35 63
35 65
35 75
35 85
35 86
35 89
35 105
35 108
35 125
35 143
35 151
35 156
35 162
35 166
35 167
35 180
35 198
35 219
35 221
35 243
35 264
35 269
36 44
36 63
36 75
36 85
36 86
36 89
36 105
36 108
36 125
36 143
36 151
36 156
36 166
36 167
36 180
36 198
36 204
36 219
36 221
36 243
36 264
36 269
36 270
37 44
37 63
37 75
37 85
37 86
37 89
37 105
37 108
37 125
37 143
37 151
37 156
37 166
37 167
37 180
37 198
37 204
37 219
37 221
37 243
37 264
37 269
37 270
38 44
38 63
38 75
38 85
38 86
38 89
38 105
38 108
38 125
38 143
38 151
38 156
38 166
38 167
38 180
38 198
38 204
38 219
38 221
38 240
38 243
38 264
38 269
39 44
39 63
39 75
39 85
39 86
39 89
39 105
39 108
39 125
39 143
39 151
39 156
39 166
39 167
39 180
39 198
39 204
39 219
39 221
39 240
39 243
39 264
39 269
40 44
40 63
40 75
40 85
40 86
40 89
40 105
40 108
40 125
40 143
40 151
40 156
40 166
40 167
40 180
40 198
40 204
40 219
40 221
40 240
40 243
40 264
40 269
41 44
41 55
41 58
41 63
41 71
41 73
41 85
41 101
41 105
41 125
41 141
41 147
41 151
41 156
41 165
41 166
41 167
41 180
41 196
41 219
41 221
41 240
41 243
41 269
41 284
42 44
42 55
42 58
42 63
42 71
42 73
42 85
42 101
42 105
42 125
42 141
42 151
42 156
42 165
42 166
42 167
42 180
42 196
42 221
42 240
42 243
42 269
42 284
43 44
43 55
43 58
43 71
43 73
43 79
43 85
43 91
43 101
43 105
43 107
43 125
43 141
43 156
43 165
43 166
43 167
43 180
43 192
43 196
43 221
43 240
43 243
43 269
43 284
44 44
44 55
44 58
44 71
44 73
44 79
44 85
44 91
44 96
44 101
44 105
44 107
44 125
44 141
44 156
44 165
44 166
44 167
44 180
44 192
44 196
44 221
44 240
44 243
44 269
44 284
45 44
45 55
45 58
45 71
45 73
45 79
45 85
45 91
45 96
45 101
45 105
45 107
45 125
45 141
45 156
45 165
45 166
45 167
45 180
45 192
45 195
45 196
45 221
45 240
45 243
45 269
45 284
46 55
46 58
46 73
46 79
46 85
46 91
46 96
46 100
46 101
46 105
46 107
46 120
46 125
46 153
46 156
46 165
46 166
46 167
46 180
46 192
46 195
46 196
46 221
46 240
46 243
46 269
46 284
47 58
47 73
47 87
47 96
47 101
47 105
47 125
47 156
47 165
47 166
47 167
47 180
47 192
47 195
47 196
47 210
47 221
47 240
47 243
47 257
47 269
47 284
48 52
48 58
48 73
48 87
48 90
48 96
48 125
48 148
48 156
48 166
48 167
48 180
48 192
48 195
48 196
48 210
48 221
48 226
48 240
48 243
48 257
48 269
48 284
49 52
49 58
49 70
49 73
49 96
49 111
49 117
49 122
49 125
49 148
49 166
49 167
49 180
49 182
49 192
49 195
49 196
49 210
49 221
49 240
49 243
49 257
49 269
49 284
50 58
50 66
50 78
50 111
50 117
50 122
50 125
50 148
50 154
50 166
50 167
50 182
50 192
50 195
50 196
50 213
50 221
50 243
50 257
50 284
51 58
51 66
51 78
51 111
51 117
51 122
51 125
51 148
51 154
51 166
51 167
51 177
51 182
51 192
51 195
51 196
51 213
51 221
51 243
51 257
51 284
52 58
52 66
52 78
52 95
52 111
52 117
52 122
52 125
52 148
52 154
52 166
52 167
52 177
52 182
52 192
52 195
52 196
52 213
52 221
52 243
52 257
52 284
53 58
53 66
53 78
53 83
53 95
53 111
53 117
53 122
53 125
53 148
53 154
53 167
53 177
53 182
53 192
53 195
53 196
53 213
53 221
53 243
53 257
53 284
54 66
54 83
54 95
54 111
54 117
54 122
54 125
54 148
54 154
54 155
54 167
54 177
54 182
54 192
54 195
54 196
54 213
54 221
54 243
54 257
54 284
55 62
55 72
55 80
55 95
55 117
55 125
55 148
55 150
55 154
55 155
55 167
55 182
55 192
55 195
55 196
55 206
55 213
55 221
55 243
55 244
55 247
55 257
56 62
56 72
56 80
56 84
56 95
56 125
56 138
56 148
56 150
56 155
56 167
56 182
56 192
56 195
56 196
56 206
56 213
56 221
56 243
56 244
56 247
56 257
57 62
57 72
57 80
57 84
57 95
57 125
57 138
57 148
57 150
57 155
57 167
57 182
57 192
57 195
57 196
57 206
57 213
57 221
57 243
57 244
57 247
57 257
58 62
58 72
58 84
58 93
58 95
58 114
58 129
58 136
58 138
58 148
58 150
58 155
58 157
58 182
58 191
58 192
58 195
58 196
58 206
58 213
58 221
58 236
58 243
58 244
58 247
58 257
59 72
59 84
59 88
59 114
59 129
59 130
59 136
59 138
59 148
59 150
59 155
59 157
59 182
59 186
59 191
59 192
59 195
59 196
59 221
59 236
59 243
59 244
59 247
59 257
59 280
60 72
60 84
60 88
60 104
60 114
60 129
60 130
60 136
60 138
60 148
60 150
60 155
60 157
60 182
60 186
60 191
60 192
60 195
60 196
60 221
60 236
60 243
60 244
60 247
60 257
60 280
61 72
61 84
61 88
61 104
61 114
61 129
61 130
61 136
61 138
61 148
61 150
61 155
61 157
61 182
61 186
61 191
61 192
61 195
61 196
61 221
61 236
61 243
61 244
61 247
61 257
61 280
62 72
62 84
62 88
62 104
62 114
62 129
62 130
62 136
62 138
62 148
62 150
62 155
62 157
62 182
62 186
62 191
62 192
62 195
62 196
62 221
62 236
62 243
62 244
62 247
62 257
62 280
63 72
63 102
63 104
63 109
63 129
63 130
63 136
63 137
63 138
63 142
63 148
63 150
63 155
63 157
63 191
63 192
63 195
63 196
63 221
63 236
63 243
63 247
63 257
63 280
64 72
64 102
64 104
64 109
64 129
64 136
64 137
64 138
64 142
64 148
64 150
64 155
64 157
64 191
64 192
64 195
64 196
64 221
64 236
64 243
64 247
64 257
64 280
65 72
65 74
65 102
65 104
65 109
65 129
65 136
65 137
65 138
65 142
65 148
65 150
65 155
65 157
65 191
65 192
65 195
65 196
65 221
65 236
65 243
65 247
65 257
65 280
66 72
66 74
66 102
66 104
66 109
66 129
66 136
66 137
66 138
66 142
66 148
66 150
66 155
66 157
66 191
66 192
66 195
66 196
66 221
66 236
66 243
66 247
66 257
66 280
67 72
67 74
67 102
67 104
67 109
67 129
67 136
67 137
67 138
67 142
67 148
67 150
67 155
67 157
67 191
67 192
67 195
67 196
67 221
67 236
67 243
67 247
67 257
67 280
68 72
68 102
68 104
68 109
68 129
68 136
68 138
68 142
68 148
68 150
68 155
68 157
68 159
68 191
68 192
68 195
68 196
68 209
68 243
68 247
68 257
68 280
69 72
69 102
69 104
69 116
69 129
69 136
69 138
69 142
69 148
69 150
69 155
69 157
69 159
69 191
69 192
69 195
69 196
69 209
69 247
69 257
69 280
70 72
70 102
70 104
70 116
70 126
70 129
70 136
70 138
70 142
70 148
70 150
70 155
70 157
70 159
70 191
70 192
70 195
70 196
70 209
70 247
70 257
70 280
71 102
71 104
71 116
71 126
71 129
71 136
71 138
71 142
71 148
71 150
71 155
71 157
71 159
71 191
71 192
71 195
71 196
71 209
71 247
71 257
71 280
72 94
72 102
72 104
72 113
72 116
72 126
72 129
72 136
72 138
72 142
72 148
72 150
72 155
72 157
72 159
72 191
72 195
72 196
72 247
72 257
72 280
73 104
73 113
73 116
73 126
73 129
73 133
73 136
73 142
73 148
73 155
73 157
73 159
73 160
73 178
73 191
73 230
73 247
73 280
74 104
74 113
74 116
74 126
74 129
74 133
74 136
74 142
74 148
74 155
74 157
74 159
74 178
74 191
74 230
74 247
74 249
74 280
75 104
75 113
75 116
75 126
75 129
75 133
75 142
75 148
75 155
75 157
75 159
75 178
75 191
75 230
75 247
75 249
75 280
76 104
76 113
76 116
76 123
76 126
76 129
76 133
76 142
76 148
76 155
76 157
76 159
76 178
76 191
76 230
76 234
76 238
76 247
76 249
76 280
77 104
77 113
77 116
77 123
77 126
77 129
77 133
77 142
77 148
77 155
77 157
77 159
77 178
77 191
77 230
77 234
77 238
77 247
77 249
77 280
78 99
78 104
78 113
78 116
78 123
78 129
78 133
78 142
78 148
78 155
78 157
78 159
78 178
78 191
78 222
78 230
78 234
78 238
78 247
78 249
78 260
78 280
79 99
79 104
79 113
79 116
79 123
79 129
79 133
79 142
79 148
79 155
79 157
79 159
79 178
79 191
79 222
79 230
79 234
79 238
79 247
79 249
79 260
79 280
80 99
80 104
80 113
80 116
80 123
80 124
80 129
80 133
80 142
80 148
80 157
80 159
80 178
80 191
80 216
80 222
80 230
80 234
80 238
80 247
80 249
80 260
80 261
80 280
81 99
81 104
81 113
81 116
81 123
81 124
81 129
81 133
81 142
81 148
81 157
81 159
81 178
81 191
81 216
81 222
81 230
81 234
81 238
81 247
81 249
81 260
81 261
81 280
82 99
82 104
82 113
82 116
82 123
82 124
82 129
82 133
82 142
82 148
82 157
82 159
82 178
82 191
82 216
82 222
82 230
82 234
82 238
82 247
82 249
82 260
82 261
82 280
83 99
83 104
83 113
83 116
83 123
83 124
83 129
83 133
83 142
83 148
83 157
83 178
83 191
83 216
83 222
83 230
83 234
83 238
83 247
83 249
83 260
83 261
83 280
84 99
84 104
84 113
84 116
84 124
84 129
84 133
84 142
84 148
84 157
84 178
84 191
84 216
84 222
84 230
84 234
84 238
84 247
84 249
84 260
84 261
84 280
85 104
85 113
85 116
85 124
85 129
85 133
85 142
85 148
85 149
85 157
85 178
85 191
85 212
85 216
85 222
85 230
85 234
85 238
85 247
85 249
85 260
85 261
85 280
86 104
86 113
86 116
86 124
86 129
86 133
86 149
86 157
86 178
86 191
86 212
86 216
86 222
86 230
86 234
86 238
86 247
86 248
86 249
86 260
86 261
86 280
87 104
87 113
87 116
87 124
87 129
87 133
87 149
87 157
87 178
87 191
87 212
87 216
87 222
87 230
87 234
87 238
87 247
87 248
87 249
87 260
87 261
87 280
88 104
88 113
88 124
88 129
88 133
88 149
88 157
88 178
88 191
88 212
88 216
88 222
88 230
88 234
88 238
88 247
88 248
88 249
88 260
88 261
88 280
89 104
89 113
89 124
89 129
89 133
89 149
89 157
89 178
89 191
89 212
89 216
89 222
89 230
89 234
89 238
89 247
89 248
89 249
89 260
89 261
89 280
90 104
90 113
90 124
90 129
90 133
90 149
90 157
90 178
90 191
90 212
90 216
90 222
90 230
90 234
90 238
90 247
90 248
90 249
90 260
90 261
90 280
91 92
91 124
91 129
91 133
91 149
91 157
91 178
91 191
91 211
91 212
91 216
91 222
91 234
91 238
91 239
91 247
91 248
91 249
91 260
91 261
91 280
92 92
92 98
92 124
92 129
92 133
92 149
92 157
92 178
92 191
92 211
92 212
92 216
92 222
92 234
92 238
92 239
92 247
92 248
92 249
92 260
92 261
92 280
93 92
93 98
93 124
93 129
93 133
93 149
93 157
93 178
93 191
93 211
93 212
93 216
93 222
93 234
93 238
93 239
93 247
93 248
93 249
93 260
93 261
93 280
94 98
94 124
94 129
94 132
94 133
94 178
94 183
94 191
94 212
94 216
94 235
94 238
94 239
94 247
94 248
94 260
94 261
94 280
95 98
95 124
95 127
95 129
95 132
95 133
95 178
95 183
95 191
95 212
95 216
95 235
95 238
95 239
95 247
95 248
95 260
95 261
95 280
96 98
96 124
96 127
96 129
96 132
96 133
96 178
96 183
96 191
96 216
96 235
96 238
96 239
96 247
96 248
96 260
96 261
96 280
97 98
97 124
97 127
97 129
97 132
97 133
97 178
97 183
97 191
97 216
97 235
97 238
97 239
97 247
97 248
97 260
97 261
97 280
98 98
98 124
98 127
98 129
98 132
98 133
98 178
98 183
98 191
98 216
98 235
98 238
98 239
98 247
98 248
98 260
98 261
98 280
99 98
99 124
99 127
99 129
99 133
99 178
99 183
99 191
99 216
99 235
99 238
99 239
99 247
99 248
99 251
99 260
99 261
99 280
100 98
100 124
100 127
100 129
100 133
100 178
100 183
100 191
100 216
100 235
100 238
100 239
100 247
100 248
100 251
100 260
100 261
100 280
101 98
101 124
101 127
101 129
101 133
101 178
101 183
101 216
101 238
101 239
101 247
101 248
101 251
101 260
101 261
101 280
102 98
102 118
102 127
102 133
102 178
102 216
102 238
102 239
102 247
102 248
102 251
102 260
102 261
102 278
102 280
103 118
103 121
103 127
103 133
103 178
103 216
103 238
103 239
103 247
103 251
103 260
103 261
103 278
103 280
104 118
104 121
104 127
104 133
104 178
104 216
104 238
104 239
104 247
104 251
104 260
104 261
104 278
104 280
105 118
105 121
105 127
105 133
105 168
105 178
105 216
105 238
105 239
105 247
105 251
105 260
105 261
105 278
105 280
106 121
106 133
106 163
106 168
106 178
106 216
106 238
106 239
106 247
106 251
106 260
106 261
106 278
106 280
107 121
107 133
107 163
107 168
107 178
107 216
107 238
107 239
107 247
107 251
107 260
107 261
107 278
107 280
108 121
108 133
108 135
108 163
108 168
108 178
108 216
108 238
108 239
108 251
108 260
108 261
108 278
108 280
109 133
109 163
109 168
109 174
109 178
109 216
109 231
109 238
109 239
109 251
109 260
109 261
109 278
109 280
110 133
110 163
110 168
110 174
110 178
110 216
110 231
110 238
110 239
110 251
110 260
110 261
110 280
111 133
111 163
111 168
111 174
111 178
111 216
111 231
111 238
111 239
111 251
111 260
111 261
111 280
112 163
112 168
112 174
112 178
112 189
112 216
112 231
112 238
112 239
112 251
112 260
112 261
112 280
113 163
113 174
113 178
113 189
113 216
113 231
113 238
113 239
113 251
113 260
113 261
113 280
114 164
114 174
114 178
114 216
114 218
114 231
114 239
114 251
114 260
114 261
114 274
114 280
115 164
115 174
115 178
115 216
115 218
115 231
115 239
115 251
115 260
115 261
115 274
115 279
115 280
116 164
116 174
116 178
116 216
116 218
116 231
116 239
116 251
116 260
116 261
116 274
116 279
116 280
117 164
117 174
117 178
117 216
117 218
117 231
117 239
117 251
117 260
117 261
117 274
117 279
117 280
118 164
118 174
118 178
118 216
118 218
118 231
118 239
118 251
118 260
118 261
118 274
118 279
118 280
119 164
119 171
119 174
119 178
119 216
119 218
119 231
119 239
119 251
119 260
119 261
119 274
119 279
119 280
120 164
120 169
120 171
120 174
120 178
120 193
120 216
120 218
120 231
120 239
120 260
120 261
120 274
120 279
121 164
121 169
121 171
121 174
121 178
121 193
121 216
121 218
121 231
121 239
121 260
121 261
121 274
121 279
122 164
122 169
122 171
122 174
122 178
122 193
122 216
122 218
122 231
122 239
122 260
122 261
122 274
122 279
123 164
123 169
123 171
123 174
123 175
123 178
123 193
123 216
123 218
123 231
123 239
123 260
123 261
123 274
123 279
124 164
124 169
124 171
124 174
124 175
124 178
124 193
124 216
124 218
124 231
124 239
124 252
124 261
124 274
124 279
125 164
125 169
125 171
125 174
125 175
125 178
125 193
125 216
125 218
125 231
125 239
125 252
125 261
125 274
125 279
126 164
126 169
126 171
126 174
126 175
126 178
126 184
126 193
126 216
126 218
126 231
126 239
126 252
126 261
126 274
126 279
127 164
127 169
127 171
127 174
127 175
127 178
127 184
127 193
127 216
127 218
127 231
127 239
127 252
127 261
127 274
127 279
128 164
128 169
128 171
128 174
128 175
128 178
128 184
128 193
128 203
128 216
128 218
128 231
128 239
128 252
128 261
128 274
128 279
129 152
129 164
129 169
129 171
129 174
129 175
129 178
129 184
129 193
129 203
129 216
129 218
129 231
129 252
129 261
129 274
129 279
130 152
130 164
130 169
130 171
130 174
130 175
130 178
130 184
130 193
130 203
130 216
130 218
130 231
130 252
130 261
130 274
130 279
131 152
131 169
131 171
131 174
131 175
131 178
131 184
131 193
131 203
131 216
131 218
131 231
131 252
131 261
131 274
131 279
132 152
132 169
132 171
132 174
132 175
132 178
132 184
132 193
132 203
132 216
132 218
132 231
132 252
132 261
132 274
132 279
133 152
133 169
133 171
133 174
133 175
133 178
133 184
133 193
133 216
133 218
133 231
133 252
133 261
133 274
133 276
133 279
134 152
134 169
134 171
134 174
134 175
134 178
134 184
134 193
134 216
134 218
134 231
134 252
134 274
134 276
134 279
135 152
135 169
135 174
135 175
135 178
135 184
135 193
135 216
135 218
135 231
135 252
135 274
135 276
135 279
136 152
136 169
136 174
136 175
136 178
136 184
136 193
136 216
136 218
136 231
136 252
136 274
136 276
136 279
137 152
137 169
137 174
137 175
137 178
137 184
137 193
137 216
137 218
137 231
137 252
137 274
137 276
137 279
138 152
138 169
138 175
138 184
138 193
138 216
138 218
138 231
138 252
138 274
138 276
138 279
139 152
139 169
139 175
139 184
139 193
139 216
139 218
139 231
139 252
139 274
139 276
140 152
140 169
140 175
140 193
140 216
140 218
140 225
140 252
140 258
140 265
140 274
140 276
141 152
141 169
141 175
141 193
141 216
141 218
141 225
141 252
141 258
141 265
141 274
141 276
142 152
142 169
142 175
142 193
142 216
142 218
142 225
142 252
142 258
142 265
142 274
142 276
143 152
143 169
143 175
143 193
143 216
143 218
143 252
143 258
143 274
143 276
144 152
144 169
144 175
144 193
144 216
144 218
144 252
144 258
144 274
144 276
145 152
145 169
145 175
145 193
145 216
145 218
145 252
145 258
145 274
145 276
146 152
146 169
146 175
146 193
146 216
146 218
146 252
146 258
146 274
146 276
147 152
147 169
147 175
147 193
147 216
147 218
147 252
147 258
147 274
147 276
148 152
148 169
148 175
148 179
148 193
148 216
148 218
148 252
148 258
148 274
148 276
149 152
149 169
149 175
149 179
149 193
149 199
149 216
149 218
149 252
149 258
149 267
149 274
149 276
150 152
150 158
150 169
150 175
150 179
150 193
150 199
150 201
150 216
150 218
150 232
150 252
150 255
150 258
150 259
150 267
150 274
150 276
151 158
151 169
151 173
151 175
151 179
151 193
151 197
151 199
151 216
151 218
151 232
151 252
151 254
151 255
151 258
151 259
151 267
151 274
151 276
152 158
152 169
152 173
152 175
152 179
152 193
152 197
152 199
152 216
152 232
152 254
152 255
152 258
152 259
152 267
152 274
152 276
153 158
153 169
153 173
153 175
153 179
153 193
153 197
153 199
153 216
153 232
153 254
153 255
153 258
153 259
153 267
153 274
153 276
154 158
154 169
154 173
154 175
154 179
154 193
154 197
154 199
154 216
154 232
154 254
154 255
154 258
154 259
154 267
154 274
154 276
155 158
155 169
155 173
155 175
155 179
155 193
155 197
155 199
155 214
155 220
155 232
155 254
155 255
155 258
155 259
155 267
155 274
155 276
156 158
156 169
156 173
156 179
156 193
156 197
156 199
156 214
156 220
156 232
156 254
156 255
156 258
156 259
156 267
156 274
156 276
157 158
157 169
157 173
157 179
157 193
157 197
157 199
157 214
157 220
157 232
157 254
157 255
157 258
157 259
157 267
157 274
157 276
158 158
158 169
158 173
158 179
158 193
158 197
158 199
158 214
158 220
158 232
158 254
158 255
158 258
158 259
158 267
158 274
158 276
159 158
159 169
159 173
159 179
159 193
159 197
159 199
159 214
159 220
159 254
159 255
159 258
159 259
159 267
159 274
159 276
160 158
160 169
160 173
160 179
160 193
160 197
160 199
160 214
160 220
160 254
160 255
160 258
160 259
160 267
160 274
160 276
161 158
161 169
161 173
161 179
161 193
161 197
161 199
161 220
161 254
161 255
161 258
161 259
161 267
161 274
161 276
162 158
162 169
162 173
162 179
162 188
162 193
162 197
162 199
162 207
162 220
162 223
162 255
162 258
162 259
162 266
162 267
162 274
162 276
163 158
163 169
163 173
163 179
163 188
163 193
163 197
163 199
163 207
163 220
163 223
163 255
163 258
163 259
163 266
163 267
163 274
163 276
164 158
164 169
164 173
164 179
164 188
164 193
164 197
164 207
164 217
164 220
164 223
164 255
164 258
164 259
164 266
164 267
164 273
164 274
164 276
164 281
165 173
165 179
165 188
165 193
165 197
165 217
165 220
165 223
165 233
165 258
165 259
165 266
165 267
165 273
165 274
165 276
165 281
166 173
166 179
166 188
166 193
166 197
166 217
166 220
166 223
166 233
166 258
166 259
166 266
166 267
166 273
166 274
166 276
166 281
167 173
167 179
167 188
167 193
167 197
167 217
167 220
167 223
167 233
167 258
167 259
167 266
167 267
167 273
167 274
167 276
167 281
168 173
168 187
168 188
168 197
168 217
168 220
168 223
168 224
168 233
168 258
168 259
168 266
168 267
168 273
168 274
168 276
168 281
169 173
169 187
169 188
169 197
169 217
169 220
169 223
169 224
169 233
169 258
169 259
169 266
169 267
169 273
169 274
169 276
169 281
170 173
170 187
170 188
170 197
170 217
170 220
170 223
170 224
170 233
170 258
170 259
170 266
170 267
170 273
170 274
170 276
170 281
171 173
171 187
171 188
171 197
171 217
171 220
171 223
171 224
171 233
171 258
171 259
171 266
171 267
171 273
171 274
171 276
171 281
172 173
172 187
172 188
172 197
172 217
172 220
172 223
172 224
172 233
172 258
172 259
172 266
172 267
172 273
172 274
172 276
172 281
173 173
173 187
173 188
173 217
173 220
173 233
173 258
173 259
173 266
173 267
173 273
173 274
173 276
173 281
174 173
174 188
174 217
174 220
174 233
174 258
174 259
174 266
174 267
174 273
174 274
174 276
174 281
175 173
175 185
175 188
175 217
175 220
175 233
175 242
175 258
175 259
175 266
175 267
175 273
175 274
175 276
175 281
176 173
176 185
176 188
176 217
176 220
176 233
176 242
176 258
176 259
176 266
176 267
176 273
176 274
176 276
176 281
177 173
177 215
177 220
177 228
177 242
177 258
177 259
177 266
177 267
177 273
177 274
177 275
177 276
178 173
178 215
178 220
178 228
178 242
178 258
178 259
178 266
178 267
178 273
178 274
178 275
178 276
179 173
179 215
179 220
179 228
179 242
179 258
179 259
179 266
179 267
179 273
179 274
179 275
179 276
180 173
180 215
180 220
180 228
180 242
180 258
180 259
180 266
180 267
180 273
180 274
180 275
180 276
181 173
181 215
181 220
181 228
181 242
181 258
181 259
181 266
181 267
181 273
181 274
181 275
181 276
182 173
182 215
182 220
182 228
182 242
182 258
182 266
182 267
182 273
182 274
182 275
182 276
183 173
183 215
183 220
183 228
183 242
183 258
183 266
183 267
183 273
183 274
183 276
184 173
184 200
184 215
184 220
184 228
184 242
184 258
184 266
184 267
184 273
184 274
184 276
185 173
185 200
185 215
185 220
185 228
185 242
185 258
185 266
185 267
185 273
185 274
185 276
186 200
186 215
186 220
186 242
186 258
186 266
186 267
186 273
186 274
186 276
187 200
187 215
187 220
187 242
187 266
187 267
187 273
187 274
187 276
188 200
188 215
188 220
188 242
188 253
188 266
188 267
188 273
188 274
188 276
189 200
189 215
189 220
189 242
189 253
189 266
189 267
189 273
189 274
189 276
190 200
190 215
190 242
190 253
190 266
190 267
190 273
190 274
190 276
191 200
191 215
191 242
191 253
191 266
191 267
191 273
191 274
191 276
192 200
192 215
192 242
192 253
192 266
192 267
192 273
192 274
192 276
193 200
193 215
193 242
193 253
193 266
193 267
193 273
193 274
193 276
194 200
194 215
194 242
194 245
194 253
194 266
194 267
194 273
194 274
194 276
195 200
195 215
195 227
195 242
195 253
195 266
195 267
195 273
195 274
195 276
196 200
196 215
196 227
196 242
196 253
196 266
196 267
196 273
196 274
196 276
197 200
197 215
197 227
197 242
197 253
197 266
197 267
197 273
197 274
197 276
198 200
198 215
198 227
198 242
198 253
198 266
198 267
198 273
198 274
198 276
199 200
199 215
199 227
199 242
199 253
199 266
199 267
199 273
199 274
199 276
200 200
200 208
200 215
200 227
200 242
200 253
200 266
200 267
200 273
200 274
200 276
201 200
201 215
201 227
201 242
201 253
201 263
201 266
201 267
201 273
201 274
201 276
202 200
202 215
202 227
202 242
202 253
202 263
202 266
202 267
202 273
202 274
202 276
203 215
203 242
203 253
203 263
203 266
203 267
203 273
203 274
203 276
204 215
204 242
204 253
204 263
204 266
204 267
204 273
204 274
204 276
205 215
205 242
205 253
205 263
205 266
205 267
205 273
205 274
205 276
206 215
206 242
206 253
206 263
206 266
206 267
206 273
206 274
206 276
207 215
207 242
207 253
207 263
207 266
207 267
207 273
207 274
207 276
208 215
208 242
208 253
208 263
208 266
208 267
208 273
208 274
208 276
209 215
209 229
209 237
209 242
209 263
209 266
209 267
209 273
209 274
209 276
210 215
210 229
210 237
210 263
210 266
210 267
210 271
210 273
210 274
210 276
210 282
211 215
211 229
211 237
211 263
211 266
211 267
211 271
211 273
211 274
211 282
212 215
212 229
212 237
212 263
212 266
212 267
212 271
212 273
212 274
212 282
213 215
213 263
213 266
213 267
213 271
213 273
213 274
213 282
214 215
214 263
214 266
214 267
214 271
214 273
214 274
214 282
215 215
215 263
215 266
215 267
215 271
215 273
215 274
215 282
216 215
216 263
216 266
216 267
216 271
216 273
216 274
216 282
217 215
217 263
217 266
217 267
217 271
217 273
217 274
217 282
218 215
218 263
218 266
218 271
218 273
218 274
218 277
218 282
218 283
219 215
219 263
219 266
219 271
219 273
219 274
219 277
219 282
219 283
220 215
220 256
220 263
220 266
220 271
220 273
220 274
220 277
220 283
221 215
221 263
221 266
221 271
221 273
221 274
221 277
221 283
222 215
222 263
222 266
222 271
222 273
222 274
222 277
222 283
223 215
223 263
223 266
223 271
223 273
223 274
223 277
223 283
224 215
224 263
224 266
224 273
224 274
224 277
224 283
225 215
225 263
225 266
225 273
225 274
225 277
226 215
226 263
226 266
226 273
226 274
226 277
227 215
227 246
227 263
227 266
227 273
227 274
227 277
228 246
228 263
228 266
228 273
228 274
228 277
229 246
229 263
229 266
229 273
229 274
229 277
230 246
230 263
230 266
230 273
230 274
231 263
231 266
231 273
231 274
232 263
232 266
232 273
232 274
233 263
233 266
233 273
233 274
234 263
234 266
234 273
234 274
235 241
235 250
235 262
235 266
235 273
235 274
236 241
236 250
236 262
236 266
236 273
236 274
237 241
237 250
237 262
237 266
237 273
237 274
238 241
238 250
238 262
238 266
238 273
238 274
239 241
239 250
239 262
239 266
239 273
239 274
240 241
240 250
240 262
240 273
240 274
241 241
241 250
241 262
241 273
241 274
242 250
242 262
242 273
242 274
243 250
243 262
243 273
243 274
244 250
244 262
244 273
244 274
245 250
245 262
245 273
245 274
246 250
246 262
246 273
246 274
247 250
247 262
247 273
247 274
248 250
248 262
248 273
248 274
249 250
249 262
249 273
249 274
250 250
250 262
250 273
250 274
251 250
251 262
251 273
251 274
252 250
252 262
252 273
252 274
253 250
253 262
253 273
253 274
254 250
254 262
254 273
254 274
255 250
255 262
255 273
255 274
256 250
256 262
256 273
256 274
257 250
257 262
257 273
257 274
258 250
258 262
258 273
258 274
259 250
259 262
259 273
259 274
260 250
260 262
260 273
260 274
261 250
261 262
261 273
262 250
262 262
263 250
263 262
264 250
264 262
265 250
265 262
266 262
267 262
267 272
268 262
268 272
269 262
269 272
270 262
270 272
271 262
271 272
272 262
273 262
274 262
275 262
276 262
