0 4
0 11
0 14
0 24
0 29
0 57
0 71
0 101
0 159
1 11
1 14
1 24
1 29
1 57
1 71
1 101
1 159
2 11
2 14
2 29
2 36
2 39
2 57
2 73
2 99
2 101
2 159
2 208
3 11
3 29
3 36
3 39
3 57
3 73
3 99
3 159
3 208
4 8
4 25
4 36
4 39
4 57
4 73
4 99
4 142
4 159
4 208
5 8
5 36
5 39
5 57
5 73
5 99
5 124
5 142
5 159
5 208
6 10
6 30
6 32
6 73
6 86
6 94
6 99
6 133
6 142
6 208
6 220
7 10
7 13
7 30
7 32
7 73
7 94
7 99
7 133
7 142
7 208
7 220
8 28
8 31
8 32
8 33
8 35
8 53
8 94
8 133
8 142
8 211
8 220
8 269
9 31
9 33
9 35
9 40
9 53
9 94
9 133
9 142
9 204
9 211
9 220
9 269
10 31
10 33
10 35
10 40
10 46
10 53
10 55
10 94
10 133
10 142
10 204
10 211
10 220
10 269
11 31
11 33
11 35
11 40
11 46
11 53
11 55
11 94
11 133
11 142
11 204
11 211
11 220
11 269
12 31
12 33
12 35
12 53
12 69
12 78
12 94
12 109
12 133
12 142
12 204
12 220
12 228
12 269
13 18
13 31
13 33
13 35
13 44
13 53
13 69
13 78
13 94
13 95
13 109
13 133
13 142
13 143
13 204
13 220
13 228
13 269
14 18
14 21
14 22
14 31
14 35
14 44
14 53
14 69
14 78
14 83
14 94
14 95
14 108
14 109
14 120
14 133
14 142
14 143
14 182
14 204
14 220
14 228
15 22
15 35
15 44
15 53
15 62
15 69
15 78
15 83
15 94
15 95
15 108
15 109
15 120
15 133
15 142
15 143
15 169
15 182
15 204
15 220
15 228
16 35
16 44
16 53
16 62
16 69
16 70
16 78
16 83
16 94
16 95
16 98
16 108
16 109
16 120
16 133
16 142
16 143
16 169
16 182
16 204
16 220
16 228
17 35
17 44
17 53
17 62
17 69
17 78
17 83
17 94
17 95
17 98
17 108
17 109
17 120
17 133
17 142
17 143
17 152
17 169
17 182
17 204
17 220
17 228
18 35
18 44
18 53
18 62
18 69
18 78
18 83
18 94
18 95
18 98
18 108
18 109
18 120
18 133
18 142
18 143
18 152
18 169
18 182
18 204
18 220
18 228
19 53
19 69
19 78
19 83
19 94
19 95
19 98
19 108
19 109
19 120
19 142
19 143
19 152
19 169
19 182
19 204
19 220
19 228
19 250
19 276
20 53
20 69
20 78
20 83
20 94
20 95
20 98
20 108
20 109
20 120
20 142
20 143
20 152
20 169
20 182
20 204
20 220
20 228
20 250
20 276
21 69
21 77
21 78
21 95
21 98
21 108
21 109
21 120
21 142
21 143
21 152
21 169
21 182
21 204
21 220
21 228
21 250
21 276
22 69
22 77
22 78
22 95
22 98
22 108
22 109
22 120
22 142
22 143
22 152
22 169
22 182
22 204
22 220
22 228
22 250
22 276
23 69
23 78
23 95
23 104
23 108
23 109
23 118
23 120
23 142
23 143
23 152
23 169
23 182
23 191
23 204
23 220
23 228
23 250
23 276
23 281
24 37
24 38
24 69
24 78
24 95
24 104
24 108
24 109
24 118
24 120
24 136
24 142
24 143
24 152
24 169
24 182
24 191
24 204
24 214
24 220
24 228
24 250
24 271
24 276
24 281
25 37
25 38
25 50
25 69
25 78
25 95
25 104
25 108
25 109
25 118
25 120
25 136
25 142
25 152
25 169
25 182
25 191
25 214
25 220
25 228
25 250
25 271
25 276
25 281
26 37
26 38
26 50
26 69
26 78
26 95
26 104
26 108
26 109
26 118
26 120
26 136
26 142
26 152
26 169
26 182
26 191
26 214
26 220
26 228
26 250
26 271
26 276
26 281
27 37
27 38
27 50
27 59
27 74
27 78
27 95
27 104
27 108
27 109
27 118
27 136
27 144
27 152
27 158
27 169
27 191
27 214
27 220
27 228
27 229
27 250
27 271
27 276
27 281
28 37
28 38
28 50
28 59
28 74
28 78
28 95
28 104
28 108
28 109
28 118
28 136
28 144
28 152
28 158
28 169
28 191
28 214
28 220
28 228
28 229
28 250
28 271
28 276
28 281
29 37
29 38
29 49
29 50
29 59
29 74
29 78
29 85
29 95
29 104
29 108
29 109
29 118
29 136
29 144
29 152
29 158
29 169
29 191
29 214
29 220
29 228
29 229
29 250
29 271
29 276
29 281
30 37
30 38
30 49
30 50
30 59
30 74
30 78
30 85
30 95
30 104
30 108
30 109
30 118
30 136
30 144
30 152
30 158
30 169
30 191
30 214
30 220
30 228
30 229
30 250
30 271
30 276
30 281
31 37
31 38
31 49
31 59
31 74
31 78
31 85
31 95
31 104
31 108
31 109
31 118
31 136
31 144
31 150
31 152
31 158
31 169
31 191
31 214
31 220
31 228
31 229
31 250
31 271
31 276
31 281
32 37
32 38
32 49
32 59
32 74
32 78
32 85
32 95
32 104
32 108
32 109
32 114
32 118
32 136
32 140
32 144
32 150
32 152
32 158
32 169
32 191
32 214
32 221
32 228
32 229
32 250
32 271
32 276
32 281
33 41
33 49
33 52
33 56
33 59
33 72
33 85
33 108
33 114
33 118
33 122
33 135
33 140
33 144
33 152
33 158
33 169
33 173
33 184
33 191
33 200
33 221
33 228
33 229
33 234
33 238
33 271
33 276
33 281
34 41
34 49
34 52
34 56
34 59
34 72
34 85
34 108
34 114
34 118
34 122
34 135
34 140
34 144
34 152
34 158
34 169
34 173
34 184
34 191
34 200
34 221
34 228
34 229
34 234
34 238
34 271
34 276
34 281
35 41
35 49
35 52
35 56
35 59
35 72
35 85
35 108
35 114
35 118
35 122
35 135
35 140
35 144
35 152
35 158
35 169
35 173
35 184
35 191
35 200
35 221
35 228
35 229
35 234
35 238
35 271
35 276
35 281
36 41
36 49
36 52
36 56
36 59
36 72
36 85
36 108
36 114
36 118
36 122
36 135
36 140
36 144
36 152
36 158
36 169
36 173
36 184
36 187
36 191
36 200
36 221
36 228
36 229
36 234
36 238
36 271
36 276
36 281
37 41
37 49
37 52
37 56
37 59
37 72
37 85
37 108
37 114
37 118
37 122
37 135
37 140
37 144
37 152
37 158
37 169
37 173
37 184
37 187
37 191
37 200
37 221
37 228
37 229
37 234
37 238
37 271
37 276
37 281
38 41
38 49
38 52
38 59
38 72
38 85
38 108
38 114
38 118
38 122
38 135
38 144
38 152
38 158
38 169
38 173
38 184
38 187
38 191
38 200
38 221
38 228
38 229
38 234
38 238
38 271
38 276
38 281
39 41
39 52
39 64
39 72
39 85
39 96
39 108
39 114
39 122
39 135
39 144
39 152
39 158
39 167
39 169
39 173
39 184
39 187
39 191
39 200
39 221
39 229
39 234
39 238
39 247
39 252
39 271
39 276
39 281
39 282
40 41
40 52
40 64
40 85
40 96
40 108
40 114
40 117
40 144
40 158
40 167
40 169
40 173
40 180
40 187
40 191
40 200
40 221
40 229
40 234
40 238
40 247
40 276
40 281
40 282
41 41
41 84
41 108
41 117
41 138
41 144
41 158
41 164
41 167
41 169
41 180
41 187
41 200
41 213
41 221
41 229
41 234
41 238
41 247
41 281
41 282
42 41
42 43
42 84
42 108
42 117
42 138
42 144
42 151
42 158
42 164
42 167
42 169
42 180
42 187
42 200
42 201
42 213
42 221
42 229
42 234
42 238
42 247
42 281
42 282
43 41
43 84
43 108
43 117
43 138
43 144
43 151
43 158
43 164
43 167
43 169
43 180
43 187
43 200
43 201
43 213
43 221
43 229
43 234
43 238
43 247
43 281
43 282
44 47
44 79
44 84
44 117
44 138
44 144
44 151
44 158
44 164
44 167
44 169
44 180
44 187
44 200
44 213
44 221
44 229
44 234
44 238
44 244
44 247
44 281
44 282
45 47
45 48
45 60
45 79
45 84
45 117
45 138
45 144
45 151
45 164
45 167
45 169
45 180
45 187
45 200
45 213
45 221
45 229
45 234
45 238
45 244
45 247
45 281
45 282
46 47
46 48
46 60
46 79
46 84
46 117
46 138
46 144
46 151
46 164
46 167
46 169
46 180
46 187
46 200
46 213
46 221
46 229
46 234
46 238
46 244
46 247
46 281
46 282
47 48
47 60
47 79
47 84
47 117
47 138
47 144
47 151
47 164
47 167
47 169
47 180
47 187
47 200
47 213
47 221
47 229
47 234
47 238
47 244
47 247
47 281
47 282
48 48
48 60
48 79
48 81
48 84
48 102
48 117
48 138
48 144
48 151
48 164
48 167
48 169
48 180
48 187
48 200
48 213
48 221
48 229
48 234
48 237
48 238
48 244
48 247
48 281
48 282
49 48
49 54
49 60
49 81
49 84
49 102
49 117
49 138
49 144
49 151
49 164
49 167
49 169
49 180
49 187
49 200
49 213
49 221
49 229
49 234
49 237
49 238
49 244
49 247
49 281
49 282
50 48
50 54
50 60
50 81
50 84
50 102
50 117
50 138
50 144
50 151
50 164
50 167
50 169
50 180
50 187
50 200
50 213
50 221
50 229
50 234
50 237
50 238
50 244
50 247
50 281
50 282
51 48
51 54
51 60
51 81
51 84
51 102
51 117
51 138
51 144
51 151
51 164
51 167
51 169
51 180
51 187
51 200
51 213
51 221
51 229
51 234
51 237
51 238
51 244
51 247
51 281
51 282
52 48
52 54
52 60
52 81
52 84
52 102
52 117
52 138
52 144
52 151
52 164
52 167
52 169
52 180
52 187
52 200
52 213
52 221
52 229
52 234
52 237
52 238
52 244
52 247
52 281
52 282
53 48
53 54
53 60
53 81
53 84
53 117
53 138
53 144
53 145
53 151
53 164
53 167
53 169
53 180
53 187
53 200
53 213
53 221
53 229
53 234
53 237
53 238
53 244
53 247
53 281
53 282
54 54
54 60
54 75
54 84
54 117
54 138
54 144
54 145
54 151
54 164
54 167
54 169
54 171
54 200
54 213
54 221
54 229
54 234
54 237
54 238
54 244
54 247
54 281
54 282
55 54
55 60
55 75
55 84
55 117
55 138
55 144
55 145
55 151
55 164
55 167
55 169
55 171
55 175
55 200
55 213
55 221
55 229
55 234
55 237
55 238
55 244
55 247
55 281
55 282
56 60
56 75
56 84
56 117
56 144
56 151
56 164
56 167
56 169
56 171
56 175
56 200
56 213
56 221
56 229
56 234
56 237
56 238
56 244
56 247
56 281
56 282
57 60
57 75
57 84
57 117
57 144
57 151
57 164
57 167
57 169
57 171
57 175
57 200
57 213
57 221
57 229
57 234
57 237
57 238
57 244
57 247
57 281
57 282
58 60
58 75
58 84
58 90
58 92
58 112
58 117
58 132
58 144
58 151
58 164
58 169
58 175
58 200
58 213
58 221
58 229
58 234
58 237
58 244
58 247
58 281
58 282
59 60
59 63
59 65
59 68
59 75
59 84
59 90
59 92
59 112
59 117
59 119
59 132
59 144
59 151
59 164
59 169
59 175
59 190
59 200
59 213
59 221
59 229
59 234
59 237
59 244
59 247
59 281
59 282
60 60
60 63
60 65
60 67
60 75
60 90
60 92
60 112
60 119
60 132
60 144
60 151
60 164
60 169
60 175
60 190
60 200
60 213
60 221
60 229
60 237
60 247
60 249
60 281
61 60
61 63
61 65
61 67
61 75
61 90
61 92
61 112
61 119
61 132
61 144
61 151
61 164
61 169
61 175
61 190
61 200
61 213
61 221
61 229
61 237
61 247
61 249
61 281
62 60
62 63
62 65
62 67
62 75
62 90
62 92
62 112
62 119
62 132
62 144
62 151
62 164
62 169
62 175
62 190
62 200
62 213
62 221
62 229
62 237
62 247
62 249
62 281
63 60
63 63
63 65
63 67
63 75
63 90
63 92
63 112
63 119
63 132
63 144
63 151
63 164
63 169
63 175
63 190
63 200
63 213
63 221
63 229
63 237
63 247
63 249
63 281
64 63
64 65
64 67
64 90
64 92
64 100
64 110
64 112
64 119
64 151
64 164
64 169
64 175
64 190
64 200
64 213
64 221
64 229
64 237
64 247
64 249
64 253
64 281
65 65
65 67
65 80
65 90
65 92
65 100
65 110
65 112
65 119
65 127
65 151
65 164
65 169
65 175
65 190
65 200
65 213
65 221
65 229
65 237
65 247
65 249
65 253
65 281
66 65
66 67
66 80
66 90
66 92
66 100
66 110
66 111
66 112
66 119
66 127
66 151
66 164
66 169
66 175
66 179
66 190
66 200
66 213
66 221
66 222
66 237
66 247
66 249
66 253
66 279
66 281
67 65
67 67
67 80
67 90
67 92
67 100
67 110
67 111
67 112
67 119
67 127
67 151
67 164
67 169
67 175
67 179
67 190
67 200
67 213
67 221
67 222
67 237
67 247
67 249
67 253
67 279
67 281
68 65
68 67
68 80
68 90
68 92
68 100
68 110
68 111
68 112
68 119
68 127
68 151
68 164
68 169
68 175
68 179
68 190
68 200
68 213
68 221
68 222
68 237
68 247
68 249
68 253
68 279
68 281
69 65
69 67
69 80
69 90
69 92
69 100
69 110
69 111
69 119
69 127
69 151
69 164
69 169
69 175
69 178
69 179
69 190
69 200
69 221
69 222
69 237
69 247
69 249
69 253
69 279
69 281
70 65
70 67
70 80
70 90
70 92
70 93
70 100
70 110
70 111
70 119
70 127
70 151
70 164
70 169
70 175
70 178
70 179
70 190
70 200
70 221
70 222
70 237
70 247
70 249
70 253
70 277
70 279
70 281
71 65
71 67
71 80
71 90
71 92
71 93
71 100
71 110
71 111
71 119
71 127
71 131
71 164
71 169
71 175
71 178
71 179
71 190
71 200
71 221
71 222
71 237
71 247
71 249
71 253
71 277
71 279
71 281
72 65
72 80
72 82
72 90
72 100
72 110
72 111
72 119
72 127
72 131
72 164
72 169
72 175
72 178
72 179
72 190
72 200
72 221
72 222
72 237
72 247
72 249
72 253
72 275
72 277
72 279
72 281
73 65
73 80
73 82
73 90
73 100
73 110
73 111
73 119
73 127
73 131
73 164
73 169
73 175
73 178
73 179
73 190
73 200
73 221
73 222
73 237
73 247
73 249
73 253
73 275
73 277
73 281
74 80
74 82
74 90
74 100
74 110
74 111
74 119
74 127
74 131
74 164
74 169
74 175
74 178
74 179
74 190
74 200
74 221
74 222
74 237
74 247
74 249
74 253
74 275
74 277
74 281
74 284
75 80
75 82
75 90
75 110
75 111
75 119
75 127
75 131
75 164
75 169
75 175
75 178
75 179
75 190
75 200
75 221
75 222
75 237
75 247
75 249
75 253
75 275
75 277
75 281
75 284
76 80
76 82
76 90
76 110
76 111
76 119
76 127
76 131
76 164
76 169
76 175
76 178
76 179
76 190
76 200
76 221
76 222
76 247
76 249
76 253
76 275
76 277
76 281
76 284
77 80
77 82
77 90
77 110
77 111
77 119
77 127
77 164
77 169
77 175
77 178
77 179
77 190
77 200
77 221
77 222
77 247
77 249
77 253
77 275
77 277
77 281
77 284
78 80
78 82
78 90
78 111
78 113
78 119
78 127
78 164
78 175
78 178
78 179
78 221
78 222
78 239
78 247
78 249
78 253
78 275
78 277
78 281
78 284
79 80
79 82
79 87
79 103
79 113
79 121
79 127
79 148
79 164
79 165
79 178
79 179
79 221
79 222
79 239
79 247
79 249
79 253
79 275
79 277
79 281
79 284
80 80
80 87
80 103
80 113
80 121
80 126
80 134
80 148
80 164
80 178
80 179
80 221
80 222
80 239
80 247
80 249
80 253
80 275
80 277
80 281
80 284
81 80
81 87
81 103
81 113
81 121
81 126
81 134
81 148
81 164
81 178
81 179
81 221
81 222
81 239
81 247
81 249
81 253
81 275
81 277
81 281
81 284
82 80
82 87
82 103
82 113
82 121
82 126
82 134
82 148
82 164
82 178
82 179
82 216
82 221
82 222
82 239
82 247
82 249
82 253
82 275
82 277
82 281
82 284
83 80
83 113
83 121
83 126
83 134
83 148
83 164
83 178
83 179
83 216
83 221
83 222
83 239
83 247
83 249
83 253
83 275
83 277
83 281
83 284
84 80
84 88
84 89
84 97
84 113
84 126
84 129
84 134
84 153
84 164
84 166
84 178
84 179
84 216
84 222
84 225
84 239
84 241
84 247
84 249
84 253
84 273
84 275
84 277
84 281
84 284
85 80
85 88
85 97
85 129
85 134
85 153
85 164
85 166
85 178
85 179
85 216
85 222
85 239
85 241
85 247
85 249
85 253
85 273
85 275
85 277
85 281
85 284
86 80
86 88
86 97
86 106
86 129
86 134
86 153
86 164
86 166
86 178
86 179
86 216
86 222
86 239
86 241
86 247
86 249
86 253
86 273
86 275
86 277
86 281
86 284
87 80
87 88
87 97
87 106
87 129
87 134
87 153
87 164
87 166
87 178
87 179
87 216
87 222
87 239
87 241
87 247
87 249
87 253
87 273
87 275
87 277
87 281
87 284
88 80
88 88
88 106
88 115
88 129
88 134
88 153
88 164
88 166
88 178
88 179
88 216
88 222
88 239
88 241
88 249
88 253
88 273
88 274
88 275
88 277
88 281
88 284
89 80
89 88
89 106
89 115
89 116
89 129
89 134
89 153
89 164
89 166
89 178
89 179
89 216
89 222
89 239
89 241
89 249
89 253
89 274
89 275
89 277
89 281
89 284
90 80
90 88
90 106
90 115
90 116
90 129
90 134
90 153
90 164
90 166
90 178
90 179
90 216
90 222
90 239
90 241
90 249
90 253
90 275
90 277
90 281
90 284
91 80
91 88
91 106
91 107
91 115
91 116
91 129
91 134
91 153
91 157
91 164
91 166
91 178
91 179
91 216
91 222
91 239
91 241
91 249
91 253
91 275
91 277
91 281
91 284
92 88
92 106
92 107
92 115
92 116
92 129
92 134
92 153
92 157
92 164
92 166
92 178
92 179
92 216
92 222
92 239
92 241
92 249
92 253
92 275
92 277
92 281
92 284
93 107
93 125
93 129
93 134
93 153
93 157
93 164
93 166
93 178
93 179
93 216
93 222
93 239
93 241
93 253
93 275
93 277
93 281
93 284
94 107
94 125
94 129
94 153
94 157
94 164
94 166
94 178
94 179
94 216
94 222
94 239
94 241
94 253
94 275
94 277
94 281
94 284
95 107
95 125
95 129
95 137
95 153
95 154
95 157
95 164
95 166
95 178
95 179
95 216
95 222
95 239
95 241
95 253
95 275
95 277
95 281
95 284
96 107
96 125
96 129
96 137
96 153
96 154
96 157
96 164
96 166
96 178
96 179
96 216
96 222
96 239
96 241
96 253
96 275
96 277
96 281
96 284
97 107
97 125
97 129
97 137
97 153
97 154
97 157
97 164
97 166
97 178
97 179
97 216
97 222
97 239
97 241
97 253
97 275
97 277
97 281
97 284
98 107
98 123
98 125
98 129
98 137
98 139
98 153
98 154
98 157
98 164
98 166
98 178
98 179
98 206
98 216
98 222
98 239
98 241
98 253
98 275
98 277
98 281
98 284
99 107
99 123
99 125
99 129
99 137
99 139
99 153
99 154
99 157
99 164
99 166
99 179
99 206
99 216
99 222
99 239
99 241
99 253
99 275
99 277
99 281
99 284
100 107
100 123
100 125
100 128
100 129
100 137
100 139
100 153
100 154
100 157
100 164
100 166
100 206
100 216
100 222
100 227
100 241
100 253
100 275
100 281
100 284
101 107
101 123
101 125
101 128
101 129
101 137
101 139
101 153
101 154
101 157
101 164
101 166
101 194
101 206
101 216
101 222
101 227
101 241
101 253
101 275
101 281
101 284
102 107
102 128
102 137
102 146
102 154
102 157
102 164
102 166
102 185
102 194
102 216
102 222
102 227
102 241
102 253
102 275
102 281
102 284
103 107
103 128
103 137
103 146
103 154
103 157
103 164
103 166
103 185
103 194
103 216
103 222
103 227
103 241
103 253
103 275
103 281
103 284
104 107
104 128
104 137
104 146
104 154
104 157
104 164
104 166
104 185
104 194
104 216
104 222
104 227
104 241
104 253
104 275
104 281
104 284
105 107
105 128
105 137
105 146
105 154
105 157
105 164
105 166
105 172
105 183
105 185
105 194
105 216
105 222
105 227
105 241
105 253
105 275
105 281
105 284
106 107
106 128
106 137
106 146
106 154
106 157
106 164
106 166
106 172
106 183
106 185
106 194
106 216
106 222
106 227
106 241
106 253
106 275
106 284
107 107
107 128
107 137
107 146
107 154
107 157
107 164
107 166
107 172
107 183
107 185
107 194
107 216
107 222
107 227
107 241
107 253
107 275
107 284
108 107
108 128
108 137
108 146
108 154
108 157
108 164
108 166
108 172
108 183
108 185
108 194
108 216
108 222
108 227
108 241
108 253
108 275
108 284
109 107
109 128
109 137
109 146
109 154
109 164
109 166
109 172
109 183
109 185
109 192
109 194
109 216
109 227
109 241
109 253
109 275
109 284
110 107
110 128
110 137
110 146
110 154
110 164
110 166
110 172
110 183
110 185
110 192
110 194
110 216
110 227
110 241
110 253
110 275
110 284
111 107
111 128
111 137
111 146
111 154
111 164
111 166
111 172
111 183
111 185
111 192
111 194
111 216
111 227
111 241
111 253
111 275
111 284
112 107
112 128
112 137
112 146
112 154
112 164
112 166
112 172
112 183
112 185
112 192
112 194
112 216
112 227
112 241
112 253
112 275
112 284
113 107
113 128
113 137
113 154
113 161
113 163
113 166
113 172
113 185
113 192
113 194
113 215
113 216
113 227
113 230
113 241
113 255
113 275
113 284
114 107
114 128
114 137
114 154
114 161
114 166
114 172
114 185
114 192
114 194
114 215
114 216
114 227
114 230
114 241
114 255
114 275
114 284
115 107
115 128
115 137
115 154
115 161
115 166
115 172
115 185
115 194
115 215
115 216
115 227
115 230
115 241
115 255
115 275
115 284
116 107
116 128
116 137
116 154
116 161
116 166
116 172
116 185
116 194
116 215
116 216
116 230
116 241
116 255
116 275
116 284
117 128
117 130
117 137
117 149
117 161
117 166
117 185
117 194
117 215
117 216
117 230
117 241
117 255
117 263
117 275
117 284
118 128
118 130
118 137
118 149
118 161
118 166
118 185
118 194
118 215
118 216
118 230
118 241
118 255
118 263
118 275
118 284
119 128
119 130
119 137
119 149
119 161
119 166
119 185
119 194
119 215
119 216
119 217
119 230
119 241
119 243
119 246
119 255
119 263
119 275
119 284
120 128
120 130
120 137
120 149
120 161
120 166
120 185
120 194
120 215
120 216
120 217
120 230
120 241
120 243
120 246
120 255
120 263
120 275
120 284
121 128
121 130
121 137
121 149
121 155
121 161
121 166
121 185
121 194
121 215
121 216
121 217
121 230
121 241
121 243
121 246
121 255
121 263
121 275
121 284
122 128
122 130
122 137
122 155
122 161
122 166
122 185
122 194
122 215
122 216
122 217
122 241
122 243
122 246
122 255
122 263
122 275
122 284
123 128
123 130
123 137
123 155
123 161
123 166
123 185
123 194
123 215
123 216
123 217
123 241
123 243
123 246
123 255
123 263
123 275
123 284
124 128
124 130
124 137
124 155
124 161
124 166
124 185
124 194
124 215
124 216
124 217
124 241
124 243
124 246
124 255
124 263
124 275
124 284
125 128
125 130
125 137
125 155
125 161
125 166
125 185
125 193
125 194
125 215
125 216
125 217
125 241
125 243
125 246
125 255
125 263
125 266
125 268
125 275
125 284
126 128
126 130
126 137
126 155
126 161
126 166
126 185
126 194
126 215
126 216
126 217
126 241
126 243
126 246
126 255
126 263
126 266
126 268
126 275
126 284
127 128
127 130
127 137
127 161
127 166
127 185
127 194
127 215
127 216
127 217
127 241
127 243
127 246
127 255
127 263
127 266
127 268
127 275
127 284
128 128
128 130
128 137
128 161
128 166
128 194
128 215
128 216
128 217
128 241
128 243
128 246
128 255
128 263
128 266
128 268
128 275
128 284
129 128
129 130
129 137
129 161
129 166
129 186
129 188
129 194
129 215
129 216
129 217
129 241
129 243
129 246
129 255
129 263
129 266
129 268
129 275
129 284
130 128
130 130
130 137
130 161
130 166
130 186
130 188
130 194
130 215
130 216
130 217
130 241
130 243
130 246
130 255
130 263
130 266
130 268
130 275
130 284
131 128
131 130
131 137
131 166
131 186
131 188
131 194
131 215
131 216
131 217
131 241
131 243
131 246
131 255
131 263
131 266
131 268
131 275
131 284
132 128
132 130
132 137
132 166
132 186
132 188
132 194
132 215
132 216
132 217
132 241
132 243
132 246
132 255
132 263
132 266
132 268
132 275
132 284
133 128
133 130
133 137
133 141
133 166
133 186
133 188
133 194
133 215
133 216
133 217
133 241
133 243
133 246
133 255
133 263
133 266
133 268
133 275
133 284
134 128
134 130
134 137
134 141
134 166
134 186
134 188
134 194
134 216
134 217
134 241
134 243
134 246
134 255
134 263
134 266
134 268
134 275
134 284
135 128
135 130
135 137
135 141
135 166
135 186
135 188
135 194
135 216
135 217
135 243
135 246
135 255
135 263
135 266
135 268
135 275
135 284
136 128
136 137
136 141
136 166
136 186
136 188
136 194
136 216
136 232
136 243
136 246
136 255
136 263
136 266
136 268
136 275
136 284
137 128
137 137
137 141
137 166
137 186
137 188
137 194
137 216
137 232
137 243
137 246
137 255
137 263
137 266
137 268
137 275
137 284
138 128
138 137
138 141
138 166
138 186
138 188
138 194
138 216
138 232
138 243
138 246
138 255
138 263
138 266
138 268
138 275
138 284
139 128
139 137
139 141
139 166
139 186
139 188
139 194
139 216
139 232
139 243
139 246
139 255
139 263
139 266
139 268
139 275
139 284
140 128
140 137
140 141
140 166
140 186
140 188
140 194
140 216
140 232
140 243
140 246
140 255
140 263
140 266
140 268
140 275
140 284
141 141
141 166
141 186
141 188
141 194
141 210
141 216
141 232
141 243
141 246
141 255
141 263
141 266
141 268
141 275
142 141
142 147
142 166
142 186
142 188
142 194
142 210
142 216
142 232
142 243
142 246
142 255
142 263
142 266
142 268
142 275
143 141
143 147
143 162
143 166
143 186
143 188
143 194
143 196
143 210
143 232
143 243
143 246
143 255
143 263
143 266
143 268
143 275
143 278
144 141
144 147
144 162
144 166
144 186
144 188
144 194
144 196
144 210
144 232
144 243
144 246
144 255
144 263
144 266
144 268
144 275
144 278
145 147
145 160
145 162
145 166
145 186
145 188
145 194
145 196
145 210
145 232
145 243
145 246
145 255
145 263
145 266
145 268
146 147
146 160
146 162
146 166
146 186
146 188
146 194
146 196
146 199
146 203
146 210
146 232
146 243
146 246
146 263
146 266
146 268
147 147
147 160
147 162
147 166
147 186
147 188
147 194
147 196
147 199
147 203
147 210
147 232
147 243
147 246
147 256
147 263
147 266
148 147
148 160
148 162
148 166
148 186
148 188
148 194
148 196
148 199
148 203
148 210
148 232
148 243
148 246
148 256
148 263
148 266
148 272
149 147
149 160
149 162
149 166
149 168
149 188
149 194
149 196
149 199
149 203
149 210
149 232
149 243
149 246
149 263
149 266
149 272
149 280
150 147
150 160
150 162
150 166
150 168
150 188
150 194
150 196
150 199
150 203
150 210
150 232
150 243
150 246
150 263
150 266
150 272
150 280
151 147
151 160
151 162
151 166
151 168
151 188
151 194
151 196
151 199
151 203
151 210
151 232
151 243
151 246
151 263
151 266
151 272
151 280
152 147
152 160
152 162
152 166
152 168
152 188
152 194
152 196
152 199
152 203
152 210
152 232
152 243
152 246
152 263
152 266
152 272
152 280
153 147
153 160
153 162
153 166
153 168
153 188
153 196
153 199
153 203
153 210
153 232
153 243
153 246
153 263
153 266
153 272
153 280
154 160
154 162
154 166
154 168
154 188
154 196
154 199
154 203
154 209
154 210
154 232
154 243
154 246
154 263
154 266
154 272
154 280
155 160
155 162
155 166
155 168
155 188
155 196
155 199
155 203
155 209
155 210
155 232
155 243
155 246
155 263
155 266
155 272
155 280
156 160
156 162
156 168
156 188
156 196
156 203
156 210
156 232
156 243
156 246
156 263
156 266
156 272
156 280
157 160
157 162
157 168
157 174
157 188
157 196
157 203
157 210
157 232
157 243
157 246
157 260
157 263
157 266
157 272
158 162
158 168
158 174
158 188
158 195
158 196
158 203
158 210
158 232
158 243
158 246
158 260
158 263
158 266
158 272
159 162
159 168
159 174
159 188
159 196
159 203
159 210
159 232
159 243
159 246
159 260
159 261
159 263
159 266
159 272
160 162
160 168
160 174
160 188
160 196
160 203
160 210
160 232
160 243
160 246
160 260
160 261
160 263
160 266
160 272
161 168
161 174
161 181
161 188
161 196
161 203
161 210
161 243
161 246
161 260
161 261
161 263
161 272
162 168
162 174
162 181
162 188
162 196
162 203
162 210
162 243
162 246
162 260
162 261
162 263
162 272
163 168
163 174
163 181
163 188
163 196
163 203
163 210
163 243
163 246
163 260
163 261
163 263
163 272
164 168
164 174
164 181
164 188
164 196
164 203
164 210
164 243
164 246
164 260
164 261
164 263
164 272
165 168
165 174
165 181
165 188
165 196
165 203
165 210
165 243
165 246
165 260
165 261
165 263
165 272
166 168
166 174
166 181
166 188
166 196
166 203
166 210
166 243
166 246
166 260
166 261
166 263
166 272
167 168
167 174
167 181
167 188
167 196
167 203
167 210
167 243
167 246
167 259
167 260
167 261
167 263
167 272
168 168
168 174
168 181
168 188
168 196
168 203
168 210
168 236
168 243
168 246
168 259
168 260
168 261
168 263
168 272
169 168
169 174
169 181
169 188
169 196
169 203
169 205
169 210
169 236
169 243
169 246
169 259
169 260
169 261
169 263
169 272
170 168
170 174
170 181
170 188
170 196
170 205
170 210
170 236
170 243
170 246
170 259
170 260
170 261
170 263
170 272
171 168
171 174
171 181
171 188
171 205
171 210
171 236
171 243
171 246
171 259
171 260
171 261
171 263
171 272
172 168
172 174
172 181
172 188
172 205
172 210
172 236
172 243
172 246
172 259
172 260
172 261
172 263
172 272
173 168
173 174
173 181
173 188
173 189
173 205
173 233
173 236
173 243
173 246
173 259
173 260
173 261
173 262
173 263
173 270
173 272
174 168
174 174
174 181
174 188
174 189
174 205
174 233
174 236
174 243
174 246
174 259
174 260
174 261
174 262
174 263
174 270
174 272
175 174
175 181
175 188
175 205
175 207
175 233
175 236
175 246
175 259
175 260
175 261
175 262
175 263
175 270
175 272
176 174
176 188
176 205
176 207
176 233
176 236
176 246
176 259
176 260
176 261
176 262
176 263
176 270
176 272
177 174
177 205
177 207
177 233
177 236
177 246
177 259
177 260
177 261
177 262
177 263
177 270
177 272
178 174
178 198
178 205
178 207
178 233
178 236
178 246
178 257
178 259
178 260
178 261
178 262
178 263
178 264
178 270
178 272
179 174
179 198
179 205
179 207
179 233
179 236
179 246
179 257
179 259
179 260
179 261
179 262
179 263
179 264
179 270
179 272
180 174
180 198
180 205
180 207
180 233
180 236
180 246
180 257
180 259
180 260
180 261
180 262
180 263
180 264
180 270
180 272
181 174
181 198
181 205
181 207
181 233
181 236
181 257
181 259
181 260
181 261
181 262
181 263
181 264
181 270
181 272
182 174
182 205
182 207
182 233
182 236
182 257
182 259
182 260
182 261
182 262
182 263
182 264
182 270
182 272
183 205
183 207
183 219
183 257
183 259
183 260
183 262
183 263
183 264
183 270
183 272
184 207
184 219
184 257
184 259
184 260
184 262
184 263
184 264
184 270
184 272
185 207
185 219
185 257
185 259
185 260
185 262
185 263
185 264
185 270
185 272
186 207
186 219
186 224
186 257
186 259
186 260
186 262
186 264
186 270
186 272
187 207
187 219
187 224
187 257
187 259
187 260
187 262
187 264
187 270
188 207
188 219
188 224
188 257
188 259
188 260
188 262
188 264
188 270
189 207
189 219
189 224
189 257
189 259
189 260
189 262
189 264
189 270
190 207
190 219
190 224
190 257
190 259
190 260
190 262
190 264
190 270
191 207
191 219
191 224
191 257
191 259
191 260
191 262
191 264
191 270
192 207
192 219
192 224
192 257
192 259
192 260
192 262
192 264
192 270
193 207
193 219
193 224
193 257
193 259
193 260
193 262
193 264
193 270
194 197
194 207
194 219
194 224
194 257
194 259
194 260
194 262
194 264
194 270
195 197
195 207
195 219
195 224
195 235
195 257
195 259
195 260
195 262
195 264
195 270
196 207
196 219
196 224
196 235
196 257
196 259
196 260
196 262
196 264
196 270
197 207
197 219
197 224
197 235
197 257
197 259
197 262
197 264
197 270
198 207
198 219
198 224
198 235
198 257
198 259
198 262
198 264
198 270
199 207
199 219
199 226
199 235
199 257
199 259
199 262
199 264
199 270
200 207
200 219
200 226
200 235
200 257
200 259
200 262
200 264
200 270
201 207
201 219
201 226
201 254
201 257
201 259
201 262
201 264
201 270
202 207
202 219
202 226
202 254
202 257
202 259
202 262
202 264
202 270
203 207
203 219
203 226
203 254
203 257
203 259
203 262
203 264
203 270
204 207
204 219
204 226
204 254
204 257
204 259
204 262
204 264
204 270
205 207
205 219
205 254
205 259
205 264
205 270
206 207
206 219
206 254
206 259
206 264
206 270
207 207
207 218
207 219
207 254
207 259
207 264
207 265
207 270
208 207
208 219
208 254
208 259
208 264
208 265
208 270
209 207
209 219
209 254
209 259
209 264
209 265
209 270
210 207
210 219
210 254
210 259
210 264
210 270
210 283
211 207
211 219
211 254
211 259
211 264
211 270
211 283
212 207
212 219
212 259
212 264
212 270
213 219
213 223
213 245
213 264
213 270
214 219
214 223
214 245
214 264
214 270
215 219
215 223
215 245
215 264
215 270
216 219
216 223
216 245
216 264
216 270
217 219
217 223
217 245
217 264
217 270
218 219
218 223
218 245
218 264
219 219
219 223
219 245
219 264
220 219
220 223
220 245
220 264
221 219
221 223
221 245
221 264
221 267
222 219
222 223
222 245
222 267
223 219
223 223
223 245
223 248
223 267
224 219
224 223
224 267
225 219
225 223
225 267
226 219
226 223
227 219
227 223
228 223
229 242
230 242
231 242
232 242
233 242
234 240
234 242
235 240
235 242
236 240
236 242
237 240
237 242
238 240
239 240
240 240
241 240
241 251
242 240
242 251
243 240
243 251
244 240
244 251
245 240
245 251
246 240
246 251
247 240
247 251
248 240
248 251
249 240
249 251
