0 1
0 6
0 67
0 193
0 271
1 30
1 32
1 38
1 67
1 114
1 193
1 242
1 271
2 29
2 30
2 32
2 38
2 67
2 114
2 193
2 242
2 271
3 12
3 15
3 28
3 30
3 38
3 58
3 64
3 67
3 105
3 114
3 155
3 170
3 193
3 242
3 271
4 10
4 11
4 58
4 64
4 65
4 67
4 105
4 155
4 164
4 173
4 242
4 244
4 271
5 10
5 11
5 58
5 64
5 65
5 67
5 105
5 155
5 164
5 173
5 242
5 244
5 271
6 11
6 58
6 64
6 65
6 67
6 73
6 105
6 155
6 164
6 173
6 242
6 244
6 271
7 9
7 11
7 58
7 65
7 67
7 73
7 105
7 155
7 164
7 173
7 242
7 244
7 271
8 58
8 65
8 67
8 70
8 73
8 105
8 116
8 155
8 164
8 173
8 210
8 226
8 242
8 244
8 271
9 14
9 43
9 58
9 65
9 67
9 70
9 73
9 96
9 116
9 128
9 155
9 156
9 173
9 210
9 226
9 244
9 271
10 14
10 43
10 51
10 58
10 65
10 67
10 73
10 96
10 116
10 128
10 155
10 156
10 173
10 210
10 244
10 271
11 26
11 43
11 47
11 51
11 58
11 67
11 73
11 96
11 116
11 128
11 155
11 156
11 173
11 210
11 244
11 271
12 26
12 43
12 47
12 49
12 51
12 58
12 73
12 96
12 116
12 128
12 155
12 156
12 199
12 210
12 244
12 271
13 16
13 20
13 42
13 43
13 47
13 49
13 51
13 58
13 73
13 96
13 116
13 128
13 155
13 156
13 199
13 210
13 244
13 271
14 16
14 20
14 21
14 25
14 42
14 43
14 47
14 49
14 51
14 58
14 93
14 96
14 116
14 128
14 155
14 156
14 157
14 188
14 199
14 210
14 244
14 271
15 16
15 20
15 21
15 25
15 42
15 43
15 47
15 49
15 51
15 58
15 84
15 93
15 96
15 116
15 128
15 155
15 156
15 157
15 188
15 199
15 210
15 244
15 271
16 16
16 17
16 19
16 20
16 39
16 43
16 49
16 52
16 58
16 84
16 93
16 116
16 128
16 155
16 157
16 188
16 199
16 210
16 217
16 244
16 271
17 18
17 39
17 43
17 49
17 58
17 78
17 84
17 100
17 116
17 128
17 155
17 157
17 188
17 199
17 210
17 217
17 244
17 271
18 18
18 39
18 43
18 49
18 58
18 78
18 84
18 100
18 116
18 128
18 155
18 157
18 188
18 199
18 210
18 217
18 244
18 271
19 27
19 39
19 44
19 49
19 58
19 72
19 78
19 84
19 87
19 100
19 116
19 128
19 137
19 155
19 157
19 188
19 195
19 199
19 210
19 217
19 244
19 271
20 22
20 27
20 39
20 44
20 49
20 58
20 72
20 84
20 87
20 100
20 116
20 128
20 137
20 155
20 157
20 188
20 195
20 199
20 210
20 217
20 244
20 271
21 36
21 41
21 60
21 72
21 74
21 84
21 87
21 100
21 116
21 155
21 157
21 188
21 199
21 210
21 217
21 223
21 230
21 241
21 244
21 271
22 36
22 41
22 60
22 72
22 74
22 84
22 87
22 100
22 116
22 122
22 155
22 157
22 188
22 199
22 210
22 217
22 223
22 230
22 241
22 244
22 271
23 36
23 60
23 72
23 74
23 84
23 87
23 100
23 116
23 122
23 155
23 188
23 199
23 210
23 217
23 223
23 230
23 241
23 244
23 271
24 36
24 60
24 72
24 74
24 84
24 87
24 97
24 100
24 116
24 122
24 155
24 188
24 199
24 210
24 217
24 223
24 230
24 241
24 244
24 271
25 36
25 72
25 74
25 84
25 87
25 97
25 116
25 122
25 155
25 188
25 199
25 210
25 217
25 223
25 230
25 241
25 244
25 271
26 36
26 72
26 87
26 97
26 116
26 122
26 155
26 188
26 199
26 210
26 217
26 230
26 237
26 241
26 244
26 271
27 46
27 72
27 87
27 97
27 101
27 116
27 122
27 123
27 155
27 188
27 199
27 210
27 217
27 230
27 237
27 241
27 244
27 271
28 46
28 72
28 87
28 97
28 101
28 116
28 122
28 123
28 155
28 188
28 199
28 210
28 217
28 230
28 237
28 241
28 244
29 46
29 71
29 72
29 87
29 97
29 101
29 116
29 122
29 123
29 155
29 188
29 199
29 210
29 217
29 230
29 237
29 241
29 244
30 46
30 71
30 72
30 87
30 97
30 101
30 116
30 122
30 123
30 155
30 188
30 199
30 210
30 217
30 230
30 237
30 241
30 244
31 46
31 50
31 57
31 71
31 72
31 87
31 97
31 101
31 116
31 122
31 123
31 155
31 172
31 188
31 199
31 210
31 217
31 230
31 237
31 241
31 244
32 37
32 46
32 50
32 57
32 71
32 72
32 87
32 97
32 101
32 116
32 122
32 123
32 155
32 172
32 188
32 199
32 210
32 217
32 230
32 237
32 241
32 244
33 37
33 46
33 57
33 71
33 72
33 87
33 97
33 101
33 116
33 122
33 123
33 155
33 158
33 188
33 199
33 217
33 230
33 237
33 241
33 244
34 37
34 57
34 71
34 97
34 101
34 116
34 121
34 122
34 123
34 158
34 188
34 199
34 217
34 230
34 237
34 241
34 244
35 37
35 57
35 71
35 97
35 101
35 116
35 121
35 122
35 123
35 158
35 188
35 199
35 217
35 230
35 237
35 241
35 244
36 57
36 71
36 80
36 89
36 97
36 116
36 121
36 122
36 158
36 188
36 199
36 217
36 230
36 237
36 244
37 53
37 57
37 71
37 80
37 89
37 91
37 97
37 116
37 121
37 135
37 158
37 199
37 217
37 230
37 237
38 53
38 57
38 71
38 80
38 89
38 91
38 97
38 116
38 121
38 135
38 158
38 199
38 217
38 230
38 237
39 53
39 57
39 71
39 80
39 89
39 97
39 102
39 121
39 134
39 135
39 158
39 183
39 199
39 217
39 230
39 237
40 53
40 57
40 71
40 80
40 89
40 97
40 102
40 121
40 134
40 135
40 158
40 183
40 199
40 217
40 230
40 237
41 53
41 57
41 71
41 80
41 89
41 97
41 102
41 109
41 121
41 134
41 135
41 158
41 183
41 199
41 217
41 230
41 237
42 48
42 53
42 57
42 61
42 71
42 80
42 82
42 89
42 97
42 102
42 109
42 121
42 134
42 142
42 151
42 158
42 183
42 199
42 217
42 221
42 222
42 230
42 237
43 53
43 57
43 71
43 80
43 82
43 89
43 97
43 102
43 109
43 121
43 134
43 142
43 151
43 153
43 158
43 183
43 199
43 217
43 221
43 222
43 230
43 237
44 53
44 57
44 71
44 80
44 82
44 89
44 97
44 102
44 109
44 121
44 134
44 142
44 151
44 153
44 158
44 183
44 199
44 217
44 221
44 222
44 230
44 237
45 53
45 71
45 80
45 97
45 102
45 109
45 121
45 134
45 142
45 151
45 153
45 158
45 183
45 199
45 217
45 221
45 222
45 230
45 237
46 53
46 71
46 80
46 97
46 102
46 109
46 121
46 134
46 142
46 151
46 153
46 158
46 183
46 199
46 217
46 221
46 222
46 230
46 237
47 53
47 63
47 69
47 71
47 76
47 80
47 102
47 106
47 109
47 121
47 134
47 142
47 153
47 158
47 166
47 183
47 196
47 217
47 221
47 222
47 230
47 237
47 259
47 263
48 53
48 54
48 71
48 76
48 77
48 106
48 109
48 115
48 119
48 121
48 134
48 141
48 153
48 158
48 178
48 196
48 217
48 221
48 230
48 237
48 259
48 263
49 53
49 54
49 71
49 76
49 77
49 106
49 109
49 115
49 119
49 121
49 134
49 141
49 153
49 158
49 178
49 196
49 217
49 221
49 230
49 237
49 259
49 263
50 54
50 71
50 76
50 77
50 88
50 106
50 109
50 115
50 121
50 134
50 141
50 153
50 158
50 178
50 196
50 217
50 221
50 230
50 237
50 259
50 263
51 54
51 71
51 76
51 77
51 88
51 106
51 109
51 115
51 121
51 134
51 140
51 141
51 153
51 158
51 178
51 196
51 217
51 221
51 230
51 237
52 54
52 71
52 76
52 77
52 81
52 88
52 106
52 109
52 115
52 121
52 134
52 140
52 141
52 153
52 158
52 178
52 196
52 202
52 217
52 221
52 230
52 237
53 54
53 71
53 76
53 77
53 81
53 88
53 106
53 109
53 115
53 121
53 134
53 140
53 141
53 153
53 158
53 178
53 196
53 202
53 217
53 221
53 230
53 237
54 54
54 66
54 71
54 76
54 77
54 81
54 88
54 106
54 109
54 121
54 134
54 140
54 141
54 153
54 158
54 196
54 202
54 217
54 221
54 228
54 230
54 237
55 66
55 71
55 76
55 77
55 81
55 86
55 88
55 106
55 109
55 121
55 125
55 130
55 134
55 140
55 141
55 153
55 158
55 176
55 196
55 202
55 217
55 221
55 228
55 230
55 237
56 66
56 71
56 77
56 81
56 86
56 88
56 94
56 106
56 109
56 121
56 134
56 140
56 141
56 145
56 158
56 194
56 196
56 202
56 228
56 230
56 237
57 66
57 71
57 77
57 81
57 86
57 94
57 106
57 109
57 121
57 134
57 140
57 141
57 145
57 158
57 194
57 202
57 228
57 237
58 66
58 71
58 77
58 81
58 86
58 94
58 106
58 109
58 121
58 134
58 140
58 141
58 145
58 158
58 194
58 202
58 228
58 237
59 66
59 71
59 77
59 81
59 86
59 94
59 104
59 106
59 109
59 121
59 140
59 141
59 158
59 184
59 194
59 202
59 228
59 264
59 266
60 66
60 71
60 77
60 81
60 86
60 94
60 104
60 106
60 109
60 121
60 140
60 141
60 158
60 184
60 194
60 202
60 228
60 264
60 266
61 68
61 71
61 75
61 77
61 86
61 94
61 104
61 106
61 109
61 112
61 121
61 141
61 158
61 184
61 189
61 194
61 202
61 234
61 264
61 266
62 68
62 75
62 77
62 86
62 94
62 104
62 106
62 109
62 112
62 121
62 141
62 158
62 168
62 189
62 191
62 194
62 202
62 234
62 264
62 266
63 68
63 75
63 77
63 86
63 94
63 104
63 106
63 109
63 112
63 121
63 141
63 150
63 158
63 168
63 189
63 191
63 194
63 202
63 234
63 264
63 266
64 75
64 77
64 83
64 94
64 104
64 106
64 109
64 112
64 121
64 141
64 150
64 158
64 168
64 189
64 191
64 194
64 202
64 203
64 234
64 264
65 75
65 77
65 83
65 94
65 104
65 106
65 112
65 121
65 124
65 141
65 150
65 168
65 181
65 189
65 191
65 194
65 202
65 203
65 208
65 234
65 264
65 270
66 75
66 77
66 83
66 94
66 104
66 106
66 112
66 117
66 121
66 124
66 141
66 150
66 168
66 169
66 189
66 191
66 194
66 202
66 203
66 208
66 234
66 264
66 270
67 75
67 77
67 94
67 104
67 106
67 112
67 117
67 121
67 124
67 141
67 150
67 168
67 169
67 189
67 191
67 194
67 202
67 203
67 208
67 234
67 264
67 270
68 75
68 77
68 94
68 95
68 104
68 106
68 112
68 117
68 121
68 124
68 132
68 150
68 168
68 169
68 187
68 189
68 191
68 194
68 202
68 203
68 208
68 234
68 264
68 270
68 274
69 75
69 77
69 94
69 95
69 104
69 106
69 112
69 117
69 121
69 124
69 132
69 150
69 168
69 169
69 187
69 189
69 191
69 194
69 202
69 203
69 208
69 234
69 264
69 270
69 274
70 77
70 92
70 94
70 95
70 104
70 106
70 112
70 117
70 121
70 124
70 126
70 132
70 168
70 169
70 187
70 189
70 191
70 202
70 203
70 208
70 234
70 264
70 270
70 274
71 77
71 92
71 94
71 95
71 104
71 106
71 112
71 117
71 121
71 124
71 126
71 132
71 168
71 169
71 187
71 189
71 191
71 202
71 203
71 208
71 234
71 264
71 270
71 274
72 77
72 92
72 94
72 95
72 106
72 112
72 117
72 121
72 124
72 126
72 168
72 169
72 187
72 189
72 191
72 202
72 203
72 208
72 234
72 264
72 270
72 274
73 77
73 92
73 94
73 95
73 106
73 112
73 117
73 121
73 124
73 126
73 168
73 169
73 187
73 189
73 191
73 202
73 203
73 208
73 234
73 264
73 270
73 274
74 77
74 92
74 94
74 95
74 106
74 112
74 117
74 121
74 124
74 126
74 168
74 169
74 187
74 191
74 202
74 203
74 208
74 234
74 264
74 270
74 274
75 77
75 92
75 94
75 95
75 103
75 106
75 112
75 117
75 121
75 124
75 136
75 167
75 168
75 169
75 191
75 202
75 203
75 208
75 234
75 256
75 264
75 267
75 270
75 274
76 77
76 92
76 94
76 95
76 98
76 99
76 103
76 106
76 108
76 117
76 121
76 124
76 136
76 148
76 167
76 168
76 169
76 179
76 202
76 203
76 208
76 256
76 264
76 267
76 270
76 274
77 77
77 92
77 94
77 95
77 98
77 99
77 103
77 106
77 108
77 117
77 121
77 124
77 136
77 148
77 167
77 168
77 169
77 179
77 202
77 203
77 208
77 256
77 264
77 267
77 270
77 274
78 77
78 94
78 98
78 99
78 103
78 107
78 108
78 117
78 121
78 127
78 136
78 143
78 148
78 167
78 169
78 179
78 202
78 208
78 256
78 264
78 267
78 270
78 274
78 280
79 77
79 94
79 98
79 99
79 103
79 107
79 108
79 110
79 117
79 121
79 127
79 136
79 143
79 148
79 167
79 169
79 179
79 202
79 208
79 264
79 267
79 270
79 274
79 280
80 77
80 90
80 94
80 98
80 99
80 103
80 107
80 108
80 110
80 117
80 121
80 127
80 136
80 143
80 148
80 169
80 179
80 208
80 264
80 267
80 269
80 270
80 274
80 280
81 77
81 90
81 94
81 98
81 99
81 107
81 108
81 113
81 117
81 121
81 127
81 136
81 143
81 148
81 169
81 179
81 200
81 208
81 264
81 267
81 269
81 270
81 274
81 280
82 77
82 90
82 94
82 98
82 99
82 107
82 108
82 113
82 117
82 121
82 127
82 136
82 143
82 147
82 148
82 169
82 179
82 200
82 208
82 264
82 267
82 269
82 270
82 274
82 280
83 77
83 90
83 94
83 98
83 99
83 107
83 108
83 113
83 117
83 121
83 127
83 136
83 143
83 147
83 148
83 169
83 179
83 200
83 208
83 264
83 267
83 269
83 270
83 274
83 280
84 77
84 90
84 94
84 98
84 99
84 107
84 108
84 113
84 117
84 121
84 127
84 136
84 143
84 147
84 148
84 169
84 179
84 200
84 206
84 208
84 264
84 267
84 269
84 270
84 274
84 280
85 77
85 90
85 94
85 98
85 99
85 107
85 108
85 113
85 117
85 121
85 127
85 136
85 143
85 147
85 148
85 169
85 179
85 200
85 206
85 208
85 264
85 267
85 269
85 270
85 274
85 280
86 90
86 94
86 98
86 99
86 107
86 108
86 113
86 117
86 121
86 127
86 136
86 143
86 148
86 169
86 179
86 200
86 206
86 208
86 264
86 267
86 269
86 270
86 274
86 280
87 90
87 94
87 98
87 99
87 107
87 108
87 113
87 117
87 121
87 127
87 136
87 143
87 148
87 169
87 179
87 192
87 200
87 206
87 208
87 264
87 267
87 269
87 270
87 274
87 280
88 90
88 94
88 98
88 99
88 107
88 108
88 113
88 121
88 127
88 136
88 143
88 148
88 179
88 192
88 200
88 206
88 208
88 264
88 267
88 269
88 274
88 280
89 90
89 94
89 98
89 99
89 107
89 108
89 113
89 121
89 127
89 131
89 136
89 143
89 148
89 179
89 192
89 200
89 206
89 208
89 264
89 267
89 269
89 274
89 280
90 90
90 94
90 98
90 99
90 107
90 108
90 113
90 120
90 121
90 127
90 131
90 136
90 143
90 148
90 179
90 200
90 206
90 208
90 264
90 267
90 274
90 280
91 90
91 94
91 98
91 99
91 108
91 113
91 120
91 121
91 127
91 131
91 136
91 148
91 179
91 200
91 206
91 208
91 264
91 267
91 274
91 280
91 281
92 90
92 94
92 98
92 99
92 108
92 113
92 120
92 127
92 131
92 136
92 148
92 179
92 200
92 206
92 208
92 214
92 264
92 267
92 274
92 280
92 281
93 90
93 94
93 98
93 99
93 108
93 113
93 120
93 127
93 131
93 136
93 148
93 179
93 200
93 206
93 208
93 214
93 264
93 267
93 272
93 274
93 280
93 281
94 90
94 94
94 99
94 113
94 120
94 127
94 131
94 136
94 148
94 179
94 200
94 206
94 208
94 214
94 264
94 267
94 274
94 280
94 281
95 90
95 94
95 99
95 113
95 120
95 127
95 131
95 136
95 148
95 179
95 200
95 206
95 208
95 214
95 264
95 267
95 274
95 280
95 281
96 94
96 99
96 113
96 120
96 131
96 148
96 179
96 200
96 206
96 208
96 214
96 264
96 267
96 274
96 280
96 281
97 94
97 99
97 113
97 131
97 133
97 148
97 179
97 200
97 206
97 208
97 214
97 264
97 267
97 274
97 280
97 281
98 94
98 113
98 131
98 133
98 148
98 179
98 200
98 201
98 206
98 208
98 214
98 264
98 267
98 274
98 280
98 281
99 94
99 113
99 131
99 133
99 148
99 179
99 200
99 201
99 206
99 208
99 214
99 264
99 267
99 274
99 280
99 281
100 94
100 113
100 131
100 133
100 148
100 179
100 200
100 201
100 206
100 208
100 214
100 264
100 267
100 274
100 280
100 281
101 94
101 113
101 131
101 138
101 148
101 175
101 179
101 200
101 201
101 206
101 208
101 214
101 264
101 267
101 274
101 280
101 281
102 94
102 113
102 131
102 138
102 148
102 152
102 175
102 179
102 200
102 201
102 206
102 208
102 214
102 264
102 267
102 274
102 280
102 281
103 94
103 113
103 131
103 138
103 148
103 152
103 171
103 175
103 179
103 200
103 206
103 208
103 214
103 264
103 267
103 274
103 280
103 281
104 94
104 113
104 131
104 138
104 144
104 148
104 152
104 171
104 175
104 179
104 200
104 206
104 214
104 264
104 267
104 274
104 280
104 281
105 113
105 131
105 138
105 144
105 148
105 152
105 171
105 175
105 179
105 200
105 206
105 214
105 264
105 267
105 274
105 280
105 281
106 131
106 138
106 144
106 148
106 152
106 171
106 175
106 179
106 200
106 206
106 214
106 264
106 267
106 274
106 280
106 281
107 131
107 138
107 144
107 148
107 152
107 154
107 171
107 175
107 179
107 200
107 206
107 214
107 264
107 267
107 274
107 280
107 281
108 131
108 138
108 148
108 152
108 154
108 171
108 175
108 179
108 200
108 206
108 214
108 220
108 262
108 264
108 267
108 274
108 280
108 281
109 131
109 138
109 148
109 152
109 154
109 171
109 175
109 179
109 200
109 206
109 214
109 220
109 262
109 264
109 267
109 274
109 280
109 281
110 131
110 138
110 148
110 152
110 154
110 171
110 175
110 179
110 200
110 206
110 214
110 220
110 262
110 264
110 267
110 274
110 280
110 281
111 131
111 138
111 148
111 152
111 154
111 171
111 175
111 179
111 200
111 206
111 214
111 220
111 262
111 264
111 267
111 274
111 280
111 281
112 131
112 138
112 148
112 152
112 154
112 171
112 175
112 179
112 206
112 214
112 220
112 262
112 264
112 267
112 274
112 281
113 129
113 131
113 138
113 139
113 148
113 152
113 154
113 171
113 175
113 179
113 206
113 214
113 216
113 220
113 262
113 264
113 267
113 274
114 129
114 131
114 138
114 139
114 148
114 152
114 154
114 171
114 175
114 179
114 206
114 214
114 216
114 220
114 236
114 262
114 267
114 274
115 129
115 131
115 138
115 139
115 148
115 152
115 154
115 171
115 175
115 179
115 206
115 214
115 216
115 220
115 225
115 231
115 236
115 262
115 267
115 274
116 129
116 131
116 138
116 139
116 148
116 152
116 171
116 175
116 179
116 206
116 214
116 216
116 220
116 225
116 231
116 236
116 262
116 267
116 274
117 129
117 131
117 138
117 139
117 152
117 171
117 175
117 179
117 206
117 214
117 216
117 220
117 225
117 231
117 236
117 262
117 267
117 274
118 129
118 131
118 138
118 139
118 152
118 171
118 175
118 179
118 206
118 214
118 216
118 220
118 225
118 231
118 262
118 267
118 274
119 129
119 131
119 138
119 139
119 152
119 171
119 175
119 179
119 206
119 214
119 216
119 220
119 225
119 231
119 262
119 267
119 274
120 129
120 131
120 138
120 139
120 152
120 171
120 175
120 179
120 206
120 214
120 216
120 220
120 225
120 231
120 262
120 267
120 274
121 129
121 131
121 138
121 139
121 152
121 171
121 175
121 179
121 206
121 214
121 216
121 220
121 225
121 231
121 262
121 267
121 274
122 129
122 131
122 138
122 152
122 160
122 171
122 175
122 179
122 206
122 214
122 216
122 220
122 225
122 231
122 262
122 267
122 274
123 129
123 131
123 138
123 152
123 160
123 171
123 175
123 179
123 206
123 214
123 216
123 220
123 225
123 227
123 231
123 262
123 267
123 274
124 129
124 131
124 138
124 152
124 160
124 171
124 175
124 179
124 206
124 214
124 216
124 220
124 225
124 227
124 231
124 262
124 267
125 129
125 131
125 138
125 152
125 160
125 171
125 175
125 179
125 206
125 214
125 216
125 220
125 225
125 227
125 231
125 262
125 267
126 129
126 138
126 152
126 171
126 174
126 175
126 182
126 206
126 214
126 216
126 220
126 225
126 227
126 231
126 262
126 267
127 129
127 138
127 152
127 163
127 171
127 175
127 182
127 206
127 214
127 216
127 220
127 224
127 225
127 227
127 231
127 235
127 262
127 267
128 129
128 138
128 152
128 163
128 171
128 175
128 182
128 206
128 214
128 216
128 219
128 220
128 224
128 225
128 227
128 231
128 235
128 262
128 267
129 138
129 152
129 163
129 171
129 175
129 182
129 206
129 214
129 216
129 219
129 220
129 224
129 225
129 227
129 231
129 235
129 262
129 267
130 138
130 146
130 163
130 171
130 175
130 182
130 206
130 214
130 216
130 219
130 220
130 224
130 225
130 227
130 231
130 235
130 250
130 262
130 267
131 138
131 146
131 163
131 171
131 175
131 182
131 206
131 214
131 216
131 219
131 220
131 224
131 225
131 227
131 231
131 235
131 250
131 262
131 267
132 146
132 163
132 171
132 175
132 182
132 206
132 214
132 216
132 220
132 224
132 225
132 227
132 231
132 235
132 262
132 265
132 267
133 146
133 162
133 163
133 171
133 175
133 182
133 206
133 214
133 216
133 220
133 224
133 225
133 227
133 231
133 235
133 262
133 265
133 267
134 159
134 162
134 163
134 171
134 175
134 182
134 206
134 213
134 214
134 216
134 220
134 224
134 225
134 227
134 231
134 235
134 258
134 262
134 265
134 267
135 159
135 162
135 163
135 171
135 175
135 182
135 206
135 213
135 214
135 216
135 220
135 225
135 227
135 231
135 235
135 258
135 262
135 265
135 267
136 159
136 162
136 163
136 171
136 175
136 182
136 206
136 213
136 214
136 216
136 220
136 227
136 231
136 235
136 258
136 262
136 265
136 267
137 159
137 162
137 163
137 171
137 175
137 182
137 206
137 213
137 214
137 216
137 220
137 227
137 231
137 235
137 258
137 262
137 265
137 267
138 159
138 162
138 163
138 171
138 175
138 182
138 206
138 213
138 214
138 216
138 220
138 227
138 231
138 235
138 258
138 262
138 265
138 267
139 159
139 162
139 163
139 171
139 175
139 182
139 206
139 213
139 214
139 216
139 220
139 231
139 235
139 258
139 262
139 265
139 267
140 159
140 162
140 171
140 175
140 182
140 206
140 207
140 213
140 214
140 216
140 231
140 235
140 258
140 262
140 265
140 267
141 159
141 162
141 171
141 175
141 182
141 206
141 207
141 213
141 214
141 216
141 231
141 235
141 258
141 262
141 265
141 267
142 159
142 162
142 171
142 175
142 182
142 206
142 207
142 213
142 214
142 216
142 231
142 235
142 258
142 262
142 265
142 267
143 159
143 162
143 171
143 175
143 182
143 206
143 207
143 213
143 214
143 216
143 231
143 235
143 254
143 258
143 262
143 265
143 267
144 159
144 162
144 171
144 175
144 182
144 206
144 207
144 213
144 214
144 216
144 231
144 235
144 254
144 258
144 262
144 265
144 267
145 162
145 182
145 206
145 207
145 214
145 216
145 231
145 232
145 235
145 254
145 257
145 258
145 262
145 265
145 267
146 162
146 182
146 206
146 207
146 216
146 231
146 232
146 235
146 254
146 257
146 258
146 262
146 265
146 267
147 162
147 182
147 206
147 207
147 216
147 231
147 232
147 235
147 254
147 257
147 258
147 262
147 265
147 267
148 162
148 182
148 206
148 207
148 231
148 232
148 235
148 254
148 257
148 258
148 262
148 265
148 267
149 162
149 182
149 206
149 207
149 232
149 235
149 254
149 257
149 258
149 262
149 265
149 267
149 275
150 162
150 182
150 206
150 207
150 232
150 235
150 254
150 257
150 258
150 262
150 265
150 275
151 162
151 182
151 206
151 207
151 232
151 235
151 254
151 257
151 258
151 262
151 265
151 275
152 162
152 182
152 206
152 207
152 232
152 235
152 254
152 257
152 258
152 262
152 265
152 275
153 162
153 182
153 207
153 232
153 235
153 254
153 257
153 258
153 262
153 265
153 275
154 162
154 182
154 207
154 232
154 235
154 254
154 257
154 258
154 262
154 265
154 275
155 162
155 182
155 207
155 232
155 235
155 254
155 257
155 258
155 262
155 265
155 268
155 275
156 162
156 182
156 207
156 232
156 235
156 254
156 257
156 258
156 262
156 265
156 268
156 275
157 162
157 185
157 207
157 232
157 235
157 254
157 257
157 258
157 262
157 265
157 268
157 275
158 190
158 207
158 212
158 232
158 247
158 254
158 257
158 258
158 262
158 268
158 273
158 275
158 278
159 190
159 207
159 212
159 218
159 229
159 251
159 257
159 258
159 262
159 275
159 278
159 279
160 190
160 207
160 212
160 218
160 229
160 251
160 257
160 258
160 262
160 275
160 278
160 279
161 190
161 207
161 212
161 218
161 229
161 251
161 257
161 258
161 262
161 275
161 278
161 279
162 180
162 190
162 207
162 212
162 218
162 245
162 251
162 257
162 258
162 262
162 275
162 278
162 279
163 180
163 190
163 207
163 212
163 218
163 245
163 251
163 257
163 258
163 262
163 275
163 278
163 279
164 180
164 190
164 207
164 212
164 218
164 245
164 251
164 257
164 258
164 262
164 275
164 278
164 279
165 180
165 190
165 207
165 212
165 218
165 245
165 251
165 257
165 258
165 262
165 275
165 278
165 279
166 180
166 190
166 212
166 218
166 245
166 251
166 257
166 258
166 262
166 275
166 278
166 279
167 180
167 190
167 209
167 212
167 245
167 251
167 257
167 258
167 262
167 275
167 278
167 279
168 180
168 190
168 209
168 212
168 245
168 251
168 257
168 258
168 262
168 275
168 278
168 279
169 180
169 190
169 209
169 212
169 245
169 251
169 257
169 258
169 262
169 275
169 278
169 279
170 180
170 190
170 209
170 212
170 245
170 251
170 257
170 258
170 262
170 275
170 278
170 279
171 180
171 190
171 209
171 212
171 245
171 251
171 258
171 262
171 275
171 278
171 279
172 180
172 190
172 209
172 211
172 212
172 233
172 245
172 251
172 258
172 262
172 275
172 278
172 279
173 177
173 180
173 190
173 209
173 211
173 212
173 233
173 245
173 251
173 258
173 262
173 275
173 278
173 279
174 177
174 180
174 190
174 209
174 211
174 212
174 233
174 245
174 251
174 258
174 262
174 275
174 278
174 279
175 177
175 180
175 190
175 209
175 211
175 212
175 233
175 245
175 251
175 258
175 262
175 275
175 278
175 279
176 177
176 180
176 190
176 209
176 211
176 212
176 233
176 245
176 251
176 258
176 262
176 275
176 278
176 279
177 180
177 186
177 190
177 209
177 211
177 212
177 233
177 243
177 245
177 258
177 262
177 275
177 278
177 279
178 186
178 190
178 209
178 212
178 233
178 243
178 245
178 258
178 260
178 262
178 278
179 186
179 190
179 209
179 212
179 233
179 243
179 245
179 252
179 258
179 260
179 262
179 278
180 186
180 190
180 209
180 212
180 233
180 240
180 243
180 245
180 252
180 258
180 260
180 262
180 278
181 186
181 190
181 209
181 212
181 233
181 240
181 243
181 245
181 252
181 258
181 260
181 262
181 278
182 186
182 190
182 209
182 212
182 233
182 240
182 243
182 245
182 252
182 260
182 262
182 278
183 190
183 209
183 212
183 233
183 240
183 243
183 252
183 260
183 262
183 278
184 190
184 209
184 212
184 240
184 243
184 252
184 260
184 278
184 282
185 190
185 209
185 212
185 240
185 243
185 252
185 260
185 278
185 282
186 190
186 209
186 212
186 240
186 243
186 252
186 260
186 278
186 282
187 190
187 209
187 212
187 240
187 243
187 252
187 260
187 278
187 282
188 190
188 209
188 240
188 243
188 252
188 260
188 282
188 283
189 190
189 209
189 240
189 243
189 252
189 260
189 282
189 283
190 190
190 209
190 240
190 243
190 252
190 260
190 282
190 283
191 190
191 205
191 209
191 240
191 243
191 252
191 282
191 283
192 190
192 197
192 209
192 239
192 240
192 243
192 252
192 282
192 283
193 190
193 197
193 198
193 209
193 239
193 240
193 243
193 252
193 282
193 283
193 284
194 190
194 197
194 198
194 209
194 239
194 240
194 243
194 252
194 282
194 283
194 284
195 190
195 197
195 198
195 209
195 239
195 243
195 252
195 282
195 284
196 190
196 197
196 209
196 215
196 238
196 239
196 243
196 252
196 282
196 284
197 190
197 197
197 209
197 215
197 238
197 239
197 243
197 252
197 282
197 284
198 190
198 197
198 209
198 215
198 238
198 239
198 243
198 252
198 282
198 284
199 190
199 197
199 209
199 215
199 238
199 239
199 243
199 252
199 282
199 284
200 190
200 197
200 209
200 215
200 238
200 239
200 243
200 252
200 282
200 284
201 190
201 209
201 215
201 238
201 239
201 243
201 252
201 282
201 284
202 190
202 209
202 215
202 238
202 239
202 243
202 252
202 282
202 284
203 190
203 209
203 215
203 238
203 239
203 243
203 252
203 282
203 284
204 190
204 209
204 215
204 238
204 239
204 243
204 252
204 282
204 284
205 190
205 209
205 215
205 238
205 239
205 243
205 252
205 282
205 284
206 190
206 209
206 238
206 239
206 243
206 252
206 282
206 284
207 190
207 209
207 238
207 239
207 243
207 252
207 282
207 284
208 190
208 209
208 238
208 239
208 243
208 252
208 282
208 284
209 190
209 209
209 238
209 239
209 243
209 282
209 284
210 190
210 209
210 238
210 239
210 243
210 282
210 284
211 190
211 209
211 238
211 239
211 243
211 282
211 284
212 190
212 209
212 238
212 239
212 243
212 282
212 284
213 190
213 209
213 238
213 243
213 282
213 284
214 190
214 209
214 238
214 243
214 282
214 284
215 190
215 209
215 238
215 243
215 282
215 284
216 190
216 209
216 238
216 243
216 282
216 284
217 190
217 209
217 238
217 243
217 282
217 284
218 190
218 209
218 238
218 243
218 282
218 284
219 190
219 209
219 238
219 243
219 282
219 284
220 190
220 209
220 238
220 243
220 282
220 284
221 209
221 238
221 243
221 282
221 284
222 209
222 238
222 243
222 282
222 284
223 209
223 238
223 243
223 282
223 284
224 209
224 238
224 243
224 282
224 284
225 209
225 238
225 243
225 282
225 284
226 209
226 238
226 243
226 282
226 284
227 209
227 238
227 243
227 282
227 284
228 209
228 238
228 243
228 282
228 284
229 209
229 238
229 243
229 282
230 238
230 243
230 282
231 238
231 243
231 282
232 238
232 243
232 282
233 238
233 243
233 282
234 238
234 243
234 282
235 238
235 243
235 282
236 238
236 243
236 282
237 238
237 243
237 282
238 238
238 243
238 277
238 282
239 238
239 243
239 277
239 282
240 238
240 243
240 277
240 282
241 238
241 243
241 277
241 282
242 238
242 276
242 277
242 282
243 238
243 276
243 277
243 282
244 238
244 276
244 277
244 282
245 238
245 249
245 276
245 277
245 282
246 238
246 249
246 276
246 277
246 282
247 238
247 249
247 276
247 277
247 282
248 238
248 276
248 282
249 238
249 276
249 282
250 238
250 276
250 282
251 238
251 276
251 282
252 238
252 276
252 282
253 238
253 276
253 282
254 238
254 276
254 282
255 238
255 276
255 282
256 238
256 276
256 282
257 238
257 276
257 282
258 238
258 282
259 238
259 282
260 238
260 282
261 238
261 282
262 282
263 282
264 282
265 282
266 282
267 282
268 282
269 282
270 282
271 282
272 282
273 282
274 282
275 282
276 282
277 282
278 282
279 282
280 282
281 282
