0 3
0 8
0 38
0 95
0 204
1 8
1 38
1 95
1 204
2 4
2 6
2 8
2 12
2 15
2 26
2 34
2 38
2 59
2 74
2 95
2 204
3 5
3 26
3 34
3 38
3 59
3 74
3 75
3 95
3 192
3 204
4 26
4 34
4 38
4 74
4 75
4 95
4 192
4 204
4 279
5 26
5 34
5 38
5 74
5 75
5 105
5 192
5 204
5 279
6 26
6 34
6 38
6 74
6 75
6 105
6 192
6 204
6 279
7 13
7 26
7 34
7 38
7 74
7 75
7 92
7 105
7 133
7 192
7 204
7 219
7 231
7 279
8 22
8 33
8 34
8 40
8 56
8 74
8 75
8 92
8 133
8 142
8 192
8 204
8 219
8 240
8 279
9 17
9 23
9 34
9 36
9 40
9 56
9 74
9 75
9 133
9 138
9 142
9 192
9 204
9 211
9 219
9 240
9 279
9 282
10 18
10 23
10 36
10 40
10 56
10 60
10 133
10 138
10 142
10 192
10 204
10 211
10 219
10 240
10 265
10 279
10 282
11 23
11 36
11 49
11 56
11 60
11 62
11 136
11 138
11 142
11 150
11 192
11 204
11 211
11 219
11 240
11 265
11 271
11 279
11 282
12 23
12 35
12 36
12 49
12 56
12 60
12 62
12 136
12 138
12 142
12 150
12 192
12 211
12 219
12 240
12 265
12 271
12 279
12 282
13 14
13 44
13 57
13 62
13 81
13 89
13 90
13 126
13 136
13 138
13 142
13 192
13 195
13 211
13 219
13 240
13 265
13 271
13 279
13 282
14 14
14 19
14 44
14 57
14 62
14 63
14 81
14 89
14 126
14 136
14 138
14 142
14 192
14 195
14 211
14 219
14 240
14 265
14 271
14 279
14 282
15 19
15 25
15 44
15 57
15 81
15 86
15 89
15 126
15 136
15 138
15 142
15 192
15 195
15 211
15 219
15 240
15 265
15 271
15 279
15 282
16 19
16 20
16 44
16 57
16 58
16 81
16 86
16 89
16 126
16 136
16 138
16 142
16 195
16 211
16 219
16 240
16 265
16 271
16 279
16 282
17 19
17 20
17 44
17 57
17 58
17 81
17 86
17 89
17 126
17 136
17 138
17 142
17 195
17 211
17 219
17 240
17 265
17 271
17 279
17 282
18 27
18 32
18 44
18 57
18 81
18 86
18 89
18 98
18 107
18 122
18 136
18 138
18 142
18 160
18 195
18 211
18 219
18 223
18 240
18 265
18 271
18 279
18 282
19 27
19 31
19 32
19 57
19 67
19 81
19 86
19 89
19 107
19 122
19 136
19 138
19 142
19 159
19 160
19 211
19 215
19 219
19 223
19 240
19 255
19 265
19 271
19 279
19 282
20 27
20 31
20 32
20 57
20 67
20 81
20 86
20 89
20 107
20 122
20 136
20 138
20 142
20 159
20 160
20 211
20 215
20 219
20 223
20 240
20 255
20 265
20 271
20 279
20 282
21 31
21 57
21 67
21 81
21 86
21 89
21 106
21 107
21 122
21 136
21 138
21 142
21 159
21 160
21 211
21 215
21 219
21 240
21 255
21 265
21 269
21 271
21 279
21 282
22 66
22 67
22 81
22 88
22 89
22 106
22 107
22 122
22 136
22 138
22 142
22 159
22 160
22 215
22 219
22 255
22 265
22 269
22 271
22 279
22 282
23 64
23 66
23 67
23 81
23 88
23 89
23 106
23 107
23 112
23 122
23 136
23 138
23 142
23 159
23 160
23 215
23 219
23 255
23 265
23 269
23 271
23 277
23 279
23 282
24 64
24 66
24 67
24 81
24 88
24 89
24 106
24 107
24 112
24 122
24 136
24 138
24 142
24 159
24 160
24 215
24 219
24 255
24 265
24 269
24 271
24 277
24 279
24 282
25 64
25 66
25 67
25 81
25 88
25 89
25 106
25 107
25 112
25 122
25 136
25 138
25 142
25 159
25 160
25 219
25 255
25 265
25 269
25 271
25 277
25 279
25 282
26 61
26 64
26 66
26 67
26 76
26 83
26 88
26 89
26 100
26 106
26 111
26 112
26 122
26 130
26 136
26 138
26 142
26 159
26 163
26 219
26 225
26 255
26 265
26 269
26 271
26 277
26 279
26 282
27 64
27 66
27 67
27 68
27 76
27 83
27 88
27 100
27 111
27 112
27 122
27 136
27 138
27 142
27 159
27 163
27 219
27 225
27 255
27 265
27 271
27 277
27 282
28 41
28 47
28 48
28 64
28 67
28 68
28 76
28 83
28 88
28 96
28 100
28 111
28 112
28 122
28 136
28 138
28 142
28 152
28 159
28 163
28 187
28 219
28 225
28 255
28 259
28 265
28 271
28 277
28 283
29 41
29 47
29 64
29 68
29 76
29 83
29 88
29 96
29 100
29 111
29 112
29 122
29 136
29 138
29 142
29 152
29 159
29 163
29 187
29 219
29 225
29 255
29 259
29 265
29 271
29 277
29 283
30 39
30 41
30 83
30 84
30 88
30 96
30 100
30 111
30 112
30 122
30 136
30 138
30 142
30 152
30 159
30 163
30 171
30 187
30 219
30 225
30 243
30 255
30 259
30 271
30 277
30 283
31 39
31 41
31 65
31 78
31 83
31 84
31 88
31 96
31 102
31 111
31 112
31 122
31 125
31 136
31 138
31 142
31 154
31 159
31 163
31 171
31 187
31 219
31 225
31 243
31 255
31 259
31 271
31 277
31 283
32 39
32 41
32 65
32 78
32 83
32 84
32 88
32 96
32 111
32 112
32 122
32 125
32 136
32 138
32 142
32 154
32 159
32 163
32 171
32 187
32 219
32 225
32 255
32 259
32 271
32 277
32 283
33 37
33 39
33 41
33 65
33 78
33 83
33 84
33 88
33 96
33 111
33 112
33 122
33 137
33 142
33 154
33 159
33 163
33 171
33 187
33 190
33 219
33 225
33 255
33 259
33 271
33 277
33 283
34 41
34 54
34 65
34 78
34 82
34 83
34 84
34 88
34 96
34 104
34 111
34 112
34 118
34 122
34 137
34 142
34 154
34 159
34 163
34 171
34 172
34 187
34 219
34 224
34 225
34 255
34 259
34 271
34 277
34 283
35 54
35 65
35 78
35 82
35 83
35 84
35 88
35 96
35 104
35 111
35 112
35 118
35 122
35 137
35 142
35 154
35 159
35 163
35 171
35 172
35 187
35 219
35 224
35 225
35 255
35 259
35 271
35 283
36 43
36 52
36 54
36 65
36 78
36 82
36 104
36 111
36 112
36 118
36 119
36 137
36 142
36 154
36 159
36 163
36 171
36 172
36 187
36 219
36 224
36 225
36 229
36 250
36 255
36 262
36 271
36 283
37 43
37 52
37 54
37 65
37 78
37 82
37 104
37 111
37 112
37 118
37 119
37 134
37 137
37 142
37 159
37 163
37 171
37 172
37 187
37 219
37 224
37 225
37 229
37 250
37 255
37 262
37 271
37 283
38 42
38 52
38 54
38 78
38 82
38 104
38 111
38 112
38 118
38 119
38 134
38 137
38 142
38 159
38 163
38 172
38 187
38 219
38 224
38 225
38 250
38 255
38 262
38 271
38 281
38 283
39 42
39 51
39 52
39 54
39 78
39 82
39 104
39 111
39 118
39 119
39 134
39 137
39 142
39 146
39 159
39 163
39 172
39 187
39 219
39 224
39 225
39 250
39 255
39 262
39 271
39 281
39 283
40 42
40 52
40 54
40 78
40 82
40 104
40 111
40 118
40 119
40 134
40 137
40 142
40 146
40 151
40 159
40 163
40 172
40 187
40 212
40 219
40 224
40 225
40 234
40 250
40 255
40 262
40 271
40 281
40 283
41 54
41 78
41 82
41 104
41 111
41 142
41 146
41 151
41 159
41 163
41 172
41 212
41 219
41 224
41 225
41 234
41 250
41 255
41 262
41 271
41 276
41 281
41 283
42 54
42 69
42 78
42 82
42 104
42 111
42 142
42 146
42 151
42 159
42 163
42 172
42 212
42 219
42 224
42 225
42 234
42 250
42 255
42 262
42 271
42 276
42 281
42 283
43 54
43 69
43 78
43 79
43 104
43 109
43 111
43 114
43 142
43 144
43 146
43 151
43 159
43 163
43 172
43 212
43 219
43 224
43 225
43 234
43 250
43 255
43 262
43 271
43 276
43 281
43 283
44 54
44 69
44 78
44 79
44 104
44 109
44 111
44 142
44 144
44 146
44 151
44 159
44 163
44 172
44 212
44 219
44 224
44 225
44 234
44 250
44 255
44 262
44 271
44 276
44 281
44 283
45 54
45 69
45 78
45 79
45 104
45 109
45 111
45 142
45 144
45 146
45 151
45 159
45 163
45 172
45 212
45 219
45 224
45 225
45 234
45 250
45 255
45 262
45 271
45 276
45 283
46 50
46 54
46 69
46 78
46 79
46 104
46 109
46 111
46 142
46 144
46 146
46 151
46 153
46 159
46 163
46 172
46 180
46 200
46 212
46 219
46 225
46 234
46 250
46 255
46 262
46 271
46 276
46 283
47 54
47 69
47 78
47 79
47 104
47 109
47 111
47 115
47 142
47 144
47 146
47 151
47 153
47 159
47 163
47 172
47 180
47 200
47 212
47 217
47 219
47 225
47 234
47 250
47 255
47 262
47 271
47 276
47 283
48 54
48 69
48 78
48 79
48 104
48 109
48 111
48 115
48 142
48 144
48 146
48 151
48 153
48 159
48 163
48 172
48 180
48 200
48 212
48 217
48 219
48 225
48 234
48 250
48 255
48 262
48 271
48 276
48 283
49 54
49 78
49 79
49 104
49 109
49 111
49 115
49 142
49 144
49 146
49 151
49 153
49 159
49 163
49 172
49 180
49 200
49 212
49 217
49 219
49 225
49 234
49 250
49 255
49 262
49 271
49 276
49 283
50 54
50 78
50 79
50 104
50 109
50 111
50 115
50 142
50 144
50 146
50 151
50 153
50 159
50 163
50 172
50 180
50 200
50 212
50 217
50 219
50 225
50 234
50 238
50 250
50 255
50 262
50 271
50 276
50 283
51 53
51 54
51 78
51 79
51 87
51 104
51 109
51 115
51 117
51 144
51 146
51 151
51 153
51 159
51 163
51 172
51 180
51 200
51 208
51 212
51 217
51 219
51 225
51 234
51 238
51 250
51 255
51 262
51 271
51 272
51 276
51 283
52 54
52 79
52 87
52 94
52 104
52 109
52 115
52 117
52 144
52 151
52 153
52 159
52 163
52 172
52 200
52 208
52 212
52 217
52 219
52 225
52 234
52 238
52 250
52 253
52 255
52 262
52 271
52 283
53 54
53 79
53 87
53 94
53 104
53 109
53 115
53 117
53 144
53 151
53 159
53 163
53 172
53 200
53 208
53 212
53 217
53 219
53 225
53 234
53 238
53 250
53 253
53 255
53 262
53 271
53 283
54 54
54 72
54 79
54 87
54 94
54 104
54 109
54 115
54 117
54 144
54 151
54 159
54 163
54 172
54 200
54 208
54 212
54 217
54 219
54 225
54 234
54 238
54 253
54 255
54 262
54 271
54 283
55 54
55 72
55 79
55 87
55 94
55 104
55 109
55 115
55 117
55 144
55 151
55 159
55 161
55 163
55 172
55 200
55 208
55 212
55 217
55 219
55 225
55 234
55 238
55 253
55 255
55 262
55 271
55 283
56 54
56 72
56 79
56 87
56 94
56 104
56 109
56 115
56 117
56 144
56 151
56 155
56 159
56 161
56 163
56 172
56 200
56 208
56 212
56 217
56 219
56 225
56 234
56 238
56 253
56 255
56 262
56 271
56 283
57 54
57 79
57 87
57 94
57 104
57 109
57 115
57 117
57 144
57 151
57 155
57 159
57 161
57 163
57 172
57 200
57 208
57 212
57 217
57 219
57 225
57 234
57 238
57 253
57 255
57 262
57 271
57 283
58 54
58 79
58 94
58 104
58 109
58 117
58 151
58 155
58 159
58 200
58 208
58 217
58 219
58 225
58 234
58 238
58 253
58 255
58 262
58 271
58 283
59 54
59 73
59 79
59 94
59 103
59 104
59 109
59 117
59 151
59 155
59 159
59 200
59 208
59 217
59 219
59 225
59 234
59 238
59 253
59 255
59 262
59 271
59 283
60 54
60 73
60 103
60 104
60 109
60 117
60 151
60 155
60 159
60 200
60 208
60 217
60 219
60 225
60 234
60 238
60 253
60 255
60 262
60 283
61 73
61 103
61 104
61 109
61 117
61 151
61 155
61 159
61 208
61 210
61 217
61 219
61 225
61 234
61 238
61 253
61 255
61 262
61 283
62 73
62 103
62 104
62 109
62 117
62 151
62 155
62 159
62 202
62 208
62 210
62 217
62 225
62 234
62 238
62 253
62 255
62 262
62 283
63 73
63 103
63 104
63 109
63 117
63 151
63 155
63 159
63 202
63 208
63 210
63 217
63 225
63 234
63 238
63 253
63 255
63 262
63 283
64 73
64 104
64 109
64 117
64 132
64 151
64 155
64 159
64 202
64 208
64 210
64 217
64 225
64 234
64 238
64 253
64 255
64 262
64 283
65 104
65 109
65 117
65 132
65 151
65 155
65 159
65 202
65 208
65 210
65 217
65 225
65 234
65 238
65 253
65 255
65 262
65 283
66 101
66 109
66 117
66 132
66 148
66 151
66 155
66 159
66 202
66 208
66 210
66 217
66 225
66 234
66 238
66 253
66 255
66 262
66 283
67 80
67 101
67 117
67 121
67 128
67 132
67 139
67 148
67 151
67 155
67 159
67 173
67 202
67 210
67 217
67 225
67 234
67 238
67 253
67 255
67 262
67 283
68 80
68 101
68 117
68 121
68 128
68 132
68 139
68 148
68 151
68 155
68 159
68 164
68 173
68 202
68 210
68 217
68 234
68 238
68 253
68 255
68 262
68 283
69 71
69 80
69 101
69 117
69 121
69 128
69 132
69 139
69 148
69 151
69 155
69 159
69 164
69 173
69 202
69 210
69 217
69 234
69 238
69 255
69 262
69 283
70 71
70 80
70 101
70 117
70 121
70 128
70 132
70 139
70 148
70 151
70 155
70 159
70 164
70 173
70 202
70 210
70 217
70 234
70 238
70 255
70 262
70 283
71 71
71 80
71 91
71 101
71 121
71 128
71 132
71 139
71 148
71 151
71 159
71 164
71 173
71 202
71 210
71 217
71 227
71 234
71 255
71 262
71 283
72 71
72 80
72 91
72 128
72 132
72 139
72 148
72 151
72 159
72 164
72 197
72 202
72 210
72 217
72 227
72 234
72 255
72 262
72 283
73 80
73 91
73 128
73 132
73 139
73 148
73 151
73 159
73 164
73 197
73 202
73 210
73 217
73 227
73 234
73 255
73 262
73 283
74 91
74 128
74 132
74 139
74 148
74 151
74 159
74 164
74 197
74 202
74 210
74 217
74 227
74 234
74 255
74 262
74 283
75 91
75 128
75 132
75 139
75 148
75 151
75 159
75 164
75 197
75 202
75 210
75 217
75 227
75 234
75 255
75 262
75 283
76 91
76 128
76 132
76 139
76 148
76 151
76 159
76 164
76 197
76 202
76 210
76 217
76 227
76 234
76 262
76 283
77 91
77 128
77 132
77 139
77 148
77 151
77 159
77 164
77 197
77 202
77 210
77 217
77 227
77 234
77 262
77 283
78 91
78 97
78 120
78 128
78 132
78 139
78 148
78 151
78 159
78 164
78 179
78 197
78 202
78 210
78 217
78 227
78 234
78 262
78 267
78 283
79 91
79 97
79 120
79 128
79 132
79 139
79 148
79 151
79 159
79 164
79 179
79 197
79 202
79 210
79 217
79 227
79 234
79 262
79 267
79 283
80 91
80 110
80 120
80 128
80 132
80 139
80 148
80 151
80 159
80 164
80 170
80 179
80 197
80 202
80 210
80 217
80 227
80 234
80 267
80 283
81 91
81 99
81 110
81 128
81 129
81 132
81 139
81 148
81 151
81 159
81 164
81 179
81 197
81 202
81 210
81 217
81 227
81 234
81 267
81 283
82 91
82 99
82 110
82 128
82 129
82 132
82 139
82 148
82 159
82 164
82 197
82 202
82 210
82 227
82 234
82 267
83 91
83 99
83 110
83 128
83 129
83 132
83 139
83 148
83 159
83 164
83 197
83 202
83 210
83 227
83 234
83 267
84 91
84 99
84 110
84 128
84 129
84 132
84 139
84 148
84 159
84 164
84 197
84 202
84 210
84 227
84 234
84 267
85 91
85 99
85 110
85 128
85 129
85 132
85 139
85 159
85 164
85 197
85 202
85 210
85 227
85 234
85 267
86 91
86 99
86 128
86 129
86 132
86 139
86 159
86 164
86 197
86 202
86 210
86 227
86 234
86 267
87 91
87 99
87 128
87 129
87 132
87 139
87 159
87 164
87 188
87 197
87 202
87 210
87 227
87 267
88 91
88 127
88 128
88 129
88 132
88 135
88 139
88 164
88 188
88 191
88 197
88 202
88 210
88 227
88 267
89 91
89 127
89 128
89 129
89 132
89 135
89 139
89 164
89 188
89 191
89 197
89 202
89 210
89 227
89 267
90 91
90 128
90 129
90 132
90 135
90 139
90 164
90 188
90 191
90 197
90 202
90 210
90 227
90 267
91 91
91 129
91 132
91 135
91 139
91 147
91 164
91 188
91 191
91 197
91 202
91 210
91 227
91 267
92 91
92 129
92 132
92 135
92 139
92 147
92 164
92 188
92 191
92 197
92 202
92 210
92 227
92 267
93 91
93 129
93 132
93 135
93 139
93 147
93 164
93 188
93 191
93 197
93 210
93 227
93 267
94 91
94 129
94 139
94 147
94 164
94 188
94 191
94 194
94 197
94 210
94 227
94 267
95 91
95 129
95 139
95 147
95 164
95 188
95 191
95 194
95 197
95 210
95 227
95 267
96 129
96 139
96 147
96 164
96 188
96 191
96 194
96 197
96 210
96 227
96 233
96 267
97 139
97 147
97 164
97 188
97 194
97 197
97 210
97 227
97 233
97 241
97 267
98 139
98 147
98 164
98 188
98 194
98 197
98 210
98 227
98 233
98 241
98 267
99 123
99 139
99 147
99 164
99 188
99 194
99 197
99 209
99 220
99 233
99 241
99 267
100 123
100 139
100 145
100 147
100 164
100 188
100 194
100 197
100 209
100 220
100 233
100 241
100 267
101 123
101 139
101 145
101 147
101 164
101 188
101 194
101 197
101 209
101 220
101 233
101 241
101 267
102 123
102 139
102 145
102 147
102 164
102 188
102 194
102 197
102 209
102 220
102 233
102 241
102 267
103 123
103 139
103 145
103 147
103 164
103 185
103 188
103 194
103 197
103 209
103 220
103 233
103 241
103 267
104 108
104 139
104 145
104 147
104 183
104 185
104 188
104 197
104 220
104 233
104 241
104 267
105 108
105 139
105 145
105 147
105 176
105 181
105 183
105 185
105 188
105 197
105 220
105 233
105 241
105 267
106 108
106 139
106 145
106 147
106 176
106 181
106 183
106 185
106 188
106 197
106 220
106 233
106 241
106 267
107 108
107 116
107 145
107 147
107 149
107 176
107 181
107 183
107 185
107 188
107 197
107 220
107 233
107 241
107 267
108 108
108 116
108 145
108 147
108 149
108 176
108 181
108 183
108 185
108 188
108 197
108 220
108 233
108 241
108 267
109 108
109 116
109 145
109 147
109 149
109 176
109 181
109 183
109 185
109 188
109 197
109 220
109 233
109 241
109 267
110 108
110 116
110 145
110 147
110 149
110 176
110 181
110 183
110 185
110 188
110 197
110 201
110 220
110 233
110 241
110 267
111 116
111 145
111 169
111 176
111 181
111 183
111 185
111 197
111 201
111 220
111 233
111 241
111 267
112 116
112 145
112 169
112 176
112 181
112 183
112 185
112 197
112 201
112 220
112 233
112 241
112 267
113 116
113 145
113 169
113 176
113 181
113 183
113 185
113 197
113 201
113 220
113 267
114 116
114 145
114 169
114 176
114 181
114 183
114 185
114 197
114 201
114 216
114 220
114 267
115 116
115 145
115 168
115 169
115 176
115 181
115 183
115 185
115 197
115 201
115 216
115 220
115 248
115 256
116 116
116 145
116 168
116 169
116 176
116 181
116 183
116 185
116 197
116 201
116 216
116 220
116 248
116 256
117 116
117 145
117 168
117 169
117 176
117 181
117 183
117 185
117 193
117 197
117 216
117 220
117 248
117 256
117 257
118 116
118 145
118 168
118 169
118 174
118 176
118 181
118 183
118 185
118 193
118 197
118 207
118 216
118 220
118 248
118 256
118 257
119 145
119 168
119 169
119 174
119 176
119 181
119 182
119 183
119 185
119 193
119 197
119 207
119 216
119 220
119 248
119 252
119 256
119 257
120 157
120 168
120 169
120 174
120 176
120 181
120 182
120 183
120 185
120 193
120 197
120 207
120 216
120 220
120 248
120 252
120 256
120 257
121 157
121 168
121 169
121 174
121 176
121 181
121 182
121 183
121 185
121 193
121 197
121 207
121 216
121 220
121 242
121 245
121 248
121 252
121 256
121 257
121 274
122 157
122 168
122 169
122 174
122 182
122 183
122 185
122 193
122 197
122 199
122 207
122 216
122 220
122 245
122 248
122 252
122 256
122 257
122 274
122 280
123 157
123 166
123 168
123 174
123 178
123 182
123 183
123 185
123 193
123 197
123 199
123 207
123 216
123 220
123 245
123 248
123 252
123 256
123 257
123 260
123 274
123 280
124 157
124 166
124 168
124 174
124 178
124 182
124 183
124 185
124 193
124 199
124 206
124 207
124 216
124 220
124 245
124 248
124 252
124 256
124 257
124 260
124 274
124 280
125 157
125 166
125 168
125 174
125 178
125 182
125 183
125 185
125 193
125 199
125 206
125 207
125 216
125 220
125 245
125 248
125 252
125 256
125 257
125 260
125 274
125 280
126 157
126 166
126 168
126 174
126 178
126 182
126 183
126 185
126 193
126 199
126 206
126 207
126 216
126 220
126 245
126 248
126 252
126 256
126 257
126 260
126 274
126 280
127 157
127 166
127 168
127 174
127 178
127 182
127 183
127 185
127 193
127 199
127 206
127 216
127 220
127 245
127 248
127 252
127 256
127 257
127 260
127 274
127 280
128 157
128 166
128 174
128 178
128 182
128 183
128 185
128 193
128 199
128 206
128 216
128 220
128 245
128 248
128 252
128 256
128 257
128 260
128 274
128 280
129 156
129 157
129 166
129 174
129 178
129 182
129 183
129 185
129 193
129 199
129 206
129 216
129 245
129 248
129 252
129 256
129 257
129 260
129 274
129 280
130 156
130 157
130 166
130 174
130 178
130 182
130 183
130 185
130 193
130 199
130 206
130 216
130 245
130 248
130 252
130 256
130 257
130 260
130 274
130 280
131 141
131 156
131 157
131 166
131 174
131 177
131 178
131 182
131 183
131 185
131 193
131 199
131 206
131 216
131 245
131 248
131 252
131 256
131 257
131 260
131 274
131 280
132 141
132 156
132 157
132 165
132 166
132 174
132 177
132 178
132 182
132 183
132 185
132 193
132 199
132 206
132 216
132 245
132 248
132 252
132 256
132 257
132 260
132 274
132 280
133 141
133 156
133 157
133 165
133 174
133 177
133 178
133 182
133 183
133 185
133 193
133 199
133 206
133 213
133 216
133 245
133 252
133 256
133 257
133 260
133 274
133 280
134 141
134 156
134 165
134 174
134 177
134 178
134 183
134 185
134 199
134 206
134 213
134 214
134 216
134 245
134 256
134 257
134 260
134 274
134 280
135 141
135 156
135 165
135 174
135 178
135 183
135 185
135 199
135 206
135 213
135 214
135 216
135 245
135 256
135 257
135 260
135 274
135 280
136 141
136 165
136 183
136 185
136 199
136 206
136 213
136 214
136 245
136 254
136 256
136 257
136 260
136 274
136 280
137 141
137 165
137 183
137 185
137 199
137 206
137 213
137 214
137 245
137 254
137 256
137 257
137 260
137 274
137 280
138 165
138 185
138 199
138 213
138 214
138 245
138 254
138 256
138 257
138 260
138 274
138 280
139 165
139 185
139 199
139 213
139 214
139 245
139 254
139 256
139 257
139 260
139 274
139 280
140 165
140 185
140 213
140 245
140 256
140 257
140 260
140 266
140 274
140 280
141 185
141 213
141 245
141 256
141 257
141 260
141 266
141 274
141 280
142 213
142 236
142 245
142 256
142 257
142 260
142 266
142 274
142 280
143 213
143 236
143 245
143 256
143 257
143 260
143 266
143 274
143 280
144 205
144 236
144 245
144 249
144 274
144 280
145 205
145 236
145 245
145 249
145 274
145 280
146 189
146 205
146 236
146 239
146 245
146 274
146 280
147 189
147 205
147 236
147 239
147 245
147 274
147 280
148 189
148 205
148 236
148 239
148 245
148 247
148 274
148 280
149 189
149 205
149 236
149 239
149 245
149 247
149 274
149 280
150 189
150 205
150 236
150 239
150 245
150 247
150 274
150 280
151 189
151 205
151 218
151 228
151 236
151 239
151 245
151 247
151 273
151 274
151 280
152 189
152 205
152 218
152 228
152 239
152 245
152 247
152 273
152 274
152 280
153 189
153 205
153 218
153 228
153 239
153 245
153 247
153 273
153 274
153 280
154 189
154 205
154 218
154 228
154 239
154 245
154 247
154 273
154 274
154 280
155 175
155 189
155 205
155 218
155 228
155 239
155 245
155 247
155 273
155 274
155 280
156 175
156 189
156 205
156 218
156 239
156 245
156 247
156 273
156 274
156 280
157 175
157 189
157 205
157 239
157 245
157 247
157 274
157 280
158 175
158 189
158 205
158 239
158 245
158 247
158 274
158 280
159 189
159 205
159 239
159 247
159 274
159 280
160 189
160 205
160 235
160 239
160 247
160 274
160 280
161 189
161 196
161 205
161 235
161 239
161 247
161 274
161 280
162 189
162 196
162 205
162 235
162 239
162 247
162 274
162 280
163 167
163 189
163 196
163 205
163 235
163 239
163 247
163 263
163 274
163 280
164 167
164 189
164 196
164 198
164 205
164 235
164 239
164 247
164 263
164 274
164 280
165 167
165 189
165 196
165 198
165 205
165 235
165 239
165 247
165 263
165 280
166 167
166 189
166 196
166 198
166 205
166 235
166 239
166 247
166 263
166 280
167 167
167 189
167 196
167 198
167 205
167 235
167 239
167 247
167 263
167 280
168 167
168 189
168 196
168 198
168 235
168 239
168 247
168 263
168 280
169 167
169 189
169 196
169 198
169 235
169 239
169 247
169 263
169 280
170 189
170 196
170 198
170 235
170 239
170 247
170 263
170 280
171 189
171 196
171 198
171 226
171 235
171 239
171 247
171 263
171 280
172 189
172 196
172 198
172 235
172 239
172 247
172 280
173 189
173 196
173 198
173 222
173 235
173 239
173 247
173 280
174 189
174 196
174 198
174 222
174 239
174 247
174 280
175 189
175 196
175 198
175 222
175 239
175 247
175 280
176 189
176 196
176 198
176 203
176 222
176 239
176 247
176 280
177 189
177 196
177 198
177 203
177 222
177 239
177 247
177 280
178 186
178 189
178 196
178 198
178 203
178 221
178 247
178 280
179 186
179 189
179 196
179 198
179 203
179 221
179 247
179 280
180 186
180 189
180 196
180 198
180 203
180 221
180 247
180 280
181 186
181 189
181 196
181 198
181 203
181 221
181 247
181 280
182 186
182 189
182 196
182 198
182 247
183 186
183 189
183 198
183 247
184 186
184 189
184 198
184 247
184 278
185 186
185 189
185 198
185 247
185 278
186 186
186 189
186 198
186 247
186 278
187 186
187 189
187 251
187 275
187 278
188 186
188 251
188 275
188 278
189 186
189 251
189 275
189 278
190 186
190 251
190 275
190 278
191 186
191 251
191 275
191 278
192 186
192 251
192 275
192 278
193 186
193 251
193 275
193 278
194 186
194 251
194 275
194 278
195 186
195 251
195 275
195 278
196 186
196 251
196 275
196 278
197 186
197 251
197 275
197 278
198 244
198 251
198 275
198 278
199 244
199 251
199 258
199 278
200 244
200 251
200 258
200 278
201 244
201 251
201 258
201 278
202 244
202 251
202 258
203 244
203 251
203 258
204 244
204 251
204 258
205 244
205 251
205 258
206 251
206 258
207 251
207 258
208 258
208 268
209 258
209 268
210 258
210 268
211 258
211 268
212 258
212 268
213 258
213 268
214 230
214 258
214 268
215 230
215 258
215 268
216 230
216 258
216 268
217 230
217 258
217 268
218 230
218 258
218 268
219 230
219 258
219 268
220 230
220 258
220 268
221 230
221 258
221 268
222 230
222 258
222 268
223 230
223 258
223 268
224 258
224 268
225 258
225 268
226 258
226 268
227 258
227 268
228 258
228 268
229 258
229 268
230 258
230 268
231 232
231 258
231 270
232 232
232 258
232 270
233 258
233 270
234 258
234 270
235 258
235 270
236 246
236 258
236 270
237 246
237 258
237 270
238 246
238 258
238 270
239 246
239 258
239 270
240 246
240 258
240 270
241 246
241 258
241 270
242 246
242 258
242 270
243 246
243 258
243 270
244 258
244 270
245 258
245 270
246 258
246 270
247 258
247 270
248 258
249 258
250 258
251 258
252 258
252 261
253 258
253 261
254 258
254 261
255 258
256 258
257 258
258 258
259 258
260 258
261 258
262 258
263 258
264 258
265 258
266 258
267 258
268 258
268 284
269 258
269 284
270 258
270 284
271 258
271 284
272 258
272 284
273 258
273 284
274 284
275 284
276 284
277 284
278 284
279 284
280 284
281 284
282 284
283 284
284 284
