0 1
0 31
0 58
1 4
1 7
1 9
1 31
1 38
1 58
1 125
2 4
2 7
2 9
2 38
2 58
2 125
3 7
3 9
3 38
3 58
3 64
3 125
3 192
4 23
4 38
4 58
4 64
4 98
4 125
4 192
5 21
5 26
5 38
5 58
5 64
5 82
5 98
5 125
5 134
5 192
5 202
5 254
5 270
6 21
6 26
6 38
6 58
6 64
6 82
6 98
6 125
6 134
6 192
6 202
6 254
6 270
7 10
7 26
7 38
7 58
7 82
7 98
7 125
7 134
7 192
7 202
7 254
7 270
8 11
8 28
8 58
8 82
8 98
8 125
8 132
8 134
8 159
8 202
8 237
8 243
8 252
8 254
8 270
9 11
9 12
9 58
9 82
9 98
9 125
9 132
9 134
9 159
9 193
9 202
9 237
9 243
9 252
9 254
9 270
10 58
10 82
10 98
10 125
10 134
10 159
10 170
10 193
10 202
10 237
10 243
10 252
10 254
10 270
11 22
11 58
11 82
11 98
11 125
11 134
11 148
11 159
11 170
11 193
11 202
11 210
11 237
11 243
11 252
11 254
11 270
12 15
12 17
12 19
12 22
12 32
12 34
12 35
12 58
12 82
12 91
12 98
12 134
12 148
12 159
12 170
12 175
12 186
12 193
12 202
12 210
12 237
12 243
12 252
12 254
12 270
13 14
13 15
13 19
13 22
13 32
13 34
13 35
13 82
13 91
13 98
13 134
13 148
13 155
13 159
13 170
13 175
13 186
13 193
13 202
13 210
13 237
13 243
13 252
13 254
13 270
14 14
14 15
14 27
14 32
14 33
14 65
14 74
14 82
14 91
14 98
14 112
14 134
14 147
14 148
14 159
14 170
14 175
14 186
14 193
14 210
14 225
14 237
14 243
14 254
14 270
15 14
15 15
15 27
15 32
15 33
15 65
15 74
15 82
15 91
15 98
15 112
15 134
15 147
15 148
15 159
15 170
15 175
15 186
15 193
15 210
15 225
15 237
15 243
15 254
15 270
16 18
16 57
16 63
16 74
16 80
16 81
16 82
16 86
16 91
16 98
16 117
16 124
16 131
16 134
16 137
16 139
16 147
16 148
16 159
16 170
16 186
16 210
16 225
16 240
16 243
16 270
17 18
17 37
17 40
17 63
17 78
17 80
17 81
17 86
17 91
17 98
17 117
17 124
17 131
17 139
17 147
17 170
17 186
17 210
17 225
17 240
17 243
17 258
18 37
18 40
18 63
18 78
18 80
18 81
18 86
18 91
18 98
18 117
18 124
18 131
18 139
18 147
18 169
18 170
18 186
18 210
18 225
18 240
18 243
18 258
19 40
19 63
19 78
19 80
19 81
19 91
19 98
19 117
19 124
19 131
19 139
19 147
19 169
19 170
19 186
19 210
19 225
19 240
19 243
19 258
20 55
20 63
20 78
20 80
20 81
20 87
20 91
20 98
20 117
20 124
20 131
20 139
20 147
20 157
20 169
20 170
20 186
20 210
20 225
20 240
20 243
20 258
21 42
21 55
21 63
21 78
21 80
21 81
21 87
21 98
21 117
21 124
21 131
21 139
21 147
21 169
21 170
21 186
21 210
21 225
21 240
21 243
21 258
22 42
22 55
22 63
22 78
22 80
22 81
22 87
22 98
22 117
22 124
22 131
22 139
22 147
22 169
22 170
22 186
22 210
22 225
22 240
22 243
22 258
23 42
23 55
23 63
23 78
23 80
23 81
23 87
23 98
23 117
23 124
23 131
23 139
23 147
23 169
23 170
23 210
23 240
23 243
23 258
24 42
24 55
24 63
24 78
24 80
24 81
24 87
24 98
24 117
24 124
24 131
24 139
24 147
24 169
24 170
24 210
24 240
24 243
24 258
25 42
25 55
25 63
25 78
25 80
25 81
25 87
25 98
25 117
25 124
25 131
25 139
25 147
25 164
25 169
25 170
25 210
25 240
25 243
26 42
26 52
26 63
26 78
26 80
26 87
26 98
26 117
26 124
26 131
26 147
26 164
26 169
26 170
26 210
26 211
26 240
26 243
27 42
27 52
27 63
27 78
27 80
27 87
27 98
27 109
27 117
27 124
27 131
27 147
27 164
27 169
27 170
27 210
27 211
27 240
27 243
28 39
28 42
28 47
28 52
28 63
28 78
28 80
28 87
28 98
28 109
28 117
28 124
28 131
28 147
28 164
28 169
28 170
28 210
28 211
28 240
28 243
29 39
29 42
29 47
29 52
29 63
29 78
29 80
29 87
29 98
29 109
29 117
29 124
29 131
29 147
29 164
29 169
29 170
29 210
29 211
29 240
29 243
30 39
30 42
30 47
30 52
30 63
30 78
30 80
30 87
30 109
30 117
30 121
30 124
30 131
30 136
30 147
30 164
30 169
30 170
30 210
30 211
30 214
30 240
30 243
31 39
31 42
31 47
31 51
31 52
31 63
31 78
31 80
31 87
31 109
31 117
31 121
31 124
31 131
31 136
31 147
31 169
31 170
31 210
31 211
31 214
31 240
31 243
32 39
32 42
32 47
32 51
32 60
32 63
32 78
32 87
32 109
32 110
32 116
32 117
32 121
32 124
32 131
32 136
32 140
32 169
32 170
32 183
32 203
32 210
32 211
32 214
32 240
32 243
33 39
33 42
33 47
33 51
33 60
33 63
33 78
33 87
33 109
33 110
33 116
33 117
33 121
33 124
33 131
33 136
33 140
33 169
33 170
33 183
33 203
33 210
33 211
33 214
33 240
33 243
34 39
34 42
34 47
34 51
34 60
34 63
34 78
34 87
34 109
34 110
34 116
34 117
34 121
34 124
34 131
34 136
34 140
34 169
34 170
34 183
34 203
34 210
34 211
34 214
34 240
34 243
34 253
35 42
35 51
35 60
35 63
35 78
35 87
35 108
35 109
35 116
35 121
35 124
35 131
35 136
35 138
35 140
35 161
35 162
35 169
35 170
35 183
35 203
35 205
35 210
35 214
35 221
35 240
35 243
35 253
35 259
36 51
36 60
36 62
36 73
36 87
36 108
36 109
36 124
36 131
36 136
36 138
36 140
36 162
36 170
36 183
36 184
36 203
36 205
36 210
36 214
36 221
36 240
36 259
36 278
37 51
37 60
37 62
37 73
37 87
37 108
37 109
37 124
37 131
37 136
37 138
37 140
37 162
37 170
37 183
37 184
37 191
37 203
37 205
37 210
37 214
37 221
37 240
37 259
37 273
37 278
38 41
38 43
38 62
38 73
38 87
38 108
38 109
38 124
38 131
38 136
38 138
38 162
38 170
38 183
38 184
38 191
38 203
38 205
38 210
38 214
38 221
38 240
38 259
38 273
38 278
39 43
39 62
39 66
39 69
39 73
39 87
39 108
39 109
39 124
39 133
39 138
39 146
39 162
39 170
39 177
39 181
39 183
39 184
39 191
39 203
39 205
39 210
39 214
39 221
39 240
39 259
39 264
39 273
39 278
40 43
40 54
40 62
40 66
40 69
40 73
40 108
40 109
40 123
40 124
40 133
40 138
40 146
40 162
40 170
40 177
40 181
40 183
40 184
40 191
40 203
40 205
40 210
40 214
40 221
40 240
40 259
40 264
40 273
40 278
41 48
41 50
41 53
41 54
41 59
41 62
41 66
41 67
41 69
41 73
41 107
41 108
41 123
41 124
41 126
41 133
41 138
41 162
41 170
41 177
41 181
41 183
41 184
41 191
41 203
41 205
41 210
41 214
41 221
41 240
41 259
41 264
41 273
41 278
42 48
42 50
42 53
42 59
42 62
42 66
42 67
42 69
42 73
42 107
42 108
42 123
42 126
42 133
42 138
42 162
42 170
42 172
42 177
42 181
42 183
42 184
42 191
42 205
42 210
42 214
42 221
42 240
42 259
42 264
42 273
42 278
43 48
43 50
43 53
43 59
43 62
43 66
43 67
43 69
43 107
43 108
43 120
43 123
43 126
43 133
43 162
43 170
43 172
43 177
43 181
43 183
43 184
43 191
43 205
43 210
43 214
43 221
43 240
43 259
43 264
43 273
43 278
44 50
44 53
44 59
44 62
44 66
44 67
44 107
44 108
44 120
44 123
44 126
44 133
44 162
44 170
44 172
44 177
44 181
44 183
44 184
44 191
44 205
44 210
44 214
44 221
44 240
44 259
44 264
44 273
44 278
45 50
45 59
45 62
45 67
45 83
45 107
45 108
45 120
45 123
45 126
45 133
45 162
45 170
45 172
45 177
45 181
45 184
45 205
45 210
45 214
45 221
45 240
45 259
45 264
45 273
45 278
46 50
46 59
46 83
46 107
46 108
46 120
46 123
46 126
46 129
46 133
46 162
46 170
46 172
46 177
46 181
46 184
46 205
46 210
46 214
46 221
46 244
46 259
46 264
46 273
46 278
47 50
47 59
47 76
47 83
47 107
47 108
47 120
47 123
47 126
47 129
47 133
47 162
47 170
47 172
47 177
47 181
47 184
47 190
47 205
47 210
47 214
47 221
47 244
47 259
47 262
47 264
47 273
47 278
48 50
48 59
48 76
48 83
48 107
48 108
48 120
48 123
48 126
48 129
48 133
48 142
48 162
48 170
48 172
48 177
48 181
48 184
48 190
48 205
48 210
48 214
48 219
48 221
48 244
48 259
48 262
48 264
48 273
48 278
49 59
49 83
49 94
49 107
49 108
49 120
49 123
49 129
49 133
49 142
49 162
49 170
49 172
49 181
49 184
49 190
49 205
49 210
49 214
49 219
49 221
49 244
49 259
49 262
49 264
49 273
50 59
50 61
50 83
50 90
50 94
50 107
50 108
50 120
50 123
50 129
50 130
50 133
50 142
50 162
50 170
50 172
50 181
50 184
50 190
50 195
50 205
50 214
50 219
50 221
50 244
50 251
50 259
50 262
50 264
50 273
51 59
51 61
51 90
51 94
51 107
51 108
51 123
51 129
51 133
51 142
51 162
51 170
51 172
51 181
51 184
51 190
51 195
51 205
51 214
51 219
51 221
51 244
51 251
51 259
51 262
51 264
51 273
52 59
52 61
52 90
52 94
52 107
52 108
52 123
52 129
52 133
52 142
52 162
52 170
52 172
52 181
52 184
52 190
52 195
52 205
52 214
52 219
52 221
52 234
52 244
52 251
52 259
52 262
52 264
53 59
53 61
53 90
53 102
53 107
53 108
53 123
53 133
53 143
53 162
53 170
53 172
53 174
53 180
53 181
53 184
53 190
53 195
53 205
53 214
53 219
53 221
53 234
53 244
53 251
53 262
53 264
54 59
54 90
54 102
54 107
54 108
54 119
54 123
54 133
54 143
54 162
54 170
54 172
54 174
54 180
54 181
54 184
54 190
54 195
54 205
54 214
54 221
54 244
54 251
54 262
54 264
55 59
55 90
55 102
55 107
55 108
55 119
55 123
55 133
55 143
55 162
55 170
55 172
55 174
55 180
55 181
55 184
55 190
55 195
55 205
55 214
55 221
55 244
55 251
55 262
55 264
56 90
56 102
56 107
56 108
56 119
56 123
56 143
56 162
56 170
56 172
56 174
56 181
56 184
56 190
56 205
56 221
56 244
56 249
56 251
56 262
56 264
57 90
57 102
57 107
57 108
57 119
57 123
57 143
57 162
57 170
57 172
57 174
57 181
57 184
57 190
57 205
57 221
57 244
57 246
57 249
57 251
57 262
57 264
58 90
58 102
58 107
58 108
58 119
58 123
58 143
58 162
58 170
58 172
58 174
58 181
58 184
58 190
58 205
58 221
58 244
58 246
58 249
58 251
58 262
58 264
59 90
59 102
59 105
59 107
59 108
59 119
59 123
59 143
59 152
59 160
59 162
59 172
59 174
59 181
59 184
59 190
59 205
59 221
59 244
59 251
59 262
59 264
60 90
60 102
60 105
60 107
60 108
60 119
60 123
60 143
60 152
60 160
60 162
60 172
60 174
60 181
60 184
60 190
60 205
60 221
60 244
60 251
60 262
60 264
61 90
61 102
61 105
61 107
61 108
61 119
61 123
61 143
61 160
61 162
61 172
61 174
61 181
61 184
61 190
61 204
61 205
61 221
61 244
61 251
61 262
61 264
62 75
62 90
62 105
62 107
62 108
62 114
62 123
62 143
62 160
62 162
62 172
62 174
62 181
62 184
62 204
62 205
62 221
62 233
62 244
62 251
62 262
62 264
63 75
63 90
63 105
63 107
63 111
63 114
63 123
63 143
63 150
63 160
63 162
63 172
63 174
63 184
63 205
63 221
63 233
63 244
63 251
63 262
63 264
64 75
64 77
64 90
64 105
64 107
64 111
64 114
64 123
64 143
64 150
64 160
64 162
64 172
64 174
64 184
64 205
64 221
64 232
64 244
64 248
64 251
64 262
64 264
65 77
65 89
65 90
65 105
65 107
65 111
65 114
65 143
65 149
65 150
65 160
65 162
65 172
65 174
65 184
65 201
65 205
65 221
65 232
65 244
65 248
65 251
65 262
65 264
66 77
66 89
66 90
66 105
66 107
66 114
66 143
66 149
66 150
66 160
66 162
66 172
66 174
66 184
66 201
66 205
66 216
66 232
66 244
66 251
66 262
66 264
67 77
67 89
67 90
67 105
67 107
67 114
67 143
67 150
67 160
67 162
67 172
67 174
67 184
67 201
67 205
67 216
67 232
67 244
67 251
67 262
67 264
67 284
68 77
68 89
68 90
68 105
68 107
68 114
68 143
68 150
68 160
68 162
68 172
68 174
68 184
68 201
68 205
68 216
68 232
68 244
68 251
68 262
68 264
68 284
69 77
69 79
69 84
69 89
69 90
69 104
69 107
69 114
69 128
69 143
69 150
69 160
69 162
69 172
69 174
69 184
69 201
69 205
69 215
69 216
69 224
69 232
69 244
69 262
69 264
69 284
70 77
70 79
70 84
70 89
70 90
70 104
70 107
70 114
70 128
70 143
70 150
70 160
70 162
70 172
70 174
70 184
70 201
70 205
70 215
70 216
70 224
70 232
70 244
70 262
70 264
70 284
71 77
71 79
71 84
71 88
71 89
71 90
71 104
71 114
71 128
71 150
71 160
71 162
71 172
71 174
71 184
71 205
71 215
71 216
71 224
71 232
71 244
71 262
71 264
71 284
72 77
72 79
72 84
72 88
72 89
72 90
72 104
72 114
72 128
72 150
72 160
72 162
72 172
72 174
72 184
72 205
72 215
72 216
72 224
72 232
72 244
72 262
72 264
72 284
73 77
73 79
73 84
73 88
73 89
73 90
73 104
73 114
73 150
73 160
73 162
73 172
73 174
73 184
73 205
73 213
73 215
73 216
73 224
73 232
73 244
73 262
73 264
73 284
74 77
74 79
74 84
74 88
74 89
74 90
74 104
74 114
74 150
74 160
74 162
74 172
74 174
74 184
74 205
74 213
74 215
74 216
74 224
74 232
74 244
74 262
74 264
74 284
75 77
75 79
75 84
75 88
75 89
75 90
75 104
75 114
75 150
75 160
75 162
75 172
75 174
75 184
75 205
75 213
75 215
75 216
75 224
75 232
75 244
75 262
75 264
75 284
76 77
76 84
76 88
76 89
76 90
76 104
76 114
76 150
76 160
76 162
76 172
76 174
76 184
76 205
76 213
76 215
76 216
76 224
76 232
76 244
76 262
76 264
76 284
77 77
77 84
77 88
77 89
77 90
77 104
77 114
77 150
77 160
77 162
77 172
77 174
77 184
77 205
77 213
77 215
77 216
77 224
77 232
77 244
77 262
77 264
77 284
78 77
78 84
78 88
78 90
78 92
78 95
78 97
78 99
78 104
78 114
78 150
78 151
78 162
78 172
78 174
78 184
78 205
78 212
78 213
78 216
78 232
78 244
78 262
78 264
78 284
79 77
79 84
79 88
79 90
79 92
79 95
79 97
79 99
79 104
79 114
79 150
79 151
79 162
79 172
79 174
79 184
79 205
79 212
79 213
79 216
79 232
79 244
79 262
79 264
79 284
80 77
80 84
80 85
80 88
80 92
80 95
80 97
80 104
80 114
80 118
80 150
80 162
80 163
80 172
80 174
80 184
80 205
80 212
80 213
80 216
80 229
80 232
80 244
80 262
80 264
80 284
81 77
81 84
81 85
81 88
81 92
81 95
81 97
81 104
81 114
81 118
81 150
81 162
81 163
81 172
81 174
81 184
81 205
81 212
81 213
81 216
81 229
81 232
81 244
81 262
81 264
81 284
82 77
82 84
82 85
82 92
82 97
82 104
82 114
82 118
82 150
82 162
82 163
82 172
82 174
82 184
82 205
82 212
82 213
82 216
82 229
82 232
82 244
82 262
82 264
82 284
83 77
83 84
83 85
83 92
83 97
83 104
83 114
83 118
83 150
83 163
83 172
83 174
83 184
83 205
83 213
83 216
83 229
83 232
83 244
83 262
83 264
83 284
84 77
84 85
84 92
84 104
84 118
84 135
84 163
84 172
84 184
84 199
84 205
84 213
84 216
84 229
84 232
84 262
84 264
84 284
85 92
85 104
85 118
85 135
85 141
85 144
85 163
85 172
85 184
85 199
85 205
85 213
85 216
85 217
85 229
85 232
85 235
85 262
85 264
85 284
86 92
86 104
86 118
86 135
86 141
86 144
86 163
86 172
86 184
86 199
86 205
86 213
86 216
86 217
86 229
86 232
86 235
86 262
86 264
86 284
87 92
87 96
87 101
87 104
87 118
87 135
87 141
87 144
87 163
87 172
87 184
87 199
87 205
87 213
87 216
87 217
87 229
87 232
87 235
87 262
87 264
87 284
88 92
88 96
88 101
88 104
88 118
88 135
88 141
88 144
88 163
88 184
88 199
88 213
88 216
88 217
88 229
88 232
88 235
88 262
88 264
88 284
89 96
89 101
89 104
89 118
89 135
89 141
89 144
89 163
89 199
89 213
89 216
89 217
89 229
89 232
89 235
89 262
89 264
89 268
89 284
90 96
90 100
90 101
90 104
90 106
90 135
90 141
90 144
90 153
90 163
90 168
90 197
90 199
90 213
90 216
90 217
90 228
90 229
90 232
90 262
90 264
90 268
90 284
91 96
91 100
91 101
91 104
91 106
91 135
91 141
91 144
91 153
91 163
91 168
91 197
91 199
91 213
91 216
91 217
91 228
91 229
91 232
91 262
91 264
91 268
91 284
92 106
92 135
92 141
92 144
92 153
92 163
92 168
92 171
92 199
92 213
92 216
92 217
92 228
92 232
92 262
92 264
92 265
92 268
92 284
93 135
93 141
93 144
93 153
93 163
93 168
93 171
93 199
93 213
93 216
93 217
93 228
93 232
93 262
93 264
93 265
93 268
93 284
94 135
94 141
94 144
94 153
94 163
94 168
94 171
94 199
94 213
94 216
94 217
94 228
94 232
94 262
94 264
94 265
94 268
94 284
95 135
95 141
95 144
95 153
95 163
95 168
95 171
95 199
95 213
95 216
95 217
95 228
95 232
95 262
95 264
95 265
95 268
95 284
96 135
96 141
96 144
96 153
96 163
96 171
96 199
96 213
96 216
96 217
96 228
96 232
96 262
96 264
96 265
96 268
96 284
97 135
97 141
97 144
97 153
97 163
97 171
97 199
97 213
97 216
97 217
97 228
97 232
97 262
97 264
97 265
97 268
97 284
98 135
98 141
98 144
98 153
98 163
98 171
98 199
98 213
98 216
98 217
98 222
98 228
98 232
98 262
98 264
98 265
98 268
98 284
99 135
99 153
99 163
99 171
99 199
99 213
99 216
99 217
99 222
99 228
99 232
99 241
99 264
99 265
99 268
99 284
100 135
100 153
100 163
100 171
100 199
100 213
100 216
100 217
100 222
100 228
100 232
100 239
100 241
100 264
100 265
100 268
100 284
101 135
101 153
101 163
101 171
101 199
101 213
101 216
101 217
101 228
101 232
101 239
101 241
101 264
101 265
101 268
101 284
102 135
102 153
102 163
102 171
102 199
102 213
102 216
102 217
102 228
102 239
102 241
102 264
102 265
102 268
102 284
103 135
103 153
103 163
103 171
103 173
103 178
103 199
103 213
103 216
103 217
103 228
103 239
103 241
103 264
103 265
103 268
103 281
103 284
104 135
104 153
104 163
104 171
104 173
104 178
104 199
104 213
104 216
104 217
104 228
104 239
104 241
104 264
104 265
104 268
104 281
104 284
105 135
105 153
105 163
105 171
105 173
105 199
105 213
105 216
105 217
105 228
105 239
105 241
105 265
105 268
105 281
105 284
106 135
106 153
106 163
106 171
106 173
106 199
106 200
106 213
106 216
106 217
106 228
106 239
106 241
106 265
106 268
106 284
107 135
107 153
107 163
107 171
107 173
107 200
107 213
107 216
107 217
107 228
107 239
107 241
107 265
107 268
107 284
108 122
108 135
108 153
108 163
108 171
108 173
108 213
108 216
108 217
108 218
108 228
108 239
108 241
108 263
108 265
108 268
108 284
109 122
109 135
109 153
109 163
109 171
109 173
109 213
109 216
109 217
109 218
109 228
109 239
109 241
109 263
109 265
109 268
109 284
110 122
110 135
110 153
110 163
110 171
110 173
110 182
110 194
110 213
110 216
110 217
110 218
110 228
110 239
110 241
110 263
110 265
110 267
110 268
110 283
110 284
111 122
111 135
111 153
111 163
111 171
111 173
111 182
111 194
111 213
111 216
111 217
111 218
111 228
111 239
111 241
111 263
111 265
111 267
111 268
111 283
111 284
112 122
112 135
112 153
112 171
112 173
112 182
112 188
112 194
112 213
112 216
112 217
112 218
112 228
112 239
112 241
112 263
112 265
112 267
112 268
112 283
112 284
113 122
113 135
113 153
113 171
113 173
113 182
113 188
113 194
113 213
113 216
113 217
113 218
113 228
113 239
113 241
113 263
113 265
113 268
113 283
113 284
114 122
114 135
114 153
114 171
114 173
114 182
114 188
114 194
114 213
114 216
114 217
114 218
114 228
114 239
114 241
114 245
114 263
114 265
114 268
114 283
114 284
115 122
115 135
115 153
115 171
115 173
115 182
115 188
115 194
115 213
115 216
115 217
115 218
115 228
115 239
115 241
115 245
115 263
115 265
115 268
115 283
115 284
116 122
116 135
116 153
116 171
116 173
116 182
116 188
116 194
116 213
116 216
116 217
116 218
116 228
116 239
116 241
116 245
116 263
116 265
116 268
116 283
116 284
117 122
117 135
117 153
117 171
117 173
117 182
117 188
117 194
117 213
117 216
117 217
117 218
117 228
117 239
117 241
117 245
117 263
117 265
117 268
117 282
117 283
117 284
118 122
118 135
118 153
118 171
118 173
118 182
118 188
118 194
118 213
118 216
118 217
118 218
118 223
118 228
118 239
118 241
118 245
118 263
118 265
118 268
118 282
118 283
118 284
119 122
119 135
119 145
119 153
119 171
119 173
119 179
119 182
119 194
119 217
119 218
119 228
119 241
119 245
119 263
119 265
119 268
119 280
119 282
119 283
119 284
120 122
120 135
120 145
120 154
120 165
120 171
120 173
120 179
120 182
120 194
120 217
120 218
120 228
120 245
120 257
120 263
120 265
120 268
120 280
120 282
120 283
120 284
121 122
121 135
121 145
121 165
121 171
121 173
121 179
121 182
121 194
121 217
121 218
121 228
121 245
121 257
121 263
121 265
121 268
121 280
121 282
121 283
121 284
122 122
122 135
122 145
122 165
122 171
122 173
122 179
122 182
122 194
122 217
122 218
122 228
122 245
122 257
122 263
122 265
122 268
122 280
122 282
122 283
122 284
123 122
123 145
123 165
123 171
123 173
123 179
123 182
123 194
123 217
123 218
123 228
123 245
123 257
123 263
123 265
123 268
123 280
123 282
123 283
123 284
124 122
124 145
124 165
124 171
124 173
124 179
124 182
124 217
124 218
124 228
124 245
124 257
124 263
124 265
124 268
124 280
124 282
124 283
124 284
125 122
125 145
125 165
125 171
125 173
125 179
125 182
125 217
125 218
125 228
125 245
125 257
125 263
125 265
125 268
125 280
125 282
125 283
125 284
126 122
126 145
126 165
126 171
126 173
126 179
126 182
126 217
126 218
126 228
126 245
126 257
126 263
126 265
126 268
126 280
126 282
126 283
126 284
127 122
127 145
127 165
127 171
127 173
127 179
127 182
127 217
127 218
127 245
127 257
127 263
127 265
127 268
127 280
127 282
127 283
127 284
128 122
128 145
128 165
128 171
128 173
128 179
128 182
128 217
128 218
128 245
128 257
128 263
128 265
128 280
128 282
128 283
128 284
129 122
129 145
129 171
129 173
129 179
129 182
129 198
129 217
129 218
129 245
129 257
129 263
129 265
129 280
129 282
129 283
129 284
130 122
130 145
130 171
130 173
130 179
130 182
130 198
130 217
130 218
130 245
130 257
130 263
130 265
130 280
130 282
130 283
130 284
131 122
131 145
131 171
131 173
131 179
131 182
131 198
131 217
131 218
131 245
131 257
131 263
131 265
131 280
131 282
131 283
131 284
132 122
132 145
132 171
132 173
132 179
132 182
132 198
132 217
132 218
132 245
132 257
132 263
132 265
132 280
132 282
132 283
132 284
133 122
133 145
133 171
133 173
133 179
133 182
133 198
133 217
133 218
133 245
133 257
133 263
133 265
133 280
133 282
133 283
133 284
134 122
134 145
134 171
134 173
134 179
134 182
134 198
134 217
134 218
134 245
134 257
134 263
134 265
134 280
134 282
134 283
134 284
135 122
135 145
135 171
135 173
135 179
135 182
135 198
135 217
135 218
135 245
135 257
135 263
135 265
135 280
135 282
135 283
135 284
136 122
136 145
136 171
136 173
136 179
136 182
136 198
136 217
136 218
136 245
136 257
136 263
136 265
136 280
136 282
136 283
136 284
137 122
137 145
137 171
137 173
137 179
137 182
137 198
137 217
137 218
137 245
137 257
137 263
137 265
137 280
137 282
137 283
137 284
138 122
138 171
138 173
138 179
138 182
138 198
138 217
138 218
138 245
138 263
138 265
138 280
138 282
138 283
138 284
139 122
139 171
139 173
139 179
139 182
139 198
139 217
139 218
139 245
139 263
139 265
139 280
139 282
139 283
139 284
140 122
140 171
140 173
140 179
140 182
140 198
140 217
140 218
140 245
140 263
140 265
140 280
140 282
140 283
140 284
141 122
141 166
141 171
141 173
141 179
141 182
141 198
141 217
141 218
141 245
141 263
141 265
141 280
141 282
141 283
141 284
142 122
142 166
142 171
142 173
142 179
142 182
142 198
142 217
142 218
142 250
142 263
142 265
142 280
142 282
142 283
142 284
143 122
143 166
143 171
143 173
143 179
143 198
143 218
143 250
143 263
143 265
143 280
143 282
143 283
143 284
144 122
144 166
144 171
144 173
144 179
144 198
144 218
144 250
144 263
144 265
144 280
144 282
144 283
144 284
145 166
145 167
145 171
145 173
145 179
145 198
145 218
145 250
145 263
145 265
145 280
145 282
145 283
145 284
146 166
146 167
146 171
146 173
146 179
146 198
146 207
146 218
146 250
146 263
146 265
146 280
146 282
146 283
146 284
147 166
147 167
147 173
147 179
147 198
147 207
147 218
147 250
147 263
147 265
147 280
147 282
147 283
147 284
148 166
148 167
148 173
148 179
148 189
148 198
148 207
148 218
148 250
148 263
148 265
148 280
148 282
148 283
148 284
149 166
149 167
149 173
149 179
149 198
149 250
149 263
149 265
149 280
149 282
149 284
150 166
150 167
150 173
150 179
150 198
150 250
150 263
150 265
150 280
150 282
150 284
151 166
151 167
151 173
151 179
151 198
151 250
151 263
151 265
151 280
151 282
151 284
152 166
152 167
152 173
152 179
152 198
152 250
152 263
152 265
152 280
152 282
152 284
153 166
153 167
153 173
153 179
153 198
153 250
153 263
153 265
153 280
153 282
153 284
154 158
154 166
154 167
154 179
154 198
154 250
154 261
154 263
154 265
154 282
154 284
155 158
155 166
155 167
155 179
155 198
155 231
155 250
155 261
155 263
155 265
155 282
155 284
156 158
156 166
156 167
156 179
156 198
156 231
156 250
156 261
156 263
156 265
156 282
156 284
157 158
157 166
157 167
157 179
157 198
157 209
157 231
157 261
157 263
157 265
157 282
157 284
158 158
158 166
158 167
158 179
158 198
158 209
158 231
158 261
158 263
158 265
158 282
159 158
159 166
159 167
159 179
159 198
159 209
159 231
159 261
159 263
159 265
159 277
159 282
160 158
160 166
160 179
160 198
160 209
160 231
160 261
160 263
160 265
160 277
160 282
161 158
161 166
161 179
161 198
161 209
161 231
161 261
161 263
161 265
161 277
161 282
162 158
162 166
162 179
162 198
162 209
162 231
162 261
162 263
162 265
162 277
162 282
163 158
163 166
163 179
163 198
163 209
163 231
163 261
163 263
163 265
163 277
163 282
164 166
164 179
164 198
164 209
164 220
164 231
164 261
164 263
164 265
164 271
164 277
164 282
165 166
165 179
165 198
165 209
165 220
165 231
165 238
165 261
165 263
165 265
165 271
165 277
165 282
166 166
166 179
166 198
166 220
166 231
166 238
166 261
166 263
166 271
166 277
166 282
167 179
167 196
167 220
167 231
167 238
167 261
167 263
167 271
167 277
167 282
168 179
168 196
168 220
168 238
168 261
168 263
168 277
168 282
169 179
169 196
169 220
169 238
169 261
169 263
169 277
169 282
170 179
170 196
170 220
170 238
170 263
170 277
170 282
171 179
171 196
171 220
171 238
171 263
171 277
171 282
172 179
172 196
172 220
172 238
172 263
172 277
173 179
173 196
173 220
173 263
173 277
174 179
174 196
174 220
174 263
174 277
175 179
175 196
175 220
175 263
175 277
176 179
176 196
176 220
176 263
176 277
177 179
177 196
177 220
177 263
177 277
178 196
178 220
178 263
178 277
178 279
179 220
179 263
179 277
179 279
180 220
180 263
180 277
180 279
181 220
181 263
181 277
181 279
182 220
182 263
182 277
182 279
183 220
183 263
183 277
183 279
184 206
184 220
184 263
184 277
184 279
185 206
185 220
185 263
185 277
185 279
186 206
186 220
186 236
186 263
186 277
186 279
187 206
187 220
187 236
187 256
187 263
187 277
187 279
188 206
188 220
188 236
188 256
188 263
188 277
188 279
189 206
189 220
189 236
189 256
189 263
189 277
189 279
190 220
190 236
190 256
190 263
190 277
190 279
191 220
191 236
191 256
191 263
191 277
191 279
192 220
192 236
192 256
192 263
192 277
192 279
193 220
193 236
193 256
193 263
193 277
193 279
194 220
194 256
194 263
194 277
194 279
195 220
195 256
195 263
195 277
195 279
196 220
196 256
196 263
196 277
197 220
197 256
197 263
197 277
198 220
198 256
198 263
198 277
199 220
199 256
199 263
199 277
200 220
200 256
200 263
200 277
201 220
201 256
201 263
201 277
202 256
202 263
202 274
203 256
203 263
203 274
204 256
204 263
204 274
205 256
205 263
205 274
206 208
206 226
206 230
206 256
206 263
206 274
207 226
207 227
207 230
207 256
207 263
207 274
208 226
208 227
208 230
208 256
208 263
208 274
209 226
209 227
209 230
209 256
209 263
209 274
210 226
210 227
210 230
210 256
210 263
210 274
211 226
211 227
211 230
211 256
211 263
211 274
212 226
212 227
212 230
212 256
212 263
212 274
213 226
213 256
213 274
214 226
214 256
214 274
215 226
215 256
215 274
216 226
216 256
216 274
217 226
217 242
217 256
217 274
218 226
218 242
218 256
218 274
219 226
219 242
219 256
219 274
220 226
220 242
220 256
220 274
221 226
221 242
221 256
221 274
222 242
222 256
222 274
223 242
223 256
223 266
224 242
224 247
224 256
224 266
225 247
225 256
225 266
225 276
226 247
226 256
226 266
226 275
226 276
227 247
227 256
227 266
227 275
227 276
228 247
228 256
228 266
228 275
228 276
229 247
229 255
229 256
229 260
229 266
229 275
229 276
230 247
230 255
230 256
230 260
230 266
230 275
230 276
231 247
231 255
231 256
231 266
231 276
232 247
232 255
232 256
232 266
232 276
233 247
233 255
233 256
233 266
233 276
234 247
234 255
234 256
234 266
234 276
235 247
235 255
235 256
235 266
235 276
236 247
236 255
236 266
236 276
237 247
237 255
237 266
237 276
238 247
238 255
238 269
238 276
239 247
239 255
239 269
239 276
240 247
240 255
240 269
240 276
241 247
241 255
241 269
241 276
242 255
242 269
243 269
244 269
245 269
246 269
247 269
248 269
249 269
250 269
251 269
252 269
253 269
254 269
255 269
256 269
257 269
258 269
259 269
260 269
261 269
262 269
263 269
264 269
265 269
266 269
267 269
268 269
269 269
270 269
271 269
272 269
273 269
274 269
275 269
276 269
277 269
278 269
279 269
280 269
281 269
282 269
283 269
284 269
