0 23
1 20
1 31
1 33
1 56
1 60
1 76
1 92
1 98
1 132
2 8
2 16
2 17
2 20
2 33
2 56
2 76
2 92
2 98
2 132
2 281
3 10
3 16
3 36
3 68
3 74
3 77
3 89
3 180
3 208
3 209
3 246
3 280
3 281
4 10
4 15
4 16
4 18
4 36
4 39
4 68
4 77
4 89
4 180
4 208
4 209
4 246
4 280
4 281
5 10
5 16
5 18
5 24
5 36
5 39
5 68
5 77
5 89
5 180
5 208
5 209
5 246
5 280
5 281
6 21
6 25
6 36
6 39
6 58
6 59
6 68
6 77
6 89
6 180
6 208
6 209
6 246
6 280
6 281
7 26
7 36
7 39
7 45
7 54
7 59
7 68
7 77
7 89
7 124
7 131
7 135
7 151
7 180
7 208
7 209
7 246
7 280
7 281
8 19
8 29
8 36
8 39
8 45
8 54
8 59
8 77
8 89
8 112
8 124
8 131
8 135
8 151
8 156
8 180
8 208
8 209
8 246
8 280
8 281
9 11
9 29
9 36
9 39
9 45
9 54
9 59
9 89
9 102
9 124
9 128
9 135
9 151
9 154
9 156
9 180
9 208
9 209
9 246
9 271
9 280
9 281
10 11
10 36
10 39
10 45
10 54
10 59
10 89
10 102
10 124
10 128
10 135
10 151
10 154
10 156
10 180
10 208
10 209
10 246
10 271
10 280
10 281
11 11
11 36
11 39
11 45
11 51
11 54
11 59
11 89
11 102
11 124
11 128
11 135
11 151
11 154
11 156
11 180
11 208
11 209
11 246
11 271
11 280
11 281
12 28
12 36
12 39
12 51
12 54
12 59
12 89
12 124
12 128
12 135
12 151
12 154
12 180
12 208
12 209
12 246
12 248
12 266
12 271
12 280
12 281
13 28
13 36
13 39
13 51
13 54
13 59
13 89
13 124
13 128
13 135
13 151
13 154
13 180
13 208
13 209
13 246
13 248
13 266
13 271
13 280
13 281
14 28
14 36
14 51
14 54
14 59
14 66
14 89
14 106
14 124
14 128
14 135
14 151
14 154
14 180
14 209
14 246
14 263
14 266
14 271
14 280
14 281
15 38
15 41
15 51
15 52
15 59
15 66
15 69
15 89
15 106
15 109
15 117
15 124
15 135
15 151
15 154
15 180
15 195
15 209
15 246
15 263
15 266
15 271
15 280
15 281
16 38
16 41
16 51
16 52
16 59
16 66
16 69
16 89
16 106
16 109
16 117
16 124
16 135
16 151
16 154
16 169
16 180
16 195
16 209
16 246
16 263
16 266
16 271
16 280
16 281
17 38
17 41
17 51
17 52
17 59
17 66
17 69
17 89
17 106
17 109
17 117
17 124
17 135
17 151
17 154
17 167
17 169
17 180
17 195
17 209
17 246
17 263
17 266
17 271
17 280
17 281
18 38
18 41
18 42
18 51
18 52
18 59
18 66
18 69
18 84
18 89
18 106
18 109
18 117
18 119
18 124
18 135
18 151
18 154
18 167
18 169
18 180
18 195
18 207
18 209
18 246
18 263
18 266
18 271
18 280
18 281
19 42
19 51
19 52
19 59
19 66
19 69
19 84
19 89
19 106
19 109
19 117
19 119
19 124
19 135
19 151
19 153
19 154
19 167
19 169
19 195
19 207
19 209
19 246
19 263
19 266
19 271
19 280
19 281
20 37
20 42
20 51
20 52
20 59
20 66
20 73
20 84
20 89
20 105
20 106
20 109
20 117
20 119
20 124
20 135
20 151
20 153
20 154
20 167
20 169
20 195
20 207
20 209
20 246
20 263
20 266
20 271
20 280
20 281
21 37
21 40
21 42
21 48
21 51
21 52
21 59
21 61
21 64
21 65
21 66
21 73
21 84
21 105
21 106
21 109
21 117
21 119
21 135
21 137
21 151
21 153
21 154
21 167
21 169
21 177
21 195
21 207
21 209
21 246
21 263
21 266
21 271
21 280
21 281
22 37
22 40
22 48
22 51
22 52
22 59
22 61
22 64
22 65
22 66
22 73
22 84
22 105
22 106
22 109
22 117
22 119
22 135
22 137
22 151
22 153
22 154
22 167
22 169
22 177
22 195
22 207
22 209
22 246
22 263
22 266
22 271
22 280
22 281
23 37
23 52
23 61
23 64
23 65
23 66
23 71
23 73
23 84
23 88
23 94
23 106
23 109
23 117
23 119
23 135
23 137
23 151
23 153
23 154
23 167
23 169
23 177
23 195
23 207
23 209
23 246
23 263
23 266
23 271
23 280
23 281
24 46
24 52
24 61
24 64
24 66
24 71
24 73
24 84
24 88
24 94
24 106
24 109
24 117
24 119
24 135
24 137
24 151
24 153
24 154
24 167
24 169
24 177
24 195
24 207
24 209
24 246
24 263
24 266
24 271
24 280
24 281
25 46
25 52
25 61
25 64
25 66
25 71
25 73
25 84
25 94
25 104
25 106
25 109
25 119
25 135
25 137
25 151
25 153
25 154
25 167
25 169
25 177
25 184
25 195
25 207
25 209
25 246
25 263
25 266
25 271
25 280
25 281
26 44
26 46
26 61
26 64
26 71
26 73
26 84
26 94
26 104
26 106
26 109
26 119
26 137
26 145
26 151
26 153
26 154
26 162
26 167
26 169
26 177
26 184
26 195
26 207
26 209
26 214
26 246
26 259
26 263
26 266
26 280
27 44
27 46
27 53
27 61
27 64
27 71
27 73
27 82
27 84
27 104
27 109
27 137
27 145
27 151
27 153
27 154
27 162
27 167
27 169
27 177
27 182
27 184
27 195
27 207
27 209
27 214
27 246
27 259
27 263
27 266
27 280
28 44
28 46
28 61
28 64
28 71
28 73
28 82
28 84
28 104
28 109
28 137
28 145
28 151
28 153
28 154
28 162
28 167
28 169
28 177
28 182
28 184
28 195
28 207
28 209
28 214
28 246
28 259
28 263
28 266
28 280
29 32
29 44
29 46
29 61
29 71
29 73
29 82
29 84
29 97
29 104
29 109
29 137
29 145
29 151
29 153
29 154
29 162
29 167
29 169
29 177
29 182
29 184
29 195
29 207
29 209
29 214
29 246
29 259
29 263
29 266
29 280
30 32
30 44
30 46
30 61
30 71
30 73
30 82
30 84
30 97
30 104
30 109
30 137
30 145
30 151
30 153
30 154
30 157
30 162
30 167
30 169
30 177
30 182
30 184
30 195
30 207
30 209
30 214
30 246
30 259
30 263
30 266
30 280
31 32
31 44
31 49
31 61
31 73
31 75
31 82
31 84
31 96
31 97
31 104
31 109
31 137
31 145
31 151
31 153
31 154
31 155
31 157
31 162
31 167
31 169
31 177
31 184
31 195
31 207
31 214
31 226
31 238
31 246
31 259
31 263
31 266
31 280
32 32
32 44
32 49
32 61
32 73
32 75
32 82
32 84
32 96
32 97
32 104
32 109
32 137
32 145
32 151
32 153
32 154
32 155
32 157
32 162
32 167
32 169
32 177
32 184
32 195
32 207
32 214
32 226
32 238
32 246
32 259
32 263
32 266
32 280
33 32
33 44
33 49
33 61
33 73
33 75
33 82
33 84
33 96
33 97
33 104
33 109
33 136
33 137
33 145
33 151
33 153
33 154
33 155
33 157
33 162
33 167
33 169
33 177
33 184
33 195
33 207
33 214
33 226
33 238
33 246
33 259
33 263
33 266
33 280
34 32
34 44
34 49
34 61
34 73
34 75
34 82
34 84
34 96
34 97
34 104
34 109
34 136
34 137
34 145
34 151
34 153
34 154
34 155
34 157
34 162
34 167
34 169
34 177
34 184
34 195
34 207
34 214
34 226
34 238
34 246
34 259
34 263
34 266
34 280
35 32
35 44
35 49
35 61
35 73
35 75
35 82
35 84
35 90
35 97
35 104
35 109
35 136
35 137
35 145
35 151
35 153
35 154
35 155
35 157
35 162
35 167
35 169
35 177
35 184
35 195
35 207
35 214
35 226
35 238
35 246
35 259
35 263
35 266
35 280
36 32
36 44
36 61
36 73
36 75
36 82
36 84
36 90
36 97
36 104
36 109
36 137
36 145
36 151
36 153
36 154
36 155
36 157
36 167
36 169
36 177
36 184
36 195
36 207
36 214
36 226
36 238
36 246
36 259
36 263
36 266
36 280
37 32
37 44
37 61
37 73
37 75
37 82
37 84
37 90
37 97
37 104
37 109
37 137
37 145
37 151
37 153
37 154
37 155
37 157
37 167
37 169
37 177
37 184
37 195
37 207
37 214
37 226
37 238
37 246
37 259
37 263
37 266
37 280
38 32
38 44
38 61
38 73
38 75
38 82
38 84
38 90
38 97
38 104
38 109
38 137
38 145
38 151
38 153
38 154
38 155
38 157
38 167
38 169
38 177
38 184
38 195
38 207
38 214
38 226
38 238
38 246
38 259
38 263
38 266
38 280
39 32
39 44
39 61
39 75
39 82
39 84
39 90
39 97
39 104
39 109
39 137
39 145
39 151
39 153
39 154
39 155
39 157
39 167
39 169
39 177
39 184
39 195
39 207
39 214
39 226
39 238
39 246
39 259
39 263
39 266
39 280
40 32
40 44
40 61
40 75
40 82
40 84
40 90
40 97
40 104
40 109
40 137
40 145
40 151
40 153
40 154
40 155
40 157
40 167
40 169
40 177
40 184
40 195
40 207
40 214
40 226
40 238
40 246
40 259
40 263
40 266
40 280
41 44
41 75
41 82
41 84
41 97
41 104
41 137
41 145
41 151
41 153
41 154
41 155
41 157
41 167
41 169
41 177
41 184
41 195
41 207
41 214
41 226
41 234
41 238
41 246
41 259
41 266
41 280
42 44
42 75
42 82
42 84
42 97
42 104
42 137
42 145
42 151
42 153
42 154
42 155
42 157
42 167
42 169
42 177
42 184
42 195
42 207
42 214
42 226
42 234
42 238
42 246
42 259
42 266
42 280
43 44
43 75
43 82
43 84
43 97
43 104
43 110
43 137
43 145
43 151
43 153
43 154
43 155
43 157
43 160
43 167
43 169
43 177
43 184
43 195
43 207
43 214
43 226
43 234
43 238
43 246
43 259
43 266
43 280
44 44
44 75
44 82
44 84
44 93
44 97
44 110
44 137
44 145
44 151
44 153
44 154
44 155
44 157
44 160
44 167
44 169
44 177
44 184
44 195
44 207
44 212
44 214
44 226
44 234
44 238
44 246
44 259
44 266
44 280
45 44
45 75
45 82
45 84
45 93
45 97
45 110
45 137
45 145
45 151
45 153
45 154
45 155
45 157
45 160
45 167
45 169
45 177
45 184
45 195
45 207
45 212
45 214
45 226
45 234
45 238
45 246
45 259
45 266
45 280
46 44
46 82
46 84
46 93
46 97
46 108
46 110
46 137
46 145
46 151
46 153
46 154
46 155
46 157
46 160
46 167
46 169
46 177
46 184
46 195
46 207
46 212
46 214
46 226
46 234
46 238
46 246
46 259
46 266
46 280
47 93
47 97
47 108
47 110
47 137
47 151
47 153
47 154
47 155
47 157
47 160
47 167
47 169
47 177
47 184
47 195
47 207
47 212
47 214
47 226
47 234
47 238
47 246
47 259
47 266
47 280
48 97
48 108
48 110
48 137
48 151
48 153
48 154
48 155
48 157
48 160
48 167
48 169
48 171
48 177
48 184
48 195
48 207
48 212
48 214
48 226
48 234
48 238
48 246
48 259
48 266
48 280
49 67
49 97
49 108
49 110
49 137
49 151
49 153
49 154
49 155
49 157
49 160
49 167
49 169
49 171
49 177
49 184
49 195
49 207
49 212
49 214
49 224
49 226
49 234
49 238
49 246
49 259
49 266
49 280
50 67
50 97
50 108
50 110
50 137
50 151
50 154
50 155
50 157
50 160
50 167
50 169
50 171
50 177
50 184
50 195
50 212
50 217
50 224
50 226
50 234
50 238
50 246
50 259
50 266
50 280
51 62
51 67
51 97
51 108
51 110
51 137
51 151
51 154
51 155
51 157
51 158
51 160
51 167
51 169
51 171
51 177
51 184
51 195
51 212
51 224
51 226
51 234
51 238
51 246
51 259
51 266
51 280
52 62
52 67
52 97
52 101
52 108
52 110
52 137
52 151
52 154
52 155
52 157
52 158
52 160
52 167
52 169
52 171
52 177
52 184
52 195
52 212
52 224
52 226
52 234
52 238
52 246
52 259
52 266
52 280
53 67
53 72
53 95
53 97
53 101
53 110
53 151
53 154
53 155
53 157
53 167
53 171
53 177
53 184
53 195
53 212
53 226
53 234
53 238
53 246
53 259
53 267
53 280
54 67
54 72
54 95
54 97
54 101
54 110
54 151
54 154
54 155
54 157
54 167
54 171
54 177
54 184
54 195
54 212
54 226
54 229
54 234
54 238
54 246
54 259
54 267
54 280
55 63
55 95
55 97
55 101
55 110
55 151
55 154
55 167
55 168
55 171
55 177
55 181
55 184
55 186
55 195
55 226
55 229
55 234
55 238
55 267
55 272
55 280
56 63
56 95
56 97
56 101
56 110
56 121
56 151
56 154
56 167
56 168
56 171
56 177
56 181
56 184
56 186
56 195
56 226
56 229
56 234
56 238
56 267
56 272
56 280
57 63
57 85
57 95
57 97
57 99
57 101
57 110
57 113
57 121
57 151
57 154
57 167
57 168
57 171
57 177
57 181
57 184
57 186
57 195
57 226
57 229
57 234
57 238
57 267
57 272
57 280
58 63
58 85
58 95
58 97
58 99
58 101
58 113
58 121
58 151
58 154
58 167
58 168
58 171
58 177
58 181
58 184
58 186
58 195
58 226
58 229
58 234
58 238
58 267
58 272
58 280
59 63
59 85
59 95
59 97
59 99
59 101
59 113
59 121
59 151
59 154
59 167
59 168
59 171
59 177
59 181
59 184
59 186
59 195
59 226
59 229
59 234
59 238
59 267
59 272
59 280
60 63
60 85
60 95
60 97
60 99
60 101
60 113
60 154
60 168
60 171
60 177
60 181
60 184
60 186
60 195
60 226
60 229
60 234
60 238
60 267
60 272
60 280
61 63
61 85
61 95
61 97
61 99
61 101
61 113
61 154
61 168
61 171
61 177
61 181
61 184
61 186
61 195
61 226
61 229
61 234
61 238
61 267
61 272
61 280
62 63
62 95
62 97
62 99
62 101
62 113
62 154
62 168
62 171
62 177
62 181
62 184
62 186
62 195
62 226
62 229
62 234
62 238
62 267
62 272
62 280
63 63
63 95
63 97
63 99
63 113
63 154
63 168
63 171
63 177
63 181
63 184
63 186
63 192
63 195
63 226
63 229
63 234
63 236
63 238
63 267
63 272
63 280
64 63
64 95
64 97
64 99
64 113
64 123
64 154
64 171
64 177
64 181
64 184
64 192
64 195
64 226
64 229
64 234
64 236
64 267
64 272
64 280
65 63
65 95
65 97
65 99
65 113
65 123
65 154
65 171
65 177
65 181
65 184
65 192
65 195
65 226
65 229
65 234
65 236
65 267
65 272
65 280
66 63
66 95
66 97
66 99
66 113
66 171
66 177
66 181
66 184
66 195
66 226
66 229
66 234
66 237
66 267
66 272
66 280
67 63
67 95
67 99
67 113
67 114
67 142
67 171
67 177
67 184
67 195
67 226
67 229
67 234
67 237
67 267
67 272
67 280
68 95
68 99
68 114
68 142
68 171
68 177
68 184
68 195
68 226
68 229
68 234
68 237
68 267
68 272
68 280
69 95
69 99
69 100
69 114
69 142
69 166
69 171
69 177
69 184
69 195
69 226
69 229
69 234
69 237
69 267
69 272
69 280
70 83
70 95
70 99
70 100
70 114
70 142
70 144
70 166
70 171
70 177
70 184
70 195
70 226
70 229
70 234
70 237
70 241
70 260
70 267
70 272
70 280
71 83
71 95
71 99
71 100
71 114
71 142
71 144
71 166
71 171
71 177
71 184
71 195
71 226
71 229
71 234
71 237
71 241
71 260
71 267
71 272
71 280
72 83
72 95
72 99
72 100
72 122
72 142
72 144
72 166
72 171
72 177
72 195
72 229
72 234
72 237
72 241
72 260
72 267
72 272
72 280
73 83
73 95
73 99
73 100
73 122
73 142
73 144
73 166
73 171
73 177
73 195
73 229
73 234
73 237
73 241
73 260
73 267
73 272
73 280
74 95
74 99
74 100
74 122
74 142
74 144
74 166
74 171
74 177
74 195
74 229
74 234
74 237
74 241
74 260
74 267
74 272
74 280
75 95
75 99
75 100
75 122
75 142
75 144
75 166
75 171
75 177
75 195
75 229
75 234
75 237
75 260
75 267
75 272
75 280
76 79
76 99
76 103
76 120
76 122
76 142
76 144
76 171
76 173
76 177
76 229
76 234
76 237
76 260
76 267
76 272
76 280
77 79
77 99
77 103
77 120
77 122
77 142
77 144
77 171
77 173
77 177
77 222
77 229
77 234
77 237
77 260
77 267
77 272
77 280
78 79
78 99
78 103
78 120
78 122
78 142
78 144
78 171
78 173
78 177
78 222
78 229
78 234
78 237
78 260
78 267
78 272
78 280
79 79
79 103
79 111
79 120
79 122
79 142
79 144
79 171
79 173
79 177
79 219
79 222
79 229
79 234
79 237
79 260
79 267
79 272
79 280
80 103
80 111
80 120
80 122
80 130
80 142
80 144
80 171
80 173
80 177
80 219
80 222
80 229
80 234
80 237
80 260
80 267
80 272
80 280
81 103
81 111
81 116
81 120
81 122
81 126
81 130
81 144
81 171
81 173
81 177
81 219
81 229
81 234
81 237
81 260
81 267
81 272
81 280
81 284
82 103
82 111
82 116
82 120
82 122
82 126
82 130
82 144
82 171
82 173
82 177
82 191
82 219
82 229
82 234
82 237
82 260
82 267
82 272
82 280
82 284
83 116
83 118
83 120
83 122
83 126
83 130
83 144
83 173
83 177
83 193
83 219
83 229
83 234
83 260
83 272
83 280
83 284
84 116
84 118
84 120
84 126
84 130
84 144
84 149
84 173
84 177
84 193
84 218
84 219
84 229
84 234
84 243
84 260
84 272
84 280
84 284
85 116
85 118
85 120
85 126
85 130
85 144
85 149
85 173
85 177
85 193
85 218
85 219
85 229
85 234
85 243
85 260
85 272
85 280
85 283
85 284
86 116
86 118
86 120
86 126
86 130
86 144
86 149
86 173
86 177
86 193
86 218
86 219
86 229
86 234
86 243
86 260
86 272
86 280
86 283
86 284
87 116
87 118
87 120
87 126
87 130
87 144
87 149
87 173
87 177
87 193
87 218
87 219
87 229
87 234
87 243
87 260
87 272
87 280
87 283
87 284
88 116
88 118
88 120
88 126
88 130
88 144
88 149
88 177
88 193
88 218
88 219
88 229
88 234
88 243
88 253
88 260
88 272
88 283
88 284
89 116
89 118
89 120
89 126
89 130
89 144
89 149
89 177
89 193
89 218
89 219
89 229
89 234
89 253
89 260
89 272
89 284
90 116
90 118
90 120
90 129
90 130
90 147
90 149
90 177
90 193
90 218
90 219
90 229
90 234
90 253
90 260
90 272
90 282
90 284
91 116
91 118
91 120
91 130
91 147
91 149
91 176
91 177
91 193
91 218
91 219
91 229
91 234
91 253
91 255
91 260
91 272
91 282
91 284
92 116
92 118
92 120
92 130
92 147
92 149
92 176
92 177
92 193
92 218
92 219
92 229
92 234
92 253
92 255
92 260
92 272
92 282
92 284
93 116
93 118
93 120
93 130
93 147
93 149
93 176
93 177
93 193
93 218
93 219
93 229
93 234
93 253
93 255
93 260
93 272
93 282
93 284
94 116
94 118
94 120
94 130
94 147
94 149
94 176
94 177
94 193
94 218
94 219
94 229
94 234
94 253
94 255
94 260
94 272
94 282
94 284
95 116
95 118
95 120
95 130
95 147
95 149
95 176
95 177
95 193
95 218
95 219
95 229
95 234
95 253
95 255
95 260
95 272
95 282
95 284
96 116
96 118
96 120
96 130
96 147
96 149
96 176
96 177
96 193
96 218
96 219
96 229
96 234
96 253
96 255
96 260
96 272
96 282
96 284
97 116
97 118
97 120
97 127
97 147
97 148
97 149
97 176
97 177
97 193
97 219
97 229
97 234
97 253
97 255
97 260
97 272
97 282
97 284
98 116
98 118
98 120
98 127
98 138
98 147
98 148
98 149
98 176
98 177
98 193
98 219
98 229
98 234
98 253
98 255
98 260
98 272
98 282
98 284
99 116
99 118
99 120
99 127
99 138
99 147
99 148
99 149
99 176
99 177
99 193
99 219
99 229
99 234
99 253
99 255
99 260
99 272
99 282
99 284
100 116
100 118
100 120
100 127
100 138
100 147
100 148
100 149
100 176
100 177
100 193
100 219
100 229
100 234
100 253
100 255
100 260
100 272
100 282
100 284
101 107
101 127
101 138
101 147
101 148
101 149
101 176
101 177
101 193
101 206
101 219
101 220
101 229
101 233
101 234
101 240
101 253
101 255
101 260
101 272
101 282
101 284
102 107
102 127
102 138
102 147
102 148
102 149
102 176
102 177
102 193
102 206
102 219
102 220
102 221
102 229
102 233
102 234
102 240
102 253
102 255
102 260
102 272
102 282
102 284
103 107
103 127
103 147
103 148
103 149
103 176
103 177
103 193
103 206
103 219
103 220
103 221
103 229
103 233
103 234
103 240
103 253
103 255
103 260
103 272
103 277
103 282
103 284
104 107
104 127
104 147
104 148
104 149
104 176
104 177
104 193
104 206
104 219
104 220
104 221
104 229
104 233
104 234
104 240
104 253
104 260
104 272
104 277
104 282
104 284
105 127
105 147
105 148
105 149
105 176
105 177
105 193
105 206
105 219
105 220
105 221
105 229
105 234
105 240
105 253
105 260
105 272
105 277
105 282
105 284
106 127
106 147
106 148
106 149
106 176
106 177
106 193
106 206
106 219
106 220
106 221
106 229
106 234
106 240
106 253
106 260
106 272
106 277
106 282
106 284
107 127
107 147
107 148
107 149
107 176
107 177
107 189
107 193
107 206
107 219
107 220
107 221
107 234
107 240
107 253
107 260
107 272
107 277
107 282
107 284
108 127
108 147
108 148
108 149
108 176
108 177
108 189
108 193
108 206
108 219
108 220
108 221
108 234
108 240
108 253
108 260
108 272
108 277
108 282
108 284
109 127
109 147
109 148
109 149
109 176
109 177
109 189
109 193
109 206
109 219
109 220
109 221
109 234
109 240
109 253
109 260
109 272
109 277
109 282
109 284
110 127
110 147
110 148
110 149
110 176
110 177
110 189
110 193
110 206
110 219
110 220
110 221
110 234
110 240
110 253
110 260
110 272
110 277
110 282
110 284
111 125
111 127
111 147
111 148
111 149
111 176
111 177
111 189
111 193
111 206
111 219
111 220
111 221
111 234
111 240
111 253
111 272
111 277
111 282
111 284
112 115
112 125
112 127
112 147
112 148
112 149
112 176
112 177
112 183
112 189
112 193
112 206
112 219
112 220
112 221
112 231
112 234
112 240
112 253
112 272
112 277
112 282
112 284
113 115
113 125
113 127
113 147
113 148
113 149
113 176
113 177
113 189
113 193
113 198
113 199
113 206
113 219
113 220
113 221
113 231
113 240
113 250
113 253
113 272
113 277
113 282
113 284
114 115
114 125
114 127
114 147
114 148
114 149
114 176
114 177
114 189
114 193
114 198
114 199
114 206
114 219
114 220
114 221
114 231
114 240
114 250
114 253
114 272
114 277
114 282
114 284
115 125
115 127
115 147
115 148
115 149
115 176
115 177
115 189
115 193
115 198
115 199
115 206
115 219
115 220
115 221
115 231
115 240
115 250
115 253
115 272
115 277
115 282
115 284
116 125
116 127
116 147
116 148
116 149
116 176
116 177
116 189
116 193
116 198
116 199
116 206
116 219
116 220
116 221
116 231
116 240
116 250
116 252
116 253
116 272
116 277
116 282
116 284
117 125
117 127
117 147
117 148
117 149
117 176
117 177
117 178
117 189
117 193
117 199
117 206
117 219
117 220
117 221
117 231
117 240
117 252
117 253
117 272
117 277
117 282
117 284
118 125
118 127
118 147
118 148
118 149
118 176
118 177
118 178
118 189
118 193
118 199
118 206
118 219
118 220
118 221
118 231
118 240
118 252
118 253
118 272
118 277
118 282
118 284
119 125
119 127
119 147
119 148
119 149
119 176
119 177
119 178
119 189
119 193
119 199
119 206
119 219
119 220
119 221
119 231
119 240
119 252
119 253
119 272
119 277
119 282
119 284
120 125
120 127
120 143
120 147
120 148
120 149
120 176
120 178
120 189
120 199
120 206
120 219
120 220
120 221
120 231
120 240
120 252
120 253
120 272
120 277
120 282
120 284
121 125
121 127
121 143
121 147
121 148
121 149
121 176
121 178
121 189
121 199
121 206
121 219
121 220
121 221
121 228
121 231
121 240
121 252
121 253
121 272
121 277
121 282
121 284
122 125
122 127
122 143
122 147
122 148
122 149
122 176
122 178
122 189
122 199
122 206
122 219
122 220
122 221
122 228
122 231
122 240
122 252
122 253
122 272
122 277
122 282
122 284
123 125
123 127
123 143
123 147
123 148
123 149
123 176
123 178
123 189
123 199
123 206
123 219
123 220
123 221
123 228
123 231
123 240
123 252
123 253
123 272
123 277
123 282
123 284
124 125
124 127
124 143
124 147
124 148
124 149
124 176
124 178
124 189
124 199
124 206
124 219
124 220
124 221
124 225
124 228
124 231
124 240
124 251
124 252
124 253
124 272
124 277
124 282
124 284
125 125
125 127
125 143
125 147
125 148
125 149
125 176
125 178
125 185
125 189
125 199
125 206
125 219
125 220
125 221
125 225
125 228
125 231
125 240
125 242
125 251
125 252
125 253
125 268
125 272
125 277
125 282
125 284
126 125
126 127
126 134
126 141
126 143
126 147
126 148
126 149
126 152
126 174
126 178
126 185
126 189
126 197
126 199
126 206
126 210
126 211
126 219
126 220
126 221
126 225
126 231
126 240
126 251
126 252
126 253
126 268
126 272
126 277
126 282
126 284
127 125
127 127
127 134
127 141
127 143
127 147
127 148
127 149
127 152
127 174
127 178
127 185
127 189
127 197
127 199
127 206
127 210
127 211
127 219
127 220
127 221
127 225
127 231
127 240
127 251
127 252
127 253
127 268
127 272
127 282
127 284
128 125
128 127
128 141
128 143
128 147
128 148
128 149
128 152
128 174
128 178
128 185
128 189
128 197
128 199
128 206
128 210
128 211
128 219
128 220
128 221
128 225
128 231
128 240
128 251
128 252
128 253
128 268
128 272
128 282
128 284
129 125
129 127
129 133
129 141
129 143
129 147
129 161
129 164
129 174
129 178
129 185
129 189
129 197
129 199
129 206
129 210
129 219
129 220
129 225
129 231
129 240
129 251
129 252
129 253
129 268
129 272
129 282
129 284
130 125
130 127
130 133
130 141
130 143
130 147
130 150
130 161
130 164
130 174
130 178
130 185
130 189
130 197
130 199
130 206
130 210
130 219
130 220
130 225
130 231
130 240
130 251
130 252
130 253
130 268
130 272
130 282
130 284
131 127
131 133
131 139
131 141
131 143
131 147
131 150
131 161
131 174
131 178
131 185
131 189
131 199
131 204
131 206
131 210
131 219
131 220
131 225
131 231
131 240
131 252
131 253
131 268
131 282
131 284
132 127
132 133
132 139
132 141
132 143
132 147
132 150
132 161
132 174
132 178
132 185
132 189
132 199
132 204
132 206
132 210
132 219
132 220
132 225
132 231
132 240
132 252
132 253
132 268
132 282
132 284
133 127
133 133
133 139
133 141
133 147
133 161
133 163
133 174
133 178
133 185
133 189
133 199
133 204
133 206
133 210
133 219
133 220
133 225
133 231
133 240
133 252
133 253
133 268
133 282
133 284
134 127
134 133
134 139
134 141
134 147
134 161
134 163
134 174
134 178
134 185
134 189
134 199
134 204
134 206
134 210
134 219
134 220
134 225
134 231
134 240
134 252
134 253
134 268
134 282
134 284
135 127
135 133
135 139
135 141
135 147
135 161
135 163
135 174
135 178
135 185
135 189
135 199
135 204
135 206
135 210
135 219
135 220
135 225
135 231
135 240
135 252
135 253
135 268
135 282
135 284
136 127
136 133
136 139
136 141
136 147
136 161
136 163
136 174
136 178
136 185
136 189
136 199
136 204
136 206
136 210
136 219
136 220
136 225
136 231
136 240
136 252
136 253
136 268
136 282
136 284
137 127
137 133
137 139
137 141
137 147
137 161
137 170
137 174
137 178
137 185
137 199
137 204
137 205
137 206
137 210
137 219
137 220
137 225
137 231
137 240
137 252
137 253
137 268
137 284
138 127
138 139
138 141
138 147
138 170
138 174
138 178
138 185
138 199
138 204
138 205
138 206
138 210
138 219
138 220
138 225
138 231
138 239
138 240
138 252
138 253
138 268
138 284
139 127
139 139
139 147
139 170
139 174
139 178
139 185
139 199
139 202
139 204
139 206
139 210
139 220
139 225
139 231
139 240
139 252
139 253
139 268
139 278
139 284
140 127
140 139
140 147
140 170
140 174
140 178
140 185
140 199
140 202
140 204
140 206
140 210
140 220
140 225
140 231
140 240
140 252
140 253
140 268
140 278
140 284
141 127
141 139
141 147
141 170
141 174
141 175
141 178
141 185
141 199
141 202
141 204
141 206
141 210
141 220
141 225
141 231
141 240
141 252
141 253
141 268
141 278
141 284
142 127
142 139
142 147
142 170
142 174
142 175
142 178
142 185
142 199
142 202
142 204
142 206
142 210
142 220
142 225
142 231
142 240
142 252
142 253
142 268
142 278
142 284
143 127
143 139
143 170
143 174
143 175
143 178
143 185
143 199
143 202
143 204
143 206
143 210
143 220
143 225
143 231
143 240
143 252
143 253
143 268
143 278
143 284
144 127
144 139
144 170
144 178
144 202
144 204
144 206
144 210
144 220
144 225
144 231
144 240
144 253
144 268
144 278
144 284
145 127
145 139
145 170
145 178
145 202
145 204
145 206
145 210
145 220
145 225
145 231
145 240
145 253
145 268
145 278
145 284
146 139
146 178
146 202
146 204
146 206
146 210
146 220
146 225
146 231
146 240
146 253
146 268
146 278
146 284
147 188
147 204
147 206
147 210
147 220
147 225
147 231
147 240
147 268
147 278
147 284
148 165
148 188
148 204
148 206
148 210
148 220
148 225
148 231
148 240
148 268
148 278
148 284
149 165
149 188
149 204
149 206
149 210
149 220
149 225
149 231
149 240
149 268
149 278
149 284
150 165
150 188
150 204
150 206
150 210
150 220
150 225
150 227
150 231
150 240
150 244
150 268
150 278
150 284
151 165
151 188
151 204
151 206
151 210
151 220
151 225
151 227
151 231
151 240
151 244
151 268
151 278
151 284
152 188
152 204
152 206
152 210
152 220
152 225
152 227
152 231
152 240
152 244
152 268
152 278
152 284
153 188
153 204
153 206
153 210
153 220
153 225
153 227
153 231
153 240
153 244
153 268
153 278
153 284
154 188
154 204
154 206
154 210
154 220
154 225
154 227
154 231
154 240
154 244
154 268
154 284
155 188
155 204
155 206
155 210
155 220
155 225
155 227
155 231
155 240
155 244
155 268
155 284
156 188
156 204
156 206
156 210
156 220
156 225
156 227
156 231
156 240
156 244
156 268
156 270
156 284
157 188
157 204
157 206
157 210
157 213
157 220
157 225
157 227
157 231
157 240
157 244
157 268
157 270
157 284
158 159
158 172
158 179
158 188
158 225
158 231
158 244
158 268
158 270
158 284
159 159
159 172
159 179
159 188
159 225
159 231
159 244
159 268
159 270
159 284
160 159
160 172
160 179
160 188
160 225
160 231
160 244
160 268
160 270
160 284
161 172
161 179
161 188
161 225
161 231
161 244
161 268
161 270
161 284
162 172
162 179
162 188
162 225
162 231
162 235
162 244
162 261
162 268
162 270
162 284
163 172
163 179
163 188
163 225
163 231
163 235
163 268
163 270
163 284
164 172
164 179
164 188
164 225
164 231
164 235
164 268
164 270
164 284
165 172
165 179
165 225
165 231
165 235
165 268
165 270
165 284
166 179
166 231
166 235
166 268
166 270
166 284
167 179
167 215
167 231
167 235
167 268
167 270
167 284
168 179
168 215
168 231
168 235
168 268
168 270
168 284
169 179
169 215
169 231
169 235
169 268
169 270
169 284
170 179
170 215
170 231
170 232
170 235
170 268
170 270
170 284
171 179
171 215
171 232
171 235
171 268
171 270
171 284
172 179
172 215
172 232
172 235
172 268
172 270
172 284
173 179
173 215
173 232
173 235
173 245
173 268
173 270
174 179
174 215
174 232
174 235
174 245
174 268
174 270
175 179
175 230
175 232
175 235
175 245
175 270
176 179
176 190
176 230
176 232
176 235
176 245
176 247
176 270
177 179
177 190
177 230
177 232
177 235
177 245
177 247
177 270
178 179
178 190
178 230
178 232
178 235
178 245
178 247
178 270
179 179
179 190
179 230
179 235
179 245
179 247
179 270
180 179
180 190
180 216
180 230
180 235
180 245
180 247
180 270
180 274
181 190
181 216
181 230
181 235
181 245
181 247
181 270
181 274
182 190
182 216
182 230
182 235
182 245
182 247
182 262
182 270
182 274
183 190
183 216
183 230
183 235
183 245
183 247
183 257
183 262
183 270
183 274
184 190
184 216
184 230
184 235
184 245
184 247
184 257
184 262
184 270
184 274
185 190
185 216
185 230
185 235
185 245
185 247
185 257
185 262
185 270
185 274
186 190
186 203
186 216
186 230
186 235
186 245
186 247
186 257
186 262
186 270
186 274
187 190
187 203
187 216
187 230
187 235
187 245
187 247
187 257
187 262
187 270
187 274
188 190
188 203
188 216
188 230
188 235
188 245
188 247
188 257
188 262
188 270
188 274
189 190
189 216
189 230
189 235
189 245
189 247
189 257
189 262
189 270
189 274
190 190
190 216
190 230
190 235
190 245
190 247
190 257
190 270
190 274
191 190
191 216
191 230
191 235
191 245
191 247
191 257
191 270
191 274
192 190
192 216
192 230
192 235
192 245
192 247
192 257
192 270
192 274
193 190
193 200
193 216
193 230
193 235
193 245
193 247
193 257
193 270
193 274
194 190
194 200
194 216
194 230
194 235
194 245
194 247
194 249
194 257
194 270
194 274
195 190
195 200
195 216
195 230
195 235
195 247
195 249
195 257
195 269
195 270
195 274
196 190
196 200
196 216
196 230
196 235
196 247
196 249
196 257
196 269
196 270
196 274
197 190
197 200
197 216
197 230
197 235
197 247
197 249
197 257
197 269
197 270
197 274
198 190
198 200
198 216
198 230
198 235
198 247
198 249
198 257
198 269
198 270
198 274
199 190
199 200
199 216
199 230
199 235
199 249
199 257
199 269
199 270
199 274
200 190
200 200
200 216
200 235
200 249
200 257
200 269
200 270
200 274
201 200
201 216
201 249
201 257
201 270
201 274
202 200
202 216
202 249
202 257
202 270
202 274
203 216
203 249
203 257
203 270
203 274
204 216
204 249
204 270
204 274
205 216
205 249
205 270
205 274
206 216
206 249
206 270
206 274
207 216
207 249
207 270
207 274
208 216
208 249
208 270
208 274
209 216
209 270
209 274
210 216
210 270
210 274
211 216
211 270
211 274
212 216
212 270
212 274
213 216
213 270
213 274
214 216
214 270
214 274
215 216
215 270
215 274
215 275
216 216
216 270
216 274
216 275
217 216
217 270
217 274
217 275
218 216
218 223
218 258
218 270
218 275
219 216
219 223
219 258
219 270
219 275
220 216
220 223
220 258
220 265
220 270
220 275
221 216
221 223
221 258
221 265
221 270
221 275
222 216
222 223
222 258
222 265
222 270
222 275
223 216
223 258
223 264
223 265
223 270
223 275
224 216
224 258
224 264
224 265
224 270
224 275
225 216
225 258
225 264
225 265
225 270
225 275
226 216
226 258
226 264
226 265
226 270
226 275
227 216
227 258
227 264
227 265
227 270
227 275
228 216
228 258
228 265
228 270
228 275
229 216
229 258
229 265
229 270
229 275
230 216
230 256
230 258
230 265
230 270
230 275
231 216
231 256
231 258
231 265
231 270
231 275
232 216
232 256
232 258
232 265
232 270
232 275
233 216
233 256
233 258
233 265
233 270
233 275
234 216
234 256
234 258
234 265
234 270
234 275
235 216
235 256
235 258
235 265
235 270
235 275
236 216
236 256
236 258
236 265
236 270
236 275
237 216
237 256
237 258
237 265
237 270
237 275
238 216
238 256
238 258
238 265
238 270
238 275
239 216
239 256
239 258
239 265
239 270
239 275
240 216
240 256
240 258
240 265
240 270
240 275
241 216
241 256
241 258
241 265
241 270
241 275
242 216
242 254
242 256
242 258
242 265
242 270
242 275
243 216
243 254
243 256
243 265
243 270
243 275
244 216
244 254
244 256
244 265
244 270
244 275
245 216
245 254
245 256
245 265
245 275
246 254
246 256
246 265
246 275
247 254
247 265
247 275
248 254
248 265
248 275
249 254
249 265
250 254
250 265
251 254
251 265
252 265
252 273
252 279
253 265
253 273
253 279
254 265
254 273
254 279
255 265
255 273
255 279
256 265
256 273
256 279
257 265
257 273
257 279
258 265
258 273
258 279
259 265
259 273
259 279
260 265
260 273
260 279
261 265
261 273
261 279
262 265
262 279
263 265
263 279
264 265
264 279
265 265
265 279
266 265
266 279
267 265
267 279
268 265
268 279
269 265
269 279
270 265
270 279
271 265
271 279
272 265
272 279
273 265
273 279
274 265
274 279
275 265
275 279
276 265
276 279
277 265
277 279
278 265
278 279
279 265
279 279
280 265
280 279
281 265
281 279
282 265
282 279
283 265
283 279
284 265
284 279
