0 157
1 3
1 30
1 157
2 11
2 14
2 20
2 30
2 43
2 79
2 118
2 157
3 11
3 14
3 15
3 20
3 30
3 34
3 39
3 68
3 71
3 82
3 157
3 209
4 34
4 35
4 36
4 46
4 53
4 62
4 71
4 82
4 171
4 175
4 205
4 206
5 13
5 33
5 34
5 35
5 36
5 37
5 46
5 47
5 53
5 62
5 71
5 82
5 159
5 171
5 175
5 205
5 206
5 216
6 7
6 13
6 33
6 34
6 36
6 37
6 46
6 47
6 53
6 62
6 82
6 159
6 171
6 175
6 205
6 206
6 216
6 225
7 33
7 34
7 37
7 46
7 47
7 53
7 62
7 82
7 120
7 159
7 171
7 175
7 205
7 206
7 216
7 225
8 33
8 34
8 37
8 46
8 47
8 53
8 62
8 82
8 120
8 159
8 171
8 175
8 205
8 206
8 216
8 225
9 34
9 37
9 46
9 47
9 62
9 82
9 120
9 159
9 171
9 175
9 205
9 206
9 216
9 225
10 19
10 34
10 46
10 47
10 58
10 62
10 90
10 120
10 122
10 159
10 171
10 175
10 205
10 206
10 216
10 277
11 19
11 34
11 46
11 58
11 62
11 70
11 90
11 120
11 122
11 159
11 171
11 175
11 205
11 206
11 211
11 216
11 277
12 19
12 22
12 34
12 46
12 58
12 62
12 69
12 70
12 120
12 122
12 159
12 161
12 171
12 175
12 205
12 206
12 211
12 216
12 277
13 19
13 34
13 48
13 58
13 62
13 69
13 70
13 104
13 120
13 122
13 159
13 161
13 171
13 175
13 205
13 206
13 211
13 216
13 277
14 19
14 34
14 38
14 48
14 58
14 62
14 69
14 70
14 104
14 120
14 122
14 159
14 161
14 171
14 175
14 205
14 206
14 211
14 216
14 277
15 19
15 34
15 38
15 48
15 58
15 62
15 69
15 70
15 104
15 120
15 122
15 159
15 161
15 171
15 200
15 205
15 206
15 211
15 216
15 270
15 277
16 38
16 48
16 58
16 62
16 69
16 70
16 104
16 120
16 122
16 159
16 161
16 171
16 200
16 205
16 206
16 211
16 216
16 270
16 277
17 24
17 38
17 52
17 83
17 104
17 120
17 122
17 134
17 171
17 200
17 205
17 206
17 211
17 216
17 270
17 277
18 38
18 52
18 83
18 98
18 104
18 120
18 122
18 171
18 200
18 205
18 206
18 211
18 216
18 277
19 38
19 52
19 83
19 98
19 104
19 120
19 122
19 171
19 200
19 205
19 206
19 211
19 216
19 277
20 38
20 50
20 54
20 59
20 93
20 104
20 119
20 120
20 122
20 132
20 153
20 167
20 200
20 205
20 206
20 216
20 256
20 274
20 277
21 38
21 50
21 54
21 59
21 93
21 104
21 119
21 120
21 122
21 132
21 153
21 167
21 200
21 205
21 206
21 216
21 256
21 274
21 277
22 50
22 54
22 59
22 104
22 119
22 120
22 132
22 153
22 167
22 200
22 205
22 210
22 216
22 256
22 274
22 277
23 50
23 59
23 77
23 97
23 104
23 116
23 119
23 120
23 153
23 167
23 170
23 197
23 200
23 205
23 210
23 216
23 256
23 274
23 277
24 31
24 50
24 59
24 73
24 77
24 85
24 104
24 119
24 120
24 167
24 182
24 197
24 200
24 205
24 210
24 216
24 256
24 274
24 277
25 31
25 50
25 59
25 73
25 77
25 85
25 104
25 119
25 120
25 167
25 182
25 197
25 200
25 205
25 210
25 216
25 256
25 274
25 277
26 31
26 50
26 59
26 77
26 85
26 104
26 119
26 120
26 167
26 182
26 197
26 200
26 205
26 210
26 216
26 256
26 274
26 277
27 56
27 77
27 99
27 104
27 119
27 120
27 167
27 182
27 197
27 200
27 205
27 210
27 216
27 229
27 256
27 262
27 274
28 56
28 99
28 104
28 119
28 120
28 167
28 182
28 197
28 200
28 205
28 210
28 216
28 229
28 256
28 262
28 274
29 99
29 104
29 119
29 120
29 167
29 182
29 197
29 200
29 205
29 210
29 216
29 229
29 256
29 262
29 274
30 42
30 99
30 104
30 119
30 120
30 167
30 182
30 188
30 197
30 200
30 205
30 210
30 216
30 229
30 256
30 262
30 274
31 40
31 42
31 94
31 99
31 119
31 120
31 126
31 152
31 167
31 182
31 188
31 200
31 205
31 210
31 216
31 229
31 256
31 274
32 40
32 42
32 92
32 94
32 99
32 119
32 120
32 126
32 152
32 167
32 182
32 188
32 200
32 205
32 210
32 216
32 229
32 256
32 274
33 42
33 92
33 94
33 99
33 108
33 120
33 126
33 152
33 167
33 182
33 188
33 200
33 205
33 210
33 216
33 229
33 256
33 274
34 44
34 94
34 99
34 108
34 120
34 126
34 152
34 167
34 182
34 188
34 200
34 205
34 210
34 216
34 229
34 256
34 274
35 44
35 94
35 99
35 108
35 120
35 126
35 152
35 182
35 188
35 200
35 205
35 210
35 216
35 229
35 256
35 274
36 41
36 44
36 45
36 55
36 94
36 99
36 102
36 108
36 120
36 138
36 152
36 182
36 188
36 200
36 205
36 210
36 216
36 229
36 256
36 274
37 41
37 44
37 45
37 84
37 102
37 108
37 120
37 135
37 138
37 152
37 182
37 188
37 200
37 210
37 216
37 229
37 256
37 274
38 41
38 44
38 45
38 91
38 102
38 108
38 120
38 121
38 135
38 138
38 152
38 188
38 196
38 210
38 216
38 229
38 256
38 274
39 41
39 44
39 45
39 60
39 91
39 102
39 108
39 120
39 121
39 135
39 138
39 152
39 188
39 196
39 210
39 216
39 229
39 256
39 274
40 44
40 45
40 91
40 102
40 108
40 120
40 121
40 135
40 138
40 152
40 188
40 196
40 210
40 216
40 229
40 256
40 274
41 44
41 75
41 91
41 102
41 108
41 120
41 121
41 144
41 152
41 188
41 196
41 208
41 210
41 216
41 229
41 235
41 243
41 256
41 274
42 44
42 75
42 91
42 102
42 108
42 121
42 144
42 152
42 188
42 196
42 208
42 210
42 216
42 229
42 235
42 243
42 256
42 274
43 64
43 75
43 91
43 108
43 139
43 144
43 148
43 152
43 188
43 196
43 208
43 216
43 235
43 243
43 256
43 274
44 64
44 75
44 108
44 139
44 144
44 148
44 152
44 188
44 196
44 208
44 216
44 235
44 243
44 256
44 274
45 64
45 74
45 75
45 108
45 144
45 181
45 188
45 196
45 208
45 216
45 235
45 243
45 246
45 256
45 274
46 64
46 74
46 75
46 108
46 144
46 181
46 188
46 196
46 208
46 216
46 235
46 243
46 246
46 256
46 274
47 64
47 74
47 108
47 109
47 144
47 181
47 185
47 188
47 196
47 208
47 216
47 235
47 243
47 246
47 256
47 274
48 64
48 74
48 108
48 109
48 144
48 177
48 181
48 185
48 188
48 196
48 208
48 216
48 235
48 243
48 246
48 256
48 274
49 64
49 74
49 108
49 109
49 144
49 177
49 181
49 185
49 188
49 195
49 196
49 208
49 235
49 243
49 246
49 256
49 274
50 64
50 108
50 109
50 144
50 177
50 181
50 185
50 188
50 195
50 196
50 208
50 235
50 243
50 246
50 256
50 274
51 64
51 86
51 108
51 109
51 144
51 181
51 188
51 195
51 196
51 208
51 243
51 246
51 256
51 274
52 64
52 86
52 108
52 109
52 144
52 147
52 181
52 188
52 195
52 196
52 208
52 243
52 246
52 256
52 274
53 64
53 86
53 108
53 109
53 144
53 181
53 188
53 195
53 196
53 208
53 236
53 243
53 246
53 256
53 274
54 64
54 67
54 86
54 87
54 96
54 108
54 144
54 181
54 188
54 195
54 196
54 236
54 243
54 246
54 256
54 274
55 64
55 67
55 86
55 87
55 96
55 108
55 144
55 181
55 188
55 195
55 196
55 236
55 243
55 246
55 256
55 274
56 66
56 86
56 87
56 108
56 131
56 140
56 144
56 181
56 195
56 196
56 236
56 243
56 246
56 256
56 274
57 65
57 66
57 86
57 87
57 108
57 130
57 131
57 140
57 141
57 144
57 179
57 181
57 195
57 196
57 236
57 243
57 246
57 256
57 274
58 63
58 65
58 66
58 86
58 87
58 108
58 130
58 131
58 140
58 144
58 160
58 179
58 181
58 195
58 196
58 236
58 243
58 246
58 256
58 274
59 63
59 65
59 66
59 86
59 87
59 108
59 130
59 131
59 140
59 144
59 160
59 165
59 179
59 181
59 195
59 196
59 236
59 243
59 246
59 256
59 274
60 63
60 65
60 66
60 86
60 87
60 108
60 130
60 131
60 140
60 144
60 160
60 165
60 179
60 181
60 195
60 196
60 236
60 243
60 246
60 256
60 274
61 63
61 66
61 86
61 87
61 108
61 131
61 140
61 144
61 160
61 165
61 179
61 181
61 195
61 196
61 236
61 243
61 246
61 256
61 274
62 63
62 66
62 86
62 87
62 108
62 131
62 140
62 144
62 160
62 165
62 179
62 181
62 195
62 196
62 236
62 243
62 246
62 256
62 274
63 63
63 66
63 86
63 101
63 108
63 131
63 140
63 144
63 160
63 165
63 181
63 195
63 196
63 236
63 243
63 246
63 256
63 274
64 66
64 86
64 131
64 140
64 144
64 160
64 162
64 165
64 181
64 195
64 196
64 204
64 236
64 243
64 246
64 256
64 275
65 66
65 86
65 131
65 140
65 144
65 160
65 162
65 165
65 181
65 195
65 196
65 204
65 236
65 243
65 246
65 275
66 66
66 86
66 131
66 140
66 144
66 160
66 162
66 165
66 181
66 195
66 196
66 204
66 236
66 243
66 246
66 275
67 66
67 76
67 86
67 110
67 131
67 140
67 144
67 160
67 162
67 165
67 181
67 186
67 187
67 195
67 196
67 204
67 236
67 243
67 246
67 257
67 275
68 66
68 112
68 131
68 140
68 160
68 162
68 181
68 187
68 190
68 195
68 236
68 243
68 246
68 257
68 275
69 66
69 112
69 131
69 140
69 160
69 180
69 181
69 190
69 195
69 236
69 243
69 246
69 257
69 275
70 66
70 112
70 131
70 140
70 160
70 180
70 181
70 190
70 195
70 236
70 243
70 246
70 257
70 275
71 66
71 112
71 131
71 140
71 160
71 181
71 190
71 195
71 236
71 243
71 246
71 257
71 275
72 66
72 112
72 131
72 140
72 149
72 160
72 181
72 190
72 195
72 236
72 243
72 246
72 257
73 66
73 112
73 131
73 140
73 149
73 160
73 181
73 190
73 195
73 236
73 243
73 246
73 257
74 112
74 140
74 149
74 160
74 181
74 190
74 195
74 236
74 246
74 257
75 80
75 115
75 160
75 181
75 190
75 195
75 236
75 238
75 246
75 247
75 257
76 80
76 115
76 160
76 181
76 190
76 195
76 236
76 238
76 246
76 247
76 257
77 80
77 115
77 125
77 160
77 181
77 190
77 195
77 236
77 238
77 246
77 247
77 254
77 257
78 80
78 115
78 125
78 160
78 181
78 190
78 195
78 236
78 238
78 246
78 247
78 254
78 257
79 80
79 115
79 125
79 160
79 181
79 190
79 195
79 236
79 238
79 246
79 247
79 254
79 257
80 80
80 115
80 160
80 181
80 190
80 195
80 236
80 238
80 246
80 247
80 254
80 257
81 80
81 160
81 164
81 190
81 236
81 237
81 238
81 246
81 247
81 254
81 257
81 266
82 80
82 89
82 160
82 164
82 190
82 236
82 237
82 238
82 246
82 247
82 254
82 257
82 266
83 80
83 89
83 160
83 164
83 190
83 236
83 237
83 238
83 246
83 247
83 254
83 257
83 266
84 89
84 117
84 137
84 160
84 164
84 190
84 236
84 237
84 238
84 246
84 247
84 254
84 257
84 266
85 89
85 95
85 160
85 164
85 190
85 236
85 237
85 238
85 246
85 247
85 254
85 257
85 266
86 89
86 95
86 160
86 164
86 190
86 237
86 238
86 246
86 247
86 254
86 257
86 266
87 89
87 95
87 160
87 164
87 190
87 237
87 238
87 246
87 247
87 254
87 257
87 266
88 89
88 95
88 160
88 164
88 190
88 237
88 238
88 246
88 247
88 254
88 257
88 266
89 89
89 95
89 160
89 164
89 190
89 203
89 237
89 238
89 246
89 247
89 254
89 257
89 266
90 89
90 160
90 164
90 190
90 203
90 237
90 238
90 246
90 247
90 254
90 257
90 266
91 89
91 160
91 164
91 190
91 203
91 237
91 238
91 246
91 247
91 254
91 257
91 266
92 89
92 160
92 164
92 190
92 203
92 237
92 238
92 246
92 247
92 254
92 257
93 89
93 105
93 160
93 164
93 190
93 203
93 237
93 238
93 246
93 247
93 254
93 257
94 89
94 105
94 160
94 164
94 190
94 203
94 237
94 238
94 246
94 247
94 254
94 257
95 89
95 105
95 160
95 164
95 190
95 203
95 237
95 238
95 246
95 247
95 254
95 257
96 89
96 105
96 160
96 164
96 190
96 203
96 237
96 238
96 246
96 247
96 254
96 257
97 89
97 105
97 106
97 160
97 163
97 164
97 190
97 203
97 237
97 238
97 246
97 247
97 254
97 257
98 106
98 113
98 145
98 160
98 163
98 164
98 190
98 203
98 237
98 246
98 247
98 254
98 257
99 106
99 113
99 145
99 160
99 163
99 164
99 190
99 203
99 237
99 246
99 247
99 254
99 257
100 106
100 145
100 160
100 164
100 190
100 203
100 237
100 246
100 247
100 254
100 257
101 106
101 127
101 145
101 160
101 190
101 203
101 237
101 246
101 247
101 254
101 257
102 127
102 145
102 160
102 190
102 194
102 237
102 246
102 247
102 254
102 257
103 114
103 127
103 145
103 160
103 190
103 194
103 237
103 246
103 247
103 254
103 257
104 114
104 127
104 145
104 160
104 190
104 194
104 237
104 246
104 247
104 254
104 257
105 114
105 127
105 142
105 145
105 160
105 172
105 190
105 194
105 237
105 247
105 254
105 257
106 114
106 127
106 142
106 145
106 160
106 172
106 190
106 194
106 217
106 237
106 247
106 257
107 114
107 127
107 136
107 142
107 145
107 150
107 158
107 160
107 172
107 190
107 194
107 217
107 237
107 247
107 257
108 114
108 136
108 142
108 145
108 150
108 158
108 160
108 172
108 190
108 194
108 217
108 237
108 247
108 257
109 114
109 136
109 142
109 145
109 150
109 158
109 160
109 172
109 190
109 194
109 217
109 237
109 247
109 257
110 114
110 128
110 136
110 142
110 145
110 150
110 158
110 160
110 172
110 190
110 194
110 217
110 237
110 247
110 257
111 114
111 128
111 142
111 145
111 150
111 160
111 190
111 202
111 217
111 237
111 247
111 257
112 114
112 128
112 142
112 145
112 150
112 160
112 190
112 202
112 217
112 237
112 247
113 114
113 123
113 128
113 142
113 145
113 150
113 160
113 202
113 217
113 237
113 247
114 123
114 128
114 142
114 145
114 146
114 150
114 160
114 168
114 202
114 217
114 237
115 123
115 128
115 142
115 145
115 146
115 150
115 151
115 160
115 168
115 202
115 217
115 237
116 123
116 128
116 142
116 145
116 146
116 150
116 151
116 160
116 202
116 217
116 237
116 255
117 123
117 128
117 142
117 145
117 146
117 150
117 151
117 160
117 202
117 217
117 237
117 255
118 123
118 128
118 142
118 143
118 145
118 146
118 150
118 151
118 160
118 202
118 217
118 224
118 237
118 255
119 123
119 128
119 142
119 145
119 150
119 151
119 160
119 202
119 217
119 220
119 224
119 237
119 255
120 123
120 128
120 142
120 145
120 151
120 160
120 202
120 217
120 220
120 224
120 237
120 255
121 123
121 128
121 142
121 145
121 151
121 160
121 202
121 217
121 220
121 224
121 228
121 237
121 255
121 258
122 123
122 128
122 133
122 142
122 145
122 151
122 160
122 202
122 217
122 224
122 228
122 237
122 255
122 258
123 123
123 128
123 133
123 142
123 145
123 151
123 160
123 202
123 217
123 224
123 228
123 237
123 255
123 258
124 128
124 133
124 154
124 160
124 202
124 217
124 224
124 228
124 237
124 251
124 255
124 258
124 282
125 128
125 133
125 154
125 160
125 202
125 217
125 224
125 228
125 237
125 251
125 255
125 258
125 282
126 128
126 154
126 160
126 202
126 224
126 226
126 228
126 234
126 237
126 241
126 251
126 253
126 255
126 258
126 282
127 128
127 154
127 160
127 202
127 207
127 213
127 224
127 226
127 228
127 234
127 237
127 241
127 251
127 255
127 258
127 282
128 128
128 129
128 160
128 193
128 202
128 207
128 213
128 224
128 226
128 228
128 234
128 237
128 241
128 251
128 255
128 258
128 282
129 128
129 129
129 193
129 202
129 213
129 224
129 226
129 228
129 234
129 237
129 241
129 251
129 255
129 258
129 282
130 202
130 213
130 224
130 226
130 228
130 234
130 237
130 241
130 251
130 255
130 258
130 282
131 202
131 213
131 224
131 226
131 228
131 234
131 237
131 241
131 251
131 255
131 258
131 282
132 202
132 213
132 224
132 226
132 228
132 234
132 237
132 241
132 251
132 255
132 258
132 282
133 202
133 213
133 224
133 226
133 228
133 234
133 237
133 241
133 251
133 255
133 258
133 282
134 202
134 213
134 224
134 226
134 228
134 234
134 237
134 241
134 251
134 255
134 258
134 282
135 202
135 213
135 224
135 226
135 228
135 234
135 241
135 251
135 255
135 258
135 282
136 202
136 213
136 226
136 228
136 234
136 241
136 242
136 251
137 202
137 226
137 228
137 234
137 241
137 242
137 251
138 202
138 226
138 228
138 234
138 241
138 242
138 251
139 202
139 226
139 228
139 234
139 241
139 242
139 251
140 202
140 226
140 228
140 234
140 241
140 242
140 251
141 202
141 226
141 228
141 234
141 241
141 242
141 251
142 184
142 202
142 226
142 228
142 234
142 242
142 251
143 184
143 202
143 228
143 234
143 242
143 251
144 184
144 202
144 228
144 234
144 242
144 251
145 184
145 228
145 233
145 234
145 242
145 251
146 184
146 228
146 233
146 234
146 242
146 251
147 184
147 189
147 228
147 233
147 234
147 242
147 251
148 174
148 184
148 189
148 228
148 233
148 234
148 242
148 251
148 269
149 174
149 178
149 184
149 189
149 192
149 228
149 233
149 234
149 251
149 269
149 273
150 174
150 178
150 184
150 189
150 192
150 228
150 233
150 234
150 251
150 269
150 273
151 174
151 178
151 184
151 189
151 192
151 228
151 233
151 234
151 251
151 269
151 273
152 155
152 156
152 174
152 178
152 184
152 189
152 192
152 233
152 234
152 251
152 269
152 273
153 155
153 156
153 174
153 178
153 184
153 189
153 192
153 215
153 233
153 234
153 251
153 269
153 273
154 156
154 173
154 174
154 178
154 184
154 189
154 192
154 215
154 233
154 244
154 251
154 269
155 156
155 173
155 178
155 184
155 189
155 192
155 215
155 244
155 251
155 269
156 166
156 173
156 178
156 183
156 184
156 189
156 215
156 244
156 251
156 269
156 283
157 166
157 173
157 183
157 184
157 189
157 215
157 244
157 251
157 269
157 283
158 166
158 183
158 184
158 215
158 244
158 251
158 269
158 283
159 166
159 183
159 184
159 201
159 215
159 231
159 244
159 245
159 251
159 265
159 269
159 283
160 166
160 184
160 201
160 215
160 231
160 244
160 245
160 251
160 265
160 269
160 283
161 166
161 184
161 201
161 215
161 231
161 244
161 245
161 251
161 265
161 269
161 283
162 166
162 191
162 201
162 215
162 231
162 244
162 245
162 251
162 265
162 269
162 283
163 166
163 191
163 201
163 215
163 231
163 244
163 245
163 251
163 265
163 269
163 283
164 166
164 191
164 201
164 215
164 227
164 231
164 245
164 251
164 265
164 269
164 283
165 166
165 191
165 201
165 214
165 215
165 227
165 231
165 245
165 251
165 265
165 269
165 283
166 166
166 191
166 201
166 214
166 215
166 227
166 231
166 245
166 251
166 260
166 265
166 269
166 283
167 166
167 191
167 201
167 214
167 215
167 227
167 231
167 245
167 251
167 260
167 265
167 269
167 283
168 191
168 201
168 214
168 215
168 227
168 231
168 245
168 251
168 260
168 265
168 269
168 283
169 201
169 214
169 215
169 218
169 227
169 231
169 245
169 251
169 260
169 265
169 269
169 283
170 201
170 214
170 215
170 218
170 227
170 231
170 240
170 245
170 251
170 260
170 265
170 269
170 283
171 201
171 214
171 215
171 218
171 227
171 231
171 240
171 245
171 251
171 260
171 265
171 269
171 283
172 201
172 214
172 215
172 218
172 227
172 231
172 240
172 245
172 251
172 260
172 265
172 269
172 283
173 201
173 214
173 215
173 218
173 227
173 231
173 240
173 245
173 251
173 260
173 265
173 269
173 283
174 201
174 214
174 215
174 218
174 227
174 231
174 240
174 245
174 251
174 260
174 265
174 269
174 283
175 201
175 214
175 215
175 218
175 227
175 231
175 240
175 245
175 251
175 260
175 265
175 269
175 283
176 201
176 214
176 215
176 227
176 231
176 240
176 245
176 251
176 259
176 260
176 265
176 269
176 283
177 201
177 214
177 215
177 227
177 231
177 240
177 245
177 251
177 252
177 259
177 260
177 265
177 269
177 283
178 201
178 214
178 215
178 227
178 231
178 240
178 245
178 251
178 252
178 259
178 265
178 268
178 269
178 283
179 201
179 214
179 215
179 227
179 231
179 240
179 245
179 251
179 252
179 259
179 265
179 268
179 269
179 283
180 201
180 214
180 215
180 227
180 231
180 240
180 245
180 251
180 252
180 265
180 268
180 269
180 283
181 201
181 214
181 215
181 227
181 231
181 240
181 245
181 251
181 252
181 265
181 268
181 269
181 283
182 201
182 214
182 215
182 227
182 230
182 240
182 245
182 251
182 252
182 265
182 268
182 269
182 283
183 201
183 214
183 215
183 227
183 230
183 240
183 245
183 251
183 252
183 265
183 268
183 269
183 283
184 201
184 214
184 215
184 227
184 230
184 240
184 245
184 251
184 252
184 265
184 268
184 269
184 283
185 201
185 214
185 215
185 227
185 230
185 240
185 245
185 251
185 252
185 265
185 267
185 268
185 269
185 283
186 201
186 214
186 215
186 227
186 230
186 240
186 245
186 251
186 252
186 265
186 267
186 268
186 269
186 283
187 214
187 215
187 222
187 230
187 245
187 251
187 252
187 265
187 267
187 268
187 269
188 214
188 215
188 222
188 230
188 245
188 251
188 252
188 265
188 267
188 268
188 269
189 214
189 215
189 222
189 230
189 245
189 251
189 252
189 265
189 267
189 268
190 214
190 215
190 222
190 230
190 245
190 251
190 252
190 265
190 267
190 268
191 214
191 215
191 222
191 230
191 245
191 251
191 252
191 261
191 265
191 267
192 214
192 215
192 222
192 230
192 245
192 251
192 252
192 261
192 265
192 267
193 214
193 215
193 222
193 230
193 245
193 251
193 252
193 261
193 265
193 267
194 214
194 215
194 221
194 230
194 252
194 261
194 265
194 267
195 199
195 214
195 215
195 221
195 230
195 252
195 261
195 265
195 267
196 214
196 221
196 230
196 252
196 261
196 265
196 267
197 221
197 230
197 252
197 261
197 265
197 267
198 221
198 230
198 252
198 261
198 265
198 267
199 221
199 230
199 252
199 261
199 265
199 267
200 221
200 230
200 252
200 261
200 265
200 267
201 221
201 230
201 252
201 261
201 267
202 221
202 223
202 230
202 252
202 261
202 280
203 221
203 223
203 230
203 252
203 261
203 280
204 221
204 223
204 230
204 252
204 261
204 280
205 221
205 223
205 230
205 252
205 261
205 280
206 221
206 223
206 230
206 252
206 261
206 280
207 221
207 223
207 230
207 252
207 261
207 280
208 221
208 223
208 230
208 252
208 261
208 280
209 221
209 223
209 252
209 261
209 280
210 221
210 223
210 261
211 221
211 223
211 261
212 221
212 223
212 232
212 261
213 221
213 223
213 232
213 261
214 221
214 223
214 232
214 250
214 261
215 221
215 223
215 232
215 250
215 261
216 221
216 223
216 232
216 250
216 261
217 223
217 232
217 250
217 261
218 223
218 232
218 250
218 261
219 223
219 232
219 250
219 261
220 223
220 232
220 250
220 261
221 223
221 232
221 250
221 261
222 223
222 232
222 250
222 261
223 223
223 232
223 261
224 223
224 232
224 261
225 223
225 232
225 261
226 223
226 232
226 261
227 223
227 232
227 261
228 223
228 249
229 223
229 248
229 249
229 264
230 223
230 248
230 249
230 264
231 223
231 248
231 249
231 264
232 223
232 248
232 249
232 264
233 223
233 248
233 249
233 264
234 223
234 248
234 249
234 264
235 223
235 248
235 249
235 264
236 248
236 249
236 264
237 248
237 249
237 264
238 248
238 249
238 264
239 248
239 249
239 264
240 248
240 249
240 264
241 248
241 249
241 281
242 249
243 249
244 249
245 272
246 272
247 272
248 272
249 272
250 272
251 272
252 272
253 272
254 272
255 272
256 272
257 272
257 279
258 272
258 279
259 272
259 279
260 272
260 279
261 272
261 279
262 272
262 279
263 272
263 279
264 272
264 279
265 272
265 279
266 272
266 279
267 272
267 279
268 272
268 279
269 272
269 279
270 272
270 279
271 272
271 279
272 272
272 284
273 272
273 284
274 284
