0 2
0 48
0 98
1 2
1 48
1 98
2 4
2 15
2 21
2 23
2 24
2 48
2 51
2 98
3 18
3 20
3 48
3 51
3 87
3 90
3 98
3 103
4 18
4 20
4 48
4 51
4 87
4 90
4 98
4 103
5 7
5 17
5 18
5 31
5 38
5 42
5 48
5 50
5 53
5 64
5 66
5 83
5 87
5 89
5 108
5 119
5 128
5 162
5 189
5 232
5 241
5 278
6 7
6 17
6 18
6 31
6 38
6 42
6 48
6 50
6 53
6 64
6 66
6 83
6 87
6 89
6 108
6 119
6 128
6 162
6 189
6 232
6 241
6 278
7 11
7 12
7 66
7 87
7 89
7 108
7 119
7 128
7 161
7 189
7 238
7 241
7 259
7 278
7 280
8 12
8 66
8 87
8 89
8 108
8 119
8 128
8 161
8 189
8 238
8 241
8 259
8 278
8 280
9 36
9 66
9 87
9 89
9 108
9 119
9 128
9 161
9 189
9 238
9 241
9 259
9 278
9 280
10 36
10 87
10 108
10 119
10 128
10 161
10 189
10 238
10 241
10 259
10 278
10 280
11 36
11 87
11 108
11 119
11 128
11 161
11 189
11 238
11 241
11 259
11 278
11 280
12 36
12 37
12 87
12 108
12 119
12 128
12 161
12 189
12 238
12 241
12 259
12 278
12 280
13 29
13 36
13 87
13 99
13 119
13 128
13 137
13 161
13 178
13 226
13 230
13 238
13 241
13 259
13 273
13 278
13 280
14 29
14 36
14 59
14 87
14 99
14 117
14 119
14 128
14 137
14 161
14 178
14 226
14 230
14 238
14 241
14 259
14 273
14 278
14 280
15 29
15 36
15 59
15 87
15 99
15 117
15 119
15 128
15 137
15 161
15 178
15 207
15 226
15 230
15 238
15 241
15 259
15 273
15 278
15 280
16 29
16 59
16 87
16 99
16 119
16 128
16 137
16 161
16 178
16 207
16 226
16 230
16 238
16 241
16 259
16 273
16 278
16 280
17 29
17 44
17 59
17 82
17 87
17 99
17 119
17 128
17 137
17 161
17 178
17 184
17 226
17 230
17 238
17 259
17 273
17 278
17 280
18 44
18 59
18 82
18 87
18 99
18 119
18 128
18 137
18 161
18 175
18 178
18 184
18 226
18 230
18 238
18 259
18 273
18 278
18 280
19 44
19 59
19 82
19 87
19 99
19 119
19 128
19 137
19 150
19 161
19 175
19 178
19 184
19 226
19 230
19 238
19 259
19 273
19 278
19 280
20 25
20 44
20 59
20 82
20 85
20 87
20 99
20 119
20 128
20 137
20 150
20 161
20 175
20 178
20 184
20 226
20 230
20 238
20 259
20 273
20 278
20 280
21 25
21 44
21 59
21 60
21 82
21 85
21 86
21 87
21 99
21 119
21 128
21 137
21 161
21 175
21 178
21 184
21 226
21 230
21 235
21 238
21 259
21 273
21 278
21 280
22 25
22 30
22 44
22 52
22 59
22 60
22 82
22 85
22 86
22 91
22 99
22 104
22 119
22 129
22 161
22 178
22 184
22 226
22 230
22 235
22 238
22 273
22 278
23 25
23 28
23 30
23 52
23 59
23 60
23 67
23 82
23 84
23 85
23 86
23 91
23 99
23 104
23 110
23 129
23 161
23 178
23 184
23 226
23 230
23 235
23 238
23 273
23 278
24 25
24 28
24 30
24 52
24 54
24 59
24 60
24 67
24 82
24 84
24 85
24 86
24 99
24 104
24 110
24 129
24 161
24 169
24 178
24 184
24 226
24 230
24 235
24 238
24 273
24 278
25 25
25 28
25 30
25 52
25 54
25 59
25 60
25 67
25 82
25 85
25 86
25 99
25 104
25 106
25 110
25 129
25 169
25 178
25 184
25 226
25 230
25 235
25 238
25 273
25 278
26 28
26 30
26 35
26 52
26 54
26 58
26 59
26 61
26 67
26 82
26 85
26 86
26 99
26 110
26 129
26 169
26 184
26 226
26 230
26 235
26 238
26 273
26 278
27 28
27 30
27 35
27 52
27 58
27 59
27 61
27 86
27 110
27 112
27 143
27 147
27 151
27 169
27 184
27 226
27 230
27 235
27 238
27 249
27 273
27 278
28 28
28 30
28 35
28 52
28 58
28 59
28 61
28 86
28 110
28 112
28 143
28 147
28 151
28 169
28 184
28 226
28 230
28 235
28 238
28 249
28 273
28 278
29 28
29 30
29 35
29 52
29 58
29 59
29 61
29 86
29 107
29 110
29 112
29 143
29 147
29 151
29 169
29 184
29 226
29 230
29 235
29 238
29 249
29 273
29 278
30 28
30 30
30 35
30 58
30 59
30 61
30 86
30 107
30 110
30 112
30 143
30 147
30 151
30 158
30 169
30 184
30 226
30 230
30 235
30 238
30 249
30 273
30 278
31 34
31 35
31 58
31 59
31 71
31 74
31 80
31 86
31 107
31 110
31 112
31 147
31 151
31 158
31 169
31 170
31 184
31 193
31 226
31 230
31 235
31 238
31 249
32 34
32 39
32 71
32 74
32 80
32 86
32 107
32 110
32 112
32 147
32 151
32 169
32 170
32 184
32 193
32 226
32 230
32 235
32 238
32 249
33 34
33 39
33 71
33 80
33 86
33 107
33 110
33 112
33 147
33 151
33 169
33 170
33 184
33 193
33 226
33 230
33 235
33 249
34 34
34 39
34 71
34 80
34 86
34 110
34 112
34 121
34 147
34 151
34 169
34 170
34 184
34 193
34 226
34 230
34 235
34 249
35 34
35 39
35 68
35 71
35 80
35 86
35 110
35 121
35 147
35 151
35 169
35 170
35 184
35 193
35 226
35 230
35 235
35 249
36 39
36 68
36 71
36 110
36 121
36 147
36 151
36 169
36 170
36 184
36 193
36 226
36 230
36 235
37 55
37 71
37 95
37 110
37 121
37 151
37 169
37 170
37 174
37 177
37 184
37 193
37 202
37 226
37 230
37 235
38 55
38 71
38 95
38 110
38 121
38 151
38 169
38 170
38 174
38 177
38 184
38 193
38 202
38 226
38 230
38 235
39 55
39 71
39 79
39 95
39 110
39 121
39 151
39 169
39 170
39 174
39 177
39 184
39 193
39 202
39 222
39 226
39 230
39 235
40 55
40 57
40 62
40 71
40 73
40 79
40 95
40 110
40 121
40 151
40 156
40 169
40 170
40 174
40 177
40 184
40 193
40 202
40 222
40 226
40 230
40 235
41 55
41 73
41 79
41 95
41 110
41 121
41 151
41 156
41 165
41 169
41 170
41 174
41 184
41 193
41 202
41 222
41 226
41 235
42 47
42 55
42 56
42 73
42 79
42 95
42 110
42 121
42 151
42 156
42 165
42 169
42 170
42 174
42 184
42 193
42 202
42 222
42 226
42 235
43 47
43 55
43 56
43 73
43 79
43 95
43 110
43 121
43 151
43 156
43 165
43 169
43 170
43 174
43 184
43 193
43 202
43 222
43 226
43 235
44 47
44 55
44 73
44 79
44 110
44 116
44 118
44 121
44 151
44 156
44 165
44 169
44 170
44 174
44 184
44 193
44 202
44 222
44 226
44 235
45 55
45 73
45 79
45 110
45 116
45 118
45 121
45 151
45 156
45 165
45 169
45 170
45 174
45 184
45 193
45 202
45 222
45 226
45 235
46 55
46 73
46 79
46 116
46 118
46 121
46 151
46 156
46 165
46 169
46 170
46 174
46 184
46 193
46 202
46 222
46 226
46 235
47 55
47 73
47 79
47 116
47 118
47 121
47 151
47 156
47 165
47 169
47 170
47 174
47 184
47 193
47 202
47 222
47 226
47 235
48 55
48 73
48 79
48 116
48 118
48 121
48 151
48 156
48 165
48 169
48 170
48 174
48 184
48 193
48 202
48 203
48 222
48 226
48 235
49 55
49 73
49 79
49 116
49 118
49 121
49 151
49 156
49 165
49 169
49 170
49 174
49 184
49 193
49 202
49 203
49 222
49 226
49 235
50 55
50 73
50 79
50 116
50 118
50 121
50 151
50 156
50 165
50 169
50 170
50 174
50 184
50 193
50 202
50 203
50 222
50 226
50 235
51 55
51 73
51 79
51 116
51 118
51 121
51 156
51 165
51 169
51 170
51 174
51 184
51 193
51 202
51 203
51 222
51 226
51 235
52 55
52 73
52 79
52 116
52 118
52 121
52 156
52 165
52 169
52 170
52 174
52 184
52 193
52 202
52 203
52 222
52 226
52 235
53 55
53 73
53 79
53 116
53 118
53 156
53 165
53 169
53 170
53 174
53 183
53 184
53 193
53 202
53 203
53 222
53 226
53 235
54 55
54 69
54 73
54 79
54 100
54 116
54 118
54 156
54 165
54 169
54 170
54 174
54 183
54 184
54 193
54 202
54 203
54 222
54 226
54 235
55 65
55 69
55 73
55 81
55 116
55 118
55 126
55 156
55 165
55 169
55 170
55 183
55 184
55 192
55 202
55 203
55 205
55 222
55 226
55 235
56 65
56 69
56 73
56 113
56 116
56 126
56 165
56 169
56 170
56 183
56 184
56 192
56 202
56 203
56 205
56 222
56 226
56 235
57 70
57 73
57 101
57 113
57 114
57 116
57 126
57 165
57 170
57 192
57 202
57 203
57 205
57 222
57 226
57 235
58 70
58 73
58 101
58 113
58 114
58 116
58 126
58 165
58 170
58 192
58 202
58 203
58 205
58 222
58 226
58 235
59 63
59 70
59 73
59 113
59 114
59 116
59 126
59 165
59 170
59 192
59 202
59 203
59 205
59 222
59 226
59 235
60 63
60 70
60 73
60 113
60 114
60 116
60 126
60 165
60 170
60 192
60 202
60 203
60 205
60 222
60 226
60 235
61 63
61 70
61 73
61 113
61 114
61 116
61 126
61 165
61 170
61 192
61 202
61 203
61 205
61 222
61 226
61 235
62 63
62 70
62 73
62 113
62 114
62 116
62 126
62 165
62 170
62 192
62 202
62 203
62 205
62 222
62 226
62 235
63 63
63 70
63 73
63 113
63 114
63 116
63 126
63 165
63 170
63 192
63 202
63 203
63 222
63 226
63 235
64 63
64 70
64 73
64 113
64 114
64 116
64 126
64 165
64 170
64 192
64 202
64 203
64 222
64 226
64 235
65 63
65 73
65 113
65 114
65 116
65 126
65 165
65 170
65 192
65 202
65 203
65 222
65 226
65 235
65 258
66 63
66 73
66 113
66 114
66 116
66 126
66 165
66 170
66 192
66 202
66 203
66 222
66 226
66 235
66 258
67 63
67 73
67 113
67 114
67 116
67 126
67 165
67 170
67 192
67 202
67 203
67 222
67 226
67 235
67 258
68 63
68 73
68 113
68 114
68 116
68 126
68 165
68 170
68 192
68 202
68 203
68 222
68 226
68 235
68 258
69 63
69 73
69 113
69 114
69 116
69 126
69 165
69 170
69 192
69 202
69 203
69 222
69 226
69 235
69 258
70 75
70 113
70 114
70 116
70 126
70 165
70 170
70 192
70 202
70 203
70 219
70 222
70 226
70 227
70 235
70 258
71 75
71 96
71 113
71 114
71 116
71 126
71 170
71 199
71 203
71 219
71 222
71 226
71 227
71 235
71 258
72 75
72 96
72 113
72 114
72 116
72 126
72 170
72 199
72 203
72 219
72 222
72 226
72 227
72 235
72 258
73 75
73 96
73 102
73 113
73 116
73 126
73 170
73 199
73 203
73 219
73 222
73 226
73 227
73 235
73 258
74 75
74 96
74 102
74 113
74 116
74 126
74 168
74 170
74 199
74 203
74 219
74 222
74 226
74 227
74 235
74 258
75 75
75 92
75 96
75 102
75 113
75 116
75 126
75 144
75 168
75 170
75 199
75 203
75 219
75 222
75 226
75 227
75 235
75 258
76 75
76 92
76 96
76 102
76 113
76 116
76 126
76 144
76 168
76 170
76 199
76 200
76 203
76 219
76 222
76 226
76 227
76 235
76 258
77 75
77 92
77 96
77 102
77 113
77 116
77 126
77 144
77 168
77 170
77 199
77 200
77 203
77 219
77 222
77 226
77 227
77 235
77 258
78 75
78 92
78 96
78 102
78 113
78 116
78 126
78 138
78 144
78 168
78 170
78 199
78 200
78 203
78 219
78 222
78 226
78 227
78 235
78 258
79 75
79 92
79 105
79 113
79 126
79 138
79 144
79 166
79 168
79 170
79 199
79 200
79 203
79 219
79 222
79 226
79 227
79 235
79 258
80 75
80 92
80 105
80 113
80 126
80 138
80 144
80 166
80 168
80 170
80 199
80 200
80 203
80 219
80 222
80 226
80 227
80 235
80 258
81 75
81 92
81 105
81 113
81 126
81 138
81 144
81 166
81 168
81 170
81 199
81 200
81 203
81 219
81 222
81 226
81 227
81 235
81 258
82 75
82 92
82 105
82 113
82 126
82 138
82 141
82 144
82 168
82 170
82 199
82 200
82 203
82 219
82 222
82 226
82 227
82 235
82 258
82 281
83 92
83 94
83 105
83 113
83 138
83 141
83 144
83 168
83 170
83 199
83 200
83 203
83 219
83 222
83 226
83 235
83 258
83 281
84 92
84 94
84 105
84 113
84 138
84 141
84 144
84 168
84 170
84 199
84 200
84 203
84 219
84 222
84 226
84 235
84 258
84 281
85 92
85 94
85 105
85 113
85 141
85 144
85 168
85 170
85 199
85 200
85 219
85 222
85 226
85 235
85 258
85 274
85 281
86 92
86 94
86 105
86 113
86 141
86 144
86 168
86 170
86 199
86 200
86 219
86 222
86 226
86 235
86 258
86 274
86 281
87 92
87 94
87 105
87 113
87 141
87 144
87 168
87 170
87 199
87 200
87 219
87 222
87 226
87 235
87 258
87 274
87 281
88 94
88 113
88 120
88 139
88 141
88 144
88 148
88 170
88 199
88 200
88 226
88 235
88 258
88 266
88 274
88 281
89 94
89 113
89 120
89 139
89 141
89 144
89 148
89 170
89 176
89 199
89 200
89 226
89 235
89 258
89 266
89 274
89 281
90 94
90 113
90 120
90 139
90 141
90 144
90 148
90 170
90 176
90 199
90 200
90 226
90 235
90 258
90 266
90 274
90 281
91 94
91 113
91 120
91 139
91 141
91 144
91 148
91 176
91 199
91 200
91 235
91 258
91 274
91 281
92 94
92 113
92 120
92 139
92 141
92 144
92 148
92 176
92 199
92 200
92 235
92 258
92 274
92 281
92 284
93 113
93 120
93 125
93 134
93 139
93 142
93 144
93 148
93 176
93 199
93 200
93 235
93 258
93 274
93 281
93 284
94 113
94 125
94 134
94 139
94 142
94 144
94 148
94 176
94 199
94 200
94 235
94 258
94 274
94 281
94 284
95 113
95 125
95 134
95 142
95 144
95 148
95 176
95 199
95 200
95 235
95 258
95 274
95 281
95 284
96 113
96 125
96 134
96 142
96 144
96 145
96 148
96 155
96 176
96 186
96 199
96 200
96 235
96 258
96 274
96 281
96 284
97 113
97 125
97 134
97 142
97 144
97 145
97 146
97 148
97 155
97 176
97 186
97 199
97 235
97 258
97 274
97 281
97 284
98 113
98 134
98 142
98 144
98 145
98 146
98 148
98 155
98 176
98 186
98 199
98 235
98 258
98 274
98 281
98 284
99 113
99 134
99 142
99 144
99 145
99 146
99 148
99 155
99 176
99 180
99 186
99 235
99 258
99 274
99 281
99 284
100 113
100 134
100 142
100 144
100 145
100 146
100 148
100 155
100 176
100 180
100 186
100 235
100 258
100 274
100 281
100 284
101 113
101 134
101 142
101 144
101 145
101 146
101 148
101 155
101 176
101 180
101 186
101 235
101 258
101 274
101 281
101 284
102 113
102 134
102 142
102 144
102 145
102 148
102 155
102 180
102 186
102 235
102 258
102 274
102 281
102 284
103 113
103 124
103 134
103 142
103 145
103 148
103 155
103 180
103 186
103 235
103 258
103 274
103 281
103 284
104 113
104 124
104 134
104 142
104 145
104 148
104 155
104 180
104 186
104 235
104 258
104 274
104 281
104 284
105 131
105 134
105 142
105 145
105 148
105 155
105 180
105 186
105 235
105 258
105 274
105 281
105 284
106 115
106 131
106 142
106 145
106 148
106 155
106 186
106 235
106 258
106 274
106 281
106 284
107 115
107 131
107 142
107 145
107 148
107 155
107 186
107 235
107 258
107 274
107 281
107 284
108 127
108 131
108 142
108 148
108 149
108 155
108 221
108 235
108 258
108 274
108 281
108 284
109 127
109 131
109 142
109 148
109 149
109 155
109 221
109 235
109 258
109 274
109 281
109 284
110 127
110 131
110 142
110 148
110 149
110 155
110 191
110 221
110 235
110 258
110 274
110 281
110 284
111 127
111 131
111 142
111 148
111 149
111 155
111 191
111 215
111 221
111 235
111 258
111 274
111 284
112 127
112 131
112 142
112 148
112 149
112 155
112 191
112 215
112 221
112 235
112 258
112 274
112 284
113 127
113 131
113 142
113 148
113 149
113 155
113 191
113 215
113 221
113 235
113 258
113 274
113 284
114 127
114 131
114 142
114 148
114 149
114 155
114 191
114 215
114 221
114 235
114 258
114 274
114 284
115 127
115 131
115 142
115 148
115 149
115 155
115 191
115 215
115 221
115 235
115 258
115 274
115 284
116 127
116 131
116 142
116 148
116 149
116 155
116 191
116 215
116 221
116 235
116 258
116 274
116 284
117 127
117 131
117 142
117 148
117 149
117 155
117 191
117 215
117 221
117 235
117 258
117 274
117 284
118 127
118 131
118 142
118 148
118 149
118 155
118 191
118 209
118 215
118 221
118 235
118 258
118 274
118 284
119 127
119 131
119 142
119 148
119 149
119 155
119 188
119 191
119 215
119 221
119 235
119 258
119 274
119 277
119 284
120 127
120 131
120 142
120 148
120 149
120 155
120 188
120 191
120 221
120 235
120 258
120 274
120 277
120 284
121 127
121 131
121 132
121 142
121 148
121 149
121 155
121 167
121 221
121 235
121 258
121 274
121 277
121 284
122 127
122 131
122 132
122 142
122 148
122 149
122 155
122 167
122 221
122 235
122 258
122 274
122 277
122 284
123 130
123 133
123 136
123 149
123 155
123 167
123 223
123 229
123 258
123 277
123 284
124 130
124 133
124 136
124 149
124 155
124 167
124 223
124 229
124 258
124 277
124 284
125 130
125 133
125 136
125 149
125 155
125 167
125 223
125 229
125 258
125 277
125 284
126 130
126 133
126 149
126 167
126 223
126 229
126 244
126 258
126 277
126 284
127 130
127 149
127 167
127 223
127 229
127 244
127 258
127 284
128 130
128 163
128 167
128 212
128 229
128 244
128 252
128 258
128 284
129 130
129 163
129 167
129 172
129 212
129 229
129 244
129 252
129 258
129 284
130 130
130 140
130 163
130 167
130 172
130 212
130 229
130 237
130 244
130 251
130 252
130 258
130 284
131 130
131 140
131 163
131 172
131 212
131 229
131 237
131 244
131 251
131 252
131 258
131 284
132 130
132 140
132 163
132 172
132 212
132 229
132 237
132 244
132 251
132 252
132 256
132 258
132 284
133 140
133 163
133 172
133 212
133 229
133 237
133 242
133 244
133 251
133 252
133 256
133 258
133 284
134 140
134 163
134 172
134 212
134 229
134 237
134 242
134 244
134 251
134 252
134 256
134 258
134 284
135 140
135 163
135 172
135 212
135 229
135 237
135 242
135 244
135 245
135 251
135 252
135 256
135 258
135 284
136 140
136 163
136 172
136 212
136 229
136 237
136 242
136 244
136 245
136 251
136 252
136 256
136 258
136 284
137 140
137 163
137 172
137 212
137 229
137 237
137 242
137 244
137 251
137 252
137 256
137 258
137 284
138 140
138 163
138 172
138 212
138 229
138 242
138 244
138 251
138 252
138 256
138 258
138 284
139 140
139 152
139 163
139 164
139 172
139 212
139 229
139 242
139 244
139 251
139 252
139 256
139 258
139 284
140 140
140 152
140 153
140 163
140 164
140 172
140 187
140 212
140 229
140 242
140 244
140 251
140 252
140 256
140 258
140 263
140 284
141 140
141 152
141 153
141 163
141 164
141 172
141 187
141 212
141 229
141 242
141 244
141 251
141 252
141 256
141 258
141 263
141 284
142 140
142 152
142 153
142 163
142 164
142 172
142 187
142 212
142 242
142 244
142 251
142 252
142 256
142 258
142 263
142 284
143 140
143 152
143 153
143 163
143 164
143 172
143 187
143 212
143 242
143 244
143 251
143 252
143 256
143 258
143 263
143 284
144 140
144 152
144 163
144 164
144 172
144 187
144 212
144 242
144 244
144 251
144 252
144 256
144 258
144 263
144 284
145 152
145 163
145 164
145 172
145 187
145 242
145 244
145 252
145 256
145 258
145 263
145 284
146 152
146 164
146 172
146 187
146 236
146 242
146 244
146 252
146 256
146 258
146 263
146 284
147 152
147 160
147 164
147 172
147 185
147 187
147 236
147 242
147 243
147 244
147 252
147 256
147 258
147 263
147 284
148 152
148 157
148 160
148 164
148 172
148 185
148 187
148 242
148 243
148 244
148 252
148 256
148 258
148 263
148 284
149 157
149 172
149 185
149 206
149 234
149 242
149 243
149 244
149 252
149 256
149 261
149 263
149 284
150 157
150 172
150 185
150 206
150 234
150 242
150 243
150 244
150 252
150 256
150 261
150 263
150 284
151 157
151 172
151 185
151 206
151 234
151 242
151 243
151 244
151 252
151 256
151 261
151 263
151 284
152 157
152 172
152 185
152 206
152 234
152 242
152 243
152 244
152 252
152 256
152 261
152 263
152 284
153 157
153 172
153 185
153 206
153 234
153 242
153 243
153 244
153 252
153 256
153 261
153 263
153 284
154 157
154 172
154 185
154 206
154 233
154 234
154 242
154 243
154 244
154 252
154 256
154 261
154 263
154 284
155 157
155 172
155 185
155 206
155 233
155 234
155 242
155 243
155 244
155 252
155 256
155 261
155 263
155 284
156 172
156 185
156 206
156 233
156 234
156 242
156 243
156 244
156 252
156 256
156 261
156 263
156 284
157 172
157 185
157 206
157 233
157 234
157 242
157 243
157 244
157 252
157 256
157 261
157 263
157 284
158 172
158 185
158 206
158 233
158 234
158 242
158 244
158 252
158 256
158 261
158 263
158 284
159 172
159 185
159 206
159 233
159 242
159 244
159 252
159 256
159 261
159 263
159 284
160 172
160 185
160 206
160 233
160 242
160 244
160 252
160 256
160 261
160 263
160 284
161 172
161 185
161 206
161 233
161 242
161 244
161 252
161 256
161 261
161 263
161 284
162 172
162 185
162 206
162 233
162 242
162 244
162 252
162 256
162 261
162 263
162 284
163 172
163 185
163 233
163 242
163 244
163 252
163 256
163 261
163 263
163 284
164 172
164 185
164 228
164 233
164 242
164 244
164 252
164 261
164 263
164 284
165 172
165 185
165 228
165 233
165 242
165 244
165 252
165 261
165 263
165 284
166 172
166 185
166 228
166 233
166 242
166 244
166 252
166 261
166 263
166 284
167 172
167 228
167 233
167 242
167 244
167 252
167 261
167 263
167 284
168 172
168 228
168 233
168 242
168 252
168 261
168 263
168 284
169 172
169 224
169 228
169 233
169 242
169 252
169 261
169 263
169 284
170 172
170 224
170 228
170 233
170 242
170 252
170 261
170 263
170 284
171 172
171 208
171 224
171 228
171 233
171 242
171 252
171 261
171 263
171 284
172 172
172 208
172 224
172 228
172 233
172 242
172 252
172 261
172 263
172 284
173 172
173 182
173 194
173 208
173 242
173 261
173 263
173 284
174 172
174 194
174 208
174 247
174 255
174 261
174 263
174 284
175 172
175 194
175 208
175 247
175 255
175 261
175 263
175 284
176 172
176 190
176 194
176 195
176 208
176 216
176 247
176 255
176 261
176 263
176 284
177 172
177 190
177 194
177 195
177 208
177 216
177 255
177 261
177 263
177 284
178 172
178 190
178 194
178 195
178 208
178 216
178 255
178 261
178 263
178 284
179 172
179 190
179 195
179 208
179 255
179 261
179 263
179 284
180 172
180 190
180 195
180 208
180 255
180 261
180 263
180 284
181 172
181 190
181 195
181 208
181 255
181 261
181 263
181 267
181 271
181 284
182 172
182 190
182 195
182 211
182 255
182 261
182 263
182 267
182 271
182 284
183 172
183 190
183 195
183 198
183 211
183 255
183 261
183 263
183 267
183 270
183 271
183 284
184 172
184 190
184 195
184 198
184 211
184 213
184 255
184 261
184 263
184 267
184 270
184 271
184 284
185 172
185 190
185 195
185 198
185 211
185 213
185 254
185 255
185 261
185 263
185 267
185 270
185 271
185 284
186 172
186 190
186 195
186 198
186 211
186 213
186 254
186 255
186 261
186 263
186 267
186 270
186 271
186 284
187 172
187 190
187 195
187 198
187 211
187 213
187 255
187 261
187 263
187 267
187 271
187 284
188 172
188 190
188 195
188 198
188 211
188 213
188 255
188 261
188 263
188 267
188 271
188 284
189 190
189 195
189 197
189 198
189 211
189 213
189 255
189 261
189 263
189 267
189 271
189 284
190 190
190 195
190 197
190 198
190 211
190 213
190 214
190 255
190 261
190 263
190 267
190 271
190 284
191 190
191 195
191 197
191 198
191 211
191 213
191 255
191 261
191 263
191 267
191 271
191 284
192 190
192 197
192 198
192 211
192 213
192 248
192 255
192 261
192 263
192 265
192 267
192 271
192 284
193 197
193 198
193 211
193 213
193 225
193 248
193 255
193 261
193 263
193 265
193 267
193 271
193 284
194 196
194 197
194 198
194 211
194 213
194 225
194 248
194 255
194 261
194 263
194 265
194 267
194 271
194 284
195 196
195 198
195 211
195 213
195 225
195 248
195 255
195 261
195 263
195 265
195 267
195 271
195 284
196 196
196 198
196 211
196 213
196 220
196 225
196 248
196 255
196 261
196 263
196 265
196 267
196 271
197 198
197 211
197 213
197 220
197 225
197 231
197 248
197 255
197 261
197 263
197 265
197 267
197 271
198 198
198 211
198 213
198 218
198 220
198 225
198 231
198 248
198 253
198 255
198 261
198 263
198 265
198 267
198 271
199 198
199 211
199 213
199 218
199 220
199 225
199 231
199 253
199 255
199 261
199 263
199 265
199 271
200 198
200 211
200 213
200 218
200 220
200 225
200 231
200 253
200 255
200 261
200 263
200 265
200 271
201 198
201 211
201 213
201 218
201 220
201 225
201 231
201 253
201 255
201 261
201 263
201 265
201 271
202 198
202 210
202 211
202 213
202 218
202 220
202 225
202 231
202 239
202 255
202 261
202 263
202 265
202 269
202 271
203 198
203 210
203 211
203 213
203 217
203 218
203 225
203 231
203 239
203 255
203 261
203 263
203 265
203 269
203 271
204 198
204 210
204 211
204 213
204 217
204 218
204 225
204 231
204 239
204 255
204 261
204 263
204 265
204 269
204 271
205 198
205 210
205 211
205 213
205 217
205 218
205 225
205 231
205 239
205 255
205 261
205 263
205 265
205 269
205 271
206 210
206 211
206 213
206 217
206 218
206 225
206 239
206 255
206 261
206 262
206 263
206 265
206 269
206 271
207 210
207 211
207 213
207 217
207 218
207 225
207 239
207 255
207 261
207 262
207 263
207 265
207 269
207 271
208 210
208 211
208 213
208 218
208 225
208 239
208 255
208 261
208 262
208 263
208 265
208 269
208 271
209 210
209 213
209 218
209 225
209 255
209 257
209 261
209 262
209 263
209 265
209 269
209 271
209 282
210 210
210 213
210 218
210 225
210 255
210 257
210 261
210 262
210 263
210 265
210 269
210 271
210 276
210 282
211 210
211 213
211 218
211 225
211 255
211 257
211 261
211 262
211 263
211 265
211 269
211 271
211 276
211 279
211 282
212 210
212 213
212 218
212 255
212 257
212 261
212 262
212 263
212 265
212 276
212 279
212 282
213 210
213 213
213 218
213 255
213 257
213 261
213 262
213 263
213 265
213 276
213 279
213 282
214 213
214 218
214 255
214 257
214 261
214 262
214 263
214 265
214 276
214 279
214 282
215 213
215 218
215 255
215 257
215 261
215 262
215 265
215 276
215 279
215 282
215 283
216 218
216 255
216 257
216 260
216 261
216 262
216 265
216 279
216 282
216 283
217 218
217 255
217 257
217 260
217 261
217 262
217 265
217 279
217 282
217 283
218 218
218 240
218 250
218 255
218 257
218 261
218 262
218 265
218 279
218 282
218 283
219 218
219 240
219 250
219 255
219 257
219 261
219 262
219 265
219 279
219 282
219 283
220 218
220 240
220 250
220 255
220 261
220 262
220 265
220 279
220 282
220 283
221 218
221 240
221 250
221 261
221 262
221 265
221 279
221 282
221 283
222 218
222 240
222 250
222 261
222 262
222 265
222 279
222 282
222 283
223 218
223 240
223 250
223 261
223 262
223 265
223 279
223 282
223 283
224 218
224 240
224 250
224 261
224 262
224 265
224 279
224 282
224 283
225 218
225 240
225 250
225 261
225 262
225 265
225 279
225 282
225 283
226 218
226 240
226 250
226 262
226 265
226 279
226 282
226 283
227 218
227 250
227 262
227 275
227 279
227 283
228 218
228 250
228 262
228 275
228 279
228 283
229 218
229 250
229 262
229 272
229 275
229 279
229 283
230 218
230 250
230 262
230 272
230 275
230 279
230 283
231 218
231 250
231 262
231 264
231 272
231 275
231 279
231 283
232 218
232 250
232 262
232 264
232 272
232 275
232 279
232 283
233 250
233 262
233 264
233 272
233 275
233 279
233 283
234 250
234 262
234 264
234 272
234 275
234 279
234 283
235 246
235 250
235 262
235 264
235 272
235 275
235 283
236 246
236 250
236 262
236 272
236 275
236 283
237 246
237 250
237 262
237 272
237 275
237 283
238 246
238 250
238 262
238 272
238 275
238 283
239 246
239 250
239 262
239 272
239 275
239 283
240 246
240 250
240 262
240 272
240 275
240 283
241 246
241 250
241 262
241 272
241 275
241 283
242 246
242 250
242 262
242 272
242 275
242 283
243 246
243 250
243 262
243 272
243 275
243 283
244 246
244 250
244 262
244 272
244 275
244 283
245 246
245 250
245 262
245 272
245 275
245 283
246 246
246 250
246 262
246 272
246 283
247 246
247 283
248 246
248 283
249 246
249 283
250 246
250 283
251 283
252 283
253 283
254 283
255 283
256 283
257 283
258 283
259 283
260 283
261 283
262 283
263 283
264 283
265 283
266 283
267 268
267 283
268 268
268 283
269 268
269 283
270 268
270 283
271 268
271 283
272 283
273 283
274 283
275 283
276 283
277 283
278 283
279 283
280 283
281 283
282 283
283 283
284 283
