1 14
1 17
2 4
2 5
2 13
2 14
2 17
3 32
3 41
3 59
3 120
3 142
3 187
3 191
3 232
4 10
4 11
4 26
4 30
4 32
4 41
4 49
4 90
4 121
4 126
4 142
4 187
4 191
4 232
5 11
5 26
5 30
5 32
5 41
5 49
5 90
5 121
5 126
5 142
5 187
5 191
5 232
6 32
6 41
6 49
6 90
6 121
6 126
6 142
6 177
6 187
6 191
6 232
7 32
7 41
7 49
7 90
7 121
7 126
7 142
7 177
7 187
7 191
7 232
8 18
8 32
8 41
8 88
8 90
8 121
8 126
8 142
8 177
8 187
8 191
8 232
9 24
9 28
9 50
9 85
9 88
9 90
9 95
9 121
9 126
9 177
9 187
9 191
9 232
10 24
10 50
10 85
10 88
10 90
10 95
10 121
10 126
10 177
10 187
10 191
10 232
11 46
11 50
11 55
11 85
11 86
11 88
11 90
11 95
11 121
11 126
11 152
11 177
11 187
11 191
11 232
12 15
12 16
12 46
12 50
12 55
12 56
12 85
12 86
12 88
12 90
12 95
12 113
12 118
12 121
12 126
12 152
12 177
12 187
12 191
12 232
13 15
13 16
13 46
13 50
13 55
13 56
13 85
13 86
13 88
13 90
13 95
13 113
13 118
13 121
13 126
13 152
13 177
13 187
13 191
13 232
14 15
14 16
14 31
14 40
14 42
14 46
14 50
14 55
14 56
14 61
14 85
14 86
14 88
14 90
14 95
14 113
14 118
14 121
14 126
14 152
14 177
14 187
14 191
14 232
15 15
15 21
15 36
15 42
15 50
15 52
15 55
15 61
15 64
15 82
15 85
15 86
15 90
15 95
15 113
15 121
15 126
15 127
15 152
15 167
15 177
15 187
15 191
15 227
15 232
15 266
16 15
16 21
16 33
16 36
16 42
16 50
16 55
16 61
16 64
16 82
16 85
16 86
16 90
16 95
16 113
16 121
16 126
16 127
16 152
16 167
16 177
16 187
16 191
16 227
16 232
16 266
17 15
17 21
17 33
17 36
17 42
17 55
17 61
17 64
17 76
17 82
17 85
17 86
17 90
17 95
17 113
17 121
17 126
17 127
17 152
17 167
17 177
17 187
17 208
17 227
17 232
17 266
17 280
18 15
18 21
18 33
18 36
18 42
18 55
18 61
18 76
18 82
18 85
18 86
18 90
18 93
18 98
18 113
18 121
18 126
18 127
18 152
18 167
18 177
18 227
18 232
18 266
18 280
19 15
19 21
19 33
19 36
19 42
19 55
19 58
19 61
19 76
19 82
19 85
19 86
19 90
19 93
19 108
19 113
19 121
19 126
19 127
19 152
19 159
19 167
19 177
19 227
19 232
19 266
19 280
20 15
20 21
20 33
20 36
20 42
20 55
20 58
20 61
20 76
20 82
20 85
20 86
20 90
20 93
20 108
20 113
20 121
20 126
20 127
20 152
20 159
20 167
20 177
20 227
20 232
20 266
20 280
21 21
21 42
21 55
21 58
21 61
21 76
21 82
21 85
21 86
21 90
21 93
21 108
21 109
21 113
21 121
21 126
21 127
21 152
21 159
21 177
21 217
21 227
21 232
21 250
21 266
21 280
22 21
22 42
22 55
22 58
22 61
22 76
22 82
22 85
22 86
22 90
22 93
22 108
22 109
22 113
22 121
22 126
22 127
22 152
22 159
22 177
22 217
22 227
22 232
22 250
22 266
22 280
23 29
23 42
23 55
23 58
23 61
23 76
23 85
23 90
23 93
23 108
23 109
23 113
23 121
23 126
23 127
23 152
23 159
23 177
23 227
23 250
23 280
24 29
24 42
24 55
24 58
24 61
24 76
24 85
24 90
24 93
24 108
24 109
24 113
24 121
24 126
24 127
24 152
24 159
24 177
24 227
24 250
24 280
25 42
25 55
25 58
25 61
25 76
25 85
25 90
25 93
25 108
25 109
25 113
25 121
25 126
25 127
25 130
25 134
25 152
25 159
25 164
25 177
25 227
25 236
25 250
25 280
26 34
26 53
26 55
26 58
26 61
26 76
26 85
26 90
26 108
26 109
26 127
26 130
26 134
26 152
26 159
26 164
26 177
26 227
26 236
26 250
26 280
27 34
27 53
27 55
27 58
27 61
27 85
27 90
27 108
27 109
27 127
27 130
27 134
27 152
27 159
27 164
27 177
27 227
27 236
27 250
27 280
28 55
28 58
28 78
28 90
28 108
28 109
28 127
28 130
28 134
28 152
28 159
28 164
28 177
28 190
28 213
28 227
28 236
28 280
29 55
29 58
29 67
29 78
29 108
29 109
29 127
29 130
29 134
29 143
29 152
29 159
29 164
29 177
29 190
29 213
29 227
29 236
29 280
30 44
30 67
30 109
30 127
30 134
30 143
30 144
30 152
30 159
30 164
30 177
30 190
30 213
30 227
30 280
31 44
31 67
31 109
31 127
31 134
31 143
31 144
31 152
31 159
31 164
31 177
31 213
31 227
31 273
31 280
32 43
32 44
32 66
32 67
32 109
32 127
32 129
32 134
32 143
32 144
32 152
32 159
32 164
32 177
32 213
32 227
32 273
32 280
33 43
33 44
33 66
33 67
33 69
33 109
33 127
33 129
33 134
33 143
33 144
33 152
33 159
33 164
33 177
33 213
33 227
33 273
33 280
34 38
34 43
34 44
34 47
34 60
34 66
34 67
34 68
34 70
34 116
34 127
34 129
34 134
34 143
34 152
34 159
34 164
34 177
34 213
34 221
34 227
34 242
34 252
34 273
34 280
35 38
35 43
35 44
35 47
35 60
35 66
35 67
35 70
35 96
35 101
35 116
35 127
35 129
35 134
35 143
35 152
35 159
35 164
35 177
35 213
35 221
35 227
35 242
35 273
35 280
36 38
36 43
36 44
36 47
36 60
36 66
36 67
36 70
36 96
36 101
36 116
36 127
36 129
36 134
36 143
36 152
36 159
36 164
36 177
36 213
36 221
36 227
36 242
36 273
36 280
37 38
37 43
37 44
37 47
37 66
37 67
37 70
37 96
37 101
37 116
37 127
37 129
37 134
37 143
37 152
37 157
37 159
37 164
37 177
37 213
37 221
37 227
37 242
37 256
37 273
37 280
38 38
38 43
38 44
38 47
38 66
38 67
38 70
38 96
38 101
38 116
38 127
38 129
38 134
38 143
38 152
38 157
38 159
38 164
38 177
38 213
38 221
38 242
38 256
38 273
38 280
39 38
39 43
39 44
39 47
39 66
39 67
39 70
39 96
39 101
39 116
39 127
39 129
39 131
39 143
39 152
39 157
39 159
39 164
39 177
39 212
39 213
39 221
39 242
39 256
39 273
39 280
40 43
40 44
40 45
40 47
40 70
40 87
40 96
40 101
40 116
40 127
40 129
40 131
40 143
40 152
40 157
40 159
40 164
40 177
40 212
40 221
40 224
40 242
40 256
40 273
40 280
41 43
41 44
41 45
41 47
41 70
41 87
41 96
41 101
41 116
41 127
41 129
41 131
41 143
41 152
41 157
41 159
41 164
41 177
41 212
41 221
41 224
41 242
41 256
41 273
41 280
42 43
42 44
42 45
42 47
42 87
42 101
42 112
42 116
42 127
42 129
42 131
42 135
42 143
42 152
42 157
42 159
42 164
42 177
42 207
42 221
42 224
42 242
42 256
42 273
42 280
43 43
43 44
43 45
43 47
43 87
43 101
43 112
43 116
43 127
43 129
43 131
43 135
43 143
43 152
43 157
43 159
43 164
43 177
43 207
43 221
43 224
43 242
43 256
43 273
43 278
43 280
44 43
44 44
44 45
44 47
44 87
44 101
44 112
44 116
44 127
44 129
44 131
44 135
44 143
44 152
44 157
44 159
44 164
44 177
44 207
44 221
44 224
44 242
44 256
44 273
44 278
44 280
45 43
45 44
45 47
45 87
45 101
45 112
45 116
45 127
45 129
45 131
45 135
45 143
45 152
45 157
45 159
45 164
45 177
45 207
45 221
45 224
45 242
45 256
45 273
45 278
45 280
46 43
46 44
46 87
46 101
46 112
46 116
46 127
46 129
46 131
46 135
46 143
46 152
46 157
46 159
46 164
46 177
46 193
46 207
46 221
46 224
46 242
46 256
46 273
46 278
46 280
47 43
47 44
47 87
47 101
47 112
47 116
47 127
47 129
47 131
47 135
47 143
47 152
47 157
47 159
47 164
47 177
47 193
47 207
47 221
47 224
47 242
47 256
47 273
47 278
47 280
48 44
48 62
48 87
48 101
48 112
48 116
48 127
48 131
48 135
48 143
48 152
48 157
48 159
48 164
48 177
48 193
48 207
48 221
48 224
48 242
48 256
48 273
48 278
48 280
49 44
49 62
49 73
49 87
49 99
49 101
49 112
49 116
49 127
49 131
49 135
49 143
49 152
49 157
49 159
49 164
49 177
49 193
49 207
49 221
49 224
49 242
49 256
49 273
49 278
50 44
50 62
50 73
50 87
50 99
50 101
50 112
50 116
50 127
50 131
50 135
50 143
50 152
50 157
50 159
50 164
50 177
50 193
50 207
50 221
50 224
50 242
50 256
50 273
50 278
51 62
51 73
51 87
51 99
51 101
51 112
51 116
51 127
51 131
51 135
51 143
51 152
51 157
51 159
51 164
51 177
51 193
51 207
51 221
51 224
51 242
51 256
51 273
51 278
52 62
52 73
52 87
52 99
52 101
52 112
52 127
52 131
52 135
52 143
52 152
52 157
52 159
52 164
52 177
52 193
52 207
52 221
52 224
52 242
52 256
52 273
52 278
53 62
53 73
53 87
53 99
53 101
53 112
53 127
53 131
53 135
53 143
53 152
53 157
53 159
53 164
53 177
53 193
53 207
53 221
53 224
53 256
53 273
53 278
54 62
54 72
54 73
54 87
54 91
54 99
54 101
54 112
54 127
54 135
54 143
54 152
54 157
54 159
54 164
54 165
54 177
54 193
54 207
54 221
54 224
54 256
54 273
54 278
55 62
55 72
55 73
55 87
55 91
55 99
55 101
55 112
55 127
55 135
55 143
55 152
55 157
55 159
55 160
55 164
55 165
55 177
55 193
55 207
55 221
55 224
55 256
55 273
55 278
56 62
56 72
56 73
56 87
56 91
56 99
56 101
56 112
56 127
56 135
56 143
56 152
56 157
56 159
56 160
56 164
56 165
56 177
56 193
56 207
56 221
56 224
56 248
56 256
56 273
56 278
57 62
57 72
57 73
57 75
57 79
57 89
57 91
57 99
57 101
57 112
57 127
57 135
57 143
57 152
57 157
57 159
57 160
57 164
57 165
57 177
57 207
57 221
57 224
57 248
57 256
57 262
57 273
57 278
58 73
58 74
58 89
58 91
58 99
58 101
58 107
58 112
58 127
58 135
58 157
58 159
58 160
58 164
58 165
58 177
58 207
58 218
58 221
58 224
58 235
58 248
58 256
58 262
58 273
58 278
59 73
59 74
59 89
59 91
59 99
59 101
59 107
59 127
59 135
59 157
59 159
59 160
59 164
59 177
59 194
59 207
59 218
59 221
59 224
59 235
59 248
59 262
59 273
59 275
59 278
60 65
60 73
60 74
60 89
60 91
60 99
60 101
60 107
60 127
60 135
60 141
60 146
60 157
60 159
60 160
60 164
60 177
60 194
60 207
60 218
60 221
60 224
60 235
60 248
60 262
60 273
60 275
61 65
61 74
61 80
61 99
61 101
61 107
61 127
61 135
61 141
61 146
61 157
61 159
61 160
61 164
61 174
61 177
61 194
61 207
61 218
61 221
61 224
61 235
61 248
61 262
61 273
61 275
62 65
62 74
62 80
62 94
62 99
62 101
62 105
62 107
62 127
62 135
62 141
62 146
62 157
62 159
62 160
62 164
62 174
62 177
62 194
62 207
62 218
62 221
62 224
62 235
62 248
62 262
62 273
62 275
63 65
63 74
63 80
63 94
63 99
63 101
63 105
63 107
63 127
63 135
63 141
63 146
63 157
63 159
63 160
63 164
63 174
63 177
63 194
63 207
63 218
63 221
63 235
63 248
63 262
63 273
63 275
64 65
64 74
64 80
64 94
64 99
64 101
64 105
64 107
64 127
64 135
64 141
64 146
64 157
64 159
64 160
64 164
64 174
64 177
64 194
64 207
64 218
64 221
64 235
64 248
64 262
64 273
64 275
65 65
65 74
65 94
65 99
65 105
65 107
65 127
65 135
65 141
65 146
65 157
65 159
65 160
65 164
65 177
65 194
65 207
65 218
65 221
65 248
65 262
65 273
65 275
66 74
66 94
66 99
66 105
66 107
66 127
66 135
66 136
66 156
66 157
66 159
66 160
66 164
66 175
66 177
66 194
66 207
66 218
66 221
66 248
66 262
66 273
66 275
66 283
67 74
67 94
67 99
67 105
67 107
67 127
67 135
67 136
67 156
67 157
67 159
67 160
67 164
67 175
67 177
67 194
67 207
67 221
67 248
67 262
67 273
67 275
67 283
68 74
68 94
68 99
68 105
68 127
68 135
68 156
68 157
68 159
68 160
68 164
68 175
68 177
68 194
68 207
68 221
68 248
68 262
68 273
68 275
68 283
69 74
69 94
69 99
69 105
69 127
69 135
69 151
69 156
69 157
69 159
69 160
69 164
69 175
69 177
69 194
69 207
69 221
69 248
69 262
69 273
69 275
70 74
70 94
70 105
70 114
70 125
70 135
70 151
70 156
70 157
70 159
70 160
70 164
70 175
70 177
70 194
70 207
70 221
70 248
70 262
70 273
70 275
71 74
71 94
71 105
71 114
71 125
71 135
71 151
71 156
71 157
71 159
71 160
71 164
71 175
71 177
71 194
71 207
71 221
71 248
71 262
71 273
71 275
72 74
72 94
72 105
72 110
72 114
72 125
72 135
72 151
72 156
72 157
72 159
72 160
72 164
72 175
72 177
72 194
72 207
72 221
72 248
72 262
72 273
72 275
73 94
73 105
73 110
73 114
73 125
73 135
73 151
73 156
73 157
73 159
73 160
73 164
73 175
73 177
73 194
73 207
73 221
73 248
73 262
73 273
73 275
74 94
74 105
74 114
74 125
74 151
74 156
74 157
74 159
74 160
74 164
74 175
74 177
74 194
74 207
74 221
74 248
74 260
74 262
74 273
74 275
75 94
75 97
75 105
75 106
75 125
75 133
75 151
75 156
75 157
75 159
75 160
75 164
75 177
75 194
75 207
75 211
75 221
75 260
75 262
75 273
75 275
76 94
76 97
76 105
76 106
76 125
76 133
76 151
76 156
76 157
76 159
76 164
76 177
76 194
76 207
76 221
76 260
76 262
76 273
76 275
77 94
77 97
77 105
77 106
77 125
77 133
77 151
77 156
77 157
77 159
77 164
77 177
77 194
77 207
77 221
77 260
77 262
77 273
77 275
78 97
78 102
78 105
78 106
78 111
78 115
78 125
78 133
78 151
78 156
78 157
78 159
78 164
78 177
78 194
78 221
78 262
78 273
78 275
79 97
79 102
79 105
79 106
79 111
79 115
79 125
79 133
79 151
79 156
79 157
79 159
79 164
79 177
79 194
79 221
79 262
79 273
79 275
80 97
80 102
80 105
80 106
80 111
80 115
80 125
80 133
80 156
80 157
80 159
80 194
80 221
80 262
80 273
80 275
81 102
81 105
81 106
81 111
81 115
81 125
81 133
81 138
81 156
81 157
81 159
81 163
81 194
81 206
81 221
81 262
81 275
82 92
82 102
82 105
82 106
82 111
82 115
82 125
82 133
82 138
82 156
82 157
82 159
82 163
82 194
82 206
82 221
82 262
82 275
83 92
83 102
83 105
83 106
83 111
83 115
83 125
83 133
83 138
83 156
83 157
83 163
83 194
83 206
83 209
83 221
83 229
83 262
83 275
84 92
84 102
84 103
84 105
84 106
84 111
84 115
84 119
84 125
84 138
84 156
84 157
84 163
84 194
84 200
84 206
84 209
84 221
84 229
84 262
84 275
85 92
85 102
85 103
85 105
85 106
85 111
85 115
85 119
85 125
85 138
85 156
85 157
85 163
85 194
85 200
85 206
85 209
85 221
85 229
85 275
86 102
86 103
86 104
86 105
86 106
86 111
86 115
86 119
86 125
86 138
86 156
86 157
86 163
86 186
86 188
86 194
86 200
86 206
86 209
86 221
86 229
86 275
87 102
87 103
87 104
87 105
87 106
87 111
87 115
87 119
87 125
87 156
87 157
87 163
87 186
87 188
87 194
87 200
87 206
87 209
87 221
87 229
87 275
88 102
88 103
88 104
88 105
88 106
88 111
88 115
88 119
88 125
88 156
88 157
88 163
88 186
88 188
88 194
88 200
88 206
88 209
88 221
88 229
88 275
89 102
89 103
89 104
89 105
89 106
89 111
89 115
89 119
89 156
89 157
89 163
89 186
89 188
89 194
89 200
89 206
89 209
89 221
89 229
89 275
90 102
90 103
90 106
90 111
90 115
90 119
90 122
90 149
90 156
90 157
90 163
90 186
90 188
90 200
90 209
90 221
90 229
90 254
90 275
91 102
91 103
91 106
91 111
91 115
91 119
91 122
91 149
91 156
91 157
91 163
91 186
91 188
91 200
91 209
91 221
91 229
91 254
91 275
92 102
92 106
92 111
92 115
92 122
92 149
92 156
92 157
92 163
92 186
92 188
92 196
92 200
92 209
92 221
92 229
92 254
92 275
93 102
93 106
93 111
93 115
93 122
93 149
93 156
93 157
93 163
93 186
93 188
93 196
93 200
93 209
93 221
93 229
93 254
93 275
94 102
94 106
94 111
94 115
94 122
94 149
94 156
94 157
94 163
94 186
94 188
94 195
94 196
94 200
94 209
94 221
94 229
94 254
94 275
95 102
95 106
95 111
95 115
95 122
95 149
95 156
95 157
95 163
95 186
95 188
95 195
95 196
95 200
95 209
95 221
95 229
95 254
95 275
96 106
96 111
96 115
96 122
96 149
96 156
96 157
96 163
96 186
96 188
96 195
96 196
96 200
96 203
96 209
96 221
96 229
96 275
97 106
97 111
97 115
97 122
97 149
97 156
97 157
97 163
97 186
97 188
97 195
97 196
97 200
97 203
97 209
97 221
97 229
97 275
98 100
98 106
98 111
98 115
98 117
98 122
98 123
98 124
98 139
98 153
98 156
98 163
98 182
98 186
98 188
98 196
98 203
98 209
98 215
98 221
98 258
99 100
99 106
99 111
99 115
99 117
99 122
99 123
99 124
99 139
99 153
99 156
99 163
99 182
99 186
99 188
99 196
99 203
99 209
99 215
99 221
99 258
100 100
100 106
100 111
100 115
100 117
100 122
100 123
100 124
100 139
100 153
100 156
100 163
100 182
100 186
100 188
100 196
100 203
100 209
100 215
100 221
100 258
101 100
101 106
101 111
101 115
101 117
101 122
101 123
101 124
101 139
101 153
101 156
101 163
101 186
101 188
101 196
101 203
101 209
101 215
101 221
101 258
102 100
102 106
102 111
102 115
102 117
102 122
102 123
102 139
102 153
102 156
102 163
102 186
102 188
102 196
102 203
102 209
102 215
102 221
102 258
102 267
103 100
103 106
103 111
103 115
103 117
103 122
103 123
103 139
103 153
103 156
103 163
103 186
103 196
103 203
103 209
103 215
103 221
103 258
103 267
104 100
104 106
104 111
104 115
104 117
104 122
104 123
104 139
104 153
104 156
104 163
104 186
104 196
104 203
104 209
104 215
104 221
104 258
104 267
105 100
105 106
105 111
105 117
105 122
105 123
105 139
105 153
105 156
105 163
105 186
105 196
105 203
105 209
105 215
105 221
105 258
105 267
106 100
106 106
106 111
106 117
106 122
106 123
106 139
106 153
106 156
106 163
106 186
106 196
106 203
106 209
106 215
106 221
106 258
106 267
107 111
107 117
107 122
107 123
107 139
107 153
107 156
107 163
107 186
107 196
107 203
107 221
107 258
107 267
107 271
108 111
108 117
108 122
108 123
108 139
108 156
108 161
108 163
108 172
108 186
108 196
108 197
108 203
108 221
108 258
108 267
108 271
109 111
109 122
109 123
109 139
109 156
109 161
109 163
109 172
109 186
109 196
109 197
109 203
109 221
109 258
109 267
109 271
110 111
110 122
110 123
110 139
110 156
110 161
110 163
110 172
110 186
110 196
110 197
110 203
110 221
110 258
110 267
110 271
111 111
111 122
111 123
111 137
111 139
111 156
111 161
111 163
111 172
111 186
111 196
111 197
111 221
111 258
111 267
111 271
112 111
112 122
112 123
112 132
112 137
112 139
112 156
112 161
112 163
112 172
112 186
112 196
112 197
112 221
112 258
112 267
112 271
113 111
113 122
113 132
113 137
113 139
113 147
113 156
113 161
113 163
113 172
113 186
113 196
113 197
113 221
113 258
113 267
113 271
114 111
114 122
114 132
114 137
114 139
114 147
114 156
114 161
114 163
114 172
114 186
114 196
114 197
114 221
114 258
114 267
114 271
115 111
115 122
115 132
115 137
115 139
115 147
115 156
115 161
115 163
115 172
115 186
115 196
115 197
115 221
115 226
115 230
115 258
115 267
115 271
116 111
116 122
116 132
116 137
116 139
116 147
116 156
116 161
116 163
116 172
116 186
116 196
116 197
116 226
116 230
116 258
116 267
116 271
117 122
117 132
117 137
117 139
117 147
117 158
117 161
117 163
117 172
117 186
117 196
117 197
117 226
117 230
117 258
117 267
117 271
118 122
118 128
118 132
118 137
118 139
118 140
118 147
118 158
118 161
118 170
118 172
118 186
118 196
118 197
118 230
118 258
118 267
118 271
119 122
119 128
119 132
119 137
119 139
119 140
119 147
119 158
119 161
119 166
119 170
119 172
119 186
119 196
119 197
119 230
119 258
119 267
119 271
120 122
120 128
120 132
120 137
120 139
120 140
120 147
120 158
120 161
120 166
120 170
120 172
120 186
120 196
120 197
120 258
120 267
120 271
121 122
121 128
121 132
121 139
121 140
121 147
121 158
121 161
121 166
121 170
121 172
121 186
121 189
121 196
121 197
121 258
121 267
121 271
122 128
122 132
122 140
122 147
122 158
122 161
122 166
122 169
122 170
122 172
122 186
122 189
122 197
122 243
122 258
122 263
122 267
122 268
122 271
123 128
123 132
123 140
123 147
123 158
123 161
123 166
123 169
123 170
123 172
123 186
123 189
123 197
123 243
123 258
123 263
123 267
123 268
123 271
124 128
124 132
124 140
124 147
124 158
124 161
124 166
124 169
124 170
124 172
124 173
124 186
124 189
124 197
124 243
124 258
124 263
124 267
124 268
124 271
125 128
125 132
125 140
125 147
125 158
125 161
125 166
125 169
125 170
125 172
125 173
125 186
125 189
125 197
125 243
125 258
125 263
125 267
125 268
125 271
126 128
126 132
126 147
126 155
126 158
126 161
126 166
126 169
126 170
126 172
126 173
126 176
126 186
126 189
126 197
126 205
126 243
126 258
126 263
126 267
126 268
126 271
127 128
127 132
127 147
127 155
127 158
127 161
127 166
127 169
127 170
127 172
127 173
127 176
127 186
127 189
127 197
127 205
127 231
127 243
127 258
127 263
127 267
127 268
127 274
128 128
128 132
128 147
128 158
128 161
128 166
128 169
128 170
128 172
128 173
128 176
128 186
128 189
128 197
128 205
128 231
128 243
128 258
128 263
128 267
128 268
128 274
129 128
129 132
129 147
129 158
129 161
129 166
129 169
129 170
129 172
129 173
129 176
129 186
129 189
129 197
129 205
129 231
129 243
129 258
129 263
129 267
129 268
129 274
130 128
130 132
130 161
130 169
130 170
130 172
130 173
130 176
130 186
130 189
130 197
130 205
130 231
130 243
130 258
130 263
130 267
130 268
130 274
131 128
131 132
131 161
131 169
131 170
131 172
131 173
131 176
131 186
131 189
131 197
131 205
131 231
131 243
131 258
131 263
131 267
131 268
131 274
132 128
132 132
132 150
132 161
132 169
132 170
132 172
132 173
132 176
132 186
132 189
132 192
132 197
132 205
132 231
132 243
132 258
132 263
132 267
132 268
132 274
133 128
133 150
133 154
133 161
133 169
133 170
133 172
133 173
133 176
133 186
133 189
133 192
133 197
133 205
133 231
133 243
133 258
133 263
133 267
133 274
134 150
134 169
134 170
134 172
134 176
134 186
134 189
134 197
134 205
134 214
134 231
134 243
134 258
134 267
134 272
134 274
135 150
135 169
135 171
135 176
135 189
135 197
135 205
135 214
135 231
135 243
135 258
135 267
135 272
135 274
136 150
136 169
136 171
136 189
136 197
136 205
136 214
136 220
136 222
136 231
136 243
136 244
136 258
136 267
136 272
136 274
137 150
137 169
137 189
137 197
137 205
137 214
137 220
137 222
137 231
137 243
137 258
137 267
137 272
138 150
138 169
138 189
138 197
138 205
138 214
138 220
138 225
138 243
138 258
138 267
138 272
139 150
139 169
139 189
139 197
139 205
139 214
139 220
139 225
139 243
139 258
139 267
139 272
140 150
140 169
140 189
140 197
140 205
140 214
140 220
140 225
140 243
140 258
140 267
140 272
141 150
141 168
141 169
141 189
141 197
141 205
141 214
141 220
141 225
141 240
141 243
141 258
141 267
141 272
142 150
142 162
142 168
142 169
142 205
142 214
142 220
142 225
142 240
142 243
142 246
142 258
142 267
142 272
143 150
143 162
143 168
143 169
143 205
143 214
143 220
143 225
143 234
143 240
143 243
143 258
143 272
143 277
144 150
144 162
144 168
144 169
144 180
144 205
144 214
144 220
144 234
144 240
144 247
144 258
144 272
144 277
145 150
145 162
145 168
145 169
145 180
145 205
145 214
145 220
145 234
145 240
145 247
145 258
145 272
145 277
146 150
146 162
146 168
146 169
146 180
146 205
146 214
146 220
146 234
146 240
146 247
146 258
146 272
146 277
147 162
147 168
147 169
147 180
147 205
147 214
147 220
147 234
147 240
147 247
147 258
147 272
147 277
148 162
148 168
148 169
148 180
148 205
148 214
148 220
148 234
148 240
148 247
148 258
148 272
148 277
149 162
149 168
149 169
149 180
149 205
149 214
149 220
149 234
149 240
149 247
149 258
149 272
149 277
150 162
150 168
150 169
150 180
150 205
150 214
150 220
150 234
150 240
150 247
150 258
150 272
150 277
151 162
151 169
151 180
151 205
151 214
151 220
151 234
151 240
151 247
151 258
151 272
151 277
152 162
152 169
152 180
152 198
152 205
152 214
152 220
152 234
152 240
152 247
152 258
152 264
152 270
152 272
152 277
152 282
153 162
153 169
153 180
153 198
153 205
153 214
153 220
153 234
153 240
153 247
153 258
153 264
153 270
153 277
153 282
154 162
154 169
154 180
154 198
154 205
154 214
154 220
154 234
154 240
154 247
154 258
154 264
154 270
154 277
154 282
155 162
155 169
155 180
155 198
155 205
155 214
155 220
155 234
155 240
155 247
155 258
155 264
155 270
155 277
155 282
156 162
156 169
156 180
156 198
156 201
156 202
156 205
156 214
156 220
156 240
156 247
156 258
156 264
156 270
156 277
156 282
157 162
157 169
157 180
157 198
157 201
157 202
157 205
157 214
157 220
157 240
157 247
157 258
157 264
157 270
157 277
157 282
158 162
158 169
158 180
158 198
158 202
158 205
158 210
158 214
158 220
158 240
158 247
158 258
158 264
158 270
158 277
158 282
159 162
159 169
159 180
159 198
159 202
159 205
159 210
159 214
159 220
159 240
159 247
159 258
159 264
159 270
159 277
159 279
159 282
160 162
160 169
160 180
160 198
160 202
160 205
160 210
160 214
160 220
160 240
160 247
160 258
160 264
160 270
160 277
160 279
160 282
161 162
161 169
161 180
161 198
161 202
161 205
161 210
161 214
161 220
161 240
161 247
161 258
161 264
161 270
161 277
161 279
161 282
162 162
162 169
162 180
162 198
162 202
162 205
162 210
162 214
162 220
162 240
162 247
162 264
162 270
162 277
162 279
162 282
163 162
163 169
163 180
163 198
163 202
163 205
163 210
163 214
163 220
163 240
163 247
163 264
163 270
163 277
163 279
163 282
164 162
164 169
164 180
164 198
164 202
164 205
164 210
164 214
164 220
164 240
164 247
164 264
164 270
164 277
164 279
164 282
165 169
165 180
165 198
165 202
165 205
165 210
165 214
165 237
165 247
165 264
165 270
165 277
165 279
165 282
166 179
166 202
166 205
166 214
166 228
166 247
166 264
166 269
166 277
166 279
166 282
167 179
167 199
167 202
167 205
167 214
167 247
167 269
167 277
167 279
167 282
168 179
168 199
168 202
168 205
168 214
168 247
168 269
168 277
168 279
168 282
169 179
169 185
169 199
169 202
169 205
169 214
169 247
169 269
169 277
169 279
169 282
170 179
170 185
170 199
170 202
170 205
170 214
170 247
170 269
170 277
170 279
170 282
171 179
171 185
171 199
171 202
171 205
171 214
171 247
171 269
171 277
171 279
171 282
172 179
172 185
172 199
172 202
172 205
172 214
172 238
172 247
172 269
172 277
172 279
172 282
173 179
173 185
173 199
173 202
173 205
173 214
173 238
173 247
173 269
173 277
173 279
173 282
174 179
174 185
174 199
174 202
174 205
174 214
174 238
174 247
174 269
174 277
174 279
174 282
175 179
175 185
175 199
175 202
175 205
175 214
175 238
175 247
175 269
175 277
175 279
175 282
176 179
176 185
176 199
176 202
176 205
176 233
176 238
176 247
176 269
176 277
176 279
176 282
177 179
177 185
177 199
177 202
177 205
177 233
177 238
177 247
177 261
177 269
177 277
177 279
177 282
178 179
178 185
178 199
178 202
178 205
178 233
178 238
178 247
178 261
178 269
178 277
178 279
178 282
179 179
179 185
179 199
179 202
179 205
179 233
179 238
179 247
179 261
179 269
179 277
179 279
179 282
180 199
180 202
180 204
180 205
180 233
180 238
180 247
180 261
180 269
180 277
180 279
181 199
181 202
181 204
181 205
181 233
181 238
181 247
181 261
181 269
181 277
181 279
182 199
182 202
182 204
182 205
182 233
182 238
182 247
182 261
182 269
182 279
183 199
183 202
183 204
183 205
183 233
183 238
183 247
183 259
183 261
183 269
184 199
184 202
184 204
184 205
184 233
184 238
184 241
184 247
184 259
184 261
184 269
185 199
185 202
185 204
185 205
185 233
185 241
185 247
185 253
185 259
185 261
185 269
186 199
186 202
186 204
186 205
186 233
186 241
186 247
186 253
186 259
186 261
186 269
187 199
187 202
187 204
187 205
187 233
187 241
187 247
187 253
187 259
187 261
187 269
188 199
188 204
188 205
188 223
188 233
188 241
188 247
188 253
188 259
188 261
188 269
189 199
189 204
189 205
189 223
189 233
189 241
189 247
189 253
189 259
189 261
189 269
190 199
190 204
190 205
190 233
190 241
190 247
190 253
190 259
190 261
190 269
191 204
191 205
191 241
191 247
191 253
191 259
191 261
191 269
192 204
192 205
192 241
192 247
192 253
192 259
192 261
192 269
193 204
193 205
193 241
193 247
193 253
193 259
193 261
193 269
194 205
194 241
194 247
194 249
194 253
194 259
194 261
194 269
195 205
195 241
195 247
195 249
195 253
195 259
195 261
195 269
196 205
196 241
196 247
196 249
196 253
196 259
196 261
196 269
197 205
197 241
197 247
197 249
197 253
197 259
197 261
197 269
198 205
198 241
198 247
198 249
198 253
198 259
198 261
198 269
199 205
199 241
199 247
199 249
199 253
199 259
199 261
199 269
200 205
200 241
200 247
200 249
200 253
200 259
200 261
200 269
201 205
201 241
201 247
201 249
201 253
201 259
201 261
201 269
202 205
202 241
202 247
202 249
202 253
202 259
202 261
202 269
203 205
203 241
203 247
203 249
203 253
203 259
203 261
203 269
204 205
204 241
204 247
204 249
204 253
204 259
204 261
204 269
205 205
205 241
205 247
205 249
205 253
205 259
205 261
205 269
206 205
206 241
206 247
206 249
206 253
206 259
206 261
206 269
207 205
207 241
207 247
207 249
207 253
207 259
207 261
207 269
208 205
208 247
208 249
208 253
208 259
208 261
208 269
209 205
209 247
209 249
209 253
209 259
209 261
209 269
210 205
210 247
210 249
210 253
210 259
210 261
210 269
211 205
211 247
211 253
211 259
211 261
212 205
212 247
212 253
212 259
212 261
213 205
213 247
213 253
213 259
213 261
214 205
214 239
214 247
214 253
214 259
214 261
215 205
215 239
215 247
215 253
215 259
215 261
216 205
216 239
216 247
216 253
216 259
216 261
217 205
217 239
217 247
217 253
217 259
217 261
218 205
218 239
218 247
218 253
218 259
218 261
219 205
219 239
219 247
219 259
219 261
220 239
220 247
220 259
220 261
221 239
221 247
221 259
221 261
222 239
222 247
222 259
222 261
223 239
223 247
223 259
223 261
224 239
224 247
224 259
224 261
225 239
225 247
225 251
225 259
225 261
226 247
226 251
226 259
226 261
227 247
227 251
227 259
227 261
228 247
228 251
228 261
229 247
229 251
229 261
229 281
230 247
230 251
230 261
230 281
231 247
231 251
231 261
231 276
231 281
232 247
232 251
232 261
232 276
232 281
232 284
233 247
233 251
233 261
233 276
233 281
233 284
234 247
234 251
234 261
234 276
234 281
234 284
235 247
235 251
235 261
235 276
235 281
235 284
236 247
236 251
236 261
236 276
236 281
236 284
237 247
237 251
237 261
237 276
237 281
237 284
238 247
238 251
238 261
238 276
238 281
238 284
239 247
239 251
239 261
239 276
239 281
239 284
240 247
240 251
240 257
240 261
240 276
240 284
241 247
241 251
241 257
241 261
241 276
241 284
242 247
242 251
242 257
242 261
242 276
242 284
243 251
243 261
243 276
243 284
244 251
244 261
244 276
244 284
245 251
245 261
245 276
245 284
246 251
246 261
246 276
246 284
247 251
247 261
247 276
247 284
248 251
248 261
248 276
248 284
249 251
249 261
249 276
249 284
250 251
250 261
250 276
250 284
251 251
251 261
251 276
251 284
252 251
252 261
252 276
252 284
253 261
253 276
253 284
254 261
254 276
254 284
255 261
255 276
255 284
256 261
256 276
256 284
257 276
258 276
259 276
260 276
261 276
262 276
263 276
264 276
265 276
