1 3
2 251
3 14
3 28
3 241
3 251
4 14
4 28
4 214
4 241
4 251
5 6
5 14
5 28
5 31
5 56
5 149
5 156
5 188
5 214
5 241
5 251
6 7
6 8
6 19
6 20
6 28
6 31
6 46
6 98
6 117
6 132
6 149
6 153
6 156
6 188
6 211
6 251
7 8
7 21
7 40
7 50
7 117
7 143
7 145
7 153
7 156
7 188
7 211
7 251
7 252
8 8
8 21
8 40
8 50
8 117
8 143
8 145
8 153
8 156
8 188
8 211
8 251
8 252
9 12
9 22
9 29
9 35
9 39
9 40
9 50
9 53
9 55
9 64
9 78
9 97
9 99
9 117
9 129
9 135
9 143
9 145
9 152
9 153
9 156
9 188
9 211
9 221
9 251
9 252
9 253
10 12
10 22
10 29
10 35
10 39
10 40
10 50
10 53
10 55
10 64
10 78
10 97
10 99
10 117
10 129
10 135
10 143
10 145
10 152
10 153
10 156
10 188
10 211
10 221
10 251
10 252
10 253
11 12
11 22
11 29
11 35
11 39
11 40
11 50
11 53
11 55
11 64
11 78
11 97
11 99
11 110
11 117
11 129
11 135
11 143
11 145
11 152
11 153
11 156
11 188
11 211
11 221
11 251
11 252
11 253
12 12
12 22
12 29
12 35
12 39
12 40
12 50
12 53
12 55
12 64
12 78
12 97
12 99
12 110
12 117
12 129
12 135
12 143
12 145
12 152
12 153
12 156
12 188
12 211
12 221
12 251
12 252
12 253
13 13
13 26
13 29
13 35
13 39
13 40
13 50
13 53
13 64
13 66
13 99
13 110
13 117
13 118
13 129
13 135
13 143
13 145
13 152
13 153
13 188
13 211
13 221
13 251
13 252
13 253
14 13
14 26
14 29
14 35
14 39
14 40
14 50
14 53
14 64
14 66
14 99
14 110
14 117
14 118
14 129
14 135
14 143
14 145
14 152
14 153
14 188
14 211
14 221
14 251
14 252
14 253
15 18
15 25
15 26
15 40
15 49
15 50
15 51
15 53
15 59
15 64
15 66
15 110
15 118
15 129
15 135
15 140
15 143
15 145
15 152
15 188
15 211
15 212
15 224
15 251
15 252
15 253
15 271
16 18
16 25
16 26
16 40
16 43
16 50
16 51
16 53
16 66
16 110
16 118
16 129
16 135
16 140
16 143
16 145
16 152
16 188
16 211
16 212
16 224
16 251
16 252
16 253
16 271
17 18
17 25
17 26
17 40
17 43
17 50
17 51
17 53
17 66
17 110
17 118
17 129
17 135
17 140
17 143
17 145
17 152
17 188
17 211
17 212
17 224
17 251
17 252
17 253
17 271
18 24
18 25
18 26
18 27
18 40
18 42
18 43
18 50
18 51
18 66
18 110
18 118
18 129
18 140
18 143
18 145
18 152
18 188
18 211
18 212
18 224
18 251
18 252
18 253
18 271
19 24
19 27
19 40
19 42
19 43
19 50
19 51
19 66
19 110
19 118
19 129
19 140
19 143
19 145
19 152
19 188
19 211
19 212
19 224
19 251
19 252
19 253
19 271
20 24
20 27
20 36
20 38
20 41
20 42
20 43
20 50
20 51
20 66
20 110
20 118
20 129
20 140
20 143
20 145
20 152
20 167
20 188
20 211
20 212
20 224
20 251
20 252
20 253
20 271
21 34
21 41
21 43
21 50
21 51
21 66
21 73
21 100
21 118
21 129
21 140
21 143
21 145
21 152
21 164
21 167
21 188
21 211
21 212
21 224
21 237
21 251
21 252
21 253
21 271
21 282
22 34
22 41
22 43
22 50
22 51
22 66
22 73
22 100
22 102
22 118
22 129
22 140
22 143
22 145
22 152
22 164
22 167
22 188
22 211
22 212
22 224
22 237
22 251
22 252
22 253
22 271
22 282
23 33
23 34
23 43
23 51
23 65
23 73
23 100
23 102
23 118
23 129
23 140
23 143
23 145
23 152
23 164
23 167
23 188
23 211
23 212
23 224
23 237
23 240
23 251
23 252
23 253
23 271
23 278
24 30
24 33
24 43
24 51
24 73
24 100
24 118
24 123
24 129
24 140
24 141
24 143
24 145
24 152
24 164
24 167
24 188
24 211
24 212
24 224
24 237
24 240
24 251
24 252
24 253
24 271
24 278
25 30
25 51
25 73
25 76
25 118
25 123
25 140
25 141
25 145
25 152
25 164
25 167
25 188
25 211
25 212
25 224
25 237
25 240
25 251
25 252
25 253
25 271
25 278
26 51
26 57
26 73
26 76
26 88
26 112
26 118
26 123
26 140
26 141
26 145
26 152
26 164
26 167
26 188
26 211
26 212
26 224
26 237
26 240
26 251
26 252
26 253
26 271
27 44
27 68
27 73
27 76
27 83
27 88
27 112
27 126
27 140
27 141
27 152
27 161
27 164
27 167
27 186
27 188
27 212
27 224
27 240
27 251
27 252
27 253
27 271
27 273
28 44
28 68
28 73
28 76
28 83
28 88
28 112
28 126
28 140
28 141
28 152
28 161
28 164
28 167
28 186
28 188
28 212
28 224
28 240
28 251
28 252
28 253
28 271
28 273
29 37
29 44
29 61
29 73
29 76
29 83
29 88
29 112
29 126
29 140
29 141
29 148
29 152
29 161
29 164
29 167
29 186
29 188
29 212
29 224
29 235
29 240
29 251
29 252
29 253
29 271
29 273
30 37
30 44
30 45
30 61
30 73
30 76
30 83
30 88
30 112
30 126
30 140
30 141
30 148
30 152
30 161
30 164
30 167
30 186
30 188
30 212
30 224
30 235
30 240
30 251
30 252
30 253
30 261
30 271
30 273
31 37
31 44
31 45
31 61
31 73
31 76
31 83
31 88
31 112
31 126
31 140
31 141
31 148
31 152
31 161
31 164
31 167
31 186
31 188
31 212
31 224
31 235
31 240
31 251
31 252
31 253
31 261
31 271
31 273
32 37
32 44
32 45
32 61
32 73
32 76
32 83
32 88
32 112
32 126
32 140
32 141
32 148
32 152
32 161
32 164
32 167
32 186
32 188
32 212
32 224
32 235
32 240
32 251
32 252
32 253
32 261
32 271
32 273
33 44
33 45
33 61
33 73
33 76
33 83
33 88
33 112
33 126
33 141
33 148
33 152
33 161
33 164
33 167
33 186
33 188
33 212
33 224
33 235
33 240
33 251
33 252
33 253
33 261
33 271
33 273
34 44
34 45
34 61
34 73
34 76
34 83
34 88
34 112
34 126
34 141
34 148
34 152
34 161
34 164
34 167
34 186
34 188
34 212
34 224
34 235
34 240
34 251
34 252
34 253
34 261
34 271
34 273
35 44
35 45
35 61
35 73
35 76
35 83
35 88
35 112
35 126
35 141
35 148
35 152
35 161
35 164
35 188
35 212
35 224
35 235
35 240
35 251
35 252
35 253
35 261
35 271
35 273
36 44
36 45
36 61
36 73
36 83
36 88
36 112
36 126
36 141
36 148
36 152
36 161
36 164
36 188
36 212
36 224
36 235
36 240
36 251
36 252
36 253
36 261
36 271
36 273
37 44
37 61
37 73
37 83
37 88
37 112
37 126
37 152
37 161
37 164
37 188
37 212
37 224
37 235
37 240
37 251
37 252
37 253
37 261
37 271
37 273
38 61
38 73
38 83
38 88
38 94
38 112
38 126
38 152
38 161
38 164
38 188
38 208
38 212
38 224
38 235
38 240
38 251
38 252
38 253
38 261
38 271
38 273
39 61
39 62
39 72
39 83
39 88
39 94
39 112
39 125
39 126
39 152
39 161
39 164
39 188
39 208
39 212
39 224
39 235
39 240
39 251
39 252
39 253
39 271
39 273
40 60
40 61
40 62
40 63
40 72
40 83
40 93
40 94
40 112
40 125
40 126
40 152
40 164
40 188
40 206
40 208
40 212
40 224
40 235
40 240
40 251
40 252
40 253
40 271
40 273
41 60
41 61
41 62
41 63
41 72
41 83
41 93
41 94
41 112
41 125
41 126
41 152
41 164
41 188
41 206
41 208
41 212
41 224
41 235
41 240
41 251
41 252
41 253
41 271
41 273
42 60
42 61
42 62
42 63
42 72
42 83
42 84
42 94
42 112
42 115
42 125
42 126
42 152
42 164
42 188
42 206
42 208
42 212
42 235
42 240
42 251
42 252
42 253
42 265
42 271
42 273
43 61
43 62
43 63
43 72
43 83
43 84
43 94
43 112
43 115
43 125
43 126
43 127
43 152
43 164
43 188
43 206
43 208
43 212
43 235
43 240
43 251
43 253
43 265
43 271
43 273
44 61
44 62
44 63
44 72
44 80
44 83
44 84
44 92
44 94
44 112
44 115
44 125
44 126
44 127
44 152
44 164
44 206
44 208
44 212
44 234
44 235
44 240
44 251
44 253
44 265
44 271
44 273
45 61
45 62
45 63
45 72
45 80
45 83
45 84
45 92
45 94
45 112
45 115
45 125
45 126
45 127
45 152
45 164
45 206
45 208
45 212
45 234
45 235
45 240
45 251
45 253
45 265
45 271
45 273
46 52
46 61
46 62
46 63
46 72
46 80
46 83
46 84
46 92
46 94
46 112
46 115
46 125
46 127
46 164
46 206
46 208
46 212
46 227
46 234
46 235
46 240
46 251
46 253
46 265
46 271
46 273
47 52
47 61
47 62
47 63
47 71
47 72
47 80
47 83
47 84
47 92
47 94
47 112
47 115
47 125
47 127
47 164
47 206
47 208
47 212
47 227
47 234
47 235
47 240
47 251
47 253
47 265
47 271
47 273
48 52
48 61
48 62
48 63
48 71
48 72
48 80
48 83
48 84
48 92
48 94
48 95
48 112
48 115
48 125
48 127
48 164
48 206
48 208
48 212
48 227
48 234
48 235
48 240
48 251
48 265
48 271
48 273
49 52
49 58
49 62
49 71
49 72
49 80
49 83
49 84
49 92
49 94
49 95
49 112
49 125
49 199
49 205
49 208
49 212
49 227
49 234
49 235
49 240
49 251
49 265
49 271
49 273
50 52
50 58
50 62
50 71
50 72
50 80
50 83
50 84
50 94
50 95
50 101
50 112
50 125
50 199
50 205
50 208
50 212
50 227
50 234
50 235
50 240
50 251
50 265
50 271
50 273
51 52
51 62
51 70
51 71
51 72
51 80
51 83
51 94
51 95
51 101
51 105
51 112
51 121
51 125
51 157
51 199
51 205
51 208
51 212
51 227
51 235
51 240
51 251
51 254
51 265
51 271
51 273
52 52
52 62
52 70
52 71
52 72
52 80
52 83
52 94
52 95
52 101
52 105
52 112
52 125
52 157
52 199
52 205
52 208
52 212
52 227
52 235
52 240
52 251
52 254
52 265
52 271
52 273
53 52
53 62
53 70
53 71
53 72
53 80
53 83
53 94
53 95
53 101
53 105
53 112
53 125
53 157
53 199
53 205
53 208
53 212
53 227
53 235
53 240
53 251
53 254
53 265
53 271
53 273
54 71
54 72
54 80
54 83
54 101
54 105
54 112
54 125
54 199
54 205
54 208
54 212
54 220
54 227
54 235
54 240
54 251
54 254
54 265
54 271
54 273
54 275
55 71
55 72
55 80
55 83
55 101
55 105
55 112
55 178
55 199
55 205
55 208
55 212
55 220
55 227
55 235
55 240
55 251
55 254
55 265
55 271
55 273
55 275
56 71
56 72
56 80
56 83
56 101
56 105
56 112
56 178
56 199
56 205
56 208
56 212
56 220
56 227
56 235
56 240
56 251
56 254
56 265
56 271
56 273
56 275
57 71
57 72
57 80
57 82
57 83
57 101
57 105
57 112
57 178
57 199
57 202
57 205
57 208
57 212
57 220
57 227
57 235
57 240
57 251
57 254
57 265
57 271
57 273
57 275
58 71
58 72
58 80
58 82
58 83
58 101
58 105
58 112
58 178
58 184
58 196
58 199
58 202
58 205
58 208
58 212
58 220
58 227
58 235
58 240
58 251
58 254
58 265
58 271
58 273
58 275
59 72
59 74
59 80
59 82
59 83
59 105
59 112
59 171
59 173
59 178
59 184
59 202
59 205
59 208
59 212
59 220
59 240
59 254
59 265
59 271
59 273
60 67
60 72
60 74
60 82
60 83
60 85
60 89
60 90
60 105
60 112
60 130
60 171
60 173
60 178
60 184
60 202
60 205
60 208
60 212
60 220
60 229
60 240
60 254
60 262
60 265
60 271
60 273
61 74
61 82
61 83
61 85
61 89
61 90
61 105
61 112
61 122
61 130
61 171
61 173
61 178
61 184
61 202
61 205
61 208
61 212
61 220
61 229
61 240
61 254
61 262
61 265
61 271
61 273
62 74
62 83
62 85
62 90
62 105
62 122
62 130
62 134
62 171
62 178
62 184
62 202
62 205
62 208
62 212
62 220
62 229
62 240
62 254
62 262
62 265
62 271
62 273
63 74
63 81
63 85
63 90
63 91
63 105
63 122
63 124
63 130
63 134
63 171
63 178
63 183
63 184
63 197
63 202
63 205
63 208
63 212
63 220
63 229
63 240
63 262
63 265
63 271
63 273
64 69
64 79
64 85
64 90
64 91
64 96
64 105
64 122
64 124
64 130
64 134
64 171
64 178
64 183
64 184
64 197
64 202
64 205
64 208
64 212
64 220
64 229
64 240
64 262
64 265
64 271
64 273
65 69
65 79
65 90
65 91
65 96
65 105
65 122
65 124
65 130
65 134
65 171
65 183
65 184
65 197
65 202
65 205
65 208
65 212
65 220
65 229
65 240
65 262
65 265
65 271
65 273
66 69
66 79
66 90
66 91
66 96
66 104
66 105
66 122
66 124
66 134
66 154
66 162
66 171
66 183
66 184
66 202
66 205
66 208
66 212
66 220
66 229
66 240
66 262
66 265
66 271
66 272
66 273
67 69
67 75
67 79
67 87
67 90
67 91
67 96
67 104
67 105
67 108
67 122
67 124
67 134
67 154
67 171
67 183
67 184
67 205
67 208
67 209
67 212
67 220
67 229
67 240
67 262
67 271
67 272
67 273
68 69
68 75
68 79
68 87
68 90
68 91
68 96
68 104
68 105
68 108
68 113
68 122
68 124
68 134
68 154
68 171
68 183
68 184
68 205
68 208
68 209
68 212
68 220
68 229
68 240
68 262
68 271
68 272
68 273
69 75
69 79
69 86
69 87
69 91
69 96
69 104
69 105
69 108
69 113
69 122
69 124
69 134
69 154
69 171
69 183
69 184
69 205
69 208
69 209
69 212
69 216
69 220
69 229
69 240
69 262
69 272
69 273
69 280
70 75
70 79
70 86
70 87
70 91
70 96
70 104
70 105
70 108
70 113
70 122
70 124
70 133
70 134
70 154
70 171
70 177
70 183
70 184
70 205
70 209
70 212
70 216
70 220
70 229
70 240
70 262
70 267
70 272
70 273
70 280
71 79
71 87
71 91
71 96
71 104
71 105
71 108
71 113
71 122
71 124
71 133
71 134
71 139
71 154
71 171
71 177
71 183
71 184
71 205
71 209
71 216
71 220
71 229
71 240
71 249
71 262
71 267
71 272
71 273
71 280
72 79
72 87
72 91
72 96
72 104
72 105
72 108
72 113
72 122
72 124
72 134
72 139
72 154
72 171
72 177
72 183
72 184
72 190
72 205
72 209
72 216
72 220
72 229
72 240
72 249
72 262
72 267
72 272
72 273
72 280
73 87
73 91
73 96
73 104
73 105
73 108
73 113
73 122
73 124
73 131
73 134
73 139
73 154
73 171
73 177
73 183
73 184
73 190
73 205
73 209
73 216
73 220
73 229
73 240
73 249
73 262
73 267
73 272
73 273
73 280
74 87
74 91
74 96
74 104
74 105
74 108
74 113
74 122
74 124
74 131
74 134
74 139
74 154
74 171
74 177
74 183
74 184
74 190
74 205
74 209
74 216
74 220
74 229
74 240
74 249
74 262
74 267
74 272
74 273
74 280
75 87
75 91
75 96
75 104
75 105
75 108
75 113
75 122
75 131
75 134
75 139
75 171
75 177
75 183
75 184
75 189
75 190
75 205
75 209
75 216
75 220
75 229
75 240
75 249
75 262
75 267
75 272
75 273
75 280
76 87
76 91
76 96
76 104
76 105
76 107
76 108
76 113
76 122
76 131
76 134
76 139
76 171
76 177
76 183
76 184
76 189
76 190
76 205
76 209
76 216
76 220
76 229
76 240
76 249
76 262
76 267
76 272
76 273
76 280
77 87
77 91
77 96
77 104
77 105
77 107
77 108
77 113
77 122
77 131
77 134
77 139
77 171
77 177
77 183
77 184
77 189
77 190
77 205
77 209
77 216
77 220
77 229
77 240
77 249
77 262
77 267
77 272
77 273
77 280
78 87
78 91
78 103
78 104
78 108
78 113
78 131
78 134
78 139
78 171
78 177
78 183
78 184
78 185
78 187
78 189
78 190
78 205
78 209
78 216
78 229
78 238
78 240
78 249
78 262
78 267
78 272
78 273
78 280
79 87
79 91
79 103
79 104
79 108
79 113
79 131
79 134
79 139
79 171
79 177
79 183
79 184
79 185
79 187
79 189
79 190
79 205
79 209
79 216
79 229
79 238
79 240
79 249
79 262
79 267
79 272
79 273
79 280
80 87
80 91
80 104
80 113
80 131
80 134
80 139
80 166
80 171
80 177
80 183
80 184
80 185
80 187
80 189
80 190
80 205
80 209
80 216
80 229
80 233
80 238
80 240
80 249
80 262
80 272
80 273
80 280
81 87
81 91
81 104
81 131
81 134
81 139
81 166
81 171
81 176
81 177
81 183
81 184
81 185
81 187
81 189
81 190
81 205
81 209
81 216
81 229
81 233
81 238
81 240
81 249
81 262
81 272
81 273
81 280
82 87
82 91
82 104
82 131
82 134
82 139
82 166
82 171
82 176
82 177
82 183
82 184
82 185
82 187
82 189
82 190
82 205
82 209
82 216
82 229
82 233
82 238
82 240
82 249
82 262
82 272
82 273
82 280
83 87
83 91
83 104
83 131
83 134
83 139
83 166
83 171
83 176
83 177
83 183
83 184
83 185
83 187
83 189
83 190
83 205
83 209
83 216
83 229
83 233
83 238
83 240
83 249
83 262
83 272
83 273
83 280
84 87
84 91
84 104
84 119
84 131
84 134
84 139
84 166
84 171
84 176
84 177
84 183
84 184
84 185
84 187
84 189
84 190
84 205
84 209
84 216
84 226
84 229
84 233
84 238
84 240
84 249
84 262
84 272
84 273
84 280
85 87
85 91
85 104
85 119
85 131
85 134
85 139
85 166
85 171
85 176
85 177
85 183
85 184
85 185
85 187
85 189
85 190
85 205
85 209
85 216
85 226
85 229
85 233
85 238
85 240
85 249
85 262
85 272
85 273
85 280
86 87
86 91
86 104
86 119
86 131
86 134
86 139
86 166
86 171
86 176
86 177
86 183
86 184
86 185
86 187
86 189
86 190
86 205
86 209
86 216
86 226
86 229
86 233
86 238
86 240
86 249
86 262
86 272
86 273
86 280
87 87
87 91
87 104
87 119
87 131
87 134
87 139
87 166
87 171
87 176
87 177
87 183
87 184
87 185
87 187
87 189
87 190
87 205
87 209
87 216
87 226
87 229
87 233
87 238
87 240
87 249
87 262
87 272
87 273
87 280
88 87
88 91
88 104
88 131
88 134
88 139
88 166
88 171
88 176
88 177
88 183
88 184
88 185
88 187
88 189
88 190
88 205
88 209
88 216
88 226
88 229
88 233
88 238
88 240
88 249
88 262
88 272
88 273
88 280
89 87
89 91
89 104
89 131
89 134
89 139
89 166
89 171
89 176
89 177
89 183
89 184
89 185
89 187
89 189
89 190
89 205
89 209
89 216
89 226
89 229
89 233
89 238
89 240
89 249
89 262
89 272
89 273
89 280
90 91
90 104
90 109
90 131
90 134
90 137
90 139
90 142
90 166
90 171
90 176
90 177
90 183
90 184
90 185
90 187
90 189
90 190
90 205
90 209
90 216
90 226
90 229
90 233
90 238
90 240
90 249
90 262
90 272
90 273
90 280
91 91
91 104
91 109
91 131
91 134
91 137
91 139
91 142
91 166
91 171
91 176
91 183
91 184
91 185
91 187
91 189
91 190
91 205
91 209
91 216
91 226
91 229
91 233
91 238
91 240
91 249
91 262
91 272
91 273
91 280
92 91
92 104
92 109
92 131
92 134
92 137
92 139
92 142
92 166
92 171
92 172
92 176
92 183
92 184
92 185
92 187
92 189
92 190
92 205
92 209
92 216
92 226
92 229
92 233
92 238
92 240
92 249
92 262
92 272
92 273
92 280
93 91
93 104
93 109
93 134
93 137
93 139
93 142
93 168
93 171
93 172
93 176
93 184
93 185
93 187
93 189
93 190
93 198
93 205
93 216
93 226
93 229
93 233
93 238
93 240
93 249
93 262
93 272
93 273
93 274
93 280
94 91
94 104
94 109
94 134
94 137
94 139
94 142
94 168
94 171
94 172
94 176
94 184
94 185
94 187
94 189
94 190
94 198
94 205
94 216
94 226
94 229
94 233
94 238
94 240
94 249
94 262
94 272
94 273
94 274
94 280
95 91
95 104
95 109
95 134
95 137
95 139
95 142
95 150
95 158
95 168
95 171
95 172
95 176
95 184
95 185
95 187
95 189
95 190
95 198
95 205
95 216
95 226
95 229
95 238
95 240
95 249
95 272
95 273
95 274
95 280
96 91
96 104
96 109
96 134
96 137
96 139
96 142
96 150
96 158
96 168
96 171
96 172
96 176
96 184
96 185
96 187
96 189
96 190
96 198
96 205
96 216
96 226
96 229
96 238
96 240
96 249
96 272
96 273
96 274
96 280
97 91
97 104
97 109
97 134
97 137
97 139
97 142
97 150
97 158
97 168
97 171
97 172
97 176
97 185
97 187
97 189
97 190
97 198
97 205
97 216
97 226
97 229
97 238
97 240
97 249
97 272
97 273
97 274
97 280
98 91
98 134
98 137
98 139
98 142
98 150
98 158
98 168
98 171
98 189
98 190
98 198
98 205
98 226
98 229
98 238
98 240
98 249
98 272
98 273
98 274
98 280
99 91
99 128
99 134
99 137
99 139
99 142
99 150
99 158
99 168
99 171
99 189
99 190
99 198
99 205
99 226
99 229
99 238
99 240
99 249
99 272
99 273
99 274
99 280
100 91
100 128
100 134
100 137
100 139
100 142
100 150
100 158
100 168
100 171
100 189
100 190
100 198
100 205
100 226
100 229
100 238
100 240
100 249
100 272
100 273
100 274
100 280
101 91
101 116
101 120
101 128
101 137
101 139
101 142
101 150
101 158
101 168
101 171
101 189
101 190
101 198
101 205
101 226
101 229
101 238
101 240
101 249
101 272
101 273
101 274
101 280
102 91
102 116
102 120
102 128
102 137
102 139
102 142
102 150
102 158
102 168
102 171
102 189
102 190
102 198
102 205
102 226
102 229
102 238
102 240
102 249
102 272
102 273
102 274
102 280
103 116
103 120
103 128
103 137
103 142
103 147
103 150
103 158
103 171
103 189
103 190
103 198
103 205
103 226
103 229
103 238
103 249
103 272
103 273
103 274
103 280
104 120
104 128
104 138
104 142
104 147
104 150
104 158
104 171
104 190
104 205
104 226
104 229
104 249
104 272
104 273
104 274
104 280
105 120
105 128
105 138
105 142
105 147
105 158
105 171
105 190
105 205
105 226
105 229
105 249
105 272
105 274
105 280
106 120
106 128
106 138
106 142
106 147
106 158
106 171
106 190
106 205
106 226
106 229
106 249
106 272
106 274
106 280
107 120
107 128
107 138
107 142
107 147
107 158
107 171
107 190
107 205
107 226
107 229
107 249
107 272
107 274
107 280
108 120
108 136
108 138
108 142
108 147
108 158
108 171
108 190
108 205
108 226
108 229
108 245
108 249
108 272
108 274
108 280
109 120
109 136
109 138
109 142
109 147
109 158
109 171
109 190
109 205
109 226
109 245
109 249
109 272
109 274
109 280
110 120
110 136
110 138
110 142
110 147
110 158
110 171
110 190
110 205
110 226
110 245
110 249
110 272
110 274
110 280
111 120
111 136
111 138
111 142
111 147
111 158
111 171
111 190
111 193
111 205
111 226
111 245
111 249
111 272
111 274
111 280
112 120
112 136
112 138
112 142
112 147
112 158
112 171
112 190
112 193
112 205
112 226
112 245
112 249
112 272
112 274
112 280
113 120
113 136
113 138
113 142
113 147
113 158
113 169
113 190
113 193
113 205
113 226
113 245
113 249
113 272
113 274
113 280
114 120
114 136
114 138
114 142
114 147
114 158
114 169
114 190
114 193
114 205
114 226
114 245
114 249
114 272
114 274
114 280
115 120
115 136
115 138
115 142
115 147
115 158
115 169
115 190
115 193
115 205
115 226
115 245
115 249
115 272
115 274
115 280
116 120
116 136
116 138
116 142
116 147
116 158
116 163
116 169
116 181
116 190
116 205
116 226
116 245
116 249
116 272
116 274
116 280
117 120
117 136
117 138
117 142
117 147
117 158
117 163
117 169
117 181
117 190
117 205
117 226
117 245
117 249
117 272
117 274
117 280
118 120
118 136
118 138
118 142
118 147
118 158
118 163
118 169
118 181
118 190
118 205
118 226
118 245
118 249
118 272
118 274
118 280
119 120
119 136
119 138
119 144
119 147
119 158
119 163
119 169
119 174
119 179
119 181
119 190
119 205
119 245
119 249
119 272
119 274
119 280
120 120
120 138
120 144
120 147
120 158
120 163
120 169
120 174
120 179
120 181
120 190
120 205
120 245
120 249
120 250
120 272
120 274
120 280
121 120
121 138
121 144
121 147
121 158
121 163
121 169
121 174
121 179
121 181
121 190
121 205
121 245
121 249
121 250
121 272
121 274
121 280
122 120
122 138
122 144
122 147
122 163
122 169
122 174
122 179
122 181
122 190
122 205
122 245
122 249
122 250
122 272
122 274
122 280
123 120
123 138
123 144
123 147
123 163
123 169
123 174
123 179
123 181
123 190
123 205
123 245
123 249
123 250
123 272
123 274
123 280
124 120
124 138
124 144
124 147
124 163
124 174
124 179
124 181
124 190
124 205
124 245
124 250
124 272
124 274
124 280
125 120
125 138
125 144
125 146
125 147
125 163
125 174
125 179
125 181
125 190
125 205
125 207
125 213
125 223
125 245
125 250
125 272
125 274
125 280
126 120
126 144
126 146
126 147
126 163
126 174
126 179
126 181
126 190
126 205
126 207
126 213
126 223
126 245
126 250
126 260
126 272
126 274
126 280
127 120
127 144
127 146
127 147
127 163
127 174
127 179
127 181
127 190
127 205
127 207
127 213
127 223
127 245
127 250
127 259
127 260
127 274
127 280
128 120
128 144
128 146
128 147
128 163
128 174
128 179
128 181
128 190
128 205
128 207
128 213
128 223
128 245
128 250
128 259
128 260
128 274
128 280
129 120
129 144
129 146
129 147
129 163
129 174
129 179
129 181
129 190
129 205
129 207
129 213
129 223
129 245
129 250
129 259
129 260
129 274
129 280
130 120
130 144
130 146
130 147
130 163
130 165
130 174
130 179
130 181
130 190
130 194
130 205
130 207
130 213
130 219
130 223
130 243
130 245
130 250
130 259
130 260
130 274
130 280
131 120
131 144
131 146
131 147
131 163
131 165
131 174
131 179
131 181
131 190
131 194
131 205
131 207
131 213
131 219
131 223
131 243
131 245
131 250
131 259
131 260
131 274
131 280
132 120
132 146
132 147
132 163
132 165
132 174
132 179
132 181
132 190
132 194
132 205
132 207
132 213
132 219
132 223
132 243
132 245
132 250
132 259
132 260
132 274
132 280
133 120
133 146
133 147
133 163
133 165
133 174
133 179
133 181
133 190
133 194
133 205
133 207
133 213
133 219
133 223
133 243
133 245
133 250
133 259
133 260
133 274
133 280
134 146
134 147
134 163
134 165
134 174
134 179
134 181
134 190
134 194
134 205
134 207
134 219
134 223
134 243
134 245
134 250
134 259
134 260
134 268
134 274
134 280
135 146
135 147
135 163
135 165
135 174
135 179
135 190
135 194
135 205
135 207
135 219
135 223
135 243
135 245
135 250
135 259
135 260
135 268
135 274
135 280
136 146
136 147
136 163
136 165
136 174
136 179
136 190
136 194
136 205
136 219
136 223
136 228
136 243
136 245
136 250
136 259
136 260
136 268
136 274
136 280
137 146
137 147
137 165
137 174
137 179
137 190
137 194
137 205
137 219
137 223
137 225
137 228
137 243
137 245
137 259
137 260
137 268
137 274
137 280
138 146
138 147
138 165
138 174
138 179
138 190
138 194
138 205
138 219
138 223
138 228
138 243
138 245
138 259
138 260
138 268
138 274
138 280
139 146
139 147
139 165
139 174
139 179
139 190
139 194
139 205
139 219
139 223
139 228
139 243
139 245
139 259
139 260
139 268
139 274
139 280
140 146
140 147
140 155
140 165
140 174
140 179
140 190
140 194
140 205
140 219
140 223
140 228
140 243
140 245
140 259
140 260
140 268
140 274
140 280
141 146
141 147
141 155
141 165
141 174
141 179
141 182
141 190
141 194
141 205
141 219
141 223
141 228
141 243
141 245
141 259
141 260
141 268
141 269
141 274
141 280
142 146
142 147
142 155
142 160
142 165
142 179
142 182
142 192
142 194
142 205
142 219
142 223
142 243
142 245
142 258
142 259
142 260
142 269
142 274
142 280
142 283
143 146
143 147
143 155
143 160
143 165
143 179
143 182
143 192
143 194
143 205
143 219
143 223
143 245
143 258
143 259
143 260
143 269
143 274
143 280
143 283
144 146
144 147
144 155
144 159
144 160
144 165
144 179
144 182
144 192
144 194
144 205
144 210
144 219
144 223
144 245
144 258
144 259
144 260
144 269
144 274
144 280
144 283
145 146
145 147
145 151
145 155
145 159
145 160
145 165
145 179
145 182
145 192
145 194
145 205
145 210
145 219
145 223
145 258
145 259
145 260
145 269
145 274
145 280
145 283
146 146
146 147
146 151
146 155
146 159
146 160
146 165
146 179
146 182
146 192
146 194
146 205
146 210
146 219
146 223
146 258
146 259
146 260
146 269
146 274
146 280
146 283
147 146
147 147
147 151
147 155
147 159
147 160
147 165
147 179
147 182
147 192
147 194
147 205
147 210
147 219
147 223
147 236
147 258
147 259
147 260
147 269
147 274
147 280
147 283
148 146
148 151
148 155
148 159
148 160
148 165
148 179
148 182
148 192
148 194
148 205
148 210
148 219
148 223
148 236
148 258
148 259
148 260
148 269
148 274
148 280
148 283
149 146
149 151
149 155
149 159
149 160
149 165
149 179
149 182
149 192
149 194
149 205
149 210
149 219
149 223
149 236
149 258
149 259
149 269
149 274
149 280
149 283
150 146
150 155
150 159
150 160
150 165
150 179
150 180
150 182
150 192
150 194
150 205
150 210
150 219
150 236
150 258
150 259
150 266
150 269
150 274
150 280
150 283
151 146
151 155
151 159
151 160
151 165
151 179
151 180
151 182
151 192
151 194
151 205
151 210
151 219
151 236
151 258
151 259
151 266
151 269
151 274
151 280
151 283
152 146
152 155
152 160
152 165
152 179
152 180
152 182
152 192
152 194
152 205
152 210
152 219
152 258
152 259
152 266
152 269
152 274
152 280
152 283
153 146
153 155
153 160
153 165
153 179
153 180
153 182
153 192
153 194
153 205
153 210
153 219
153 258
153 259
153 266
153 269
153 274
153 280
153 283
154 146
154 155
154 160
154 165
154 179
154 180
154 182
154 192
154 194
154 205
154 210
154 219
154 222
154 258
154 259
154 266
154 269
154 274
154 280
154 283
155 146
155 160
155 165
155 179
155 180
155 182
155 192
155 194
155 205
155 210
155 219
155 222
155 258
155 259
155 266
155 269
155 274
155 280
155 283
156 160
156 165
156 179
156 180
156 182
156 192
156 194
156 205
156 210
156 219
156 222
156 258
156 259
156 266
156 269
156 274
156 280
156 283
157 160
157 165
157 179
157 180
157 182
157 192
157 194
157 205
157 210
157 219
157 222
157 258
157 259
157 266
157 269
157 274
157 280
157 283
158 160
158 179
158 180
158 182
158 192
158 194
158 205
158 210
158 219
158 222
158 258
158 259
158 266
158 269
158 274
158 280
158 283
159 160
159 179
159 180
159 182
159 192
159 205
159 210
159 219
159 222
159 232
159 258
159 259
159 266
159 269
159 280
159 283
160 160
160 179
160 180
160 182
160 192
160 205
160 210
160 219
160 222
160 232
160 258
160 259
160 266
160 269
160 280
160 283
161 160
161 179
161 180
161 182
161 192
161 205
161 210
161 219
161 222
161 232
161 258
161 259
161 266
161 269
161 280
162 160
162 179
162 180
162 182
162 192
162 205
162 210
162 219
162 222
162 232
162 258
162 259
162 266
162 269
162 280
163 160
163 179
163 180
163 182
163 192
163 205
163 210
163 219
163 222
163 232
163 258
163 259
163 266
163 280
163 281
164 160
164 179
164 180
164 182
164 192
164 205
164 210
164 219
164 222
164 232
164 244
164 258
164 259
164 266
164 280
164 281
165 160
165 175
165 179
165 180
165 182
165 192
165 205
165 210
165 222
165 232
165 244
165 258
165 266
165 280
165 281
166 175
166 179
166 180
166 182
166 192
166 205
166 210
166 215
166 222
166 232
166 244
166 258
166 266
166 280
166 281
167 175
167 179
167 180
167 182
167 192
167 205
167 210
167 215
167 222
167 232
167 244
167 258
167 266
167 280
167 281
168 175
168 179
168 180
168 182
168 192
168 205
168 210
168 215
168 222
168 232
168 244
168 266
168 280
169 175
169 179
169 180
169 182
169 192
169 201
169 205
169 210
169 215
169 222
169 232
169 244
169 266
169 280
170 175
170 179
170 180
170 182
170 192
170 201
170 222
170 244
170 266
170 279
170 284
171 175
171 179
171 180
171 182
171 192
171 201
171 222
171 244
171 266
171 279
171 284
172 175
172 179
172 180
172 182
172 192
172 201
172 222
172 244
172 266
172 279
172 284
173 175
173 179
173 180
173 182
173 192
173 201
173 222
173 244
173 266
173 279
173 284
174 175
174 179
174 180
174 182
174 192
174 201
174 222
174 244
174 266
174 279
175 175
175 179
175 180
175 182
175 191
175 192
175 195
175 201
175 222
175 244
175 266
175 279
176 175
176 179
176 180
176 182
176 191
176 192
176 195
176 201
176 222
176 244
176 266
176 279
177 175
177 179
177 180
177 182
177 191
177 192
177 195
177 201
177 222
177 244
177 266
177 279
178 175
178 179
178 180
178 182
178 195
178 201
178 222
178 244
178 266
178 279
179 175
179 179
179 180
179 182
179 195
179 201
179 222
179 244
179 266
179 279
180 175
180 179
180 180
180 182
180 195
180 201
180 222
180 244
180 266
180 279
181 175
181 179
181 180
181 182
181 195
181 218
181 222
181 244
181 266
181 279
182 175
182 179
182 180
182 182
182 195
182 218
182 222
182 244
182 266
182 279
183 175
183 179
183 180
183 182
183 195
183 218
183 222
183 244
183 266
183 279
184 175
184 179
184 180
184 182
184 218
184 222
184 244
184 266
184 279
185 175
185 179
185 182
185 218
185 222
185 244
185 266
185 279
186 175
186 179
186 182
186 218
186 222
186 244
186 266
186 279
187 175
187 179
187 182
187 218
187 222
187 244
187 266
187 279
188 175
188 179
188 182
188 218
188 222
188 244
188 266
188 279
189 175
189 179
189 182
189 218
189 222
189 244
189 266
189 279
190 175
190 179
190 182
190 218
190 222
190 244
190 266
190 279
191 179
191 182
191 217
191 244
191 264
191 266
191 279
192 179
192 182
192 217
192 244
192 264
192 266
192 279
193 182
193 217
193 244
193 264
193 266
193 279
194 182
194 217
194 244
194 264
194 266
194 279
195 182
195 200
195 217
195 244
195 264
195 266
195 279
196 182
196 200
196 217
196 244
196 256
196 264
196 266
196 279
197 182
197 200
197 217
197 244
197 256
197 264
197 266
197 279
198 182
198 200
198 217
198 244
198 256
198 264
198 266
198 279
199 182
199 200
199 217
199 244
199 256
199 264
199 266
199 279
200 182
200 200
200 217
200 244
200 246
200 256
200 264
200 266
200 279
201 182
201 217
201 244
201 246
201 256
201 264
201 266
201 279
202 182
202 217
202 244
202 246
202 256
202 264
202 266
202 279
203 182
203 217
203 244
203 246
203 256
203 264
203 266
203 279
204 182
204 217
204 230
204 242
204 244
204 246
204 256
204 264
204 266
205 182
205 217
205 230
205 242
205 246
205 256
205 257
205 264
205 266
206 217
206 230
206 242
206 246
206 256
206 257
206 264
206 266
207 217
207 230
207 242
207 246
207 256
207 257
207 264
207 266
208 217
208 230
208 242
208 246
208 256
208 257
208 264
208 266
209 217
209 230
209 242
209 246
209 256
209 257
209 264
209 266
210 217
210 230
210 242
210 246
210 256
210 257
210 264
210 266
211 217
211 230
211 242
211 246
211 256
211 257
211 264
211 266
211 270
212 217
212 230
212 242
212 246
212 256
212 257
212 264
212 266
212 270
213 217
213 230
213 242
213 246
213 256
213 257
213 263
213 264
213 266
213 270
214 217
214 230
214 242
214 246
214 256
214 257
214 263
214 264
214 266
214 270
215 217
215 230
215 246
215 256
215 257
215 263
215 264
215 266
215 270
216 217
216 230
216 246
216 257
216 263
216 264
216 266
216 270
217 217
217 230
217 246
217 257
217 263
217 264
217 266
217 270
218 217
218 230
218 246
218 257
218 263
218 264
218 266
218 270
219 217
219 230
219 246
219 257
219 263
219 264
219 266
219 270
220 217
220 230
220 246
220 257
220 263
220 264
220 266
220 270
221 217
221 230
221 246
221 257
221 263
221 264
221 266
221 270
222 217
222 230
222 246
222 257
222 263
222 264
222 266
222 270
223 217
223 230
223 246
223 255
223 257
223 263
223 264
223 266
223 270
224 217
224 230
224 246
224 255
224 257
224 263
224 264
224 266
224 270
225 230
225 246
225 255
225 257
225 263
225 264
225 266
225 270
226 230
226 246
226 255
226 257
226 263
226 264
226 266
226 270
227 230
227 246
227 255
227 257
227 263
227 264
227 266
227 270
228 230
228 246
228 255
228 257
228 263
228 264
228 266
228 270
229 230
229 246
229 255
229 257
229 263
229 264
229 266
229 270
230 230
230 248
230 257
230 263
230 264
230 266
230 270
231 230
231 247
231 248
231 257
231 263
231 264
231 266
231 270
231 277
232 230
232 247
232 248
232 257
232 263
232 264
232 270
232 277
233 230
233 247
233 248
233 257
233 263
233 264
233 270
233 277
234 230
234 247
234 257
234 263
234 264
234 270
234 277
235 230
235 239
235 247
235 257
235 263
235 264
235 270
235 277
236 230
236 239
236 247
236 257
236 263
236 264
236 270
236 277
237 230
237 239
237 247
237 257
237 263
237 264
237 270
237 277
238 230
238 239
238 247
238 257
238 263
238 264
238 270
238 277
239 239
239 247
239 257
239 270
240 239
240 257
240 270
241 239
241 257
241 270
242 239
242 257
242 270
243 239
243 257
243 270
244 239
244 257
244 270
245 239
245 257
245 270
245 276
246 239
246 257
246 270
246 276
247 239
247 257
247 270
247 276
248 239
248 257
248 270
248 276
249 239
249 257
249 270
249 276
250 239
250 270
251 239
251 270
252 239
252 270
253 270
254 270
255 270
