0 5
0 9
0 125
1 12
1 63
1 125
2 3
2 12
2 125
3 15
3 86
3 125
4 11
4 15
4 31
4 86
4 94
4 114
4 119
4 125
5 10
5 11
5 15
5 19
5 31
5 86
5 94
5 114
5 125
5 136
5 201
5 275
6 8
6 10
6 14
6 18
6 31
6 86
6 94
6 114
6 125
6 201
6 275
7 60
7 86
7 88
7 94
7 112
7 114
7 125
7 201
7 275
8 21
8 60
8 86
8 88
8 94
8 112
8 114
8 125
8 201
8 275
9 13
9 21
9 60
9 86
9 88
9 94
9 112
9 114
9 125
9 148
9 190
9 201
9 213
9 275
10 21
10 60
10 71
10 86
10 88
10 94
10 112
10 114
10 125
10 148
10 190
10 201
10 213
10 275
11 16
11 21
11 68
11 71
11 86
11 88
11 94
11 112
11 114
11 125
11 148
11 190
11 201
11 213
11 275
12 16
12 21
12 68
12 71
12 86
12 88
12 94
12 112
12 114
12 125
12 148
12 190
12 201
12 213
12 275
13 16
13 21
13 68
13 71
13 86
13 88
13 94
13 112
13 114
13 125
13 148
13 190
13 201
13 213
13 275
14 16
14 21
14 68
14 71
14 86
14 88
14 114
14 125
14 148
14 190
14 201
14 213
14 275
15 16
15 21
15 41
15 71
15 88
15 114
15 125
15 148
15 159
15 190
15 201
15 275
16 16
16 17
16 25
16 39
16 41
16 52
16 65
16 71
16 88
16 114
16 117
16 125
16 148
16 159
16 190
16 201
16 203
16 275
17 16
17 17
17 20
17 25
17 29
17 38
17 39
17 52
17 65
17 71
17 88
17 114
17 125
17 148
17 159
17 171
17 190
17 201
17 203
17 275
18 29
18 34
18 37
18 38
18 39
18 52
18 65
18 69
18 71
18 88
18 114
18 125
18 148
18 159
18 171
18 190
18 201
18 203
18 275
19 30
19 34
19 38
19 39
19 52
19 65
19 69
19 88
19 114
19 125
19 126
19 148
19 159
19 171
19 176
19 190
19 191
19 201
19 203
19 240
19 275
20 30
20 34
20 38
20 39
20 52
20 65
20 69
20 88
20 125
20 126
20 145
20 148
20 159
20 176
20 187
20 190
20 191
20 201
20 203
20 240
20 275
21 22
21 27
21 36
21 38
21 49
21 51
21 65
21 88
21 102
21 120
21 125
21 126
21 145
21 148
21 176
21 187
21 190
21 201
21 202
21 203
21 226
21 269
21 275
21 277
22 22
22 27
22 36
22 38
22 49
22 51
22 65
22 88
22 96
22 102
22 120
22 125
22 126
22 145
22 148
22 176
22 187
22 190
22 201
22 202
22 203
22 226
22 269
22 275
22 277
23 36
23 38
23 49
23 51
23 65
23 88
23 96
23 102
23 120
23 124
23 125
23 126
23 145
23 148
23 176
23 187
23 190
23 201
23 202
23 203
23 226
23 269
23 275
23 277
24 36
24 44
24 49
24 88
24 96
24 97
24 120
24 124
24 125
24 126
24 145
24 148
24 162
24 176
24 187
24 201
24 202
24 203
24 225
24 226
24 269
24 275
24 277
25 36
25 44
25 88
25 96
25 97
25 120
25 124
25 125
25 142
25 145
25 148
25 162
25 176
25 187
25 201
25 202
25 203
25 225
25 226
25 269
25 275
26 36
26 46
26 88
26 96
26 97
26 120
26 124
26 125
26 142
26 145
26 148
26 162
26 176
26 187
26 201
26 202
26 203
26 225
26 226
26 269
26 275
27 45
27 46
27 80
27 88
27 96
27 97
27 120
27 124
27 125
27 142
27 145
27 148
27 162
27 176
27 187
27 201
27 202
27 203
27 220
27 225
27 226
27 269
27 275
27 284
28 32
28 35
28 45
28 46
28 62
28 77
28 78
28 88
28 89
28 96
28 120
28 124
28 125
28 135
28 142
28 145
28 148
28 162
28 176
28 201
28 202
28 203
28 225
28 226
28 246
28 269
28 275
29 32
29 35
29 45
29 46
29 58
29 62
29 78
29 88
29 120
29 124
29 135
29 142
29 145
29 148
29 162
29 201
29 202
29 203
29 225
29 226
29 246
29 269
29 275
30 45
30 46
30 67
30 78
30 92
30 105
30 120
30 124
30 135
30 142
30 148
30 162
30 201
30 202
30 203
30 225
30 226
30 246
30 269
30 275
31 45
31 46
31 61
31 67
31 75
31 78
31 81
31 84
31 92
31 105
31 120
31 123
31 124
31 135
31 142
31 148
31 162
31 170
31 201
31 202
31 225
31 226
31 246
31 269
31 275
32 45
32 46
32 61
32 67
32 75
32 78
32 81
32 84
32 92
32 105
32 120
32 123
32 124
32 135
32 142
32 148
32 162
32 170
32 201
32 202
32 225
32 226
32 246
32 269
32 275
33 40
33 43
33 45
33 48
33 54
33 61
33 67
33 75
33 78
33 81
33 84
33 92
33 105
33 116
33 120
33 123
33 124
33 135
33 142
33 148
33 162
33 168
33 170
33 197
33 201
33 202
33 225
33 226
33 235
33 275
34 40
34 45
34 54
34 61
34 67
34 75
34 78
34 84
34 92
34 105
34 116
34 120
34 123
34 124
34 135
34 142
34 148
34 162
34 170
34 197
34 201
34 202
34 218
34 225
34 226
34 235
34 247
34 275
35 40
35 45
35 54
35 61
35 67
35 75
35 78
35 84
35 92
35 105
35 116
35 120
35 123
35 124
35 135
35 142
35 148
35 162
35 170
35 197
35 201
35 202
35 218
35 225
35 226
35 235
35 247
35 275
36 40
36 45
36 54
36 61
36 67
36 75
36 78
36 92
36 105
36 116
36 120
36 124
36 135
36 142
36 148
36 162
36 170
36 197
36 201
36 202
36 218
36 225
36 226
36 235
36 247
36 275
37 40
37 45
37 54
37 61
37 67
37 75
37 78
37 92
37 105
37 116
37 120
37 124
37 135
37 142
37 148
37 162
37 170
37 197
37 201
37 202
37 218
37 225
37 226
37 235
37 247
37 275
38 40
38 45
38 47
38 54
38 61
38 67
38 75
38 78
38 83
38 92
38 105
38 116
38 120
38 124
38 135
38 142
38 148
38 162
38 170
38 197
38 201
38 202
38 218
38 225
38 226
38 235
38 247
38 275
39 40
39 47
39 54
39 67
39 78
39 83
39 92
39 105
39 116
39 120
39 124
39 135
39 142
39 148
39 162
39 170
39 197
39 201
39 202
39 218
39 225
39 226
39 235
39 247
39 275
40 40
40 47
40 54
40 67
40 70
40 78
40 83
40 92
40 116
40 120
40 124
40 135
40 142
40 148
40 162
40 170
40 197
40 201
40 202
40 218
40 225
40 226
40 235
40 247
40 275
41 40
41 47
41 54
41 67
41 70
41 78
41 83
41 92
41 103
41 116
41 120
41 122
41 124
41 127
41 135
41 142
41 148
41 162
41 170
41 197
41 201
41 202
41 218
41 225
41 226
41 235
41 247
41 275
42 40
42 47
42 54
42 56
42 67
42 70
42 78
42 83
42 92
42 103
42 116
42 120
42 122
42 127
42 135
42 142
42 162
42 170
42 197
42 202
42 218
42 225
42 226
42 235
42 247
42 275
43 40
43 47
43 54
43 56
43 70
43 73
43 78
43 83
43 116
43 120
43 122
43 127
43 135
43 142
43 162
43 170
43 197
43 202
43 218
43 225
43 226
43 235
43 247
43 275
44 47
44 53
44 56
44 78
44 83
44 116
44 120
44 122
44 135
44 142
44 144
44 162
44 170
44 197
44 202
44 218
44 224
44 225
44 226
44 235
44 247
44 275
45 47
45 78
45 83
45 93
45 113
45 116
45 120
45 122
45 142
45 144
45 162
45 197
45 200
45 202
45 218
45 225
45 226
45 235
45 236
45 247
45 275
46 47
46 64
46 76
46 83
46 93
46 98
46 113
46 116
46 120
46 122
46 142
46 144
46 162
46 174
46 197
46 200
46 202
46 218
46 225
46 226
46 235
46 236
46 247
46 271
46 275
47 47
47 64
47 76
47 83
47 93
47 98
47 113
47 116
47 120
47 122
47 142
47 162
47 174
47 197
47 200
47 202
47 218
47 225
47 226
47 235
47 236
47 247
47 271
47 275
48 59
48 66
48 76
48 98
48 99
48 116
48 122
48 142
48 162
48 174
48 197
48 202
48 218
48 225
48 226
48 235
48 236
48 247
48 271
48 275
48 283
49 59
49 66
49 76
49 98
49 99
49 116
49 121
49 122
49 142
49 162
49 174
49 197
49 202
49 218
49 225
49 226
49 235
49 236
49 247
49 271
49 275
49 283
50 66
50 76
50 98
50 99
50 116
50 121
50 122
50 142
50 162
50 174
50 197
50 202
50 218
50 225
50 226
50 235
50 236
50 247
50 249
50 271
50 275
50 283
51 66
51 76
51 98
51 99
51 100
51 116
51 121
51 122
51 141
51 142
51 162
51 174
51 188
51 197
51 202
51 216
51 218
51 226
51 235
51 236
51 247
51 249
51 271
51 275
51 283
52 66
52 76
52 98
52 99
52 100
52 116
52 121
52 122
52 141
52 142
52 162
52 174
52 188
52 197
52 202
52 216
52 218
52 226
52 235
52 236
52 247
52 249
52 271
52 275
52 283
53 66
53 76
53 98
53 99
53 100
53 116
53 121
53 122
53 141
53 142
53 162
53 174
53 188
53 197
53 202
53 216
53 218
53 226
53 235
53 236
53 247
53 249
53 251
53 275
53 283
54 66
54 76
54 95
54 98
54 100
54 116
54 118
54 121
54 122
54 139
54 162
54 174
54 188
54 197
54 202
54 216
54 226
54 235
54 236
54 247
54 249
54 251
54 275
54 283
55 66
55 76
55 95
55 98
55 100
55 116
55 118
55 121
55 122
55 139
55 162
55 174
55 188
55 197
55 202
55 216
55 226
55 235
55 236
55 247
55 249
55 251
55 275
55 283
56 66
56 76
56 82
56 87
56 95
56 98
56 106
56 116
56 118
56 122
56 139
56 174
56 188
56 195
56 202
56 216
56 226
56 235
56 236
56 247
56 249
56 251
56 283
57 66
57 74
57 76
57 82
57 87
57 95
57 98
57 106
57 116
57 118
57 122
57 139
57 174
57 188
57 195
57 202
57 216
57 226
57 235
57 236
57 247
57 249
57 251
57 283
58 74
58 76
58 82
58 87
58 95
58 98
58 106
58 116
58 118
58 122
58 139
58 174
58 188
58 195
58 202
58 216
58 226
58 235
58 236
58 247
58 249
58 251
58 283
59 74
59 76
59 82
59 87
59 95
59 98
59 106
59 116
59 118
59 122
59 139
59 174
59 188
59 195
59 202
59 216
59 226
59 235
59 236
59 247
59 249
59 251
59 283
60 74
60 76
60 82
60 87
60 95
60 98
60 106
60 116
60 118
60 122
60 139
60 174
60 188
60 195
60 202
60 216
60 226
60 235
60 236
60 247
60 249
60 251
60 283
61 74
61 76
61 82
61 87
61 95
61 98
61 106
61 118
61 122
61 134
61 139
61 188
61 195
61 202
61 216
61 226
61 235
61 236
61 247
61 249
61 251
61 283
62 74
62 76
62 82
62 87
62 95
62 98
62 106
62 118
62 122
62 134
62 139
62 188
62 195
62 202
62 216
62 226
62 235
62 236
62 247
62 249
62 251
62 283
63 74
63 76
63 82
63 87
63 95
63 98
63 106
63 118
63 122
63 134
63 139
63 188
63 195
63 202
63 216
63 226
63 235
63 236
63 247
63 249
63 251
63 283
64 76
64 82
64 95
64 98
64 106
64 110
64 118
64 122
64 139
64 152
64 169
64 188
64 195
64 202
64 204
64 216
64 226
64 235
64 236
64 247
64 249
64 251
64 283
65 76
65 82
65 95
65 98
65 106
65 110
65 118
65 139
65 152
65 169
65 188
65 195
65 202
65 204
65 216
65 226
65 228
65 235
65 236
65 247
65 249
65 251
65 283
66 76
66 82
66 95
66 98
66 106
66 110
66 139
66 152
66 169
66 188
66 195
66 202
66 204
66 216
66 226
66 228
66 235
66 236
66 247
66 249
66 251
66 283
67 76
67 82
67 95
67 98
67 106
67 139
67 152
67 169
67 178
67 188
67 195
67 202
67 204
67 216
67 226
67 228
67 236
67 247
67 249
67 251
67 283
68 76
68 82
68 98
68 106
68 130
68 139
68 152
68 178
68 188
68 195
68 202
68 204
68 216
68 223
68 226
68 228
68 236
68 247
68 249
68 251
68 268
68 283
69 76
69 82
69 98
69 106
69 130
69 139
69 152
69 178
69 188
69 195
69 202
69 204
69 216
69 223
69 226
69 228
69 236
69 247
69 249
69 251
69 268
69 283
70 76
70 82
70 98
70 106
70 130
70 139
70 152
70 178
70 195
70 202
70 204
70 216
70 226
70 228
70 236
70 247
70 249
70 251
70 262
70 268
70 273
70 283
71 76
71 82
71 106
71 130
71 139
71 152
71 178
71 195
71 202
71 204
71 216
71 226
71 228
71 236
71 247
71 249
71 251
71 262
71 268
71 273
71 283
72 76
72 82
72 106
72 130
72 139
72 152
72 178
72 195
72 202
72 204
72 216
72 226
72 228
72 236
72 247
72 249
72 251
72 262
72 268
72 273
72 283
73 76
73 82
73 106
73 130
73 152
73 178
73 195
73 202
73 204
73 216
73 226
73 228
73 236
73 247
73 249
73 251
73 262
73 268
73 273
73 283
74 76
74 82
74 106
74 130
74 152
74 178
74 195
74 202
74 204
74 216
74 226
74 228
74 236
74 247
74 249
74 251
74 262
74 268
74 273
74 283
75 82
75 90
75 130
75 157
75 173
75 195
75 202
75 204
75 216
75 226
75 229
75 236
75 247
75 249
75 259
75 268
75 273
75 283
76 90
76 130
76 157
76 173
76 195
76 202
76 204
76 206
76 216
76 226
76 229
76 236
76 247
76 249
76 259
76 268
76 273
76 283
77 90
77 130
77 157
77 173
77 195
77 202
77 204
77 206
77 216
77 226
77 229
77 236
77 247
77 249
77 259
77 268
77 273
77 283
78 90
78 130
78 157
78 173
78 184
78 195
78 202
78 204
78 206
78 216
78 226
78 229
78 236
78 247
78 249
78 259
78 268
78 273
78 283
79 90
79 130
79 157
79 173
79 184
79 195
79 202
79 204
79 207
79 216
79 226
79 229
79 236
79 247
79 249
79 259
79 268
79 273
79 283
80 90
80 129
80 130
80 157
80 158
80 173
80 184
80 195
80 202
80 204
80 207
80 216
80 226
80 229
80 236
80 247
80 249
80 259
80 268
80 283
81 90
81 104
81 129
81 130
81 157
81 158
81 173
81 184
81 195
81 202
81 204
81 207
81 216
81 226
81 229
81 236
81 247
81 249
81 259
81 268
81 283
82 90
82 104
82 108
82 128
82 129
82 130
82 157
82 158
82 173
82 184
82 195
82 209
82 216
82 226
82 229
82 247
82 249
82 259
82 268
82 283
83 90
83 104
83 108
83 128
83 129
83 130
83 157
83 158
83 173
83 184
83 195
83 209
83 216
83 226
83 229
83 247
83 249
83 259
83 268
83 283
84 90
84 104
84 108
84 128
84 129
84 130
84 157
84 173
84 184
84 195
84 209
84 216
84 226
84 229
84 241
84 247
84 249
84 259
84 268
84 283
85 90
85 104
85 128
85 130
85 157
85 166
85 173
85 184
85 195
85 209
85 216
85 226
85 229
85 241
85 247
85 249
85 259
85 268
85 283
86 90
86 104
86 128
86 130
86 157
86 166
86 173
86 184
86 195
86 209
86 216
86 226
86 229
86 241
86 247
86 249
86 259
86 268
86 283
87 104
87 128
87 130
87 157
87 166
87 184
87 195
87 209
87 216
87 226
87 229
87 241
87 247
87 249
87 259
87 268
87 283
88 104
88 128
88 130
88 157
88 166
88 184
88 195
88 209
88 216
88 226
88 229
88 241
88 247
88 249
88 259
88 268
88 283
89 104
89 130
89 137
89 157
89 166
89 179
89 195
89 216
89 229
89 232
89 241
89 247
89 249
89 259
89 268
89 283
90 101
90 104
90 130
90 137
90 157
90 166
90 175
90 179
90 195
90 216
90 232
90 241
90 247
90 249
90 259
90 265
90 268
90 283
91 101
91 104
91 130
91 137
91 157
91 166
91 175
91 179
91 195
91 216
91 232
91 241
91 247
91 249
91 259
91 265
91 268
91 283
92 101
92 104
92 130
92 137
92 157
92 166
92 175
92 179
92 195
92 216
92 232
92 241
92 247
92 249
92 259
92 265
92 268
92 283
93 101
93 104
93 130
93 137
93 157
93 166
93 175
93 179
93 195
93 216
93 232
93 241
93 247
93 249
93 259
93 265
93 268
93 283
94 101
94 104
94 130
94 137
94 157
94 166
94 175
94 179
94 195
94 215
94 216
94 232
94 241
94 247
94 249
94 259
94 265
94 268
94 283
95 101
95 104
95 130
95 137
95 157
95 175
95 179
95 195
95 215
95 216
95 232
95 241
95 247
95 249
95 259
95 265
95 268
95 283
96 101
96 104
96 111
96 115
96 175
96 179
96 195
96 215
96 216
96 232
96 241
96 249
96 259
96 265
96 268
96 283
97 111
97 115
97 175
97 179
97 195
97 215
97 232
97 241
97 259
97 265
97 283
98 111
98 115
98 175
98 179
98 195
98 215
98 232
98 241
98 259
98 265
98 283
99 111
99 115
99 172
99 175
99 179
99 195
99 215
99 241
99 259
99 265
99 283
100 111
100 115
100 172
100 175
100 179
100 195
100 215
100 241
100 259
100 265
100 283
101 115
101 172
101 175
101 179
101 215
101 241
101 265
101 283
102 115
102 172
102 175
102 179
102 215
102 241
102 265
102 283
103 115
103 172
103 175
103 215
103 241
103 265
103 283
104 115
104 172
104 175
104 215
104 241
104 265
104 283
105 115
105 156
105 172
105 175
105 215
105 241
105 265
105 283
106 115
106 156
106 172
106 175
106 215
106 241
106 242
106 265
106 283
107 115
107 143
107 147
107 153
107 156
107 175
107 215
107 241
107 242
107 283
108 115
108 143
108 147
108 156
108 164
108 175
108 221
108 241
108 242
108 283
109 115
109 143
109 147
109 156
109 164
109 175
109 221
109 241
109 242
109 283
110 115
110 143
110 147
110 156
110 175
110 221
110 242
110 266
110 283
111 115
111 143
111 147
111 156
111 175
111 221
111 242
111 266
111 283
112 115
112 143
112 147
112 156
112 160
112 175
112 221
112 242
112 266
112 283
113 115
113 143
113 147
113 156
113 160
113 175
113 221
113 242
113 266
113 283
114 115
114 143
114 147
114 156
114 160
114 175
114 185
114 221
114 242
114 258
114 266
114 279
115 115
115 143
115 147
115 156
115 160
115 175
115 185
115 221
115 242
115 258
115 266
115 279
116 115
116 143
116 147
116 156
116 160
116 175
116 185
116 221
116 242
116 258
116 266
116 279
117 115
117 143
117 147
117 156
117 160
117 175
117 185
117 221
117 242
117 258
117 266
117 279
118 115
118 131
118 175
118 182
118 185
118 199
118 210
118 221
118 242
118 258
118 266
118 279
119 115
119 131
119 146
119 161
119 182
119 185
119 199
119 210
119 221
119 242
119 258
119 266
119 279
120 131
120 146
120 161
120 182
120 185
120 199
120 210
120 221
120 242
120 258
120 266
120 279
121 131
121 146
121 161
121 182
121 185
121 199
121 210
121 221
121 242
121 258
121 266
121 279
122 131
122 146
122 161
122 182
122 185
122 199
122 210
122 221
122 242
122 258
122 266
122 279
123 131
123 146
123 161
123 182
123 185
123 210
123 217
123 221
123 242
123 258
123 266
123 279
124 131
124 146
124 161
124 182
124 185
124 210
124 217
124 221
124 242
124 258
124 266
124 279
125 131
125 146
125 161
125 182
125 185
125 210
125 217
125 221
125 242
125 258
125 266
125 279
126 131
126 146
126 161
126 182
126 185
126 210
126 217
126 221
126 242
126 258
126 266
126 279
127 131
127 146
127 161
127 182
127 185
127 210
127 217
127 221
127 258
127 266
127 279
128 131
128 146
128 150
128 161
128 182
128 185
128 210
128 217
128 221
128 258
128 266
128 279
129 131
129 133
129 146
129 161
129 182
129 185
129 210
129 217
129 221
129 234
129 244
129 258
129 266
129 279
130 131
130 146
130 182
130 185
130 210
130 217
130 221
130 234
130 244
130 258
130 266
130 279
131 131
131 163
131 182
131 185
131 210
131 214
131 217
131 221
131 234
131 244
131 258
131 266
131 279
132 131
132 163
132 185
132 210
132 214
132 217
132 221
132 234
132 244
132 245
132 258
132 266
132 279
133 131
133 138
133 163
133 210
133 214
133 217
133 221
133 234
133 244
133 245
133 258
133 279
134 131
134 138
134 163
134 210
134 214
134 217
134 221
134 234
134 244
134 245
134 258
134 279
135 131
135 138
135 163
135 210
135 214
135 217
135 221
135 244
135 258
135 279
136 131
136 138
136 163
136 210
136 214
136 217
136 221
136 244
136 258
136 279
137 131
137 138
137 163
137 210
137 214
137 217
137 221
137 244
137 258
137 279
138 131
138 138
138 163
138 210
138 214
138 217
138 221
138 244
138 258
138 279
139 131
139 138
139 163
139 210
139 214
139 217
139 221
139 244
139 258
139 279
140 138
140 163
140 210
140 214
140 217
140 221
140 244
140 258
140 279
141 163
141 210
141 214
141 217
141 221
141 258
141 279
142 163
142 210
142 214
142 217
142 221
142 258
142 279
143 163
143 189
143 193
143 210
143 214
143 221
143 239
143 258
143 279
144 163
144 189
144 193
144 210
144 214
144 221
144 239
144 258
144 279
145 149
145 154
145 163
145 189
145 193
145 210
145 214
145 221
145 239
145 258
145 279
146 149
146 154
146 155
146 163
146 165
146 167
146 189
146 193
146 210
146 214
146 239
146 258
146 279
146 280
147 149
147 154
147 155
147 163
147 165
147 167
147 189
147 193
147 210
147 214
147 239
147 258
147 279
148 155
148 163
148 165
148 189
148 193
148 210
148 239
148 258
148 279
149 155
149 163
149 165
149 189
149 193
149 210
149 239
149 258
149 279
150 155
150 165
150 189
150 193
150 210
150 239
150 258
150 279
151 155
151 165
151 189
151 193
151 210
151 239
151 258
151 279
152 155
152 165
152 181
152 189
152 193
152 210
152 230
152 239
152 279
153 155
153 165
153 181
153 189
153 210
153 230
153 239
153 279
154 155
154 165
154 181
154 189
154 211
154 230
154 239
154 279
155 155
155 165
155 181
155 189
155 211
155 230
155 239
155 279
156 155
156 165
156 181
156 186
156 189
156 211
156 230
156 239
156 279
157 155
157 165
157 181
157 186
157 189
157 211
157 230
157 239
157 279
158 155
158 165
158 181
158 186
158 189
158 211
158 230
158 239
158 279
159 155
159 165
159 211
159 230
159 239
159 260
159 274
159 279
160 211
160 230
160 237
160 260
160 264
160 274
160 279
161 211
161 230
161 237
161 260
161 264
161 274
161 279
162 211
162 230
162 237
162 260
162 264
162 274
162 279
163 177
163 211
163 230
163 231
163 237
163 260
163 264
163 270
163 274
163 279
164 177
164 198
164 230
164 231
164 237
164 260
164 264
164 270
164 274
164 279
165 177
165 198
165 230
165 231
165 237
165 260
165 264
165 270
165 274
165 279
166 177
166 198
166 230
166 231
166 237
166 260
166 264
166 270
166 274
166 279
167 177
167 180
167 198
167 231
167 237
167 260
167 264
167 270
167 274
167 279
168 177
168 180
168 198
168 231
168 237
168 260
168 264
168 270
168 274
168 279
169 177
169 180
169 198
169 231
169 237
169 260
169 264
169 270
169 274
169 279
170 177
170 180
170 198
170 231
170 237
170 260
170 264
170 270
170 274
170 279
171 177
171 180
171 198
171 231
171 237
171 260
171 264
171 270
171 274
171 279
172 177
172 180
172 198
172 231
172 237
172 260
172 264
172 270
172 274
172 279
172 282
173 177
173 180
173 198
173 231
173 237
173 260
173 264
173 270
173 274
173 279
174 177
174 180
174 198
174 231
174 237
174 260
174 264
174 270
174 274
174 279
175 177
175 180
175 198
175 231
175 237
175 260
175 264
175 270
175 274
175 279
176 177
176 180
176 198
176 231
176 237
176 260
176 264
176 270
176 274
176 279
177 177
177 180
177 198
177 205
177 227
177 231
177 237
177 270
177 274
177 279
178 177
178 180
178 198
178 205
178 227
178 231
178 237
178 263
178 270
178 274
178 279
179 177
179 180
179 198
179 205
179 227
179 231
179 237
179 263
179 270
179 274
179 279
180 177
180 180
180 198
180 205
180 227
180 231
180 237
180 263
180 270
180 274
180 279
181 177
181 180
181 198
181 205
181 227
181 231
181 237
181 263
181 270
181 274
181 279
182 180
182 198
182 205
182 212
182 227
182 231
182 237
182 263
182 270
182 274
182 279
183 180
183 198
183 205
183 212
183 222
183 227
183 231
183 237
183 263
183 270
183 274
183 279
184 180
184 198
184 205
184 212
184 222
184 227
184 231
184 237
184 263
184 270
184 274
184 279
185 180
185 198
185 205
185 212
185 222
185 227
185 231
185 237
185 263
185 270
185 274
185 279
186 198
186 212
186 222
186 227
186 231
186 237
186 263
186 270
186 274
186 279
187 198
187 212
187 222
187 227
187 231
187 237
187 263
187 270
187 274
187 279
188 198
188 212
188 222
188 227
188 231
188 237
188 263
188 270
188 274
188 279
189 198
189 212
189 222
189 227
189 231
189 237
189 263
189 270
189 274
189 279
190 198
190 212
190 222
190 227
190 231
190 237
190 263
190 270
190 274
190 279
191 198
191 212
191 222
191 227
191 231
191 237
191 263
191 270
191 274
191 279
192 198
192 212
192 222
192 227
192 231
192 261
192 263
192 270
193 198
193 212
193 222
193 231
193 261
193 263
193 270
194 198
194 222
194 231
194 250
194 261
194 263
194 270
195 198
195 222
195 231
195 250
195 261
195 263
195 270
196 198
196 222
196 250
196 261
196 263
196 270
197 198
197 222
197 250
197 261
197 263
197 270
198 198
198 222
198 250
198 261
198 263
198 270
199 198
199 222
199 250
199 261
199 263
199 270
200 198
200 222
200 243
200 250
200 261
200 263
200 270
201 198
201 222
201 243
201 250
201 261
201 263
201 270
202 198
202 222
202 243
202 250
202 261
202 263
202 270
203 222
203 233
203 243
203 250
203 253
203 261
203 263
203 270
204 222
204 233
204 243
204 250
204 253
204 261
204 263
204 270
205 222
205 233
205 243
205 250
205 253
205 261
205 263
205 270
206 222
206 233
206 243
206 250
206 253
206 261
206 263
206 270
207 222
207 233
207 243
207 250
207 253
207 261
207 263
207 270
208 222
208 233
208 243
208 250
208 253
208 261
208 263
208 270
209 222
209 233
209 243
209 250
209 252
209 253
209 261
209 263
209 270
210 222
210 233
210 243
210 250
210 252
210 253
210 261
210 263
210 270
211 222
211 233
211 243
211 250
211 252
211 253
211 261
211 263
211 270
212 222
212 233
212 243
212 250
212 252
212 253
212 261
212 263
212 270
213 222
213 233
213 243
213 250
213 252
213 253
213 261
213 263
213 270
213 272
214 233
214 243
214 250
214 252
214 253
214 255
214 261
214 263
214 270
214 272
215 233
215 250
215 252
215 253
215 254
215 255
215 261
215 263
216 233
216 250
216 252
216 253
216 254
216 261
216 263
217 233
217 250
217 252
217 253
217 254
217 261
217 263
218 233
218 250
218 252
218 253
218 254
218 261
218 263
219 250
219 252
219 253
219 254
219 261
219 263
220 250
220 252
220 253
220 254
220 261
220 263
221 250
221 252
221 253
221 254
221 261
221 263
222 250
222 252
222 253
222 254
222 261
222 263
223 250
223 252
223 253
223 254
223 256
223 261
223 263
224 250
224 252
224 253
224 254
224 256
224 261
224 263
225 250
225 252
225 253
225 254
225 256
225 261
225 263
226 250
226 252
226 253
226 254
226 256
226 261
226 263
227 250
227 252
227 253
227 254
227 256
227 261
227 263
228 250
228 252
228 253
228 254
228 256
228 257
228 261
228 263
229 250
229 252
229 253
229 254
229 256
229 257
229 261
229 263
230 250
230 252
230 253
230 256
230 257
230 261
230 263
231 250
231 252
231 253
231 256
231 257
231 261
231 263
232 250
232 252
232 253
232 256
232 257
232 261
232 263
233 250
233 252
233 253
233 256
233 257
233 261
233 263
234 250
234 252
234 253
234 256
234 257
234 261
234 263
235 250
235 252
235 253
235 256
235 257
235 261
235 263
236 250
236 252
236 253
236 256
236 257
236 261
236 263
237 250
237 252
237 253
237 256
237 257
237 261
237 263
238 250
238 253
238 256
238 257
238 261
238 263
238 267
238 276
239 250
239 253
239 256
239 257
239 261
239 263
239 267
239 276
240 250
240 253
240 256
240 257
240 261
240 263
240 267
240 276
241 250
241 253
241 256
241 257
241 263
241 267
241 276
242 250
242 253
242 256
242 257
242 263
242 267
242 276
243 250
243 253
243 256
243 257
243 267
243 276
244 250
244 253
244 256
244 257
244 267
244 276
245 250
245 253
245 256
245 257
245 267
245 276
245 278
246 250
246 253
246 256
246 257
246 267
246 276
246 278
247 250
247 253
247 256
247 257
247 267
247 276
247 278
248 250
248 253
248 256
248 257
248 267
248 276
248 278
249 250
249 253
249 256
249 257
249 267
249 276
249 278
250 250
250 253
250 256
250 257
250 267
250 276
250 278
251 250
251 253
251 256
251 257
251 267
251 276
251 278
252 250
252 253
252 256
252 257
252 267
252 276
252 278
253 250
253 253
253 256
253 257
253 267
253 276
253 278
254 250
254 253
254 256
254 257
254 267
254 276
254 278
255 250
255 253
255 256
255 257
255 267
255 276
255 278
256 250
256 253
256 256
256 257
256 267
256 276
256 278
257 250
257 253
257 256
257 257
257 267
257 276
257 278
258 250
258 253
258 256
258 257
258 267
258 276
258 278
259 250
259 253
259 256
259 257
259 267
259 276
259 278
260 250
260 253
260 256
260 257
260 267
260 276
260 278
261 253
261 257
261 267
261 276
261 278
262 253
262 257
262 267
262 276
262 278
263 253
263 257
263 267
263 276
263 278
264 253
264 257
264 267
264 276
264 278
265 253
265 267
265 276
265 278
266 253
266 267
266 276
266 278
267 253
267 267
267 276
267 278
268 253
268 267
268 276
268 278
269 253
269 267
269 276
269 278
270 253
270 267
270 276
270 278
271 253
271 267
271 276
271 278
272 253
272 267
272 276
272 278
273 253
273 267
273 276
273 278
274 253
274 267
274 276
274 278
275 253
275 267
275 276
275 278
276 253
276 267
276 276
276 278
277 253
277 267
277 276
277 278
278 253
278 267
278 276
278 278
279 253
279 267
279 276
279 278
280 253
280 267
280 276
280 278
281 253
281 267
281 276
281 278
282 276
282 278
283 276
283 278
284 276
284 278
