0 2
0 4
0 10
1 8
1 10
1 64
2 8
2 64
2 161
3 30
3 64
3 142
3 161
4 9
4 18
4 30
4 51
4 64
4 68
4 117
4 142
4 161
5 18
5 23
5 30
5 51
5 64
5 68
5 117
5 142
5 161
6 7
6 17
6 30
6 53
6 64
6 68
6 108
6 142
6 161
6 214
6 225
6 264
7 30
7 52
7 53
7 64
7 68
7 142
7 161
7 214
7 264
8 30
8 64
8 68
8 69
8 112
8 128
8 142
8 161
8 214
9 64
9 68
9 69
9 112
9 128
9 142
9 149
9 161
9 214
9 263
10 12
10 68
10 128
10 142
10 149
10 211
10 213
10 214
10 263
10 265
11 20
11 27
11 34
11 68
11 128
11 142
11 149
11 183
11 211
11 213
11 214
11 263
11 265
12 16
12 27
12 34
12 60
12 68
12 83
12 128
12 149
12 183
12 211
12 213
12 214
12 263
12 265
13 16
13 27
13 34
13 60
13 68
13 83
13 128
13 149
13 183
13 211
13 213
13 214
13 263
13 265
14 16
14 34
14 60
14 68
14 83
14 135
14 149
14 183
14 211
14 213
14 214
14 263
14 265
15 16
15 34
15 60
15 68
15 83
15 135
15 149
15 183
15 211
15 213
15 214
15 263
15 265
16 34
16 60
16 68
16 83
16 135
16 149
16 183
16 211
16 213
16 214
16 248
16 263
16 265
17 34
17 60
17 68
17 83
17 135
17 149
17 183
17 211
17 213
17 214
17 248
17 263
17 265
18 34
18 60
18 68
18 83
18 135
18 149
18 183
18 211
18 213
18 214
18 248
18 263
18 265
19 32
19 34
19 60
19 68
19 83
19 135
19 141
19 149
19 183
19 211
19 213
19 214
19 248
19 263
19 265
20 32
20 42
20 46
20 71
20 135
20 149
20 183
20 213
20 214
20 219
20 247
20 248
20 263
20 265
21 32
21 42
21 46
21 71
21 135
21 149
21 183
21 213
21 214
21 219
21 247
21 248
21 263
21 265
22 32
22 42
22 46
22 71
22 135
22 149
22 183
22 213
22 214
22 219
22 247
22 248
22 263
22 265
23 26
23 31
23 32
23 41
23 42
23 46
23 71
23 135
23 149
23 183
23 214
23 219
23 238
23 247
23 248
23 263
23 265
24 26
24 31
24 38
24 41
24 42
24 46
24 71
24 82
24 106
24 135
24 149
24 172
24 183
24 214
24 219
24 238
24 247
24 248
24 263
24 265
25 26
25 31
25 33
25 41
25 42
25 46
25 70
25 71
25 82
25 106
25 149
25 172
25 214
25 219
25 238
25 247
25 248
25 263
25 265
26 26
26 29
26 36
26 42
26 56
26 71
26 82
26 106
26 123
26 149
26 172
26 214
26 219
26 238
26 247
26 248
26 263
26 265
26 272
27 26
27 29
27 36
27 42
27 56
27 71
27 86
27 106
27 116
27 123
27 149
27 182
27 214
27 219
27 238
27 247
27 248
27 263
27 265
27 272
28 47
28 49
28 84
28 86
28 88
28 106
28 123
28 145
28 149
28 182
28 203
28 214
28 219
28 238
28 247
28 248
28 263
28 265
28 272
29 44
29 47
29 49
29 84
29 86
29 88
29 106
29 107
29 123
29 145
29 147
29 149
29 203
29 214
29 238
29 247
29 248
29 263
29 265
29 272
30 39
30 47
30 48
30 49
30 84
30 86
30 88
30 92
30 106
30 107
30 123
30 145
30 147
30 149
30 203
30 214
30 238
30 247
30 248
30 263
30 265
30 272
31 39
31 47
31 48
31 49
31 84
31 88
31 92
31 106
31 107
31 123
31 145
31 147
31 149
31 203
31 214
31 238
31 247
31 248
31 263
31 265
31 272
32 35
32 39
32 47
32 48
32 49
32 84
32 88
32 92
32 106
32 107
32 123
32 145
32 147
32 149
32 203
32 214
32 238
32 247
32 248
32 263
32 265
32 272
33 39
33 47
33 48
33 49
33 55
33 84
33 88
33 92
33 106
33 107
33 123
33 143
33 145
33 147
33 203
33 214
33 238
33 247
33 248
33 263
33 265
33 272
33 281
34 39
34 47
34 48
34 49
34 55
34 79
34 84
34 88
34 92
34 107
34 123
34 143
34 145
34 147
34 176
34 203
34 214
34 238
34 247
34 248
34 263
34 265
34 272
34 281
35 39
35 40
35 47
35 48
35 49
35 55
35 79
35 84
35 92
35 107
35 123
35 143
35 145
35 147
35 176
35 203
35 214
35 238
35 247
35 248
35 263
35 265
35 272
35 281
36 37
36 47
36 48
36 49
36 79
36 89
36 92
36 123
36 147
36 176
36 214
36 228
36 238
36 247
36 248
36 263
36 265
36 272
36 281
37 47
37 79
37 89
37 92
37 123
37 147
37 173
37 176
37 214
37 228
37 238
37 247
37 248
37 263
37 265
37 272
37 281
38 43
38 47
38 79
38 89
38 92
38 123
38 147
38 159
38 173
38 176
38 207
38 214
38 228
38 238
38 247
38 248
38 263
38 265
38 272
38 281
39 43
39 47
39 79
39 89
39 92
39 123
39 147
39 159
39 173
39 176
39 207
39 214
39 228
39 238
39 247
39 248
39 263
39 265
39 272
39 281
40 43
40 47
40 79
40 89
40 92
40 123
40 147
40 159
40 173
40 176
40 207
40 214
40 228
40 238
40 247
40 248
40 263
40 265
40 272
40 281
41 43
41 47
41 79
41 89
41 92
41 123
41 147
41 159
41 173
41 176
41 207
41 214
41 228
41 238
41 247
41 248
41 263
41 265
41 272
41 281
42 43
42 47
42 79
42 89
42 92
42 123
42 147
42 159
42 173
42 176
42 207
42 214
42 228
42 238
42 247
42 248
42 263
42 265
42 272
42 281
43 43
43 47
43 79
43 92
43 123
43 147
43 159
43 173
43 176
43 207
43 214
43 228
43 238
43 247
43 248
43 263
43 265
43 281
44 43
44 47
44 79
44 92
44 93
44 123
44 147
44 159
44 173
44 176
44 207
44 214
44 228
44 238
44 247
44 248
44 263
44 265
44 281
45 43
45 47
45 79
45 92
45 93
45 123
45 147
45 159
45 173
45 176
45 207
45 214
45 228
45 238
45 247
45 248
45 263
45 265
45 281
46 43
46 47
46 79
46 92
46 93
46 123
46 139
46 147
46 159
46 173
46 176
46 207
46 214
46 228
46 238
46 247
46 248
46 263
46 265
46 281
47 47
47 79
47 81
47 92
47 93
47 104
47 122
47 123
47 139
47 159
47 176
47 207
47 214
47 228
47 240
47 245
47 247
47 248
47 263
47 265
47 279
47 281
48 47
48 66
48 81
48 92
48 93
48 95
48 104
48 122
48 123
48 139
48 159
48 176
48 207
48 214
48 228
48 240
48 245
48 247
48 248
48 263
48 265
48 279
48 281
49 47
49 66
49 81
49 92
49 93
49 95
49 104
49 122
49 123
49 139
49 159
49 176
49 207
49 214
49 228
49 240
49 245
49 247
49 248
49 263
49 265
49 279
49 281
50 54
50 58
50 63
50 66
50 78
50 81
50 92
50 93
50 104
50 115
50 122
50 123
50 124
50 156
50 158
50 159
50 165
50 176
50 207
50 214
50 228
50 232
50 240
50 245
50 247
50 248
50 265
50 279
50 281
51 54
51 58
51 59
51 63
51 66
51 75
51 78
51 81
51 92
51 93
51 104
51 115
51 122
51 123
51 124
51 156
51 158
51 159
51 163
51 165
51 176
51 207
51 214
51 224
51 228
51 232
51 240
51 245
51 247
51 248
51 265
51 279
51 281
52 54
52 58
52 59
52 63
52 66
52 75
52 78
52 81
52 92
52 93
52 104
52 115
52 122
52 123
52 124
52 156
52 158
52 159
52 163
52 165
52 176
52 207
52 214
52 224
52 228
52 232
52 240
52 245
52 247
52 248
52 265
52 279
52 281
53 54
53 58
53 59
53 63
53 72
53 75
53 78
53 81
53 85
53 91
53 92
53 93
53 104
53 115
53 122
53 124
53 152
53 156
53 158
53 163
53 165
53 176
53 190
53 214
53 224
53 228
53 232
53 240
53 245
53 247
53 248
53 265
53 266
53 279
53 281
54 58
54 59
54 63
54 72
54 75
54 78
54 81
54 85
54 91
54 92
54 93
54 104
54 113
54 115
54 122
54 124
54 152
54 156
54 158
54 163
54 165
54 176
54 190
54 195
54 214
54 224
54 228
54 232
54 240
54 245
54 247
54 248
54 265
54 266
54 279
54 281
55 57
55 58
55 59
55 63
55 72
55 73
55 75
55 78
55 81
55 85
55 92
55 93
55 104
55 113
55 122
55 125
55 152
55 156
55 158
55 165
55 174
55 176
55 190
55 195
55 198
55 214
55 224
55 228
55 240
55 245
55 247
55 248
55 250
55 253
55 265
55 266
55 279
55 281
56 57
56 58
56 59
56 63
56 72
56 73
56 75
56 81
56 85
56 92
56 104
56 113
56 122
56 152
56 156
56 158
56 165
56 174
56 176
56 190
56 195
56 198
56 214
56 224
56 228
56 240
56 245
56 247
56 248
56 250
56 265
56 266
56 279
56 281
57 57
57 58
57 59
57 63
57 72
57 73
57 75
57 81
57 104
57 113
57 122
57 152
57 156
57 158
57 165
57 174
57 176
57 190
57 195
57 198
57 214
57 224
57 226
57 228
57 240
57 247
57 248
57 250
57 255
57 265
57 266
57 279
57 281
58 57
58 58
58 59
58 63
58 72
58 73
58 75
58 81
58 104
58 113
58 122
58 152
58 156
58 158
58 165
58 174
58 176
58 190
58 195
58 198
58 214
58 224
58 226
58 228
58 240
58 247
58 248
58 250
58 255
58 265
58 266
58 279
58 281
59 58
59 59
59 62
59 72
59 73
59 75
59 76
59 81
59 104
59 113
59 122
59 156
59 165
59 174
59 176
59 178
59 190
59 195
59 198
59 224
59 226
59 228
59 240
59 247
59 248
59 250
59 255
59 265
59 266
59 279
59 281
60 58
60 62
60 72
60 73
60 75
60 76
60 81
60 104
60 113
60 122
60 127
60 156
60 165
60 174
60 176
60 178
60 190
60 195
60 198
60 224
60 226
60 228
60 240
60 247
60 248
60 250
60 255
60 265
60 266
60 279
60 281
61 58
61 72
61 73
61 104
61 122
61 127
61 165
61 176
61 178
61 190
61 195
61 198
61 224
61 226
61 228
61 240
61 247
61 248
61 250
61 255
61 265
61 266
61 279
61 281
62 58
62 94
62 104
62 111
62 176
62 178
62 190
62 192
62 198
62 224
62 226
62 228
62 240
62 248
62 250
62 255
62 265
62 266
62 279
62 281
63 94
63 104
63 111
63 176
63 178
63 190
63 192
63 224
63 226
63 228
63 240
63 248
63 250
63 255
63 279
63 281
64 104
64 110
64 111
64 176
64 178
64 190
64 192
64 224
64 226
64 228
64 240
64 248
64 250
64 255
64 279
64 281
65 104
65 110
65 111
65 176
65 178
65 190
65 192
65 224
65 226
65 248
65 255
65 279
65 281
66 104
66 110
66 111
66 121
66 176
66 178
66 190
66 192
66 224
66 226
66 248
66 255
66 279
66 281
67 74
67 80
67 104
67 110
67 111
67 121
67 146
67 176
67 178
67 190
67 192
67 224
67 226
67 248
67 255
67 259
67 274
67 279
67 281
68 74
68 80
68 104
68 110
68 111
68 121
68 138
68 146
68 176
68 178
68 190
68 192
68 224
68 226
68 248
68 255
68 259
68 274
68 279
68 281
69 74
69 80
69 104
69 110
69 111
69 121
69 138
69 146
69 176
69 178
69 190
69 192
69 224
69 226
69 248
69 255
69 259
69 274
69 279
69 281
70 74
70 80
70 90
70 100
70 104
70 105
70 110
70 111
70 121
70 138
70 144
70 146
70 176
70 178
70 190
70 192
70 224
70 226
70 241
70 248
70 255
70 259
70 274
70 279
70 281
71 74
71 80
71 90
71 100
71 104
71 105
71 110
71 111
71 121
71 138
71 144
71 146
71 176
71 178
71 190
71 192
71 224
71 226
71 241
71 248
71 255
71 259
71 274
71 279
71 281
72 87
72 90
72 100
72 104
72 105
72 110
72 111
72 126
72 138
72 144
72 146
72 155
72 170
72 176
72 178
72 190
72 192
72 224
72 226
72 241
72 248
72 249
72 251
72 255
72 259
72 274
72 281
73 87
73 90
73 100
73 104
73 105
73 111
73 126
73 138
73 144
73 146
73 155
73 170
73 176
73 178
73 190
73 192
73 224
73 241
73 248
73 249
73 251
73 255
73 259
73 274
73 281
74 87
74 90
74 100
74 104
74 105
74 111
74 126
74 138
74 144
74 146
74 155
74 170
74 176
74 178
74 190
74 192
74 224
74 241
74 248
74 249
74 251
74 255
74 259
74 270
74 274
74 281
75 87
75 90
75 100
75 104
75 111
75 126
75 138
75 144
75 146
75 155
75 170
75 176
75 178
75 190
75 192
75 224
75 241
75 248
75 249
75 251
75 255
75 259
75 270
75 274
75 281
76 87
76 90
76 100
76 104
76 111
76 126
76 138
76 144
76 155
76 170
76 176
76 178
76 190
76 192
76 224
76 241
76 248
76 249
76 251
76 255
76 259
76 270
76 274
76 281
77 87
77 90
77 100
77 104
77 111
77 126
77 138
77 144
77 155
77 170
77 176
77 178
77 190
77 192
77 224
77 241
77 248
77 249
77 251
77 255
77 259
77 270
77 274
77 281
78 87
78 90
78 100
78 104
78 111
78 126
78 138
78 144
78 155
78 170
78 176
78 178
78 190
78 192
78 224
78 241
78 248
78 249
78 251
78 255
78 259
78 270
78 274
78 281
79 87
79 90
79 100
79 103
79 104
79 111
79 126
79 138
79 144
79 155
79 170
79 176
79 178
79 190
79 192
79 224
79 241
79 248
79 249
79 251
79 255
79 259
79 270
79 274
79 281
80 90
80 100
80 103
80 111
80 126
80 138
80 144
80 155
80 170
80 178
80 190
80 192
80 224
80 241
80 248
80 249
80 251
80 255
80 259
80 270
80 274
80 281
81 90
81 100
81 103
81 111
81 126
81 138
81 144
81 155
81 170
81 178
81 190
81 192
81 224
81 241
81 248
81 249
81 251
81 255
81 259
81 270
81 274
81 281
82 90
82 100
82 102
82 103
82 111
82 138
82 144
82 155
82 170
82 178
82 190
82 192
82 224
82 241
82 248
82 249
82 251
82 255
82 259
82 270
82 281
82 283
83 90
83 100
83 102
83 103
83 118
83 138
83 140
83 144
83 151
83 155
83 170
83 178
83 190
83 192
83 200
83 224
83 241
83 248
83 251
83 252
83 255
83 258
83 259
83 270
83 281
83 283
84 97
84 102
84 103
84 118
84 133
84 134
84 138
84 140
84 144
84 150
84 155
84 170
84 178
84 190
84 192
84 200
84 224
84 241
84 248
84 251
84 255
84 261
84 270
84 281
84 283
85 97
85 102
85 103
85 118
85 133
85 134
85 138
85 140
85 144
85 150
85 155
85 170
85 178
85 190
85 192
85 200
85 224
85 241
85 248
85 251
85 255
85 261
85 270
85 281
85 283
86 97
86 102
86 103
86 114
86 118
86 131
86 133
86 134
86 140
86 144
86 150
86 154
86 170
86 178
86 190
86 191
86 192
86 200
86 224
86 241
86 248
86 251
86 255
86 261
86 270
86 281
86 283
87 97
87 102
87 103
87 114
87 118
87 131
87 133
87 134
87 140
87 144
87 150
87 153
87 154
87 170
87 178
87 190
87 191
87 192
87 200
87 215
87 224
87 237
87 241
87 248
87 251
87 255
87 261
87 270
87 281
87 283
88 96
88 97
88 102
88 103
88 118
88 131
88 133
88 134
88 140
88 144
88 150
88 153
88 154
88 170
88 178
88 190
88 191
88 192
88 200
88 215
88 224
88 237
88 241
88 248
88 251
88 255
88 261
88 270
88 281
88 283
89 97
89 102
89 103
89 118
89 131
89 133
89 134
89 140
89 144
89 150
89 153
89 154
89 178
89 190
89 191
89 192
89 200
89 215
89 224
89 237
89 241
89 248
89 251
89 261
89 270
89 281
89 283
90 97
90 102
90 103
90 118
90 131
90 133
90 134
90 140
90 144
90 150
90 153
90 154
90 178
90 190
90 191
90 192
90 200
90 215
90 224
90 237
90 241
90 248
90 251
90 261
90 270
90 281
90 283
91 97
91 102
91 103
91 118
91 131
91 133
91 134
91 140
91 144
91 150
91 153
91 154
91 178
91 190
91 191
91 192
91 200
91 215
91 224
91 237
91 241
91 248
91 251
91 261
91 270
91 283
92 97
92 102
92 103
92 118
92 131
92 133
92 134
92 140
92 144
92 150
92 153
92 154
92 178
92 190
92 191
92 192
92 200
92 215
92 224
92 237
92 241
92 248
92 251
92 261
92 270
92 283
93 97
93 102
93 103
93 118
93 131
93 133
93 134
93 140
93 144
93 150
93 153
93 154
93 178
93 190
93 191
93 192
93 200
93 215
93 216
93 224
93 237
93 241
93 248
93 251
93 261
93 283
94 97
94 102
94 103
94 109
94 118
94 131
94 133
94 134
94 140
94 144
94 150
94 153
94 154
94 178
94 190
94 191
94 192
94 199
94 200
94 215
94 216
94 224
94 237
94 241
94 248
94 251
94 261
94 283
95 97
95 102
95 103
95 109
95 118
95 131
95 133
95 134
95 140
95 144
95 150
95 153
95 154
95 178
95 191
95 192
95 199
95 200
95 215
95 216
95 224
95 236
95 237
95 248
95 251
95 261
95 283
96 97
96 102
96 103
96 109
96 118
96 131
96 140
96 144
96 150
96 153
96 154
96 178
96 191
96 192
96 199
96 200
96 215
96 216
96 224
96 236
96 237
96 248
96 251
96 261
96 283
97 102
97 109
97 137
97 140
97 144
97 150
97 153
97 154
97 171
97 178
97 188
97 191
97 192
97 199
97 200
97 201
97 208
97 215
97 251
97 260
97 261
97 273
97 283
98 102
98 109
98 137
98 140
98 144
98 150
98 153
98 154
98 171
98 178
98 188
98 191
98 192
98 199
98 200
98 201
98 208
98 215
98 251
98 260
98 261
98 269
98 273
98 283
99 102
99 109
99 130
99 140
99 144
99 153
99 154
99 171
99 178
99 188
99 191
99 192
99 199
99 200
99 201
99 208
99 251
99 260
99 261
99 269
99 273
99 283
100 102
100 109
100 130
100 140
100 144
100 153
100 154
100 171
100 178
100 188
100 191
100 192
100 199
100 200
100 201
100 208
100 251
100 260
100 261
100 269
100 273
100 283
101 102
101 109
101 130
101 140
101 144
101 153
101 154
101 171
101 178
101 187
101 188
101 191
101 192
101 199
101 200
101 201
101 208
101 251
101 260
101 261
101 269
101 273
101 283
102 102
102 109
102 130
102 140
102 144
102 153
102 154
102 171
102 184
102 187
102 188
102 191
102 192
102 199
102 200
102 201
102 208
102 251
102 260
102 261
102 269
102 273
102 283
103 102
103 109
103 130
103 140
103 144
103 153
103 154
103 171
103 184
103 187
103 188
103 191
103 192
103 199
103 200
103 201
103 208
103 251
103 260
103 261
103 269
103 273
103 283
104 130
104 140
104 153
104 154
104 171
104 184
104 187
104 188
104 191
104 192
104 199
104 200
104 201
104 208
104 251
104 260
104 261
104 269
104 273
104 283
105 119
105 130
105 140
105 148
105 153
105 171
105 187
105 188
105 191
105 192
105 199
105 200
105 201
105 208
105 251
105 260
105 261
105 269
105 273
105 283
106 119
106 130
106 140
106 148
106 153
106 171
106 187
106 188
106 191
106 199
106 200
106 201
106 206
106 208
106 251
106 260
106 261
106 269
106 273
106 283
107 119
107 130
107 140
107 148
107 153
107 171
107 187
107 188
107 191
107 199
107 200
107 201
107 206
107 208
107 251
107 260
107 261
107 269
107 273
107 283
108 119
108 130
108 140
108 153
108 171
108 187
108 188
108 199
108 200
108 201
108 208
108 260
108 261
108 269
108 273
108 283
109 119
109 140
109 153
109 171
109 187
109 188
109 189
109 199
109 200
109 201
109 221
109 260
109 261
109 269
109 273
109 283
110 119
110 140
110 153
110 171
110 187
110 188
110 189
110 199
110 200
110 201
110 221
110 260
110 261
110 269
110 273
110 283
111 119
111 140
111 153
111 171
111 187
111 188
111 189
111 199
111 200
111 201
111 221
111 260
111 261
111 269
111 273
111 283
112 119
112 140
112 153
112 171
112 187
112 188
112 189
112 199
112 200
112 201
112 221
112 260
112 261
112 269
112 273
112 283
113 119
113 140
113 153
113 171
113 187
113 188
113 189
113 200
113 201
113 221
113 260
113 261
113 269
113 273
113 283
114 119
114 140
114 153
114 171
114 187
114 188
114 189
114 200
114 201
114 221
114 260
114 261
114 269
114 273
114 283
115 119
115 140
115 153
115 171
115 177
115 187
115 188
115 189
115 200
115 201
115 221
115 260
115 261
115 269
115 273
115 283
116 119
116 140
116 153
116 162
116 171
116 177
116 187
116 188
116 189
116 200
116 201
116 221
116 244
116 260
116 261
116 269
116 273
116 283
117 119
117 140
117 153
117 162
117 171
117 177
117 187
117 188
117 200
117 201
117 221
117 244
117 260
117 261
117 269
117 273
117 283
118 119
118 140
118 153
118 162
118 171
118 177
118 187
118 188
118 200
118 201
118 221
118 244
118 260
118 261
118 269
118 273
118 283
119 119
119 140
119 153
119 162
119 171
119 177
119 187
119 188
119 200
119 201
119 221
119 244
119 260
119 261
119 269
119 273
119 283
120 119
120 140
120 153
120 162
120 171
120 177
120 187
120 188
120 201
120 221
120 244
120 260
120 261
120 269
120 273
121 119
121 140
121 153
121 162
121 171
121 177
121 187
121 188
121 201
121 221
121 244
121 260
121 261
121 269
121 273
122 119
122 140
122 153
122 162
122 171
122 177
122 187
122 188
122 201
122 221
122 229
122 244
122 260
122 261
122 267
122 269
122 273
123 119
123 140
123 153
123 157
123 162
123 177
123 187
123 188
123 201
123 202
123 221
123 229
123 244
123 260
123 267
123 269
123 273
124 119
124 140
124 153
124 157
124 162
124 177
124 187
124 188
124 201
124 221
124 229
124 244
124 267
124 269
124 271
124 273
125 140
125 157
125 162
125 166
125 177
125 187
125 201
125 221
125 229
125 244
125 267
125 269
125 271
125 273
126 129
126 140
126 157
126 166
126 177
126 187
126 196
126 201
126 218
126 221
126 229
126 244
126 267
126 269
126 271
126 273
126 276
127 129
127 140
127 157
127 166
127 177
127 187
127 196
127 201
127 218
127 221
127 229
127 244
127 267
127 269
127 271
127 273
127 276
128 129
128 140
128 157
128 166
128 177
128 187
128 194
128 196
128 201
128 218
128 221
128 229
128 244
128 267
128 269
128 271
128 273
128 276
129 129
129 140
129 157
129 166
129 177
129 187
129 194
129 196
129 201
129 218
129 221
129 229
129 244
129 267
129 269
129 271
129 273
129 276
130 129
130 140
130 157
130 166
130 177
130 187
130 194
130 196
130 201
130 218
130 221
130 229
130 244
130 267
130 269
130 271
130 273
131 140
131 157
131 166
131 177
131 187
131 196
131 201
131 217
131 218
131 221
131 229
131 244
131 267
131 269
131 271
131 273
132 140
132 157
132 164
132 166
132 177
132 187
132 196
132 201
132 217
132 218
132 221
132 229
132 244
132 267
132 269
132 271
132 273
132 282
133 164
133 166
133 177
133 180
133 187
133 201
133 217
133 218
133 221
133 229
133 244
133 267
133 269
133 271
133 273
133 282
134 164
134 166
134 177
134 180
134 187
134 201
134 217
134 218
134 221
134 229
134 244
134 267
134 269
134 271
134 273
134 282
135 164
135 166
135 177
135 180
135 187
135 201
135 217
135 218
135 221
135 229
135 244
135 269
135 271
135 273
135 282
136 164
136 166
136 177
136 180
136 187
136 201
136 217
136 218
136 221
136 229
136 244
136 269
136 271
136 273
136 282
137 164
137 166
137 177
137 180
137 187
137 201
137 217
137 218
137 221
137 229
137 244
137 269
137 271
137 273
137 282
138 164
138 166
138 167
138 177
138 180
138 187
138 201
138 217
138 218
138 221
138 229
138 244
138 269
138 271
138 273
138 282
139 164
139 166
139 167
139 177
139 180
139 187
139 201
139 217
139 218
139 221
139 229
139 244
139 269
139 271
139 273
139 282
140 164
140 166
140 167
140 177
140 180
140 187
140 201
140 217
140 218
140 221
140 229
140 244
140 269
140 271
140 273
140 282
141 164
141 167
141 177
141 180
141 187
141 201
141 217
141 218
141 221
141 229
141 239
141 244
141 269
141 271
141 273
141 282
142 164
142 167
142 177
142 180
142 187
142 201
142 217
142 218
142 221
142 229
142 239
142 244
142 269
142 273
142 282
143 164
143 167
143 177
143 180
143 187
143 201
143 217
143 218
143 221
143 229
143 239
143 244
143 269
143 273
143 282
144 160
144 164
144 177
144 187
144 197
144 201
144 204
144 212
144 217
144 221
144 229
144 239
144 244
144 269
144 282
145 160
145 164
145 177
145 187
145 197
145 201
145 204
145 212
145 217
145 221
145 229
145 239
145 244
145 269
145 282
146 160
146 164
146 177
146 187
146 197
146 201
146 204
146 212
146 217
146 221
146 229
146 239
146 244
146 269
146 282
147 160
147 164
147 177
147 181
147 187
147 197
147 201
147 204
147 212
147 217
147 221
147 229
147 239
147 244
147 269
148 160
148 164
148 177
148 181
148 187
148 197
148 201
148 204
148 212
148 217
148 221
148 229
148 239
148 244
148 269
149 160
149 164
149 177
149 181
149 187
149 197
149 201
149 204
149 212
149 217
149 221
149 229
149 239
149 244
149 269
150 160
150 164
150 177
150 181
150 187
150 197
150 201
150 204
150 212
150 217
150 221
150 229
150 239
150 244
150 269
151 160
151 164
151 175
151 177
151 181
151 187
151 197
151 204
151 212
151 217
151 220
151 221
151 229
151 239
151 244
152 160
152 164
152 177
152 181
152 187
152 197
152 204
152 212
152 217
152 220
152 221
152 229
152 239
152 244
153 160
153 164
153 177
153 181
153 187
153 197
153 204
153 212
153 217
153 220
153 221
153 229
153 239
153 244
154 164
154 177
154 181
154 197
154 204
154 212
154 217
154 220
154 221
154 229
154 239
154 244
154 262
155 177
155 181
155 197
155 204
155 212
155 217
155 220
155 221
155 229
155 239
155 244
155 262
156 177
156 204
156 212
156 221
156 229
156 235
156 239
156 243
156 244
156 262
157 177
157 204
157 212
157 221
157 229
157 235
157 239
157 243
157 244
157 262
158 177
158 221
158 229
158 235
158 239
158 243
158 244
159 177
159 221
159 229
159 235
159 239
159 243
159 244
160 177
160 221
160 235
160 239
160 243
160 244
161 177
161 221
161 235
161 239
161 243
161 244
162 177
162 221
162 230
162 235
162 239
162 243
162 244
163 177
163 185
163 205
163 221
163 230
163 235
163 239
163 243
163 244
163 275
164 185
164 205
164 210
164 221
164 230
164 234
164 235
164 239
164 242
164 243
164 244
164 275
165 186
165 205
165 210
165 221
165 223
165 230
165 235
165 239
165 242
165 243
165 244
165 275
166 186
166 205
166 210
166 221
166 223
166 230
166 235
166 239
166 242
166 243
166 244
166 275
166 284
167 186
167 205
167 210
167 221
167 223
167 230
167 235
167 239
167 242
167 243
167 244
167 275
167 284
168 186
168 205
168 210
168 221
168 223
168 230
168 235
168 239
168 242
168 243
168 244
168 256
168 277
168 284
169 186
169 205
169 210
169 221
169 223
169 230
169 235
169 239
169 242
169 243
169 244
169 256
169 277
169 284
170 186
170 205
170 210
170 221
170 223
170 230
170 235
170 239
170 242
170 243
170 244
170 256
170 277
170 284
171 186
171 205
171 210
171 221
171 223
171 230
171 235
171 239
171 242
171 243
171 244
171 256
171 277
171 284
172 186
172 205
172 210
172 221
172 223
172 230
172 235
172 239
172 242
172 243
172 244
172 256
172 277
172 284
173 186
173 210
173 221
173 223
173 230
173 235
173 239
173 242
173 243
173 244
173 256
173 277
174 186
174 210
174 221
174 223
174 230
174 235
174 239
174 242
174 243
174 244
174 256
174 277
175 186
175 210
175 222
175 223
175 230
175 235
175 242
175 243
175 244
175 256
175 277
176 186
176 210
176 223
176 230
176 235
176 242
176 243
176 244
176 256
176 277
177 186
177 210
177 223
177 227
177 230
177 235
177 242
177 243
177 244
177 256
177 268
177 277
178 186
178 210
178 223
178 227
178 230
178 235
178 242
178 243
178 244
178 256
178 268
178 277
179 186
179 210
179 223
179 227
179 230
179 235
179 242
179 243
179 244
179 256
179 268
179 277
179 278
180 186
180 210
180 223
180 227
180 230
180 235
180 242
180 243
180 244
180 256
180 268
180 277
180 278
181 186
181 210
181 223
181 227
181 230
181 235
181 242
181 243
181 244
181 256
181 268
181 277
181 278
182 186
182 210
182 223
182 227
182 230
182 235
182 242
182 243
182 244
182 256
182 268
182 277
182 278
183 186
183 193
183 210
183 223
183 227
183 230
183 235
183 242
183 243
183 256
183 268
183 277
183 278
184 186
184 193
184 210
184 223
184 227
184 230
184 235
184 242
184 243
184 256
184 257
184 268
184 277
184 278
185 186
185 193
185 210
185 223
185 230
185 235
185 243
185 256
185 257
185 268
185 277
185 278
186 186
186 193
186 209
186 210
186 223
186 243
186 246
186 256
186 257
186 268
186 277
186 278
187 186
187 193
187 209
187 210
187 223
187 243
187 246
187 256
187 257
187 268
187 277
187 278
188 186
188 193
188 209
188 210
188 223
188 243
188 246
188 256
188 257
188 268
188 277
188 278
189 186
189 193
189 209
189 210
189 223
189 243
189 246
189 256
189 268
189 277
189 278
190 186
190 193
190 209
190 210
190 223
190 243
190 246
190 256
190 268
190 277
190 278
191 186
191 193
191 209
191 210
191 223
191 243
191 246
191 256
191 268
191 277
191 278
192 186
192 193
192 209
192 210
192 223
192 243
192 246
192 256
192 268
192 277
192 278
193 186
193 193
193 209
193 210
193 223
193 243
193 246
193 256
193 268
193 277
193 278
194 186
194 193
194 209
194 210
194 243
194 246
194 256
194 268
194 277
194 278
195 186
195 193
195 209
195 210
195 243
195 246
195 256
195 268
195 277
195 278
196 186
196 193
196 209
196 210
196 243
196 246
196 256
196 268
196 277
196 278
197 193
197 209
197 210
197 243
197 246
197 256
197 268
197 277
197 278
198 193
198 209
198 210
198 233
198 243
198 246
198 256
198 268
198 277
198 278
199 193
199 209
199 210
199 233
199 243
199 246
199 256
199 268
199 277
199 278
200 193
200 209
200 210
200 243
200 246
200 254
200 256
200 268
200 277
200 278
201 209
201 210
201 243
201 246
201 254
201 256
201 268
201 277
201 278
202 209
202 210
202 243
202 246
202 254
202 256
202 268
202 277
203 209
203 210
203 243
203 246
203 254
203 256
203 268
203 277
204 209
204 210
204 243
204 246
204 254
204 256
204 268
204 277
205 209
205 210
205 243
205 246
205 254
205 256
205 268
205 277
206 209
206 210
206 243
206 254
206 256
206 268
206 277
207 209
207 210
207 243
207 254
207 256
207 268
207 277
208 209
208 210
208 243
208 254
208 256
208 268
208 277
209 209
209 210
209 231
209 243
209 256
209 268
209 277
210 209
210 210
210 231
210 243
210 256
210 268
210 277
211 209
211 210
211 231
211 243
211 256
211 268
211 277
212 209
212 231
212 243
212 256
212 268
212 277
213 209
213 231
213 243
213 256
213 268
213 277
214 209
214 231
214 243
214 256
214 268
214 277
215 209
215 231
215 243
215 256
215 268
215 277
216 209
216 231
216 243
216 256
216 268
216 277
217 209
217 231
217 243
217 256
217 268
217 277
218 209
218 231
218 243
218 256
218 268
218 277
219 209
219 231
219 243
219 256
219 268
219 277
220 209
220 231
220 243
220 256
220 268
220 277
221 231
221 243
221 256
221 268
221 277
222 243
222 256
222 268
222 277
223 243
223 256
223 268
223 277
224 243
224 256
224 268
224 277
225 243
225 256
225 268
225 277
226 243
226 256
226 268
226 277
227 243
227 256
227 268
227 277
228 243
228 256
228 268
228 277
229 243
229 256
229 268
229 277
230 243
230 256
230 268
230 277
231 243
231 256
231 268
231 277
232 243
232 256
232 268
232 277
233 243
233 256
233 268
233 277
234 243
234 256
234 268
234 277
235 243
235 256
235 268
235 277
236 243
236 256
236 268
236 277
237 243
237 256
237 268
237 277
238 243
238 256
238 268
238 277
239 256
239 268
239 277
240 256
240 268
240 277
241 256
241 268
241 277
242 256
242 268
242 277
243 256
243 268
243 277
244 256
244 268
244 277
245 256
245 268
245 277
246 256
246 268
246 277
247 256
247 268
247 277
248 256
248 268
248 277
249 256
249 268
249 277
250 256
250 268
250 277
251 256
251 268
251 277
252 256
252 268
252 277
253 256
253 268
253 277
254 256
254 268
254 277
255 256
255 268
255 277
256 256
256 268
256 277
257 256
257 268
258 256
258 268
259 256
259 268
260 256
261 256
262 256
263 256
264 256
265 256
266 256
267 256
268 256
269 256
270 256
271 256
272 256
273 256
274 256
275 256
276 256
277 256
278 256
279 256
280 256
281 256
282 256
283 256
284 256
