0 23
0 24
1 6
1 7
1 12
1 23
1 40
1 64
1 123
1 219
2 6
2 12
2 23
2 64
2 123
2 219
2 230
3 6
3 12
3 23
3 64
3 88
3 123
3 219
3 230
4 10
4 23
4 28
4 56
4 123
4 149
4 170
4 230
5 10
5 23
5 28
5 56
5 123
5 149
5 150
5 170
5 230
6 10
6 23
6 28
6 56
6 123
6 149
6 150
6 170
6 230
7 10
7 23
7 28
7 38
7 56
7 123
7 149
7 150
7 170
7 230
7 235
8 10
8 23
8 26
8 28
8 38
8 56
8 76
8 82
8 123
8 149
8 150
8 170
8 230
8 235
9 10
9 23
9 26
9 28
9 38
9 56
9 76
9 82
9 123
9 149
9 150
9 170
9 230
9 235
10 19
10 26
10 28
10 32
10 34
10 76
10 82
10 123
10 149
10 150
10 155
10 230
10 235
11 27
11 34
11 70
11 76
11 82
11 111
11 123
11 149
11 150
11 164
11 221
11 230
11 235
11 242
12 20
12 21
12 27
12 34
12 57
12 70
12 76
12 82
12 111
12 123
12 149
12 150
12 164
12 221
12 235
12 242
13 21
13 27
13 34
13 70
13 76
13 82
13 111
13 123
13 149
13 150
13 164
13 216
13 221
13 235
13 242
14 18
14 21
14 27
14 42
14 70
14 76
14 82
14 111
14 123
14 149
14 150
14 164
14 216
14 221
14 235
14 242
15 18
15 21
15 27
15 42
15 70
15 76
15 82
15 111
15 123
15 149
15 164
15 216
15 221
15 235
15 242
16 21
16 22
16 27
16 36
16 42
16 70
16 76
16 82
16 111
16 123
16 127
16 139
16 149
16 164
16 216
16 221
16 235
16 242
17 22
17 27
17 36
17 66
17 70
17 76
17 79
17 82
17 111
17 123
17 127
17 139
17 149
17 164
17 216
17 221
17 235
17 242
18 25
18 36
18 39
18 51
18 66
18 70
18 73
18 76
18 79
18 82
18 98
18 111
18 121
18 123
18 139
18 149
18 164
18 221
18 235
18 242
19 25
19 51
19 66
19 70
19 73
19 76
19 79
19 82
19 98
19 99
19 104
19 111
19 121
19 122
19 123
19 139
19 149
19 164
19 220
19 221
19 235
19 242
20 25
20 51
20 66
20 70
20 73
20 76
20 79
20 82
20 98
20 99
20 104
20 111
20 121
20 122
20 123
20 139
20 149
20 164
20 220
20 221
20 235
20 242
21 70
21 73
21 76
21 80
21 82
21 98
21 99
21 104
21 111
21 116
21 121
21 122
21 123
21 139
21 149
21 164
21 220
21 221
21 224
21 235
22 37
22 70
22 76
22 80
22 82
22 98
22 99
22 104
22 108
22 116
22 121
22 122
22 123
22 139
22 149
22 206
22 220
22 221
22 224
22 235
23 37
23 70
23 76
23 80
23 82
23 98
23 99
23 104
23 108
23 116
23 121
23 122
23 123
23 139
23 149
23 206
23 220
23 221
23 224
23 235
24 37
24 44
24 52
24 70
24 76
24 80
24 82
24 91
24 98
24 99
24 104
24 108
24 116
24 121
24 123
24 139
24 149
24 167
24 206
24 220
24 221
24 224
24 235
24 254
24 256
25 37
25 52
25 70
25 76
25 80
25 82
25 98
25 99
25 104
25 108
25 116
25 121
25 123
25 139
25 149
25 167
25 206
25 220
25 221
25 224
25 235
25 254
25 256
26 37
26 52
26 70
26 76
26 80
26 82
26 98
26 99
26 104
26 108
26 116
26 121
26 123
26 139
26 149
26 167
26 206
26 220
26 221
26 224
26 235
26 254
26 256
27 37
27 49
27 70
27 76
27 98
27 99
27 107
27 108
27 116
27 125
27 139
27 149
27 167
27 206
27 220
27 221
27 224
27 254
27 256
28 31
28 37
28 70
28 99
28 107
28 108
28 112
28 116
28 125
28 132
28 139
28 141
28 149
28 183
28 190
28 206
28 220
28 221
28 224
28 241
28 254
28 256
28 259
29 31
29 37
29 70
29 99
29 107
29 108
29 112
29 116
29 125
29 132
29 139
29 141
29 149
29 183
29 190
29 206
29 220
29 221
29 224
29 241
29 254
29 256
29 259
30 31
30 37
30 65
30 70
30 99
30 107
30 108
30 112
30 116
30 125
30 132
30 139
30 141
30 149
30 183
30 190
30 206
30 220
30 221
30 224
30 241
30 254
30 256
30 259
31 31
31 37
31 47
31 65
31 70
31 99
31 107
31 108
31 112
31 116
31 125
31 132
31 139
31 141
31 149
31 183
31 190
31 206
31 220
31 221
31 224
31 241
31 254
31 256
31 259
32 47
32 65
32 99
32 107
32 108
32 112
32 116
32 125
32 132
32 139
32 141
32 149
32 183
32 206
32 220
32 221
32 224
32 241
32 252
32 254
32 256
32 259
33 47
33 65
33 99
33 107
33 108
33 112
33 116
33 125
33 132
33 139
33 141
33 149
33 183
33 206
33 220
33 221
33 224
33 241
33 252
33 254
33 256
33 259
34 47
34 65
34 99
34 107
34 108
34 112
34 116
34 125
34 132
34 139
34 141
34 149
34 183
34 206
34 220
34 221
34 224
34 241
34 252
34 254
34 256
34 259
35 47
35 99
35 107
35 108
35 112
35 116
35 125
35 132
35 139
35 141
35 149
35 183
35 206
35 220
35 221
35 224
35 241
35 252
35 254
35 256
35 259
36 47
36 99
36 107
36 108
36 112
36 116
36 125
36 132
36 139
36 141
36 149
36 183
36 206
36 220
36 221
36 224
36 241
36 252
36 254
36 256
36 259
37 43
37 77
37 99
37 100
37 107
37 108
37 112
37 116
37 125
37 132
37 141
37 149
37 183
37 206
37 220
37 221
37 224
37 241
37 252
37 254
37 256
37 259
38 43
38 77
38 100
38 107
38 116
38 125
38 141
38 149
38 183
38 204
38 206
38 220
38 221
38 252
38 254
38 256
38 259
39 43
39 53
39 72
39 77
39 100
39 107
39 116
39 125
39 141
39 149
39 183
39 204
39 206
39 220
39 221
39 252
39 254
39 256
39 259
40 43
40 53
40 72
40 75
40 77
40 100
40 107
40 116
40 125
40 129
40 141
40 149
40 183
40 206
40 220
40 221
40 252
40 254
40 256
40 259
41 43
41 53
41 72
41 75
41 77
41 100
41 107
41 116
41 125
41 129
41 141
41 149
41 183
41 206
41 221
41 252
41 254
41 256
41 259
42 43
42 53
42 72
42 75
42 77
42 100
42 107
42 116
42 125
42 129
42 141
42 149
42 183
42 206
42 221
42 252
42 254
42 256
42 259
43 46
43 53
43 68
43 72
43 77
43 86
43 100
43 105
43 116
43 118
43 125
43 129
43 141
43 147
43 149
43 206
43 221
43 252
43 256
43 259
44 46
44 53
44 62
44 72
44 77
44 86
44 90
44 92
44 100
44 105
44 116
44 118
44 125
44 129
44 141
44 147
44 149
44 206
44 221
44 252
44 256
44 259
45 46
45 53
45 61
45 62
45 72
45 74
45 77
45 86
45 92
45 100
45 102
45 105
45 116
45 118
45 125
45 129
45 141
45 147
45 149
45 206
45 221
45 252
45 256
45 259
45 277
46 46
46 53
46 59
46 61
46 74
46 77
46 86
46 92
46 100
46 102
46 116
46 118
46 125
46 129
46 136
46 141
46 147
46 149
46 179
46 206
46 221
46 252
46 256
46 259
46 277
47 46
47 53
47 59
47 61
47 74
47 77
47 86
47 92
47 100
47 102
47 116
47 118
47 125
47 129
47 136
47 141
47 147
47 149
47 179
47 206
47 221
47 252
47 256
47 259
47 277
48 46
48 53
48 59
48 61
48 74
48 77
48 86
48 92
48 100
48 102
48 116
48 118
48 125
48 129
48 136
48 141
48 147
48 149
48 179
48 185
48 206
48 221
48 252
48 256
48 259
48 277
49 46
49 53
49 59
49 61
49 74
49 77
49 86
49 92
49 100
49 102
49 116
49 118
49 125
49 129
49 136
49 141
49 147
49 149
49 179
49 185
49 206
49 221
49 252
49 256
49 259
49 277
50 46
50 53
50 59
50 61
50 74
50 77
50 86
50 92
50 100
50 102
50 109
50 116
50 118
50 129
50 136
50 141
50 147
50 149
50 179
50 185
50 206
50 221
50 252
50 256
50 259
50 277
51 46
51 59
51 61
51 74
51 86
51 92
51 102
51 109
51 116
51 118
51 119
51 136
51 141
51 147
51 149
51 179
51 180
51 185
51 188
51 194
51 206
51 221
51 252
51 259
51 277
52 46
52 74
52 78
52 86
52 92
52 102
52 109
52 116
52 119
52 124
52 136
52 147
52 149
52 179
52 180
52 194
52 197
52 206
52 221
52 252
52 259
52 277
53 86
53 92
53 102
53 109
53 116
53 119
53 124
53 136
53 147
53 149
53 156
53 158
53 179
53 180
53 194
53 197
53 206
53 208
53 221
53 252
53 259
53 277
54 86
54 92
54 102
54 109
54 116
54 119
54 124
54 136
54 147
54 149
54 156
54 158
54 179
54 180
54 194
54 197
54 206
54 208
54 221
54 252
54 259
54 277
55 86
55 92
55 102
55 109
55 116
55 119
55 124
55 136
55 147
55 149
55 156
55 158
55 179
55 180
55 194
55 197
55 206
55 208
55 221
55 252
55 259
55 277
56 86
56 92
56 93
56 101
56 102
56 109
56 116
56 119
56 124
56 136
56 143
56 147
56 149
56 156
56 158
56 166
56 179
56 180
56 194
56 197
56 206
56 208
56 221
56 251
56 252
56 259
56 277
57 86
57 92
57 93
57 101
57 102
57 116
57 119
57 124
57 136
57 143
57 147
57 149
57 156
57 158
57 166
57 179
57 180
57 194
57 197
57 206
57 208
57 221
57 251
57 252
57 259
57 277
58 86
58 92
58 93
58 101
58 102
58 116
58 119
58 124
58 136
58 143
58 147
58 149
58 156
58 158
58 166
58 179
58 180
58 194
58 197
58 206
58 208
58 221
58 251
58 252
58 259
58 277
59 86
59 92
59 93
59 101
59 102
59 116
59 119
59 124
59 136
59 143
59 147
59 149
59 156
59 158
59 166
59 179
59 180
59 194
59 197
59 206
59 208
59 221
59 251
59 252
59 259
59 277
60 81
60 93
60 94
60 101
60 102
60 116
60 119
60 124
60 136
60 143
60 147
60 149
60 156
60 158
60 166
60 179
60 180
60 194
60 197
60 206
60 208
60 221
60 252
60 259
60 277
61 81
61 93
61 94
61 101
61 102
61 115
61 116
61 117
61 119
61 124
61 136
61 147
61 149
61 156
61 158
61 179
61 180
61 194
61 197
61 206
61 208
61 221
61 222
61 252
61 259
61 262
61 277
62 69
62 81
62 93
62 94
62 101
62 115
62 116
62 117
62 119
62 124
62 136
62 147
62 149
62 156
62 158
62 179
62 180
62 194
62 197
62 206
62 208
62 221
62 222
62 252
62 259
62 262
62 277
63 69
63 81
63 94
63 101
63 115
63 116
63 117
63 119
63 124
63 136
63 147
63 149
63 156
63 158
63 179
63 180
63 194
63 197
63 206
63 208
63 221
63 222
63 252
63 259
63 262
63 264
63 277
64 69
64 81
64 94
64 101
64 115
64 116
64 117
64 119
64 124
64 136
64 147
64 149
64 156
64 158
64 179
64 194
64 197
64 206
64 208
64 221
64 222
64 252
64 259
64 262
64 264
64 277
65 69
65 81
65 94
65 101
65 116
65 117
65 119
65 124
65 136
65 147
65 149
65 156
65 158
65 179
65 194
65 197
65 206
65 208
65 221
65 222
65 252
65 259
65 262
65 264
65 277
66 69
66 81
66 97
66 101
66 116
66 117
66 119
66 124
66 136
66 147
66 149
66 156
66 158
66 171
66 179
66 194
66 197
66 206
66 208
66 221
66 222
66 252
66 259
66 262
66 264
66 277
67 81
67 97
67 101
67 116
67 117
67 119
67 124
67 134
67 136
67 147
67 149
67 156
67 158
67 171
67 179
67 194
67 197
67 206
67 208
67 221
67 222
67 252
67 259
67 262
67 264
67 277
68 81
68 97
68 101
68 116
68 117
68 119
68 124
68 134
68 136
68 147
68 149
68 156
68 158
68 171
68 179
68 194
68 197
68 206
68 208
68 221
68 222
68 252
68 262
68 264
68 277
69 81
69 97
69 101
69 116
69 117
69 119
69 124
69 134
69 136
69 147
69 149
69 156
69 158
69 171
69 179
69 194
69 197
69 206
69 208
69 221
69 222
69 252
69 262
69 264
69 277
70 81
70 83
70 87
70 97
70 101
70 116
70 117
70 119
70 124
70 134
70 136
70 147
70 149
70 156
70 158
70 171
70 179
70 194
70 197
70 206
70 208
70 221
70 222
70 252
70 262
70 264
70 277
71 81
71 83
71 87
71 97
71 101
71 116
71 117
71 119
71 124
71 134
71 136
71 147
71 149
71 156
71 158
71 171
71 179
71 194
71 197
71 206
71 208
71 221
71 222
71 252
71 262
71 264
71 277
72 81
72 83
72 87
72 97
72 101
72 116
72 117
72 119
72 124
72 134
72 136
72 147
72 149
72 156
72 158
72 160
72 171
72 179
72 197
72 206
72 208
72 221
72 222
72 252
72 262
72 264
72 277
73 81
73 83
73 87
73 97
73 101
73 116
73 117
73 119
73 124
73 134
73 136
73 147
73 149
73 156
73 158
73 160
73 171
73 179
73 197
73 206
73 208
73 221
73 222
73 252
73 262
73 264
73 277
74 81
74 83
74 87
74 97
74 101
74 116
74 117
74 119
74 124
74 134
74 136
74 152
74 156
74 158
74 160
74 171
74 179
74 197
74 206
74 208
74 221
74 222
74 252
74 262
74 264
74 272
74 277
75 81
75 83
75 97
75 101
75 116
75 117
75 119
75 124
75 134
75 135
75 136
75 152
75 156
75 160
75 171
75 179
75 197
75 206
75 208
75 221
75 222
75 252
75 262
75 264
75 272
75 277
76 81
76 97
76 101
76 116
76 117
76 119
76 124
76 134
76 135
76 136
76 152
76 156
76 160
76 171
76 179
76 197
76 206
76 208
76 212
76 221
76 222
76 252
76 262
76 264
76 272
76 277
77 81
77 97
77 101
77 116
77 117
77 119
77 124
77 134
77 135
77 136
77 152
77 156
77 160
77 179
77 197
77 206
77 208
77 212
77 221
77 222
77 252
77 262
77 264
77 272
77 277
78 97
78 101
78 116
78 117
78 119
78 124
78 134
78 135
78 152
78 156
78 160
78 179
78 197
78 201
78 206
78 208
78 212
78 221
78 222
78 252
78 262
78 264
78 272
78 277
79 101
79 103
79 116
79 117
79 119
79 124
79 134
79 135
79 152
79 156
79 160
79 179
79 197
79 201
79 206
79 208
79 212
79 221
79 222
79 252
79 262
79 264
79 277
80 101
80 103
80 106
80 116
80 117
80 119
80 124
80 134
80 156
80 160
80 179
80 197
80 201
80 206
80 208
80 212
80 221
80 222
80 252
80 262
80 264
80 277
81 101
81 103
81 106
81 116
81 117
81 119
81 124
81 134
81 156
81 160
81 179
81 197
81 201
81 206
81 208
81 212
81 221
81 222
81 252
81 262
81 264
81 277
82 101
82 103
82 106
82 116
82 119
82 124
82 134
82 142
82 156
82 160
82 195
82 197
82 201
82 206
82 208
82 212
82 221
82 222
82 252
82 258
82 262
82 264
82 273
82 277
83 95
83 101
83 103
83 106
83 113
83 116
83 119
83 124
83 133
83 134
83 142
83 144
83 160
83 195
83 197
83 201
83 206
83 208
83 212
83 221
83 222
83 252
83 258
83 262
83 264
83 273
83 277
84 95
84 101
84 103
84 106
84 113
84 116
84 119
84 124
84 133
84 134
84 142
84 144
84 160
84 195
84 197
84 201
84 206
84 208
84 212
84 221
84 222
84 252
84 258
84 262
84 264
84 273
84 277
85 95
85 101
85 103
85 106
85 113
85 116
85 119
85 124
85 133
85 134
85 142
85 144
85 160
85 195
85 197
85 201
85 206
85 208
85 212
85 221
85 222
85 252
85 258
85 262
85 264
85 273
85 277
86 95
86 101
86 103
86 113
86 116
86 124
86 133
86 134
86 142
86 144
86 160
86 195
86 201
86 206
86 208
86 212
86 221
86 222
86 258
86 262
86 264
86 273
86 277
87 95
87 101
87 103
87 113
87 116
87 124
87 133
87 134
87 140
87 142
87 144
87 160
87 195
87 201
87 206
87 208
87 212
87 221
87 222
87 258
87 262
87 264
87 273
87 277
88 95
88 101
88 103
88 113
88 116
88 124
88 133
88 134
88 140
88 142
88 144
88 201
88 206
88 208
88 212
88 221
88 222
88 247
88 258
88 262
88 264
88 273
88 277
89 95
89 101
89 103
89 113
89 116
89 124
89 133
89 134
89 140
89 142
89 144
89 201
89 206
89 208
89 212
89 221
89 222
89 258
89 262
89 264
89 273
89 277
90 95
90 101
90 103
90 113
90 116
90 124
90 133
90 134
90 140
90 142
90 144
90 201
90 206
90 208
90 212
90 221
90 222
90 258
90 262
90 264
90 273
90 277
91 95
91 101
91 103
91 113
91 114
91 124
91 131
91 133
91 134
91 140
91 142
91 144
91 200
91 201
91 206
91 208
91 212
91 221
91 222
91 258
91 262
91 264
91 273
91 277
92 95
92 103
92 114
92 124
92 131
92 133
92 134
92 140
92 142
92 144
92 200
92 201
92 206
92 208
92 212
92 221
92 222
92 258
92 262
92 264
92 273
92 277
93 95
93 103
93 114
93 124
93 131
93 133
93 134
93 140
93 142
93 144
93 200
93 201
93 206
93 208
93 212
93 221
93 222
93 258
93 262
93 264
93 273
93 277
94 95
94 103
94 114
94 124
94 131
94 133
94 134
94 140
94 142
94 144
94 200
94 201
94 206
94 208
94 212
94 221
94 222
94 228
94 258
94 262
94 264
94 273
94 277
95 95
95 103
95 114
95 124
95 131
95 133
95 134
95 140
95 142
95 144
95 200
95 201
95 206
95 208
95 212
95 221
95 222
95 228
95 250
95 258
95 262
95 264
95 273
95 277
96 95
96 114
96 124
96 131
96 133
96 134
96 140
96 142
96 144
96 200
96 201
96 206
96 208
96 212
96 221
96 222
96 228
96 250
96 258
96 262
96 264
96 273
96 277
97 95
97 114
97 124
97 131
97 133
97 140
97 142
97 144
97 151
97 200
97 206
97 208
97 221
97 222
97 228
97 250
97 258
97 262
97 264
97 273
97 277
98 95
98 124
98 131
98 133
98 140
98 142
98 144
98 151
98 200
98 206
98 208
98 221
98 222
98 228
98 250
98 258
98 262
98 264
98 273
98 277
99 95
99 124
99 131
99 133
99 140
99 142
99 144
99 151
99 200
99 206
99 208
99 221
99 222
99 228
99 250
99 258
99 262
99 264
99 273
99 277
100 95
100 124
100 131
100 133
100 140
100 142
100 144
100 151
100 200
100 206
100 208
100 221
100 222
100 228
100 250
100 258
100 262
100 264
100 273
100 277
101 95
101 124
101 131
101 133
101 140
101 142
101 144
101 151
101 200
101 206
101 208
101 221
101 222
101 228
101 250
101 258
101 262
101 264
101 273
101 277
102 95
102 124
102 131
102 133
102 140
102 142
102 144
102 151
102 200
102 206
102 208
102 221
102 222
102 228
102 250
102 258
102 262
102 264
102 273
102 277
103 95
103 124
103 131
103 133
103 140
103 142
103 144
103 151
103 200
103 206
103 208
103 221
103 222
103 228
103 250
103 258
103 262
103 264
103 273
103 277
104 95
104 124
104 131
104 133
104 140
104 142
104 144
104 151
104 200
104 206
104 208
104 221
104 222
104 228
104 250
104 258
104 262
104 264
104 273
104 277
105 95
105 124
105 131
105 133
105 140
105 142
105 144
105 151
105 200
105 206
105 208
105 221
105 228
105 250
105 258
105 262
105 264
105 273
105 277
106 95
106 124
106 131
106 133
106 140
106 142
106 144
106 151
106 200
106 206
106 208
106 221
106 228
106 250
106 258
106 262
106 264
106 273
106 277
107 95
107 124
107 131
107 133
107 140
107 142
107 144
107 151
107 200
107 206
107 221
107 228
107 250
107 258
107 262
107 264
107 273
107 277
108 95
108 124
108 131
108 133
108 140
108 142
108 144
108 151
108 200
108 206
108 221
108 228
108 250
108 258
108 262
108 264
108 273
108 277
109 95
109 124
109 131
109 133
109 142
109 144
109 151
109 200
109 206
109 221
109 228
109 250
109 258
109 262
109 264
109 273
109 277
110 95
110 124
110 131
110 133
110 142
110 144
110 151
110 153
110 200
110 206
110 221
110 228
110 250
110 258
110 262
110 264
110 273
110 277
111 95
111 124
111 131
111 133
111 142
111 144
111 151
111 153
111 200
111 206
111 221
111 228
111 250
111 258
111 262
111 264
111 273
111 277
112 124
112 131
112 142
112 144
112 151
112 153
112 200
112 206
112 221
112 228
112 250
112 253
112 258
112 262
112 264
112 273
112 277
113 124
113 131
113 142
113 144
113 151
113 153
113 200
113 221
113 228
113 250
113 253
113 258
113 262
113 264
113 277
114 124
114 131
114 142
114 144
114 151
114 153
114 186
114 200
114 221
114 228
114 250
114 253
114 258
114 262
114 264
114 277
115 128
115 131
115 142
115 144
115 151
115 153
115 186
115 200
115 221
115 228
115 250
115 253
115 258
115 262
115 264
116 131
116 142
116 144
116 151
116 153
116 159
116 186
116 200
116 221
116 228
116 234
116 250
116 253
116 258
116 262
116 264
117 131
117 142
117 144
117 151
117 153
117 159
117 186
117 200
117 221
117 228
117 234
117 250
117 253
117 258
117 262
117 264
118 131
118 142
118 144
118 151
118 153
118 159
118 186
118 200
118 221
118 228
118 232
118 234
118 246
118 250
118 253
118 258
118 262
118 264
119 130
119 144
119 151
119 153
119 159
119 186
119 221
119 228
119 232
119 234
119 245
119 250
119 258
119 262
119 264
120 126
120 130
120 144
120 146
120 151
120 153
120 159
120 175
120 186
120 202
120 228
120 232
120 234
120 240
120 245
120 250
120 258
120 262
120 264
121 126
121 130
121 144
121 146
121 151
121 153
121 159
121 175
121 186
121 202
121 228
121 234
121 240
121 245
121 250
121 262
121 264
122 126
122 146
122 151
122 153
122 159
122 172
122 175
122 186
122 202
122 228
122 234
122 236
122 240
122 245
122 250
122 262
123 126
123 146
123 151
123 153
123 159
123 172
123 175
123 186
123 202
123 228
123 234
123 236
123 240
123 245
123 250
123 262
124 126
124 146
124 148
124 151
124 159
124 161
124 172
124 175
124 178
124 186
124 202
124 228
124 234
124 240
124 245
124 250
124 262
125 126
125 146
125 148
125 151
125 159
125 161
125 172
125 175
125 178
125 186
125 198
125 202
125 228
125 234
125 240
125 245
125 250
125 262
126 126
126 159
126 172
126 174
126 175
126 186
126 198
126 217
126 228
126 234
126 240
126 250
126 262
127 126
127 157
127 159
127 172
127 174
127 175
127 186
127 198
127 217
127 228
127 234
127 240
127 250
127 262
127 283
128 126
128 157
128 159
128 172
128 175
128 186
128 198
128 210
128 217
128 228
128 234
128 240
128 250
128 262
128 283
129 126
129 157
129 159
129 172
129 175
129 186
129 198
129 210
129 217
129 228
129 234
129 240
129 250
129 262
129 263
129 283
130 126
130 157
130 159
130 162
130 172
130 175
130 186
130 198
130 210
130 217
130 228
130 234
130 240
130 250
130 262
130 263
130 283
131 126
131 157
131 159
131 162
131 172
131 175
131 186
131 198
131 210
131 217
131 228
131 234
131 250
131 262
131 263
131 283
132 126
132 137
132 157
132 159
132 162
132 172
132 175
132 186
132 198
132 210
132 217
132 234
132 262
132 263
132 283
133 126
133 137
133 138
133 157
133 159
133 162
133 169
133 172
133 175
133 186
133 198
133 210
133 217
133 233
133 234
133 262
133 279
133 283
134 126
134 137
134 138
134 157
134 159
134 162
134 169
134 172
134 175
134 186
134 198
134 210
134 217
134 233
134 234
134 262
134 279
134 283
135 126
135 137
135 138
135 157
135 159
135 162
135 169
135 172
135 175
135 186
135 198
135 210
135 217
135 233
135 234
135 262
135 279
135 283
136 137
136 138
136 157
136 159
136 162
136 168
136 169
136 175
136 184
136 186
136 198
136 210
136 211
136 217
136 233
136 262
136 279
137 137
137 138
137 157
137 159
137 162
137 168
137 169
137 175
137 184
137 186
137 198
137 210
137 211
137 217
137 233
137 262
137 279
138 137
138 138
138 157
138 159
138 162
138 168
138 169
138 175
138 184
138 186
138 198
138 210
138 211
138 217
138 262
139 154
139 157
139 159
139 162
139 169
139 175
139 181
139 184
139 198
139 210
139 211
139 217
139 223
139 262
140 154
140 157
140 159
140 162
140 169
140 175
140 181
140 184
140 198
140 210
140 211
140 217
140 223
140 262
141 154
141 157
141 159
141 162
141 169
141 175
141 181
141 184
141 198
141 210
141 211
141 217
141 223
141 262
141 271
142 154
142 157
142 159
142 162
142 169
142 175
142 182
142 184
142 198
142 210
142 211
142 223
142 255
142 262
142 271
143 154
143 157
143 159
143 162
143 169
143 175
143 182
143 184
143 198
143 210
143 211
143 223
143 255
143 262
143 271
144 145
144 154
144 157
144 159
144 162
144 169
144 175
144 182
144 198
144 210
144 211
144 223
144 255
144 262
144 271
145 154
145 157
145 159
145 163
145 169
145 182
145 198
145 210
145 211
145 218
145 223
145 255
145 262
145 271
146 154
146 157
146 159
146 163
146 169
146 182
146 198
146 209
146 210
146 211
146 218
146 223
146 227
146 255
146 262
146 271
146 280
147 154
147 157
147 159
147 163
147 169
147 182
147 198
147 209
147 210
147 211
147 218
147 223
147 227
147 239
147 262
147 271
147 280
148 154
148 157
148 159
148 163
148 169
148 182
148 198
148 209
148 210
148 211
148 218
148 223
148 227
148 239
148 262
148 271
148 280
148 284
149 157
149 159
149 163
149 169
149 182
149 209
149 210
149 211
149 218
149 223
149 239
149 271
149 284
150 157
150 159
150 163
150 169
150 182
150 209
150 210
150 211
150 218
150 223
150 239
150 271
150 284
151 157
151 159
151 163
151 169
151 182
151 209
151 210
151 211
151 218
151 223
151 225
151 239
151 271
151 284
152 159
152 163
152 169
152 182
152 193
152 205
152 209
152 210
152 211
152 218
152 223
152 225
152 238
152 239
152 243
152 271
152 284
153 159
153 163
153 169
153 182
153 193
153 205
153 209
153 210
153 211
153 218
153 223
153 225
153 238
153 239
153 243
153 271
153 284
154 159
154 169
154 182
154 193
154 205
154 209
154 210
154 211
154 218
154 223
154 225
154 238
154 239
154 243
154 271
154 284
155 159
155 169
155 182
155 193
155 205
155 209
155 210
155 211
155 218
155 223
155 225
155 229
155 238
155 239
155 243
155 271
155 284
156 159
156 169
156 193
156 205
156 209
156 210
156 211
156 218
156 223
156 225
156 229
156 238
156 239
156 243
156 271
156 284
157 159
157 169
157 193
157 203
157 205
157 209
157 210
157 211
157 218
157 223
157 225
157 229
157 238
157 239
157 243
157 271
157 284
158 159
158 169
158 193
158 203
158 205
158 209
158 210
158 211
158 218
158 223
158 225
158 229
158 238
158 239
158 243
158 271
158 284
159 169
159 193
159 203
159 205
159 209
159 210
159 211
159 218
159 223
159 225
159 229
159 238
159 239
159 243
159 271
159 284
160 169
160 187
160 193
160 203
160 205
160 209
160 210
160 218
160 225
160 238
160 239
160 243
160 284
161 169
161 187
161 193
161 203
161 205
161 209
161 210
161 218
161 225
161 238
161 243
161 284
162 169
162 187
162 191
162 193
162 203
162 205
162 209
162 210
162 218
162 225
162 238
162 268
162 284
163 169
163 187
163 191
163 193
163 203
163 205
163 209
163 210
163 218
163 225
163 238
163 268
163 284
164 169
164 173
164 187
164 191
164 203
164 205
164 209
164 210
164 225
164 226
164 238
164 268
164 284
165 169
165 173
165 187
165 191
165 203
165 205
165 209
165 210
165 225
165 226
165 238
165 268
165 284
166 169
166 173
166 187
166 191
166 196
166 203
166 205
166 209
166 210
166 225
166 226
166 238
166 268
166 284
167 169
167 173
167 187
167 191
167 196
167 203
167 205
167 209
167 210
167 225
167 226
167 238
167 268
167 284
168 169
168 173
168 187
168 191
168 196
168 203
168 205
168 209
168 210
168 225
168 226
168 238
168 268
168 284
169 169
169 173
169 187
169 191
169 196
169 203
169 205
169 207
169 209
169 210
169 225
169 226
169 238
169 268
169 284
170 169
170 173
170 187
170 191
170 196
170 203
170 205
170 207
170 209
170 210
170 225
170 226
170 238
170 268
170 284
171 169
171 173
171 187
171 191
171 192
171 196
171 203
171 205
171 207
171 209
171 210
171 225
171 226
171 238
171 268
171 284
172 169
172 173
172 187
172 191
172 192
172 196
172 203
172 205
172 207
172 209
172 210
172 225
172 226
172 238
172 268
172 284
173 169
173 173
173 187
173 191
173 192
173 196
173 203
173 205
173 207
173 209
173 210
173 225
173 226
173 238
173 268
174 169
174 173
174 187
174 191
174 192
174 196
174 203
174 205
174 207
174 209
174 210
174 225
174 226
174 238
174 268
175 169
175 173
175 187
175 191
175 192
175 196
175 203
175 205
175 207
175 209
175 210
175 225
175 226
175 238
175 268
176 169
176 173
176 187
176 191
176 192
176 196
176 203
176 205
176 207
176 209
176 210
176 225
176 226
176 238
176 268
177 169
177 173
177 187
177 191
177 192
177 196
177 203
177 205
177 207
177 209
177 210
177 225
177 226
177 238
177 268
178 169
178 173
178 187
178 191
178 192
178 196
178 203
178 205
178 207
178 209
178 210
178 225
178 226
178 238
178 268
179 169
179 173
179 187
179 191
179 192
179 196
179 203
179 205
179 207
179 209
179 210
179 213
179 225
179 226
179 238
179 268
180 169
180 173
180 192
180 203
180 205
180 207
180 209
180 210
180 213
180 225
180 226
180 238
180 268
181 169
181 173
181 192
181 203
181 205
181 207
181 209
181 210
181 213
181 225
181 226
181 238
181 268
182 169
182 173
182 192
182 203
182 207
182 209
182 210
182 213
182 226
182 238
182 268
183 169
183 173
183 192
183 203
183 207
183 209
183 210
183 213
183 226
183 238
183 268
184 169
184 173
184 192
184 203
184 207
184 209
184 210
184 213
184 226
184 238
184 268
185 169
185 173
185 192
185 203
185 207
185 209
185 210
185 213
185 226
185 238
185 268
186 169
186 173
186 192
186 203
186 207
186 209
186 210
186 213
186 226
186 238
186 268
187 169
187 192
187 203
187 207
187 210
187 213
187 226
187 238
187 268
188 169
188 192
188 203
188 207
188 210
188 213
188 226
188 238
188 268
189 169
189 192
189 203
189 207
189 210
189 213
189 226
189 238
189 268
190 169
190 192
190 203
190 207
190 210
190 226
190 238
190 268
191 169
191 203
191 207
191 210
191 226
191 238
191 266
191 268
192 169
192 203
192 207
192 210
192 226
192 238
192 266
192 268
192 269
193 169
193 203
193 207
193 226
193 238
193 266
193 268
193 269
194 169
194 203
194 207
194 226
194 237
194 238
194 266
194 268
194 269
195 169
195 203
195 207
195 215
195 226
195 237
195 238
195 266
195 268
195 269
196 169
196 203
196 207
196 215
196 226
196 237
196 238
196 266
196 268
196 269
197 169
197 207
197 215
197 226
197 238
197 266
197 268
198 169
198 207
198 215
198 226
198 238
198 266
198 268
199 169
199 207
199 215
199 226
199 238
199 266
199 268
200 169
200 207
200 215
200 226
200 238
200 266
200 268
201 169
201 207
201 215
201 226
201 238
201 266
201 268
202 169
202 207
202 215
202 238
202 266
202 268
203 169
203 207
203 215
203 238
203 266
203 268
203 276
204 169
204 207
204 215
204 238
204 266
204 268
204 276
205 169
205 207
205 214
205 215
205 238
205 266
205 268
205 276
206 169
206 207
206 214
206 215
206 231
206 238
206 244
206 249
206 257
206 266
206 268
206 276
207 169
207 207
207 215
207 231
207 238
207 244
207 249
207 257
207 266
207 268
207 276
208 207
208 215
208 231
208 238
208 244
208 249
208 257
208 266
208 268
208 275
208 276
209 207
209 215
209 231
209 238
209 244
209 249
209 257
209 265
209 266
209 268
209 275
209 276
210 207
210 215
210 231
210 238
210 244
210 249
210 257
210 266
210 268
210 275
210 276
211 207
211 215
211 231
211 238
211 244
211 249
211 257
211 266
211 268
211 270
211 275
211 276
211 281
212 207
212 215
212 231
212 238
212 244
212 249
212 257
212 266
212 268
212 270
212 275
212 276
212 281
213 207
213 215
213 231
213 238
213 244
213 249
213 257
213 266
213 268
213 270
213 275
213 276
213 281
214 207
214 215
214 231
214 238
214 244
214 249
214 257
214 266
214 268
214 270
214 275
214 276
214 281
215 207
215 231
215 238
215 244
215 249
215 257
215 266
215 268
215 270
215 275
215 276
215 281
216 207
216 231
216 238
216 244
216 249
216 257
216 266
216 268
216 270
216 275
216 276
216 281
217 207
217 231
217 238
217 244
217 249
217 257
217 266
217 268
217 270
217 275
217 276
217 281
218 207
218 231
218 238
218 244
218 249
218 257
218 268
218 270
218 275
218 276
218 281
219 207
219 231
219 238
219 244
219 249
219 257
219 268
219 270
219 275
219 276
219 281
220 207
220 231
220 238
220 244
220 249
220 257
220 270
220 275
220 276
220 281
221 207
221 231
221 238
221 244
221 249
221 257
221 270
221 275
221 276
221 281
222 207
222 231
222 238
222 244
222 249
222 257
222 270
222 275
222 276
222 281
223 207
223 231
223 238
223 244
223 249
223 257
223 270
223 275
223 276
223 281
224 207
224 231
224 238
224 244
224 249
224 257
224 270
224 275
224 276
224 281
225 207
225 231
225 238
225 244
225 248
225 249
225 257
225 270
225 275
225 276
225 281
226 207
226 231
226 244
226 248
226 249
226 257
226 270
226 275
226 276
226 281
227 231
227 244
227 248
227 249
227 257
227 270
227 275
227 276
227 281
228 231
228 244
228 248
228 249
228 257
228 267
228 270
228 275
228 276
228 281
229 231
229 244
229 248
229 249
229 257
229 267
229 270
229 275
229 276
229 281
230 231
230 244
230 248
230 249
230 257
230 267
230 270
230 275
230 276
230 281
231 231
231 244
231 248
231 249
231 257
231 267
231 270
231 275
231 276
231 281
232 244
232 248
232 249
232 257
232 267
232 270
232 274
232 275
232 276
232 281
233 244
233 248
233 249
233 257
233 267
233 270
233 274
233 275
233 276
233 281
234 244
234 248
234 249
234 257
234 267
234 270
234 274
234 275
234 276
234 281
235 244
235 248
235 249
235 257
235 267
235 270
235 274
235 275
235 276
235 281
236 244
236 248
236 249
236 270
236 274
236 275
236 276
236 281
237 244
237 248
237 249
237 270
237 274
237 275
237 276
237 281
238 244
238 248
238 249
238 270
238 274
238 275
238 276
238 281
239 244
239 248
239 249
239 270
239 274
239 275
239 276
240 244
240 248
240 249
240 270
240 274
240 275
240 276
241 244
241 248
241 249
241 274
241 275
241 276
241 278
242 244
242 248
242 249
242 274
242 275
242 276
242 278
243 244
243 248
243 249
243 274
243 275
243 276
243 278
244 244
244 248
244 249
244 274
244 275
244 276
244 278
245 244
245 248
245 249
245 274
245 275
245 276
245 278
246 248
246 249
246 274
246 275
246 276
246 278
247 248
247 249
247 274
247 275
247 276
247 278
248 248
248 249
248 274
248 275
248 276
248 278
249 248
249 249
249 274
249 275
249 276
249 278
250 248
250 249
250 274
250 275
250 276
250 278
251 248
251 249
251 274
251 275
251 276
251 278
252 248
252 249
252 275
252 276
252 278
253 248
253 275
253 276
253 278
254 248
254 275
254 276
254 278
255 248
255 276
255 278
256 248
256 276
256 278
257 248
257 276
257 278
258 248
258 276
258 278
259 248
259 276
259 278
260 248
260 276
260 278
261 248
261 276
261 278
262 248
262 276
262 278
263 248
263 276
263 278
264 276
264 278
265 276
265 278
266 276
266 278
267 276
267 278
268 276
268 278
268 282
269 278
269 282
270 278
270 282
271 278
271 282
272 278
272 282
273 278
273 282
274 278
274 282
275 278
275 282
276 278
276 282
277 278
277 282
278 278
278 282
279 278
279 282
280 278
280 282
281 278
281 282
282 278
282 282
283 278
284 278
