0 6
0 9
0 11
0 247
1 9
1 11
1 247
2 5
2 9
2 11
2 12
2 247
3 5
3 9
3 11
3 12
3 247
4 9
4 11
4 12
4 247
5 8
5 11
5 23
5 33
5 37
5 41
5 72
5 136
5 138
5 167
5 223
5 247
6 8
6 11
6 23
6 24
6 33
6 37
6 41
6 72
6 114
6 138
6 167
6 223
6 247
7 23
7 32
7 37
7 41
7 59
7 72
7 74
7 114
7 138
7 223
7 247
8 23
8 32
8 37
8 59
8 72
8 74
8 114
8 138
8 223
8 247
8 261
9 16
9 17
9 35
9 37
9 53
9 59
9 67
9 74
9 83
9 112
9 114
9 138
9 181
9 211
9 223
9 247
9 261
10 15
10 59
10 67
10 74
10 105
10 112
10 114
10 138
10 169
10 181
10 202
10 223
10 242
10 247
10 261
11 15
11 21
11 26
11 36
11 56
11 59
11 67
11 74
11 105
11 112
11 114
11 138
11 169
11 181
11 202
11 242
11 247
11 261
11 275
12 13
12 15
12 21
12 26
12 36
12 56
12 59
12 67
12 74
12 105
12 114
12 138
12 169
12 181
12 202
12 242
12 247
12 275
13 15
13 20
13 21
13 56
13 59
13 74
13 105
13 114
13 138
13 169
13 181
13 202
13 242
13 247
13 249
13 275
14 19
14 20
14 21
14 27
14 59
14 105
14 114
14 138
14 169
14 202
14 242
14 275
15 19
15 20
15 21
15 50
15 59
15 91
15 105
15 114
15 138
15 169
15 202
15 242
15 275
16 19
16 20
16 21
16 50
16 59
16 86
16 91
16 105
16 114
16 138
16 169
16 202
16 242
16 275
17 19
17 20
17 21
17 50
17 59
17 86
17 91
17 105
17 114
17 138
17 169
17 202
17 242
17 275
18 20
18 21
18 50
18 59
18 86
18 91
18 105
18 114
18 138
18 169
18 202
18 242
18 275
19 22
19 31
19 43
19 49
19 50
19 78
19 86
19 169
19 202
19 230
19 242
20 31
20 42
20 49
20 50
20 78
20 85
20 86
20 108
20 202
20 242
21 31
21 42
21 49
21 50
21 78
21 85
21 86
21 108
21 202
21 242
22 31
22 50
22 86
22 108
22 160
22 202
22 242
23 31
23 50
23 64
23 86
23 108
23 160
23 202
23 242
24 31
24 50
24 64
24 86
24 108
24 160
24 202
24 242
25 31
25 38
25 50
25 86
25 108
25 160
25 202
25 242
26 38
26 44
26 66
26 86
26 92
26 108
26 160
26 178
26 202
26 234
26 242
27 38
27 44
27 71
27 86
27 92
27 108
27 120
27 160
27 178
27 202
27 234
27 242
28 44
28 71
28 86
28 92
28 108
28 120
28 127
28 160
28 178
28 202
28 234
28 242
29 44
29 60
29 71
29 86
29 92
29 108
29 110
29 120
29 123
29 127
29 154
29 160
29 178
29 202
29 210
29 234
29 242
29 282
30 34
30 39
30 60
30 87
30 92
30 108
30 110
30 120
30 123
30 127
30 148
30 152
30 154
30 178
30 202
30 210
30 216
30 234
30 242
30 282
31 34
31 39
31 60
31 87
31 92
31 108
31 110
31 120
31 123
31 127
31 132
31 148
31 152
31 154
31 178
31 202
31 210
31 216
31 234
31 242
31 282
32 34
32 60
32 63
32 69
32 87
32 108
32 110
32 119
32 120
32 127
32 132
32 148
32 152
32 154
32 155
32 175
32 178
32 202
32 210
32 216
32 234
32 242
32 282
33 34
33 40
33 60
33 61
33 63
33 69
33 75
33 108
33 110
33 119
33 120
33 127
33 132
33 148
33 154
33 155
33 175
33 178
33 202
33 210
33 234
33 242
33 282
34 34
34 40
34 60
34 61
34 63
34 69
34 75
34 89
34 108
34 110
34 119
34 120
34 127
34 132
34 148
34 154
34 155
34 175
34 178
34 202
34 210
34 234
34 242
34 282
35 40
35 45
35 57
35 60
35 61
35 63
35 69
35 89
35 108
35 119
35 120
35 127
35 148
35 155
35 175
35 178
35 202
35 210
35 234
35 242
35 282
36 40
36 45
36 57
36 61
36 62
36 63
36 69
36 84
36 89
36 108
36 119
36 120
36 127
36 148
36 155
36 164
36 175
36 178
36 197
36 201
36 202
36 210
36 234
36 242
36 282
37 40
37 45
37 46
37 57
37 62
37 63
37 69
37 89
37 119
37 120
37 127
37 137
37 148
37 155
37 164
37 175
37 178
37 197
37 202
37 234
37 242
37 282
38 40
38 45
38 46
38 48
38 57
38 62
38 63
38 69
38 89
38 119
38 120
38 127
38 137
38 148
38 155
38 164
38 175
38 178
38 197
38 202
38 234
38 242
38 282
39 48
39 57
39 58
39 62
39 69
39 89
39 119
39 120
39 127
39 137
39 148
39 155
39 164
39 175
39 176
39 197
39 202
39 234
39 242
39 282
40 48
40 62
40 69
40 119
40 120
40 127
40 155
40 164
40 175
40 176
40 197
40 202
40 234
40 242
40 282
41 48
41 51
41 69
41 119
41 127
41 155
41 164
41 175
41 176
41 186
41 197
41 234
41 242
41 282
42 48
42 51
42 69
42 97
42 119
42 127
42 155
42 164
42 175
42 176
42 186
42 197
42 228
42 234
42 242
42 265
42 282
43 48
43 51
43 69
43 97
43 98
43 119
43 127
43 175
43 176
43 186
43 197
43 220
43 228
43 234
43 242
43 252
43 265
43 282
44 48
44 51
44 69
44 97
44 98
44 119
44 127
44 175
44 176
44 186
44 197
44 220
44 228
44 234
44 242
44 252
44 265
44 282
45 48
45 51
45 69
45 97
45 98
45 119
45 127
45 175
45 176
45 186
45 197
45 220
45 228
45 234
45 242
45 252
45 265
45 282
46 48
46 51
46 69
46 97
46 98
46 119
46 127
46 175
46 176
46 186
46 197
46 220
46 228
46 234
46 242
46 252
46 265
46 282
47 47
47 69
47 70
47 76
47 97
47 98
47 127
47 175
47 176
47 186
47 197
47 220
47 228
47 234
47 242
47 252
47 265
47 282
48 47
48 69
48 70
48 76
48 97
48 98
48 127
48 175
48 176
48 186
48 197
48 220
48 228
48 234
48 242
48 252
48 265
48 282
49 47
49 69
49 70
49 76
49 97
49 98
49 127
49 175
49 176
49 186
49 197
49 220
49 228
49 234
49 242
49 252
49 265
49 282
50 47
50 69
50 70
50 76
50 97
50 98
50 127
50 175
50 176
50 186
50 197
50 220
50 228
50 234
50 242
50 252
50 265
50 282
51 54
51 69
51 70
51 97
51 109
51 127
51 175
51 176
51 186
51 197
51 198
51 220
51 228
51 234
51 242
51 243
51 252
51 265
51 282
52 54
52 69
52 70
52 97
52 109
52 127
52 175
52 176
52 186
52 198
52 220
52 228
52 234
52 242
52 243
52 252
52 265
52 282
53 54
53 69
53 70
53 97
53 109
53 127
53 175
53 176
53 186
53 198
53 220
53 228
53 234
53 242
53 243
53 252
53 265
53 282
54 54
54 69
54 70
54 93
54 97
54 109
54 175
54 176
54 194
54 198
54 200
54 220
54 228
54 234
54 242
54 243
54 252
54 265
54 282
55 54
55 69
55 93
55 97
55 109
55 175
55 176
55 194
55 198
55 200
55 220
55 228
55 234
55 242
55 243
55 252
55 265
55 282
56 54
56 69
56 79
56 93
56 97
56 109
56 175
56 176
56 194
56 198
56 199
56 200
56 220
56 228
56 234
56 242
56 243
56 252
56 265
56 282
57 54
57 69
57 79
57 93
57 97
57 109
57 175
57 176
57 194
57 198
57 199
57 200
57 220
57 228
57 234
57 242
57 243
57 252
57 265
57 282
58 65
58 69
58 77
58 79
58 93
58 97
58 109
58 176
58 189
58 194
58 198
58 199
58 200
58 220
58 228
58 242
58 243
58 252
58 265
58 279
58 282
59 68
59 79
59 81
59 82
59 93
59 97
59 102
59 109
59 121
59 176
59 189
59 194
59 198
59 199
59 200
59 220
59 228
59 252
59 265
59 279
59 282
60 68
60 79
60 81
60 82
60 93
60 97
60 102
60 109
60 121
60 176
60 189
60 194
60 198
60 199
60 200
60 220
60 228
60 252
60 265
60 279
60 282
61 68
61 79
61 81
61 93
61 102
61 109
61 121
61 157
61 159
61 176
61 189
61 194
61 198
61 199
61 200
61 220
61 228
61 252
61 265
61 279
61 282
62 68
62 79
62 81
62 93
62 102
62 109
62 121
62 157
62 159
62 176
62 189
62 194
62 198
62 199
62 200
62 220
62 228
62 252
62 265
62 279
62 282
63 68
63 79
63 81
63 93
63 102
63 109
63 121
63 122
63 135
63 157
63 176
63 189
63 194
63 198
63 199
63 200
63 228
63 252
63 265
63 282
64 68
64 79
64 81
64 93
64 102
64 109
64 121
64 122
64 135
64 157
64 176
64 189
64 194
64 198
64 199
64 200
64 228
64 252
64 265
64 282
65 68
65 79
65 81
65 90
65 93
65 102
65 106
65 109
65 117
65 121
65 122
65 135
65 157
65 176
65 189
65 194
65 198
65 199
65 200
65 228
65 252
65 265
65 282
65 283
66 68
66 79
66 81
66 90
66 93
66 102
66 106
66 107
66 109
66 117
66 121
66 122
66 135
66 157
66 176
66 189
66 194
66 198
66 199
66 200
66 228
66 252
66 265
66 282
66 283
67 68
67 79
67 81
67 90
67 106
67 107
67 109
67 117
67 121
67 122
67 157
67 176
67 185
67 189
67 194
67 198
67 199
67 228
67 252
67 260
67 265
67 282
67 283
68 68
68 81
68 90
68 106
68 107
68 109
68 117
68 121
68 122
68 157
68 176
68 185
68 189
68 194
68 198
68 199
68 228
68 260
68 265
68 282
68 283
69 68
69 81
69 90
69 104
69 106
69 107
69 109
69 117
69 121
69 122
69 157
69 176
69 185
69 189
69 194
69 198
69 199
69 228
69 260
69 265
69 282
69 283
70 68
70 81
70 90
70 104
70 106
70 107
70 109
70 117
70 121
70 122
70 157
70 176
70 189
70 194
70 198
70 199
70 228
70 260
70 265
70 282
70 283
71 68
71 80
71 90
71 106
71 107
71 109
71 117
71 121
71 122
71 145
71 157
71 176
71 189
71 194
71 198
71 199
71 228
71 260
71 265
71 282
71 283
72 73
72 90
72 106
72 109
72 111
72 122
72 145
72 149
72 157
72 179
72 188
72 189
72 194
72 198
72 199
72 228
72 265
72 282
72 283
73 73
73 90
73 106
73 109
73 111
73 122
73 145
73 149
73 157
73 179
73 188
73 189
73 194
73 198
73 228
73 265
73 282
73 283
74 90
74 100
74 106
74 109
74 111
74 122
74 145
74 149
74 157
74 165
74 179
74 189
74 194
74 198
74 228
74 246
74 265
74 282
74 283
75 90
75 100
75 109
75 111
75 122
75 145
75 149
75 157
75 165
75 179
75 189
75 194
75 198
75 228
75 246
75 265
75 282
75 283
76 100
76 109
76 113
76 126
76 145
76 153
76 157
76 165
76 174
76 179
76 189
76 194
76 228
76 256
76 259
76 265
76 283
77 100
77 109
77 113
77 126
77 145
77 157
77 165
77 179
77 194
77 209
77 256
77 259
77 265
77 283
78 100
78 109
78 113
78 126
78 142
78 150
78 157
78 165
78 179
78 194
78 209
78 241
78 256
78 259
78 265
78 283
79 88
79 100
79 109
79 113
79 126
79 129
79 142
79 150
79 157
79 165
79 166
79 194
79 209
79 231
79 241
79 256
79 259
79 272
79 283
80 88
80 100
80 101
80 103
80 113
80 126
80 129
80 142
80 150
80 157
80 165
80 166
80 170
80 209
80 231
80 241
80 256
80 259
80 272
80 283
81 88
81 100
81 101
81 103
81 126
81 129
81 142
81 150
81 151
81 157
81 165
81 166
81 170
81 209
81 231
81 236
81 241
81 256
81 259
81 272
81 283
82 88
82 100
82 101
82 103
82 126
82 129
82 142
82 150
82 151
82 157
82 165
82 166
82 170
82 209
82 231
82 236
82 241
82 256
82 259
82 272
82 283
83 100
83 101
83 103
83 126
83 129
83 131
83 142
83 150
83 151
83 157
83 165
83 166
83 170
83 209
83 231
83 236
83 241
83 256
83 259
83 272
83 283
84 100
84 101
84 103
84 126
84 129
84 131
84 142
84 150
84 151
84 157
84 165
84 166
84 170
84 209
84 231
84 236
84 241
84 256
84 259
84 272
84 283
85 95
85 100
85 101
85 103
85 126
85 129
85 131
85 142
85 150
85 151
85 165
85 166
85 170
85 209
85 231
85 236
85 241
85 256
85 259
85 272
85 283
86 95
86 101
86 103
86 126
86 129
86 131
86 142
86 150
86 151
86 165
86 166
86 170
86 209
86 213
86 231
86 236
86 237
86 241
86 256
86 259
86 272
86 283
87 95
87 101
87 103
87 126
87 129
87 131
87 134
87 142
87 150
87 151
87 165
87 166
87 170
87 195
87 209
87 213
87 222
87 236
87 237
87 241
87 256
87 259
87 272
87 283
88 95
88 101
88 103
88 126
88 129
88 131
88 134
88 142
88 150
88 151
88 165
88 166
88 170
88 195
88 213
88 222
88 236
88 237
88 241
88 256
88 259
88 272
88 283
89 95
89 101
89 103
89 126
89 129
89 131
89 134
89 142
89 150
89 151
89 165
89 166
89 170
89 195
89 213
89 222
89 236
89 237
89 241
89 256
89 259
89 272
89 283
90 95
90 96
90 101
90 103
90 126
90 130
90 131
90 133
90 142
90 150
90 165
90 166
90 170
90 184
90 195
90 207
90 222
90 224
90 256
90 259
90 264
90 272
90 278
90 283
91 96
91 103
91 126
91 128
91 130
91 131
91 133
91 142
91 150
91 165
91 166
91 170
91 184
91 195
91 207
91 222
91 224
91 256
91 259
91 264
91 268
91 272
91 278
91 283
92 103
92 126
92 128
92 130
92 131
92 133
92 139
92 142
92 150
92 165
92 166
92 170
92 184
92 195
92 207
92 217
92 222
92 224
92 256
92 259
92 264
92 268
92 272
92 278
92 283
93 103
93 126
93 128
93 130
93 131
93 139
93 142
93 150
93 165
93 166
93 170
93 184
93 195
93 207
93 217
93 222
93 224
93 256
93 259
93 264
93 278
93 283
94 103
94 126
94 128
94 130
94 131
94 139
94 142
94 150
94 165
94 166
94 170
94 184
94 195
94 207
94 217
94 222
94 224
94 256
94 259
94 264
94 278
94 283
95 103
95 126
95 128
95 130
95 131
95 139
95 142
95 165
95 166
95 170
95 184
95 193
95 195
95 207
95 217
95 222
95 224
95 254
95 256
95 259
95 264
95 278
95 283
96 103
96 126
96 128
96 130
96 131
96 139
96 142
96 165
96 166
96 170
96 184
96 193
96 195
96 207
96 217
96 222
96 224
96 254
96 256
96 259
96 264
96 278
96 283
97 103
97 126
97 128
97 130
97 131
97 139
97 142
97 165
97 166
97 170
97 184
97 193
97 195
97 207
97 217
97 222
97 224
97 254
97 256
97 259
97 264
97 278
97 283
98 103
98 126
98 128
98 130
98 131
98 139
98 142
98 165
98 166
98 170
98 184
98 193
98 195
98 207
98 217
98 222
98 224
98 254
98 256
98 259
98 264
98 276
98 278
98 283
99 103
99 126
99 128
99 130
99 131
99 139
99 142
99 165
99 166
99 170
99 184
99 193
99 195
99 207
99 217
99 222
99 224
99 254
99 256
99 259
99 264
99 276
99 278
99 283
100 103
100 124
100 126
100 128
100 130
100 131
100 139
100 140
100 142
100 165
100 166
100 170
100 184
100 193
100 195
100 207
100 217
100 222
100 224
100 254
100 256
100 259
100 264
100 276
100 278
100 283
101 103
101 124
101 128
101 131
101 139
101 140
101 142
101 165
101 166
101 170
101 184
101 190
101 193
101 195
101 207
101 217
101 222
101 224
101 254
101 256
101 259
101 264
101 276
101 278
101 283
102 103
102 116
102 128
102 131
102 139
102 140
102 142
102 165
102 166
102 170
102 190
102 193
102 207
102 217
102 222
102 224
102 227
102 254
102 256
102 259
102 276
102 278
102 283
103 103
103 116
103 128
103 131
103 139
103 140
103 142
103 165
103 166
103 170
103 190
103 193
103 207
103 217
103 222
103 224
103 227
103 254
103 256
103 259
103 276
103 278
103 283
104 116
104 128
104 131
104 139
104 140
104 142
104 165
104 166
104 170
104 190
104 193
104 217
104 222
104 224
104 227
104 254
104 256
104 278
104 283
105 116
105 128
105 139
105 140
105 142
105 161
105 165
105 166
105 170
105 172
105 190
105 193
105 217
105 222
105 224
105 227
105 254
105 256
105 278
105 283
106 116
106 128
106 139
106 140
106 142
106 161
106 165
106 166
106 170
106 172
106 190
106 193
106 217
106 222
106 224
106 254
106 256
106 278
106 283
107 139
107 140
107 142
107 161
107 165
107 166
107 170
107 172
107 190
107 193
107 217
107 222
107 224
107 254
107 256
107 278
107 283
108 139
108 140
108 161
108 166
108 170
108 172
108 190
108 193
108 217
108 222
108 224
108 254
108 256
108 278
108 283
109 118
109 139
109 146
109 147
109 156
109 161
109 166
109 170
109 172
109 190
109 193
109 215
109 221
109 222
109 224
109 238
109 254
109 256
109 283
110 118
110 139
110 146
110 147
110 156
110 161
110 166
110 170
110 172
110 190
110 193
110 215
110 221
110 222
110 224
110 238
110 254
110 256
110 283
111 118
111 139
111 156
111 161
111 166
111 170
111 172
111 190
111 193
111 215
111 221
111 222
111 224
111 238
111 253
111 254
111 256
111 283
112 118
112 139
112 156
112 161
112 166
112 170
112 172
112 190
112 193
112 215
112 221
112 222
112 224
112 238
112 253
112 254
112 256
112 283
113 118
113 156
113 166
113 170
113 172
113 180
113 190
113 193
113 215
113 221
113 224
113 238
113 253
113 254
113 256
113 283
114 118
114 156
114 170
114 172
114 180
114 190
114 193
114 215
114 221
114 224
114 238
114 253
114 254
114 256
114 283
115 118
115 156
115 170
115 172
115 180
115 190
115 191
115 193
115 215
115 221
115 224
115 238
115 253
115 254
115 256
115 283
116 118
116 156
116 170
116 172
116 180
116 190
116 191
116 193
116 215
116 221
116 224
116 238
116 253
116 254
116 256
116 283
117 118
117 156
117 170
117 171
117 172
117 180
117 183
117 190
117 191
117 193
117 208
117 215
117 221
117 224
117 238
117 253
117 254
117 256
117 283
118 118
118 156
118 170
118 171
118 172
118 180
118 183
118 190
118 191
118 193
118 208
118 215
118 221
118 224
118 238
118 253
118 254
118 256
118 283
119 156
119 170
119 171
119 172
119 180
119 190
119 193
119 208
119 214
119 215
119 221
119 224
119 238
119 253
119 254
119 256
119 283
120 156
120 170
120 171
120 172
120 180
120 190
120 193
120 208
120 214
120 215
120 221
120 224
120 238
120 253
120 254
120 256
120 283
121 156
121 170
121 171
121 172
121 180
121 182
121 190
121 193
121 208
121 214
121 215
121 221
121 224
121 238
121 240
121 253
121 254
121 283
122 156
122 170
122 171
122 172
122 180
122 182
122 190
122 193
122 208
122 214
122 215
122 221
122 224
122 238
122 240
122 253
122 254
122 283
123 156
123 170
123 171
123 172
123 182
123 190
123 193
123 208
123 212
123 214
123 215
123 221
123 224
123 238
123 253
123 283
124 156
124 170
124 171
124 172
124 182
124 190
124 193
124 208
124 212
124 214
124 215
124 221
124 224
124 238
124 253
124 283
125 156
125 170
125 171
125 172
125 182
125 190
125 193
125 208
125 212
125 214
125 215
125 221
125 224
125 238
125 253
125 283
126 156
126 170
126 171
126 172
126 182
126 190
126 193
126 208
126 212
126 215
126 221
126 238
126 239
126 253
126 283
127 156
127 170
127 171
127 172
127 182
127 193
127 208
127 212
127 215
127 221
127 238
127 239
127 253
127 283
128 156
128 171
128 172
128 182
128 193
128 208
128 212
128 215
128 221
128 238
128 239
128 253
128 283
129 156
129 172
129 182
129 193
129 208
129 212
129 215
129 221
129 238
129 239
129 253
129 283
130 156
130 172
130 182
130 193
130 208
130 212
130 215
130 221
130 238
130 239
130 253
130 283
131 156
131 172
131 182
131 193
131 208
131 212
131 215
131 221
131 238
131 239
131 253
131 283
132 141
132 158
132 172
132 173
132 182
132 193
132 208
132 212
132 215
132 221
132 238
132 239
132 253
132 283
133 141
133 158
133 172
133 173
133 182
133 193
133 208
133 212
133 215
133 221
133 229
133 238
133 239
133 283
134 141
134 158
134 172
134 173
134 182
134 196
134 208
134 212
134 215
134 218
134 221
134 225
134 229
134 238
134 239
134 257
134 283
135 141
135 158
135 172
135 173
135 182
135 196
135 208
135 215
135 218
135 221
135 225
135 229
135 238
135 239
135 257
135 258
135 283
136 141
136 158
136 172
136 173
136 182
136 196
136 208
136 215
136 218
136 221
136 225
136 229
136 238
136 239
136 257
136 258
136 283
137 141
137 158
137 172
137 173
137 182
137 196
137 208
137 215
137 218
137 221
137 225
137 229
137 238
137 239
137 257
137 258
137 283
138 141
138 158
138 162
138 172
138 173
138 182
138 196
138 203
138 208
138 215
138 221
138 225
138 229
138 238
138 257
138 258
138 269
139 141
139 158
139 162
139 172
139 173
139 182
139 196
139 203
139 208
139 215
139 221
139 225
139 229
139 238
139 257
139 258
139 269
140 141
140 158
140 162
140 172
140 173
140 182
140 196
140 203
140 208
140 215
140 221
140 225
140 229
140 238
140 257
140 258
140 269
141 141
141 158
141 162
141 172
141 173
141 182
141 196
141 203
141 208
141 215
141 221
141 225
141 229
141 238
141 257
141 258
141 269
142 141
142 158
142 162
142 172
142 173
142 182
142 196
142 203
142 208
142 215
142 221
142 225
142 238
142 251
142 257
142 258
142 269
143 141
143 158
143 162
143 172
143 173
143 182
143 196
143 203
143 208
143 215
143 221
143 225
143 238
143 251
143 257
143 258
143 269
144 141
144 158
144 162
144 172
144 173
144 182
144 196
144 203
144 208
144 215
144 221
144 225
144 226
144 238
144 251
144 257
144 258
144 269
145 141
145 158
145 162
145 172
145 173
145 182
145 196
145 203
145 208
145 215
145 221
145 225
145 226
145 238
145 251
145 257
145 258
145 269
146 141
146 158
146 162
146 172
146 173
146 182
146 196
146 203
146 208
146 215
146 221
146 225
146 226
146 238
146 251
146 257
146 258
146 269
147 162
147 173
147 182
147 192
147 203
147 204
147 215
147 225
147 226
147 238
147 251
147 257
147 258
147 269
147 274
148 162
148 173
148 182
148 192
148 204
148 215
148 225
148 226
148 238
148 251
148 257
148 258
148 269
148 274
149 162
149 173
149 182
149 192
149 204
149 215
149 225
149 226
149 238
149 251
149 257
149 258
149 269
149 274
150 162
150 173
150 182
150 192
150 204
150 215
150 225
150 226
150 238
150 251
150 257
150 258
150 269
150 274
151 162
151 173
151 182
151 192
151 204
151 215
151 225
151 226
151 238
151 251
151 257
151 258
151 269
151 274
152 162
152 173
152 182
152 192
152 204
152 215
152 225
152 226
152 238
152 251
152 257
152 258
152 269
152 274
153 162
153 173
153 177
153 182
153 192
153 215
153 219
153 225
153 238
153 251
153 257
153 258
153 269
153 274
154 162
154 173
154 177
154 182
154 192
154 215
154 219
154 225
154 232
154 238
154 251
154 257
154 258
154 269
154 274
155 162
155 173
155 177
155 182
155 192
155 215
155 219
155 225
155 232
155 238
155 251
155 257
155 258
155 269
155 274
155 277
156 162
156 173
156 177
156 182
156 192
156 215
156 219
156 225
156 238
156 251
156 257
156 258
156 269
156 274
156 277
157 162
157 173
157 177
157 182
157 192
157 215
157 219
157 225
157 238
157 251
157 257
157 258
157 269
157 274
157 277
158 162
158 173
158 182
158 192
158 215
158 219
158 225
158 238
158 251
158 257
158 258
158 269
158 274
158 277
159 162
159 173
159 182
159 192
159 215
159 219
159 225
159 238
159 251
159 257
159 258
159 269
159 274
159 277
160 162
160 173
160 192
160 215
160 219
160 225
160 238
160 244
160 248
160 251
160 257
160 258
160 269
160 274
160 277
161 162
161 173
161 192
161 215
161 219
161 225
161 238
161 244
161 248
161 251
161 257
161 258
161 269
161 274
161 277
162 162
162 173
162 215
162 219
162 225
162 238
162 244
162 248
162 251
162 257
162 269
162 274
163 162
163 173
163 215
163 219
163 225
163 238
163 244
163 248
163 251
163 257
163 269
163 274
164 162
164 173
164 215
164 219
164 225
164 233
164 238
164 244
164 248
164 251
164 257
164 269
164 274
165 162
165 173
165 215
165 219
165 225
165 233
165 238
165 244
165 248
165 251
165 257
165 269
165 274
166 162
166 173
166 215
166 219
166 225
166 233
166 238
166 244
166 248
166 251
166 257
166 269
166 274
167 162
167 173
167 215
167 219
167 225
167 233
167 238
167 244
167 248
167 251
167 257
167 269
167 274
168 162
168 173
168 215
168 219
168 225
168 233
168 238
168 244
168 248
168 251
168 257
168 269
168 274
168 281
169 162
169 173
169 215
169 219
169 225
169 233
169 238
169 244
169 248
169 251
169 257
169 269
169 274
169 281
170 162
170 173
170 215
170 219
170 225
170 233
170 238
170 244
170 248
170 251
170 257
170 269
170 274
170 281
171 162
171 173
171 215
171 219
171 225
171 233
171 238
171 244
171 248
171 251
171 257
171 269
171 274
171 281
172 162
172 173
172 215
172 219
172 225
172 238
172 248
172 251
172 257
172 274
172 281
173 162
173 173
173 215
173 219
173 225
173 238
173 248
173 251
173 257
173 262
173 274
173 281
174 162
174 173
174 215
174 219
174 225
174 238
174 248
174 251
174 257
174 262
174 274
174 281
175 162
175 173
175 215
175 219
175 225
175 238
175 248
175 257
175 262
175 274
175 281
176 162
176 173
176 215
176 219
176 225
176 238
176 248
176 257
176 262
176 274
176 281
177 162
177 173
177 187
177 215
177 219
177 225
177 238
177 257
177 262
177 274
177 281
178 162
178 173
178 187
178 215
178 219
178 225
178 238
178 257
178 262
178 274
178 281
179 162
179 173
179 187
179 215
179 219
179 225
179 238
179 257
179 262
179 274
179 281
180 162
180 173
180 206
180 215
180 219
180 225
180 238
180 257
180 262
180 274
180 281
181 173
181 206
181 215
181 219
181 225
181 238
181 257
181 262
181 274
181 280
181 281
182 173
182 206
182 219
182 225
182 238
182 257
182 262
182 274
182 281
183 173
183 206
183 219
183 225
183 238
183 257
183 262
183 274
183 281
184 173
184 206
184 219
184 225
184 238
184 257
184 262
184 274
184 281
185 173
185 206
185 219
185 225
185 238
185 257
185 262
185 274
185 281
186 173
186 206
186 219
186 225
186 238
186 257
186 262
186 274
186 281
187 173
187 206
187 219
187 225
187 238
187 257
187 262
187 271
187 274
187 281
188 173
188 206
188 219
188 225
188 238
188 257
188 262
188 271
188 274
188 281
189 173
189 206
189 219
189 225
189 238
189 257
189 262
189 271
189 274
189 281
190 173
190 206
190 219
190 225
190 238
190 257
190 262
190 271
190 274
190 281
191 173
191 206
191 219
191 225
191 238
191 257
191 262
191 271
191 274
191 281
192 173
192 206
192 219
192 225
192 238
192 250
192 257
192 262
192 271
192 274
192 281
193 173
193 206
193 219
193 225
193 238
193 250
193 257
193 262
193 271
193 274
193 281
194 173
194 219
194 225
194 238
194 250
194 257
194 262
194 271
194 274
194 281
195 173
195 219
195 238
195 250
195 257
195 262
195 271
195 274
195 281
196 173
196 219
196 238
196 250
196 257
196 262
196 271
196 274
196 281
197 173
197 235
197 238
197 250
197 257
197 262
197 271
197 274
197 281
198 173
198 235
198 238
198 250
198 257
198 262
198 271
198 274
198 281
199 173
199 235
199 238
199 250
199 257
199 262
199 271
199 274
199 281
200 173
200 235
200 238
200 250
200 257
200 262
200 271
200 274
200 281
201 173
201 238
201 250
201 257
201 262
201 271
201 274
201 281
202 173
202 238
202 250
202 257
202 262
202 271
202 274
202 281
203 173
203 238
203 250
203 257
203 262
203 271
203 274
203 281
204 173
204 238
204 250
204 257
204 262
204 271
204 274
204 281
205 238
205 250
205 257
205 262
205 271
205 274
205 281
206 238
206 250
206 257
206 262
206 271
206 274
206 281
207 238
207 250
207 257
207 262
207 271
207 274
207 281
208 238
208 250
208 257
208 262
208 271
208 274
208 281
209 238
209 250
209 257
209 262
209 271
209 274
209 281
210 238
210 250
210 257
210 262
210 271
210 274
210 281
211 238
211 250
211 257
211 262
211 267
211 271
211 274
211 281
212 238
212 250
212 257
212 262
212 267
212 271
212 274
212 281
213 238
213 250
213 257
213 262
213 267
213 271
213 274
213 281
214 238
214 250
214 257
214 262
214 267
214 271
214 274
214 281
215 238
215 245
215 250
215 257
215 262
215 267
215 271
215 274
215 281
216 238
216 250
216 257
216 262
216 267
216 271
216 274
216 281
217 238
217 250
217 257
217 262
217 267
217 270
217 271
217 274
217 281
218 238
218 250
218 257
218 262
218 267
218 270
218 271
218 274
218 281
219 238
219 250
219 257
219 262
219 267
219 270
219 271
219 274
219 281
220 238
220 250
220 257
220 262
220 267
220 270
220 271
220 274
220 281
221 238
221 250
221 257
221 262
221 267
221 270
221 271
221 274
221 281
222 238
222 250
222 257
222 267
222 270
222 271
222 274
222 281
223 238
223 250
223 257
223 267
223 270
223 271
223 274
223 281
224 238
224 250
224 257
224 267
224 270
224 271
224 274
224 281
225 238
225 250
225 257
225 267
225 270
225 271
225 274
225 281
226 238
226 250
226 257
226 267
226 270
226 271
226 274
226 281
227 238
227 250
227 257
227 267
227 270
227 271
227 274
227 281
228 238
228 250
228 257
228 267
228 270
228 271
228 274
228 281
229 238
229 250
229 257
229 267
229 270
229 271
229 274
229 281
230 238
230 250
230 257
230 267
230 270
230 271
230 274
230 281
231 238
231 250
231 257
231 267
231 270
231 271
231 281
232 238
232 250
232 257
232 267
232 270
232 271
232 281
233 238
233 250
233 257
233 266
233 267
233 270
233 271
233 281
234 238
234 250
234 257
234 266
234 267
234 270
234 271
234 281
235 238
235 250
235 257
235 266
235 267
235 270
235 271
235 281
236 238
236 250
236 257
236 266
236 267
236 270
236 271
236 281
237 238
237 250
237 257
237 266
237 267
237 270
237 271
237 281
238 238
238 250
238 257
238 266
238 267
238 270
238 271
238 281
239 238
239 250
239 257
239 266
239 267
239 270
239 271
239 281
240 238
240 250
240 257
240 266
240 267
240 270
240 271
240 281
241 238
241 250
241 257
241 266
241 267
241 270
241 271
241 281
242 238
242 250
242 257
242 266
242 267
242 270
242 271
242 281
242 284
243 238
243 250
243 257
243 266
243 267
243 270
243 271
243 281
243 284
244 238
244 250
244 257
244 266
244 267
244 270
244 271
244 284
245 238
245 250
245 257
245 266
245 267
245 270
245 271
245 284
246 238
246 250
246 257
246 266
246 267
246 270
246 271
246 284
247 238
247 250
247 257
247 266
247 267
247 270
247 271
247 284
248 238
248 250
248 257
248 266
248 267
248 271
248 284
249 238
249 250
249 257
249 266
249 267
249 271
249 284
250 238
250 250
250 257
250 266
250 267
250 271
250 284
251 238
251 250
251 257
251 266
251 267
251 271
251 284
252 238
252 250
252 257
252 266
252 267
252 271
252 284
253 238
253 250
253 266
253 267
253 271
253 284
254 238
254 250
254 266
254 267
254 271
254 284
255 238
255 250
255 266
255 267
255 271
255 284
256 238
256 250
256 266
256 267
256 271
256 284
257 238
257 250
257 266
257 267
257 271
257 284
258 238
258 250
258 263
258 266
258 267
258 271
259 238
259 250
259 263
259 266
259 267
259 271
260 238
260 250
260 263
260 266
260 267
260 271
261 238
261 250
261 263
261 266
261 267
261 271
262 238
262 250
262 263
262 266
262 267
262 271
263 238
263 250
263 263
263 266
263 267
263 271
264 238
264 250
264 263
264 266
264 267
264 271
265 238
265 250
265 263
265 266
265 267
265 271
266 238
266 250
266 263
266 266
266 267
266 271
267 238
267 250
267 263
267 266
267 267
267 271
268 238
268 250
268 263
268 266
269 238
269 250
269 263
269 266
270 238
270 250
270 266
271 250
271 266
272 250
272 266
273 250
273 266
