0 7
0 255
1 13
1 16
1 17
1 255
2 16
2 17
2 199
2 255
3 16
3 17
3 24
3 199
3 255
4 5
4 10
4 11
4 16
4 24
4 174
4 199
4 255
5 24
5 95
5 174
5 199
5 255
6 79
6 95
6 102
6 130
6 174
6 199
6 255
7 12
7 79
7 95
7 102
7 130
7 174
7 199
8 12
8 65
8 79
8 95
8 102
8 130
8 174
8 199
9 12
9 65
9 95
9 102
9 130
9 174
9 199
10 12
10 65
10 95
10 102
10 108
10 130
10 174
10 199
11 12
11 37
11 50
11 57
11 65
11 71
11 95
11 108
11 110
11 116
11 130
11 174
11 199
12 18
12 23
12 25
12 26
12 27
12 28
12 29
12 47
12 48
12 52
12 53
12 65
12 68
12 71
12 80
12 95
12 108
12 116
12 122
12 130
12 147
12 166
12 194
12 199
13 23
13 26
13 27
13 28
13 29
13 47
13 48
13 49
13 53
13 65
13 68
13 91
13 95
13 108
13 116
13 122
13 138
13 147
13 166
13 171
13 179
13 194
13 199
13 222
14 23
14 26
14 29
14 47
14 48
14 49
14 53
14 60
14 65
14 91
14 95
14 108
14 116
14 122
14 138
14 147
14 166
14 171
14 179
14 194
15 19
15 36
15 47
15 48
15 49
15 60
15 65
15 91
15 95
15 108
15 116
15 122
15 138
15 147
15 166
15 171
15 194
16 19
16 36
16 42
16 47
16 48
16 49
16 60
16 65
16 91
16 95
16 108
16 116
16 122
16 138
16 147
16 153
16 166
16 171
16 194
17 36
17 47
17 48
17 49
17 60
17 65
17 91
17 95
17 108
17 116
17 122
17 138
17 153
17 166
17 171
17 194
18 36
18 47
18 48
18 49
18 60
18 65
18 91
18 95
18 108
18 116
18 122
18 138
18 153
18 166
18 171
19 33
19 34
19 36
19 48
19 60
19 65
19 91
19 95
19 108
19 119
19 122
19 138
19 153
19 159
19 166
19 239
19 252
20 34
20 36
20 48
20 60
20 65
20 82
20 91
20 95
20 108
20 119
20 122
20 153
20 159
20 166
20 239
20 252
20 260
21 34
21 36
21 48
21 82
21 91
21 95
21 108
21 119
21 122
21 153
21 159
21 166
21 239
21 252
21 260
22 34
22 82
22 95
22 108
22 119
22 122
22 145
22 153
22 159
22 166
22 239
22 252
22 260
23 34
23 82
23 95
23 108
23 119
23 122
23 145
23 153
23 159
23 166
23 239
23 252
23 260
24 34
24 82
24 95
24 108
24 119
24 122
24 145
24 153
24 159
24 166
24 239
24 252
24 260
25 70
25 82
25 95
25 108
25 119
25 145
25 159
25 196
25 239
25 252
25 260
26 70
26 82
26 95
26 108
26 119
26 145
26 159
26 196
26 239
26 252
26 260
27 35
27 70
27 82
27 95
27 129
27 145
27 196
27 210
27 225
27 239
27 252
27 260
28 70
28 82
28 84
28 95
28 129
28 145
28 196
28 210
28 225
28 239
28 252
28 260
29 41
29 43
29 66
29 70
29 81
29 82
29 84
29 90
29 95
29 129
29 145
29 210
29 225
29 239
29 252
29 260
30 41
30 43
30 66
30 70
30 81
30 82
30 90
30 95
30 129
30 131
30 145
30 210
30 225
30 239
30 252
30 260
31 41
31 43
31 45
31 66
31 70
31 81
31 82
31 90
31 95
31 129
31 131
31 145
31 210
31 225
31 239
31 252
31 260
32 40
32 41
32 43
32 45
32 66
32 70
32 81
32 90
32 95
32 129
32 131
32 145
32 150
32 198
32 210
32 225
32 239
32 252
32 260
33 40
33 41
33 43
33 45
33 66
33 70
33 81
33 90
33 94
33 95
33 129
33 131
33 145
33 150
33 198
33 210
33 225
33 239
33 252
33 260
34 40
34 43
34 45
34 59
34 66
34 70
34 81
34 90
34 94
34 95
34 107
34 129
34 131
34 150
34 198
34 210
34 217
34 225
34 239
34 252
34 260
35 40
35 43
35 45
35 59
35 70
35 81
35 90
35 94
35 95
35 107
35 129
35 131
35 150
35 198
35 201
35 210
35 217
35 225
35 239
35 252
35 260
36 40
36 43
36 45
36 59
36 70
36 81
36 90
36 94
36 95
36 107
36 129
36 131
36 150
36 198
36 201
36 210
36 217
36 225
36 239
36 252
36 253
36 260
37 43
37 45
37 59
37 70
37 81
37 90
37 94
37 95
37 107
37 129
37 131
37 150
37 198
37 201
37 210
37 217
37 225
37 239
37 252
37 253
37 260
38 43
38 45
38 59
38 70
38 81
38 90
38 94
38 95
38 107
38 129
38 131
38 150
38 198
38 201
38 210
38 217
38 225
38 252
38 253
39 61
39 70
39 72
39 81
39 90
39 94
39 95
39 100
39 107
39 129
39 131
39 150
39 198
39 201
39 210
39 217
39 225
39 252
39 253
39 266
40 61
40 70
40 72
40 81
40 90
40 94
40 95
40 100
40 107
40 129
40 131
40 150
40 198
40 201
40 210
40 217
40 225
40 252
40 253
40 266
40 268
41 61
41 70
41 72
41 78
41 81
41 90
41 94
41 95
41 100
41 107
41 129
41 131
41 150
41 164
41 201
41 210
41 217
41 225
41 252
41 253
41 266
41 268
42 58
42 61
42 70
42 72
42 78
42 81
42 95
42 107
42 131
42 148
42 150
42 164
42 201
42 210
42 217
42 225
42 252
42 253
42 266
42 268
43 61
43 70
43 72
43 78
43 95
43 131
43 148
43 150
43 157
43 164
43 187
43 201
43 210
43 217
43 225
43 236
43 252
43 253
43 266
43 268
44 51
44 61
44 70
44 72
44 78
44 95
44 131
44 148
44 150
44 157
44 164
44 201
44 210
44 217
44 225
44 236
44 252
44 266
44 268
45 51
45 61
45 70
45 72
45 78
45 95
45 131
45 148
45 150
45 157
45 164
45 201
45 210
45 217
45 225
45 236
45 252
45 266
45 268
46 51
46 72
46 78
46 109
46 131
46 142
46 148
46 150
46 157
46 164
46 201
46 210
46 217
46 225
46 236
46 252
46 266
46 268
47 51
47 72
47 78
47 85
47 109
47 131
47 142
47 148
47 150
47 157
47 164
47 201
47 210
47 217
47 225
47 236
47 252
47 266
47 268
48 51
48 72
48 78
48 85
48 109
48 131
48 142
48 148
48 150
48 157
48 164
48 201
48 210
48 217
48 225
48 236
48 252
48 266
48 268
49 51
49 72
49 78
49 85
49 109
49 131
49 142
49 148
49 150
49 157
49 164
49 201
49 210
49 217
49 225
49 236
49 252
49 266
49 268
50 51
50 72
50 78
50 85
50 99
50 109
50 131
50 142
50 148
50 150
50 157
50 164
50 201
50 210
50 217
50 225
50 236
50 252
50 266
50 268
51 51
51 72
51 78
51 85
51 99
51 109
51 131
51 142
51 148
51 150
51 157
51 164
51 201
51 210
51 217
51 225
51 233
51 236
51 252
51 266
51 268
52 51
52 72
52 78
52 85
52 99
52 109
52 131
52 142
52 148
52 150
52 157
52 164
52 201
52 210
52 217
52 225
52 233
52 236
52 252
52 268
53 54
53 62
53 67
53 72
53 85
53 92
53 109
53 131
53 134
53 148
53 150
53 157
53 164
53 181
53 201
53 210
53 217
53 225
53 236
53 252
53 254
53 267
53 268
54 62
54 67
54 72
54 92
54 96
54 109
54 131
54 134
54 150
54 151
54 157
54 164
54 181
54 201
54 210
54 217
54 225
54 236
54 252
54 254
54 267
54 268
55 62
55 67
55 69
55 72
55 89
55 92
55 96
55 131
55 134
55 150
55 151
55 157
55 164
55 181
55 210
55 217
55 225
55 236
55 252
55 254
55 267
55 268
56 62
56 67
56 69
56 72
56 89
56 92
56 96
56 123
56 131
56 134
56 150
56 151
56 157
56 164
56 181
56 206
56 210
56 217
56 225
56 236
56 252
56 254
56 267
56 268
57 62
57 67
57 69
57 72
57 89
57 92
57 96
57 123
57 131
57 134
57 150
57 151
57 157
57 164
57 181
57 206
57 210
57 217
57 225
57 236
57 252
57 254
57 267
57 268
58 62
58 67
58 69
58 72
58 86
58 89
58 92
58 96
58 123
58 131
58 134
58 150
58 151
58 157
58 164
58 181
58 189
58 204
58 206
58 210
58 217
58 225
58 236
58 252
58 254
58 258
58 267
58 268
59 62
59 67
59 69
59 72
59 86
59 89
59 92
59 96
59 115
59 123
59 131
59 150
59 151
59 157
59 164
59 181
59 189
59 204
59 206
59 210
59 217
59 225
59 236
59 252
59 254
59 258
59 268
60 62
60 67
60 72
60 75
60 83
60 86
60 89
60 92
60 96
60 105
60 123
60 131
60 150
60 151
60 157
60 189
60 205
60 210
60 217
60 225
60 236
60 258
61 63
61 67
61 72
61 75
61 83
61 86
61 89
61 92
61 96
61 98
61 105
61 123
61 131
61 132
61 150
61 151
61 157
61 170
61 205
61 210
61 217
61 225
61 236
61 258
62 67
62 75
62 83
62 86
62 87
62 89
62 92
62 105
62 117
62 123
62 131
62 132
62 141
62 151
62 157
62 170
62 177
62 185
62 210
62 217
62 225
62 236
62 258
63 67
63 75
63 83
63 86
63 87
63 89
63 92
63 105
63 117
63 118
63 123
63 131
63 132
63 141
63 151
63 157
63 170
63 177
63 185
63 210
63 217
63 225
63 236
63 258
64 67
64 75
64 83
64 86
64 87
64 89
64 92
64 105
64 117
64 118
64 123
64 131
64 132
64 141
64 151
64 157
64 170
64 177
64 185
64 210
64 217
64 225
64 236
64 258
65 75
65 86
65 87
65 89
65 105
65 117
65 118
65 123
65 131
65 132
65 133
65 141
65 151
65 157
65 170
65 177
65 185
65 210
65 217
65 225
65 236
65 258
66 75
66 76
66 87
66 89
66 105
66 112
66 118
66 123
66 131
66 132
66 141
66 151
66 157
66 158
66 170
66 177
66 185
66 210
66 211
66 217
66 220
66 225
66 258
67 75
67 76
67 89
67 103
67 105
67 112
67 118
67 123
67 131
67 132
67 141
67 151
67 157
67 158
67 170
67 177
67 185
67 210
67 211
67 217
67 220
67 225
67 258
68 75
68 76
68 89
68 103
68 105
68 112
68 118
68 123
68 131
68 132
68 141
68 151
68 157
68 170
68 177
68 185
68 210
68 211
68 217
68 225
68 258
69 73
69 75
69 76
69 89
69 103
69 104
69 112
69 118
69 123
69 127
69 131
69 132
69 141
69 151
69 157
69 170
69 177
69 208
69 210
69 211
69 217
69 225
69 251
69 258
70 73
70 75
70 76
70 89
70 103
70 104
70 112
70 118
70 123
70 127
70 131
70 132
70 141
70 151
70 157
70 170
70 177
70 208
70 210
70 211
70 217
70 225
70 251
70 258
71 73
71 76
71 89
71 103
71 104
71 112
71 118
71 123
71 127
71 131
71 132
71 141
71 151
71 170
71 177
71 208
71 210
71 211
71 217
71 225
71 251
71 258
71 276
72 73
72 76
72 89
72 103
72 104
72 112
72 118
72 123
72 127
72 131
72 132
72 141
72 144
72 151
72 170
72 177
72 208
72 210
72 211
72 217
72 225
72 251
72 258
72 276
73 76
73 88
73 97
73 103
73 104
73 112
73 118
73 124
73 125
73 127
73 131
73 132
73 141
73 151
73 154
73 170
73 177
73 190
73 207
73 208
73 210
73 211
73 217
73 218
73 225
73 251
73 258
73 276
74 76
74 88
74 97
74 103
74 104
74 112
74 124
74 125
74 127
74 131
74 132
74 141
74 151
74 154
74 170
74 177
74 190
74 207
74 208
74 210
74 211
74 218
74 225
74 237
74 251
74 258
74 276
75 103
75 104
75 112
75 124
75 125
75 131
75 135
75 151
75 154
75 170
75 190
75 207
75 208
75 211
75 218
75 225
75 237
75 251
75 258
75 276
76 103
76 104
76 112
76 124
76 125
76 131
76 135
76 151
76 154
76 170
76 190
76 207
76 208
76 211
76 218
76 225
76 237
76 251
76 258
76 276
77 103
77 112
77 124
77 125
77 131
77 151
77 154
77 170
77 207
77 211
77 218
77 225
77 237
77 251
77 258
77 276
78 103
78 112
78 124
78 131
78 151
78 154
78 170
78 207
78 211
78 218
78 225
78 237
78 240
78 251
78 258
78 276
79 103
79 112
79 124
79 131
79 165
79 207
79 211
79 218
79 225
79 237
79 240
79 251
79 258
79 276
80 103
80 112
80 124
80 131
80 165
80 207
80 211
80 218
80 225
80 237
80 240
80 251
80 258
80 276
81 101
81 103
81 112
81 124
81 131
81 165
81 207
81 211
81 218
81 225
81 237
81 240
81 251
81 258
81 276
82 101
82 103
82 112
82 124
82 131
82 165
82 207
82 211
82 218
82 225
82 237
82 240
82 251
82 258
82 276
83 101
83 103
83 112
83 124
83 131
83 165
83 207
83 211
83 218
83 225
83 237
83 240
83 251
83 258
83 276
84 112
84 124
84 152
84 155
84 165
84 207
84 211
84 218
84 225
84 237
84 240
84 243
84 246
84 251
84 258
84 276
85 112
85 124
85 152
85 155
85 165
85 207
85 211
85 218
85 225
85 237
85 240
85 243
85 246
85 251
85 258
85 276
86 112
86 124
86 152
86 155
86 165
86 207
86 211
86 218
86 225
86 237
86 240
86 243
86 246
86 251
86 258
86 276
87 112
87 124
87 128
87 152
87 155
87 165
87 207
87 211
87 218
87 225
87 237
87 240
87 243
87 246
87 251
87 258
87 276
88 124
88 128
88 152
88 155
88 165
88 207
88 211
88 218
88 225
88 237
88 240
88 243
88 246
88 251
88 258
88 276
89 124
89 128
89 152
89 155
89 165
89 207
89 211
89 218
89 219
89 225
89 237
89 240
89 243
89 246
89 251
89 258
89 261
89 276
90 120
90 124
90 128
90 152
90 155
90 165
90 207
90 211
90 218
90 219
90 225
90 237
90 240
90 243
90 246
90 251
90 258
90 261
90 276
91 120
91 124
91 128
91 155
91 165
91 207
91 211
91 218
91 219
91 237
91 240
91 243
91 246
91 251
91 258
91 261
91 276
92 120
92 124
92 128
92 137
92 155
92 165
92 207
92 211
92 218
92 219
92 237
92 240
92 243
92 246
92 251
92 258
92 261
92 276
93 120
93 124
93 128
93 137
93 155
93 165
93 207
93 211
93 218
93 219
93 237
93 240
93 243
93 246
93 251
93 258
93 261
93 276
94 120
94 124
94 128
94 137
94 155
94 161
94 165
94 200
94 207
94 211
94 218
94 219
94 230
94 237
94 240
94 243
94 246
94 251
94 258
94 261
94 276
95 120
95 124
95 128
95 137
95 161
95 165
95 200
95 207
95 211
95 218
95 219
95 230
95 237
95 240
95 243
95 245
95 246
95 251
95 257
95 258
95 261
95 276
96 120
96 124
96 128
96 137
96 161
96 165
96 200
96 207
96 211
96 218
96 219
96 230
96 237
96 240
96 243
96 245
96 246
96 251
96 257
96 258
96 261
96 276
97 113
97 120
97 124
97 128
97 137
97 165
97 200
97 207
97 211
97 218
97 219
97 230
97 237
97 240
97 243
97 245
97 246
97 251
97 257
97 258
97 261
97 276
98 113
98 120
98 124
98 128
98 137
98 165
98 200
98 207
98 211
98 218
98 219
98 230
98 237
98 240
98 243
98 245
98 246
98 251
98 257
98 258
98 261
98 276
99 113
99 120
99 124
99 137
99 165
99 200
99 207
99 211
99 219
99 230
99 237
99 240
99 243
99 245
99 246
99 251
99 257
99 258
99 261
99 276
100 106
100 113
100 120
100 121
100 124
100 137
100 165
100 200
100 207
100 211
100 219
100 230
100 237
100 240
100 243
100 245
100 246
100 251
100 258
100 261
100 276
101 106
101 113
101 120
101 121
101 124
101 137
101 165
101 200
101 207
101 211
101 219
101 230
101 237
101 240
101 243
101 245
101 246
101 251
101 258
101 261
101 276
102 106
102 113
102 120
102 121
102 124
102 137
102 165
102 200
102 207
102 211
102 219
102 230
102 237
102 240
102 243
102 244
102 245
102 246
102 251
102 258
102 261
102 276
102 279
103 106
103 120
103 121
103 124
103 137
103 165
103 200
103 207
103 211
103 215
103 219
103 230
103 237
103 240
103 243
103 244
103 245
103 246
103 251
103 258
103 261
103 276
103 279
104 106
104 120
104 121
104 124
104 165
104 167
104 200
104 207
104 211
104 215
104 219
104 230
104 237
104 240
104 241
104 243
104 244
104 245
104 246
104 251
104 258
104 261
104 276
104 279
105 120
105 121
105 124
105 149
105 165
105 167
105 200
105 207
105 211
105 215
105 219
105 230
105 237
105 240
105 241
105 243
105 244
105 245
105 246
105 251
105 258
105 261
105 276
105 279
106 120
106 121
106 124
106 149
106 165
106 167
106 200
106 207
106 211
106 219
106 230
106 237
106 240
106 241
106 243
106 244
106 245
106 246
106 251
106 258
106 261
106 276
106 279
107 120
107 121
107 124
107 149
107 165
107 167
107 200
107 207
107 211
107 219
107 230
107 237
107 240
107 241
107 243
107 244
107 245
107 246
107 251
107 258
107 261
107 276
107 279
108 120
108 121
108 124
108 149
108 165
108 167
108 200
108 211
108 219
108 230
108 237
108 240
108 241
108 243
108 244
108 245
108 246
108 251
108 258
108 261
108 276
108 279
109 120
109 121
109 149
109 165
109 167
109 200
109 211
109 219
109 230
109 237
109 240
109 241
109 243
109 244
109 245
109 246
109 251
109 258
109 261
109 276
109 279
110 120
110 121
110 149
110 165
110 167
110 200
110 211
110 219
110 230
110 237
110 240
110 241
110 243
110 245
110 246
110 251
110 258
110 261
110 276
110 279
111 120
111 121
111 149
111 165
111 167
111 200
111 211
111 219
111 230
111 237
111 240
111 241
111 243
111 245
111 246
111 251
111 258
111 261
111 276
111 279
112 120
112 140
112 149
112 165
112 167
112 200
112 211
112 230
112 237
112 240
112 241
112 243
112 245
112 246
112 251
112 258
112 261
112 276
112 279
113 120
113 140
113 149
113 165
113 167
113 200
113 211
113 230
113 237
113 240
113 241
113 243
113 245
113 246
113 251
113 258
113 261
113 276
114 120
114 140
114 149
114 165
114 167
114 200
114 211
114 230
114 237
114 240
114 241
114 243
114 245
114 246
114 251
114 258
114 261
114 276
115 120
115 140
115 146
115 149
115 165
115 167
115 200
115 211
115 230
115 237
115 240
115 241
115 243
115 245
115 246
115 251
115 258
115 261
115 276
116 140
116 143
116 146
116 149
116 165
116 167
116 186
116 200
116 211
116 230
116 237
116 240
116 241
116 243
116 245
116 246
116 251
116 258
116 261
116 276
117 140
117 143
117 146
117 149
117 165
117 167
117 186
117 200
117 211
117 230
117 237
117 240
117 241
117 243
117 246
117 251
117 258
117 261
117 276
118 140
118 143
118 146
118 149
118 165
118 167
118 169
118 186
118 200
118 202
118 211
118 237
118 240
118 241
118 243
118 246
118 251
118 258
118 261
118 276
119 126
119 140
119 143
119 146
119 149
119 167
119 169
119 186
119 200
119 202
119 240
119 241
119 243
119 246
119 251
119 258
119 261
119 276
120 126
120 140
120 143
120 146
120 149
120 167
120 169
120 186
120 200
120 202
120 240
120 241
120 243
120 246
120 251
120 258
120 261
120 276
121 126
121 140
121 149
121 167
121 175
121 178
121 186
121 195
121 200
121 240
121 242
121 243
121 246
121 251
121 258
121 261
121 273
121 276
122 149
122 167
122 168
122 175
122 178
122 186
122 200
122 240
122 242
122 243
122 246
122 251
122 258
122 261
122 273
122 276
123 149
123 167
123 168
123 175
123 178
123 186
123 200
123 240
123 242
123 243
123 246
123 251
123 258
123 261
123 273
123 276
124 149
124 167
124 168
124 175
124 178
124 186
124 200
124 240
124 242
124 243
124 246
124 251
124 258
124 261
124 273
124 276
125 149
125 167
125 168
125 175
125 178
125 186
125 200
125 240
125 243
125 246
125 251
125 258
125 261
125 273
125 276
126 149
126 167
126 168
126 175
126 178
126 186
126 200
126 240
126 243
126 246
126 251
126 258
126 261
126 273
126 276
127 149
127 167
127 168
127 175
127 178
127 186
127 200
127 243
127 246
127 251
127 258
127 261
127 273
127 276
128 149
128 167
128 168
128 173
128 175
128 186
128 200
128 229
128 243
128 246
128 251
128 258
128 261
128 273
128 276
129 149
129 156
129 163
129 167
129 168
129 173
129 180
129 186
129 200
129 203
129 227
129 229
129 243
129 246
129 251
129 258
129 261
129 273
129 276
129 283
130 149
130 156
130 163
130 167
130 168
130 173
130 180
130 186
130 200
130 203
130 227
130 229
130 243
130 246
130 251
130 258
130 261
130 273
130 276
130 283
131 149
131 156
131 163
131 167
131 168
131 173
131 180
131 186
131 200
131 203
131 227
131 229
131 243
131 246
131 251
131 258
131 261
131 273
131 276
131 283
132 149
132 156
132 163
132 167
132 168
132 173
132 180
132 186
132 188
132 192
132 200
132 203
132 227
132 229
132 243
132 246
132 251
132 258
132 261
132 273
132 276
132 281
132 283
133 149
133 156
133 163
133 167
133 168
133 173
133 180
133 186
133 188
133 192
133 200
133 203
133 227
133 229
133 243
133 246
133 251
133 258
133 261
133 273
133 276
133 281
133 283
134 149
134 156
134 163
134 167
134 168
134 173
134 180
134 186
134 188
134 192
134 200
134 203
134 227
134 229
134 243
134 246
134 251
134 258
134 261
134 273
134 276
134 281
134 283
135 149
135 156
135 163
135 168
135 173
135 180
135 186
135 188
135 192
135 200
135 203
135 227
135 229
135 243
135 246
135 251
135 258
135 261
135 273
135 276
135 281
135 283
136 149
136 156
136 163
136 168
136 173
136 180
136 186
136 188
136 192
136 200
136 203
136 227
136 229
136 243
136 246
136 251
136 258
136 261
136 273
136 276
136 281
136 283
137 149
137 156
137 163
137 168
137 173
137 180
137 186
137 188
137 192
137 200
137 203
137 227
137 229
137 243
137 246
137 251
137 258
137 261
137 273
137 276
137 281
137 283
138 149
138 156
138 163
138 168
138 173
138 180
138 186
138 188
138 192
138 200
138 203
138 227
138 228
138 229
138 243
138 246
138 251
138 258
138 261
138 273
138 276
138 281
138 283
139 149
139 156
139 160
139 163
139 168
139 173
139 180
139 183
139 186
139 188
139 200
139 203
139 228
139 229
139 243
139 258
139 261
139 273
139 281
139 283
140 149
140 156
140 163
140 168
140 173
140 180
140 183
140 186
140 188
140 200
140 203
140 228
140 229
140 243
140 258
140 261
140 273
140 281
140 283
141 149
141 163
141 168
141 173
141 180
141 183
141 186
141 188
141 200
141 203
141 228
141 243
141 258
141 261
141 273
141 281
141 283
142 149
142 163
142 168
142 173
142 180
142 183
142 186
142 188
142 200
142 203
142 228
142 243
142 258
142 261
142 273
142 281
142 283
143 149
143 163
143 168
143 173
143 180
143 183
143 186
143 188
143 200
143 203
143 228
143 243
143 258
143 261
143 273
143 281
143 283
143 284
144 149
144 163
144 168
144 173
144 180
144 183
144 186
144 188
144 200
144 203
144 228
144 243
144 258
144 261
144 273
144 281
144 283
144 284
145 149
145 163
145 168
145 173
145 180
145 183
145 186
145 188
145 200
145 203
145 216
145 224
145 228
145 234
145 243
145 258
145 261
145 273
145 281
145 283
145 284
146 149
146 163
146 168
146 173
146 180
146 183
146 186
146 188
146 200
146 203
146 214
146 216
146 224
146 228
146 234
146 243
146 258
146 261
146 273
146 278
146 281
146 283
146 284
147 149
147 163
147 168
147 173
147 183
147 186
147 188
147 200
147 203
147 216
147 224
147 228
147 234
147 243
147 258
147 261
147 273
147 274
147 278
147 281
147 283
147 284
148 149
148 163
148 168
148 173
148 183
148 186
148 188
148 200
148 203
148 216
148 224
148 228
148 234
148 243
148 258
148 261
148 273
148 274
148 278
148 281
148 283
148 284
149 149
149 163
149 168
149 173
149 183
149 186
149 188
149 200
149 203
149 216
149 224
149 228
149 234
149 258
149 261
149 273
149 274
149 278
149 281
149 283
149 284
150 149
150 163
150 168
150 173
150 183
150 186
150 200
150 203
150 224
150 228
150 234
150 258
150 261
150 273
150 274
150 278
150 281
150 283
150 284
151 149
151 168
151 173
151 183
151 186
151 200
151 203
151 224
151 228
151 234
151 258
151 261
151 273
151 278
151 281
151 283
151 284
152 149
152 168
152 173
152 183
152 186
152 200
152 203
152 224
152 228
152 234
152 258
152 261
152 273
152 278
152 281
152 283
152 284
153 149
153 168
153 173
153 186
153 193
153 203
153 224
153 228
153 234
153 256
153 258
153 261
153 273
153 278
153 281
153 283
154 149
154 168
154 173
154 186
154 193
154 203
154 224
154 228
154 234
154 256
154 258
154 261
154 273
154 278
154 281
154 283
155 149
155 168
155 173
155 186
155 193
155 203
155 224
155 228
155 234
155 256
155 258
155 261
155 273
155 278
155 281
155 283
156 149
156 168
156 172
156 173
156 184
156 186
156 193
156 203
156 224
156 226
156 228
156 234
156 256
156 258
156 261
156 273
156 278
156 281
156 283
157 149
157 168
157 172
157 173
157 184
157 186
157 193
157 203
157 224
157 226
157 234
157 256
157 258
157 261
157 262
157 273
157 278
157 281
157 283
158 149
158 168
158 172
158 184
158 186
158 193
158 224
158 226
158 234
158 256
158 258
158 261
158 262
158 273
158 278
158 281
158 283
159 149
159 168
159 172
159 184
159 186
159 193
159 224
159 226
159 234
159 256
159 258
159 261
159 262
159 273
159 278
159 281
159 283
160 149
160 168
160 172
160 184
160 186
160 193
160 224
160 226
160 234
160 256
160 258
160 261
160 262
160 273
160 275
160 278
160 281
160 283
161 149
161 168
161 172
161 184
161 186
161 193
161 224
161 226
161 234
161 256
161 258
161 261
161 262
161 273
161 275
161 281
161 283
162 149
162 168
162 172
162 184
162 186
162 193
162 224
162 234
162 256
162 258
162 261
162 262
162 273
162 275
162 281
162 283
163 149
163 168
163 172
163 184
163 186
163 193
163 224
163 234
163 256
163 258
163 261
163 262
163 273
163 275
163 281
163 283
164 149
164 168
164 172
164 184
164 186
164 193
164 224
164 234
164 258
164 261
164 262
164 273
164 275
164 281
164 283
165 149
165 168
165 172
165 184
165 186
165 193
165 224
165 234
165 258
165 261
165 262
165 273
165 275
165 281
165 283
166 149
166 168
166 172
166 184
166 186
166 193
166 224
166 234
166 258
166 262
166 273
166 275
166 281
167 149
167 168
167 172
167 184
167 186
167 193
167 224
167 234
167 258
167 262
167 273
167 275
167 281
168 149
168 168
168 172
168 184
168 186
168 193
168 224
168 234
168 258
168 262
168 273
168 275
168 281
169 149
169 168
169 172
169 184
169 186
169 193
169 221
169 224
169 234
169 258
169 262
169 271
169 273
169 275
169 281
170 149
170 168
170 172
170 184
170 186
170 193
170 221
170 224
170 234
170 258
170 262
170 271
170 273
170 275
170 281
171 149
171 168
171 172
171 176
171 182
171 184
171 186
171 193
171 224
171 258
171 262
171 271
171 275
171 281
172 149
172 168
172 172
172 176
172 182
172 184
172 186
172 193
172 209
172 224
172 258
172 259
172 262
172 271
172 275
172 281
173 149
173 168
173 172
173 176
173 182
173 184
173 186
173 193
173 209
173 224
173 258
173 259
173 262
173 271
173 275
173 281
174 149
174 168
174 172
174 176
174 182
174 184
174 186
174 193
174 224
174 248
174 259
174 262
174 271
174 275
174 281
175 149
175 168
175 172
175 176
175 182
175 184
175 186
175 191
175 193
175 248
175 259
175 262
175 271
175 275
175 281
176 168
176 172
176 176
176 182
176 184
176 191
176 248
176 259
176 271
176 275
176 281
177 168
177 176
177 182
177 184
177 191
177 238
177 259
177 271
177 275
177 281
178 176
178 182
178 184
178 191
178 197
178 223
178 238
178 259
178 263
178 265
178 271
178 275
178 281
179 176
179 182
179 184
179 191
179 197
179 223
179 238
179 249
179 259
179 263
179 265
179 271
179 275
179 281
180 176
180 182
180 184
180 191
180 223
180 238
180 249
180 259
180 263
180 265
180 271
180 275
180 281
181 182
181 184
181 191
181 223
181 238
181 249
181 259
181 263
181 265
181 271
181 275
181 281
182 182
182 184
182 191
182 223
182 238
182 249
182 259
182 263
182 265
182 271
182 275
182 281
183 182
183 184
183 191
183 238
183 249
183 250
183 259
183 263
183 265
183 271
183 275
183 281
184 182
184 184
184 191
184 238
184 247
184 249
184 250
184 259
184 263
184 265
184 271
184 275
184 281
185 182
185 184
185 191
185 238
185 247
185 249
185 250
185 259
185 263
185 265
185 271
185 275
185 281
186 182
186 184
186 232
186 238
186 247
186 249
186 250
186 259
186 265
186 271
186 275
186 281
187 182
187 184
187 232
187 238
187 247
187 249
187 250
187 259
187 265
187 271
187 275
187 281
188 182
188 184
188 232
188 238
188 247
188 249
188 250
188 259
188 265
188 271
188 275
188 281
189 182
189 184
189 232
189 238
189 247
189 249
189 250
189 259
189 265
189 271
189 275
189 281
190 182
190 184
190 232
190 238
190 247
190 249
190 250
190 259
190 265
190 271
190 275
190 281
191 182
191 184
191 232
191 238
191 247
191 249
191 250
191 259
191 265
191 270
191 271
191 275
191 281
192 182
192 184
192 232
192 238
192 247
192 249
192 250
192 259
192 265
192 270
192 271
192 275
192 281
193 182
193 184
193 232
193 238
193 247
193 249
193 250
193 259
193 265
193 270
193 271
193 275
193 281
194 182
194 184
194 232
194 238
194 247
194 249
194 250
194 259
194 265
194 270
194 271
194 275
194 281
195 182
195 184
195 232
195 238
195 247
195 249
195 250
195 259
195 265
195 270
195 271
195 275
195 281
196 182
196 184
196 232
196 238
196 247
196 250
196 259
196 265
196 270
196 271
196 275
196 281
197 182
197 184
197 232
197 238
197 247
197 250
197 259
197 265
197 270
197 271
197 275
197 281
198 182
198 184
198 232
198 238
198 247
198 250
198 259
198 265
198 270
198 271
198 275
198 281
199 182
199 184
199 232
199 238
199 247
199 250
199 259
199 265
199 270
199 271
199 275
199 281
200 184
200 232
200 238
200 247
200 250
200 259
200 265
200 270
200 271
200 275
200 281
201 184
201 232
201 238
201 247
201 250
201 259
201 265
201 270
201 271
201 275
201 281
202 184
202 232
202 238
202 247
202 250
202 259
202 265
202 270
202 271
202 275
202 281
203 184
203 232
203 238
203 247
203 250
203 259
203 265
203 271
203 275
203 281
204 184
204 232
204 238
204 247
204 250
204 259
204 265
204 275
204 280
204 281
205 184
205 232
205 238
205 247
205 250
205 259
205 265
205 275
205 280
205 281
206 184
206 212
206 232
206 238
206 247
206 250
206 259
206 265
206 280
206 281
207 184
207 212
207 232
207 238
207 247
207 250
207 259
207 265
207 280
207 281
208 184
208 212
208 232
208 238
208 247
208 250
208 259
208 280
208 281
209 184
209 212
209 232
209 238
209 247
209 250
209 259
209 280
209 281
210 184
210 212
210 231
210 232
210 238
210 247
210 250
210 259
210 280
210 281
211 184
211 212
211 231
211 232
211 238
211 247
211 250
211 259
211 280
211 281
212 184
212 212
212 231
212 232
212 238
212 247
212 250
212 259
212 280
212 281
213 184
213 212
213 231
213 232
213 238
213 247
213 250
213 259
213 272
213 280
213 281
214 184
214 231
214 232
214 238
214 247
214 250
214 259
214 272
214 281
215 184
215 231
215 232
215 238
215 247
215 250
215 259
215 272
215 281
216 184
216 231
216 232
216 238
216 247
216 250
216 259
216 272
216 281
217 184
217 231
217 232
217 238
217 247
217 250
217 259
217 272
217 281
218 231
218 232
218 238
218 247
218 250
218 259
218 272
218 281
219 231
219 232
219 238
219 247
219 250
219 259
219 281
220 231
220 232
220 238
220 247
220 250
220 259
220 281
221 231
221 232
221 238
221 247
221 250
221 259
221 281
222 231
222 232
222 238
222 250
222 259
222 281
223 231
223 232
223 238
223 250
223 259
223 281
224 231
224 232
224 238
224 250
224 259
224 281
225 231
225 232
225 238
225 250
225 259
225 281
226 231
226 232
226 238
226 250
226 259
226 281
227 232
227 238
227 250
227 259
227 281
228 232
228 238
228 250
228 259
228 281
229 232
229 238
229 250
229 281
230 232
230 238
230 250
230 281
231 232
231 238
231 250
231 281
232 232
232 238
232 250
232 281
233 232
233 238
233 250
233 269
233 281
234 232
234 238
234 250
234 269
234 281
235 232
235 238
235 250
235 269
235 281
236 232
236 238
236 250
236 269
236 281
237 232
237 238
237 269
237 281
238 232
238 238
238 269
238 281
239 232
239 238
239 269
239 281
240 232
240 238
240 269
240 281
241 232
241 238
241 281
242 232
242 238
243 232
243 238
244 232
244 238
245 232
246 232
263 277
264 277
265 277
266 277
267 277
268 277
269 277
270 277
271 277
272 277
273 277
274 277
275 277
276 277
277 277
278 277
279 277
280 277
281 277
282 277
283 277
284 277
