0 1
0 13
0 15
0 33
0 149
0 242
1 3
1 13
1 15
1 19
1 33
1 149
1 242
2 4
2 5
2 8
2 13
2 15
2 19
2 33
2 43
2 51
2 149
2 242
3 5
3 6
3 8
3 13
3 15
3 19
3 33
3 43
3 51
3 149
3 242
4 15
4 19
4 51
4 101
4 147
4 149
4 242
5 15
5 19
5 38
5 51
5 101
5 109
5 147
5 149
5 242
6 15
6 38
6 51
6 73
6 94
6 101
6 109
6 144
6 149
6 205
7 16
7 27
7 28
7 29
7 31
7 39
7 53
7 73
7 79
7 86
7 109
7 144
7 150
7 179
7 205
7 224
8 16
8 27
8 28
8 29
8 31
8 39
8 53
8 73
8 79
8 86
8 109
8 144
8 150
8 179
8 205
8 224
9 16
9 27
9 28
9 29
9 39
9 53
9 73
9 79
9 86
9 109
9 144
9 150
9 179
9 205
9 224
10 27
10 29
10 39
10 53
10 73
10 79
10 109
10 144
10 150
10 179
10 205
10 207
10 224
11 27
11 29
11 35
11 39
11 53
11 73
11 79
11 109
11 144
11 150
11 179
11 205
11 207
11 224
12 27
12 29
12 35
12 39
12 53
12 73
12 79
12 109
12 144
12 150
12 179
12 205
12 207
12 211
12 224
12 239
13 22
13 29
13 35
13 65
13 67
13 73
13 79
13 109
13 144
13 150
13 170
13 179
13 205
13 207
13 224
13 239
14 29
14 35
14 48
14 55
14 59
14 65
14 67
14 68
14 79
14 109
14 144
14 150
14 159
14 170
14 179
14 205
14 207
14 224
14 239
15 29
15 35
15 48
15 55
15 59
15 65
15 67
15 68
15 79
15 109
15 144
15 150
15 159
15 170
15 179
15 205
15 207
15 224
15 239
16 18
16 35
16 41
16 48
16 55
16 59
16 67
16 68
16 79
16 107
16 109
16 113
16 144
16 150
16 159
16 170
16 179
16 205
16 207
16 224
16 239
17 18
17 35
17 41
17 42
17 46
17 48
17 55
17 59
17 67
17 79
17 83
17 107
17 109
17 113
17 144
17 150
17 159
17 170
17 205
17 207
17 224
17 239
18 18
18 24
18 35
18 41
18 46
18 47
18 49
18 55
18 67
18 79
18 83
18 93
18 95
18 107
18 109
18 113
18 144
18 150
18 159
18 170
18 192
18 205
18 207
18 239
18 252
19 24
19 35
19 46
19 47
19 55
19 67
19 79
19 83
19 93
19 95
19 107
19 109
19 113
19 144
19 150
19 159
19 170
19 192
19 205
19 207
19 239
19 252
20 24
20 35
20 46
20 47
20 55
20 67
20 79
20 83
20 93
20 95
20 107
20 109
20 113
20 144
20 150
20 159
20 170
20 192
20 205
20 207
20 239
20 252
21 23
21 37
21 46
21 50
21 55
21 66
21 67
21 79
21 93
21 95
21 106
21 113
21 144
21 159
21 170
21 192
21 205
21 207
21 215
21 259
22 23
22 25
22 30
22 36
22 37
22 46
22 55
22 66
22 67
22 79
22 88
22 93
22 95
22 106
22 113
22 144
22 170
22 192
22 205
22 207
22 215
22 227
22 259
23 25
23 46
23 66
23 67
23 77
23 79
23 88
23 93
23 106
23 113
23 126
23 144
23 170
23 192
23 205
23 207
23 215
23 227
23 259
24 25
24 46
24 66
24 77
24 79
24 88
24 93
24 106
24 113
24 126
24 144
24 170
24 173
24 192
24 205
24 207
24 215
24 227
24 259
25 25
25 45
25 46
25 66
25 78
25 79
25 88
25 93
25 106
25 113
25 126
25 144
25 170
25 173
25 192
25 205
25 207
25 215
25 227
25 259
26 25
26 45
26 46
26 66
26 78
26 79
26 88
26 93
26 106
26 113
26 126
26 144
26 170
26 173
26 192
26 205
26 207
26 215
26 227
26 259
27 25
27 45
27 66
27 78
27 79
27 93
27 98
27 102
27 106
27 126
27 132
27 144
27 170
27 173
27 192
27 205
27 207
27 215
27 227
27 259
28 45
28 66
28 78
28 79
28 93
28 98
28 102
28 106
28 126
28 132
28 154
28 170
28 173
28 192
28 205
28 207
28 215
28 227
28 258
28 259
28 281
29 45
29 66
29 78
29 79
29 93
29 98
29 102
29 106
29 126
29 132
29 154
29 170
29 173
29 192
29 205
29 207
29 215
29 227
29 258
29 259
29 281
30 45
30 66
30 78
30 79
30 93
30 98
30 102
30 106
30 126
30 132
30 154
30 170
30 192
30 205
30 207
30 215
30 227
30 258
30 259
30 281
31 45
31 66
31 78
31 79
31 93
31 98
31 102
31 106
31 132
31 154
31 170
31 192
31 205
31 207
31 215
31 227
31 249
31 258
31 259
31 281
32 34
32 45
32 66
32 70
32 78
32 79
32 93
32 97
32 98
32 102
32 106
32 132
32 148
32 154
32 165
32 170
32 192
32 205
32 207
32 227
32 249
32 258
32 259
32 264
33 34
33 45
33 61
33 66
33 70
33 78
33 79
33 93
33 97
33 98
33 102
33 106
33 132
33 148
33 154
33 165
33 170
33 192
33 205
33 207
33 227
33 249
33 258
33 259
33 264
34 34
34 45
34 70
34 78
34 79
34 93
34 97
34 98
34 106
34 132
34 143
34 148
34 154
34 165
34 170
34 192
34 205
34 207
34 227
34 249
34 258
34 259
34 264
35 34
35 70
35 78
35 79
35 93
35 97
35 98
35 106
35 132
35 143
35 148
35 154
35 165
35 170
35 192
35 205
35 207
35 227
35 258
35 259
35 264
36 70
36 78
36 79
36 93
36 97
36 98
36 106
36 132
36 143
36 148
36 154
36 165
36 170
36 192
36 205
36 207
36 227
36 258
36 259
36 264
37 78
37 79
37 93
37 97
37 98
37 106
37 132
37 143
37 148
37 154
37 165
37 170
37 192
37 205
37 207
37 227
37 258
37 259
37 264
38 78
38 79
38 93
38 97
38 98
38 106
38 132
38 143
38 148
38 154
38 165
38 170
38 192
38 205
38 207
38 227
38 258
38 259
38 264
39 57
39 60
39 63
39 78
39 79
39 93
39 97
39 98
39 132
39 143
39 148
39 165
39 170
39 192
39 205
39 207
39 227
39 258
39 259
39 264
40 60
40 79
40 93
40 97
40 98
40 132
40 143
40 148
40 165
40 170
40 175
40 185
40 205
40 207
40 227
40 258
40 259
40 264
41 60
41 62
41 79
41 93
41 97
41 98
41 128
41 132
41 143
41 148
41 165
41 170
41 175
41 185
41 205
41 207
41 227
41 258
41 259
41 264
42 60
42 62
42 79
42 93
42 97
42 98
42 128
42 132
42 143
42 148
42 165
42 170
42 175
42 185
42 205
42 207
42 227
42 258
42 259
42 264
43 62
43 64
43 74
43 79
43 93
43 97
43 98
43 116
43 128
43 132
43 143
43 148
43 165
43 170
43 185
43 205
43 207
43 227
43 258
43 259
43 264
43 280
44 62
44 64
44 74
44 79
44 93
44 97
44 98
44 116
44 128
44 132
44 143
44 148
44 165
44 170
44 185
44 205
44 207
44 227
44 258
44 259
44 264
44 280
45 62
45 64
45 74
45 79
45 93
45 97
45 98
45 116
45 128
45 132
45 143
45 148
45 165
45 170
45 185
45 205
45 207
45 227
45 258
45 259
45 264
45 280
46 62
46 64
46 74
46 79
46 93
46 97
46 98
46 112
46 116
46 128
46 132
46 143
46 148
46 165
46 170
46 185
46 205
46 207
46 258
46 259
46 264
46 280
47 64
47 74
47 79
47 93
47 97
47 98
47 112
47 116
47 127
47 128
47 132
47 143
47 148
47 160
47 165
47 170
47 185
47 205
47 207
47 230
47 258
47 259
47 264
47 280
48 56
48 58
48 74
48 79
48 81
48 90
48 98
48 103
48 116
48 122
48 127
48 128
48 132
48 143
48 160
48 170
48 187
48 205
48 207
48 230
48 258
48 259
48 264
48 280
49 56
49 74
49 79
49 81
49 90
49 98
49 103
49 105
49 116
49 122
49 127
49 128
49 132
49 143
49 160
49 170
49 187
49 205
49 207
49 230
49 258
49 259
49 264
49 280
50 54
50 56
50 74
50 79
50 81
50 90
50 98
50 105
50 116
50 122
50 127
50 128
50 132
50 143
50 160
50 170
50 187
50 205
50 207
50 230
50 258
50 259
50 264
50 280
51 54
51 56
51 74
51 79
51 81
51 90
51 98
51 105
51 116
51 122
51 127
51 128
51 132
51 143
51 160
51 170
51 187
51 205
51 207
51 230
51 258
51 259
51 264
51 280
52 54
52 56
52 74
52 79
52 81
52 82
52 98
52 105
52 116
52 128
52 132
52 143
52 169
52 170
52 187
52 205
52 207
52 230
52 234
52 258
52 259
52 264
52 280
52 283
53 54
53 56
53 74
53 79
53 81
53 82
53 98
53 105
53 128
53 132
53 143
53 169
53 170
53 187
53 205
53 207
53 230
53 234
53 258
53 259
53 264
53 280
53 283
54 54
54 56
54 74
54 79
54 81
54 82
54 96
54 98
54 105
54 128
54 136
54 143
54 169
54 170
54 187
54 205
54 207
54 230
54 234
54 258
54 259
54 264
54 280
54 283
55 54
55 74
55 79
55 81
55 82
55 96
55 98
55 105
55 128
55 131
55 136
55 142
55 143
55 155
55 169
55 170
55 187
55 205
55 207
55 230
55 234
55 258
55 259
55 264
55 280
55 283
56 54
56 74
56 79
56 81
56 82
56 96
56 98
56 105
56 128
56 131
56 136
56 142
56 143
56 155
56 156
56 169
56 170
56 187
56 205
56 207
56 217
56 230
56 234
56 258
56 259
56 264
56 280
56 283
57 74
57 81
57 82
57 98
57 105
57 123
57 128
57 131
57 136
57 142
57 143
57 146
57 155
57 156
57 164
57 187
57 207
57 217
57 230
57 234
57 258
57 259
57 264
57 280
57 283
58 74
58 81
58 82
58 98
58 105
58 123
58 128
58 131
58 136
58 142
58 143
58 146
58 155
58 156
58 164
58 187
58 207
58 217
58 230
58 234
58 258
58 259
58 264
58 280
58 283
59 74
59 81
59 82
59 92
59 98
59 105
59 123
59 128
59 131
59 135
59 136
59 140
59 142
59 143
59 146
59 151
59 155
59 164
59 187
59 207
59 217
59 230
59 234
59 258
59 259
59 264
59 280
59 283
60 74
60 76
60 81
60 82
60 92
60 98
60 105
60 123
60 128
60 131
60 135
60 136
60 140
60 142
60 143
60 146
60 151
60 155
60 164
60 187
60 207
60 217
60 230
60 231
60 234
60 258
60 259
60 264
60 280
60 283
61 74
61 76
61 81
61 92
61 98
61 105
61 115
61 123
61 128
61 131
61 135
61 136
61 140
61 142
61 143
61 146
61 151
61 155
61 164
61 187
61 207
61 217
61 230
61 231
61 234
61 258
61 259
61 264
61 280
61 283
62 74
62 76
62 81
62 92
62 98
62 105
62 115
62 128
62 131
62 135
62 136
62 140
62 142
62 143
62 146
62 151
62 155
62 164
62 171
62 187
62 217
62 230
62 231
62 234
62 251
62 258
62 259
62 264
62 280
62 283
63 74
63 75
63 76
63 81
63 92
63 98
63 105
63 131
63 136
63 140
63 142
63 151
63 155
63 164
63 171
63 181
63 187
63 217
63 230
63 234
63 251
63 258
63 264
63 280
63 283
64 74
64 75
64 76
64 81
64 98
64 105
64 111
64 131
64 136
64 140
64 142
64 151
64 155
64 161
64 164
64 171
64 181
64 187
64 217
64 234
64 251
64 258
64 264
64 280
64 283
65 74
65 75
65 76
65 81
65 84
65 89
65 98
65 111
65 131
65 140
65 142
65 151
65 164
65 171
65 187
65 210
65 217
65 234
65 251
65 258
65 264
65 280
65 283
66 69
66 74
66 75
66 76
66 81
66 84
66 89
66 98
66 111
66 124
66 131
66 140
66 142
66 151
66 153
66 171
66 187
66 210
66 217
66 234
66 251
66 258
66 264
66 280
66 283
67 69
67 72
67 74
67 75
67 76
67 81
67 84
67 89
67 98
67 111
67 124
67 131
67 140
67 142
67 151
67 153
67 171
67 187
67 210
67 217
67 234
67 251
67 258
67 280
67 283
68 69
68 72
68 74
68 75
68 76
68 81
68 84
68 85
68 98
68 124
68 131
68 140
68 142
68 151
68 153
68 171
68 210
68 217
68 226
68 234
68 251
68 258
68 280
68 283
69 69
69 71
69 72
69 74
69 75
69 76
69 81
69 84
69 85
69 98
69 124
69 131
69 140
69 142
69 151
69 153
69 171
69 210
69 217
69 226
69 234
69 251
69 258
69 280
69 283
70 69
70 71
70 72
70 74
70 75
70 76
70 81
70 84
70 85
70 98
70 124
70 131
70 140
70 142
70 151
70 153
70 171
70 210
70 217
70 226
70 234
70 251
70 258
70 280
70 283
71 69
71 71
71 72
71 75
71 76
71 81
71 84
71 85
71 98
71 124
71 140
71 142
71 145
71 151
71 153
71 158
71 210
71 217
71 226
71 234
71 247
71 251
71 258
71 280
71 283
72 72
72 75
72 76
72 81
72 84
72 85
72 98
72 124
72 140
72 142
72 145
72 151
72 153
72 158
72 210
72 217
72 226
72 232
72 234
72 247
72 251
72 258
72 272
72 280
72 283
73 72
73 75
73 81
73 84
73 85
73 98
73 124
73 125
73 140
73 142
73 145
73 151
73 153
73 158
73 210
73 217
73 226
73 232
73 234
73 247
73 251
73 258
73 272
73 280
73 283
74 75
74 81
74 84
74 85
74 98
74 125
74 142
74 145
74 151
74 153
74 158
74 176
74 188
74 210
74 216
74 217
74 226
74 229
74 232
74 234
74 247
74 251
74 258
74 272
74 280
75 75
75 81
75 84
75 85
75 98
75 125
75 142
75 145
75 151
75 153
75 158
75 176
75 188
75 210
75 216
75 217
75 226
75 229
75 232
75 233
75 234
75 247
75 251
75 258
75 272
75 280
76 75
76 81
76 84
76 85
76 98
76 125
76 129
76 142
76 145
76 151
76 153
76 158
76 176
76 188
76 210
76 216
76 217
76 226
76 229
76 232
76 233
76 234
76 236
76 247
76 251
76 258
76 265
76 272
76 280
77 75
77 81
77 85
77 91
77 98
77 114
77 121
77 125
77 129
77 142
77 145
77 151
77 153
77 158
77 162
77 176
77 188
77 210
77 216
77 217
77 226
77 229
77 232
77 233
77 234
77 236
77 247
77 251
77 258
77 265
77 272
77 280
78 81
78 85
78 91
78 98
78 110
78 114
78 125
78 129
78 145
78 151
78 153
78 158
78 162
78 176
78 188
78 210
78 216
78 220
78 226
78 229
78 232
78 233
78 234
78 236
78 247
78 251
78 258
78 265
78 272
79 85
79 91
79 98
79 110
79 114
79 125
79 145
79 151
79 153
79 158
79 162
79 176
79 177
79 186
79 188
79 210
79 216
79 220
79 229
79 232
79 233
79 234
79 236
79 247
79 251
79 258
79 265
79 268
79 272
80 85
80 91
80 98
80 110
80 114
80 125
80 145
80 151
80 153
80 158
80 162
80 176
80 177
80 186
80 188
80 210
80 216
80 220
80 229
80 232
80 233
80 234
80 236
80 247
80 251
80 258
80 265
80 268
80 272
81 85
81 91
81 98
81 110
81 114
81 125
81 138
81 145
81 151
81 153
81 158
81 162
81 176
81 177
81 186
81 188
81 210
81 216
81 220
81 229
81 232
81 233
81 234
81 236
81 247
81 258
81 265
81 268
81 272
82 85
82 91
82 98
82 110
82 114
82 138
82 145
82 151
82 153
82 158
82 162
82 172
82 176
82 177
82 210
82 216
82 220
82 229
82 232
82 233
82 234
82 236
82 247
82 258
82 265
82 268
82 272
83 85
83 91
83 98
83 110
83 114
83 138
83 145
83 151
83 153
83 158
83 162
83 172
83 176
83 177
83 210
83 216
83 220
83 229
83 232
83 233
83 234
83 236
83 247
83 258
83 265
83 268
83 272
84 85
84 91
84 98
84 110
84 114
84 138
84 145
84 151
84 153
84 158
84 162
84 172
84 176
84 177
84 184
84 210
84 216
84 220
84 229
84 232
84 233
84 234
84 236
84 247
84 258
84 265
84 268
84 272
85 85
85 91
85 98
85 114
85 138
85 145
85 151
85 153
85 158
85 162
85 172
85 176
85 177
85 184
85 210
85 216
85 220
85 228
85 229
85 232
85 233
85 234
85 236
85 247
85 258
85 265
85 268
85 272
86 85
86 91
86 98
86 138
86 145
86 151
86 153
86 158
86 162
86 172
86 176
86 184
86 216
86 220
86 228
86 229
86 233
86 234
86 236
86 247
86 258
86 265
86 272
87 85
87 91
87 98
87 138
87 145
87 151
87 153
87 158
87 162
87 172
87 176
87 184
87 216
87 220
87 228
87 229
87 233
87 234
87 236
87 247
87 258
87 265
87 272
88 85
88 91
88 98
88 138
88 145
88 151
88 153
88 158
88 162
88 172
88 176
88 184
88 216
88 220
88 228
88 229
88 233
88 234
88 236
88 247
88 258
88 265
88 272
89 85
89 91
89 98
89 108
89 138
89 153
89 158
89 162
89 172
89 184
89 201
89 220
89 228
89 233
89 234
89 236
89 247
89 258
89 265
89 272
89 275
90 91
90 98
90 104
90 108
90 141
90 153
90 158
90 162
90 172
90 184
90 201
90 220
90 228
90 233
90 234
90 236
90 247
90 258
90 265
90 275
90 279
91 91
91 98
91 104
91 108
91 118
91 141
91 153
91 158
91 162
91 172
91 184
91 220
91 228
91 233
91 234
91 236
91 258
91 265
91 275
91 279
92 91
92 104
92 108
92 118
92 137
92 141
92 153
92 158
92 162
92 172
92 184
92 220
92 228
92 233
92 234
92 236
92 258
92 265
92 275
93 91
93 104
93 108
93 118
93 137
93 141
93 153
93 162
93 172
93 184
93 220
93 228
93 233
93 234
93 236
93 258
93 265
93 275
94 91
94 104
94 108
94 118
94 137
94 141
94 153
94 162
94 172
94 184
94 220
94 233
94 234
94 236
94 258
94 265
94 275
95 104
95 117
95 130
95 137
95 141
95 153
95 162
95 172
95 184
95 203
95 220
95 223
95 233
95 234
95 236
95 258
95 265
95 275
95 282
96 104
96 117
96 130
96 137
96 153
96 162
96 172
96 184
96 203
96 220
96 223
96 233
96 234
96 236
96 258
96 265
96 275
96 282
97 104
97 117
97 119
97 130
97 137
97 153
97 162
97 184
97 203
97 220
97 223
97 233
97 234
97 236
97 258
97 265
97 275
97 282
98 104
98 117
98 119
98 130
98 137
98 153
98 162
98 184
98 200
98 203
98 220
98 223
98 233
98 234
98 236
98 258
98 265
98 275
98 282
99 104
99 117
99 119
99 137
99 153
99 162
99 200
99 203
99 220
99 223
99 233
99 234
99 236
99 258
99 265
99 275
99 282
100 104
100 119
100 137
100 153
100 162
100 200
100 203
100 212
100 220
100 221
100 223
100 233
100 234
100 236
100 258
100 265
100 275
100 282
101 104
101 119
101 137
101 153
101 162
101 200
101 212
101 220
101 221
101 223
101 233
101 234
101 236
101 258
101 265
101 275
101 282
102 104
102 119
102 137
102 153
102 162
102 200
102 212
102 220
102 221
102 223
102 233
102 234
102 236
102 258
102 265
102 275
102 282
103 104
103 119
103 137
103 153
103 162
103 200
103 208
103 212
103 220
103 221
103 223
103 233
103 234
103 258
103 275
104 104
104 119
104 137
104 153
104 162
104 200
104 208
104 212
104 220
104 221
104 223
104 233
104 234
104 258
104 275
105 104
105 137
105 153
105 162
105 200
105 208
105 212
105 220
105 221
105 223
105 233
105 234
105 257
105 258
105 275
106 104
106 137
106 153
106 162
106 208
106 212
106 220
106 221
106 223
106 233
106 234
106 257
106 258
106 275
107 104
107 137
107 153
107 162
107 208
107 212
107 220
107 221
107 223
107 233
107 234
107 257
107 258
107 275
108 104
108 137
108 153
108 162
108 180
108 208
108 212
108 218
108 220
108 221
108 223
108 233
108 234
108 257
108 258
108 275
109 104
109 137
109 153
109 162
109 180
109 208
109 212
109 218
109 220
109 221
109 233
109 234
109 257
109 258
109 275
110 104
110 137
110 153
110 162
110 180
110 208
110 212
110 220
110 221
110 233
110 234
110 257
110 258
110 275
111 104
111 137
111 153
111 162
111 180
111 208
111 212
111 220
111 221
111 233
111 234
111 257
111 258
111 275
112 104
112 137
112 153
112 162
112 180
112 208
112 212
112 220
112 221
112 233
112 234
112 257
112 258
112 271
112 275
113 104
113 137
113 153
113 162
113 180
113 208
113 212
113 220
113 221
113 233
113 234
113 257
113 258
113 271
113 275
114 104
114 137
114 153
114 162
114 208
114 212
114 220
114 221
114 233
114 234
114 257
114 258
114 271
114 275
115 104
115 137
115 153
115 162
115 208
115 212
115 220
115 221
115 233
115 234
115 256
115 257
115 258
115 271
115 275
116 120
116 137
116 153
116 162
116 208
116 220
116 221
116 233
116 234
116 256
116 257
116 258
116 271
116 275
117 120
117 134
117 137
117 153
117 162
117 208
117 220
117 221
117 233
117 234
117 256
117 257
117 258
117 271
117 275
117 278
118 120
118 137
118 153
118 162
118 208
118 220
118 221
118 234
118 256
118 257
118 258
118 271
118 275
118 278
119 153
119 162
119 208
119 220
119 221
119 234
119 257
119 258
119 271
119 275
119 278
120 153
120 162
120 208
120 220
120 221
120 234
120 257
120 258
120 271
120 275
120 278
121 153
121 162
121 208
121 220
121 221
121 234
121 257
121 258
121 271
121 275
121 278
122 139
122 153
122 162
122 189
122 204
122 208
122 220
122 221
122 234
122 257
122 258
122 271
122 275
122 278
123 139
123 153
123 162
123 189
123 204
123 208
123 220
123 221
123 234
123 257
123 258
123 271
123 275
123 278
124 139
124 153
124 162
124 189
124 204
124 208
124 220
124 221
124 234
124 257
124 258
124 271
124 275
124 278
125 139
125 153
125 162
125 189
125 204
125 208
125 220
125 221
125 234
125 257
125 258
125 271
125 275
125 278
126 139
126 153
126 162
126 204
126 208
126 219
126 220
126 221
126 234
126 257
126 271
126 275
126 278
127 139
127 153
127 162
127 208
127 219
127 220
127 221
127 234
127 257
127 271
127 275
127 278
128 139
128 153
128 162
128 208
128 219
128 220
128 221
128 234
128 257
128 271
128 275
128 278
129 139
129 153
129 162
129 208
129 219
129 220
129 221
129 234
129 257
129 271
129 275
129 278
130 139
130 153
130 194
130 208
130 219
130 220
130 221
130 234
130 253
130 257
130 271
130 275
130 278
131 139
131 153
131 194
131 208
131 219
131 220
131 221
131 234
131 253
131 257
131 271
131 275
131 278
132 139
132 153
132 168
132 194
132 208
132 219
132 220
132 221
132 234
132 253
132 257
132 271
132 275
132 278
133 139
133 153
133 168
133 194
133 208
133 219
133 220
133 221
133 234
133 253
133 257
133 271
133 275
133 278
134 153
134 168
134 194
134 219
134 220
134 221
134 234
134 253
134 257
134 262
134 271
134 275
134 278
135 153
135 168
135 194
135 219
135 220
135 221
135 234
135 253
135 257
135 262
135 271
135 275
135 278
136 153
136 168
136 194
136 219
136 220
136 221
136 234
136 253
136 257
136 260
136 262
136 271
136 275
136 278
137 153
137 168
137 194
137 219
137 220
137 221
137 222
137 234
137 253
137 257
137 260
137 262
137 271
137 275
137 278
138 157
138 190
138 219
138 220
138 221
138 222
138 234
138 253
138 257
138 260
138 262
138 271
138 274
138 275
138 278
139 157
139 190
139 219
139 220
139 221
139 222
139 234
139 253
139 257
139 260
139 262
139 271
139 274
139 275
139 278
140 163
140 190
140 219
140 220
140 221
140 222
140 234
140 253
140 257
140 260
140 262
140 271
140 274
140 275
140 278
141 163
141 190
141 213
141 219
141 220
141 221
141 222
141 234
141 253
141 257
141 260
141 262
141 271
141 274
141 275
141 278
142 163
142 190
142 213
142 219
142 220
142 221
142 222
142 234
142 253
142 257
142 260
142 262
142 271
142 274
142 275
142 278
143 163
143 190
143 213
143 219
143 220
143 221
143 222
143 234
143 253
143 257
143 260
143 262
143 271
143 274
143 275
143 278
144 163
144 190
144 196
144 213
144 219
144 220
144 221
144 222
144 253
144 257
144 260
144 271
144 274
144 278
145 163
145 190
145 196
145 213
145 219
145 220
145 221
145 222
145 253
145 257
145 260
145 271
145 274
145 278
146 163
146 190
146 196
146 213
146 220
146 221
146 222
146 253
146 257
146 260
146 271
146 274
146 278
147 163
147 166
147 190
147 193
147 196
147 213
147 220
147 221
147 222
147 253
147 257
147 260
147 271
147 274
147 278
147 284
148 163
148 166
148 190
148 193
148 196
148 213
148 220
148 221
148 222
148 253
148 257
148 260
148 271
148 274
148 278
148 284
149 163
149 166
149 182
149 193
149 196
149 213
149 220
149 221
149 222
149 235
149 253
149 257
149 267
149 271
149 274
149 278
149 284
150 163
150 166
150 182
150 193
150 196
150 213
150 220
150 221
150 222
150 235
150 253
150 257
150 267
150 271
150 274
150 278
150 284
151 163
151 166
151 182
151 193
151 196
151 213
151 220
151 221
151 222
151 235
151 253
151 257
151 267
151 271
151 274
151 278
151 284
152 163
152 166
152 182
152 193
152 196
152 220
152 221
152 222
152 235
152 253
152 257
152 267
152 271
152 274
152 278
152 284
153 163
153 166
153 182
153 193
153 196
153 220
153 221
153 222
153 235
153 253
153 257
153 267
153 271
153 274
153 278
153 284
154 166
154 182
154 193
154 196
154 209
154 220
154 221
154 222
154 235
154 253
154 257
154 267
154 271
154 274
154 278
154 284
155 166
155 182
155 196
155 209
155 220
155 222
155 235
155 253
155 257
155 267
155 271
155 274
155 278
155 284
156 166
156 182
156 196
156 209
156 220
156 222
156 235
156 253
156 257
156 267
156 271
156 274
156 278
156 284
157 166
157 182
157 196
157 209
157 220
157 222
157 235
157 253
157 257
157 267
157 271
157 274
157 278
157 284
158 166
158 182
158 196
158 209
158 220
158 222
158 235
158 253
158 257
158 267
158 271
158 274
158 278
158 284
159 166
159 182
159 196
159 197
159 209
159 220
159 222
159 225
159 235
159 237
159 253
159 257
159 267
159 271
159 274
159 278
159 284
160 182
160 196
160 197
160 209
160 220
160 222
160 225
160 235
160 237
160 253
160 257
160 267
160 271
160 274
160 278
160 284
161 182
161 195
161 196
161 197
161 209
161 220
161 222
161 225
161 235
161 237
161 253
161 257
161 267
161 271
161 274
161 278
161 284
162 182
162 195
162 197
162 209
162 220
162 222
162 225
162 235
162 237
162 253
162 257
162 267
162 271
162 274
162 278
162 284
163 182
163 195
163 197
163 209
163 220
163 222
163 225
163 235
163 237
163 253
163 257
163 267
163 271
163 274
163 278
163 284
164 182
164 195
164 197
164 209
164 220
164 222
164 225
164 235
164 237
164 253
164 257
164 267
164 271
164 274
164 278
164 284
165 182
165 195
165 197
165 222
165 225
165 235
165 237
165 253
165 254
165 257
165 267
165 274
165 278
166 195
166 197
166 222
166 225
166 235
166 237
166 253
166 254
166 257
166 267
166 274
166 278
167 195
167 197
167 222
167 225
167 235
167 237
167 253
167 254
167 257
167 267
167 270
167 274
167 278
168 195
168 197
168 222
168 225
168 235
168 237
168 253
168 254
168 257
168 267
168 270
168 274
169 195
169 197
169 222
169 225
169 235
169 237
169 253
169 254
169 257
169 267
169 270
169 274
170 195
170 197
170 222
170 225
170 235
170 237
170 253
170 254
170 257
170 263
170 267
170 270
170 274
171 195
171 197
171 222
171 225
171 235
171 237
171 253
171 254
171 257
171 263
171 267
171 270
171 274
172 195
172 197
172 222
172 225
172 235
172 237
172 253
172 254
172 257
172 263
172 270
172 274
173 183
173 195
173 197
173 222
173 225
173 235
173 237
173 253
173 254
173 257
173 263
173 270
173 274
174 195
174 197
174 222
174 225
174 235
174 237
174 253
174 254
174 257
174 263
174 270
174 274
175 195
175 197
175 222
175 225
175 235
175 237
175 253
175 254
175 257
175 263
175 270
175 274
176 195
176 197
176 222
176 225
176 235
176 237
176 253
176 254
176 257
176 263
176 270
176 274
177 191
177 195
177 197
177 222
177 225
177 235
177 237
177 253
177 254
177 257
177 263
177 270
177 274
178 191
178 195
178 197
178 222
178 225
178 235
178 237
178 253
178 254
178 257
178 263
178 270
178 274
179 191
179 195
179 197
179 222
179 225
179 235
179 237
179 253
179 254
179 257
179 263
179 270
179 274
180 191
180 195
180 197
180 222
180 225
180 235
180 237
180 253
180 254
180 257
180 263
180 270
180 274
181 197
181 202
181 222
181 225
181 235
181 248
181 253
181 254
181 257
181 274
182 197
182 202
182 222
182 225
182 235
182 248
182 253
182 254
182 257
182 274
183 197
183 202
183 222
183 225
183 248
183 253
183 254
183 257
183 274
184 197
184 202
184 222
184 225
184 248
184 254
184 257
184 274
185 197
185 202
185 222
185 225
185 248
185 254
185 257
185 274
186 197
186 202
186 222
186 225
186 248
186 254
186 257
187 197
187 202
187 222
187 225
187 248
187 254
187 257
188 197
188 202
188 222
188 225
188 248
188 254
188 257
189 197
189 202
189 222
189 225
189 248
189 254
189 257
190 197
190 202
190 222
190 225
190 245
190 248
190 254
190 257
191 197
191 202
191 222
191 225
191 245
191 248
191 254
191 257
192 197
192 202
192 222
192 225
192 245
192 248
192 254
192 257
193 197
193 222
193 225
193 245
193 248
193 254
193 257
194 197
194 222
194 225
194 243
194 245
194 248
194 257
195 197
195 222
195 225
195 245
195 248
195 257
196 197
196 222
196 225
196 245
196 248
196 257
197 222
197 225
197 245
197 248
197 257
198 222
198 225
198 245
198 248
198 257
199 222
199 225
199 245
199 248
200 222
200 225
200 245
200 248
201 222
201 225
201 248
201 255
202 222
202 225
202 248
202 255
203 222
203 225
203 248
203 255
204 248
204 255
205 248
206 248
207 248
208 248
209 241
209 266
210 241
210 244
210 266
211 241
211 244
211 266
212 241
212 244
212 266
213 241
213 244
213 266
214 241
214 244
214 266
215 241
215 244
215 266
216 241
216 244
216 266
217 241
217 244
217 266
218 241
218 244
218 266
219 244
219 266
220 244
220 266
221 244
221 266
222 240
222 244
222 266
223 240
223 244
223 266
224 240
224 244
224 266
225 244
225 266
226 244
226 266
227 244
227 266
228 266
229 238
229 266
230 238
230 266
231 238
231 266
232 238
233 238
234 238
234 273
235 238
235 273
236 238
236 273
237 238
237 273
238 238
238 273
239 238
239 273
240 238
240 269
240 273
241 238
241 269
241 273
242 238
242 269
242 273
243 238
243 269
243 273
244 238
244 269
244 273
245 238
245 269
245 273
246 238
246 269
246 273
246 276
247 238
247 269
247 273
247 276
248 269
248 273
248 276
248 277
249 269
249 273
249 276
249 277
250 269
250 276
250 277
251 269
251 277
252 269
252 277
253 269
253 277
254 269
254 277
255 269
255 277
256 269
256 277
257 269
257 277
258 269
258 277
259 269
259 277
260 269
260 277
261 269
261 277
262 269
262 277
263 269
263 277
264 269
264 277
265 269
265 277
266 269
266 277
267 269
267 277
268 269
268 277
269 269
269 277
