0 3
1 2
1 7
1 8
1 59
2 8
3 8
3 39
3 148
4 8
4 148
5 6
5 8
5 148
6 45
6 55
6 148
7 12
7 37
7 51
7 57
7 67
7 71
7 79
7 120
7 148
7 176
7 192
7 202
7 255
7 284
8 10
8 17
8 18
8 38
8 57
8 63
8 66
8 79
8 132
8 148
8 171
8 176
8 178
8 180
8 192
8 202
8 255
8 284
9 17
9 18
9 38
9 57
9 66
9 79
9 132
9 148
9 171
9 176
9 178
9 180
9 192
9 202
9 221
9 255
9 284
10 17
10 18
10 38
10 57
10 66
10 79
10 132
10 148
10 171
10 176
10 178
10 180
10 192
10 202
10 221
10 255
10 284
11 17
11 18
11 38
11 57
11 66
11 70
11 79
11 98
11 132
11 148
11 171
11 175
11 176
11 178
11 180
11 192
11 202
11 221
11 255
11 284
12 17
12 21
12 38
12 66
12 70
12 79
12 98
12 132
12 148
12 171
12 175
12 176
12 180
12 192
12 202
12 221
12 255
12 284
13 17
13 21
13 38
13 42
13 66
13 70
13 98
13 99
13 132
13 148
13 171
13 175
13 176
13 180
13 192
13 202
13 221
13 255
13 284
14 17
14 21
14 38
14 42
14 66
14 70
14 99
14 132
14 148
14 171
14 175
14 180
14 192
14 202
14 221
14 255
14 284
15 21
15 35
15 42
15 52
15 66
15 70
15 76
15 99
15 132
15 148
15 156
15 171
15 180
15 186
15 192
15 202
15 221
15 255
15 278
15 284
16 21
16 42
16 52
16 66
16 70
16 76
16 99
16 132
16 148
16 156
16 171
16 180
16 186
16 192
16 202
16 221
16 255
16 278
16 284
17 21
17 42
17 52
17 66
17 70
17 76
17 99
17 132
17 148
17 156
17 171
17 180
17 186
17 192
17 202
17 221
17 255
17 278
17 284
18 19
18 36
18 43
18 52
18 66
18 70
18 76
18 99
18 132
18 137
18 146
18 155
18 156
18 186
18 192
18 202
18 221
18 256
18 278
18 279
18 284
19 34
19 36
19 43
19 70
19 132
19 146
19 155
19 156
19 186
19 192
19 202
19 218
19 221
19 256
19 278
19 279
19 284
20 26
20 34
20 36
20 43
20 70
20 72
20 132
20 146
20 155
20 156
20 186
20 192
20 202
20 221
20 256
20 278
20 279
20 284
21 28
21 34
21 43
21 62
21 72
21 132
21 139
21 146
21 155
21 156
21 186
21 192
21 202
21 211
21 221
21 234
21 256
21 276
21 278
21 279
21 284
22 28
22 34
22 43
22 49
22 62
22 72
22 132
22 139
22 146
22 155
22 156
22 186
22 192
22 202
22 211
22 221
22 234
22 256
22 276
22 278
22 279
22 284
23 28
23 31
23 33
23 34
23 43
23 49
23 62
23 72
23 139
23 146
23 155
23 156
23 186
23 192
23 202
23 211
23 221
23 234
23 256
23 276
23 278
23 279
23 284
24 28
24 43
24 62
24 72
24 75
24 139
24 146
24 155
24 156
24 186
24 192
24 202
24 221
24 234
24 256
24 276
24 278
24 279
24 284
25 28
25 43
25 50
25 62
25 69
25 72
25 75
25 139
25 146
25 155
25 156
25 186
25 192
25 202
25 221
25 234
25 256
25 276
25 278
25 279
25 284
26 43
26 50
26 62
26 72
26 75
26 139
26 146
26 155
26 156
26 186
26 192
26 202
26 234
26 256
26 276
26 278
26 279
26 284
27 43
27 50
27 62
27 72
27 75
27 139
27 146
27 155
27 156
27 186
27 192
27 202
27 234
27 256
27 276
27 278
27 279
27 284
28 43
28 50
28 72
28 75
28 139
28 146
28 152
28 155
28 156
28 186
28 192
28 202
28 234
28 256
28 276
28 278
28 279
28 284
29 43
29 50
29 72
29 75
29 139
29 146
29 152
29 155
29 156
29 186
29 192
29 202
29 234
29 256
29 276
29 278
29 279
29 284
30 43
30 50
30 72
30 75
30 139
30 146
30 152
30 155
30 156
30 186
30 192
30 202
30 234
30 256
30 276
30 278
30 279
30 284
31 43
31 50
31 72
31 75
31 139
31 146
31 152
31 155
31 156
31 186
31 192
31 202
31 234
31 256
31 276
31 278
31 279
31 284
32 50
32 54
32 75
32 139
32 142
32 146
32 152
32 155
32 156
32 177
32 186
32 192
32 202
32 234
32 256
32 276
32 278
32 279
32 284
33 50
33 54
33 75
33 139
33 142
33 152
33 155
33 156
33 177
33 186
33 192
33 202
33 234
33 256
33 276
33 278
33 279
33 284
34 50
34 75
34 139
34 142
34 152
34 155
34 156
34 177
34 186
34 192
34 202
34 234
34 244
34 256
34 276
34 279
35 50
35 75
35 139
35 142
35 152
35 155
35 156
35 163
35 177
35 186
35 192
35 202
35 234
35 244
35 256
35 276
35 279
36 41
36 47
36 50
36 61
36 75
36 92
36 139
36 140
36 142
36 152
36 155
36 156
36 163
36 177
36 186
36 192
36 202
36 234
36 244
36 256
36 276
36 279
37 41
37 47
37 50
37 61
37 75
37 92
37 139
37 140
37 142
37 152
37 155
37 156
37 163
37 177
37 179
37 186
37 192
37 202
37 234
37 244
37 256
37 276
37 279
38 47
38 75
38 92
38 127
38 128
38 133
38 139
38 142
38 152
38 155
38 163
38 169
38 177
38 186
38 192
38 202
38 234
38 244
38 256
38 276
38 279
39 47
39 75
39 92
39 127
39 128
39 133
39 139
39 142
39 152
39 155
39 163
39 169
39 177
39 186
39 192
39 202
39 234
39 244
39 256
39 276
39 279
40 47
40 75
40 92
40 127
40 128
40 133
40 139
40 142
40 152
40 155
40 163
40 169
40 177
40 186
40 192
40 202
40 234
40 244
40 256
40 276
40 279
41 47
41 75
41 92
41 127
41 128
41 133
41 139
41 142
41 152
41 155
41 163
41 169
41 177
41 186
41 192
41 202
41 223
41 234
41 244
41 256
41 276
41 279
42 47
42 75
42 92
42 127
42 128
42 133
42 139
42 142
42 152
42 155
42 163
42 169
42 177
42 186
42 192
42 202
42 223
42 234
42 244
42 256
42 276
42 279
43 47
43 75
43 92
43 127
43 128
43 133
43 139
43 142
43 152
43 155
43 163
43 169
43 177
43 186
43 192
43 202
43 223
43 234
43 244
43 256
43 276
43 279
44 47
44 75
44 92
44 127
44 128
44 133
44 139
44 142
44 152
44 155
44 163
44 169
44 177
44 186
44 192
44 202
44 223
44 234
44 244
44 256
44 276
44 279
45 47
45 75
45 92
45 125
45 127
45 128
45 133
45 139
45 142
45 152
45 155
45 163
45 169
45 177
45 186
45 192
45 202
45 223
45 234
45 244
45 256
45 276
45 279
46 47
46 64
46 75
46 92
46 101
46 125
46 127
46 128
46 133
46 139
46 142
46 152
46 155
46 163
46 169
46 177
46 183
46 186
46 202
46 223
46 234
46 244
46 256
46 276
46 279
47 56
47 64
47 81
47 92
47 101
47 103
47 105
47 107
47 125
47 127
47 128
47 133
47 139
47 142
47 169
47 177
47 183
47 186
47 201
47 202
47 206
47 223
47 234
47 256
47 276
47 279
48 56
48 64
48 81
48 92
48 101
48 103
48 105
48 107
48 125
48 127
48 128
48 133
48 139
48 142
48 169
48 177
48 183
48 186
48 201
48 202
48 206
48 223
48 234
48 256
48 276
48 279
49 64
49 81
49 92
49 101
49 103
49 105
49 107
49 125
49 127
49 128
49 133
49 139
49 142
49 169
49 177
49 183
49 186
49 201
49 202
49 206
49 223
49 234
49 235
49 256
49 276
49 279
50 64
50 81
50 92
50 101
50 103
50 105
50 107
50 122
50 125
50 127
50 128
50 133
50 139
50 142
50 169
50 177
50 183
50 186
50 201
50 202
50 206
50 223
50 234
50 235
50 256
50 276
51 64
51 81
51 92
51 101
51 103
51 105
51 107
51 122
51 125
51 127
51 128
51 133
51 139
51 142
51 169
51 177
51 183
51 186
51 201
51 202
51 206
51 223
51 234
51 235
51 256
51 276
52 81
52 92
52 101
52 103
52 105
52 107
52 114
52 122
52 125
52 127
52 128
52 133
52 139
52 142
52 169
52 177
52 183
52 201
52 202
52 206
52 223
52 234
52 235
52 256
52 276
53 65
53 81
53 92
53 103
53 105
53 107
53 114
53 122
53 128
53 133
53 139
53 142
53 169
53 177
53 183
53 201
53 202
53 206
53 223
53 234
53 235
53 256
53 276
54 73
54 80
54 81
54 92
54 103
54 105
54 107
54 114
54 122
54 128
54 133
54 139
54 142
54 169
54 177
54 183
54 201
54 202
54 206
54 223
54 234
54 235
54 256
54 276
55 73
55 80
55 81
55 83
55 92
55 103
55 105
55 107
55 114
55 122
55 128
55 133
55 139
55 142
55 169
55 177
55 183
55 201
55 202
55 206
55 216
55 234
55 235
55 256
55 276
56 73
56 80
56 81
56 83
56 92
56 103
56 105
56 107
56 114
56 122
56 128
56 133
56 139
56 142
56 169
56 177
56 183
56 201
56 202
56 206
56 216
56 234
56 235
56 256
56 276
57 73
57 80
57 81
57 83
57 92
57 105
57 107
57 114
57 122
57 128
57 133
57 139
57 142
57 169
57 177
57 183
57 201
57 202
57 206
57 216
57 234
57 235
57 256
57 276
58 73
58 80
58 81
58 83
58 92
58 105
58 114
58 122
58 128
58 129
58 133
58 139
58 142
58 169
58 177
58 183
58 201
58 202
58 206
58 216
58 234
58 235
58 256
58 276
59 73
59 80
59 83
59 92
59 93
59 97
59 105
59 114
59 128
59 129
59 139
59 142
59 172
59 177
59 183
59 201
59 206
59 216
59 234
59 235
59 256
59 276
60 73
60 80
60 83
60 92
60 93
60 97
60 105
60 114
60 128
60 129
60 139
60 142
60 172
60 177
60 183
60 201
60 206
60 216
60 234
60 235
60 256
60 276
61 73
61 80
61 83
61 88
61 92
61 93
61 97
61 105
61 114
61 128
61 129
61 139
61 142
61 147
61 153
61 172
61 177
61 183
61 201
61 203
61 206
61 216
61 234
61 235
61 256
61 271
61 276
62 73
62 80
62 83
62 88
62 92
62 93
62 97
62 105
62 114
62 128
62 129
62 139
62 142
62 147
62 153
62 172
62 177
62 183
62 201
62 203
62 206
62 216
62 234
62 235
62 256
62 271
62 276
62 283
63 73
63 80
63 83
63 88
63 92
63 93
63 97
63 105
63 114
63 128
63 129
63 139
63 142
63 147
63 153
63 172
63 177
63 183
63 203
63 206
63 216
63 234
63 235
63 256
63 271
63 276
63 283
64 77
64 80
64 88
64 92
64 93
64 97
64 105
64 114
64 128
64 129
64 139
64 142
64 147
64 153
64 172
64 177
64 183
64 203
64 206
64 210
64 216
64 234
64 235
64 256
64 271
64 276
64 283
65 68
65 77
65 80
65 88
65 92
65 93
65 94
65 97
65 105
65 108
65 114
65 128
65 129
65 139
65 142
65 147
65 153
65 172
65 177
65 183
65 203
65 206
65 208
65 210
65 216
65 234
65 235
65 256
65 271
65 276
65 283
66 68
66 77
66 80
66 88
66 92
66 93
66 94
66 97
66 105
66 108
66 114
66 128
66 129
66 139
66 142
66 147
66 153
66 172
66 177
66 183
66 203
66 206
66 208
66 210
66 216
66 234
66 235
66 256
66 271
66 276
66 283
67 68
67 77
67 80
67 88
67 92
67 93
67 94
67 97
67 105
67 108
67 114
67 128
67 129
67 139
67 142
67 147
67 153
67 172
67 177
67 183
67 203
67 206
67 208
67 210
67 216
67 232
67 234
67 235
67 256
67 271
67 276
67 283
68 84
68 86
68 92
68 93
68 94
68 97
68 108
68 117
68 123
68 128
68 129
68 139
68 145
68 147
68 149
68 153
68 162
68 172
68 177
68 183
68 203
68 206
68 208
68 232
68 234
68 238
68 256
68 276
68 283
69 86
69 92
69 93
69 94
69 97
69 102
69 108
69 117
69 123
69 128
69 129
69 139
69 145
69 147
69 149
69 153
69 162
69 172
69 177
69 183
69 203
69 206
69 208
69 232
69 238
69 256
69 276
69 283
70 86
70 92
70 93
70 97
70 102
70 108
70 117
70 123
70 128
70 129
70 139
70 145
70 147
70 149
70 153
70 162
70 172
70 177
70 183
70 203
70 206
70 208
70 232
70 238
70 256
70 276
70 283
71 86
71 92
71 93
71 97
71 102
71 108
71 117
71 123
71 128
71 129
71 139
71 145
71 147
71 162
71 172
71 177
71 183
71 203
71 206
71 208
71 232
71 238
71 256
71 276
71 283
72 85
72 86
72 92
72 95
72 97
72 102
72 108
72 111
72 117
72 123
72 128
72 129
72 139
72 145
72 147
72 162
72 172
72 177
72 183
72 203
72 206
72 208
72 232
72 238
72 256
72 276
72 283
73 86
73 92
73 95
73 97
73 102
73 108
73 111
73 117
73 123
73 128
73 129
73 139
73 145
73 147
73 162
73 172
73 177
73 183
73 203
73 206
73 208
73 232
73 238
73 256
73 276
73 283
74 86
74 92
74 95
74 97
74 102
74 108
74 111
74 117
74 123
74 128
74 129
74 139
74 145
74 147
74 162
74 172
74 177
74 183
74 203
74 206
74 208
74 232
74 238
74 256
74 276
74 283
75 86
75 92
75 95
75 97
75 102
75 108
75 111
75 117
75 118
75 123
75 128
75 129
75 139
75 145
75 147
75 162
75 172
75 177
75 183
75 203
75 206
75 208
75 232
75 238
75 256
75 276
75 283
76 86
76 92
76 95
76 97
76 102
76 108
76 117
76 118
76 123
76 128
76 129
76 139
76 145
76 147
76 162
76 172
76 177
76 183
76 203
76 208
76 232
76 238
76 256
76 276
76 283
77 86
77 92
77 95
77 96
77 97
77 100
77 108
77 117
77 118
77 123
77 128
77 139
77 145
77 147
77 162
77 172
77 177
77 183
77 208
77 232
77 238
77 256
77 283
78 86
78 92
78 95
78 96
78 97
78 100
78 108
78 117
78 118
78 123
78 139
78 145
78 147
78 162
78 172
78 177
78 183
78 208
78 232
78 238
78 256
78 283
79 86
79 92
79 95
79 96
79 97
79 100
79 108
79 117
79 118
79 130
79 145
79 147
79 162
79 172
79 183
79 232
79 238
79 256
79 283
80 86
80 92
80 95
80 96
80 97
80 100
80 108
80 117
80 118
80 130
80 145
80 147
80 162
80 172
80 183
80 232
80 238
80 256
80 283
81 86
81 95
81 96
81 97
81 100
81 108
81 117
81 118
81 130
81 145
81 147
81 162
81 172
81 183
81 232
81 238
81 256
81 283
82 86
82 95
82 96
82 97
82 100
82 108
82 117
82 118
82 130
82 145
82 147
82 162
82 172
82 183
82 232
82 238
82 256
83 95
83 96
83 97
83 100
83 108
83 117
83 118
83 130
83 145
83 147
83 162
83 172
83 183
83 232
83 238
83 256
84 95
84 96
84 97
84 100
84 108
84 117
84 118
84 130
84 145
84 147
84 162
84 172
84 183
84 232
84 238
84 256
85 95
85 96
85 97
85 100
85 130
85 145
85 147
85 162
85 172
85 183
85 232
85 238
85 260
86 95
86 96
86 97
86 100
86 130
86 145
86 147
86 162
86 172
86 183
86 232
86 238
86 260
87 95
87 96
87 100
87 130
87 145
87 147
87 162
87 172
87 183
87 232
87 238
87 260
88 95
88 96
88 100
88 104
88 130
88 145
88 147
88 162
88 172
88 183
88 232
88 238
88 260
89 95
89 104
89 106
89 116
89 130
89 143
89 145
89 162
89 172
89 183
89 189
89 232
89 238
89 260
89 267
90 95
90 104
90 106
90 130
90 143
90 145
90 162
90 172
90 183
90 189
90 214
90 232
90 238
90 260
90 267
91 95
91 106
91 113
91 130
91 143
91 145
91 159
91 172
91 183
91 214
91 238
91 260
91 267
91 274
92 95
92 106
92 113
92 130
92 143
92 145
92 154
92 159
92 172
92 183
92 214
92 238
92 260
92 267
92 274
93 95
93 106
93 113
93 130
93 143
93 145
93 154
93 159
93 172
93 183
93 214
93 238
93 260
93 264
93 267
93 274
94 95
94 106
94 113
94 130
94 145
94 154
94 159
94 165
94 172
94 183
94 198
94 214
94 238
94 260
94 264
94 267
94 274
95 95
95 106
95 113
95 130
95 145
95 154
95 159
95 165
95 172
95 183
95 198
95 214
95 238
95 260
95 264
95 267
95 274
96 95
96 106
96 113
96 130
96 145
96 154
96 159
96 165
96 172
96 183
96 193
96 198
96 214
96 238
96 260
96 264
96 267
96 274
97 95
97 106
97 113
97 130
97 145
97 154
97 159
97 165
97 172
97 183
97 193
97 198
97 214
97 238
97 260
97 264
97 267
97 274
98 95
98 106
98 113
98 130
98 145
98 154
98 159
98 165
98 172
98 183
98 193
98 198
98 214
98 238
98 260
98 264
98 267
98 274
99 95
99 112
99 113
99 130
99 145
99 154
99 165
99 172
99 183
99 193
99 198
99 214
99 238
99 260
99 264
99 267
99 274
100 95
100 130
100 145
100 154
100 165
100 172
100 183
100 193
100 198
100 214
100 238
100 260
100 264
100 267
100 274
101 95
101 130
101 145
101 154
101 165
101 172
101 183
101 193
101 198
101 214
101 238
101 260
101 264
101 267
101 274
102 95
102 130
102 145
102 154
102 165
102 167
102 172
102 183
102 193
102 198
102 214
102 238
102 260
102 264
102 267
102 274
103 109
103 110
103 130
103 154
103 160
103 172
103 183
103 193
103 209
103 214
103 238
103 260
103 264
103 267
103 272
103 274
104 110
104 130
104 136
104 160
104 172
104 183
104 193
104 200
104 209
104 214
104 238
104 260
104 272
104 274
105 110
105 130
105 136
105 160
105 172
105 183
105 193
105 200
105 209
105 214
105 238
105 260
105 272
105 274
106 110
106 130
106 136
106 160
106 172
106 183
106 193
106 200
106 209
106 214
106 238
106 260
106 272
106 274
107 110
107 130
107 136
107 172
107 183
107 193
107 200
107 209
107 214
107 272
107 274
108 110
108 130
108 136
108 144
108 158
108 164
108 172
108 183
108 193
108 200
108 209
108 214
108 272
108 274
109 110
109 124
109 136
109 144
109 158
109 164
109 172
109 183
109 193
109 200
109 209
109 214
109 272
109 274
110 110
110 124
110 134
110 136
110 158
110 161
110 164
110 172
110 193
110 195
110 205
110 209
110 272
110 274
111 110
111 124
111 134
111 136
111 158
111 161
111 164
111 172
111 193
111 195
111 205
111 209
111 272
111 274
112 110
112 124
112 134
112 136
112 158
112 161
112 164
112 172
112 193
112 195
112 197
112 205
112 209
112 272
112 274
113 134
113 136
113 158
113 161
113 164
113 172
113 193
113 195
113 197
113 205
113 209
113 272
113 274
114 136
114 158
114 161
114 164
114 172
114 193
114 195
114 209
114 212
114 228
114 269
114 272
114 274
115 136
115 158
115 161
115 164
115 172
115 193
115 195
115 209
115 212
115 228
115 269
115 272
115 274
116 136
116 158
116 161
116 164
116 193
116 195
116 209
116 212
116 228
116 269
116 274
117 136
117 158
117 161
117 164
117 193
117 195
117 209
117 212
117 225
117 228
117 269
117 274
118 136
118 158
118 161
118 164
118 193
118 195
118 209
118 212
118 225
118 228
118 269
118 274
119 136
119 158
119 161
119 164
119 193
119 195
119 209
119 212
119 225
119 228
119 269
119 274
120 126
120 136
120 157
120 158
120 164
120 181
120 182
120 193
120 195
120 209
120 212
120 225
120 228
120 269
121 126
121 136
121 157
121 158
121 164
121 181
121 182
121 193
121 195
121 209
121 212
121 225
121 228
121 269
122 136
122 141
122 157
122 158
122 164
122 181
122 182
122 193
122 209
122 212
122 225
122 228
122 253
122 269
123 136
123 141
123 157
123 158
123 164
123 181
123 182
123 193
123 209
123 212
123 228
123 245
123 253
123 269
124 136
124 141
124 157
124 158
124 164
124 181
124 182
124 193
124 209
124 212
124 228
124 245
124 253
124 269
125 136
125 141
125 157
125 158
125 164
125 181
125 182
125 193
125 209
125 212
125 228
125 245
125 247
125 253
125 269
126 136
126 141
126 157
126 158
126 164
126 181
126 182
126 193
126 209
126 212
126 228
126 245
126 247
126 253
126 269
127 136
127 141
127 157
127 158
127 164
127 181
127 182
127 193
127 209
127 212
127 228
127 245
127 247
127 253
127 269
128 136
128 141
128 157
128 158
128 164
128 181
128 182
128 184
128 193
128 209
128 212
128 228
128 245
128 247
128 253
128 269
129 136
129 141
129 157
129 158
129 164
129 181
129 182
129 184
129 193
129 209
129 212
129 228
129 245
129 247
129 253
129 269
130 131
130 136
130 141
130 157
130 158
130 164
130 181
130 182
130 184
130 193
130 209
130 212
130 228
130 245
130 247
130 253
130 269
131 135
131 136
131 141
131 157
131 158
131 164
131 181
131 182
131 184
131 193
131 209
131 212
131 228
131 245
131 247
131 248
131 253
131 269
132 135
132 136
132 141
132 150
132 157
132 158
132 164
132 181
132 182
132 184
132 185
132 193
132 209
132 212
132 228
132 245
132 248
132 253
132 269
133 135
133 136
133 141
133 150
133 157
133 158
133 164
133 181
133 182
133 184
133 185
133 193
133 209
133 212
133 228
133 245
133 248
133 253
133 269
134 135
134 136
134 141
134 150
134 157
134 158
134 164
134 166
134 181
134 182
134 184
134 185
134 193
134 209
134 212
134 228
134 245
134 248
134 253
134 269
135 135
135 136
135 141
135 150
135 157
135 158
135 164
135 166
135 181
135 182
135 184
135 185
135 188
135 193
135 209
135 212
135 228
135 245
135 248
135 253
135 269
136 135
136 136
136 141
136 150
136 157
136 158
136 164
136 166
136 181
136 182
136 184
136 185
136 188
136 193
136 209
136 212
136 228
136 245
136 248
136 253
136 269
137 135
137 136
137 141
137 157
137 164
137 166
137 182
137 184
137 185
137 188
137 193
137 209
137 212
137 215
137 228
137 245
137 248
137 253
137 269
138 135
138 136
138 141
138 157
138 164
138 166
138 182
138 184
138 185
138 188
138 193
138 209
138 212
138 215
138 228
138 245
138 248
138 253
138 269
139 135
139 136
139 141
139 157
139 164
139 166
139 182
139 184
139 185
139 188
139 193
139 209
139 212
139 215
139 228
139 245
139 248
139 253
139 269
140 135
140 136
140 141
140 157
140 164
140 166
140 182
140 184
140 185
140 188
140 193
140 209
140 212
140 215
140 228
140 245
140 248
140 253
140 269
141 135
141 136
141 141
141 157
141 164
141 166
141 182
141 184
141 185
141 188
141 193
141 209
141 212
141 215
141 228
141 245
141 248
141 253
141 269
142 136
142 141
142 157
142 164
142 166
142 182
142 184
142 185
142 188
142 193
142 209
142 215
142 228
142 245
142 248
142 253
142 269
143 136
143 141
143 157
143 164
143 166
143 182
143 184
143 185
143 188
143 193
143 209
143 215
143 228
143 245
143 248
143 253
143 269
144 136
144 157
144 164
144 166
144 173
144 182
144 184
144 185
144 193
144 209
144 215
144 228
144 245
144 248
144 253
144 269
145 136
145 157
145 164
145 166
145 173
145 174
145 182
145 184
145 185
145 193
145 209
145 215
145 228
145 245
145 248
145 253
145 269
146 136
146 157
146 164
146 166
146 173
146 174
146 182
146 184
146 185
146 193
146 209
146 215
146 228
146 245
146 248
146 253
146 269
147 136
147 157
147 164
147 166
147 170
147 173
147 174
147 182
147 184
147 185
147 193
147 209
147 215
147 228
147 245
147 248
147 253
147 269
148 136
148 157
148 164
148 166
148 170
148 173
148 174
148 182
148 184
148 185
148 193
148 209
148 215
148 228
148 245
148 248
148 253
148 269
149 136
149 157
149 164
149 166
149 170
149 173
149 174
149 182
149 184
149 185
149 193
149 209
149 215
149 228
149 245
149 248
149 253
149 269
150 136
150 157
150 164
150 166
150 170
150 173
150 174
150 182
150 184
150 185
150 187
150 193
150 209
150 228
150 230
150 233
150 245
150 248
150 253
150 269
151 136
151 157
151 164
151 166
151 170
151 173
151 174
151 182
151 184
151 185
151 187
151 193
151 209
151 228
151 230
151 233
151 245
151 248
151 253
152 157
152 164
152 166
152 174
152 182
152 184
152 185
152 187
152 209
152 228
152 230
152 233
152 248
152 253
153 157
153 164
153 166
153 174
153 182
153 184
153 185
153 187
153 209
153 228
153 230
153 233
153 248
153 253
154 157
154 164
154 166
154 174
154 182
154 184
154 185
154 187
154 209
154 228
154 230
154 233
154 248
154 253
155 157
155 164
155 182
155 184
155 185
155 187
155 190
155 209
155 227
155 228
155 230
155 233
155 248
155 253
156 157
156 164
156 182
156 184
156 185
156 187
156 190
156 209
156 227
156 228
156 230
156 233
156 248
156 251
156 253
157 157
157 164
157 184
157 185
157 187
157 190
157 209
157 227
157 228
157 230
157 233
157 248
157 251
157 253
158 157
158 164
158 185
158 190
158 220
158 227
158 228
158 230
158 233
158 248
158 253
159 157
159 164
159 168
159 185
159 190
159 194
159 196
159 217
159 220
159 224
159 226
159 227
159 233
159 248
159 253
159 265
159 277
160 157
160 164
160 168
160 185
160 190
160 194
160 196
160 217
160 220
160 224
160 226
160 227
160 233
160 248
160 253
160 265
160 277
161 157
161 164
161 168
161 185
161 190
161 194
161 196
161 217
161 220
161 224
161 226
161 227
161 233
161 248
161 253
161 265
161 277
162 157
162 164
162 185
162 190
162 194
162 196
162 217
162 220
162 224
162 227
162 233
162 248
162 253
162 257
162 265
163 157
163 164
163 185
163 190
163 194
163 196
163 217
163 220
163 224
163 233
163 253
163 257
163 262
163 265
164 157
164 164
164 185
164 190
164 191
164 194
164 196
164 217
164 220
164 224
164 233
164 253
164 257
164 262
164 265
165 157
165 164
165 185
165 190
165 191
165 194
165 217
165 220
165 224
165 233
165 253
165 257
165 265
165 275
166 157
166 164
166 185
166 190
166 191
166 194
166 217
166 220
166 224
166 233
166 253
166 257
166 265
166 275
167 157
167 164
167 185
167 190
167 191
167 194
167 217
167 220
167 224
167 233
167 253
167 257
167 265
167 275
168 157
168 164
168 185
168 190
168 191
168 194
168 217
168 220
168 224
168 229
168 233
168 253
168 257
168 265
168 275
169 157
169 164
169 185
169 190
169 191
169 194
169 217
169 220
169 224
169 229
169 233
169 253
169 257
169 265
169 275
170 157
170 164
170 185
170 190
170 191
170 194
170 217
170 220
170 224
170 229
170 233
170 253
170 257
170 265
170 275
171 157
171 164
171 185
171 191
171 194
171 217
171 220
171 224
171 229
171 233
171 253
171 257
171 265
171 275
172 157
172 164
172 185
172 191
172 194
172 217
172 220
172 224
172 229
172 233
172 250
172 253
172 257
172 265
172 275
173 157
173 164
173 185
173 191
173 213
173 217
173 220
173 224
173 229
173 233
173 250
173 253
173 257
173 265
173 275
174 157
174 164
174 185
174 191
174 217
174 220
174 224
174 229
174 233
174 250
174 253
174 257
174 265
174 275
175 164
175 185
175 191
175 204
175 217
175 220
175 224
175 229
175 233
175 250
175 253
175 257
175 265
175 275
176 164
176 185
176 191
176 204
176 217
176 220
176 224
176 229
176 233
176 250
176 253
176 257
176 275
177 164
177 185
177 191
177 204
177 217
177 220
177 224
177 229
177 233
177 250
177 253
177 275
178 164
178 185
178 191
178 204
178 217
178 220
178 224
178 229
178 233
178 250
178 253
178 275
179 164
179 185
179 191
179 204
179 217
179 219
179 220
179 229
179 250
179 253
179 273
179 275
180 164
180 185
180 191
180 204
180 217
180 219
180 229
180 250
180 253
180 273
180 275
181 164
181 185
181 191
181 204
181 217
181 219
181 229
181 250
181 253
181 273
181 275
182 164
182 185
182 191
182 204
182 217
182 219
182 229
182 250
182 253
182 273
182 275
183 164
183 185
183 191
183 204
183 217
183 219
183 229
183 250
183 253
183 273
183 275
184 185
184 217
184 229
184 250
184 253
184 273
184 275
185 185
185 217
185 229
185 250
185 253
185 273
185 275
186 185
186 217
186 229
186 250
186 253
186 266
186 273
186 275
187 185
187 217
187 229
187 250
187 253
187 266
187 273
187 275
188 217
188 222
188 250
188 253
188 266
188 273
188 275
189 217
189 222
189 250
189 253
189 266
189 273
189 275
190 217
190 222
190 250
190 253
190 266
190 273
190 275
191 217
191 222
191 250
191 253
191 266
191 273
191 275
192 217
192 222
192 240
192 250
192 253
192 266
192 273
192 275
193 217
193 222
193 237
193 240
193 250
193 253
193 266
193 273
193 275
194 217
194 237
194 250
194 253
194 266
195 207
195 217
195 237
195 250
195 253
195 266
195 268
196 207
196 217
196 237
196 250
196 253
196 266
196 268
197 207
197 217
197 237
197 242
197 250
197 253
197 268
198 207
198 217
198 237
198 242
198 250
198 253
198 268
199 207
199 242
199 250
199 253
199 268
200 207
200 242
200 250
200 253
201 207
201 242
201 250
201 253
202 207
202 242
202 253
203 207
203 242
203 253
204 207
204 242
204 249
204 253
205 207
205 242
205 249
205 253
206 207
206 242
206 249
206 253
207 207
207 242
207 249
207 253
208 207
208 242
208 249
208 253
209 207
209 242
209 249
209 253
209 281
210 207
210 242
210 249
210 253
210 281
211 207
211 242
211 243
211 246
211 249
211 253
211 281
212 207
212 242
212 243
212 249
212 253
212 281
213 207
213 242
213 243
213 249
213 253
213 281
214 207
214 241
214 242
214 249
214 281
215 241
215 242
215 249
215 281
216 241
216 242
216 249
216 281
217 241
217 242
217 249
217 281
218 231
218 241
218 242
218 249
218 281
219 231
219 241
219 242
219 249
219 281
220 231
220 241
220 242
220 249
220 281
221 231
221 236
221 241
221 242
221 249
221 281
222 231
222 236
222 249
222 281
222 282
223 231
223 236
223 249
223 281
223 282
224 231
224 236
224 249
224 281
224 282
225 231
225 236
225 249
225 281
225 282
226 231
226 236
226 249
226 261
226 281
226 282
227 231
227 236
227 249
227 261
227 281
227 282
228 231
228 236
228 249
228 261
228 281
228 282
229 231
229 236
229 249
229 261
229 281
229 282
230 231
230 236
230 239
230 249
230 261
230 281
230 282
231 231
231 236
231 239
231 249
231 252
231 259
231 261
231 282
232 231
232 239
232 249
232 252
232 259
232 261
232 263
232 282
233 231
233 239
233 249
233 252
233 259
233 261
233 263
233 282
234 231
234 239
234 249
234 252
234 259
234 263
234 282
235 231
235 239
235 249
235 252
235 259
235 263
235 282
236 231
236 239
236 249
236 252
236 259
236 263
236 282
237 231
237 239
237 249
237 252
237 259
237 263
237 282
238 252
238 263
238 282
239 252
239 263
239 282
240 252
240 263
240 282
241 252
241 263
241 282
242 252
242 263
242 282
243 263
243 282
244 263
244 282
245 263
245 282
246 263
246 282
247 263
247 282
248 263
248 282
249 263
249 282
250 263
250 282
251 263
251 282
252 263
252 282
253 263
253 282
254 263
255 263
256 263
256 280
257 263
257 280
258 263
258 280
259 263
259 280
260 263
260 280
261 263
261 280
262 263
262 280
263 263
263 280
264 263
264 280
265 263
265 270
265 280
266 263
266 270
266 280
267 263
267 280
268 263
268 280
269 263
269 280
270 263
270 280
271 263
271 280
272 263
272 280
273 263
273 280
274 263
274 280
275 263
275 280
276 263
276 280
277 263
277 280
278 263
278 280
279 263
280 263
281 263
282 263
283 263
284 263
