0 2
0 31
0 242
0 247
1 2
1 30
1 31
1 242
1 247
2 30
2 31
2 46
2 242
2 247
3 8
3 30
3 31
3 46
3 64
3 87
3 124
3 197
3 240
3 242
3 247
4 8
4 30
4 31
4 46
4 64
4 87
4 124
4 197
4 240
4 242
4 247
5 30
5 31
5 64
5 87
5 124
5 197
5 240
5 242
5 247
6 19
6 30
6 31
6 64
6 87
6 124
6 197
6 240
6 242
6 247
7 49
7 64
7 95
7 124
7 145
7 197
7 240
7 247
8 28
8 49
8 64
8 68
8 82
8 94
8 95
8 109
8 124
8 145
8 165
8 197
8 240
8 247
9 29
9 49
9 61
9 64
9 68
9 82
9 94
9 109
9 124
9 133
9 145
9 165
9 197
9 199
9 200
9 240
9 247
10 29
10 49
10 61
10 68
10 82
10 94
10 109
10 133
10 142
10 145
10 165
10 197
10 199
10 200
10 240
10 247
11 15
11 18
11 29
11 36
11 49
11 61
11 68
11 82
11 94
11 100
11 109
11 133
11 142
11 145
11 165
11 197
11 199
11 200
11 240
11 247
12 18
12 25
12 44
12 61
12 82
12 100
12 109
12 125
12 133
12 142
12 145
12 165
12 166
12 199
12 200
12 220
12 240
12 247
13 25
13 44
13 61
13 82
13 100
13 109
13 125
13 133
13 142
13 145
13 165
13 166
13 199
13 200
13 220
13 240
13 247
14 25
14 44
14 61
14 82
14 100
14 109
14 125
14 133
14 142
14 145
14 165
14 166
14 199
14 200
14 220
14 240
14 247
15 25
15 27
15 53
15 54
15 61
15 66
15 82
15 84
15 100
15 113
15 125
15 133
15 142
15 145
15 165
15 199
15 200
15 220
15 240
15 247
15 276
16 20
16 27
16 32
16 53
16 54
16 55
16 61
16 81
16 82
16 100
16 113
16 125
16 128
16 133
16 142
16 145
16 165
16 199
16 200
16 220
16 240
16 247
16 276
17 20
17 24
17 32
17 45
17 53
17 54
17 55
17 61
17 73
17 82
17 90
17 100
17 113
17 125
17 128
17 130
17 165
17 176
17 190
17 199
17 200
17 220
17 240
17 247
17 250
17 276
18 20
18 24
18 32
18 45
18 54
18 55
18 61
18 73
18 82
18 90
18 100
18 113
18 125
18 128
18 130
18 165
18 171
18 176
18 190
18 199
18 200
18 220
18 240
18 247
18 250
18 276
19 24
19 32
19 45
19 54
19 55
19 61
19 73
19 78
19 82
19 90
19 100
19 113
19 125
19 130
19 165
19 171
19 176
19 190
19 199
19 200
19 220
19 240
19 247
19 250
19 276
20 23
20 34
20 45
20 54
20 55
20 61
20 73
20 78
20 82
20 90
20 100
20 107
20 113
20 130
20 165
20 171
20 176
20 178
20 198
20 200
20 220
20 240
20 247
20 250
20 265
20 276
21 54
21 55
21 61
21 73
21 78
21 90
21 100
21 107
21 113
21 130
21 165
21 171
21 176
21 178
21 198
21 200
21 220
21 240
21 247
21 250
21 276
22 54
22 55
22 61
22 73
22 78
22 90
22 100
22 107
22 113
22 130
22 165
22 171
22 176
22 178
22 198
22 200
22 220
22 231
22 240
22 247
22 250
22 276
23 54
23 61
23 73
23 78
23 90
23 113
23 130
23 165
23 171
23 176
23 178
23 198
23 200
23 220
23 231
23 240
23 247
23 250
23 276
24 61
24 78
24 90
24 113
24 130
24 155
24 165
24 171
24 176
24 178
24 198
24 200
24 220
24 231
24 240
24 247
24 250
24 276
25 38
25 78
25 90
25 104
25 113
25 130
25 155
25 165
25 176
25 178
25 198
25 200
25 231
25 240
25 247
25 250
25 276
26 38
26 48
26 78
26 83
26 90
26 104
26 113
26 130
26 155
26 165
26 176
26 178
26 198
26 200
26 231
26 240
26 247
26 250
26 276
27 78
27 83
27 104
27 113
27 130
27 155
27 176
27 178
27 198
27 200
27 231
27 240
27 247
27 250
27 276
28 70
28 78
28 83
28 104
28 113
28 130
28 155
28 176
28 178
28 198
28 200
28 240
28 247
28 250
28 276
29 35
29 70
29 78
29 83
29 104
29 113
29 130
29 155
29 176
29 178
29 198
29 200
29 240
29 247
29 250
29 276
30 35
30 50
30 70
30 78
30 83
30 104
30 113
30 130
30 155
30 176
30 178
30 194
30 198
30 200
30 215
30 240
30 247
30 250
30 276
31 35
31 65
31 70
31 78
31 83
31 85
31 104
31 113
31 130
31 155
31 176
31 194
31 198
31 215
31 240
31 247
31 250
31 276
32 35
32 65
32 70
32 78
32 83
32 85
32 104
32 113
32 130
32 155
32 176
32 194
32 198
32 215
32 240
32 247
32 250
32 276
33 35
33 65
33 70
33 78
33 83
33 85
33 97
33 104
33 113
33 130
33 155
33 176
33 194
33 198
33 215
33 240
33 250
33 276
34 35
34 40
34 65
34 70
34 77
34 78
34 83
34 85
34 97
34 130
34 146
34 155
34 176
34 189
34 194
34 195
34 198
34 215
34 240
34 250
34 276
35 56
35 65
35 70
35 77
35 78
35 83
35 85
35 130
35 146
35 151
35 155
35 176
35 186
35 189
35 194
35 195
35 198
35 215
35 217
35 240
35 276
36 56
36 65
36 70
36 77
36 78
36 83
36 85
36 108
36 122
36 130
36 146
36 151
36 155
36 176
36 186
36 189
36 194
36 195
36 198
36 215
36 217
36 240
36 276
37 51
37 65
37 70
37 77
37 78
37 83
37 85
37 108
37 130
37 146
37 151
37 155
37 176
37 189
37 194
37 195
37 198
37 215
37 217
37 240
37 276
38 65
38 70
38 77
38 78
38 108
38 130
38 146
38 151
38 155
38 160
38 176
38 189
38 194
38 195
38 198
38 215
38 217
38 235
38 276
39 65
39 70
39 77
39 78
39 108
39 130
39 146
39 151
39 155
39 160
39 176
39 189
39 194
39 195
39 198
39 215
39 217
39 235
39 276
40 70
40 77
40 78
40 108
40 130
40 146
40 151
40 155
40 160
40 176
40 189
40 194
40 195
40 198
40 215
40 217
40 235
40 276
41 42
41 77
41 105
41 130
41 146
41 155
41 160
41 176
41 185
41 189
41 194
41 195
41 198
41 215
41 217
41 276
41 277
42 42
42 77
42 105
42 130
42 146
42 155
42 160
42 176
42 181
42 185
42 189
42 194
42 195
42 198
42 215
42 217
42 276
42 277
43 42
43 62
43 77
43 103
43 105
43 112
43 130
43 146
43 155
43 160
43 176
43 181
43 185
43 189
43 194
43 195
43 198
43 215
43 217
43 276
43 277
44 59
44 62
44 74
44 77
44 89
44 105
44 112
44 115
44 120
44 130
44 146
44 160
44 181
44 185
44 189
44 194
44 195
44 198
44 217
44 276
44 277
45 59
45 62
45 74
45 77
45 89
45 105
45 112
45 115
45 120
45 130
45 146
45 160
45 181
45 185
45 189
45 194
45 195
45 198
45 217
45 276
45 277
46 59
46 62
46 74
46 77
46 89
46 105
46 112
46 115
46 120
46 146
46 160
46 181
46 185
46 189
46 194
46 195
46 198
46 217
46 276
46 277
47 59
47 62
47 74
47 77
47 89
47 105
47 112
47 115
47 120
47 146
47 160
47 181
47 185
47 189
47 194
47 195
47 198
47 217
47 276
47 277
48 59
48 62
48 74
48 77
48 89
48 105
48 112
48 115
48 123
48 146
48 160
48 181
48 185
48 189
48 194
48 195
48 198
48 217
48 276
48 277
49 59
49 62
49 74
49 77
49 89
49 105
49 112
49 115
49 123
49 146
49 160
49 181
49 185
49 189
49 194
49 195
49 198
49 217
49 276
49 277
50 62
50 74
50 77
50 89
50 93
50 105
50 112
50 115
50 123
50 146
50 153
50 160
50 181
50 185
50 189
50 194
50 195
50 198
50 214
50 217
50 276
50 277
51 62
51 74
51 77
51 89
51 93
51 105
51 115
51 123
51 146
51 153
51 160
51 181
51 185
51 189
51 194
51 195
51 198
51 214
51 217
51 276
51 277
52 62
52 74
52 77
52 89
52 93
52 105
52 115
52 123
52 146
52 153
52 160
52 181
52 185
52 189
52 194
52 195
52 198
52 214
52 217
52 276
52 277
53 74
53 77
53 89
53 93
53 105
53 115
53 123
53 146
53 153
53 160
53 180
53 181
53 185
53 194
53 195
53 198
53 214
53 217
53 276
53 277
54 63
54 74
54 75
54 77
54 89
54 93
54 105
54 111
54 115
54 123
54 146
54 153
54 160
54 180
54 181
54 185
54 194
54 195
54 198
54 214
54 217
54 276
54 277
55 63
55 74
55 75
55 89
55 93
55 105
55 111
55 115
55 123
55 146
55 153
55 160
55 180
55 181
55 185
55 194
55 195
55 198
55 214
55 276
55 277
56 63
56 74
56 75
56 89
56 93
56 105
56 111
56 115
56 123
56 143
56 146
56 153
56 160
56 180
56 181
56 182
56 185
56 194
56 195
56 198
56 214
56 276
56 277
57 67
57 74
57 75
57 89
57 93
57 105
57 111
57 115
57 123
57 143
57 146
57 153
57 160
57 180
57 181
57 182
57 185
57 194
57 195
57 198
57 214
57 277
58 75
58 80
58 89
58 111
58 121
58 123
58 143
58 153
58 180
58 181
58 182
58 185
58 194
58 195
58 214
58 266
58 277
59 75
59 80
59 89
59 111
59 121
59 123
59 143
59 153
59 180
59 181
59 182
59 185
59 194
59 195
59 204
59 214
59 234
59 266
59 277
60 75
60 80
60 86
60 89
60 111
60 121
60 123
60 131
60 141
60 143
60 153
60 180
60 181
60 182
60 185
60 194
60 195
60 204
60 214
60 234
60 266
60 277
61 75
61 80
61 86
61 89
61 111
61 121
61 123
61 131
61 141
61 143
61 153
61 180
61 181
61 182
61 185
61 194
61 195
61 204
61 214
61 234
61 266
61 277
62 75
62 80
62 86
62 89
62 111
62 121
62 123
62 131
62 140
62 141
62 143
62 153
62 180
62 181
62 182
62 185
62 194
62 195
62 204
62 214
62 234
62 266
62 277
63 75
63 80
63 86
63 89
63 111
63 121
63 123
63 131
63 140
63 141
63 143
63 153
63 180
63 181
63 182
63 185
63 194
63 195
63 204
63 214
63 226
63 234
63 266
63 277
64 75
64 80
64 86
64 89
64 111
64 121
64 123
64 131
64 140
64 141
64 143
64 153
64 180
64 181
64 182
64 185
64 194
64 195
64 204
64 214
64 226
64 234
64 266
64 277
65 75
65 80
65 86
65 89
65 111
65 121
65 123
65 131
65 140
65 141
65 143
65 153
65 180
65 181
65 182
65 185
65 194
65 195
65 204
65 214
65 226
65 234
65 266
65 277
66 75
66 80
66 86
66 89
66 111
66 121
66 123
66 131
66 140
66 141
66 143
66 153
66 180
66 181
66 182
66 185
66 194
66 195
66 204
66 214
66 226
66 234
66 266
66 277
67 75
67 86
67 89
67 106
67 111
67 121
67 123
67 131
67 143
67 153
67 180
67 181
67 182
67 185
67 194
67 195
67 214
67 226
67 234
67 266
67 277
68 75
68 79
68 86
68 92
68 99
68 111
68 123
68 129
68 144
68 154
68 179
68 182
68 185
68 194
68 195
68 212
68 214
68 226
68 234
68 266
68 277
69 79
69 86
69 92
69 102
69 111
69 129
69 144
69 152
69 154
69 161
69 179
69 182
69 183
69 194
69 212
69 214
69 226
69 266
69 277
70 79
70 86
70 92
70 102
70 111
70 129
70 144
70 152
70 154
70 161
70 179
70 182
70 183
70 194
70 212
70 214
70 226
70 266
70 277
71 79
71 86
71 92
71 102
71 111
71 129
71 144
71 152
71 154
71 161
71 179
71 182
71 183
71 194
71 212
71 214
71 226
71 266
71 277
72 79
72 86
72 92
72 101
72 102
72 111
72 114
72 129
72 132
72 144
72 152
72 154
72 161
72 169
72 179
72 182
72 183
72 194
72 212
72 214
72 226
72 239
72 252
72 266
72 277
73 79
73 86
73 92
73 101
73 102
73 111
73 114
73 129
73 132
73 144
73 152
73 154
73 161
73 169
73 179
73 182
73 194
73 202
73 212
73 214
73 226
73 239
73 252
73 277
74 79
74 86
74 92
74 101
74 102
74 111
74 114
74 129
74 132
74 144
74 152
74 154
74 161
74 169
74 179
74 182
74 194
74 202
74 212
74 214
74 226
74 239
74 252
74 277
75 79
75 86
75 92
75 101
75 102
75 111
75 114
75 129
75 132
75 137
75 144
75 152
75 154
75 161
75 169
75 179
75 182
75 194
75 202
75 212
75 214
75 226
75 239
75 252
75 260
75 277
76 79
76 86
76 92
76 101
76 102
76 111
76 114
76 129
76 132
76 137
76 144
76 152
76 154
76 161
76 169
76 179
76 182
76 194
76 202
76 212
76 214
76 226
76 239
76 252
76 260
76 277
77 79
77 86
77 92
77 101
77 102
77 111
77 114
77 129
77 132
77 137
77 144
77 152
77 154
77 161
77 169
77 179
77 182
77 194
77 202
77 212
77 214
77 226
77 239
77 252
77 260
77 277
78 86
78 92
78 101
78 111
78 114
78 129
78 132
78 137
78 144
78 148
78 152
78 154
78 161
78 169
78 179
78 182
78 194
78 202
78 212
78 214
78 226
78 239
78 252
78 260
78 277
79 86
79 92
79 101
79 111
79 114
79 129
79 132
79 137
79 144
79 150
79 152
79 154
79 161
79 169
79 179
79 182
79 194
79 202
79 212
79 214
79 226
79 239
79 252
79 257
79 260
79 277
80 86
80 88
80 92
80 101
80 111
80 114
80 129
80 132
80 137
80 144
80 150
80 152
80 154
80 161
80 169
80 179
80 182
80 184
80 202
80 212
80 214
80 226
80 239
80 252
80 257
80 260
80 277
80 279
81 86
81 88
81 92
81 101
81 111
81 114
81 129
81 132
81 137
81 144
81 150
81 152
81 154
81 161
81 169
81 182
81 184
81 202
81 212
81 214
81 226
81 239
81 252
81 257
81 260
81 277
81 279
82 88
82 92
82 101
82 111
82 114
82 129
82 132
82 137
82 138
82 144
82 150
82 152
82 154
82 161
82 169
82 184
82 202
82 212
82 214
82 226
82 239
82 252
82 257
82 260
82 277
82 279
83 92
83 96
83 101
83 129
83 137
83 138
83 144
83 150
83 161
83 169
83 184
83 202
83 205
83 212
83 214
83 226
83 252
83 257
83 260
83 277
84 92
84 96
84 101
84 129
84 137
84 138
84 144
84 150
84 161
84 169
84 184
84 202
84 205
84 212
84 214
84 226
84 252
84 257
84 260
84 277
85 92
85 96
85 101
85 116
85 129
85 137
85 138
85 144
85 150
85 158
85 161
85 167
85 169
85 184
85 202
85 205
85 212
85 226
85 232
85 252
85 257
85 260
85 277
86 92
86 96
86 101
86 116
86 129
86 137
86 138
86 144
86 150
86 158
86 161
86 167
86 169
86 184
86 202
86 205
86 212
86 226
86 232
86 252
86 257
86 260
86 277
87 92
87 96
87 101
87 116
87 129
87 137
87 138
87 144
87 150
87 158
87 161
87 167
87 184
87 202
87 205
87 212
87 226
87 232
87 252
87 257
87 260
88 92
88 96
88 101
88 116
88 127
88 129
88 137
88 138
88 150
88 158
88 161
88 167
88 184
88 202
88 205
88 212
88 226
88 232
88 252
88 257
88 260
88 274
89 92
89 96
89 101
89 116
89 127
89 129
89 137
89 138
89 150
89 158
89 161
89 167
89 184
89 202
89 205
89 212
89 226
89 232
89 252
89 257
89 260
89 274
90 92
90 96
90 101
90 116
90 127
90 129
90 137
90 138
90 150
90 158
90 161
90 167
90 184
90 202
90 205
90 212
90 226
90 232
90 252
90 257
90 260
90 274
91 92
91 96
91 101
91 116
91 127
91 129
91 137
91 138
91 150
91 158
91 161
91 167
91 184
91 202
91 205
91 212
91 226
91 232
91 252
91 257
91 260
91 274
92 92
92 96
92 101
92 116
92 127
92 129
92 137
92 138
92 150
92 158
92 161
92 167
92 184
92 202
92 205
92 212
92 226
92 232
92 252
92 257
92 260
92 274
93 92
93 96
93 101
93 116
93 126
93 127
93 129
93 137
93 138
93 150
93 158
93 161
93 167
93 184
93 202
93 205
93 212
93 226
93 232
93 252
93 257
93 260
93 274
94 92
94 96
94 101
94 126
94 127
94 129
94 137
94 138
94 150
94 158
94 161
94 167
94 184
94 202
94 205
94 212
94 226
94 232
94 252
94 257
94 260
94 274
95 92
95 96
95 101
95 126
95 127
95 129
95 137
95 138
95 150
95 158
95 161
95 184
95 202
95 205
95 212
95 226
95 232
95 257
95 260
95 274
96 92
96 96
96 101
96 126
96 127
96 129
96 137
96 138
96 150
96 158
96 161
96 184
96 202
96 205
96 226
96 232
96 257
96 260
96 274
97 92
97 101
97 126
97 138
97 150
97 158
97 161
97 184
97 202
97 205
97 226
97 232
97 257
97 274
98 92
98 101
98 126
98 138
98 150
98 158
98 161
98 184
98 202
98 205
98 226
98 232
98 257
98 274
99 92
99 101
99 126
99 138
99 150
99 158
99 161
99 184
99 202
99 205
99 226
99 232
99 257
99 274
100 101
100 126
100 150
100 158
100 161
100 162
100 184
100 202
100 205
100 219
100 226
100 257
100 274
101 101
101 126
101 150
101 158
101 161
101 162
101 184
101 202
101 205
101 219
101 226
101 257
101 274
102 101
102 119
102 150
102 158
102 161
102 202
102 205
102 208
102 219
102 226
102 257
102 268
102 274
103 101
103 119
103 150
103 158
103 161
103 202
103 205
103 208
103 219
103 226
103 257
103 268
103 274
103 280
104 101
104 119
104 150
104 158
104 161
104 202
104 205
104 208
104 219
104 226
104 257
104 268
104 274
104 280
105 101
105 110
105 119
105 147
105 150
105 157
105 158
105 161
105 202
105 208
105 219
105 226
105 257
105 268
105 274
105 280
106 101
106 110
106 147
106 150
106 157
106 158
106 161
106 202
106 208
106 219
106 226
106 243
106 257
106 268
106 274
106 280
107 101
107 110
107 147
107 150
107 157
107 158
107 161
107 202
107 208
107 219
107 226
107 243
107 257
107 268
107 274
107 280
108 101
108 110
108 147
108 150
108 157
108 158
108 161
108 202
108 219
108 226
108 237
108 243
108 257
108 268
108 274
108 280
108 283
109 101
109 110
109 147
109 157
109 158
109 161
109 202
109 219
109 226
109 237
109 243
109 257
109 268
109 274
109 280
109 283
110 101
110 110
110 147
110 157
110 158
110 161
110 202
110 219
110 226
110 237
110 243
110 257
110 268
110 274
110 280
110 283
111 110
111 147
111 157
111 158
111 161
111 219
111 226
111 237
111 243
111 257
111 268
111 280
111 283
112 157
112 161
112 219
112 237
112 243
112 254
112 257
112 268
112 280
112 283
113 157
113 161
113 168
113 219
113 237
113 243
113 254
113 257
113 264
113 268
113 280
113 283
114 157
114 161
114 168
114 219
114 237
114 243
114 254
114 257
114 264
114 268
114 280
114 283
115 157
115 161
115 168
115 219
115 237
115 243
115 254
115 257
115 264
115 268
115 280
115 283
116 157
116 161
116 168
116 219
116 236
116 237
116 243
116 254
116 257
116 264
116 268
116 280
116 283
117 156
117 157
117 161
117 168
117 191
117 219
117 236
117 237
117 243
117 254
117 257
117 264
117 268
117 280
117 283
118 156
118 157
118 161
118 168
118 191
118 219
118 236
118 237
118 243
118 254
118 257
118 264
118 268
118 272
118 280
118 283
119 156
119 157
119 161
119 168
119 191
119 219
119 236
119 237
119 243
119 254
119 264
119 268
119 272
119 280
119 283
120 135
120 156
120 157
120 168
120 187
120 191
120 207
120 236
120 237
120 243
120 254
120 264
120 268
120 272
120 280
120 283
121 135
121 156
121 157
121 168
121 187
121 191
121 207
121 236
121 237
121 243
121 254
121 264
121 268
121 272
121 280
121 283
122 135
122 156
122 157
122 168
122 187
122 191
122 207
122 221
122 236
122 237
122 243
122 254
122 264
122 268
122 272
122 280
122 283
123 135
123 156
123 157
123 168
123 187
123 191
123 207
123 221
123 236
123 237
123 243
123 254
123 264
123 268
123 280
123 283
124 135
124 156
124 157
124 168
124 187
124 191
124 207
124 221
124 236
124 237
124 243
124 254
124 264
124 268
124 280
124 283
125 135
125 156
125 157
125 168
125 187
125 191
125 207
125 210
125 221
125 236
125 237
125 243
125 254
125 264
125 268
125 280
125 283
126 135
126 156
126 157
126 168
126 187
126 191
126 207
126 210
126 221
126 236
126 237
126 243
126 254
126 264
126 268
126 280
126 283
127 135
127 156
127 157
127 168
127 187
127 191
127 196
127 210
127 221
127 236
127 237
127 243
127 254
127 264
127 268
127 280
127 283
128 135
128 136
128 156
128 157
128 168
128 187
128 191
128 196
128 210
128 221
128 237
128 243
128 254
128 264
128 268
128 280
128 283
129 135
129 136
129 156
129 157
129 168
129 187
129 191
129 196
129 210
129 221
129 237
129 243
129 254
129 264
129 268
129 280
129 283
130 134
130 135
130 136
130 156
130 187
130 188
130 191
130 210
130 216
130 221
130 223
130 237
130 249
130 254
130 264
130 268
130 280
130 283
131 134
131 135
131 136
131 156
131 187
131 188
131 191
131 210
131 216
131 221
131 223
131 237
131 249
131 254
131 264
131 268
131 283
132 134
132 135
132 136
132 156
132 187
132 188
132 191
132 210
132 221
132 223
132 237
132 249
132 254
132 264
132 268
132 283
133 134
133 135
133 136
133 156
133 177
133 187
133 188
133 191
133 210
133 221
133 223
133 237
133 249
133 254
133 264
133 268
133 283
134 134
134 135
134 136
134 156
134 177
134 187
134 188
134 191
134 210
134 221
134 223
134 237
134 249
134 254
134 264
134 268
134 283
135 134
135 135
135 136
135 177
135 187
135 188
135 191
135 210
135 223
135 237
135 249
135 254
135 264
135 268
135 283
136 134
136 135
136 136
136 177
136 187
136 188
136 191
136 210
136 223
136 237
136 249
136 254
136 264
136 268
136 283
137 134
137 135
137 177
137 187
137 188
137 191
137 210
137 223
137 230
137 237
137 249
137 254
137 264
137 268
137 283
138 173
138 177
138 187
138 188
138 191
138 210
138 223
138 230
138 237
138 249
138 268
138 283
139 159
139 173
139 177
139 187
139 188
139 191
139 210
139 223
139 230
139 237
139 249
139 268
139 283
140 159
140 173
140 174
140 177
140 187
140 188
140 191
140 210
140 223
140 230
140 237
140 249
140 268
140 283
141 159
141 173
141 174
141 177
141 187
141 188
141 191
141 210
141 223
141 230
141 237
141 249
141 268
141 283
142 159
142 173
142 174
142 177
142 187
142 188
142 191
142 210
142 223
142 230
142 237
142 249
142 253
142 268
142 283
143 159
143 173
143 174
143 177
143 188
143 191
143 210
143 223
143 230
143 237
143 249
143 283
144 159
144 173
144 174
144 177
144 188
144 191
144 201
144 210
144 223
144 230
144 237
144 241
144 249
144 283
145 163
145 164
145 173
145 174
145 177
145 188
145 191
145 201
145 210
145 223
145 230
145 237
145 241
145 249
145 283
146 163
146 164
146 173
146 174
146 177
146 188
146 191
146 210
146 223
146 230
146 237
146 241
146 249
146 261
146 267
146 283
147 163
147 164
147 173
147 174
147 177
147 188
147 191
147 210
147 223
147 230
147 237
147 241
147 249
147 261
147 267
147 283
148 163
148 164
148 173
148 174
148 177
148 188
148 191
148 210
148 223
148 230
148 237
148 241
148 249
148 261
148 267
148 283
149 163
149 164
149 172
149 173
149 174
149 177
149 188
149 191
149 223
149 230
149 237
149 241
149 249
149 261
149 267
149 283
150 163
150 164
150 172
150 173
150 174
150 177
150 188
150 191
150 223
150 230
150 237
150 241
150 245
150 249
150 261
150 267
150 273
150 283
151 163
151 164
151 172
151 173
151 174
151 177
151 188
151 191
151 203
151 230
151 237
151 241
151 245
151 249
151 261
151 267
151 273
151 283
152 163
152 172
152 173
152 174
152 188
152 191
152 203
152 230
152 237
152 241
152 245
152 249
152 261
152 267
152 273
152 283
153 163
153 172
153 173
153 174
153 188
153 191
153 203
153 230
153 237
153 241
153 245
153 249
153 261
153 267
153 273
153 283
154 172
154 173
154 174
154 188
154 191
154 203
154 230
154 237
154 241
154 245
154 249
154 261
154 263
154 267
154 273
154 283
155 172
155 173
155 174
155 175
155 188
155 191
155 203
155 230
155 237
155 241
155 245
155 249
155 263
155 267
155 273
155 283
156 172
156 173
156 174
156 175
156 188
156 191
156 203
156 230
156 237
156 241
156 245
156 249
156 263
156 267
156 273
156 283
157 173
157 174
157 175
157 188
157 203
157 209
157 218
157 230
157 238
157 241
157 245
157 249
157 263
157 267
157 271
157 273
157 283
158 173
158 174
158 203
158 209
158 218
158 230
158 238
158 241
158 249
158 256
158 271
158 273
158 283
159 173
159 174
159 203
159 209
159 218
159 230
159 238
159 241
159 249
159 256
159 271
159 273
159 283
160 173
160 174
160 203
160 209
160 218
160 230
160 238
160 241
160 249
160 256
160 271
160 273
160 283
161 173
161 174
161 193
161 203
161 209
161 218
161 229
161 230
161 238
161 241
161 249
161 256
161 271
161 273
161 283
162 173
162 174
162 193
162 203
162 209
162 229
162 238
162 241
162 249
162 256
162 271
162 273
162 283
163 173
163 174
163 193
163 203
163 209
163 229
163 238
163 241
163 249
163 256
163 271
163 273
163 283
164 173
164 174
164 193
164 203
164 209
164 229
164 238
164 241
164 249
164 256
164 271
164 273
164 283
165 173
165 174
165 193
165 203
165 209
165 229
165 238
165 241
165 249
165 256
165 271
165 273
165 283
166 173
166 174
166 193
166 203
166 209
166 229
166 238
166 241
166 249
166 256
166 271
166 273
166 283
167 173
167 174
167 203
167 209
167 229
167 238
167 241
167 249
167 256
167 273
167 283
168 173
168 174
168 203
168 209
168 213
168 227
168 229
168 238
168 241
168 246
168 249
168 256
168 273
168 283
169 173
169 174
169 209
169 213
169 227
169 229
169 238
169 241
169 246
169 249
169 256
169 273
170 173
170 174
170 209
170 213
170 227
170 229
170 238
170 241
170 246
170 249
170 256
170 258
170 273
171 173
171 174
171 209
171 213
171 227
171 229
171 238
171 241
171 246
171 249
171 256
171 273
172 173
172 174
172 209
172 213
172 227
172 229
172 238
172 241
172 246
172 249
172 256
172 273
172 281
173 173
173 174
173 209
173 213
173 227
173 229
173 238
173 241
173 246
173 249
173 256
173 273
173 281
174 173
174 174
174 209
174 213
174 227
174 229
174 238
174 241
174 246
174 249
174 256
174 273
174 281
175 173
175 174
175 209
175 213
175 227
175 229
175 238
175 241
175 246
175 249
175 256
175 273
175 281
176 174
176 209
176 213
176 222
176 227
176 229
176 241
176 246
176 249
176 256
176 273
176 278
176 281
177 174
177 192
177 209
177 213
177 222
177 227
177 229
177 241
177 246
177 249
177 256
177 273
177 278
177 281
178 209
178 213
178 222
178 227
178 229
178 241
178 246
178 249
178 255
178 256
178 273
178 278
178 281
179 209
179 213
179 222
179 227
179 229
179 241
179 246
179 249
179 255
179 256
179 270
179 273
179 278
179 281
180 206
180 209
180 213
180 222
180 227
180 229
180 241
180 246
180 249
180 255
180 270
180 273
180 278
180 281
181 206
181 209
181 213
181 222
181 227
181 229
181 233
181 241
181 246
181 249
181 255
181 270
181 273
181 278
181 281
182 211
182 213
182 227
182 229
182 233
182 241
182 246
182 249
182 255
182 273
182 278
182 281
183 211
183 213
183 227
183 229
183 233
183 241
183 246
183 249
183 255
183 273
183 278
183 281
184 211
184 213
184 227
184 229
184 233
184 241
184 246
184 249
184 255
184 273
184 278
184 281
185 211
185 213
185 227
185 229
185 233
185 241
185 246
185 249
185 255
185 273
185 278
185 281
186 211
186 213
186 227
186 229
186 233
186 241
186 246
186 249
186 255
186 273
186 281
187 211
187 213
187 227
187 229
187 233
187 241
187 246
187 249
187 255
187 262
187 273
187 281
188 211
188 213
188 227
188 229
188 233
188 241
188 249
188 255
188 262
188 273
188 281
189 211
189 213
189 227
189 229
189 233
189 241
189 249
189 255
189 262
189 273
189 281
190 211
190 213
190 227
190 233
190 241
190 249
190 255
190 262
190 273
190 281
191 211
191 213
191 227
191 233
191 241
191 249
191 262
191 273
191 281
192 211
192 227
192 233
192 241
192 249
192 262
192 273
192 281
192 282
193 211
193 227
193 233
193 241
193 249
193 262
193 273
193 281
193 282
194 211
194 233
194 241
194 248
194 262
194 281
194 282
195 211
195 224
195 233
195 241
195 248
195 262
195 281
195 282
196 211
196 224
196 233
196 241
196 244
196 248
196 281
196 282
197 211
197 224
197 225
197 233
197 241
197 244
197 248
197 281
197 282
198 211
198 224
198 225
198 233
198 241
198 244
198 248
198 281
198 282
199 211
199 224
199 225
199 233
199 241
199 244
199 248
199 281
199 282
200 211
200 224
200 225
200 233
200 241
200 244
200 248
200 281
200 282
201 211
201 224
201 225
201 233
201 241
201 248
201 281
201 282
202 211
202 224
202 225
202 233
202 241
202 248
202 281
202 282
203 211
203 224
203 225
203 233
203 241
203 248
203 281
203 282
204 211
204 224
204 225
204 233
204 241
204 248
204 281
204 282
205 211
205 224
205 225
205 233
205 241
205 248
205 281
205 282
206 211
206 224
206 225
206 233
206 241
206 248
206 281
206 282
207 211
207 224
207 225
207 233
207 241
207 248
207 281
207 282
208 211
208 224
208 225
208 233
208 241
208 248
208 281
208 282
209 211
209 224
209 225
209 233
209 241
209 248
209 281
209 282
210 211
210 224
210 225
210 233
210 241
210 248
210 281
210 282
211 211
211 224
211 225
211 233
211 241
211 248
211 281
211 282
212 211
212 224
212 225
212 233
212 241
212 248
212 281
212 282
213 211
213 224
213 225
213 241
213 248
213 281
213 282
214 211
214 224
214 225
214 241
214 248
214 281
214 282
215 211
215 224
215 225
215 241
215 248
215 281
215 282
216 211
216 224
216 225
216 241
216 248
216 281
216 282
217 211
217 224
217 225
217 241
217 248
217 281
217 282
218 211
218 224
218 225
218 241
218 248
218 281
218 282
219 211
219 224
219 225
219 241
219 248
219 251
219 281
219 282
220 211
220 224
220 225
220 241
220 248
220 251
220 281
220 282
221 211
221 224
221 225
221 241
221 248
221 251
221 281
221 282
222 211
222 224
222 225
222 241
222 248
222 251
222 281
222 282
223 211
223 224
223 225
223 241
223 248
223 251
223 281
223 282
224 211
224 224
224 225
224 241
224 248
224 251
224 281
224 282
225 211
225 224
225 225
225 241
225 248
225 251
225 281
226 211
226 224
226 225
226 241
226 248
226 251
226 281
226 284
227 211
227 224
227 225
227 241
227 248
227 251
227 281
227 284
228 211
228 224
228 225
228 241
228 248
228 251
228 281
228 284
229 211
229 241
229 248
229 251
229 281
229 284
230 211
230 241
230 248
230 251
230 281
230 284
231 211
231 241
231 248
231 251
231 269
231 281
231 284
232 241
232 248
232 251
232 269
232 275
232 281
232 284
233 248
233 251
233 269
233 275
233 281
233 284
234 248
234 251
234 269
234 275
234 281
235 248
235 251
235 269
235 275
235 281
236 248
236 251
236 269
236 275
236 281
237 248
237 251
237 269
237 275
238 248
238 251
238 269
238 275
239 248
239 251
239 259
239 269
239 275
240 248
240 251
240 259
240 269
240 275
241 248
241 251
241 259
241 269
241 275
242 248
242 251
242 259
242 269
242 275
243 248
243 251
243 259
243 269
243 275
244 248
244 251
244 259
244 269
244 275
245 248
245 251
245 269
245 275
246 248
246 251
246 269
246 275
247 248
247 251
247 269
247 275
248 248
248 251
248 269
248 275
249 248
249 251
249 269
249 275
250 251
250 269
250 275
251 251
251 269
251 275
252 251
252 269
252 275
253 269
253 275
254 269
254 275
255 269
255 275
256 269
256 275
257 269
257 275
258 269
258 275
259 269
259 275
260 269
260 275
261 269
261 275
262 269
262 275
263 269
263 275
264 269
264 275
265 269
265 275
266 269
266 275
267 269
267 275
268 269
268 275
269 269
269 275
270 269
270 275
271 269
271 275
272 269
272 275
273 269
273 275
274 269
274 275
275 275
276 275
277 275
278 275
279 275
280 275
281 275
282 275
283 275
