1 18
1 33
1 76
1 77
1 95
1 103
1 113
1 235
2 14
2 33
2 34
2 61
2 63
2 68
2 76
2 77
2 86
2 95
2 113
2 148
2 168
2 221
2 253
2 257
3 12
3 13
3 28
3 33
3 34
3 43
3 47
3 63
3 68
3 76
3 77
3 95
3 113
3 124
3 130
3 148
3 150
3 165
3 168
3 221
3 248
3 252
3 253
3 257
3 259
3 263
4 5
4 13
4 19
4 28
4 33
4 43
4 63
4 68
4 76
4 77
4 95
4 113
4 124
4 130
4 148
4 150
4 165
4 168
4 221
4 248
4 252
4 253
4 257
4 258
4 259
4 263
5 13
5 19
5 43
5 60
5 63
5 68
5 76
5 77
5 95
5 106
5 113
5 124
5 130
5 148
5 165
5 168
5 193
5 221
5 225
5 248
5 252
5 253
5 257
5 258
5 259
5 263
6 13
6 19
6 22
6 63
6 76
6 77
6 95
6 106
6 113
6 124
6 130
6 165
6 168
6 193
6 202
6 225
6 248
6 252
6 253
6 257
6 258
6 259
6 262
6 263
7 13
7 22
7 63
7 77
7 106
7 113
7 124
7 130
7 165
7 168
7 193
7 202
7 225
7 248
7 252
7 253
7 257
7 258
7 259
7 262
7 263
8 15
8 40
8 41
8 63
8 71
8 77
8 87
8 90
8 106
8 124
8 130
8 165
8 168
8 193
8 202
8 225
8 248
8 252
8 253
8 257
8 258
8 259
8 262
8 263
9 15
9 23
9 27
9 40
9 41
9 63
9 71
9 77
9 87
9 90
9 106
9 124
9 130
9 138
9 145
9 165
9 168
9 193
9 202
9 225
9 248
9 252
9 253
9 257
9 258
9 259
9 262
9 263
10 15
10 23
10 27
10 40
10 41
10 49
10 63
10 71
10 77
10 87
10 90
10 106
10 124
10 130
10 138
10 145
10 165
10 168
10 183
10 193
10 202
10 225
10 248
10 252
10 253
10 257
10 258
10 259
10 262
10 263
11 23
11 27
11 29
11 40
11 41
11 49
11 63
11 71
11 77
11 87
11 90
11 106
11 108
11 124
11 130
11 138
11 145
11 165
11 168
11 183
11 193
11 202
11 225
11 252
11 253
11 257
11 258
11 259
11 262
11 263
12 23
12 27
12 29
12 40
12 41
12 63
12 71
12 77
12 87
12 90
12 106
12 108
12 124
12 130
12 138
12 145
12 165
12 168
12 183
12 193
12 202
12 225
12 252
12 253
12 257
12 258
12 259
12 262
12 263
13 23
13 27
13 29
13 40
13 41
13 63
13 71
13 77
13 87
13 90
13 98
13 106
13 108
13 124
13 130
13 138
13 145
13 165
13 168
13 183
13 193
13 202
13 225
13 242
13 252
13 253
13 257
13 258
13 259
13 262
13 263
14 23
14 27
14 29
14 31
14 40
14 57
14 63
14 71
14 77
14 87
14 90
14 106
14 108
14 130
14 138
14 145
14 165
14 168
14 183
14 193
14 202
14 225
14 252
14 253
14 257
14 258
14 259
14 262
14 263
15 20
15 23
15 29
15 31
15 40
15 57
15 67
15 71
15 77
15 87
15 90
15 106
15 108
15 130
15 138
15 145
15 165
15 168
15 183
15 193
15 202
15 225
15 238
15 252
15 253
15 257
15 258
15 259
15 262
15 263
15 279
16 23
16 29
16 31
16 40
16 57
16 67
16 71
16 77
16 87
16 90
16 106
16 108
16 130
16 138
16 145
16 165
16 168
16 183
16 193
16 202
16 225
16 238
16 244
16 253
16 257
16 258
16 259
16 262
16 263
16 279
17 23
17 31
17 40
17 57
17 67
17 71
17 77
17 87
17 90
17 106
17 108
17 130
17 138
17 165
17 168
17 183
17 193
17 202
17 225
17 238
17 244
17 253
17 257
17 258
17 259
17 262
17 263
17 279
18 26
18 31
18 57
18 67
18 71
18 77
18 90
18 104
18 106
18 108
18 126
18 128
18 138
18 165
18 168
18 183
18 193
18 202
18 225
18 238
18 244
18 253
18 257
18 258
18 259
18 262
18 263
19 26
19 31
19 45
19 57
19 67
19 77
19 104
19 106
19 108
19 128
19 138
19 165
19 168
19 183
19 193
19 202
19 225
19 238
19 244
19 253
19 257
19 258
19 259
19 262
19 263
20 21
20 26
20 31
20 45
20 57
20 67
20 77
20 104
20 106
20 108
20 128
20 132
20 138
20 165
20 168
20 174
20 183
20 193
20 202
20 225
20 238
20 244
20 253
20 257
20 258
20 259
20 262
20 263
21 24
21 26
21 31
21 45
21 56
21 67
21 77
21 104
21 106
21 108
21 128
21 132
21 138
21 165
21 168
21 174
21 193
21 202
21 238
21 244
21 253
21 257
21 258
21 259
21 262
21 263
21 274
22 24
22 56
22 67
22 77
22 104
22 106
22 108
22 132
22 138
22 165
22 168
22 174
22 193
22 202
22 238
22 244
22 253
22 257
22 258
22 259
22 263
22 274
23 46
23 50
23 67
23 77
23 104
23 106
23 108
23 132
23 138
23 165
23 168
23 174
23 193
23 202
23 238
23 244
23 253
23 257
23 258
23 259
23 263
23 274
24 42
24 46
24 50
24 54
24 67
24 77
24 104
24 108
24 132
24 138
24 139
24 165
24 168
24 189
24 193
24 202
24 238
24 244
24 245
24 253
24 258
24 259
24 274
25 42
25 50
25 54
25 67
25 77
25 104
25 108
25 111
25 132
25 138
25 139
25 165
25 168
25 189
25 193
25 202
25 238
25 244
25 245
25 253
25 258
25 259
25 274
26 50
26 54
26 67
26 77
26 104
26 108
26 111
26 132
26 138
26 139
26 165
26 168
26 189
26 193
26 202
26 238
26 244
26 245
26 253
26 258
26 259
26 274
27 50
27 54
27 67
27 77
27 104
27 108
27 111
27 132
27 138
27 139
27 165
27 168
27 189
27 193
27 202
27 238
27 244
27 245
27 253
27 258
27 259
27 274
28 54
28 67
28 77
28 94
28 104
28 108
28 109
28 111
28 118
28 132
28 138
28 139
28 165
28 168
28 189
28 193
28 202
28 238
28 244
28 245
28 253
28 258
28 259
28 274
29 37
29 48
29 54
29 67
29 77
29 94
29 104
29 108
29 109
29 111
29 118
29 119
29 122
29 138
29 165
29 168
29 189
29 193
29 202
29 238
29 244
29 253
29 258
29 259
29 274
30 37
30 38
30 48
30 67
30 94
30 109
30 111
30 118
30 119
30 122
30 138
30 165
30 168
30 189
30 193
30 202
30 237
30 238
30 244
30 253
30 258
30 259
30 274
31 35
31 37
31 38
31 67
31 89
31 94
31 109
31 111
31 118
31 122
31 138
31 165
31 189
31 193
31 202
31 237
31 238
31 244
31 253
31 258
31 259
31 274
32 35
32 37
32 38
32 44
32 89
32 94
32 109
32 111
32 118
32 138
32 165
32 189
32 193
32 202
32 237
32 238
32 244
32 253
32 258
32 259
32 274
33 35
33 37
33 44
33 59
33 89
33 94
33 111
33 118
33 138
33 165
33 189
33 193
33 202
33 237
33 238
33 244
33 253
33 258
33 259
33 274
33 284
34 35
34 44
34 55
34 59
34 74
34 89
34 94
34 100
34 111
34 118
34 165
34 181
34 189
34 193
34 202
34 237
34 238
34 253
34 258
34 259
34 274
34 284
35 44
35 55
35 59
35 74
35 89
35 94
35 100
35 111
35 118
35 165
35 181
35 189
35 193
35 202
35 237
35 238
35 253
35 258
35 259
35 274
35 284
36 55
36 59
36 74
36 89
36 94
36 100
36 111
36 118
36 165
36 189
36 193
36 202
36 237
36 238
36 253
36 258
36 259
36 274
36 284
37 55
37 59
37 74
37 89
37 94
37 100
37 111
37 118
37 165
37 189
37 193
37 202
37 237
37 238
37 253
37 258
37 259
37 274
37 284
38 55
38 59
38 74
38 89
38 94
38 100
38 111
38 118
38 146
38 165
38 189
38 193
38 202
38 237
38 238
38 253
38 258
38 259
38 274
38 284
39 55
39 74
39 89
39 93
39 100
39 118
39 133
39 146
39 159
39 165
39 189
39 193
39 202
39 227
39 237
39 238
39 253
39 258
39 259
39 274
39 284
40 55
40 74
40 89
40 93
40 100
40 118
40 133
40 146
40 159
40 165
40 189
40 193
40 202
40 227
40 237
40 238
40 253
40 258
40 259
40 274
40 277
40 284
41 74
41 89
41 93
41 100
41 118
41 133
41 146
41 159
41 165
41 189
41 193
41 202
41 237
41 238
41 253
41 258
41 259
41 268
41 277
41 284
42 62
42 70
42 74
42 89
42 93
42 100
42 133
42 146
42 159
42 165
42 180
42 189
42 193
42 202
42 204
42 238
42 253
42 258
42 259
42 265
42 268
42 277
42 284
43 53
43 58
43 62
43 70
43 74
43 89
43 93
43 133
43 146
43 154
43 159
43 165
43 180
43 189
43 193
43 202
43 204
43 238
43 253
43 258
43 265
43 268
43 277
43 284
44 53
44 58
44 62
44 70
44 74
44 89
44 93
44 133
44 136
44 146
44 154
44 159
44 165
44 180
44 189
44 193
44 202
44 204
44 238
44 253
44 258
44 265
44 268
44 277
44 284
45 53
45 58
45 70
45 74
45 89
45 93
45 133
45 136
45 141
45 154
45 159
45 165
45 180
45 189
45 193
45 202
45 204
45 238
45 253
45 258
45 265
45 268
45 277
45 284
46 58
46 70
46 74
46 89
46 133
46 141
46 154
46 159
46 165
46 180
46 189
46 193
46 194
46 202
46 204
46 238
46 253
46 265
46 268
46 277
46 284
47 58
47 70
47 74
47 89
47 133
47 141
47 154
47 159
47 165
47 180
47 189
47 193
47 194
47 202
47 204
47 238
47 253
47 265
47 268
47 277
47 284
48 58
48 70
48 72
48 89
48 133
48 134
48 141
48 154
48 159
48 165
48 180
48 189
48 193
48 194
48 204
48 238
48 253
48 265
48 268
48 277
48 284
49 80
49 89
49 91
49 107
49 133
49 134
49 137
49 154
49 159
49 165
49 180
49 193
49 204
49 209
49 238
49 253
49 265
49 268
49 269
49 277
49 284
50 73
50 75
50 80
50 89
50 91
50 133
50 134
50 137
50 154
50 159
50 165
50 175
50 180
50 193
50 204
50 209
50 238
50 253
50 265
50 269
50 284
51 73
51 75
51 80
51 89
51 91
51 133
51 134
51 137
51 154
51 159
51 165
51 175
51 180
51 193
51 204
51 209
51 238
51 253
51 265
51 269
51 284
52 73
52 75
52 80
52 89
52 91
52 134
52 137
52 154
52 159
52 165
52 175
52 180
52 193
52 204
52 209
52 238
52 253
52 265
52 269
52 284
53 73
53 75
53 80
53 89
53 91
53 134
53 137
53 154
53 159
53 165
53 175
53 180
53 193
53 204
53 209
53 238
53 253
53 265
53 269
53 284
54 73
54 80
54 89
54 91
54 134
54 137
54 154
54 159
54 164
54 165
54 175
54 180
54 193
54 204
54 209
54 238
54 253
54 265
54 269
54 284
55 73
55 78
55 80
55 89
55 91
55 125
55 137
55 154
55 164
55 175
55 180
55 193
55 204
55 209
55 253
55 265
55 269
55 284
56 73
56 78
56 80
56 89
56 91
56 125
56 137
56 154
56 164
56 175
56 180
56 204
56 209
56 253
56 265
56 269
56 284
57 65
57 78
57 80
57 89
57 91
57 125
57 137
57 154
57 164
57 175
57 204
57 209
57 253
57 265
57 269
57 284
58 65
58 78
58 80
58 89
58 91
58 125
58 137
58 154
58 164
58 175
58 197
58 204
58 209
58 253
58 265
58 269
58 284
59 65
59 78
59 80
59 89
59 91
59 125
59 137
59 154
59 164
59 175
59 197
59 204
59 209
59 253
59 265
59 269
59 284
60 80
60 91
60 125
60 137
60 154
60 164
60 175
60 178
60 197
60 204
60 209
60 215
60 223
60 253
60 265
60 269
60 284
61 80
61 91
61 125
61 137
61 154
61 164
61 175
61 178
61 197
61 204
61 209
61 215
61 223
61 253
61 265
61 269
61 284
62 80
62 83
62 91
62 96
62 125
62 137
62 164
62 175
62 178
62 196
62 197
62 204
62 209
62 215
62 253
62 254
62 265
62 269
62 284
63 80
63 83
63 91
63 125
63 137
63 147
63 149
63 164
63 175
63 178
63 196
63 197
63 204
63 209
63 215
63 254
63 265
63 269
63 271
63 284
64 80
64 102
64 125
64 137
64 147
64 149
64 164
64 178
64 196
64 197
64 204
64 209
64 215
64 254
64 265
64 269
64 271
65 80
65 102
65 125
65 137
65 147
65 149
65 164
65 178
65 196
65 197
65 204
65 209
65 215
65 254
65 265
65 269
65 271
66 80
66 102
66 137
66 147
66 149
66 164
66 178
66 190
66 196
66 197
66 204
66 209
66 212
66 215
66 246
66 254
66 261
66 265
66 269
66 271
67 102
67 137
67 149
67 156
67 164
67 178
67 190
67 197
67 199
67 204
67 209
67 212
67 246
67 250
67 254
67 261
67 269
67 271
67 281
68 102
68 137
68 149
68 156
68 164
68 178
68 190
68 197
68 199
68 204
68 209
68 212
68 246
68 250
68 254
68 261
68 269
68 271
68 281
69 137
69 149
69 156
69 164
69 178
69 190
69 197
69 199
69 204
69 209
69 212
69 246
69 250
69 254
69 261
69 269
69 281
70 112
70 116
70 137
70 149
70 156
70 164
70 178
70 190
70 197
70 199
70 204
70 209
70 212
70 231
70 232
70 246
70 250
70 254
70 261
70 269
70 281
71 112
71 116
71 137
71 149
71 156
71 164
71 178
71 190
71 197
71 199
71 204
71 209
71 212
71 231
71 232
71 246
71 250
71 254
71 261
71 269
71 281
72 112
72 116
72 137
72 142
72 149
72 156
72 164
72 178
72 190
72 197
72 199
72 201
72 204
72 209
72 212
72 231
72 232
72 246
72 250
72 254
72 269
72 281
73 84
73 112
73 116
73 137
73 142
73 149
73 156
73 164
73 178
73 190
73 197
73 199
73 201
73 204
73 209
73 212
73 231
73 232
73 250
73 254
73 269
73 281
74 84
74 112
74 116
74 137
74 142
74 149
74 156
74 164
74 178
74 190
74 197
74 199
74 201
74 204
74 209
74 212
74 231
74 232
74 250
74 254
74 269
74 281
75 84
75 92
75 116
75 137
75 142
75 149
75 156
75 164
75 178
75 190
75 197
75 199
75 201
75 204
75 209
75 212
75 229
75 231
75 232
75 250
75 254
75 269
76 84
76 92
76 116
76 137
76 142
76 149
76 156
76 164
76 178
76 190
76 197
76 199
76 201
76 204
76 209
76 212
76 229
76 231
76 232
76 250
76 254
76 269
77 84
77 92
77 116
77 137
77 142
77 149
77 156
77 164
77 178
77 190
77 197
77 199
77 201
77 204
77 209
77 212
77 232
77 250
77 254
77 269
78 84
78 88
78 92
78 116
78 137
78 142
78 149
78 156
78 164
78 178
78 190
78 197
78 199
78 201
78 204
78 209
78 212
78 232
78 250
78 254
78 269
79 84
79 88
79 92
79 116
79 137
79 142
79 149
79 156
79 164
79 178
79 190
79 197
79 199
79 201
79 204
79 209
79 212
79 232
79 250
79 254
79 269
80 84
80 88
80 92
80 110
80 116
80 137
80 142
80 149
80 156
80 164
80 178
80 190
80 197
80 199
80 201
80 204
80 205
80 209
80 212
80 232
80 250
80 254
80 269
81 88
81 92
81 110
81 116
81 137
81 142
81 149
81 151
81 156
81 157
81 160
81 178
81 182
81 190
81 197
81 199
81 201
81 204
81 205
81 209
81 212
81 232
81 250
81 254
81 269
82 88
82 92
82 110
82 116
82 142
82 149
82 151
82 156
82 157
82 176
82 178
82 182
82 190
82 197
82 199
82 201
82 204
82 205
82 209
82 216
82 232
82 250
82 254
82 269
83 88
83 92
83 110
83 114
83 116
83 142
83 149
83 151
83 156
83 157
83 176
83 178
83 182
83 190
83 197
83 199
83 201
83 204
83 205
83 209
83 216
83 232
83 250
83 254
83 269
84 92
84 110
84 116
84 142
84 151
84 156
84 157
84 176
84 182
84 190
84 191
84 197
84 199
84 201
84 204
84 205
84 209
84 216
84 232
84 250
84 254
84 269
85 92
85 110
85 116
85 142
85 151
85 156
85 157
85 176
85 182
85 190
85 191
85 197
85 199
85 201
85 204
85 205
85 209
85 216
85 232
85 250
85 254
85 269
86 92
86 97
86 110
86 116
86 142
86 151
86 156
86 157
86 176
86 182
86 190
86 191
86 197
86 199
86 201
86 204
86 205
86 209
86 216
86 232
86 250
86 254
86 269
87 92
87 97
87 110
87 116
87 142
87 151
87 156
87 157
87 176
87 182
87 190
87 191
87 197
87 199
87 201
87 204
87 205
87 209
87 216
87 232
87 250
87 254
87 269
88 92
88 97
88 110
88 116
88 142
88 151
88 156
88 157
88 176
88 182
88 190
88 191
88 197
88 199
88 201
88 204
88 205
88 209
88 216
88 232
88 250
88 254
88 269
89 92
89 97
89 110
89 116
89 142
89 151
89 156
89 157
89 176
89 182
89 190
89 191
89 197
89 199
89 201
89 204
89 205
89 209
89 216
89 232
89 250
89 254
89 269
90 92
90 97
90 110
90 131
90 151
90 156
90 157
90 176
90 182
90 190
90 191
90 197
90 199
90 201
90 204
90 205
90 209
90 216
90 232
90 250
90 254
90 269
91 92
91 97
91 110
91 131
91 143
91 151
91 156
91 157
91 176
91 182
91 190
91 191
91 197
91 199
91 201
91 204
91 209
91 216
91 232
91 250
91 254
91 269
92 92
92 97
92 110
92 131
92 143
92 151
92 156
92 157
92 176
92 182
92 190
92 191
92 197
92 199
92 201
92 204
92 209
92 216
92 232
92 250
92 254
92 269
93 92
93 97
93 110
93 131
93 143
93 151
93 156
93 157
93 176
93 182
93 190
93 191
93 197
93 199
93 201
93 204
93 209
93 216
93 232
93 250
93 254
93 269
94 92
94 97
94 110
94 115
94 131
94 151
94 156
94 176
94 182
94 190
94 191
94 197
94 199
94 201
94 204
94 209
94 210
94 216
94 222
94 232
94 254
94 269
95 97
95 110
95 115
95 131
95 151
95 156
95 182
95 190
95 191
95 197
95 199
95 201
95 204
95 209
95 210
95 216
95 222
95 232
95 254
95 269
96 97
96 110
96 115
96 131
96 151
96 156
96 182
96 190
96 191
96 197
96 201
96 204
96 209
96 210
96 216
96 222
96 232
96 254
96 269
97 97
97 110
97 115
97 123
97 151
97 156
97 182
97 190
97 191
97 197
97 201
97 204
97 209
97 210
97 216
97 222
97 232
97 254
97 269
98 97
98 110
98 115
98 123
98 151
98 156
98 182
98 190
98 191
98 197
98 201
98 204
98 209
98 210
98 216
98 222
98 232
98 254
98 269
99 97
99 110
99 115
99 123
99 151
99 156
99 182
99 190
99 191
99 197
99 201
99 204
99 209
99 210
99 216
99 222
99 232
99 254
99 269
100 97
100 110
100 115
100 123
100 156
100 182
100 190
100 191
100 197
100 201
100 204
100 209
100 210
100 222
100 232
100 254
100 269
101 97
101 105
101 110
101 115
101 156
101 182
101 190
101 191
101 197
101 201
101 204
101 209
101 232
101 254
101 269
102 97
102 105
102 110
102 115
102 156
102 182
102 190
102 191
102 197
102 201
102 204
102 209
102 232
102 254
102 269
103 97
103 105
103 110
103 115
103 156
103 182
103 190
103 191
103 197
103 201
103 204
103 209
103 232
103 254
103 269
104 105
104 115
104 156
104 191
104 197
104 201
104 209
104 232
104 254
104 269
105 105
105 115
105 117
105 127
105 140
105 156
105 161
105 191
105 197
105 201
105 209
105 232
105 269
106 105
106 115
106 117
106 121
106 127
106 129
106 135
106 140
106 156
106 158
106 161
106 191
106 197
106 201
106 209
106 232
106 269
107 105
107 115
107 117
107 121
107 127
107 129
107 135
107 140
107 156
107 158
107 161
107 191
107 197
107 201
107 209
107 232
107 269
108 105
108 115
108 117
108 121
108 127
108 129
108 135
108 140
108 156
108 158
108 161
108 191
108 197
108 201
108 209
108 232
108 269
109 105
109 115
109 117
109 121
109 127
109 129
109 135
109 140
109 156
109 158
109 161
109 191
109 197
109 209
109 232
109 269
110 105
110 115
110 117
110 121
110 127
110 129
110 135
110 140
110 156
110 158
110 161
110 191
110 197
110 232
110 269
111 105
111 115
111 117
111 121
111 127
111 129
111 135
111 140
111 156
111 158
111 161
111 191
111 197
111 269
112 105
112 115
112 117
112 121
112 127
112 129
112 135
112 140
112 156
112 158
112 161
112 191
112 197
112 269
113 105
113 117
113 121
113 127
113 129
113 135
113 140
113 156
113 158
113 161
113 191
113 197
113 269
114 117
114 121
114 127
114 129
114 135
114 140
114 156
114 158
114 161
114 169
114 191
114 197
114 206
114 269
115 117
115 121
115 127
115 129
115 135
115 140
115 156
115 158
115 161
115 169
115 191
115 197
115 206
115 269
116 117
116 121
116 127
116 129
116 135
116 140
116 156
116 158
116 161
116 169
116 191
116 197
116 206
116 269
117 117
117 121
117 127
117 129
117 135
117 140
117 156
117 158
117 161
117 169
117 191
117 197
117 206
117 269
118 117
118 121
118 127
118 129
118 135
118 140
118 155
118 156
118 161
118 169
118 191
118 197
118 206
118 269
119 117
119 121
119 127
119 129
119 135
119 140
119 155
119 156
119 161
119 169
119 191
119 197
119 206
119 269
120 121
120 135
120 140
120 155
120 156
120 169
120 191
120 197
120 206
120 241
120 269
121 121
121 135
121 144
121 155
121 156
121 169
121 170
121 191
121 197
121 206
121 241
121 247
121 269
122 121
122 135
122 144
122 155
122 156
122 169
122 170
122 191
122 197
122 206
122 241
122 247
122 269
123 121
123 135
123 144
123 155
123 156
123 169
123 170
123 191
123 197
123 206
123 241
123 247
123 269
124 121
124 135
124 144
124 155
124 156
124 169
124 170
124 191
124 197
124 206
124 241
124 247
124 269
125 121
125 135
125 144
125 155
125 156
125 169
125 170
125 191
125 197
125 206
125 241
125 247
125 249
125 260
125 264
125 269
126 121
126 135
126 144
126 155
126 156
126 169
126 170
126 191
126 197
126 206
126 241
126 247
126 249
126 260
126 264
126 269
127 121
127 135
127 144
127 155
127 156
127 169
127 170
127 191
127 197
127 206
127 241
127 247
127 249
127 260
127 264
127 269
128 121
128 135
128 155
128 156
128 169
128 170
128 197
128 206
128 217
128 247
128 249
128 264
128 269
129 121
129 135
129 155
129 169
129 170
129 197
129 206
129 217
129 247
129 249
129 264
129 269
130 121
130 135
130 155
130 169
130 170
130 177
130 197
130 206
130 217
130 247
130 249
130 264
130 269
131 121
131 135
131 155
131 169
131 170
131 177
131 197
131 217
131 247
131 249
131 269
132 121
132 135
132 155
132 167
132 169
132 170
132 177
132 197
132 217
132 247
132 249
132 269
133 135
133 155
133 167
133 169
133 170
133 177
133 197
133 217
133 247
133 249
133 269
134 135
134 155
134 167
134 170
134 177
134 197
134 217
134 247
134 249
134 269
135 135
135 155
135 167
135 170
135 177
135 213
135 217
135 247
135 249
135 269
136 135
136 155
136 167
136 170
136 177
136 213
136 217
136 247
136 249
136 269
137 135
137 155
137 167
137 170
137 177
137 213
137 217
137 247
137 249
137 269
138 135
138 155
138 167
138 170
138 177
138 186
138 213
138 217
138 247
138 249
138 269
139 135
139 152
139 155
139 167
139 170
139 177
139 186
139 187
139 213
139 217
139 247
139 249
140 135
140 152
140 155
140 167
140 170
140 177
140 186
140 187
140 213
140 217
140 247
140 249
141 152
141 155
141 167
141 170
141 177
141 186
141 213
141 217
141 247
141 249
142 152
142 155
142 167
142 170
142 177
142 186
142 213
142 217
142 247
142 249
142 273
142 278
143 152
143 162
143 167
143 170
143 177
143 186
143 213
143 217
143 247
143 249
143 256
143 273
143 278
144 152
144 162
144 167
144 170
144 177
144 186
144 213
144 217
144 249
144 256
144 273
144 278
145 152
145 162
145 167
145 170
145 177
145 186
145 213
145 217
145 249
145 256
145 273
145 278
146 152
146 162
146 167
146 170
146 177
146 186
146 213
146 217
146 249
146 256
146 273
146 278
147 152
147 162
147 167
147 170
147 171
147 177
147 186
147 213
147 217
147 220
147 249
147 256
147 273
147 278
148 162
148 167
148 170
148 171
148 177
148 186
148 207
148 213
148 217
148 220
148 249
148 256
148 273
148 278
148 280
149 162
149 167
149 170
149 171
149 177
149 186
149 207
149 213
149 217
149 220
149 249
149 256
149 273
149 278
149 280
150 162
150 167
150 171
150 177
150 186
150 207
150 213
150 217
150 220
150 243
150 249
150 256
150 273
150 276
150 278
150 280
151 162
151 167
151 171
151 177
151 186
151 207
151 213
151 217
151 220
151 243
151 249
151 256
151 273
151 276
151 278
151 280
152 162
152 167
152 171
152 177
152 186
152 207
152 213
152 217
152 220
152 243
152 249
152 251
152 256
152 273
152 276
152 278
152 280
153 162
153 171
153 186
153 207
153 213
153 217
153 220
153 243
153 249
153 251
153 256
153 273
153 276
153 278
153 282
154 162
154 163
154 171
154 186
154 200
154 207
154 213
154 217
154 220
154 243
154 249
154 251
154 256
154 273
154 278
154 282
155 162
155 163
155 171
155 186
155 200
155 207
155 213
155 217
155 220
155 234
155 243
155 249
155 251
155 256
155 273
155 278
155 282
156 162
156 163
156 171
156 186
156 200
156 207
156 213
156 217
156 220
156 234
156 243
156 249
156 251
156 256
156 273
156 282
157 162
157 163
157 171
157 186
157 195
157 200
157 207
157 213
157 217
157 220
157 234
157 236
157 243
157 249
157 256
157 273
157 282
158 162
158 163
158 171
158 186
158 195
158 200
158 207
158 213
158 217
158 220
158 234
158 236
158 243
158 249
158 256
158 273
158 282
159 162
159 171
159 186
159 195
159 200
159 207
159 213
159 217
159 234
159 236
159 243
159 249
159 256
159 273
159 282
160 171
160 186
160 195
160 200
160 207
160 208
160 213
160 214
160 217
160 234
160 236
160 243
160 249
160 256
160 273
160 282
161 171
161 186
161 195
161 200
161 207
161 208
161 213
161 214
161 217
161 236
161 243
161 249
161 256
161 273
161 282
162 171
162 186
162 195
162 200
162 207
162 208
162 213
162 214
162 217
162 236
162 240
162 243
162 249
162 256
162 273
162 282
163 171
163 186
163 195
163 200
163 207
163 208
163 213
163 214
163 217
163 236
163 240
163 243
163 249
163 256
163 273
163 282
164 171
164 186
164 195
164 200
164 207
164 208
164 213
164 214
164 217
164 236
164 240
164 243
164 249
164 256
164 273
164 282
165 171
165 173
165 186
165 195
165 207
165 208
165 213
165 217
165 228
165 236
165 240
165 243
165 249
165 273
165 282
166 171
166 173
166 186
166 195
166 207
166 208
166 213
166 217
166 228
166 236
166 243
166 249
166 273
166 282
167 171
167 186
167 195
167 207
167 208
167 213
167 226
167 228
167 236
167 243
167 249
167 273
167 282
168 171
168 186
168 195
168 207
168 208
168 213
168 226
168 228
168 236
168 243
168 249
168 273
168 282
169 171
169 186
169 195
169 207
169 208
169 213
169 226
169 228
169 236
169 243
169 249
169 255
169 273
169 282
170 171
170 186
170 207
170 208
170 213
170 224
170 226
170 228
170 236
170 249
170 255
170 273
171 171
171 184
171 186
171 207
171 208
171 213
171 224
171 226
171 236
171 249
171 255
171 273
172 171
172 184
172 186
172 207
172 208
172 213
172 224
172 226
172 236
172 249
172 255
172 273
173 171
173 184
173 186
173 188
173 207
173 208
173 213
173 224
173 226
173 236
173 249
173 255
173 273
174 184
174 186
174 188
174 208
174 213
174 226
174 236
174 249
174 255
174 273
175 179
175 186
175 188
175 208
175 213
175 226
175 236
175 255
175 273
176 179
176 186
176 188
176 208
176 211
176 213
176 226
176 236
176 255
176 273
177 179
177 186
177 188
177 208
177 213
177 226
177 236
177 255
177 273
178 179
178 188
178 208
178 213
178 226
178 236
178 255
178 273
179 179
179 188
179 192
179 208
179 213
179 226
179 236
179 255
179 273
180 179
180 188
180 192
180 208
180 213
180 226
180 236
180 255
181 179
181 188
181 192
181 208
181 213
181 226
181 236
181 255
182 179
182 188
182 192
182 208
182 213
182 226
182 236
182 255
183 188
183 203
183 208
183 213
183 226
183 236
183 255
184 188
184 203
184 208
184 213
184 219
184 226
184 236
184 255
185 188
185 203
185 208
185 213
185 219
185 226
185 236
185 255
186 188
186 203
186 208
186 213
186 219
186 226
186 236
186 255
187 188
187 203
187 208
187 213
187 219
187 226
187 236
187 255
188 188
188 203
188 208
188 213
188 219
188 226
188 236
188 255
189 188
189 198
189 203
189 208
189 213
189 219
189 226
189 236
189 255
190 198
190 203
190 208
190 213
190 219
190 226
190 236
190 255
191 198
191 203
191 208
191 213
191 219
191 226
191 236
191 255
192 198
192 203
192 208
192 213
192 219
192 226
192 236
192 255
193 198
193 203
193 208
193 213
193 219
193 226
193 236
193 255
194 198
194 203
194 208
194 213
194 226
194 236
194 255
195 203
195 208
195 226
195 233
195 236
195 239
195 255
196 203
196 208
196 226
196 230
196 233
196 236
196 239
196 255
197 203
197 208
197 226
197 230
197 233
197 236
197 239
197 255
198 203
198 208
198 226
198 230
198 233
198 236
198 239
198 255
199 203
199 208
199 226
199 230
199 233
199 236
199 239
199 255
200 203
200 208
200 230
200 233
200 236
200 239
201 208
201 230
201 233
201 236
201 239
202 208
202 230
202 233
202 236
202 239
203 230
203 233
203 239
204 230
204 233
204 239
205 230
205 233
205 239
206 230
206 233
207 230
207 233
208 230
208 233
209 230
209 233
210 233
211 233
212 233
213 233
214 233
227 267
228 267
228 272
229 267
229 272
230 267
230 272
231 267
231 272
232 267
232 272
233 267
233 272
234 267
234 272
235 267
235 272
236 267
236 272
237 267
237 272
238 267
238 272
239 267
240 267
241 267
254 266
255 266
256 266
256 275
257 266
257 275
257 283
258 266
258 275
258 283
259 266
259 275
259 283
260 266
260 275
260 283
261 266
261 275
261 283
262 266
262 270
262 275
262 283
263 266
263 270
263 275
263 283
264 266
264 270
264 275
264 283
265 270
265 275
265 283
266 270
266 275
266 283
267 270
267 275
267 283
268 270
268 283
269 270
269 283
270 270
270 283
271 270
271 283
272 270
272 283
273 270
273 283
274 270
274 283
275 283
276 283
277 283
278 283
279 283
280 283
281 283
282 283
283 283
284 283
