0 7
0 8
0 95
0 138
1 10
1 30
1 40
1 52
1 54
1 59
1 92
1 95
1 123
1 169
2 30
2 40
2 52
2 54
2 57
2 59
2 69
2 95
2 123
2 134
2 169
3 28
3 30
3 40
3 52
3 54
3 57
3 69
3 95
3 123
3 134
3 169
3 183
3 224
4 28
4 30
4 54
4 57
4 69
4 95
4 123
4 134
4 169
4 183
4 224
5 28
5 32
5 54
5 66
5 69
5 95
5 123
5 134
5 183
5 187
5 224
5 246
5 282
6 28
6 32
6 54
6 66
6 69
6 95
6 123
6 134
6 183
6 187
6 224
6 246
6 282
7 32
7 54
7 66
7 69
7 95
7 123
7 131
7 134
7 183
7 187
7 224
7 246
7 282
8 14
8 17
8 21
8 32
8 61
8 66
8 69
8 119
8 123
8 131
8 171
8 183
8 187
8 195
8 224
8 282
9 14
9 20
9 23
9 41
9 73
9 78
9 105
9 114
9 119
9 123
9 131
9 139
9 152
9 171
9 183
9 187
9 192
9 195
9 210
9 219
9 224
9 282
10 16
10 19
10 20
10 23
10 41
10 73
10 78
10 105
10 114
10 119
10 123
10 131
10 139
10 152
10 171
10 183
10 187
10 195
10 210
10 219
10 224
10 282
11 20
11 41
11 73
11 78
11 90
11 105
11 119
11 130
11 131
11 139
11 152
11 155
11 171
11 183
11 187
11 206
11 210
11 224
11 245
11 282
11 284
12 73
12 78
12 105
12 119
12 130
12 131
12 152
12 155
12 171
12 183
12 187
12 206
12 210
12 224
12 245
12 282
12 284
13 18
13 37
13 56
13 73
13 78
13 84
13 105
13 119
13 130
13 131
13 152
13 155
13 171
13 180
13 183
13 187
13 206
13 210
13 224
13 231
13 245
13 282
13 284
14 18
14 37
14 51
14 56
14 72
14 73
14 84
14 105
14 130
14 131
14 152
14 155
14 171
14 180
14 183
14 184
14 187
14 206
14 210
14 224
14 231
14 245
14 282
14 284
15 18
15 37
15 51
15 56
15 72
15 73
15 84
15 105
15 130
15 131
15 152
15 155
15 171
15 180
15 183
15 184
15 187
15 206
15 210
15 224
15 231
15 245
15 282
15 284
16 26
16 37
16 46
16 51
16 56
16 72
16 73
16 84
16 105
16 130
16 131
16 152
16 155
16 171
16 180
16 183
16 184
16 187
16 206
16 210
16 224
16 231
16 245
16 282
16 284
17 25
17 37
17 51
17 72
17 75
17 84
17 105
17 121
17 130
17 131
17 152
17 155
17 171
17 183
17 184
17 187
17 206
17 210
17 224
17 231
17 245
17 282
18 25
18 37
18 51
18 68
18 75
18 105
18 121
18 130
18 152
18 155
18 171
18 183
18 187
18 206
18 210
18 224
18 231
18 245
18 282
19 22
19 37
19 51
19 68
19 75
19 105
19 121
19 130
19 152
19 155
19 171
19 183
19 187
19 206
19 210
19 224
19 231
19 245
19 282
20 22
20 51
20 63
20 67
20 68
20 75
20 86
20 105
20 107
20 121
20 130
20 137
20 152
20 155
20 171
20 187
20 206
20 224
20 231
20 245
20 282
21 22
21 39
21 50
21 63
21 75
21 86
21 87
21 105
21 107
21 121
21 130
21 155
21 174
21 182
21 197
21 206
21 224
21 231
21 245
21 282
22 22
22 39
22 50
22 75
22 82
22 86
22 87
22 105
22 107
22 121
22 124
22 130
22 155
22 174
22 182
22 197
22 199
22 224
22 231
22 245
23 39
23 50
23 82
23 86
23 105
23 107
23 121
23 124
23 130
23 155
23 174
23 182
23 197
23 199
23 224
23 231
23 245
24 55
24 82
24 86
24 97
24 105
24 107
24 121
24 124
24 130
24 155
24 174
24 182
24 197
24 199
24 231
24 245
25 55
25 82
25 97
25 105
25 107
25 108
25 121
25 124
25 155
25 174
25 182
25 197
25 199
25 231
25 245
26 33
26 34
26 80
26 97
26 105
26 107
26 108
26 121
26 124
26 174
26 182
26 199
26 231
26 245
26 281
27 34
27 36
27 38
27 76
27 80
27 103
27 105
27 107
27 108
27 121
27 124
27 166
27 174
27 182
27 189
27 199
27 220
27 231
27 236
27 245
27 281
28 34
28 36
28 38
28 71
28 80
28 103
28 105
28 107
28 108
28 121
28 124
28 174
28 182
28 189
28 199
28 207
28 220
28 231
28 234
28 236
28 245
28 275
28 281
29 31
29 34
29 36
29 47
29 58
29 71
29 80
29 96
29 103
29 105
29 107
29 108
29 121
29 124
29 174
29 182
29 189
29 207
29 220
29 228
29 231
29 234
29 245
29 275
29 281
30 31
30 34
30 36
30 47
30 58
30 71
30 80
30 96
30 103
30 105
30 107
30 108
30 124
30 174
30 182
30 189
30 207
30 218
30 220
30 223
30 228
30 231
30 234
30 245
30 263
30 275
30 281
31 31
31 34
31 36
31 58
31 60
31 62
31 80
31 96
31 105
31 107
31 108
31 124
31 174
31 182
31 189
31 207
31 218
31 220
31 223
31 228
31 231
31 234
31 245
31 263
31 275
31 281
31 283
32 31
32 34
32 60
32 62
32 80
32 96
32 105
32 107
32 108
32 124
32 174
32 182
32 189
32 207
32 218
32 220
32 223
32 228
32 231
32 234
32 245
32 263
32 275
32 281
32 283
33 31
33 34
33 60
33 62
33 96
33 99
33 105
33 108
33 124
33 158
33 174
33 182
33 189
33 207
33 218
33 220
33 231
33 234
33 245
33 263
33 275
33 281
33 283
34 34
34 60
34 62
34 96
34 99
34 105
34 108
34 124
34 158
34 174
34 182
34 189
34 207
34 218
34 220
34 231
34 234
34 245
34 263
34 275
34 281
34 283
35 34
35 60
35 62
35 96
35 99
35 105
35 108
35 124
35 158
35 174
35 182
35 189
35 207
35 218
35 220
35 231
35 234
35 245
35 263
35 275
35 281
35 283
36 62
36 99
36 105
36 108
36 174
36 182
36 189
36 207
36 218
36 220
36 231
36 234
36 245
36 263
36 275
36 281
36 283
37 48
37 99
37 101
37 102
37 105
37 108
37 174
37 182
37 207
37 218
37 220
37 226
37 231
37 234
37 275
37 281
37 283
38 99
38 101
38 102
38 105
38 108
38 174
38 182
38 207
38 218
38 220
38 226
38 231
38 234
38 275
38 281
39 99
39 101
39 102
39 105
39 108
39 174
39 182
39 207
39 218
39 220
39 226
39 231
39 234
39 275
39 281
40 70
40 99
40 101
40 102
40 108
40 174
40 182
40 207
40 220
40 226
40 234
40 275
40 281
41 70
41 99
41 101
41 102
41 108
41 174
41 182
41 207
41 220
41 226
41 234
41 275
41 281
42 70
42 88
42 101
42 102
42 108
42 150
42 174
42 182
42 207
42 220
42 226
42 234
42 275
43 70
43 74
43 88
43 101
43 102
43 108
43 150
43 174
43 182
43 207
43 220
43 226
43 234
43 275
44 70
44 74
44 88
44 101
44 102
44 108
44 150
44 174
44 182
44 220
44 226
44 234
44 275
45 70
45 88
45 101
45 102
45 108
45 150
45 174
45 182
45 220
45 226
45 227
45 234
45 275
46 65
46 70
46 88
46 89
46 101
46 102
46 108
46 150
46 174
46 182
46 220
46 226
46 227
46 234
46 239
46 275
47 53
47 65
47 89
47 101
47 102
47 108
47 150
47 161
47 174
47 182
47 220
47 226
47 227
47 234
47 239
47 275
48 53
48 65
48 89
48 101
48 102
48 108
48 150
48 161
48 174
48 182
48 220
48 226
48 227
48 234
48 239
48 275
49 53
49 65
49 101
49 102
49 108
49 150
49 161
49 174
49 182
49 220
49 226
49 227
49 234
49 239
49 275
50 53
50 65
50 101
50 102
50 108
50 150
50 161
50 174
50 182
50 220
50 226
50 227
50 234
50 239
50 275
51 77
51 102
51 108
51 146
51 150
51 161
51 174
51 182
51 226
51 227
51 234
51 239
51 253
51 275
52 102
52 108
52 146
52 150
52 161
52 174
52 182
52 226
52 227
52 234
52 239
52 253
52 275
53 79
53 102
53 108
53 125
53 146
53 150
53 161
53 174
53 182
53 226
53 227
53 234
53 239
53 253
53 268
53 275
54 79
54 102
54 108
54 125
54 146
54 150
54 161
54 174
54 182
54 226
54 227
54 234
54 239
54 253
54 268
54 275
55 102
55 108
55 125
55 146
55 150
55 161
55 174
55 182
55 226
55 227
55 234
55 239
55 268
55 275
56 102
56 108
56 125
56 146
56 150
56 161
56 174
56 182
56 226
56 227
56 234
56 239
56 268
56 275
57 91
57 102
57 108
57 125
57 146
57 150
57 161
57 174
57 182
57 188
57 226
57 227
57 234
57 239
57 268
57 272
57 275
58 91
58 102
58 108
58 125
58 146
58 150
58 161
58 174
58 178
58 182
58 188
58 226
58 227
58 234
58 239
58 268
58 272
58 275
59 91
59 104
59 108
59 125
59 146
59 150
59 161
59 174
59 178
59 182
59 188
59 226
59 227
59 234
59 239
59 268
59 272
59 275
60 91
60 104
60 108
60 125
60 146
60 150
60 161
60 174
60 178
60 182
60 188
60 226
60 227
60 239
60 268
60 272
60 275
61 91
61 104
61 108
61 125
61 146
61 150
61 174
61 182
61 188
61 226
61 227
61 229
61 239
61 255
61 268
61 272
61 275
62 91
62 104
62 108
62 125
62 146
62 150
62 174
62 182
62 188
62 226
62 227
62 229
62 239
62 255
62 268
62 272
62 275
63 91
63 104
63 108
63 125
63 146
63 150
63 174
63 182
63 188
63 226
63 227
63 229
63 239
63 255
63 268
63 272
63 275
64 91
64 104
64 108
64 125
64 146
64 150
64 174
64 182
64 188
64 226
64 227
64 229
64 239
64 255
64 268
64 272
64 275
65 91
65 104
65 108
65 125
65 146
65 150
65 174
65 182
65 188
65 226
65 227
65 229
65 239
65 255
65 268
65 272
65 275
66 91
66 104
66 108
66 125
66 146
66 150
66 174
66 182
66 188
66 226
66 227
66 229
66 239
66 255
66 268
66 272
66 275
67 104
67 108
67 125
67 146
67 150
67 174
67 182
67 188
67 226
67 227
67 229
67 239
67 255
67 268
67 272
67 275
68 104
68 108
68 125
68 146
68 150
68 174
68 182
68 188
68 227
68 229
68 239
68 255
68 268
68 272
68 275
69 104
69 108
69 125
69 146
69 150
69 174
69 182
69 188
69 227
69 229
69 239
69 255
69 268
69 272
69 275
70 104
70 108
70 112
70 116
70 125
70 146
70 150
70 174
70 182
70 188
70 227
70 239
70 255
70 268
70 272
71 104
71 108
71 112
71 116
71 125
71 146
71 150
71 174
71 182
71 188
71 227
71 239
71 255
71 268
71 272
72 104
72 108
72 112
72 116
72 125
72 146
72 150
72 174
72 182
72 188
72 227
72 239
72 255
72 268
72 272
73 83
73 94
73 104
73 110
73 116
73 125
73 140
73 146
73 150
73 168
73 174
73 185
73 188
73 227
73 239
73 248
73 250
73 255
73 257
73 264
73 268
74 83
74 94
74 104
74 110
74 116
74 140
74 146
74 150
74 168
74 174
74 188
74 227
74 239
74 248
74 250
74 255
74 264
75 81
75 83
75 94
75 104
75 110
75 116
75 140
75 141
75 146
75 150
75 157
75 168
75 227
75 248
75 250
75 255
75 264
76 83
76 94
76 104
76 110
76 116
76 140
76 141
76 146
76 150
76 157
76 168
76 227
76 248
76 250
76 255
76 264
76 280
77 83
77 94
77 100
77 110
77 116
77 140
77 141
77 146
77 150
77 157
77 168
77 250
77 255
77 264
78 83
78 94
78 100
78 110
78 116
78 132
78 140
78 141
78 146
78 150
78 157
78 168
78 250
78 255
78 264
79 83
79 94
79 100
79 110
79 132
79 140
79 141
79 146
79 150
79 157
79 168
79 250
79 255
79 264
80 83
80 94
80 100
80 110
80 132
80 140
80 141
80 146
80 150
80 159
80 168
80 250
80 255
80 264
81 83
81 94
81 100
81 110
81 132
81 141
81 146
81 150
81 159
81 168
81 250
81 255
81 264
82 83
82 100
82 109
82 110
82 150
82 159
82 217
82 250
82 264
83 100
83 109
83 110
83 143
83 150
83 163
83 217
83 241
83 258
83 264
84 100
84 109
84 110
84 150
84 163
84 217
84 241
84 258
84 264
85 100
85 109
85 110
85 150
85 163
85 217
85 241
85 258
85 264
86 100
86 109
86 110
86 150
86 163
86 217
86 241
86 258
86 264
87 100
87 109
87 110
87 128
87 150
87 163
87 177
87 217
87 241
87 258
87 264
88 100
88 109
88 128
88 150
88 177
88 217
88 232
88 241
88 258
88 264
89 100
89 109
89 128
89 150
89 177
89 217
89 232
89 241
89 258
89 264
90 100
90 109
90 115
90 128
90 150
90 177
90 217
90 232
90 241
90 258
90 264
91 109
91 115
91 128
91 150
91 177
91 217
91 232
91 241
91 258
91 264
92 109
92 115
92 120
92 128
92 144
92 150
92 177
92 190
92 217
92 232
92 241
92 258
92 264
93 106
93 109
93 115
93 120
93 128
93 144
93 150
93 177
93 190
93 217
93 232
93 241
93 258
93 264
94 106
94 109
94 118
94 120
94 142
94 144
94 150
94 177
94 190
94 217
94 232
94 241
94 264
95 106
95 109
95 118
95 120
95 142
95 144
95 150
95 177
95 190
95 217
95 232
95 241
95 264
96 106
96 109
96 118
96 120
96 142
96 144
96 150
96 177
96 190
96 217
96 232
96 241
96 264
97 106
97 109
97 118
97 120
97 142
97 144
97 150
97 177
97 190
97 217
97 232
97 241
97 264
98 106
98 109
98 118
98 120
98 142
98 144
98 150
98 177
98 190
98 217
98 232
98 241
98 264
99 106
99 109
99 118
99 126
99 142
99 144
99 150
99 186
99 190
99 201
99 217
99 232
99 241
99 264
100 106
100 109
100 118
100 126
100 129
100 142
100 150
100 186
100 190
100 201
100 217
100 232
100 241
100 264
101 109
101 126
101 129
101 136
101 142
101 150
101 190
101 191
101 201
101 217
101 232
101 241
102 111
102 129
102 136
102 142
102 150
102 190
102 217
102 232
102 241
103 111
103 113
103 129
103 136
103 142
103 150
103 190
103 217
103 232
103 241
104 111
104 113
104 117
104 129
104 136
104 142
104 150
104 190
104 217
104 232
104 241
105 111
105 113
105 117
105 129
105 136
105 142
105 150
105 190
105 217
105 232
105 241
106 111
106 113
106 117
106 129
106 136
106 142
106 150
106 217
106 241
106 267
107 111
107 113
107 117
107 135
107 136
107 142
107 150
107 217
107 241
107 267
108 111
108 113
108 117
108 122
108 135
108 136
108 142
108 150
108 217
108 241
108 267
109 111
109 113
109 117
109 122
109 135
109 136
109 142
109 150
109 217
109 241
109 267
110 113
110 117
110 135
110 136
110 142
110 150
110 217
110 241
110 267
111 113
111 135
111 136
111 142
111 150
111 217
111 241
111 267
112 113
112 127
112 135
112 136
112 142
112 150
112 217
112 241
112 267
113 113
113 127
113 135
113 136
113 142
113 150
113 214
113 217
113 241
113 267
114 113
114 127
114 135
114 136
114 142
114 150
114 214
114 217
114 241
114 267
115 127
115 135
115 136
115 142
115 150
115 179
115 214
115 217
115 241
115 267
115 273
116 127
116 135
116 136
116 142
116 150
116 179
116 204
116 214
116 217
116 267
116 273
117 127
117 133
117 135
117 136
117 142
117 150
117 179
117 204
117 214
117 217
117 267
117 273
118 127
118 133
118 135
118 136
118 145
118 164
118 179
118 204
118 209
118 214
118 217
118 261
118 267
118 273
119 127
119 133
119 135
119 145
119 164
119 179
119 204
119 209
119 214
119 217
119 261
119 267
119 273
120 127
120 133
120 135
120 145
120 147
120 164
120 204
120 209
120 214
120 217
120 261
120 267
120 273
121 127
121 133
121 135
121 145
121 147
121 162
121 164
121 204
121 209
121 214
121 217
121 261
121 267
121 273
122 127
122 133
122 135
122 145
122 147
122 164
122 204
122 209
122 217
122 261
122 267
122 273
123 127
123 133
123 135
123 145
123 147
123 164
123 204
123 209
123 217
123 261
123 267
123 273
124 127
124 133
124 135
124 145
124 147
124 164
124 204
124 209
124 217
124 261
124 267
124 273
125 127
125 133
125 145
125 147
125 164
125 204
125 209
125 217
125 261
125 267
125 273
126 127
126 133
126 145
126 147
126 164
126 204
126 209
126 217
126 261
126 267
126 273
127 127
127 133
127 145
127 147
127 164
127 204
127 209
127 217
127 261
127 267
127 273
128 127
128 145
128 147
128 149
128 156
128 204
128 209
128 213
128 242
128 247
128 254
128 261
128 267
128 273
128 277
129 127
129 145
129 147
129 149
129 156
129 202
129 204
129 209
129 213
129 222
129 242
129 247
129 254
129 261
129 267
129 273
130 127
130 145
130 147
130 149
130 156
130 202
130 204
130 209
130 213
130 222
130 242
130 247
130 254
130 261
130 267
130 273
131 127
131 145
131 147
131 149
131 167
131 173
131 198
131 202
131 204
131 209
131 213
131 222
131 242
131 247
131 254
131 261
131 266
131 267
131 273
132 127
132 145
132 147
132 149
132 167
132 173
132 198
132 202
132 204
132 209
132 213
132 222
132 242
132 247
132 254
132 261
132 267
132 273
133 127
133 145
133 147
133 149
133 167
133 170
133 173
133 198
133 202
133 204
133 209
133 213
133 222
133 242
133 247
133 254
133 261
133 267
133 273
134 127
134 145
134 147
134 149
134 167
134 170
134 173
134 198
134 202
134 204
134 209
134 213
134 222
134 242
134 247
134 254
134 261
134 267
134 273
135 127
135 145
135 147
135 149
135 167
135 170
135 173
135 198
135 202
135 204
135 209
135 213
135 222
135 242
135 247
135 254
135 261
135 267
135 273
136 147
136 149
136 160
136 167
136 170
136 204
136 209
136 212
136 213
136 222
136 240
136 242
136 247
136 261
136 267
136 273
137 149
137 160
137 167
137 170
137 205
137 212
137 213
137 222
137 240
137 242
137 247
137 261
137 267
137 273
138 149
138 160
138 167
138 170
138 205
138 212
138 213
138 222
138 240
138 242
138 247
138 261
138 267
138 273
139 149
139 160
139 167
139 170
139 205
139 212
139 213
139 222
139 240
139 242
139 247
139 261
139 267
139 273
140 160
140 167
140 170
140 205
140 212
140 213
140 222
140 240
140 242
140 247
140 261
140 267
140 273
141 170
141 194
141 205
141 212
141 222
141 240
141 242
141 261
141 273
142 170
142 194
142 205
142 212
142 222
142 240
142 242
142 261
142 273
142 276
143 170
143 194
143 205
143 212
143 222
143 240
143 242
143 251
143 261
143 265
143 273
143 276
144 170
144 194
144 205
144 212
144 222
144 240
144 242
144 251
144 261
144 265
144 273
144 276
145 170
145 194
145 205
145 212
145 222
145 240
145 242
145 251
145 261
145 265
145 273
145 276
146 151
146 170
146 175
146 194
146 205
146 212
146 222
146 240
146 242
146 251
146 261
146 276
147 151
147 170
147 175
147 194
147 205
147 212
147 222
147 240
147 242
147 251
147 261
147 276
148 151
148 170
148 175
148 194
148 205
148 212
148 222
148 240
148 242
148 251
148 261
148 276
149 151
149 170
149 175
149 194
149 205
149 212
149 222
149 240
149 242
149 251
149 261
149 276
150 175
150 194
150 205
150 212
150 222
150 240
150 242
150 251
150 259
150 261
151 175
151 194
151 200
151 205
151 212
151 222
151 240
151 242
151 251
151 259
151 261
152 175
152 194
152 200
152 205
152 212
152 222
152 240
152 242
152 251
152 259
152 261
153 175
153 194
153 200
153 205
153 212
153 222
153 240
153 242
153 251
153 259
153 261
154 175
154 194
154 200
154 205
154 212
154 222
154 240
154 242
154 251
154 259
154 261
155 175
155 176
155 194
155 196
155 205
155 212
155 222
155 233
155 240
155 242
155 251
155 259
155 261
156 175
156 176
156 194
156 205
156 212
156 222
156 233
156 240
156 242
156 251
156 259
156 261
157 175
157 176
157 194
157 205
157 222
157 233
157 240
157 251
157 259
157 261
158 175
158 176
158 194
158 205
158 222
158 233
158 237
158 240
158 251
158 259
158 261
159 175
159 176
159 194
159 205
159 211
159 222
159 233
159 237
159 240
159 251
159 259
159 261
160 175
160 176
160 194
160 205
160 211
160 222
160 233
160 237
160 240
160 251
160 259
160 261
161 175
161 176
161 205
161 211
161 222
161 233
161 237
161 240
161 251
161 259
161 261
162 175
162 176
162 205
162 208
162 211
162 222
162 233
162 237
162 240
162 251
162 259
162 261
163 175
163 176
163 205
163 208
163 211
163 222
163 233
163 237
163 240
163 251
163 259
163 261
164 175
164 176
164 205
164 208
164 211
164 222
164 233
164 237
164 240
164 251
164 259
164 261
165 175
165 176
165 205
165 208
165 211
165 222
165 233
165 237
165 240
165 251
165 259
165 261
166 172
166 175
166 176
166 205
166 208
166 211
166 222
166 233
166 235
166 240
166 251
166 259
166 261
167 172
167 175
167 176
167 205
167 208
167 211
167 222
167 230
167 233
167 235
167 240
167 251
167 259
167 261
168 172
168 175
168 176
168 203
168 205
168 208
168 211
168 222
168 230
168 235
168 240
168 251
168 259
168 261
169 172
169 175
169 176
169 203
169 205
169 208
169 211
169 222
169 230
169 235
169 240
169 251
169 259
169 261
170 172
170 175
170 176
170 203
170 205
170 208
170 211
170 222
170 230
170 235
170 240
170 251
170 259
170 261
171 172
171 175
171 176
171 181
171 203
171 205
171 211
171 222
171 230
171 235
171 240
171 259
171 261
172 175
172 176
172 181
172 203
172 205
172 211
172 222
172 230
172 235
172 259
172 261
172 269
173 176
173 181
173 193
173 205
173 222
173 230
173 259
173 261
173 269
174 181
174 193
174 222
174 230
174 238
174 256
174 259
174 261
174 269
175 181
175 193
175 222
175 230
175 238
175 256
175 259
175 261
175 269
176 181
176 193
176 221
176 222
176 230
176 238
176 256
176 261
176 269
176 274
177 181
177 215
177 222
177 230
177 238
177 243
177 256
177 261
177 269
177 274
178 181
178 222
178 230
178 238
178 243
178 256
178 261
178 269
179 181
179 222
179 230
179 238
179 243
179 256
179 260
179 261
179 269
180 181
180 222
180 230
180 238
180 243
180 256
180 260
180 261
180 269
181 181
181 222
181 230
181 238
181 243
181 252
181 256
181 260
181 269
181 270
182 181
182 222
182 230
182 238
182 252
182 256
182 260
182 269
182 270
183 181
183 222
183 230
183 238
183 252
183 256
183 260
183 269
183 270
184 181
184 222
184 230
184 238
184 252
184 256
184 260
184 269
184 270
185 181
185 222
185 230
185 238
185 252
185 256
185 260
185 269
185 270
186 181
186 222
186 230
186 238
186 252
186 256
186 260
186 269
186 270
187 181
187 222
187 230
187 238
187 252
187 256
187 260
187 269
187 270
188 181
188 222
188 230
188 238
188 252
188 256
188 260
188 269
188 270
189 181
189 222
189 230
189 238
189 252
189 256
189 260
189 269
189 270
190 181
190 222
190 230
190 238
190 252
190 256
190 260
190 269
190 270
191 181
191 222
191 225
191 230
191 238
191 244
191 252
191 256
191 260
191 269
191 270
192 181
192 222
192 230
192 238
192 244
192 252
192 256
192 260
192 262
192 269
192 270
193 222
193 238
193 244
193 252
193 256
193 260
193 262
193 269
193 270
194 222
194 238
194 244
194 252
194 260
194 262
194 269
194 270
195 216
195 222
195 238
195 244
195 252
195 260
195 262
195 269
195 270
196 216
196 222
196 238
196 244
196 252
196 260
196 262
196 270
197 216
197 222
197 244
197 252
197 270
198 216
198 222
198 244
198 252
198 270
199 216
199 222
199 244
199 249
199 252
200 216
200 222
200 244
200 249
200 252
201 216
201 222
201 244
201 252
202 216
202 222
202 244
202 252
203 216
203 244
203 252
204 216
204 244
204 252
205 216
205 244
205 252
206 216
206 244
206 252
207 216
207 244
207 252
208 216
208 244
208 252
209 216
209 244
209 252
210 216
210 244
210 252
211 216
211 244
211 252
212 216
212 244
212 252
213 216
213 244
213 252
213 279
214 216
214 244
214 252
214 279
215 216
215 244
215 252
215 279
216 216
216 244
216 252
216 279
217 216
217 244
217 252
217 279
218 216
218 244
218 252
218 279
219 216
219 244
219 252
219 279
220 216
220 244
220 252
220 279
221 216
221 244
221 252
221 279
222 216
222 244
222 252
222 279
223 216
223 244
223 279
224 216
224 244
224 279
225 216
225 244
225 279
226 216
226 244
226 279
227 244
228 244
229 244
230 244
231 244
232 244
233 244
234 244
235 244
236 244
237 244
238 244
239 244
240 244
241 244
242 244
243 244
244 244
245 244
246 244
247 244
248 244
249 244
250 244
251 244
252 244
253 244
254 244
255 244
256 244
257 244
258 244
259 244
260 244
261 244
262 244
262 271
263 244
263 271
264 244
264 271
265 244
265 271
266 244
267 244
268 244
269 244
270 244
271 244
272 244
273 244
274 244
275 244
276 244
277 244
278 244
279 244
280 244
281 244
282 244
