0 53
1 2
1 52
1 53
1 139
2 52
2 53
2 139
3 15
3 18
3 29
3 41
3 52
3 53
3 139
3 170
4 12
4 15
4 18
4 29
4 41
4 52
4 53
4 132
4 139
4 144
4 170
4 204
5 15
5 41
5 45
5 52
5 53
5 132
5 139
5 144
5 170
5 204
6 9
6 24
6 41
6 45
6 53
6 104
6 105
6 110
6 132
6 139
6 144
6 170
6 204
7 10
7 14
7 22
7 33
7 35
7 41
7 59
7 60
7 63
7 90
7 104
7 105
7 110
7 132
7 139
7 170
7 203
7 204
8 13
8 16
8 22
8 32
8 33
8 35
8 59
8 60
8 63
8 90
8 91
8 98
8 104
8 105
8 106
8 110
8 132
8 139
8 170
8 203
8 204
9 32
9 33
9 35
9 59
9 60
9 63
9 90
9 91
9 97
9 98
9 104
9 106
9 110
9 132
9 139
9 149
9 170
9 200
9 203
9 204
10 26
10 28
10 30
10 32
10 35
10 42
10 50
10 59
10 63
10 64
10 90
10 92
10 97
10 98
10 104
10 106
10 139
10 149
10 170
10 172
10 191
10 200
10 203
10 204
11 26
11 28
11 42
11 43
11 50
11 59
11 63
11 70
11 92
11 97
11 98
11 122
11 139
11 170
11 172
11 191
11 200
11 203
11 219
11 246
12 26
12 28
12 42
12 43
12 50
12 59
12 63
12 70
12 81
12 92
12 98
12 122
12 139
12 170
12 172
12 200
12 203
12 219
12 246
13 28
13 42
13 43
13 50
13 59
13 63
13 70
13 81
13 92
13 98
13 122
13 139
13 170
13 172
13 180
13 200
13 203
13 219
14 28
14 42
14 43
14 50
14 59
14 63
14 70
14 81
14 92
14 98
14 122
14 139
14 170
14 172
14 180
14 200
14 203
14 219
15 28
15 42
15 43
15 50
15 59
15 63
15 70
15 81
15 92
15 98
15 122
15 139
15 170
15 172
15 180
15 200
15 203
15 219
16 23
16 34
16 43
16 70
16 81
16 92
16 98
16 139
16 170
16 172
16 180
16 200
16 203
16 219
16 274
17 23
17 34
17 43
17 70
17 81
17 92
17 98
17 139
17 170
17 172
17 180
17 200
17 203
17 219
17 274
18 23
18 34
18 43
18 70
18 81
18 92
18 98
18 139
18 170
18 172
18 180
18 200
18 203
18 219
18 274
19 34
19 70
19 81
19 86
19 98
19 100
19 118
19 121
19 129
19 139
19 170
19 172
19 200
19 203
19 212
19 219
19 274
20 70
20 81
20 86
20 93
20 96
20 98
20 129
20 172
20 200
20 203
20 209
20 212
20 219
20 245
20 274
21 27
21 68
21 70
21 81
21 86
21 88
21 93
21 96
21 129
21 140
21 143
21 145
21 172
21 200
21 202
21 203
21 209
21 212
21 219
21 245
21 274
22 27
22 68
22 70
22 81
22 86
22 88
22 93
22 96
22 129
22 140
22 143
22 145
22 172
22 200
22 202
22 203
22 209
22 212
22 219
22 245
22 274
23 27
23 46
23 55
23 58
23 71
23 81
23 86
23 88
23 93
23 96
23 102
23 112
23 129
23 143
23 172
23 200
23 202
23 203
23 209
23 212
23 219
23 245
23 263
23 269
23 274
24 27
24 46
24 55
24 58
24 71
24 81
24 86
24 88
24 93
24 96
24 102
24 112
24 129
24 143
24 172
24 200
24 202
24 203
24 209
24 212
24 219
24 245
24 263
24 269
24 274
25 27
25 36
25 46
25 55
25 61
25 65
25 71
25 81
25 88
25 93
25 96
25 102
25 112
25 129
25 143
25 172
25 200
25 202
25 203
25 209
25 212
25 219
25 223
25 245
25 263
25 269
25 274
26 27
26 36
26 40
26 55
26 56
26 65
26 69
26 71
26 81
26 88
26 93
26 96
26 99
26 102
26 112
26 143
26 172
26 200
26 202
26 203
26 209
26 212
26 219
26 223
26 245
26 263
26 269
26 274
26 280
27 27
27 40
27 55
27 56
27 65
27 69
27 71
27 72
27 81
27 88
27 93
27 96
27 99
27 102
27 112
27 143
27 172
27 200
27 202
27 203
27 209
27 212
27 219
27 223
27 245
27 263
27 269
27 274
27 280
28 27
28 31
28 40
28 44
28 49
28 55
28 56
28 65
28 69
28 72
28 81
28 88
28 93
28 96
28 99
28 102
28 112
28 143
28 172
28 196
28 200
28 202
28 209
28 212
28 219
28 223
28 269
28 274
28 280
29 31
29 40
29 44
29 49
29 56
29 65
29 69
29 72
29 73
29 81
29 88
29 93
29 96
29 99
29 102
29 112
29 143
29 172
29 193
29 196
29 200
29 202
29 209
29 212
29 219
29 223
29 269
29 274
29 280
30 31
30 44
30 49
30 56
30 65
30 69
30 72
30 79
30 80
30 81
30 88
30 93
30 99
30 102
30 112
30 143
30 172
30 193
30 196
30 198
30 200
30 202
30 209
30 212
30 219
30 223
30 269
30 274
30 280
31 31
31 39
31 44
31 47
31 56
31 65
31 69
31 72
31 79
31 80
31 81
31 93
31 99
31 102
31 112
31 143
31 172
31 193
31 198
31 200
31 202
31 209
31 212
31 219
31 223
31 269
31 274
31 280
32 31
32 39
32 44
32 47
32 56
32 65
32 69
32 72
32 79
32 80
32 81
32 93
32 99
32 102
32 112
32 143
32 172
32 193
32 198
32 200
32 202
32 209
32 212
32 219
32 223
32 269
32 274
32 280
33 31
33 39
33 44
33 47
33 56
33 65
33 69
33 72
33 79
33 81
33 93
33 99
33 102
33 112
33 143
33 172
33 193
33 198
33 200
33 202
33 209
33 212
33 219
33 223
33 269
33 274
33 280
34 31
34 39
34 47
34 56
34 69
34 72
34 79
34 81
34 93
34 99
34 102
34 112
34 143
34 172
34 193
34 198
34 200
34 202
34 209
34 212
34 219
34 223
34 269
34 274
34 280
35 39
35 47
35 54
35 56
35 69
35 72
35 79
35 81
35 93
35 99
35 102
35 112
35 143
35 172
35 193
35 198
35 200
35 202
35 209
35 212
35 219
35 269
35 274
36 39
36 47
36 54
36 56
36 69
36 72
36 79
36 81
36 93
36 99
36 102
36 112
36 143
36 172
36 193
36 198
36 200
36 202
36 209
36 212
36 219
36 269
36 274
37 39
37 47
37 54
37 56
37 69
37 72
37 79
37 81
37 93
37 99
37 102
37 112
37 143
37 172
37 193
37 198
37 200
37 202
37 209
37 212
37 219
37 269
37 274
38 39
38 47
38 54
38 56
38 72
38 93
38 95
38 99
38 102
38 127
38 143
38 151
38 156
38 172
38 175
38 193
38 198
38 199
38 200
38 202
38 212
38 219
38 256
38 269
38 271
38 274
39 39
39 56
39 67
39 93
39 95
39 102
39 127
39 143
39 151
39 156
39 172
39 174
39 175
39 186
39 193
39 198
39 199
39 200
39 212
39 219
39 256
39 269
39 271
39 274
40 39
40 51
40 67
40 84
40 93
40 95
40 143
40 151
40 156
40 172
40 174
40 175
40 186
40 193
40 199
40 208
40 212
40 219
40 228
40 256
40 269
40 271
40 274
41 39
41 51
41 67
41 84
41 93
41 143
41 151
41 156
41 172
41 174
41 175
41 186
41 193
41 199
41 208
41 212
41 219
41 228
41 256
41 269
41 271
41 274
42 39
42 51
42 67
42 84
42 93
42 143
42 151
42 156
42 172
42 174
42 175
42 186
42 193
42 199
42 208
42 212
42 219
42 228
42 269
42 271
42 274
43 39
43 51
43 84
43 93
43 109
43 126
43 143
43 151
43 156
43 172
43 174
43 175
43 186
43 193
43 199
43 208
43 212
43 219
43 228
43 269
43 271
43 274
44 39
44 51
44 84
44 93
44 109
44 126
44 143
44 151
44 156
44 172
44 174
44 175
44 186
44 193
44 199
44 208
44 212
44 219
44 228
44 269
44 271
44 274
45 39
45 51
45 93
45 109
45 126
45 143
45 151
45 156
45 172
45 174
45 175
45 186
45 193
45 199
45 208
45 212
45 219
45 228
45 269
45 271
45 274
46 75
46 93
46 126
46 143
46 148
46 151
46 156
46 172
46 173
46 174
46 186
46 193
46 199
46 208
46 212
46 219
46 228
46 269
46 271
46 274
47 66
47 75
47 126
47 143
47 148
47 151
47 156
47 172
47 173
47 174
47 178
47 186
47 193
47 199
47 208
47 212
47 219
47 228
47 269
47 271
47 274
48 66
48 75
48 126
48 143
48 148
48 151
48 154
48 156
48 172
48 173
48 174
48 178
48 186
48 193
48 199
48 208
48 212
48 219
48 228
48 269
48 271
48 274
49 66
49 75
49 126
49 143
49 148
49 151
49 154
49 156
49 172
49 173
49 174
49 178
49 186
49 193
49 199
49 208
49 212
49 219
49 228
49 269
49 271
49 274
50 66
50 75
50 126
50 143
50 148
50 151
50 156
50 166
50 173
50 178
50 186
50 193
50 199
50 208
50 212
50 219
50 228
50 247
50 269
50 271
50 274
51 57
51 66
51 75
51 126
51 143
51 148
51 151
51 156
51 166
51 173
51 178
51 186
51 193
51 199
51 208
51 212
51 219
51 228
51 247
51 269
51 271
51 274
52 57
52 66
52 75
52 126
52 143
52 148
52 151
52 156
52 166
52 173
52 178
52 186
52 192
52 193
52 199
52 208
52 212
52 219
52 228
52 247
52 269
52 271
52 274
53 57
53 66
53 75
53 82
53 126
53 143
53 148
53 151
53 156
53 166
53 173
53 178
53 186
53 192
53 193
53 199
53 208
53 212
53 219
53 228
53 247
53 269
53 271
53 274
54 57
54 62
54 66
54 82
54 126
54 143
54 148
54 151
54 156
54 166
54 173
54 178
54 186
54 192
54 193
54 199
54 208
54 212
54 219
54 228
54 247
54 269
54 271
54 274
55 57
55 62
55 66
55 82
55 126
55 143
55 148
55 151
55 156
55 166
55 178
55 186
55 192
55 193
55 199
55 208
55 212
55 219
55 228
55 247
55 269
55 271
55 274
56 57
56 62
56 82
56 124
56 142
56 143
56 148
56 151
56 166
56 171
56 176
56 178
56 186
56 192
56 193
56 199
56 208
56 212
56 219
56 228
56 247
56 269
56 271
56 274
57 57
57 62
57 76
57 82
57 108
57 124
57 142
57 143
57 148
57 151
57 171
57 176
57 178
57 186
57 192
57 193
57 199
57 208
57 212
57 228
57 247
57 269
57 271
57 274
58 57
58 62
58 76
58 82
58 103
58 108
58 124
58 136
58 142
58 143
58 148
58 151
58 171
58 176
58 178
58 192
58 193
58 208
58 228
58 247
58 269
58 271
58 274
59 74
59 103
59 107
59 124
59 128
59 148
59 151
59 171
59 176
59 178
59 192
59 193
59 208
59 228
59 242
59 247
59 253
59 269
59 274
60 74
60 101
60 103
60 107
60 113
60 124
60 128
60 147
60 151
60 171
60 176
60 178
60 190
60 192
60 193
60 208
60 218
60 228
60 247
60 253
60 269
61 74
61 101
61 103
61 107
61 113
61 123
61 124
61 128
61 137
61 147
61 151
61 171
61 176
61 192
61 193
61 208
61 218
61 228
61 247
61 253
61 269
61 281
62 74
62 101
62 103
62 107
62 113
62 120
62 124
62 128
62 137
62 151
62 171
62 176
62 192
62 193
62 208
62 218
62 228
62 253
62 269
62 281
63 74
63 101
63 103
63 120
63 128
63 137
63 151
63 171
63 192
63 208
63 220
63 228
63 253
63 269
63 281
64 74
64 101
64 103
64 120
64 128
64 137
64 151
64 171
64 192
64 208
64 220
64 228
64 253
64 269
64 281
65 74
65 87
65 101
65 103
65 128
65 137
65 151
65 171
65 192
65 208
65 220
65 228
65 253
65 269
65 281
66 74
66 87
66 101
66 103
66 128
66 137
66 151
66 167
66 171
66 192
66 208
66 220
66 228
66 253
66 269
66 281
67 74
67 83
67 87
67 101
67 103
67 128
67 134
67 137
67 151
67 167
67 171
67 192
67 208
67 211
67 220
67 228
67 253
67 269
67 281
68 74
68 83
68 87
68 101
68 128
68 134
68 137
68 151
68 167
68 171
68 192
68 208
68 211
68 220
68 228
68 253
68 281
69 74
69 83
69 101
69 128
69 134
69 137
69 151
69 167
69 171
69 192
69 208
69 211
69 220
69 228
69 253
69 273
69 281
70 74
70 83
70 101
70 128
70 134
70 137
70 151
70 167
70 171
70 208
70 211
70 220
70 222
70 228
70 253
70 273
70 281
71 83
71 101
71 128
71 134
71 137
71 151
71 167
71 171
71 208
71 211
71 220
71 222
71 228
71 253
71 273
71 281
72 83
72 101
72 128
72 134
72 137
72 150
72 151
72 167
72 171
72 208
72 211
72 220
72 222
72 228
72 253
72 273
72 281
73 83
73 101
73 128
73 134
73 137
73 141
73 150
73 161
73 171
73 208
73 211
73 220
73 222
73 228
73 253
73 273
74 83
74 128
74 134
74 137
74 141
74 150
74 161
74 171
74 208
74 211
74 220
74 222
74 228
74 253
74 273
75 83
75 128
75 134
75 137
75 141
75 150
75 161
75 171
75 208
75 211
75 220
75 222
75 228
75 253
75 273
76 83
76 128
76 134
76 137
76 141
76 150
76 161
76 171
76 208
76 211
76 220
76 222
76 228
76 244
76 253
76 273
77 83
77 128
77 137
77 141
77 150
77 161
77 171
77 208
77 220
77 222
77 228
77 244
77 253
77 273
78 83
78 128
78 137
78 141
78 150
78 161
78 171
78 208
78 220
78 222
78 228
78 244
78 253
78 273
79 83
79 128
79 137
79 141
79 150
79 161
79 171
79 179
79 208
79 220
79 222
79 233
79 244
79 253
79 273
80 83
80 128
80 137
80 141
80 150
80 161
80 171
80 179
80 208
80 220
80 222
80 233
80 244
80 253
80 273
81 83
81 128
81 137
81 141
81 150
81 161
81 171
81 179
81 208
81 220
81 222
81 233
81 244
81 253
81 273
82 85
82 128
82 137
82 141
82 150
82 161
82 171
82 179
82 208
82 220
82 222
82 233
82 244
82 253
82 273
83 85
83 128
83 137
83 141
83 150
83 161
83 171
83 179
83 208
83 220
83 222
83 233
83 244
83 273
84 128
84 137
84 141
84 150
84 161
84 171
84 179
84 208
84 220
84 222
84 233
84 244
84 273
85 137
85 150
85 161
85 171
85 179
85 208
85 220
85 222
85 233
85 244
85 273
86 119
86 137
86 150
86 161
86 171
86 179
86 208
86 220
86 222
86 233
86 244
86 273
87 119
87 125
87 150
87 155
87 163
87 171
87 179
87 208
87 222
87 233
87 244
87 273
87 276
88 119
88 125
88 155
88 163
88 171
88 179
88 208
88 222
88 233
88 244
88 273
88 276
89 114
89 119
89 125
89 155
89 163
89 171
89 179
89 208
89 222
89 233
89 244
89 273
89 276
90 114
90 119
90 125
90 155
90 163
90 171
90 179
90 208
90 222
90 233
90 244
90 273
90 276
91 125
91 155
91 157
91 171
91 179
91 189
91 208
91 222
91 233
91 244
91 273
91 276
92 125
92 155
92 157
92 171
92 179
92 189
92 208
92 222
92 233
92 244
92 273
92 276
93 125
93 155
93 157
93 171
93 179
93 189
93 208
93 222
93 233
93 244
93 273
93 276
94 125
94 133
94 155
94 157
94 171
94 179
94 189
94 208
94 222
94 233
94 244
94 273
94 276
95 125
95 133
95 155
95 157
95 171
95 179
95 189
95 208
95 222
95 233
95 244
95 273
95 276
96 125
96 131
96 133
96 155
96 157
96 165
96 171
96 179
96 187
96 189
96 208
96 233
96 244
96 273
96 276
97 125
97 133
97 155
97 157
97 171
97 179
97 187
97 189
97 208
97 221
97 233
97 244
97 265
97 273
97 276
98 125
98 133
98 155
98 157
98 171
98 179
98 187
98 189
98 208
98 221
98 233
98 244
98 265
98 273
98 276
99 125
99 133
99 155
99 157
99 171
99 179
99 187
99 189
99 208
99 221
99 233
99 244
99 265
99 273
99 276
100 125
100 133
100 155
100 157
100 171
100 187
100 189
100 194
100 208
100 232
100 233
100 244
100 265
100 273
100 276
100 279
101 111
101 125
101 133
101 155
101 157
101 187
101 189
101 194
101 208
101 232
101 233
101 244
101 265
101 273
101 276
101 279
102 111
102 125
102 133
102 155
102 157
102 187
102 189
102 194
102 208
102 232
102 233
102 244
102 265
102 273
102 276
102 279
103 111
103 125
103 133
103 155
103 157
103 183
103 187
103 189
103 194
103 208
103 232
103 233
103 244
103 265
103 273
103 276
103 279
104 111
104 125
104 133
104 155
104 157
104 164
104 183
104 187
104 189
104 194
104 208
104 232
104 233
104 244
104 265
104 273
104 276
104 279
105 111
105 125
105 133
105 135
105 155
105 157
105 164
105 183
105 187
105 189
105 194
105 208
105 232
105 233
105 244
105 265
105 273
105 276
105 279
106 125
106 133
106 135
106 138
106 155
106 157
106 164
106 183
106 187
106 189
106 194
106 208
106 227
106 232
106 233
106 244
106 250
106 265
106 273
106 276
106 279
107 125
107 133
107 135
107 138
107 155
107 157
107 164
107 183
107 187
107 189
107 194
107 208
107 227
107 232
107 233
107 244
107 250
107 265
107 273
107 276
107 279
108 125
108 133
108 135
108 138
108 155
108 157
108 162
108 164
108 183
108 187
108 189
108 208
108 227
108 232
108 233
108 244
108 250
108 265
108 268
108 273
108 276
108 279
109 116
109 125
109 130
109 133
109 135
109 138
109 155
109 157
109 164
109 183
109 187
109 189
109 208
109 217
109 227
109 232
109 233
109 244
109 250
109 265
109 268
109 273
109 276
109 279
110 116
110 125
110 130
110 135
110 138
110 153
110 155
110 157
110 182
110 183
110 187
110 189
110 208
110 217
110 227
110 231
110 232
110 233
110 244
110 250
110 268
110 273
110 276
110 279
111 116
111 125
111 130
111 135
111 138
111 146
111 153
111 155
111 157
111 182
111 183
111 187
111 189
111 208
111 217
111 227
111 231
111 232
111 233
111 244
111 250
111 268
111 273
111 276
111 279
112 116
112 125
112 130
112 135
112 138
112 146
112 153
112 155
112 157
112 182
112 183
112 187
112 189
112 208
112 217
112 227
112 231
112 232
112 233
112 244
112 250
112 268
112 273
112 276
112 279
113 130
113 135
113 138
113 146
113 153
113 155
113 157
113 182
113 183
113 187
113 189
113 208
113 217
113 227
113 231
113 232
113 233
113 244
113 250
113 268
113 273
113 276
113 279
114 130
114 135
114 138
114 146
114 153
114 155
114 157
114 182
114 183
114 187
114 189
114 208
114 217
114 227
114 231
114 232
114 233
114 244
114 250
114 268
114 273
114 276
114 279
115 130
115 135
115 138
115 146
115 153
115 155
115 157
115 182
115 183
115 187
115 208
115 217
115 227
115 231
115 232
115 233
115 244
115 250
115 268
115 273
115 276
115 279
116 130
116 135
116 138
116 146
116 153
116 155
116 182
116 183
116 187
116 208
116 217
116 227
116 231
116 232
116 233
116 244
116 250
116 268
116 273
116 276
116 279
117 130
117 135
117 138
117 146
117 153
117 155
117 182
117 183
117 187
117 208
117 217
117 227
117 231
117 232
117 233
117 236
117 244
117 250
117 268
117 273
117 276
117 279
118 130
118 135
118 138
118 146
118 153
118 155
118 160
118 182
118 183
118 187
118 208
118 217
118 227
118 231
118 232
118 233
118 236
118 244
118 250
118 268
118 273
118 276
118 279
119 130
119 135
119 138
119 146
119 153
119 155
119 160
119 177
119 182
119 183
119 187
119 206
119 208
119 217
119 227
119 231
119 232
119 233
119 236
119 244
119 250
119 268
119 273
119 276
119 279
120 130
120 135
120 138
120 146
120 153
120 155
120 160
120 177
120 182
120 183
120 187
120 206
120 208
120 217
120 227
120 231
120 232
120 233
120 236
120 244
120 250
120 268
120 273
120 276
120 279
121 130
121 135
121 138
121 146
121 153
121 155
121 160
121 177
121 182
121 183
121 187
121 206
121 208
121 217
121 227
121 231
121 232
121 233
121 236
121 244
121 250
121 268
121 273
121 276
121 279
122 130
122 135
122 138
122 146
122 153
122 160
122 177
122 182
122 183
122 187
122 206
122 208
122 217
122 227
122 231
122 232
122 233
122 236
122 244
122 250
122 268
122 273
122 275
122 276
122 279
123 130
123 135
123 138
123 153
123 160
123 177
123 182
123 187
123 206
123 217
123 227
123 231
123 233
123 236
123 244
123 250
123 268
123 273
123 275
123 276
123 279
124 130
124 135
124 138
124 153
124 160
124 177
124 182
124 187
124 206
124 217
124 227
124 231
124 233
124 236
124 241
124 244
124 250
124 268
124 273
124 275
124 276
124 279
125 130
125 135
125 138
125 153
125 160
125 177
125 182
125 187
125 206
125 217
125 227
125 231
125 233
125 236
125 241
125 244
125 250
125 268
125 273
125 275
125 276
125 279
126 130
126 135
126 138
126 153
126 160
126 177
126 182
126 187
126 206
126 217
126 227
126 231
126 233
126 236
126 244
126 250
126 268
126 273
126 275
126 276
126 279
127 130
127 153
127 160
127 177
127 182
127 187
127 206
127 217
127 227
127 231
127 233
127 236
127 250
127 268
127 273
127 275
127 276
127 279
128 130
128 153
128 160
128 177
128 206
128 217
128 227
128 231
128 233
128 236
128 250
128 268
128 275
128 276
128 279
129 130
129 206
129 227
129 231
129 233
129 236
129 238
129 268
129 275
129 276
129 279
130 130
130 206
130 227
130 231
130 233
130 236
130 238
130 268
130 275
130 276
130 279
131 130
131 206
131 227
131 231
131 233
131 236
131 238
131 268
131 275
131 276
131 279
132 130
132 206
132 227
132 231
132 233
132 236
132 238
132 268
132 275
132 276
132 279
133 130
133 206
133 227
133 231
133 233
133 236
133 238
133 268
133 275
133 276
133 279
134 130
134 206
134 227
134 231
134 233
134 236
134 238
134 268
134 275
134 276
134 279
135 130
135 206
135 227
135 231
135 233
135 236
135 238
135 268
135 275
135 276
135 279
136 130
136 201
136 206
136 227
136 231
136 233
136 236
136 238
136 268
136 275
136 276
136 279
137 130
137 206
137 227
137 231
137 233
137 236
137 238
137 268
137 276
137 279
138 130
138 206
138 227
138 231
138 233
138 236
138 238
138 268
138 276
138 279
139 185
139 206
139 227
139 231
139 233
139 236
139 238
139 268
139 276
139 279
140 159
140 185
140 206
140 216
140 227
140 231
140 233
140 236
140 238
140 268
140 276
140 279
141 152
141 159
141 206
141 216
141 224
141 227
141 231
141 233
141 236
141 238
141 268
141 276
141 279
141 282
142 152
142 159
142 206
142 216
142 224
142 227
142 231
142 233
142 236
142 238
142 268
142 276
142 279
142 282
143 152
143 159
143 206
143 216
143 224
143 227
143 231
143 233
143 236
143 238
143 268
143 276
143 279
143 282
144 152
144 159
144 205
144 206
144 216
144 224
144 227
144 231
144 233
144 236
144 238
144 268
144 276
144 279
145 152
145 159
145 205
145 206
145 216
145 224
145 227
145 231
145 233
145 236
145 238
145 268
145 276
145 279
146 152
146 159
146 205
146 206
146 216
146 224
146 227
146 231
146 233
146 236
146 238
146 262
146 268
146 276
146 279
147 152
147 159
147 205
147 206
147 216
147 224
147 227
147 231
147 233
147 236
147 238
147 262
147 268
147 276
147 279
148 152
148 159
148 205
148 206
148 216
148 224
148 227
148 231
148 233
148 236
148 238
148 262
148 268
148 276
148 279
149 152
149 159
149 206
149 216
149 224
149 231
149 233
149 236
149 238
149 262
149 268
149 276
149 279
150 152
150 159
150 206
150 216
150 224
150 231
150 233
150 238
150 262
150 268
150 276
150 279
151 152
151 159
151 206
151 216
151 224
151 231
151 233
151 238
151 262
151 268
151 276
151 279
152 159
152 206
152 216
152 224
152 231
152 233
152 238
152 262
152 268
152 276
152 279
153 159
153 206
153 216
153 233
153 238
153 262
153 276
153 279
154 159
154 206
154 216
154 233
154 238
154 262
154 276
154 279
155 159
155 206
155 216
155 233
155 238
155 262
155 276
155 279
156 159
156 169
156 206
156 216
156 233
156 238
156 262
156 276
156 279
157 159
157 169
157 206
157 216
157 230
157 233
157 238
157 262
157 276
157 279
158 159
158 169
158 206
158 216
158 230
158 233
158 238
158 262
158 276
158 279
159 159
159 168
159 195
159 207
159 216
159 230
159 233
159 238
159 262
159 276
159 284
160 168
160 195
160 207
160 216
160 230
160 238
160 240
160 262
160 266
160 276
161 168
161 195
161 207
161 216
161 225
161 229
161 230
161 237
161 238
161 240
161 257
161 262
161 266
161 276
162 168
162 195
162 207
162 216
162 225
162 229
162 230
162 237
162 238
162 240
162 257
162 262
162 266
162 276
163 168
163 195
163 207
163 216
163 225
163 229
163 230
163 237
163 238
163 240
163 257
163 262
163 266
163 276
164 168
164 195
164 207
164 216
164 225
164 229
164 230
164 237
164 238
164 240
164 257
164 262
164 266
164 276
165 168
165 195
165 207
165 216
165 225
165 229
165 230
165 237
165 238
165 240
165 257
165 262
165 266
165 276
166 168
166 195
166 207
166 216
166 225
166 229
166 230
166 237
166 238
166 240
166 257
166 262
166 266
166 276
167 168
167 195
167 207
167 216
167 225
167 229
167 237
167 238
167 240
167 257
167 262
167 266
167 276
168 168
168 195
168 207
168 216
168 225
168 229
168 237
168 238
168 240
168 257
168 262
168 266
168 276
169 168
169 195
169 207
169 216
169 225
169 229
169 235
169 237
169 238
169 240
169 257
169 262
169 266
169 276
170 168
170 195
170 207
170 215
170 216
170 225
170 229
170 235
170 237
170 240
170 257
170 262
170 266
170 276
171 168
171 195
171 197
171 207
171 214
171 215
171 216
171 225
171 229
171 235
171 237
171 239
171 240
171 257
171 262
171 266
171 276
172 168
172 197
172 207
172 214
172 215
172 216
172 225
172 229
172 235
172 239
172 240
172 257
172 262
172 266
173 168
173 197
173 207
173 214
173 215
173 216
173 225
173 229
173 235
173 239
173 240
173 257
173 262
173 266
174 168
174 197
174 207
174 214
174 215
174 216
174 225
174 229
174 235
174 239
174 240
174 257
174 262
174 266
175 168
175 197
175 207
175 214
175 215
175 216
175 225
175 229
175 235
175 239
175 240
175 257
175 262
175 266
176 168
176 197
176 207
176 214
176 215
176 216
176 225
176 235
176 239
176 240
176 262
176 266
177 168
177 197
177 207
177 214
177 215
177 216
177 225
177 235
177 239
177 240
177 262
177 266
178 168
178 197
178 207
178 214
178 215
178 216
178 225
178 235
178 239
178 240
178 262
178 266
179 184
179 188
179 197
179 207
179 215
179 216
179 225
179 235
179 239
179 240
179 248
179 249
179 262
179 266
180 184
180 188
180 197
180 207
180 215
180 216
180 225
180 235
180 239
180 240
180 248
180 249
180 262
180 266
181 184
181 188
181 197
181 207
181 215
181 216
181 225
181 235
181 239
181 240
181 248
181 249
181 262
181 266
182 184
182 188
182 197
182 207
182 215
182 216
182 225
182 235
182 239
182 240
182 248
182 249
182 266
183 184
183 197
183 207
183 215
183 216
183 225
183 235
183 239
183 240
183 248
183 249
183 266
184 197
184 207
184 215
184 216
184 225
184 235
184 239
184 240
184 248
184 249
184 266
184 272
185 197
185 207
185 215
185 216
185 225
185 235
185 239
185 240
185 248
185 249
185 266
185 272
186 197
186 215
186 216
186 225
186 235
186 240
186 248
186 249
186 266
186 272
187 197
187 215
187 216
187 225
187 235
187 240
187 249
187 266
187 272
188 197
188 215
188 216
188 225
188 235
188 240
188 249
188 266
188 272
189 197
189 215
189 216
189 225
189 235
189 240
189 249
189 252
189 266
189 272
190 197
190 215
190 216
190 225
190 240
190 249
190 252
190 266
190 272
191 197
191 215
191 216
191 225
191 240
191 249
191 252
191 266
191 272
192 197
192 210
192 215
192 216
192 240
192 249
192 252
192 266
192 272
193 197
193 210
193 215
193 216
193 240
193 249
193 252
193 266
193 272
194 197
194 210
194 215
194 216
194 240
194 249
194 252
194 272
195 197
195 210
195 215
195 216
195 240
195 249
195 252
195 272
196 197
196 210
196 215
196 216
196 240
196 249
196 252
196 272
197 197
197 210
197 215
197 216
197 240
197 252
197 272
198 197
198 210
198 215
198 216
198 240
198 272
199 197
199 210
199 215
199 216
199 272
200 197
200 210
200 215
200 216
200 272
201 197
201 210
201 215
201 216
201 272
202 197
202 210
202 215
202 216
202 272
203 197
203 210
203 215
203 216
203 272
204 197
204 210
204 215
204 216
204 272
205 197
205 210
205 215
205 216
205 272
206 197
206 210
206 213
206 215
206 216
206 255
206 272
207 197
207 210
207 213
207 215
207 216
207 255
207 272
208 197
208 213
208 215
208 272
209 213
209 215
209 234
209 272
210 213
210 215
210 234
211 213
211 215
211 234
212 213
212 215
212 234
213 213
213 215
213 234
214 213
214 215
214 234
214 264
215 213
215 215
215 234
215 264
216 213
216 215
216 234
216 264
217 213
217 215
217 234
217 264
218 213
218 215
218 234
218 264
218 267
219 213
219 215
219 234
219 243
219 264
219 267
220 215
220 234
220 243
220 264
221 215
221 234
221 243
221 264
222 215
222 234
222 243
222 264
223 215
223 234
223 243
223 264
224 215
224 234
224 243
224 264
224 277
224 283
225 215
225 234
225 243
225 258
225 264
225 283
226 215
226 234
226 243
226 258
226 264
226 283
227 215
227 234
227 243
227 258
227 264
227 283
228 215
228 234
228 243
228 258
228 264
228 283
229 234
229 243
229 251
229 258
229 259
229 283
230 234
230 243
230 251
230 258
230 259
230 283
231 234
231 243
231 251
231 254
231 258
232 234
232 243
232 251
232 254
232 258
233 234
233 243
233 251
233 254
233 258
234 234
234 243
234 251
234 254
234 258
235 234
235 251
235 254
235 258
236 234
236 251
236 254
236 258
237 251
237 254
237 258
237 278
238 251
238 254
238 258
238 278
239 251
239 258
239 278
240 251
240 258
240 278
241 251
241 258
241 278
242 251
242 278
243 251
243 278
244 251
244 278
245 251
245 278
246 251
246 261
246 278
247 251
247 261
247 278
248 251
248 261
248 278
249 251
249 261
249 278
250 251
250 270
250 278
251 270
251 278
252 270
252 278
253 270
253 278
254 270
254 278
255 270
255 278
256 270
256 278
257 270
257 278
258 270
258 278
259 270
259 278
260 270
260 278
261 270
261 278
262 270
262 278
263 270
263 278
264 270
264 278
265 270
265 278
266 270
266 278
267 270
267 278
268 270
268 278
269 270
269 278
270 270
270 278
271 270
271 278
272 270
272 278
273 270
273 278
274 270
274 278
275 270
275 278
276 270
276 278
277 270
277 278
278 270
278 278
279 270
279 278
280 270
280 278
281 270
281 278
282 270
282 278
283 270
283 278
284 270
284 278
