0 12
0 13
0 19
0 20
0 65
0 75
0 82
0 210
1 10
1 19
1 20
1 24
1 65
1 73
1 75
1 82
1 151
1 210
1 281
2 19
2 20
2 24
2 65
2 73
2 75
2 82
2 151
2 210
2 281
2 282
3 5
3 14
3 20
3 47
3 65
3 73
3 75
3 82
3 151
3 210
3 281
3 282
4 7
4 14
4 20
4 47
4 65
4 73
4 75
4 82
4 151
4 210
4 281
4 282
5 14
5 20
5 47
5 65
5 73
5 75
5 82
5 151
5 210
5 281
5 282
6 41
6 65
6 73
6 82
6 114
6 129
6 151
6 158
6 210
6 281
6 282
7 41
7 65
7 73
7 82
7 114
7 129
7 151
7 154
7 158
7 210
7 281
7 282
8 18
8 27
8 41
8 65
8 73
8 82
8 114
8 129
8 151
8 154
8 158
8 210
8 281
8 282
9 18
9 27
9 41
9 65
9 73
9 82
9 114
9 129
9 151
9 154
9 158
9 210
9 281
9 282
10 18
10 27
10 53
10 65
10 66
10 73
10 82
10 114
10 134
10 151
10 158
10 197
10 210
10 281
10 282
11 17
11 18
11 27
11 53
11 65
11 66
11 73
11 82
11 85
11 114
11 134
11 135
11 147
11 151
11 158
11 197
11 210
11 281
11 282
12 18
12 27
12 53
12 65
12 66
12 73
12 82
12 85
12 114
12 134
12 147
12 151
12 156
12 158
12 174
12 197
12 210
12 281
12 282
13 18
13 27
13 53
13 65
13 66
13 73
13 82
13 85
13 114
13 134
13 147
13 151
13 156
13 174
13 197
13 210
13 281
13 282
14 16
14 18
14 25
14 26
14 27
14 53
14 65
14 66
14 73
14 82
14 85
14 114
14 125
14 134
14 147
14 151
14 174
14 197
14 281
14 282
15 18
15 25
15 26
15 27
15 53
15 65
15 66
15 72
15 73
15 85
15 114
15 125
15 134
15 147
15 151
15 174
15 197
15 222
15 281
15 282
16 18
16 26
16 27
16 53
16 72
16 73
16 85
16 114
16 125
16 134
16 147
16 151
16 174
16 197
16 222
16 281
16 282
17 18
17 22
17 26
17 27
17 53
17 69
17 72
17 85
17 114
17 125
17 134
17 147
17 151
17 174
17 197
17 207
17 222
17 281
17 282
18 18
18 23
18 26
18 27
18 38
18 51
18 63
18 69
18 72
18 122
18 125
18 130
18 134
18 147
18 151
18 174
18 197
18 207
18 222
18 281
18 282
19 18
19 23
19 28
19 63
19 69
19 72
19 122
19 125
19 130
19 134
19 147
19 151
19 174
19 197
19 207
19 222
19 227
19 282
20 18
20 23
20 28
20 29
20 63
20 69
20 72
20 122
20 124
20 125
20 130
20 134
20 151
20 174
20 197
20 207
20 222
20 227
20 282
21 18
21 23
21 28
21 36
21 63
21 69
21 72
21 122
21 124
21 125
21 130
21 134
21 141
21 151
21 174
21 197
21 207
21 222
21 227
21 282
22 23
22 36
22 42
22 58
22 63
22 69
22 72
22 74
22 122
22 124
22 125
22 130
22 134
22 141
22 151
22 174
22 197
22 207
22 222
22 227
22 282
23 23
23 36
23 42
23 58
23 63
23 69
23 72
23 74
23 122
23 124
23 125
23 130
23 134
23 141
23 151
23 174
23 197
23 207
23 222
23 227
23 282
24 23
24 42
24 58
24 63
24 69
24 72
24 122
24 124
24 125
24 130
24 134
24 141
24 151
24 174
24 207
24 222
24 227
24 282
25 35
25 42
25 57
25 58
25 63
25 69
25 72
25 99
25 124
25 125
25 130
25 134
25 141
25 151
25 174
25 207
25 219
25 222
25 227
25 282
26 31
26 35
26 42
26 57
26 58
26 60
26 63
26 69
26 99
26 124
26 125
26 130
26 134
26 141
26 151
26 174
26 207
26 219
26 222
26 282
27 31
27 35
27 42
27 57
27 58
27 60
27 63
27 69
27 99
27 124
27 125
27 130
27 134
27 141
27 151
27 174
27 207
27 219
27 222
27 282
28 31
28 35
28 42
28 58
28 60
28 63
28 69
28 99
28 124
28 125
28 130
28 134
28 141
28 151
28 174
28 207
28 211
28 222
28 282
29 31
29 39
29 42
29 45
29 58
29 60
29 63
29 69
29 94
29 99
29 125
29 130
29 134
29 141
29 151
29 162
29 174
29 207
29 211
29 222
29 282
30 31
30 39
30 42
30 58
30 60
30 63
30 69
30 94
30 99
30 125
30 130
30 134
30 141
30 151
30 162
30 174
30 207
30 211
30 222
30 282
31 31
31 39
31 42
31 58
31 60
31 63
31 69
31 94
31 99
31 125
31 130
31 134
31 141
31 151
31 162
31 174
31 207
31 211
31 222
31 282
32 39
32 40
32 60
32 63
32 69
32 99
32 102
32 125
32 130
32 134
32 141
32 151
32 162
32 174
32 207
32 222
32 226
32 282
33 39
33 40
33 44
33 60
33 63
33 69
33 99
33 102
33 125
33 130
33 134
33 141
33 151
33 162
33 174
33 207
33 222
33 226
33 282
34 39
34 49
34 52
34 54
34 99
34 102
34 130
34 134
34 162
34 174
34 207
34 222
34 232
34 245
34 277
34 282
35 39
35 49
35 52
35 64
35 99
35 102
35 130
35 134
35 162
35 174
35 207
35 222
35 232
35 245
35 253
35 277
35 282
36 39
36 49
36 52
36 55
36 56
36 64
36 77
36 99
36 102
36 126
36 130
36 162
36 174
36 207
36 222
36 232
36 245
36 253
36 277
36 282
37 49
37 55
37 56
37 61
37 64
37 71
37 77
37 99
37 102
37 126
37 130
37 162
37 174
37 188
37 207
37 222
37 232
37 245
37 253
37 277
37 282
38 49
38 55
38 56
38 61
38 64
38 71
38 77
38 99
38 100
38 102
38 162
38 174
38 188
38 207
38 222
38 232
38 245
38 253
38 277
38 282
39 55
39 56
39 61
39 64
39 68
39 71
39 77
39 99
39 100
39 102
39 162
39 174
39 188
39 207
39 222
39 232
39 245
39 253
39 277
39 282
40 55
40 56
40 61
40 64
40 68
40 71
40 77
40 99
40 100
40 102
40 162
40 174
40 188
40 207
40 222
40 232
40 245
40 253
40 277
40 282
41 50
41 55
41 61
41 64
41 68
41 71
41 99
41 100
41 101
41 162
41 165
41 174
41 188
41 207
41 232
41 235
41 245
41 253
41 277
41 282
42 50
42 55
42 61
42 64
42 68
42 71
42 99
42 100
42 101
42 162
42 165
42 174
42 188
42 207
42 232
42 235
42 245
42 253
42 270
42 277
42 282
43 46
43 50
43 55
43 61
43 64
43 99
43 101
43 116
43 162
43 165
43 174
43 188
43 207
43 232
43 235
43 245
43 253
43 277
43 282
44 46
44 50
44 55
44 61
44 64
44 99
44 101
44 116
44 162
44 165
44 174
44 188
44 207
44 232
44 235
44 245
44 253
44 277
44 282
45 61
45 64
45 78
45 79
45 99
45 101
45 116
45 121
45 162
45 165
45 174
45 207
45 232
45 235
45 245
45 253
45 277
45 282
46 59
46 61
46 64
46 78
46 90
46 99
46 116
46 121
46 162
46 165
46 174
46 207
46 235
46 245
46 253
46 277
46 282
47 59
47 61
47 70
47 78
47 90
47 116
47 121
47 162
47 174
47 204
47 207
47 235
47 245
47 253
47 263
47 277
47 282
48 70
48 78
48 90
48 116
48 121
48 138
48 162
48 174
48 204
48 207
48 235
48 245
48 253
48 263
48 277
48 282
49 70
49 78
49 83
49 90
49 116
49 121
49 138
49 162
49 163
49 174
49 204
49 235
49 245
49 253
49 263
49 277
49 282
50 70
50 76
50 83
50 116
50 121
50 138
50 145
50 149
50 162
50 163
50 174
50 204
50 235
50 245
50 253
50 263
50 277
50 282
51 70
51 76
51 83
51 84
51 116
51 145
51 149
51 162
51 163
51 204
51 235
51 245
51 253
51 263
51 277
51 282
52 70
52 76
52 83
52 84
52 116
52 145
52 149
52 162
52 163
52 204
52 235
52 245
52 253
52 263
52 277
52 282
53 70
53 83
53 84
53 116
53 145
53 149
53 163
53 199
53 204
53 235
53 245
53 253
53 263
53 277
53 282
54 70
54 83
54 84
54 116
54 145
54 149
54 163
54 199
54 204
54 235
54 245
54 253
54 263
54 277
54 282
55 70
55 83
55 84
55 116
55 145
55 149
55 163
55 199
55 204
55 235
55 245
55 253
55 263
55 277
55 282
56 70
56 84
56 145
56 163
56 178
56 204
56 209
56 238
56 245
56 263
56 277
56 282
57 70
57 84
57 105
57 145
57 163
57 178
57 204
57 209
57 238
57 245
57 263
57 277
57 282
58 70
58 84
58 87
58 105
58 145
58 163
58 178
58 204
58 209
58 238
58 245
58 263
58 277
58 282
59 70
59 84
59 87
59 105
59 142
59 163
59 178
59 204
59 209
59 214
59 238
59 245
59 263
59 277
59 282
60 70
60 84
60 87
60 105
60 142
60 163
60 178
60 204
60 209
60 214
60 238
60 245
60 263
60 277
60 282
61 70
61 89
61 105
61 110
61 119
61 142
61 163
61 167
61 178
61 204
61 209
61 214
61 238
61 244
61 245
61 263
61 277
61 282
62 70
62 89
62 105
62 108
62 119
62 142
62 161
62 163
62 167
62 178
62 204
62 208
62 209
62 214
62 238
62 244
62 245
62 263
62 277
62 282
63 70
63 89
63 105
63 108
63 119
63 142
63 161
63 163
63 167
63 178
63 204
63 208
63 209
63 214
63 238
63 244
63 245
63 263
63 277
63 282
64 89
64 95
64 105
64 108
64 119
64 142
64 163
64 167
64 173
64 178
64 204
64 208
64 209
64 214
64 216
64 244
64 261
64 263
64 277
64 282
65 89
65 95
65 105
65 108
65 119
65 142
65 155
65 163
65 167
65 173
65 178
65 204
65 208
65 209
65 214
65 244
65 261
65 263
65 277
65 282
66 89
66 95
66 105
66 108
66 119
66 142
66 155
66 163
66 167
66 173
66 178
66 204
66 208
66 209
66 214
66 244
66 261
66 263
66 277
66 282
67 89
67 95
67 105
67 108
67 119
67 142
67 155
67 163
67 167
67 173
67 178
67 204
67 208
67 209
67 244
67 261
67 263
67 277
67 282
68 95
68 105
68 108
68 119
68 142
68 155
68 163
68 167
68 173
68 178
68 204
68 208
68 209
68 244
68 261
68 263
68 277
68 282
69 95
69 107
69 108
69 119
69 142
69 155
69 163
69 167
69 173
69 178
69 204
69 208
69 209
69 244
69 261
69 263
69 277
69 282
70 95
70 107
70 108
70 119
70 155
70 163
70 167
70 173
70 178
70 204
70 208
70 209
70 244
70 261
70 263
70 277
70 282
71 92
71 103
71 107
71 108
71 119
71 163
71 168
71 173
71 178
71 204
71 208
71 209
71 244
71 251
71 261
71 263
71 277
71 282
72 92
72 103
72 107
72 108
72 115
72 119
72 144
72 163
72 168
72 173
72 178
72 204
72 208
72 209
72 244
72 251
72 261
72 263
72 277
72 282
73 92
73 103
73 107
73 108
73 115
73 119
73 132
73 144
73 163
73 168
73 173
73 178
73 204
73 208
73 209
73 244
73 251
73 261
73 263
73 277
73 282
74 92
74 103
74 107
74 108
74 115
74 119
74 132
74 144
74 163
74 168
74 173
74 178
74 204
74 208
74 209
74 244
74 251
74 261
74 263
74 277
74 282
75 103
75 108
75 109
75 115
75 119
75 144
75 148
75 163
75 168
75 173
75 178
75 208
75 209
75 251
75 261
75 277
75 282
76 103
76 108
76 112
76 119
76 144
76 148
76 163
76 173
76 175
76 178
76 182
76 208
76 209
76 243
76 251
76 258
76 261
76 277
76 282
77 108
77 112
77 119
77 144
77 148
77 173
77 175
77 178
77 182
77 208
77 209
77 243
77 251
77 258
77 261
77 277
77 282
78 108
78 112
78 119
78 144
78 148
78 173
78 175
78 178
78 182
78 209
78 243
78 251
78 258
78 261
78 277
78 282
79 108
79 112
79 113
79 119
79 144
79 173
79 175
79 178
79 182
79 195
79 209
79 243
79 251
79 258
79 261
79 277
79 282
79 284
80 108
80 112
80 113
80 119
80 144
80 173
80 175
80 178
80 182
80 195
80 209
80 243
80 251
80 258
80 261
80 277
80 282
80 284
81 112
81 113
81 119
81 144
81 173
81 175
81 178
81 182
81 195
81 209
81 243
81 251
81 258
81 261
81 277
81 282
81 284
82 112
82 113
82 119
82 144
82 173
82 175
82 178
82 182
82 195
82 209
82 243
82 251
82 258
82 261
82 277
82 282
82 284
83 112
83 113
83 119
83 144
83 173
83 175
83 178
83 182
83 195
83 209
83 243
83 251
83 258
83 261
83 277
83 282
83 284
84 112
84 113
84 119
84 144
84 173
84 175
84 178
84 182
84 195
84 209
84 243
84 251
84 258
84 261
84 277
84 282
84 284
85 112
85 113
85 119
85 144
85 173
85 175
85 178
85 182
85 195
85 209
85 243
85 251
85 258
85 261
85 277
85 282
85 284
86 112
86 113
86 119
86 144
86 153
86 173
86 175
86 178
86 182
86 195
86 209
86 243
86 251
86 258
86 261
86 277
86 282
86 284
87 96
87 112
87 113
87 119
87 144
87 153
87 173
87 175
87 178
87 182
87 195
87 209
87 243
87 251
87 258
87 261
87 277
87 282
87 284
88 96
88 112
88 113
88 119
88 133
88 144
88 153
88 173
88 175
88 178
88 182
88 195
88 209
88 223
88 243
88 251
88 258
88 261
88 277
88 282
89 96
89 112
89 113
89 119
89 133
89 144
89 153
89 173
89 175
89 178
89 182
89 195
89 209
89 223
89 243
89 251
89 258
89 261
89 277
89 282
90 96
90 106
90 113
90 133
90 144
90 153
90 173
90 175
90 178
90 182
90 195
90 209
90 223
90 243
90 251
90 255
90 258
90 261
90 277
90 282
91 96
91 106
91 113
91 133
91 144
91 153
91 173
91 175
91 178
91 182
91 195
91 209
91 243
91 251
91 255
91 258
91 261
91 277
91 282
92 96
92 106
92 113
92 133
92 144
92 153
92 173
92 175
92 178
92 182
92 195
92 209
92 243
92 251
92 255
92 258
92 261
92 277
92 282
93 96
93 98
93 106
93 113
93 133
93 144
93 153
93 173
93 175
93 178
93 182
93 195
93 209
93 243
93 251
93 255
93 258
93 261
93 277
93 282
94 96
94 98
94 106
94 113
94 133
94 144
94 153
94 173
94 175
94 178
94 182
94 195
94 209
94 243
94 251
94 255
94 258
94 261
94 277
94 282
95 96
95 98
95 106
95 113
95 118
95 133
95 144
95 153
95 173
95 178
95 182
95 195
95 209
95 243
95 251
95 255
95 258
95 261
95 277
95 282
96 96
96 98
96 113
96 118
96 133
96 144
96 153
96 173
96 178
96 182
96 195
96 209
96 243
96 251
96 255
96 258
96 261
96 277
96 282
97 96
97 98
97 113
97 118
97 133
97 144
97 153
97 173
97 178
97 182
97 195
97 209
97 243
97 251
97 255
97 258
97 261
97 277
97 282
98 96
98 104
98 113
98 118
98 133
98 144
98 170
98 182
98 195
98 200
98 209
98 212
98 243
98 249
98 251
98 255
98 258
98 261
98 277
98 282
99 96
99 104
99 113
99 118
99 144
99 170
99 182
99 195
99 200
99 209
99 212
99 243
99 251
99 255
99 258
99 261
99 277
99 282
100 96
100 104
100 113
100 118
100 144
100 170
100 176
100 182
100 195
100 200
100 209
100 212
100 243
100 251
100 255
100 258
100 261
100 277
100 282
101 96
101 104
101 113
101 118
101 144
101 170
101 176
101 182
101 195
101 200
101 209
101 212
101 243
101 251
101 255
101 258
101 261
101 277
101 282
102 113
102 118
102 127
102 144
102 170
102 176
102 182
102 195
102 200
102 209
102 212
102 229
102 243
102 251
102 255
102 258
102 261
102 277
103 113
103 144
103 170
103 176
103 177
103 182
103 195
103 200
103 212
103 229
103 243
103 251
103 255
103 258
103 261
103 277
104 120
104 144
104 169
104 170
104 176
104 177
104 182
104 195
104 200
104 212
104 229
104 243
104 251
104 255
104 258
104 261
104 277
105 120
105 144
105 169
105 170
105 176
105 177
105 182
105 195
105 200
105 212
105 229
105 242
105 243
105 251
105 255
105 258
105 261
105 277
106 120
106 144
106 169
106 170
106 176
106 177
106 182
106 195
106 200
106 212
106 229
106 242
106 243
106 251
106 255
106 258
106 261
106 277
107 120
107 136
107 144
107 169
107 170
107 176
107 177
107 182
107 195
107 200
107 229
107 242
107 243
107 251
107 255
107 258
107 261
107 277
108 120
108 136
108 144
108 169
108 170
108 176
108 177
108 182
108 195
108 200
108 229
108 242
108 243
108 251
108 255
108 258
108 261
108 277
109 120
109 136
109 144
109 169
109 170
109 176
109 177
109 182
109 195
109 200
109 229
109 234
109 242
109 243
109 251
109 255
109 258
109 261
109 277
110 120
110 136
110 144
110 169
110 170
110 176
110 177
110 182
110 195
110 200
110 229
110 234
110 242
110 243
110 251
110 255
110 258
110 261
110 277
111 120
111 136
111 144
111 169
111 170
111 176
111 177
111 181
111 182
111 195
111 200
111 229
111 234
111 242
111 243
111 251
111 255
111 258
111 261
111 277
112 120
112 136
112 144
112 169
112 171
112 176
112 177
112 181
112 182
112 195
112 200
112 206
112 229
112 234
112 242
112 243
112 251
112 255
112 258
112 260
112 261
112 277
113 120
113 136
113 144
113 169
113 171
113 176
113 177
113 181
113 182
113 195
113 200
113 206
113 218
113 229
113 234
113 242
113 243
113 251
113 255
113 258
113 260
113 261
113 277
114 120
114 139
114 144
114 150
114 152
114 164
114 171
114 176
114 177
114 181
114 195
114 200
114 206
114 218
114 229
114 234
114 242
114 243
114 248
114 251
114 255
114 258
114 260
114 261
114 277
115 120
115 139
115 144
115 150
115 152
115 164
115 171
115 176
115 177
115 181
115 195
115 200
115 206
115 218
115 229
115 234
115 242
115 243
115 248
115 251
115 255
115 258
115 260
115 261
115 277
116 120
116 139
116 144
116 150
116 152
116 164
116 171
116 176
116 177
116 181
116 195
116 200
116 206
116 218
116 229
116 234
116 242
116 243
116 248
116 251
116 255
116 258
116 260
116 261
116 277
117 120
117 139
117 144
117 150
117 152
117 164
117 171
117 176
117 177
117 181
117 195
117 200
117 206
117 218
117 229
117 234
117 242
117 243
117 248
117 251
117 255
117 258
117 261
117 277
118 120
118 139
118 144
118 150
118 152
118 164
118 171
118 176
118 177
118 181
118 195
118 200
118 206
118 218
118 224
118 229
118 234
118 242
118 243
118 248
118 251
118 255
118 257
118 258
118 261
118 277
119 120
119 139
119 150
119 152
119 164
119 171
119 176
119 177
119 195
119 206
119 218
119 224
119 229
119 234
119 242
119 243
119 248
119 251
119 255
119 257
119 258
119 261
119 277
120 120
120 131
120 139
120 150
120 152
120 164
120 171
120 176
120 177
120 195
120 206
120 218
120 224
120 229
120 234
120 242
120 243
120 248
120 251
120 255
120 257
120 258
120 261
120 277
121 120
121 131
121 150
121 152
121 164
121 171
121 176
121 177
121 195
121 206
121 217
121 218
121 224
121 229
121 242
121 243
121 248
121 255
121 257
121 258
121 261
121 262
122 131
122 143
122 150
122 152
122 164
122 171
122 176
122 177
122 195
122 206
122 217
122 218
122 224
122 229
122 242
122 243
122 248
122 255
122 258
122 261
122 262
122 265
123 131
123 143
123 150
123 152
123 159
123 164
123 171
123 176
123 177
123 206
123 217
123 218
123 229
123 242
123 248
123 255
123 258
123 261
123 262
123 265
124 131
124 143
124 146
124 152
124 159
124 164
124 172
124 176
124 177
124 184
124 206
124 217
124 218
124 229
124 242
124 255
124 258
124 261
124 262
124 265
124 283
125 131
125 143
125 146
125 152
125 159
125 164
125 172
125 176
125 177
125 184
125 206
125 217
125 218
125 229
125 242
125 255
125 258
125 261
125 262
125 265
125 283
126 131
126 143
126 146
126 152
126 159
126 164
126 172
126 176
126 177
126 184
126 206
126 217
126 218
126 229
126 242
126 255
126 258
126 261
126 262
126 265
126 283
127 131
127 143
127 146
127 152
127 164
127 172
127 176
127 177
127 184
127 206
127 217
127 218
127 229
127 241
127 242
127 255
127 258
127 261
127 265
127 276
127 283
128 131
128 143
128 146
128 152
128 164
128 172
128 176
128 177
128 184
128 206
128 217
128 218
128 229
128 241
128 242
128 255
128 258
128 261
128 265
128 276
128 283
129 131
129 143
129 146
129 152
129 164
129 172
129 176
129 177
129 184
129 206
129 217
129 218
129 229
129 241
129 242
129 255
129 258
129 261
129 265
129 276
129 283
130 131
130 143
130 146
130 152
130 164
130 172
130 176
130 177
130 184
130 206
130 217
130 218
130 229
130 241
130 242
130 255
130 258
130 261
130 265
130 276
130 283
131 131
131 143
131 146
131 152
131 164
131 172
131 176
131 177
131 184
131 206
131 217
131 218
131 229
131 241
131 242
131 255
131 258
131 261
131 265
131 276
131 283
132 131
132 143
132 146
132 152
132 164
132 172
132 176
132 180
132 184
132 206
132 217
132 218
132 229
132 241
132 242
132 255
132 258
132 261
132 265
132 267
132 276
132 283
133 131
133 143
133 146
133 152
133 164
133 172
133 176
133 180
133 184
133 206
133 217
133 218
133 229
133 241
133 242
133 255
133 258
133 261
133 265
133 267
133 276
133 283
134 131
134 143
134 146
134 152
134 164
134 172
134 176
134 180
134 184
134 187
134 206
134 217
134 218
134 220
134 229
134 241
134 242
134 255
134 258
134 261
134 265
134 267
134 272
134 276
134 283
135 131
135 143
135 146
135 152
135 164
135 172
135 176
135 180
135 184
135 187
135 206
135 217
135 218
135 220
135 229
135 241
135 242
135 255
135 258
135 261
135 265
135 267
135 272
135 276
135 283
136 131
136 143
136 146
136 152
136 164
136 172
136 176
136 180
136 184
136 187
136 191
136 206
136 217
136 218
136 220
136 229
136 241
136 242
136 247
136 255
136 258
136 261
136 265
136 267
136 272
136 276
136 283
137 131
137 143
137 152
137 157
137 164
137 172
137 176
137 180
137 184
137 191
137 206
137 217
137 218
137 220
137 241
137 242
137 247
137 255
137 258
137 261
137 265
137 267
137 272
137 276
137 283
138 143
138 152
138 157
138 164
138 172
138 176
138 180
138 184
138 189
138 191
138 206
138 217
138 218
138 220
138 241
138 242
138 247
138 255
138 258
138 261
138 265
138 267
138 272
138 276
138 283
139 143
139 152
139 172
139 180
139 183
139 189
139 194
139 217
139 220
139 241
139 242
139 247
139 255
139 258
139 259
139 261
139 265
139 267
139 276
139 283
140 143
140 152
140 172
140 180
140 183
140 189
140 194
140 217
140 220
140 241
140 242
140 247
140 255
140 258
140 259
140 261
140 265
140 267
140 276
140 283
141 143
141 152
141 172
141 180
141 183
141 189
141 190
141 194
141 217
141 220
141 241
141 242
141 247
141 255
141 258
141 259
141 265
141 267
141 276
141 283
142 143
142 152
142 172
142 180
142 183
142 189
142 190
142 194
142 217
142 220
142 241
142 242
142 247
142 255
142 258
142 259
142 265
142 267
142 276
142 283
143 143
143 152
143 172
143 180
143 183
143 189
143 190
143 194
143 217
143 220
143 241
143 242
143 247
143 255
143 258
143 259
143 265
143 267
143 276
143 283
144 143
144 152
144 172
144 180
144 183
144 189
144 190
144 194
144 217
144 220
144 230
144 241
144 247
144 255
144 258
144 259
144 265
144 267
144 276
144 283
145 143
145 152
145 172
145 180
145 183
145 189
145 190
145 194
145 217
145 220
145 230
145 241
145 247
145 255
145 258
145 259
145 265
145 267
145 276
145 283
146 143
146 152
146 172
146 180
146 183
146 189
146 190
146 194
146 217
146 220
146 230
146 236
146 241
146 247
146 255
146 258
146 259
146 265
146 267
146 276
146 283
147 143
147 152
147 172
147 180
147 183
147 190
147 194
147 196
147 217
147 220
147 230
147 241
147 247
147 255
147 258
147 259
147 265
147 267
147 271
147 276
147 283
148 143
148 172
148 180
148 183
148 190
148 194
148 196
148 217
148 220
148 230
148 241
148 247
148 255
148 258
148 259
148 265
148 271
148 276
148 283
149 143
149 160
149 172
149 180
149 183
149 190
149 194
149 217
149 220
149 230
149 247
149 255
149 258
149 259
149 265
149 271
149 276
149 283
150 143
150 160
150 172
150 180
150 183
150 190
150 217
150 220
150 230
150 247
150 255
150 258
150 259
150 265
150 271
150 276
150 283
151 143
151 160
151 172
151 180
151 183
151 190
151 217
151 220
151 230
151 247
151 255
151 258
151 259
151 265
151 271
151 276
151 283
152 143
152 160
152 172
152 180
152 183
152 190
152 217
152 220
152 230
152 247
152 255
152 258
152 259
152 265
152 271
152 276
152 283
153 143
153 160
153 172
153 180
153 183
153 190
153 217
153 220
153 230
153 247
153 255
153 258
153 259
153 265
153 271
153 276
153 283
154 143
154 160
154 172
154 180
154 183
154 190
154 217
154 220
154 247
154 255
154 258
154 259
154 265
154 271
154 276
154 283
155 143
155 160
155 172
155 180
155 183
155 190
155 217
155 220
155 247
155 255
155 258
155 259
155 265
155 271
155 276
155 283
156 143
156 172
156 180
156 183
156 190
156 217
156 220
156 247
156 255
156 258
156 259
156 265
156 271
156 276
156 283
157 143
157 172
157 180
157 183
157 190
157 217
157 220
157 247
157 255
157 258
157 259
157 265
157 271
157 276
157 283
158 143
158 172
158 180
158 183
158 190
158 217
158 220
158 247
158 255
158 258
158 259
158 265
158 271
158 276
158 283
159 143
159 172
159 180
159 183
159 190
159 217
159 220
159 247
159 255
159 258
159 259
159 265
159 271
159 276
159 283
160 143
160 172
160 180
160 190
160 217
160 220
160 247
160 255
160 258
160 259
160 276
160 283
161 143
161 172
161 180
161 190
161 193
161 217
161 220
161 247
161 255
161 258
161 259
161 276
161 283
162 180
162 185
162 190
162 217
162 247
162 255
162 258
162 259
162 276
162 283
163 180
163 185
163 190
163 217
163 247
163 255
163 258
163 259
163 276
163 283
164 180
164 185
164 190
164 217
164 247
164 255
164 258
164 259
164 276
164 283
165 180
165 185
165 203
165 217
165 225
165 247
165 255
165 258
165 259
165 276
165 283
166 185
166 203
166 217
166 225
166 247
166 255
166 258
166 259
166 276
166 283
167 185
167 203
167 217
167 225
167 247
167 255
167 258
167 259
167 275
167 276
167 283
168 185
168 203
168 217
168 225
168 247
168 255
168 258
168 259
168 275
168 276
168 283
169 185
169 203
169 217
169 225
169 247
169 252
169 255
169 258
169 259
169 275
169 276
169 283
170 185
170 186
170 203
170 217
170 225
170 247
170 252
170 255
170 258
170 259
170 275
170 276
170 283
171 185
171 186
171 203
171 217
171 225
171 247
171 252
171 255
171 258
171 259
171 275
171 276
171 283
172 185
172 186
172 203
172 217
172 225
172 246
172 247
172 252
172 255
172 258
172 259
172 275
172 276
172 283
173 185
173 186
173 203
173 217
173 225
173 246
173 247
173 252
173 255
173 258
173 259
173 275
173 276
173 283
174 185
174 186
174 203
174 217
174 225
174 246
174 247
174 252
174 254
174 255
174 258
174 259
174 275
174 283
175 186
175 203
175 217
175 225
175 246
175 247
175 254
175 255
175 258
175 259
175 275
175 283
176 186
176 203
176 217
176 225
176 246
176 247
176 254
176 255
176 258
176 259
176 275
176 283
177 186
177 203
177 217
177 246
177 247
177 254
177 255
177 258
177 259
177 275
177 283
178 186
178 203
178 217
178 233
178 246
178 247
178 254
178 255
178 258
178 259
178 283
179 186
179 203
179 217
179 233
179 246
179 247
179 254
179 255
179 258
179 283
180 203
180 213
180 217
180 233
180 246
180 247
180 254
180 255
180 258
180 283
181 203
181 213
181 217
181 233
181 246
181 247
181 254
181 255
181 258
181 283
182 203
182 213
182 217
182 233
182 246
182 247
182 254
182 255
182 258
182 283
183 203
183 213
183 217
183 233
183 246
183 247
183 254
183 255
183 258
183 283
184 192
184 203
184 213
184 217
184 233
184 246
184 247
184 254
184 255
184 258
184 283
185 192
185 203
185 213
185 217
185 233
185 246
185 247
185 254
185 255
185 258
185 283
186 201
186 202
186 203
186 205
186 217
186 233
186 246
186 247
186 254
186 255
186 258
186 283
187 201
187 202
187 203
187 205
187 217
187 233
187 246
187 247
187 254
187 255
187 258
187 283
188 201
188 202
188 203
188 215
188 217
188 233
188 246
188 247
188 254
188 255
188 258
188 273
188 283
189 201
189 202
189 203
189 215
189 217
189 233
189 246
189 247
189 254
189 255
189 258
189 273
189 283
190 201
190 202
190 203
190 215
190 217
190 233
190 240
190 247
190 254
190 255
190 258
190 273
190 283
191 201
191 202
191 203
191 217
191 233
191 240
191 247
191 254
191 255
191 258
191 273
191 283
192 201
192 202
192 203
192 217
192 233
192 240
192 247
192 254
192 255
192 258
192 273
192 283
193 201
193 202
193 203
193 217
193 233
193 237
193 240
193 254
193 255
193 258
193 273
193 283
194 201
194 202
194 203
194 233
194 237
194 240
194 254
194 255
194 258
194 273
194 283
195 201
195 202
195 233
195 237
195 240
195 254
195 255
195 258
195 273
195 283
196 201
196 202
196 231
196 233
196 237
196 240
196 254
196 255
196 258
196 273
196 283
197 201
197 202
197 231
197 233
197 237
197 240
197 254
197 255
197 258
197 273
197 283
198 201
198 202
198 231
198 233
198 237
198 240
198 254
198 258
198 273
198 283
199 201
199 202
199 231
199 233
199 240
199 254
199 258
199 283
200 201
200 202
200 231
200 233
200 240
200 254
200 258
200 283
201 201
201 202
201 231
201 233
201 240
201 254
201 258
201 283
202 201
202 202
202 231
202 233
202 240
202 254
202 258
202 283
203 201
203 231
203 233
203 239
203 240
203 250
203 254
203 258
203 283
204 201
204 231
204 233
204 239
204 240
204 250
204 254
204 258
204 283
205 201
205 231
205 233
205 239
205 240
205 250
205 254
205 258
205 283
206 201
206 231
206 233
206 240
206 250
206 254
206 258
206 283
207 201
207 231
207 233
207 240
207 250
207 254
207 283
208 201
208 231
208 233
208 240
208 250
208 254
208 269
208 283
209 201
209 231
209 233
209 240
209 250
209 254
209 269
209 283
210 231
210 233
210 240
210 250
210 254
210 269
210 283
211 231
211 233
211 240
211 250
211 254
211 269
212 231
212 233
212 240
212 250
212 254
212 269
213 228
213 231
213 233
213 250
213 254
213 264
213 269
214 221
214 228
214 231
214 233
214 250
214 254
214 264
214 269
215 221
215 228
215 231
215 233
215 250
215 254
215 264
215 269
216 221
216 228
216 231
216 233
216 250
216 254
216 264
217 221
217 228
217 233
217 250
217 254
217 264
218 221
218 228
218 233
218 250
218 254
218 264
219 221
219 228
219 233
219 250
219 254
219 264
220 221
220 228
220 233
220 250
220 254
220 264
221 221
221 228
221 233
221 250
221 264
222 221
222 228
222 233
222 250
222 264
223 228
223 233
223 250
223 264
224 228
224 233
224 250
224 264
224 278
225 233
225 250
225 264
225 278
226 233
226 250
226 264
226 278
227 233
227 250
227 264
227 278
228 233
228 250
228 264
228 278
229 233
229 250
229 264
229 278
230 233
230 250
230 264
230 278
231 233
231 250
231 278
232 233
232 250
232 278
233 233
233 250
233 278
234 233
234 250
234 278
235 233
235 250
235 256
235 278
236 233
236 250
236 256
236 278
237 233
237 250
237 256
237 278
238 233
238 250
238 256
238 278
239 233
239 250
239 256
239 278
240 250
240 256
240 278
241 250
241 256
241 278
242 250
242 256
242 278
243 250
243 256
243 278
244 250
244 256
244 278
245 250
245 256
245 278
246 250
246 256
246 278
247 250
247 256
247 266
247 278
248 256
248 266
248 278
249 266
249 278
250 266
250 278
251 266
251 278
252 266
252 278
253 266
253 278
253 279
254 266
254 278
254 279
255 266
255 278
255 279
256 266
256 278
256 279
257 266
257 278
257 279
258 266
258 278
258 279
259 266
259 278
259 279
260 266
260 278
260 279
261 266
261 278
261 279
262 266
262 278
262 279
263 266
263 278
263 279
264 266
264 274
264 278
264 279
265 266
265 274
265 278
265 279
266 266
266 274
266 278
266 279
267 266
267 274
267 280
268 266
268 274
268 280
269 266
269 274
269 280
270 266
270 274
270 280
271 266
271 274
271 280
272 266
272 274
272 280
273 266
273 274
273 280
274 266
274 274
274 280
275 266
275 274
275 280
276 266
276 274
276 280
277 266
277 274
277 280
278 266
278 274
278 280
279 274
279 280
280 274
280 280
281 274
282 274
283 274
284 274
