0 10
0 215
1 22
1 30
1 34
1 41
1 60
1 84
1 96
1 129
1 187
1 215
1 245
1 254
2 8
2 16
2 22
2 30
2 41
2 60
2 84
2 96
2 129
2 187
2 245
2 254
3 6
3 8
3 16
3 18
3 22
3 30
3 41
3 60
3 84
3 96
3 129
3 187
3 245
3 254
4 6
4 16
4 18
4 22
4 30
4 41
4 60
4 84
4 96
4 129
4 187
4 245
4 254
5 16
5 18
5 22
5 30
5 37
5 41
5 60
5 84
5 96
5 129
5 187
5 245
5 254
6 16
6 18
6 30
6 37
6 41
6 60
6 96
6 129
6 187
6 245
6 254
7 16
7 17
7 18
7 30
7 37
7 41
7 60
7 96
7 129
7 187
7 245
7 254
8 11
8 13
8 14
8 17
8 30
8 31
8 37
8 38
8 54
8 60
8 61
8 96
8 129
8 187
8 245
8 254
8 279
9 11
9 14
9 30
9 31
9 37
9 38
9 54
9 60
9 61
9 96
9 129
9 187
9 224
9 245
9 254
9 275
9 279
10 11
10 26
10 30
10 31
10 38
10 54
10 60
10 61
10 68
10 96
10 129
10 187
10 224
10 245
10 254
10 275
10 279
11 11
11 26
11 30
11 31
11 38
11 54
11 60
11 61
11 68
11 96
11 129
11 142
11 187
11 224
11 245
11 254
11 275
11 279
12 11
12 26
12 30
12 38
12 54
12 60
12 61
12 68
12 96
12 129
12 142
12 187
12 224
12 245
12 254
12 275
12 279
13 20
13 26
13 30
13 47
13 60
13 61
13 68
13 95
13 96
13 129
13 142
13 187
13 224
13 245
13 254
13 275
13 279
14 20
14 26
14 30
14 47
14 55
14 60
14 61
14 68
14 95
14 96
14 129
14 142
14 187
14 224
14 245
14 254
14 275
14 279
15 20
15 26
15 30
15 47
15 55
15 61
15 65
15 68
15 78
15 95
15 96
15 112
15 129
15 142
15 187
15 224
15 245
15 254
15 275
15 279
16 20
16 26
16 30
16 47
16 55
16 61
16 65
16 68
16 95
16 96
16 112
16 129
16 142
16 187
16 224
16 245
16 254
16 275
16 279
17 19
17 47
17 55
17 61
17 65
17 68
17 95
17 96
17 112
17 129
17 142
17 187
17 224
17 245
17 254
17 275
17 279
18 19
18 25
18 39
18 47
18 55
18 61
18 65
18 68
18 95
18 112
18 129
18 142
18 187
18 224
18 245
18 254
18 261
18 275
18 279
19 25
19 47
19 55
19 61
19 65
19 68
19 95
19 129
19 142
19 187
19 224
19 245
19 254
19 261
19 275
19 279
20 55
20 61
20 65
20 68
20 95
20 129
20 142
20 187
20 224
20 245
20 254
20 261
20 275
20 279
21 28
21 35
21 55
21 58
21 59
21 61
21 65
21 95
21 129
21 187
21 200
21 224
21 245
21 254
21 261
21 279
22 28
22 35
22 55
22 58
22 59
22 61
22 65
22 77
22 95
22 129
22 187
22 200
22 224
22 245
22 254
22 261
22 279
23 24
23 43
23 44
23 58
23 65
23 77
23 95
23 129
23 185
23 187
23 200
23 224
23 245
23 254
23 261
23 279
24 42
24 43
24 44
24 65
24 67
24 94
24 95
24 106
24 114
24 122
24 129
24 185
24 187
24 200
24 224
24 245
24 254
24 261
24 279
25 42
25 43
25 44
25 65
25 67
25 94
25 106
25 114
25 122
25 129
25 185
25 200
25 224
25 245
25 254
25 261
25 279
26 29
26 42
26 43
26 44
26 65
26 67
26 94
26 106
26 114
26 122
26 129
26 185
26 200
26 224
26 245
26 254
26 261
26 279
27 43
27 45
27 49
27 57
27 65
27 79
27 86
27 94
27 106
27 114
27 122
27 146
27 158
27 185
27 200
27 224
27 232
27 245
27 254
27 260
27 261
27 279
28 32
28 52
28 53
28 57
28 65
28 70
28 79
28 86
28 94
28 106
28 114
28 122
28 146
28 158
28 185
28 193
28 200
28 224
28 232
28 245
28 254
28 260
28 261
28 279
29 32
29 52
29 53
29 57
29 65
29 70
29 79
29 86
29 94
29 106
29 114
29 122
29 146
29 158
29 185
29 193
29 200
29 224
29 232
29 245
29 254
29 260
29 261
29 279
30 32
30 52
30 53
30 57
30 65
30 70
30 79
30 86
30 94
30 106
30 111
30 122
30 127
30 150
30 158
30 185
30 190
30 193
30 200
30 224
30 232
30 245
30 254
30 260
30 261
30 279
31 32
31 33
31 53
31 57
31 70
31 79
31 86
31 94
31 106
31 111
31 122
31 127
31 150
31 158
31 185
31 190
31 193
31 200
31 224
31 232
31 245
31 254
31 260
31 261
31 279
32 33
32 36
32 63
32 70
32 79
32 83
32 86
32 94
32 106
32 111
32 122
32 127
32 150
32 158
32 185
32 193
32 200
32 224
32 232
32 245
32 254
32 260
32 261
32 263
32 279
33 36
33 63
33 70
33 79
33 83
33 86
33 94
33 102
33 106
33 111
33 122
33 127
33 150
33 158
33 185
33 193
33 200
33 224
33 232
33 245
33 254
33 260
33 261
33 263
33 279
34 36
34 63
34 70
34 79
34 83
34 86
34 94
34 102
34 106
34 111
34 122
34 127
34 150
34 158
34 185
34 193
34 197
34 200
34 224
34 232
34 245
34 254
34 260
34 261
34 263
34 279
35 36
35 63
35 70
35 79
35 83
35 86
35 94
35 102
35 106
35 111
35 122
35 127
35 150
35 158
35 185
35 193
35 197
35 200
35 224
35 232
35 245
35 254
35 260
35 261
35 263
35 279
36 36
36 63
36 70
36 79
36 83
36 86
36 94
36 102
36 106
36 111
36 122
36 127
36 150
36 158
36 185
36 193
36 197
36 200
36 224
36 232
36 245
36 254
36 260
36 261
36 263
36 279
37 36
37 63
37 70
37 79
37 83
37 86
37 94
37 102
37 106
37 109
37 111
37 122
37 127
37 150
37 158
37 185
37 193
37 197
37 200
37 224
37 232
37 245
37 254
37 260
37 261
37 263
37 279
38 36
38 63
38 70
38 79
38 83
38 86
38 94
38 102
38 106
38 109
38 111
38 122
38 127
38 150
38 158
38 185
38 193
38 197
38 200
38 224
38 232
38 245
38 254
38 260
38 261
38 263
38 279
39 36
39 63
39 70
39 79
39 83
39 86
39 94
39 102
39 106
39 109
39 111
39 122
39 127
39 150
39 158
39 185
39 193
39 197
39 200
39 224
39 232
39 245
39 254
39 260
39 261
39 263
39 279
40 63
40 79
40 83
40 94
40 102
40 111
40 122
40 127
40 161
40 193
40 197
40 200
40 224
40 232
40 245
40 254
40 260
40 261
40 263
40 269
40 279
41 46
41 63
41 69
41 79
41 83
41 94
41 102
41 111
41 122
41 127
41 161
41 164
41 193
41 197
41 200
41 224
41 232
41 245
41 254
41 260
41 263
41 269
41 279
42 46
42 48
42 63
42 74
42 90
42 102
42 111
42 124
42 127
42 148
42 159
42 161
42 164
42 169
42 172
42 182
42 193
42 208
42 224
42 230
42 232
42 243
42 260
42 263
42 269
42 279
42 284
43 74
43 90
43 97
43 102
43 124
43 127
43 148
43 159
43 161
43 164
43 169
43 172
43 182
43 193
43 208
43 224
43 230
43 232
43 260
43 263
43 269
43 279
43 284
44 74
44 90
44 97
44 102
44 124
44 127
44 148
44 159
44 161
44 164
44 165
44 169
44 172
44 182
44 193
44 198
44 208
44 224
44 230
44 232
44 260
44 263
44 269
44 279
44 284
45 74
45 90
45 97
45 102
45 124
45 127
45 148
45 159
45 161
45 164
45 165
45 169
45 172
45 182
45 193
45 198
45 208
45 224
45 226
45 230
45 232
45 260
45 263
45 269
45 279
45 284
46 56
46 74
46 90
46 97
46 102
46 104
46 124
46 127
46 145
46 148
46 159
46 161
46 164
46 165
46 169
46 172
46 179
46 182
46 193
46 198
46 224
46 226
46 227
46 230
46 232
46 260
46 263
46 269
46 279
46 284
47 50
47 56
47 74
47 76
47 90
47 97
47 102
47 104
47 124
47 145
47 148
47 159
47 161
47 164
47 165
47 169
47 172
47 177
47 179
47 182
47 193
47 198
47 224
47 226
47 227
47 230
47 232
47 260
47 263
47 269
47 279
47 284
48 64
48 74
48 76
48 90
48 97
48 102
48 104
48 124
48 134
48 137
48 140
48 145
48 148
48 159
48 160
48 161
48 165
48 169
48 172
48 174
48 177
48 179
48 182
48 193
48 194
48 198
48 221
48 224
48 227
48 232
48 260
48 263
48 269
48 279
48 284
49 64
49 66
49 74
49 76
49 87
49 90
49 92
49 93
49 97
49 102
49 104
49 124
49 134
49 137
49 140
49 145
49 148
49 159
49 160
49 161
49 165
49 169
49 172
49 177
49 179
49 182
49 193
49 194
49 198
49 227
49 232
49 260
49 263
49 269
49 279
49 284
50 66
50 76
50 87
50 90
50 92
50 93
50 97
50 99
50 124
50 134
50 137
50 140
50 145
50 148
50 159
50 160
50 169
50 172
50 177
50 179
50 182
50 193
50 194
50 198
50 227
50 232
50 237
50 248
50 260
50 263
50 269
50 279
51 62
51 76
51 87
51 90
51 92
51 93
51 97
51 124
51 134
51 137
51 140
51 145
51 148
51 159
51 160
51 169
51 172
51 177
51 179
51 182
51 193
51 194
51 227
51 232
51 237
51 248
51 260
51 263
51 269
51 279
52 87
52 90
52 92
52 93
52 97
52 120
52 124
52 134
52 137
52 140
52 145
52 148
52 159
52 160
52 163
52 169
52 172
52 177
52 179
52 182
52 193
52 194
52 223
52 227
52 237
52 248
52 260
52 263
52 269
52 279
53 87
53 90
53 92
53 93
53 97
53 120
53 124
53 134
53 137
53 140
53 145
53 148
53 159
53 160
53 163
53 169
53 172
53 177
53 179
53 182
53 193
53 194
53 223
53 227
53 237
53 248
53 260
53 263
53 269
53 279
54 87
54 92
54 93
54 97
54 120
54 124
54 134
54 137
54 140
54 145
54 148
54 159
54 160
54 163
54 169
54 172
54 177
54 179
54 182
54 194
54 227
54 237
54 248
54 260
54 263
54 269
54 279
55 87
55 92
55 93
55 97
55 120
55 124
55 134
55 137
55 140
55 145
55 148
55 159
55 160
55 163
55 169
55 172
55 177
55 179
55 182
55 194
55 227
55 237
55 248
55 257
55 260
55 263
55 269
55 279
56 87
56 92
56 93
56 97
56 120
56 124
56 134
56 137
56 140
56 145
56 148
56 159
56 160
56 163
56 169
56 172
56 177
56 179
56 182
56 194
56 227
56 237
56 248
56 257
56 260
56 263
56 269
56 279
57 87
57 92
57 93
57 97
57 120
57 124
57 134
57 137
57 139
57 140
57 145
57 148
57 159
57 160
57 163
57 169
57 172
57 177
57 179
57 182
57 194
57 227
57 237
57 248
57 257
57 260
57 263
57 269
57 274
57 279
58 71
58 87
58 92
58 93
58 117
58 120
58 124
58 134
58 137
58 139
58 140
58 145
58 148
58 159
58 160
58 163
58 169
58 172
58 177
58 179
58 194
58 227
58 237
58 248
58 257
58 260
58 263
58 269
58 274
58 279
59 71
59 81
59 87
59 91
59 92
59 93
59 100
59 117
59 120
59 124
59 134
59 137
59 139
59 140
59 145
59 148
59 159
59 160
59 163
59 169
59 172
59 177
59 179
59 188
59 227
59 248
59 257
59 260
59 263
59 269
59 274
59 279
60 71
60 81
60 87
60 93
60 100
60 117
60 120
60 134
60 137
60 139
60 140
60 145
60 148
60 159
60 160
60 163
60 169
60 172
60 177
60 179
60 188
60 227
60 248
60 257
60 260
60 263
60 269
60 274
60 279
61 81
61 87
61 93
61 100
61 117
61 134
61 137
61 139
61 140
61 145
61 148
61 160
61 163
61 169
61 171
61 172
61 177
61 188
61 227
61 248
61 257
61 260
61 263
61 269
61 274
61 279
62 81
62 87
62 93
62 100
62 117
62 134
62 137
62 139
62 140
62 145
62 148
62 160
62 163
62 169
62 171
62 172
62 177
62 188
62 227
62 248
62 252
62 257
62 260
62 263
62 269
62 274
62 279
63 81
63 87
63 93
63 100
63 117
63 134
63 137
63 139
63 140
63 145
63 148
63 160
63 163
63 169
63 171
63 172
63 177
63 188
63 227
63 248
63 252
63 257
63 260
63 263
63 269
63 274
63 279
64 81
64 87
64 117
64 134
64 137
64 139
64 140
64 141
64 145
64 148
64 155
64 160
64 163
64 169
64 171
64 172
64 173
64 177
64 188
64 248
64 257
64 260
64 263
64 269
64 274
64 279
65 81
65 87
65 117
65 134
65 137
65 139
65 140
65 141
65 145
65 148
65 155
65 160
65 163
65 169
65 171
65 172
65 177
65 188
65 248
65 257
65 260
65 263
65 269
65 274
65 279
66 81
66 87
66 117
66 134
66 137
66 141
66 145
66 148
66 155
66 160
66 163
66 169
66 171
66 172
66 177
66 188
66 248
66 257
66 260
66 263
66 269
66 274
66 279
67 81
67 87
67 117
67 134
67 137
67 141
67 145
67 148
67 155
67 160
67 163
67 169
67 171
67 172
67 177
67 188
67 248
67 257
67 260
67 263
67 269
67 274
67 279
68 75
68 81
68 117
68 134
68 137
68 141
68 145
68 148
68 155
68 160
68 163
68 169
68 171
68 172
68 188
68 248
68 260
68 263
68 269
68 274
68 279
69 75
69 81
69 117
69 134
69 137
69 141
69 145
69 148
69 155
69 160
69 163
69 169
69 171
69 172
69 188
69 248
69 260
69 263
69 269
69 274
69 279
70 81
70 134
70 137
70 141
70 145
70 148
70 155
70 160
70 169
70 171
70 172
70 188
70 214
70 248
70 260
70 263
70 269
70 274
70 278
70 279
71 81
71 134
71 137
71 141
71 145
71 148
71 155
71 160
71 169
71 171
71 172
71 214
71 248
71 260
71 269
71 274
71 278
72 81
72 134
72 137
72 141
72 145
72 148
72 155
72 160
72 169
72 171
72 172
72 214
72 248
72 260
72 269
72 274
72 278
73 81
73 89
73 134
73 137
73 141
73 145
73 148
73 155
73 160
73 169
73 171
73 172
73 214
73 248
73 260
73 269
73 274
73 278
74 81
74 89
74 134
74 137
74 141
74 145
74 148
74 155
74 160
74 169
74 171
74 172
74 214
74 248
74 260
74 269
74 274
74 278
75 80
75 81
75 89
75 134
75 141
75 145
75 148
75 155
75 160
75 169
75 171
75 172
75 214
75 219
75 241
75 248
75 260
75 274
75 278
76 80
76 81
76 89
76 141
76 145
76 148
76 155
76 160
76 169
76 171
76 172
76 214
76 219
76 241
76 248
76 260
76 274
76 278
77 80
77 81
77 89
77 141
77 145
77 148
77 155
77 160
77 169
77 171
77 172
77 214
77 219
77 241
77 248
77 260
77 274
77 278
78 80
78 81
78 85
78 89
78 113
78 141
78 145
78 148
78 155
78 160
78 171
78 172
78 199
78 211
78 214
78 219
78 248
78 260
78 274
78 278
79 80
79 85
79 89
79 113
79 141
79 145
79 148
79 155
79 160
79 171
79 172
79 199
79 204
79 211
79 214
79 219
79 244
79 248
79 260
79 274
79 278
80 80
80 85
80 89
80 113
80 118
80 141
80 145
80 148
80 155
80 160
80 171
80 172
80 199
80 204
80 211
80 214
80 219
80 244
80 248
80 260
80 274
80 278
81 80
81 85
81 89
81 113
81 141
81 145
81 147
81 148
81 155
81 160
81 171
81 199
81 204
81 211
81 214
81 219
81 244
81 248
81 260
81 274
81 278
82 80
82 89
82 113
82 141
82 145
82 147
82 148
82 155
82 160
82 171
82 199
82 204
82 214
82 219
82 244
82 248
82 260
82 274
82 278
83 80
83 89
83 113
83 116
83 141
83 145
83 148
83 155
83 160
83 166
83 171
83 199
83 204
83 214
83 219
83 244
83 247
83 260
83 274
83 278
84 80
84 89
84 113
84 141
84 145
84 155
84 160
84 166
84 171
84 199
84 204
84 214
84 219
84 244
84 247
84 260
84 274
84 278
85 80
85 89
85 113
85 125
85 136
85 138
85 141
85 145
85 154
85 155
85 160
85 166
85 171
85 199
85 204
85 214
85 219
85 244
85 247
85 260
85 274
85 278
86 80
86 89
86 113
86 125
86 138
86 145
86 154
86 155
86 166
86 171
86 199
86 204
86 219
86 244
86 247
86 260
86 274
86 278
87 89
87 125
87 128
87 154
87 155
87 168
87 171
87 199
87 204
87 244
87 247
87 260
87 274
87 278
88 89
88 125
88 128
88 154
88 168
88 171
88 199
88 204
88 244
88 247
88 260
88 274
89 89
89 128
89 154
89 171
89 199
89 204
89 244
89 247
89 259
89 274
90 89
90 101
90 105
90 128
90 135
90 154
90 171
90 199
90 204
90 244
90 247
90 259
90 274
90 277
91 89
91 101
91 105
91 128
91 135
91 154
91 171
91 199
91 204
91 244
91 247
91 259
91 274
91 277
92 89
92 101
92 105
92 128
92 135
92 154
92 171
92 199
92 204
92 244
92 247
92 259
92 274
92 277
93 89
93 101
93 105
93 128
93 135
93 154
93 171
93 199
93 204
93 244
93 247
93 259
93 274
93 277
94 89
94 101
94 128
94 135
94 153
94 154
94 199
94 204
94 244
94 247
94 259
94 274
94 277
95 89
95 123
95 128
95 135
95 153
95 154
95 204
95 247
95 259
95 272
95 277
96 89
96 123
96 128
96 135
96 153
96 154
96 204
96 247
96 259
96 272
96 277
97 89
97 123
97 128
97 135
97 153
97 154
97 204
97 247
97 259
97 272
97 277
98 89
98 115
98 123
98 128
98 135
98 153
98 154
98 259
98 272
98 277
99 89
99 115
99 123
99 128
99 135
99 153
99 154
99 259
99 272
99 277
100 107
100 115
100 123
100 128
100 153
100 154
100 210
100 259
100 272
100 277
101 107
101 115
101 123
101 128
101 153
101 154
101 210
101 256
101 259
101 272
101 277
102 107
102 115
102 123
102 128
102 153
102 154
102 210
102 220
102 256
102 259
102 272
102 277
103 107
103 115
103 128
103 153
103 154
103 210
103 220
103 256
103 259
103 272
103 277
103 282
104 107
104 115
104 128
104 153
104 154
104 220
104 256
104 259
104 272
104 277
104 282
105 107
105 115
105 128
105 153
105 154
105 217
105 220
105 256
105 259
105 272
105 277
105 282
106 107
106 115
106 128
106 132
106 151
106 153
106 154
106 156
106 217
106 220
106 256
106 259
106 272
106 277
106 282
107 107
107 115
107 128
107 132
107 143
107 151
107 153
107 156
107 201
107 217
107 220
107 256
107 272
107 277
107 282
108 115
108 128
108 132
108 143
108 144
108 151
108 153
108 156
108 201
108 220
108 256
108 272
108 277
108 282
109 115
109 132
109 143
109 144
109 151
109 156
109 189
109 201
109 216
109 220
109 228
109 256
109 272
109 277
109 282
110 115
110 132
110 143
110 144
110 151
110 156
110 189
110 201
110 216
110 220
110 228
110 256
110 272
110 277
110 282
111 115
111 143
111 144
111 151
111 156
111 181
111 189
111 201
111 207
111 216
111 220
111 228
111 256
111 272
111 277
111 280
111 282
112 115
112 143
112 144
112 151
112 156
112 181
112 189
112 201
112 207
112 216
112 220
112 228
112 256
112 272
112 277
112 280
112 282
113 115
113 143
113 144
113 149
113 151
113 181
113 189
113 201
113 207
113 216
113 220
113 228
113 256
113 277
113 280
113 282
114 115
114 126
114 149
114 151
114 181
114 189
114 201
114 207
114 216
114 220
114 228
114 256
114 262
114 277
114 280
114 282
115 115
115 126
115 149
115 151
115 181
115 189
115 201
115 207
115 216
115 220
115 228
115 256
115 262
115 277
115 280
115 282
116 115
116 126
116 130
116 149
116 151
116 162
116 181
116 189
116 201
116 207
116 216
116 220
116 228
116 256
116 262
116 280
116 282
117 115
117 126
117 130
117 149
117 151
117 162
117 181
117 189
117 201
117 207
117 216
117 220
117 228
117 256
117 262
117 280
117 282
118 115
118 126
118 130
118 133
118 149
118 151
118 162
118 181
118 189
118 201
118 207
118 216
118 220
118 228
118 256
118 262
118 280
118 282
119 115
119 126
119 130
119 133
119 149
119 151
119 162
119 181
119 189
119 201
119 207
119 212
119 216
119 220
119 228
119 262
119 280
119 282
120 115
120 126
120 130
120 133
120 149
120 151
120 162
120 181
120 189
120 201
120 207
120 212
120 216
120 220
120 228
120 262
120 280
120 282
121 115
121 126
121 130
121 133
121 149
121 151
121 162
121 181
121 189
121 201
121 207
121 212
121 216
121 220
121 228
121 246
121 262
121 264
121 267
121 280
121 282
122 115
122 126
122 130
122 133
122 149
122 151
122 162
122 180
122 181
122 189
122 201
122 207
122 212
122 216
122 220
122 228
122 246
122 262
122 264
122 267
122 280
122 282
123 115
123 126
123 130
123 133
123 149
123 151
123 162
123 180
123 181
123 189
123 201
123 207
123 212
123 216
123 220
123 228
123 246
123 262
123 264
123 267
123 280
123 282
124 115
124 126
124 130
124 133
124 149
124 151
124 162
124 180
124 181
124 189
124 201
124 207
124 212
124 216
124 220
124 228
124 246
124 262
124 264
124 267
124 280
124 282
125 115
125 126
125 130
125 133
125 149
125 151
125 162
125 180
125 181
125 189
125 201
125 207
125 212
125 216
125 220
125 228
125 246
125 262
125 264
125 267
125 280
125 282
126 126
126 130
126 133
126 149
126 151
126 162
126 180
126 181
126 189
126 201
126 207
126 212
126 216
126 220
126 228
126 246
126 262
126 264
126 267
126 280
126 282
127 126
127 130
127 133
127 149
127 162
127 181
127 189
127 201
127 207
127 212
127 216
127 220
127 228
127 246
127 262
127 264
127 267
127 280
128 126
128 130
128 133
128 149
128 162
128 181
128 189
128 201
128 207
128 212
128 216
128 220
128 228
128 246
128 262
128 264
128 267
128 280
129 126
129 130
129 133
129 149
129 162
129 181
129 189
129 196
129 201
129 207
129 212
129 216
129 220
129 228
129 246
129 262
129 264
129 267
129 280
130 131
130 133
130 162
130 181
130 183
130 189
130 207
130 212
130 216
130 220
130 228
130 262
130 264
130 267
130 280
131 131
131 133
131 162
131 181
131 183
131 189
131 207
131 212
131 216
131 220
131 228
131 262
131 264
131 267
131 280
132 131
132 133
132 162
132 170
132 181
132 183
132 189
132 207
132 212
132 216
132 220
132 228
132 262
132 264
132 267
132 280
133 131
133 162
133 167
133 170
133 181
133 183
133 184
133 189
133 207
133 212
133 216
133 220
133 228
133 262
133 264
133 267
134 162
134 167
134 170
134 181
134 183
134 184
134 189
134 207
134 212
134 216
134 220
134 228
134 262
134 264
134 267
135 162
135 167
135 170
135 181
135 183
135 184
135 189
135 207
135 212
135 216
135 220
135 262
135 264
135 267
136 162
136 167
136 170
136 181
136 183
136 184
136 189
136 207
136 212
136 216
136 220
136 236
136 262
136 264
136 267
137 162
137 167
137 170
137 181
137 183
137 184
137 189
137 207
137 212
137 216
137 220
137 236
137 262
137 264
137 267
138 162
138 167
138 170
138 181
138 183
138 184
138 189
138 207
138 212
138 216
138 236
138 262
138 264
138 267
139 162
139 167
139 170
139 181
139 183
139 184
139 207
139 212
139 216
139 236
139 262
139 264
139 267
140 162
140 167
140 170
140 181
140 183
140 184
140 207
140 212
140 216
140 236
140 262
140 264
140 267
141 162
141 167
141 181
141 183
141 184
141 207
141 212
141 216
141 236
141 262
141 267
142 162
142 167
142 181
142 183
142 184
142 205
142 207
142 216
142 236
142 262
142 267
143 162
143 167
143 181
143 183
143 184
143 205
143 216
143 236
143 240
143 267
144 162
144 167
144 181
144 183
144 184
144 205
144 216
144 236
144 240
144 267
145 162
145 167
145 181
145 183
145 184
145 205
145 216
145 236
145 240
145 267
146 162
146 167
146 178
146 181
146 183
146 184
146 191
146 205
146 216
146 236
146 240
146 267
147 162
147 167
147 178
147 181
147 183
147 184
147 191
147 205
147 216
147 236
147 240
147 267
148 162
148 167
148 178
148 181
148 183
148 184
148 191
148 205
148 216
148 236
148 240
149 162
149 167
149 178
149 181
149 183
149 191
149 195
149 205
149 209
149 216
149 236
150 162
150 167
150 178
150 181
150 183
150 191
150 195
150 205
150 209
150 216
150 236
151 162
151 167
151 178
151 181
151 183
151 191
151 195
151 205
151 209
151 216
152 162
152 167
152 178
152 181
152 183
152 191
152 195
152 205
152 209
152 216
152 273
153 162
153 167
153 178
153 183
153 191
153 195
153 203
153 205
153 209
153 216
153 273
154 162
154 167
154 178
154 183
154 191
154 195
154 203
154 205
154 209
154 216
154 273
155 162
155 167
155 178
155 183
155 191
155 195
155 203
155 205
155 209
155 216
155 273
156 162
156 183
156 191
156 195
156 203
156 205
156 209
156 216
156 271
156 273
157 162
157 183
157 191
157 203
157 205
157 209
157 216
157 271
158 162
158 183
158 191
158 203
158 205
158 209
158 216
158 271
159 162
159 183
159 191
159 192
159 203
159 205
159 209
159 216
159 222
159 229
159 271
160 162
160 183
160 191
160 192
160 203
160 205
160 209
160 216
160 222
160 229
160 271
161 162
161 183
161 191
161 192
161 203
161 205
161 209
161 216
161 222
161 229
161 271
162 162
162 183
162 191
162 192
162 203
162 205
162 209
162 216
162 222
162 229
162 271
163 162
163 183
163 192
163 203
163 205
163 209
163 216
163 222
163 229
163 271
164 162
164 192
164 203
164 205
164 209
164 216
164 222
164 229
164 271
165 162
165 192
165 203
165 205
165 209
165 222
165 229
165 271
166 162
166 192
166 203
166 205
166 209
166 222
166 229
166 271
167 162
167 203
167 205
167 209
167 222
167 229
167 271
168 162
168 203
168 205
168 209
168 222
168 271
169 162
169 203
169 205
169 209
169 222
169 271
170 162
170 203
170 205
170 209
170 222
170 271
171 162
171 203
171 205
171 209
171 222
171 235
171 271
172 162
172 203
172 205
172 209
172 222
172 235
172 253
172 271
173 162
173 203
173 205
173 209
173 222
173 235
173 253
173 271
174 162
174 203
174 205
174 209
174 222
174 235
174 253
174 271
175 162
175 203
175 205
175 209
175 222
175 235
175 253
175 271
176 162
176 203
176 205
176 209
176 222
176 235
176 253
176 271
177 162
177 203
177 205
177 209
177 222
177 235
177 253
177 271
178 162
178 203
178 205
178 209
178 222
178 235
178 253
178 271
179 162
179 203
179 205
179 206
179 209
179 222
179 235
179 253
179 271
180 162
180 203
180 206
180 209
180 222
180 235
180 253
180 271
181 162
181 203
181 206
181 209
181 222
181 235
181 253
181 271
182 162
182 203
182 206
182 209
182 222
182 235
182 253
182 271
183 162
183 203
183 206
183 209
183 222
183 235
183 253
183 271
184 162
184 203
184 206
184 209
184 222
184 235
184 253
184 271
185 162
185 203
185 206
185 209
185 222
185 235
185 271
185 276
186 162
186 203
186 206
186 209
186 222
186 235
186 271
186 276
187 162
187 203
187 209
187 222
187 235
187 271
187 276
188 162
188 203
188 209
188 213
188 222
188 235
188 271
188 276
189 162
189 203
189 209
189 213
189 222
189 235
189 271
189 276
190 162
190 203
190 209
190 213
190 222
190 235
190 271
190 276
191 162
191 203
191 209
191 213
191 222
191 235
191 271
191 276
192 203
192 209
192 213
192 218
192 222
192 225
192 235
192 250
192 276
193 203
193 209
193 213
193 222
193 225
193 235
193 250
193 276
194 209
194 213
194 222
194 225
194 235
194 276
195 209
195 213
195 222
195 225
195 235
195 255
195 276
196 209
196 213
196 222
196 225
196 235
196 255
196 276
197 209
197 213
197 222
197 225
197 231
197 235
197 255
197 276
198 209
198 213
198 222
198 225
198 231
198 235
198 255
198 276
199 209
199 213
199 222
199 225
199 231
199 235
199 255
199 276
200 209
200 213
200 222
200 225
200 231
200 235
200 255
200 276
201 213
201 222
201 225
201 235
201 276
202 213
202 222
202 225
202 235
202 276
203 213
203 222
203 225
203 235
203 276
204 213
204 222
204 235
204 276
205 222
205 235
205 276
206 222
206 235
207 222
207 233
207 235
207 251
208 222
208 233
208 235
208 249
208 251
209 222
209 233
209 235
209 251
210 222
210 233
210 235
210 251
210 283
211 222
211 233
211 235
211 251
211 283
212 222
212 233
212 235
212 251
212 283
213 222
213 233
213 235
213 251
213 283
214 222
214 233
214 235
214 251
214 283
215 222
215 233
215 235
215 251
215 283
216 222
216 233
216 234
216 235
216 242
216 251
216 258
216 266
216 283
217 222
217 233
217 235
217 242
217 251
217 258
217 266
217 283
218 222
218 233
218 235
218 242
218 251
218 258
218 266
218 283
219 222
219 233
219 235
219 242
219 251
219 258
219 266
219 283
220 222
220 233
220 235
220 242
220 251
220 258
220 265
220 266
220 283
221 222
221 233
221 242
221 251
221 258
221 265
221 266
221 283
222 222
222 233
222 242
222 251
222 258
222 265
222 266
222 283
223 222
223 242
223 251
223 258
223 265
223 266
223 283
224 222
224 242
224 251
224 258
224 265
224 266
224 283
225 222
225 242
225 251
225 258
225 265
225 266
225 283
226 222
226 251
226 258
226 265
226 266
226 281
226 283
227 222
227 251
227 258
227 265
227 266
227 281
227 283
228 222
228 251
228 258
228 265
228 266
228 281
228 283
229 222
229 251
229 258
229 265
229 266
229 281
229 283
230 222
230 258
230 265
230 266
230 281
230 283
231 222
231 258
231 265
231 266
231 281
231 283
232 222
232 258
232 265
232 266
232 281
232 283
233 222
233 258
233 265
233 266
233 281
233 283
234 222
234 258
234 265
234 281
234 283
235 222
235 258
235 265
235 281
235 283
236 222
236 258
236 265
236 281
236 283
237 222
237 258
237 265
237 281
237 283
238 222
238 258
238 265
238 281
238 283
239 258
239 265
239 268
239 283
240 258
240 265
240 268
240 283
241 258
241 265
241 268
241 270
241 283
242 258
242 265
242 268
242 270
242 283
243 258
243 265
243 268
243 270
243 283
244 258
244 265
244 268
244 270
244 283
245 258
245 265
245 268
245 270
245 283
246 258
246 265
246 268
246 283
247 258
247 265
247 268
247 283
248 258
248 265
248 268
248 283
249 258
249 265
249 268
249 283
250 258
250 265
250 268
250 283
251 258
251 265
251 268
251 283
252 265
252 268
252 283
253 265
253 268
253 283
254 268
254 283
255 268
255 283
256 268
256 283
257 268
257 283
258 268
258 283
259 268
259 283
260 268
260 283
261 268
261 283
262 268
262 283
263 268
263 283
264 268
264 283
265 268
265 283
266 268
266 283
267 268
268 268
269 268
270 268
271 268
272 268
273 268
274 268
275 268
276 268
277 268
278 268
279 268
280 268
281 268
282 268
283 268
284 268
