0 18
0 39
0 44
0 54
0 71
0 100
0 112
1 18
1 39
1 44
1 54
1 71
1 100
1 112
1 174
1 193
2 9
2 18
2 39
2 44
2 54
2 71
2 85
2 100
2 112
2 174
2 193
3 18
3 24
3 32
3 39
3 44
3 54
3 71
3 85
3 100
3 112
3 174
3 193
4 18
4 24
4 32
4 39
4 44
4 54
4 56
4 85
4 100
4 112
4 174
4 193
5 8
5 14
5 31
5 32
5 37
5 44
5 54
5 56
5 85
5 100
5 140
5 174
5 193
5 223
5 245
6 8
6 14
6 31
6 32
6 37
6 44
6 54
6 56
6 85
6 100
6 140
6 174
6 193
6 223
6 245
7 13
7 16
7 31
7 32
7 37
7 44
7 54
7 56
7 85
7 100
7 140
7 174
7 193
7 223
7 234
7 245
8 13
8 21
8 31
8 32
8 36
8 37
8 44
8 49
8 54
8 56
8 74
8 85
8 140
8 174
8 193
8 223
8 234
8 245
9 13
9 21
9 31
9 32
9 36
9 37
9 44
9 49
9 54
9 56
9 74
9 85
9 140
9 174
9 193
9 223
9 234
9 245
10 21
10 23
10 27
10 43
10 44
10 54
10 56
10 62
10 64
10 140
10 174
10 187
10 193
10 227
10 234
10 245
11 21
11 23
11 27
11 43
11 53
11 56
11 60
11 62
11 90
11 140
11 172
11 174
11 187
11 193
11 198
11 227
11 234
11 245
12 21
12 23
12 27
12 53
12 60
12 62
12 90
12 119
12 140
12 172
12 174
12 193
12 198
12 227
12 234
12 245
13 21
13 23
13 27
13 53
13 60
13 62
13 90
13 119
13 135
13 140
13 172
13 174
13 193
13 198
13 227
13 234
13 245
14 21
14 27
14 53
14 60
14 62
14 90
14 119
14 135
14 140
14 172
14 174
14 193
14 198
14 227
14 234
14 245
15 53
15 60
15 62
15 81
15 90
15 119
15 135
15 140
15 172
15 174
15 193
15 198
15 227
15 234
15 245
16 25
16 45
16 53
16 58
16 60
16 61
16 62
16 81
16 88
16 90
16 102
16 119
16 124
16 125
16 135
16 140
16 164
16 174
16 190
16 193
16 227
16 234
16 245
17 25
17 45
17 53
17 58
17 60
17 61
17 62
17 81
17 88
17 90
17 102
17 119
17 124
17 125
17 135
17 140
17 164
17 174
17 190
17 193
17 227
17 234
17 245
18 20
18 22
18 34
18 35
18 53
18 58
18 60
18 61
18 62
18 79
18 81
18 88
18 90
18 124
18 125
18 135
18 150
18 154
18 164
18 174
18 190
18 193
18 227
18 234
18 243
18 245
19 20
19 22
19 34
19 35
19 53
19 58
19 60
19 61
19 62
19 79
19 81
19 88
19 90
19 124
19 125
19 135
19 150
19 154
19 164
19 174
19 190
19 193
19 227
19 234
19 243
19 245
20 20
20 22
20 34
20 35
20 53
20 58
20 60
20 61
20 62
20 79
20 81
20 88
20 90
20 124
20 125
20 135
20 150
20 154
20 164
20 174
20 190
20 193
20 227
20 234
20 243
20 245
21 34
21 35
21 53
21 59
21 61
21 62
21 79
21 81
21 88
21 90
21 124
21 135
21 150
21 154
21 174
21 183
21 190
21 193
21 210
21 227
21 234
21 254
22 34
22 35
22 48
22 53
22 59
22 61
22 62
22 79
22 81
22 88
22 124
22 135
22 150
22 154
22 174
22 183
22 190
22 193
22 210
22 227
22 234
22 254
23 34
23 48
23 53
23 59
23 61
23 62
23 79
23 81
23 88
23 124
23 135
23 150
23 154
23 174
23 183
23 190
23 193
23 210
23 227
23 234
23 254
24 48
24 53
24 61
24 62
24 79
24 81
24 88
24 108
24 124
24 150
24 154
24 174
24 183
24 190
24 193
24 210
24 227
24 234
25 48
25 53
25 61
25 79
25 81
25 88
25 108
25 124
25 150
25 154
25 174
25 183
25 190
25 193
25 210
25 227
25 234
26 48
26 53
26 79
26 81
26 88
26 99
26 108
26 110
26 124
26 150
26 154
26 174
26 186
26 190
26 193
26 201
26 210
26 216
26 227
26 234
27 41
27 42
27 48
27 53
27 79
27 81
27 88
27 99
27 108
27 110
27 118
27 124
27 150
27 174
27 186
27 190
27 193
27 201
27 210
27 215
27 216
27 227
27 234
28 41
28 42
28 48
28 53
28 68
28 79
28 81
28 88
28 99
28 108
28 110
28 150
28 174
28 186
28 190
28 193
28 201
28 210
28 215
28 216
28 227
28 234
29 41
29 42
29 48
29 53
29 68
29 79
29 81
29 88
29 99
29 108
29 110
29 150
29 174
29 186
29 190
29 193
29 201
29 210
29 215
29 216
29 227
29 234
30 41
30 42
30 48
30 53
30 68
30 79
30 81
30 88
30 99
30 108
30 110
30 150
30 174
30 186
30 190
30 193
30 201
30 210
30 215
30 216
30 227
30 234
31 42
31 68
31 79
31 81
31 99
31 108
31 110
31 150
31 174
31 186
31 190
31 193
31 201
31 210
31 215
31 216
31 227
31 234
31 241
32 42
32 68
32 77
32 79
32 81
32 99
32 108
32 110
32 161
32 174
32 190
32 193
32 201
32 210
32 215
32 216
32 217
32 225
32 227
32 234
32 241
33 42
33 77
33 79
33 81
33 99
33 110
33 161
33 174
33 190
33 193
33 201
33 210
33 215
33 216
33 217
33 225
33 227
33 234
33 241
34 42
34 79
34 81
34 99
34 110
34 161
34 174
34 190
34 193
34 201
34 210
34 215
34 216
34 217
34 225
34 227
34 234
34 241
35 42
35 79
35 81
35 99
35 109
35 110
35 161
35 174
35 190
35 193
35 201
35 210
35 215
35 216
35 217
35 225
35 227
35 234
35 241
36 99
36 109
36 110
36 133
36 144
36 161
36 174
36 185
36 190
36 193
36 199
36 201
36 210
36 213
36 215
36 216
36 217
36 225
36 226
36 234
36 238
36 241
36 257
36 259
36 282
37 99
37 109
37 110
37 133
37 137
37 144
37 161
37 174
37 185
37 190
37 193
37 199
37 201
37 210
37 213
37 215
37 216
37 217
37 225
37 226
37 234
37 238
37 241
37 257
37 259
37 282
38 47
38 70
38 99
38 109
38 110
38 117
38 133
38 137
38 144
38 161
38 174
38 185
38 190
38 193
38 199
38 201
38 210
38 213
38 215
38 216
38 217
38 225
38 226
38 234
38 238
38 241
38 257
38 259
38 282
39 47
39 50
39 70
39 73
39 98
39 99
39 110
39 117
39 121
39 133
39 137
39 144
39 145
39 161
39 174
39 185
39 190
39 193
39 199
39 201
39 207
39 209
39 210
39 213
39 216
39 217
39 225
39 226
39 234
39 238
39 241
39 244
39 251
39 257
39 259
39 282
40 47
40 67
40 70
40 73
40 98
40 110
40 117
40 133
40 137
40 141
40 144
40 145
40 151
40 161
40 162
40 174
40 190
40 193
40 199
40 201
40 207
40 210
40 213
40 216
40 217
40 225
40 226
40 234
40 238
40 241
40 244
40 251
40 257
40 259
40 280
40 282
41 47
41 67
41 70
41 73
41 98
41 110
41 117
41 133
41 137
41 141
41 144
41 145
41 151
41 161
41 162
41 174
41 182
41 190
41 193
41 199
41 201
41 207
41 208
41 210
41 213
41 216
41 217
41 225
41 226
41 234
41 238
41 241
41 244
41 251
41 257
41 259
41 280
41 282
42 47
42 67
42 70
42 73
42 98
42 110
42 117
42 133
42 137
42 141
42 144
42 145
42 151
42 161
42 162
42 174
42 182
42 193
42 199
42 201
42 207
42 208
42 210
42 213
42 216
42 225
42 226
42 234
42 238
42 241
42 242
42 244
42 251
42 257
42 259
42 280
42 282
43 47
43 55
43 67
43 70
43 73
43 98
43 101
43 110
43 113
43 117
43 133
43 137
43 141
43 144
43 145
43 148
43 151
43 161
43 162
43 174
43 182
43 199
43 201
43 207
43 208
43 210
43 213
43 216
43 225
43 226
43 234
43 238
43 241
43 242
43 251
43 257
43 259
43 265
43 280
43 282
44 47
44 55
44 67
44 70
44 73
44 98
44 101
44 110
44 113
44 117
44 133
44 137
44 141
44 144
44 145
44 148
44 151
44 161
44 162
44 174
44 175
44 182
44 199
44 201
44 207
44 208
44 210
44 213
44 216
44 225
44 226
44 234
44 238
44 241
44 242
44 251
44 257
44 259
44 265
44 280
44 282
45 55
45 57
45 67
45 70
45 73
45 87
45 98
45 101
45 110
45 113
45 117
45 133
45 137
45 141
45 144
45 145
45 148
45 151
45 161
45 162
45 175
45 182
45 199
45 201
45 207
45 208
45 210
45 213
45 216
45 225
45 226
45 234
45 238
45 241
45 242
45 251
45 257
45 259
45 265
45 280
45 282
46 55
46 57
46 67
46 70
46 73
46 78
46 87
46 98
46 101
46 110
46 113
46 117
46 133
46 141
46 144
46 145
46 148
46 151
46 161
46 175
46 182
46 199
46 201
46 207
46 208
46 210
46 213
46 216
46 225
46 226
46 234
46 238
46 241
46 242
46 251
46 257
46 259
46 265
46 280
47 57
47 65
47 67
47 70
47 73
47 78
47 86
47 98
47 101
47 110
47 113
47 117
47 133
47 141
47 144
47 145
47 148
47 151
47 161
47 175
47 182
47 199
47 201
47 207
47 208
47 210
47 213
47 216
47 225
47 226
47 234
47 238
47 241
47 242
47 251
47 257
47 259
47 265
47 280
48 51
48 57
48 65
48 67
48 70
48 73
48 86
48 98
48 101
48 110
48 113
48 117
48 133
48 136
48 141
48 144
48 145
48 148
48 151
48 161
48 175
48 182
48 199
48 201
48 207
48 208
48 210
48 213
48 216
48 225
48 226
48 234
48 238
48 241
48 242
48 251
48 257
48 259
48 265
48 280
49 51
49 57
49 65
49 67
49 70
49 73
49 86
49 98
49 101
49 110
49 113
49 117
49 133
49 136
49 141
49 144
49 145
49 148
49 151
49 161
49 175
49 182
49 199
49 201
49 207
49 208
49 210
49 213
49 216
49 225
49 226
49 234
49 238
49 241
49 242
49 251
49 257
49 259
49 265
49 280
50 57
50 65
50 67
50 70
50 73
50 86
50 98
50 101
50 110
50 117
50 133
50 136
50 144
50 145
50 148
50 149
50 151
50 161
50 175
50 182
50 199
50 201
50 207
50 208
50 210
50 213
50 216
50 225
50 226
50 234
50 238
50 241
50 242
50 251
50 257
50 259
50 265
51 57
51 65
51 70
51 73
51 86
51 96
51 98
51 101
51 110
51 116
51 117
51 133
51 136
51 144
51 148
51 149
51 151
51 161
51 175
51 182
51 199
51 201
51 207
51 208
51 213
51 216
51 225
51 226
51 234
51 238
51 242
51 251
51 257
51 259
51 265
52 57
52 65
52 70
52 73
52 86
52 96
52 98
52 101
52 110
52 116
52 117
52 133
52 136
52 144
52 148
52 149
52 151
52 161
52 175
52 182
52 199
52 201
52 207
52 208
52 213
52 216
52 225
52 226
52 234
52 238
52 242
52 251
52 257
52 259
52 265
53 57
53 65
53 70
53 73
53 86
53 96
53 98
53 101
53 110
53 116
53 117
53 133
53 136
53 144
53 148
53 149
53 151
53 175
53 182
53 199
53 201
53 207
53 208
53 213
53 216
53 225
53 226
53 234
53 238
53 242
53 251
53 257
53 259
53 265
54 65
54 69
54 70
54 72
54 86
54 96
54 101
54 110
54 117
54 133
54 144
54 148
54 149
54 151
54 175
54 182
54 199
54 208
54 213
54 216
54 225
54 226
54 238
54 242
54 251
54 259
54 265
55 65
55 69
55 72
55 84
55 86
55 97
55 101
55 105
55 110
55 117
55 144
55 148
55 149
55 151
55 160
55 182
55 199
55 208
55 212
55 213
55 216
55 225
55 238
55 242
55 251
55 259
55 265
56 65
56 69
56 72
56 84
56 86
56 97
56 101
56 105
56 117
56 144
56 148
56 149
56 151
56 160
56 199
56 208
56 212
56 213
56 216
56 225
56 238
56 242
56 251
56 259
56 265
57 65
57 69
57 72
57 83
57 84
57 86
57 97
57 101
57 105
57 117
57 148
57 149
57 151
57 155
57 160
57 169
57 199
57 208
57 212
57 213
57 216
57 225
57 238
57 242
57 251
57 259
57 265
58 65
58 69
58 72
58 83
58 84
58 86
58 97
58 101
58 105
58 117
58 148
58 149
58 151
58 155
58 160
58 169
58 199
58 208
58 212
58 213
58 216
58 225
58 238
58 242
58 251
58 259
58 265
59 63
59 65
59 69
59 72
59 83
59 84
59 86
59 94
59 97
59 101
59 105
59 117
59 148
59 149
59 151
59 155
59 160
59 169
59 199
59 208
59 212
59 213
59 225
59 238
59 242
59 251
59 259
59 265
60 63
60 65
60 72
60 83
60 84
60 86
60 93
60 94
60 97
60 101
60 143
60 148
60 151
60 155
60 160
60 208
60 212
60 213
60 225
60 236
60 238
60 242
60 251
60 259
60 265
61 63
61 65
61 72
61 76
61 83
61 86
61 93
61 94
61 97
61 143
61 148
61 155
61 160
61 163
61 208
61 212
61 213
61 225
61 236
61 238
61 242
61 251
61 259
61 265
62 65
62 76
62 83
62 94
62 97
62 104
62 142
62 143
62 148
62 155
62 160
62 163
62 197
62 205
62 208
62 212
62 213
62 236
62 251
62 259
62 265
62 279
63 65
63 76
63 83
63 94
63 97
63 104
63 142
63 143
63 148
63 155
63 160
63 163
63 197
63 205
63 208
63 212
63 213
63 236
63 251
63 259
63 265
63 279
64 65
64 76
64 83
64 94
64 97
64 104
64 142
64 143
64 148
64 155
64 160
64 163
64 197
64 205
64 208
64 212
64 213
64 236
64 251
64 259
64 265
64 279
65 65
65 76
65 83
65 94
65 97
65 104
65 142
65 143
65 148
65 155
65 160
65 163
65 197
65 205
65 208
65 212
65 213
65 236
65 251
65 259
65 265
65 279
66 65
66 83
66 94
66 97
66 104
66 123
66 142
66 143
66 148
66 155
66 160
66 163
66 197
66 205
66 208
66 212
66 213
66 236
66 259
66 279
67 83
67 94
67 97
67 104
67 123
67 142
67 143
67 148
67 155
67 160
67 163
67 197
67 205
67 208
67 212
67 213
67 236
67 259
67 279
68 83
68 89
68 94
68 104
68 142
68 148
68 155
68 160
68 163
68 173
68 178
68 195
68 197
68 205
68 208
68 212
68 213
68 221
68 236
68 237
68 259
68 279
69 83
69 89
69 94
69 104
69 120
69 131
69 142
69 148
69 155
69 160
69 163
69 173
69 178
69 195
69 197
69 205
69 208
69 212
69 213
69 221
69 236
69 237
69 259
69 279
70 83
70 94
70 104
70 120
70 131
70 142
70 148
70 155
70 160
70 163
70 173
70 178
70 195
70 197
70 205
70 208
70 212
70 213
70 221
70 236
70 237
70 259
70 279
71 83
71 94
71 104
71 120
71 131
71 142
71 148
71 155
71 160
71 163
71 173
71 178
71 195
71 197
71 205
71 208
71 212
71 213
71 221
71 236
71 237
71 259
71 279
72 83
72 91
72 104
72 120
72 131
72 142
72 148
72 155
72 160
72 163
72 173
72 178
72 195
72 197
72 205
72 208
72 212
72 213
72 236
72 237
72 259
72 279
73 83
73 91
73 104
73 120
73 131
73 142
73 148
73 155
73 160
73 163
73 173
73 178
73 195
73 197
73 205
73 208
73 212
73 213
73 236
73 237
73 259
73 279
74 83
74 91
74 104
74 120
74 131
74 142
74 148
74 155
74 160
74 163
74 173
74 178
74 195
74 197
74 205
74 208
74 212
74 213
74 236
74 237
74 259
74 279
75 83
75 91
75 104
75 120
75 131
75 142
75 148
75 155
75 160
75 163
75 173
75 178
75 195
75 197
75 205
75 208
75 212
75 213
75 236
75 237
75 259
75 279
76 83
76 91
76 104
76 120
76 131
76 142
76 148
76 155
76 163
76 173
76 178
76 195
76 197
76 205
76 212
76 213
76 236
76 237
76 259
76 279
77 83
77 91
77 104
77 120
77 131
77 142
77 148
77 155
77 163
77 173
77 178
77 195
77 197
77 205
77 212
77 213
77 236
77 237
77 259
77 279
78 83
78 91
78 103
78 104
78 106
78 120
78 131
78 148
78 155
78 163
78 170
78 173
78 178
78 197
78 205
78 212
78 213
78 229
78 236
78 237
78 259
78 279
79 82
79 83
79 91
79 103
79 104
79 120
79 131
79 148
79 155
79 163
79 170
79 173
79 178
79 197
79 205
79 212
79 213
79 229
79 236
79 237
79 279
80 82
80 83
80 103
80 104
80 120
80 131
80 148
80 163
80 170
80 173
80 178
80 197
80 205
80 212
80 213
80 229
80 236
80 237
80 279
81 82
81 83
81 104
81 115
81 120
81 131
81 148
81 163
81 170
81 173
81 197
81 205
81 212
81 213
81 229
81 236
81 237
81 279
82 82
82 83
82 104
82 120
82 131
82 148
82 163
82 170
82 173
82 197
82 205
82 212
82 213
82 229
82 236
82 237
82 279
83 82
83 83
83 104
83 120
83 131
83 148
83 163
83 170
83 173
83 197
83 205
83 212
83 213
83 229
83 236
83 237
83 279
84 104
84 120
84 127
84 131
84 148
84 163
84 170
84 173
84 197
84 205
84 212
84 213
84 229
84 236
84 237
84 279
85 104
85 120
85 127
85 131
85 148
85 163
85 170
85 173
85 197
85 205
85 212
85 213
85 229
85 236
85 237
85 279
86 104
86 120
86 127
86 131
86 148
86 163
86 170
86 173
86 197
86 205
86 213
86 229
86 236
86 237
86 279
87 104
87 120
87 127
87 131
87 148
87 163
87 170
87 173
87 197
87 205
87 213
87 229
87 236
87 237
87 279
88 104
88 120
88 131
88 148
88 163
88 173
88 205
88 213
88 229
88 236
88 237
88 279
88 283
89 104
89 120
89 131
89 148
89 163
89 173
89 192
89 205
89 213
89 229
89 236
89 237
89 279
89 283
90 104
90 120
90 131
90 148
90 163
90 173
90 192
90 205
90 213
90 229
90 236
90 237
90 279
90 283
91 104
91 120
91 122
91 131
91 147
91 148
91 163
91 173
91 176
91 192
91 204
91 205
91 229
91 236
91 237
91 279
91 283
92 104
92 120
92 122
92 131
92 147
92 148
92 163
92 173
92 176
92 192
92 204
92 205
92 229
92 236
92 237
92 279
92 283
93 104
93 120
93 122
93 131
93 147
93 148
93 163
93 173
93 176
93 192
93 204
93 205
93 218
93 229
93 236
93 237
93 279
93 283
94 104
94 120
94 122
94 131
94 147
94 148
94 163
94 173
94 176
94 192
94 204
94 205
94 218
94 229
94 236
94 237
94 279
94 283
95 104
95 120
95 122
95 129
95 131
95 147
95 148
95 163
95 173
95 176
95 192
95 204
95 205
95 218
95 229
95 236
95 237
95 279
95 283
96 104
96 120
96 122
96 129
96 131
96 147
96 148
96 163
96 173
96 176
96 192
96 204
96 205
96 218
96 229
96 236
96 237
96 279
96 283
97 104
97 120
97 122
97 129
97 131
97 147
97 148
97 163
97 173
97 176
97 192
97 204
97 205
97 218
97 229
97 236
97 237
97 283
98 104
98 120
98 122
98 129
98 131
98 147
98 148
98 163
98 176
98 192
98 200
98 204
98 205
98 218
98 229
98 236
98 237
98 283
99 104
99 120
99 122
99 129
99 131
99 147
99 148
99 163
99 176
99 192
99 200
99 204
99 205
99 218
99 229
99 236
99 237
99 283
100 104
100 107
100 120
100 122
100 131
100 147
100 148
100 153
100 176
100 192
100 200
100 204
100 205
100 218
100 229
100 236
100 237
100 283
101 104
101 107
101 111
101 120
101 122
101 131
101 146
101 147
101 148
101 153
101 176
101 192
101 200
101 204
101 205
101 218
101 229
101 236
101 237
101 283
102 104
102 107
102 111
102 120
102 122
102 131
102 146
102 147
102 148
102 153
102 176
102 192
102 200
102 204
102 205
102 218
102 229
102 236
102 237
102 283
103 104
103 107
103 111
103 120
103 122
103 131
103 146
103 147
103 148
103 153
103 176
103 192
103 200
103 204
103 205
103 218
103 229
103 236
103 237
103 283
104 104
104 111
104 122
104 131
104 146
104 147
104 148
104 176
104 192
104 200
104 204
104 205
104 229
104 236
104 237
104 283
105 104
105 111
105 122
105 131
105 146
105 148
105 159
105 176
105 192
105 200
105 204
105 205
105 229
105 236
105 283
106 104
106 111
106 122
106 131
106 146
106 148
106 159
106 176
106 192
106 200
106 204
106 205
106 229
106 236
106 283
107 104
107 111
107 122
107 131
107 146
107 148
107 159
107 176
107 192
107 200
107 204
107 205
107 229
107 236
107 260
107 283
108 111
108 122
108 131
108 146
108 148
108 159
108 176
108 192
108 200
108 204
108 205
108 229
108 236
108 260
108 283
109 111
109 122
109 131
109 146
109 159
109 192
109 194
109 200
109 204
109 205
109 229
109 236
109 260
109 283
110 111
110 114
110 122
110 131
110 146
110 157
110 159
110 192
110 194
110 200
110 204
110 205
110 229
110 236
110 260
110 283
111 111
111 114
111 122
111 131
111 146
111 157
111 159
111 192
111 194
111 200
111 204
111 205
111 229
111 236
111 260
111 283
112 111
112 114
112 122
112 131
112 146
112 157
112 159
112 192
112 194
112 200
112 204
112 205
112 229
112 236
112 260
112 283
113 111
113 122
113 131
113 132
113 146
113 157
113 192
113 194
113 200
113 204
113 205
113 229
113 250
113 260
113 283
114 122
114 131
114 132
114 146
114 157
114 192
114 194
114 200
114 204
114 205
114 229
114 250
114 260
114 283
115 122
115 131
115 132
115 134
115 146
115 157
115 192
115 200
115 205
115 229
115 250
115 260
115 283
116 122
116 131
116 132
116 134
116 146
116 157
116 192
116 200
116 205
116 229
116 250
116 260
116 283
117 122
117 131
117 132
117 134
117 146
117 157
117 192
117 200
117 205
117 229
117 250
117 260
117 283
118 122
118 131
118 132
118 134
118 146
118 157
118 192
118 200
118 205
118 229
118 250
118 260
118 283
119 122
119 132
119 134
119 146
119 157
119 158
119 192
119 200
119 205
119 229
119 250
119 283
120 122
120 126
120 132
120 134
120 146
120 157
120 158
120 181
120 191
120 192
120 200
120 205
120 229
120 250
120 283
121 122
121 126
121 132
121 134
121 146
121 157
121 158
121 181
121 191
121 192
121 200
121 205
121 229
121 250
121 283
122 122
122 126
122 132
122 134
122 146
122 157
122 158
122 181
122 191
122 192
122 200
122 205
122 229
122 250
122 283
123 122
123 126
123 132
123 134
123 146
123 157
123 158
123 181
123 191
123 192
123 200
123 205
123 229
123 250
123 283
124 122
124 126
124 132
124 134
124 146
124 157
124 158
124 181
124 191
124 192
124 200
124 205
124 229
124 250
124 283
125 122
125 126
125 132
125 134
125 146
125 157
125 158
125 167
125 181
125 191
125 192
125 205
125 229
125 250
125 283
126 122
126 132
126 134
126 146
126 157
126 158
126 167
126 181
126 191
126 192
126 205
126 229
126 250
126 283
127 122
127 132
127 134
127 146
127 157
127 158
127 167
127 181
127 191
127 192
127 205
127 229
127 250
127 283
128 122
128 132
128 134
128 146
128 157
128 158
128 167
128 181
128 191
128 192
128 205
128 229
128 239
128 250
128 283
129 132
129 146
129 157
129 158
129 181
129 191
129 192
129 205
129 229
129 239
129 250
129 283
130 132
130 146
130 157
130 158
130 181
130 191
130 192
130 205
130 229
130 239
130 250
130 252
130 283
131 132
131 138
131 146
131 157
131 158
131 181
131 191
131 192
131 205
131 229
131 250
131 252
131 266
131 273
131 276
131 283
132 132
132 146
132 157
132 158
132 181
132 191
132 192
132 205
132 229
132 250
132 252
132 266
132 273
132 276
132 283
133 132
133 146
133 157
133 158
133 181
133 191
133 192
133 205
133 229
133 250
133 252
133 266
133 273
133 276
133 283
134 132
134 146
134 157
134 158
134 181
134 191
134 205
134 229
134 250
134 252
134 266
134 273
134 276
134 283
135 132
135 146
135 157
135 158
135 181
135 191
135 205
135 229
135 250
135 252
135 266
135 273
135 276
135 283
136 132
136 146
136 157
136 158
136 181
136 191
136 205
136 229
136 252
136 266
136 273
136 276
136 283
137 132
137 146
137 157
137 158
137 181
137 191
137 211
137 229
137 246
137 248
137 252
137 266
137 273
137 276
137 283
138 157
138 158
138 165
138 181
138 191
138 211
138 229
138 246
138 248
138 252
138 266
138 276
138 283
139 157
139 158
139 165
139 181
139 191
139 211
139 229
139 246
139 248
139 252
139 266
139 276
139 283
140 157
140 158
140 165
140 181
140 191
140 211
140 229
140 246
140 248
140 252
140 266
140 276
140 283
141 157
141 158
141 165
141 181
141 211
141 229
141 246
141 248
141 252
141 266
141 276
141 283
142 157
142 158
142 165
142 181
142 211
142 229
142 246
142 248
142 252
142 266
142 276
142 283
143 152
143 157
143 158
143 188
143 211
143 229
143 246
143 248
143 252
143 253
143 266
143 271
143 276
143 283
143 284
144 152
144 188
144 211
144 229
144 248
144 252
144 266
144 271
144 276
144 283
144 284
145 152
145 188
145 196
145 211
145 229
145 248
145 252
145 266
145 271
145 276
145 283
145 284
146 152
146 188
146 196
146 211
146 229
146 248
146 252
146 266
146 271
146 276
146 283
146 284
147 152
147 188
147 196
147 211
147 229
147 248
147 252
147 266
147 271
147 276
147 283
147 284
148 152
148 188
148 196
148 211
148 229
148 248
148 252
148 266
148 271
148 276
148 283
148 284
149 188
149 196
149 211
149 229
149 248
149 252
149 266
149 271
149 276
149 283
149 284
150 166
150 188
150 196
150 211
150 229
150 248
150 252
150 266
150 271
150 283
150 284
151 166
151 188
151 196
151 211
151 229
151 248
151 252
151 266
151 271
151 283
151 284
152 166
152 188
152 196
152 211
152 229
152 248
152 252
152 266
152 271
152 283
152 284
153 166
153 188
153 196
153 211
153 229
153 248
153 252
153 266
153 271
153 283
153 284
154 166
154 188
154 196
154 211
154 229
154 248
154 252
154 271
154 283
154 284
155 166
155 188
155 196
155 211
155 229
155 248
155 252
155 271
155 283
155 284
156 166
156 188
156 196
156 211
156 229
156 247
156 248
156 252
156 271
156 283
156 284
157 166
157 188
157 196
157 211
157 229
157 247
157 248
157 252
157 271
157 283
157 284
158 166
158 188
158 196
158 211
158 229
158 247
158 248
158 252
158 271
158 283
158 284
159 166
159 188
159 196
159 202
159 211
159 229
159 247
159 248
159 252
159 271
159 283
159 284
160 166
160 177
160 184
160 188
160 196
160 202
160 211
160 229
160 247
160 248
160 252
160 268
160 283
160 284
161 166
161 179
161 184
161 188
161 189
161 196
161 202
161 211
161 248
161 252
161 256
161 268
161 283
161 284
162 166
162 179
162 184
162 188
162 189
162 196
162 202
162 211
162 233
162 248
162 252
162 256
162 268
162 283
162 284
163 166
163 179
163 184
163 188
163 189
163 196
163 202
163 211
163 233
163 248
163 252
163 256
163 268
163 283
163 284
164 166
164 179
164 184
164 188
164 196
164 202
164 233
164 248
164 252
164 256
164 268
164 272
164 283
164 284
165 166
165 179
165 184
165 188
165 196
165 202
165 206
165 233
165 248
165 252
165 256
165 268
165 272
165 283
165 284
166 166
166 179
166 184
166 188
166 196
166 202
166 206
166 233
166 248
166 252
166 256
166 263
166 268
166 272
166 283
167 166
167 179
167 184
167 188
167 202
167 206
167 233
167 248
167 252
167 256
167 263
167 268
167 272
167 281
167 283
168 166
168 179
168 184
168 188
168 203
168 206
168 233
168 235
168 248
168 252
168 256
168 263
168 268
168 272
168 281
168 283
169 166
169 179
169 184
169 188
169 203
169 233
169 235
169 248
169 252
169 256
169 263
169 268
169 272
169 281
169 283
170 166
170 179
170 184
170 188
170 203
170 222
170 228
170 233
170 235
170 248
170 252
170 256
170 263
170 268
170 272
170 281
170 283
171 166
171 179
171 184
171 188
171 203
171 222
171 228
171 233
171 235
171 248
171 252
171 255
171 256
171 263
171 268
171 272
171 281
171 283
172 166
172 179
172 184
172 188
172 203
172 222
172 228
172 233
172 235
172 248
172 252
172 255
172 256
172 263
172 268
172 272
172 281
172 283
173 166
173 179
173 184
173 188
173 203
173 222
173 228
173 233
173 235
173 248
173 252
173 255
173 256
173 263
173 268
173 272
173 281
173 283
174 166
174 179
174 184
174 188
174 203
174 222
174 228
174 233
174 235
174 248
174 252
174 255
174 256
174 263
174 268
174 274
174 281
174 283
175 166
175 179
175 184
175 188
175 203
175 222
175 228
175 233
175 235
175 248
175 252
175 255
175 263
175 268
175 274
175 281
175 283
176 166
176 179
176 188
176 203
176 222
176 228
176 233
176 235
176 248
176 252
176 255
176 263
176 268
176 274
176 281
176 283
177 179
177 188
177 203
177 222
177 228
177 233
177 235
177 248
177 252
177 255
177 263
177 268
177 274
177 281
177 283
178 179
178 188
178 203
178 222
178 228
178 233
178 235
178 248
178 252
178 255
178 263
178 268
178 274
178 281
178 283
179 179
179 188
179 203
179 222
179 228
179 233
179 235
179 248
179 252
179 255
179 263
179 268
179 274
179 281
179 283
180 179
180 188
180 203
180 222
180 228
180 233
180 235
180 248
180 252
180 255
180 263
180 268
180 274
180 281
180 283
181 179
181 188
181 203
181 222
181 228
181 233
181 235
181 248
181 252
181 255
181 263
181 274
181 281
181 283
182 179
182 188
182 203
182 222
182 228
182 230
182 233
182 248
182 252
182 255
182 263
182 274
182 281
182 283
183 179
183 188
183 203
183 222
183 228
183 230
183 233
183 248
183 252
183 255
183 263
183 274
183 281
183 283
184 179
184 188
184 203
184 222
184 228
184 230
184 233
184 248
184 252
184 255
184 263
184 274
184 281
184 283
185 179
185 203
185 214
185 222
185 228
185 230
185 248
185 252
185 255
185 263
185 274
185 281
186 179
186 214
186 222
186 228
186 230
186 248
186 255
186 274
187 179
187 214
187 228
187 230
187 248
187 255
187 274
188 179
188 214
188 228
188 230
188 255
188 274
189 179
189 214
189 228
189 230
189 255
189 274
190 179
190 214
190 228
190 230
190 255
190 274
191 179
191 214
191 228
191 230
191 255
191 264
191 274
192 179
192 214
192 228
192 230
192 264
192 274
193 179
193 214
193 228
193 230
193 264
193 274
194 179
194 214
194 220
194 228
194 230
194 274
195 214
195 220
195 228
195 230
195 274
196 214
196 220
196 228
196 230
196 274
197 214
197 220
197 228
197 230
197 232
198 214
198 220
198 228
198 232
199 214
199 220
199 228
199 232
200 214
200 220
200 228
200 232
201 214
201 220
201 228
201 232
202 214
202 220
202 228
202 232
203 214
203 220
203 228
203 232
204 214
204 219
204 220
204 228
204 232
205 214
205 219
205 220
205 228
205 232
206 214
206 228
206 232
207 214
207 228
207 232
208 214
208 228
208 232
208 249
209 214
209 228
209 231
209 232
209 249
210 214
210 231
210 232
210 249
211 214
211 224
211 231
211 232
211 249
211 267
212 224
212 231
212 232
212 249
212 267
213 224
213 231
213 232
213 249
213 267
214 231
214 232
214 261
214 267
214 275
215 231
215 261
215 267
215 269
215 275
216 231
216 267
216 269
216 275
217 231
217 267
217 275
218 231
218 240
218 267
218 275
219 231
219 240
219 267
219 275
220 231
220 240
220 267
220 270
220 275
221 231
221 240
221 267
221 270
221 275
222 231
222 240
222 258
222 267
222 270
222 275
223 240
223 258
223 267
223 270
223 275
224 240
224 258
224 267
224 270
224 275
225 240
225 258
225 267
225 270
225 275
226 240
226 258
226 267
226 270
226 275
227 240
227 258
227 267
227 270
227 275
228 240
228 258
228 267
228 270
228 275
229 240
229 258
229 267
229 270
229 275
230 240
230 258
230 267
230 270
230 275
231 240
231 258
231 270
231 275
232 240
232 258
232 270
232 275
233 240
233 258
233 270
233 275
234 240
234 258
234 270
234 275
235 240
235 258
235 270
235 275
236 240
236 258
236 270
236 275
237 240
237 270
237 275
238 240
238 270
238 275
239 275
240 275
241 275
242 275
243 275
244 275
245 275
246 275
247 275
248 275
249 275
250 275
251 275
252 275
253 275
254 275
254 277
255 275
255 277
256 275
256 277
257 275
257 277
258 275
258 277
259 275
259 277
260 275
260 277
261 275
262 275
263 275
264 275
265 275
266 275
267 275
268 275
268 278
269 275
269 278
270 275
270 278
271 275
271 278
272 275
272 278
273 275
273 278
274 275
274 278
275 278
276 278
277 278
278 278
279 278
280 278
281 278
282 278
283 278
284 278
