0 10
0 56
0 61
0 66
0 70
0 96
0 114
0 118
0 232
1 56
1 61
1 66
1 70
1 96
1 114
1 118
1 225
1 232
2 44
2 56
2 61
2 66
2 70
2 73
2 78
2 96
2 114
2 118
2 225
2 232
3 24
3 25
3 43
3 56
3 70
3 78
3 96
3 114
3 128
3 141
3 193
3 225
3 232
4 43
4 56
4 63
4 78
4 114
4 128
4 141
4 193
4 225
4 232
5 43
5 56
5 63
5 78
5 114
5 128
5 141
5 193
5 225
5 232
6 43
6 56
6 63
6 78
6 114
6 128
6 141
6 193
6 225
6 232
7 9
7 20
7 43
7 52
7 104
7 114
7 128
7 141
7 193
7 225
7 232
8 9
8 15
8 43
8 52
8 92
8 104
8 114
8 128
8 141
8 193
8 225
8 232
9 9
9 15
9 43
9 52
9 92
9 104
9 114
9 128
9 141
9 193
9 225
9 232
10 15
10 43
10 52
10 92
10 104
10 114
10 128
10 141
10 193
10 225
10 232
11 15
11 43
11 47
11 52
11 92
11 114
11 128
11 141
11 193
11 220
11 225
11 232
12 15
12 43
12 47
12 52
12 92
12 114
12 128
12 141
12 220
12 225
12 232
13 15
13 43
13 47
13 52
13 92
13 114
13 128
13 141
13 220
13 225
13 232
14 15
14 47
14 52
14 59
14 92
14 114
14 128
14 130
14 141
14 220
14 225
14 232
15 15
15 21
15 35
15 47
15 52
15 59
15 92
15 114
15 128
15 130
15 141
15 220
15 225
15 232
15 277
16 47
16 59
16 88
16 90
16 92
16 114
16 119
16 128
16 130
16 141
16 207
16 232
16 248
16 277
17 19
17 30
17 40
17 47
17 59
17 88
17 90
17 92
17 114
17 119
17 128
17 130
17 141
17 207
17 232
17 248
17 277
18 30
18 40
18 47
18 59
18 88
18 90
18 92
18 119
18 128
18 130
18 141
18 195
18 207
18 232
18 248
18 277
19 30
19 33
19 47
19 59
19 60
19 90
19 92
19 112
19 119
19 141
19 195
19 207
19 246
19 248
19 277
20 30
20 33
20 47
20 59
20 60
20 90
20 92
20 112
20 119
20 141
20 195
20 207
20 248
20 277
21 26
21 28
21 30
21 33
21 47
21 59
21 90
21 92
21 112
21 119
21 141
21 195
21 204
21 207
21 248
21 277
22 59
22 90
22 92
22 103
22 119
22 138
22 147
22 195
22 204
22 248
22 267
22 277
23 59
23 90
23 92
23 103
23 119
23 147
23 195
23 248
23 267
23 277
24 36
24 49
24 51
24 90
24 92
24 113
24 119
24 147
24 151
24 213
24 248
24 267
24 277
25 36
25 49
25 51
25 90
25 92
25 101
25 113
25 119
25 147
25 151
25 213
25 248
25 267
25 277
26 36
26 49
26 51
26 90
26 92
26 101
26 113
26 119
26 147
26 151
26 213
26 248
26 267
26 277
27 36
27 49
27 90
27 101
27 113
27 147
27 151
27 213
27 242
27 248
27 267
27 277
28 36
28 49
28 86
28 90
28 101
28 113
28 147
28 151
28 213
28 242
28 248
28 267
28 277
29 36
29 49
29 86
29 90
29 101
29 113
29 147
29 151
29 213
29 242
29 248
29 267
29 277
30 32
30 36
30 49
30 55
30 86
30 90
30 100
30 101
30 110
30 131
30 147
30 151
30 213
30 242
30 248
30 267
30 277
31 32
31 36
31 49
31 55
31 86
31 90
31 100
31 101
31 110
31 131
31 147
31 151
31 176
31 213
31 242
31 248
31 267
31 277
32 36
32 39
32 50
32 55
32 86
32 90
32 99
32 110
32 135
32 147
32 168
32 176
32 202
32 213
32 227
32 242
32 248
32 267
32 277
33 36
33 39
33 42
33 50
33 55
33 68
33 86
33 90
33 97
33 99
33 110
33 135
33 147
33 168
33 176
33 202
33 213
33 227
33 242
33 248
33 267
33 277
34 39
34 50
34 55
34 64
34 68
34 82
34 86
34 97
34 99
34 110
34 135
34 137
34 168
34 176
34 202
34 213
34 227
34 242
34 248
34 267
34 277
35 39
35 50
35 55
35 64
35 68
35 82
35 86
35 97
35 99
35 110
35 135
35 137
35 168
35 176
35 202
35 213
35 227
35 242
35 248
35 267
35 277
36 39
36 50
36 55
36 64
36 68
36 82
36 86
36 97
36 99
36 135
36 137
36 168
36 176
36 202
36 213
36 227
36 242
36 248
36 267
36 277
37 39
37 50
37 55
37 64
37 68
37 82
37 86
37 89
37 94
37 97
37 99
37 135
37 168
37 176
37 202
37 213
37 227
37 242
37 248
37 267
37 277
38 41
38 45
38 46
38 55
38 64
38 68
38 82
38 83
38 86
38 93
38 94
38 97
38 99
38 135
38 145
38 168
38 176
38 202
38 213
38 227
38 236
38 242
38 248
38 267
38 276
38 277
39 41
39 45
39 46
39 55
39 64
39 68
39 82
39 83
39 86
39 93
39 94
39 97
39 99
39 125
39 135
39 145
39 168
39 176
39 202
39 213
39 227
39 236
39 242
39 248
39 267
39 276
39 277
40 41
40 45
40 46
40 55
40 64
40 68
40 80
40 83
40 86
40 94
40 97
40 99
40 116
40 135
40 142
40 145
40 167
40 168
40 176
40 202
40 213
40 227
40 236
40 248
40 267
40 276
40 277
41 41
41 46
41 55
41 64
41 68
41 69
41 80
41 83
41 86
41 94
41 97
41 99
41 116
41 124
41 135
41 142
41 145
41 167
41 168
41 176
41 202
41 213
41 227
41 236
41 248
41 267
41 276
41 277
42 41
42 46
42 55
42 64
42 68
42 69
42 80
42 83
42 86
42 94
42 97
42 99
42 116
42 124
42 135
42 142
42 145
42 167
42 168
42 176
42 202
42 213
42 227
42 236
42 248
42 267
42 276
42 277
43 41
43 55
43 68
43 69
43 80
43 83
43 86
43 94
43 97
43 99
43 116
43 124
43 135
43 142
43 145
43 167
43 168
43 176
43 202
43 213
43 223
43 227
43 236
43 248
43 267
43 276
43 277
44 41
44 68
44 69
44 80
44 83
44 86
44 94
44 97
44 99
44 116
44 124
44 135
44 142
44 145
44 167
44 168
44 176
44 202
44 213
44 223
44 227
44 236
44 248
44 267
44 276
44 277
45 68
45 69
45 80
45 83
45 86
45 94
45 97
45 99
45 111
45 124
45 142
45 167
45 168
45 176
45 202
45 213
45 218
45 223
45 227
45 236
45 248
45 267
45 276
45 277
46 68
46 69
46 80
46 83
46 86
46 94
46 97
46 99
46 111
46 124
46 142
46 167
46 168
46 176
46 202
46 213
46 218
46 223
46 227
46 236
46 248
46 267
46 276
46 277
47 62
47 68
47 69
47 80
47 83
47 86
47 91
47 94
47 99
47 102
47 111
47 124
47 142
47 158
47 167
47 168
47 176
47 202
47 213
47 218
47 223
47 227
47 236
47 243
47 248
47 267
47 276
47 277
48 58
48 69
48 80
48 83
48 86
48 94
48 99
48 102
48 107
48 111
48 124
48 142
48 156
48 158
48 167
48 168
48 176
48 213
48 218
48 223
48 227
48 236
48 248
48 267
48 276
48 277
49 58
49 69
49 80
49 83
49 86
49 94
49 99
49 102
49 107
49 111
49 124
49 142
49 156
49 158
49 167
49 168
49 176
49 213
49 218
49 223
49 227
49 236
49 248
49 267
49 276
49 277
50 58
50 67
50 80
50 81
50 85
50 86
50 99
50 102
50 107
50 111
50 124
50 142
50 156
50 158
50 167
50 168
50 171
50 176
50 213
50 218
50 223
50 227
50 236
50 248
50 267
50 276
50 277
51 67
51 80
51 81
51 85
51 86
51 99
51 102
51 107
51 111
51 124
51 142
51 158
51 167
51 168
51 171
51 176
51 213
51 218
51 223
51 227
51 236
51 248
51 262
51 267
51 276
51 277
52 67
52 80
52 81
52 85
52 86
52 99
52 102
52 107
52 111
52 124
52 142
52 158
52 167
52 168
52 171
52 176
52 213
52 218
52 223
52 227
52 236
52 248
52 262
52 267
52 276
52 277
53 76
53 80
53 81
53 85
53 86
53 99
53 102
53 107
53 111
53 124
53 142
53 143
53 158
53 167
53 171
53 176
53 213
53 218
53 223
53 227
53 236
53 248
53 262
53 267
53 276
53 277
54 76
54 80
54 81
54 85
54 99
54 107
54 111
54 124
54 142
54 143
54 158
54 167
54 171
54 176
54 203
54 218
54 223
54 227
54 236
54 248
54 262
54 267
54 276
54 277
55 80
55 81
55 85
55 99
55 107
55 111
55 124
55 142
55 143
55 158
55 167
55 171
55 176
55 203
55 218
55 227
55 236
55 248
55 262
55 267
55 276
55 277
56 71
56 80
56 85
56 98
56 99
56 107
56 108
56 111
56 124
56 158
56 167
56 171
56 176
56 203
56 212
56 218
56 227
56 235
56 236
56 248
56 262
56 267
56 276
57 71
57 80
57 85
57 95
57 98
57 99
57 107
57 108
57 111
57 124
57 158
57 167
57 171
57 176
57 203
57 212
57 218
57 227
57 235
57 236
57 248
57 262
57 267
57 276
58 80
58 85
58 95
58 98
58 99
58 107
58 108
58 111
58 124
58 150
58 158
58 167
58 171
58 176
58 203
58 212
58 217
58 218
58 227
58 235
58 236
58 248
58 262
58 267
58 276
59 72
59 80
59 85
59 95
59 98
59 99
59 107
59 108
59 111
59 124
59 158
59 167
59 171
59 176
59 203
59 212
59 217
59 218
59 227
59 235
59 236
59 248
59 262
59 267
59 276
60 65
60 80
60 85
60 95
60 98
60 99
60 107
60 108
60 111
60 124
60 139
60 158
60 167
60 171
60 176
60 194
60 212
60 217
60 218
60 227
60 235
60 236
60 248
60 262
60 267
60 276
61 65
61 80
61 85
61 95
61 98
61 99
61 107
61 108
61 111
61 124
61 139
61 158
61 167
61 171
61 176
61 191
61 194
61 212
61 217
61 218
61 227
61 235
61 236
61 248
61 262
61 267
61 276
62 65
62 80
62 85
62 95
62 98
62 107
62 108
62 111
62 124
62 139
62 167
62 171
62 176
62 191
62 194
62 212
62 217
62 218
62 227
62 235
62 236
62 248
62 262
62 267
62 276
63 65
63 80
63 85
63 95
63 107
63 108
63 111
63 124
63 167
63 171
63 176
63 191
63 194
63 212
63 217
63 218
63 227
63 235
63 236
63 248
63 262
63 267
63 276
64 65
64 75
64 80
64 85
64 87
64 107
64 108
64 111
64 124
64 167
64 171
64 172
64 176
64 191
64 194
64 212
64 217
64 218
64 227
64 235
64 236
64 248
64 262
64 267
64 276
65 65
65 75
65 80
65 85
65 105
65 107
65 108
65 111
65 124
65 167
65 171
65 172
65 176
65 191
65 194
65 212
65 217
65 218
65 227
65 235
65 236
65 248
65 262
65 267
65 276
66 65
66 75
66 80
66 85
66 105
66 107
66 108
66 124
66 146
66 167
66 171
66 172
66 176
66 191
66 194
66 212
66 216
66 217
66 218
66 227
66 236
66 248
66 262
66 267
66 276
67 65
67 75
67 80
67 85
67 105
67 107
67 108
67 124
67 146
67 167
67 171
67 172
67 176
67 186
67 191
67 194
67 212
67 216
67 217
67 218
67 227
67 236
67 248
67 262
67 267
67 276
68 75
68 80
68 85
68 105
68 107
68 108
68 124
68 146
68 167
68 171
68 172
68 176
68 186
68 191
68 194
68 212
68 217
68 218
68 227
68 236
68 248
68 262
68 267
68 276
69 75
69 85
69 107
69 108
69 146
69 167
69 171
69 172
69 176
69 186
69 191
69 194
69 212
69 217
69 218
69 227
69 236
69 248
69 257
69 262
69 267
70 75
70 85
70 107
70 108
70 146
70 171
70 172
70 186
70 191
70 194
70 212
70 217
70 218
70 227
70 236
70 248
70 257
70 262
70 267
71 107
71 108
71 121
71 122
71 171
71 172
71 174
71 185
71 194
71 212
71 217
71 222
71 227
71 239
71 257
71 262
71 267
71 269
72 107
72 108
72 121
72 122
72 155
72 170
72 171
72 172
72 174
72 185
72 194
72 217
72 222
72 227
72 239
72 257
72 262
72 267
72 269
73 84
73 107
73 108
73 120
73 121
73 122
73 155
73 170
73 171
73 172
73 174
73 185
73 217
73 222
73 227
73 239
73 257
73 262
73 267
73 269
74 107
74 108
74 120
74 121
74 170
74 171
74 172
74 174
74 185
74 190
74 217
74 222
74 224
74 227
74 239
74 257
74 262
74 267
74 269
75 107
75 108
75 120
75 121
75 140
75 170
75 171
75 172
75 174
75 185
75 190
75 217
75 222
75 224
75 227
75 257
75 262
75 267
75 269
76 107
76 108
76 120
76 121
76 140
76 170
76 171
76 172
76 174
76 185
76 190
76 217
76 222
76 224
76 227
76 257
76 262
76 267
76 269
77 107
77 108
77 120
77 121
77 140
77 171
77 172
77 174
77 185
77 190
77 206
77 217
77 222
77 224
77 227
77 257
77 262
77 267
77 269
78 108
78 120
78 121
78 140
78 171
78 172
78 174
78 185
78 190
78 206
78 217
78 222
78 224
78 227
78 257
78 262
78 267
78 269
79 108
79 115
79 120
79 121
79 140
79 171
79 172
79 174
79 185
79 190
79 206
79 217
79 222
79 224
79 227
79 257
79 262
79 267
79 269
80 108
80 115
80 120
80 121
80 140
80 171
80 172
80 174
80 185
80 190
80 206
80 217
80 222
80 224
80 227
80 257
80 262
80 267
80 269
81 115
81 120
81 121
81 140
81 171
81 172
81 185
81 190
81 206
81 217
81 222
81 224
81 257
81 260
81 262
81 267
81 269
81 281
82 109
82 115
82 120
82 121
82 134
82 140
82 153
82 172
82 190
82 206
82 208
82 222
82 224
82 245
82 260
82 262
82 267
82 269
82 281
83 109
83 115
83 120
83 140
83 153
83 172
83 190
83 206
83 208
83 215
83 222
83 224
83 260
83 262
83 267
83 269
83 281
84 109
84 115
84 120
84 140
84 153
84 172
84 190
84 206
84 208
84 215
84 222
84 224
84 260
84 262
84 267
84 269
84 281
85 109
85 115
85 120
85 140
85 172
85 190
85 206
85 215
85 222
85 224
85 226
85 260
85 267
85 269
85 281
86 109
86 115
86 120
86 140
86 152
86 157
86 172
86 190
86 206
86 215
86 222
86 224
86 226
86 238
86 260
86 267
86 269
86 281
87 109
87 115
87 120
87 140
87 152
87 157
87 172
87 190
87 206
87 215
87 222
87 224
87 226
87 238
87 260
87 267
87 269
87 281
88 106
88 109
88 115
88 120
88 140
88 152
88 157
88 172
88 190
88 206
88 215
88 222
88 224
88 226
88 238
88 260
88 267
88 269
88 281
89 106
89 109
89 115
89 120
89 140
89 152
89 157
89 172
89 190
89 206
89 215
89 222
89 224
89 226
89 238
89 260
89 267
89 269
89 281
90 106
90 109
90 115
90 120
90 152
90 157
90 172
90 190
90 206
90 215
90 222
90 224
90 226
90 238
90 260
90 267
90 269
90 281
91 106
91 109
91 115
91 120
91 152
91 157
91 172
91 190
91 206
91 215
91 224
91 226
91 238
91 260
91 263
91 267
91 281
92 106
92 109
92 115
92 120
92 129
92 152
92 157
92 172
92 190
92 206
92 215
92 224
92 226
92 238
92 260
92 263
92 267
92 281
93 106
93 109
93 129
93 152
93 172
93 190
93 206
93 215
93 224
93 226
93 238
93 260
93 263
93 267
93 281
94 106
94 109
94 129
94 132
94 152
94 172
94 190
94 206
94 215
94 224
94 226
94 238
94 260
94 263
94 267
94 281
95 106
95 109
95 129
95 132
95 152
95 162
95 172
95 189
95 190
95 206
95 215
95 224
95 226
95 238
95 260
95 263
95 267
95 281
96 106
96 109
96 129
96 152
96 162
96 189
96 190
96 206
96 215
96 224
96 226
96 238
96 260
96 263
96 267
96 281
97 106
97 109
97 129
97 152
97 162
97 189
97 190
97 206
97 215
97 224
97 226
97 238
97 260
97 263
97 267
97 281
98 109
98 126
98 129
98 152
98 162
98 179
98 189
98 190
98 206
98 215
98 224
98 226
98 238
98 251
98 260
98 263
98 267
98 281
99 109
99 126
99 129
99 152
99 162
99 169
99 179
99 189
99 206
99 215
99 224
99 226
99 238
99 251
99 263
99 267
99 278
99 281
100 109
100 126
100 129
100 152
100 162
100 179
100 189
100 206
100 215
100 224
100 226
100 238
100 251
100 263
100 267
100 278
100 281
101 109
101 126
101 129
101 162
101 177
101 179
101 189
101 206
101 215
101 224
101 238
101 251
101 263
101 267
101 278
101 281
102 109
102 126
102 129
102 162
102 177
102 179
102 189
102 206
102 215
102 224
102 238
102 251
102 263
102 267
102 278
102 281
103 109
103 126
103 129
103 162
103 177
103 179
103 189
103 206
103 215
103 224
103 238
103 251
103 263
103 267
103 278
103 281
104 109
104 126
104 129
104 162
104 177
104 179
104 189
104 206
104 215
104 224
104 238
104 247
104 251
104 263
104 267
104 278
104 281
105 109
105 126
105 129
105 162
105 179
105 189
105 206
105 215
105 224
105 238
105 247
105 251
105 263
105 267
105 281
106 109
106 126
106 133
106 162
106 179
106 189
106 206
106 215
106 224
106 238
106 247
106 251
106 263
106 267
106 271
106 281
107 109
107 126
107 127
107 133
107 162
107 179
107 189
107 206
107 215
107 224
107 238
107 247
107 251
107 263
107 267
107 271
107 281
108 109
108 127
108 144
108 149
108 179
108 187
108 189
108 206
108 215
108 238
108 247
108 251
108 263
108 267
108 271
108 281
109 109
109 127
109 144
109 149
109 179
109 181
109 187
109 189
109 206
109 215
109 238
109 247
109 251
109 263
109 267
109 271
109 281
110 109
110 127
110 144
110 149
110 179
110 181
110 187
110 189
110 206
110 215
110 238
110 247
110 251
110 263
110 267
110 271
110 281
111 109
111 127
111 144
111 149
111 179
111 181
111 187
111 189
111 206
111 215
111 238
111 247
111 251
111 263
111 267
111 271
111 281
112 109
112 127
112 144
112 149
112 179
112 181
112 187
112 189
112 206
112 215
112 221
112 238
112 247
112 251
112 263
112 267
112 271
112 281
113 109
113 127
113 144
113 149
113 179
113 181
113 187
113 189
113 206
113 215
113 221
113 238
113 247
113 251
113 263
113 267
113 271
113 281
114 109
114 127
114 144
114 149
114 179
114 181
114 187
114 189
114 206
114 215
114 221
114 238
114 247
114 251
114 263
114 267
114 271
114 281
115 127
115 136
115 144
115 160
115 179
115 181
115 187
115 189
115 205
115 206
115 215
115 221
115 247
115 251
115 263
115 267
115 271
115 281
116 127
116 136
116 144
116 160
116 179
116 181
116 187
116 189
116 205
116 206
116 215
116 221
116 247
116 251
116 263
116 267
116 271
116 281
117 127
117 136
117 144
117 160
117 179
117 181
117 187
117 189
117 205
117 206
117 215
117 221
117 247
117 251
117 263
117 267
117 271
117 281
118 127
118 136
118 144
118 160
118 179
118 181
118 187
118 189
118 205
118 206
118 215
118 221
118 247
118 251
118 263
118 267
118 271
118 281
119 127
119 136
119 144
119 160
119 175
119 179
119 181
119 187
119 189
119 205
119 206
119 215
119 221
119 247
119 251
119 263
119 267
119 271
119 281
120 127
120 136
120 144
120 160
120 175
120 179
120 181
120 187
120 189
120 205
120 206
120 215
120 221
120 247
120 251
120 263
120 267
120 271
120 281
121 127
121 136
121 144
121 160
121 175
121 179
121 181
121 187
121 189
121 205
121 206
121 215
121 221
121 247
121 251
121 263
121 267
121 271
121 281
122 127
122 136
122 144
122 160
122 175
122 179
122 181
122 189
122 205
122 206
122 215
122 221
122 247
122 251
122 263
122 267
122 271
122 281
123 127
123 136
123 144
123 160
123 179
123 181
123 205
123 206
123 215
123 221
123 247
123 251
123 263
123 267
123 271
124 127
124 136
124 144
124 160
124 179
124 181
124 205
124 206
124 215
124 221
124 247
124 251
124 263
124 267
124 271
125 127
125 136
125 144
125 160
125 179
125 181
125 205
125 206
125 215
125 221
125 247
125 251
125 263
125 267
125 271
126 136
126 144
126 160
126 179
126 181
126 205
126 206
126 215
126 221
126 247
126 251
126 263
126 267
126 271
127 136
127 144
127 160
127 179
127 181
127 205
127 206
127 215
127 221
127 247
127 251
127 263
127 267
127 271
128 136
128 144
128 160
128 179
128 181
128 205
128 206
128 211
128 247
128 251
128 263
128 267
128 271
129 144
129 160
129 163
129 179
129 181
129 205
129 206
129 247
129 251
129 256
129 263
129 267
129 271
130 144
130 160
130 163
130 179
130 181
130 205
130 206
130 247
130 251
130 256
130 263
130 267
130 271
131 144
131 160
131 163
131 179
131 181
131 205
131 206
131 247
131 251
131 256
131 263
131 267
131 271
132 144
132 160
132 163
132 179
132 181
132 205
132 206
132 247
132 251
132 256
132 263
132 267
132 271
133 144
133 160
133 163
133 179
133 181
133 205
133 206
133 247
133 251
133 256
133 261
133 263
133 267
133 271
134 144
134 148
134 160
134 163
134 179
134 181
134 205
134 237
134 247
134 251
134 256
134 261
134 263
134 267
134 271
135 144
135 148
135 160
135 163
135 179
135 181
135 205
135 237
135 247
135 251
135 256
135 261
135 263
135 267
135 271
136 144
136 148
136 160
136 163
136 179
136 181
136 205
136 237
136 247
136 251
136 256
136 261
136 263
136 267
136 271
137 144
137 148
137 160
137 163
137 179
137 205
137 237
137 247
137 251
137 256
137 261
137 263
137 267
137 271
138 144
138 148
138 160
138 163
138 179
138 205
138 237
138 247
138 251
138 256
138 261
138 263
138 267
138 271
139 144
139 148
139 160
139 163
139 179
139 205
139 234
139 237
139 247
139 251
139 256
139 261
139 263
139 267
139 271
140 144
140 148
140 160
140 163
140 179
140 205
140 234
140 237
140 247
140 251
140 256
140 261
140 263
140 267
140 271
141 144
141 160
141 163
141 179
141 205
141 234
141 237
141 247
141 251
141 256
141 261
141 263
141 267
141 271
142 144
142 160
142 163
142 179
142 205
142 234
142 237
142 247
142 251
142 256
142 261
142 263
142 267
142 271
143 144
143 160
143 163
143 165
143 179
143 205
143 234
143 237
143 247
143 251
143 256
143 261
143 263
143 267
143 271
144 144
144 159
144 160
144 163
144 165
144 184
144 205
144 234
144 237
144 247
144 251
144 256
144 261
144 263
144 264
144 267
144 271
145 144
145 159
145 160
145 163
145 165
145 184
145 205
145 234
145 237
145 247
145 251
145 256
145 261
145 263
145 264
145 267
145 271
146 160
146 163
146 166
146 184
146 205
146 230
146 234
146 237
146 247
146 251
146 256
146 261
146 263
146 264
146 267
146 271
147 163
147 166
147 184
147 230
147 234
147 247
147 256
147 259
147 261
147 263
147 264
147 267
147 271
148 163
148 166
148 184
148 230
148 234
148 247
148 256
148 259
148 261
148 263
148 264
148 267
148 271
149 163
149 166
149 184
149 230
149 234
149 247
149 256
149 259
149 261
149 263
149 264
149 267
149 271
150 164
150 166
150 184
150 199
150 230
150 234
150 247
150 256
150 259
150 261
150 263
150 264
150 267
150 271
151 164
151 166
151 184
151 199
151 230
151 234
151 247
151 256
151 259
151 261
151 263
151 264
151 268
151 271
152 164
152 166
152 184
152 199
152 230
152 234
152 247
152 256
152 259
152 261
152 263
152 264
152 268
152 271
153 164
153 166
153 184
153 199
153 230
153 234
153 244
153 247
153 256
153 259
153 263
153 264
153 268
153 271
154 164
154 166
154 182
154 184
154 199
154 201
154 230
154 234
154 244
154 249
154 250
154 256
154 263
154 264
154 268
154 271
155 164
155 166
155 182
155 184
155 199
155 201
155 230
155 234
155 244
155 249
155 250
155 256
155 263
155 264
155 268
155 271
156 164
156 166
156 182
156 184
156 199
156 201
156 230
156 234
156 244
156 249
156 250
156 256
156 263
156 264
156 268
156 271
157 164
157 166
157 182
157 184
157 199
157 201
157 230
157 244
157 249
157 250
157 256
157 263
157 264
157 268
158 164
158 166
158 182
158 184
158 199
158 201
158 230
158 244
158 249
158 250
158 256
158 263
158 264
158 268
159 161
159 164
159 166
159 182
159 184
159 199
159 201
159 230
159 244
159 249
159 250
159 256
159 263
159 264
159 268
160 161
160 164
160 166
160 182
160 184
160 199
160 201
160 230
160 244
160 249
160 250
160 256
160 263
160 264
160 268
161 164
161 166
161 182
161 184
161 199
161 201
161 229
161 230
161 244
161 249
161 250
161 256
161 263
161 264
161 268
162 164
162 166
162 182
162 184
162 199
162 201
162 229
162 230
162 244
162 249
162 250
162 256
162 263
162 264
162 268
163 164
163 180
163 182
163 184
163 201
163 229
163 230
163 244
163 249
163 250
163 256
163 263
163 268
163 279
164 164
164 182
164 183
164 198
164 201
164 210
164 230
164 244
164 249
164 250
164 256
164 263
164 279
165 164
165 182
165 183
165 198
165 201
165 210
165 230
165 244
165 249
165 250
165 256
165 263
165 279
166 178
166 182
166 196
166 198
166 201
166 210
166 230
166 240
166 244
166 249
166 250
166 256
166 263
166 279
167 178
167 182
167 196
167 198
167 201
167 210
167 230
167 240
167 244
167 249
167 250
167 256
167 263
167 279
168 178
168 182
168 196
168 198
168 201
168 210
168 230
168 240
168 244
168 249
168 250
168 256
168 263
168 279
169 178
169 182
169 196
169 198
169 201
169 230
169 240
169 244
169 249
169 250
169 256
169 263
169 279
170 178
170 182
170 198
170 201
170 209
170 230
170 240
170 244
170 249
170 250
170 256
170 263
170 279
171 178
171 182
171 198
171 201
171 209
171 230
171 240
171 244
171 249
171 250
171 256
171 263
171 279
172 178
172 182
172 198
172 201
172 209
172 230
172 240
172 244
172 249
172 250
172 256
172 275
172 279
173 178
173 182
173 198
173 201
173 209
173 230
173 240
173 244
173 249
173 250
173 256
173 275
173 279
174 178
174 198
174 201
174 209
174 230
174 240
174 244
174 249
174 250
174 256
174 275
174 279
175 178
175 198
175 201
175 209
175 230
175 240
175 244
175 249
175 250
175 254
175 256
175 275
175 279
176 178
176 188
176 198
176 200
176 201
176 209
176 230
176 240
176 244
176 249
176 250
176 254
176 256
176 275
176 279
177 178
177 198
177 200
177 201
177 209
177 230
177 240
177 244
177 249
177 250
177 254
177 256
177 275
177 279
178 178
178 198
178 200
178 201
178 209
178 230
178 240
178 244
178 249
178 250
178 254
178 256
178 275
178 279
179 178
179 198
179 200
179 201
179 209
179 230
179 240
179 244
179 249
179 250
179 254
179 256
179 275
179 279
180 178
180 198
180 200
180 201
180 209
180 230
180 240
180 244
180 249
180 250
180 254
180 256
180 275
180 279
181 178
181 198
181 200
181 201
181 209
181 230
181 240
181 244
181 249
181 250
181 254
181 256
181 275
181 279
182 178
182 192
182 198
182 200
182 201
182 209
182 230
182 240
182 244
182 249
182 250
182 254
182 256
182 275
182 279
183 178
183 192
183 198
183 200
183 201
183 209
183 230
183 240
183 244
183 249
183 250
183 254
183 256
183 275
183 279
184 178
184 192
184 198
184 200
184 201
184 209
184 230
184 240
184 244
184 249
184 250
184 254
184 256
184 275
184 279
185 178
185 192
185 198
185 200
185 201
185 209
185 230
185 240
185 244
185 249
185 250
185 254
185 256
185 275
185 279
186 178
186 192
186 200
186 201
186 209
186 230
186 240
186 244
186 249
186 250
186 254
186 256
186 275
186 279
187 200
187 201
187 209
187 219
187 230
187 240
187 244
187 249
187 250
187 254
187 256
187 275
187 279
188 200
188 201
188 209
188 219
188 230
188 240
188 244
188 249
188 250
188 254
188 256
188 275
188 279
189 200
189 201
189 209
189 219
189 230
189 240
189 244
189 249
189 250
189 254
189 256
189 275
189 279
190 200
190 201
190 209
190 219
190 230
190 240
190 244
190 249
190 250
190 254
190 256
190 275
190 279
191 200
191 201
191 209
191 219
191 230
191 240
191 244
191 249
191 250
191 254
191 256
191 275
191 279
192 200
192 201
192 209
192 219
192 240
192 244
192 249
192 250
192 254
192 256
192 275
192 279
193 200
193 209
193 244
193 249
193 254
193 255
193 256
193 273
193 275
193 279
194 200
194 209
194 244
194 249
194 254
194 255
194 256
194 270
194 273
194 275
194 279
195 200
195 209
195 244
195 249
195 254
195 255
195 256
195 270
195 273
195 275
195 279
196 200
196 209
196 244
196 249
196 254
196 255
196 256
196 266
196 270
196 272
196 273
196 275
196 279
197 200
197 209
197 244
197 249
197 254
197 255
197 256
197 266
197 270
197 272
197 275
197 279
198 200
198 209
198 241
198 244
198 254
198 255
198 256
198 266
198 270
198 272
198 275
198 279
199 200
199 241
199 244
199 254
199 255
199 256
199 266
199 270
199 272
199 275
199 279
200 200
200 233
200 244
200 254
200 255
200 256
200 266
200 270
200 272
200 275
200 279
201 200
201 233
201 244
201 254
201 255
201 256
201 266
201 270
201 272
201 275
201 279
202 200
202 228
202 233
202 244
202 254
202 255
202 266
202 270
202 275
202 279
203 228
203 233
203 244
203 254
203 255
203 266
203 270
203 275
204 214
204 228
204 233
204 244
204 254
204 255
204 266
204 270
204 275
204 280
205 214
205 228
205 233
205 244
205 252
205 254
205 255
205 266
205 270
205 275
205 280
206 214
206 228
206 233
206 244
206 252
206 254
206 255
206 266
206 270
206 275
206 280
207 214
207 228
207 233
207 244
207 252
207 254
207 255
207 266
207 270
207 275
207 280
208 214
208 228
208 233
208 244
208 252
208 254
208 255
208 266
208 270
208 275
208 280
209 214
209 228
209 233
209 244
209 252
209 254
209 255
209 266
209 270
209 275
209 280
210 214
210 228
210 233
210 244
210 252
210 254
210 255
210 265
210 266
210 270
210 275
210 280
211 214
211 228
211 233
211 244
211 252
211 254
211 255
211 265
211 266
211 270
211 275
211 280
212 214
212 228
212 233
212 244
212 252
212 254
212 255
212 265
212 266
212 270
212 275
212 280
213 214
213 228
213 231
213 233
213 244
213 252
213 254
213 265
213 266
213 270
213 275
213 280
214 214
214 228
214 231
214 233
214 244
214 252
214 254
214 265
214 266
214 270
214 275
214 280
215 214
215 228
215 231
215 233
215 244
215 252
215 254
215 265
215 266
215 270
215 275
215 280
216 214
216 228
216 231
216 233
216 244
216 252
216 254
216 265
216 266
216 270
216 280
217 214
217 228
217 231
217 233
217 244
217 252
217 254
217 265
217 266
217 270
217 280
218 214
218 228
218 231
218 233
218 244
218 252
218 254
218 265
218 266
218 270
218 280
219 214
219 228
219 231
219 244
219 252
219 254
219 265
219 266
219 270
219 280
220 214
220 228
220 231
220 244
220 252
220 254
220 265
220 266
220 270
220 280
221 214
221 228
221 231
221 244
221 252
221 254
221 265
221 266
221 270
221 280
222 214
222 228
222 231
222 244
222 252
222 254
222 265
222 266
222 270
222 280
223 214
223 228
223 231
223 244
223 252
223 254
223 265
223 266
223 270
223 280
224 214
224 228
224 231
224 244
224 252
224 254
224 265
224 266
224 270
224 280
225 214
225 228
225 231
225 244
225 252
225 254
225 265
225 266
225 270
225 280
226 214
226 231
226 244
226 252
226 254
226 265
226 266
226 270
226 280
227 214
227 231
227 244
227 252
227 254
227 265
227 266
227 280
228 231
228 244
228 254
228 265
228 266
228 280
229 231
229 244
229 254
229 265
229 266
229 280
230 231
230 244
230 254
230 265
230 266
230 280
231 231
231 244
231 254
231 265
231 266
231 274
231 280
232 231
232 244
232 254
232 265
232 266
232 274
232 280
233 231
233 244
233 254
233 265
233 266
233 274
233 280
234 231
234 244
234 265
234 266
234 274
234 280
235 231
235 244
235 265
235 266
235 274
235 280
235 283
236 231
236 244
236 265
236 266
236 274
236 280
236 283
237 244
237 265
237 266
237 274
237 280
237 283
238 244
238 265
238 266
238 274
238 280
238 283
239 244
239 265
239 266
239 274
239 280
239 283
240 244
240 265
240 266
240 274
240 280
240 283
241 244
241 265
241 266
241 274
241 280
241 283
242 244
242 265
242 266
242 274
242 280
242 283
243 244
243 265
243 266
243 274
243 280
243 283
244 244
244 265
244 266
244 274
244 280
244 283
245 244
245 265
245 266
245 274
245 280
245 283
246 244
246 265
246 266
246 274
246 280
246 282
246 283
247 244
247 265
247 266
247 274
247 280
247 282
247 283
248 265
248 266
248 274
248 282
248 283
249 265
249 266
249 274
249 282
249 283
250 265
250 266
250 274
250 282
250 283
251 265
251 266
251 274
251 282
251 283
252 265
252 266
252 274
252 282
252 283
253 265
253 266
253 274
253 282
253 283
254 265
254 266
254 274
254 282
255 265
255 266
255 274
255 282
256 265
256 266
256 274
256 282
257 265
257 266
257 274
257 282
258 265
258 266
258 274
258 282
259 265
259 266
259 274
259 282
260 266
260 274
260 282
261 266
261 274
261 282
262 266
262 274
262 282
263 266
263 274
263 282
264 266
264 274
264 282
265 266
265 282
266 266
266 282
267 266
267 282
268 266
268 282
269 266
269 282
270 266
270 282
271 266
271 282
272 266
272 282
273 266
273 282
274 266
274 282
275 266
275 282
276 266
276 282
277 266
277 282
278 266
278 282
279 266
279 282
280 266
280 282
281 266
281 282
282 266
282 282
283 266
283 282
284 266
284 282
