1 8
1 34
1 43
1 80
1 153
1 236
2 34
2 43
2 49
2 80
2 93
2 150
2 153
2 236
3 6
3 73
3 80
3 124
3 150
3 153
3 183
3 236
4 73
4 80
4 102
4 124
4 150
4 153
4 183
4 236
4 257
5 9
5 60
5 73
5 80
5 102
5 105
5 124
5 150
5 153
5 183
5 236
5 257
6 9
6 47
6 60
6 73
6 80
6 102
6 105
6 124
6 150
6 153
6 167
6 183
6 236
6 257
7 10
7 38
7 59
7 60
7 71
7 73
7 80
7 102
7 124
7 142
7 150
7 153
7 167
7 183
7 195
7 236
7 252
7 257
8 42
8 73
8 80
8 102
8 124
8 142
8 150
8 153
8 167
8 183
8 195
8 236
8 252
8 257
9 32
9 42
9 73
9 102
9 124
9 142
9 150
9 153
9 167
9 183
9 195
9 236
9 252
9 257
10 22
10 66
10 73
10 88
10 102
10 124
10 142
10 144
10 150
10 153
10 164
10 167
10 183
10 195
10 236
10 252
10 257
11 66
11 73
11 88
11 102
11 124
11 142
11 144
11 150
11 153
11 164
11 167
11 183
11 195
11 236
11 252
11 257
12 29
12 66
12 73
12 88
12 102
12 124
12 142
12 144
12 150
12 153
12 164
12 167
12 183
12 195
12 236
12 252
12 257
13 29
13 48
13 66
13 88
13 102
13 142
13 144
13 150
13 153
13 164
13 167
13 183
13 195
13 235
13 236
13 252
13 279
14 33
14 44
14 48
14 75
14 88
14 92
14 142
14 144
14 150
14 153
14 164
14 167
14 177
14 183
14 195
14 213
14 235
14 236
14 242
15 44
15 46
15 68
15 88
15 92
15 142
15 144
15 150
15 153
15 164
15 167
15 177
15 195
15 235
15 236
16 44
16 46
16 68
16 88
16 92
16 142
16 144
16 150
16 153
16 164
16 167
16 177
16 195
16 235
16 236
17 25
17 44
17 46
17 68
17 88
17 92
17 142
17 144
17 150
17 153
17 164
17 167
17 177
17 195
17 235
17 236
18 20
18 26
18 65
18 88
18 92
18 103
18 114
18 123
18 131
18 140
18 164
18 167
18 177
18 195
18 217
18 219
18 225
18 235
18 236
18 259
18 276
19 20
19 61
19 65
19 69
19 88
19 103
19 114
19 116
19 123
19 140
19 164
19 167
19 177
19 195
19 215
19 217
19 219
19 225
19 235
19 236
19 259
19 276
20 20
20 41
20 61
20 65
20 69
20 82
20 88
20 103
20 114
20 116
20 123
20 140
20 164
20 167
20 177
20 195
20 215
20 217
20 219
20 225
20 235
20 236
20 259
20 276
21 20
21 30
21 41
21 61
21 62
21 65
21 69
21 82
21 88
21 103
21 111
21 114
21 116
21 123
21 140
21 162
21 164
21 167
21 177
21 217
21 219
21 235
21 236
21 244
21 259
21 276
22 23
22 30
22 36
22 39
22 61
22 84
22 88
22 90
22 103
22 111
22 129
22 140
22 167
22 173
22 177
22 197
22 217
22 235
22 236
22 244
22 258
22 259
22 265
22 276
23 23
23 30
23 36
23 39
23 45
23 61
23 84
23 88
23 90
23 103
23 111
23 129
23 140
23 167
23 173
23 177
23 197
23 217
23 235
23 236
23 244
23 258
23 259
23 265
23 276
23 280
24 30
24 39
24 45
24 53
24 55
24 56
24 61
24 84
24 86
24 88
24 90
24 103
24 111
24 129
24 140
24 167
24 173
24 177
24 197
24 217
24 235
24 236
24 244
24 258
24 259
24 265
24 276
24 280
25 30
25 39
25 45
25 53
25 55
25 56
25 61
25 84
25 86
25 88
25 90
25 103
25 111
25 129
25 140
25 167
25 173
25 177
25 197
25 217
25 235
25 236
25 244
25 258
25 259
25 265
25 276
25 280
26 56
26 84
26 90
26 103
26 111
26 126
26 145
26 163
26 177
26 197
26 236
26 244
26 258
26 265
26 276
26 280
26 283
27 84
27 90
27 103
27 111
27 126
27 145
27 163
27 177
27 197
27 236
27 244
27 265
27 276
27 283
28 84
28 90
28 103
28 111
28 126
28 145
28 163
28 177
28 197
28 236
28 244
28 265
28 276
28 283
29 58
29 76
29 90
29 103
29 111
29 145
29 163
29 177
29 197
29 236
29 244
29 265
29 276
29 283
30 58
30 90
30 103
30 111
30 120
30 134
30 145
30 163
30 177
30 197
30 236
30 244
30 265
30 276
30 283
31 58
31 90
31 103
31 111
31 120
31 134
31 145
31 163
31 177
31 197
31 236
31 244
31 265
31 276
31 283
32 58
32 67
32 90
32 120
32 141
32 156
32 163
32 177
32 184
32 244
32 249
32 265
32 276
32 283
33 58
33 67
33 90
33 120
33 141
33 156
33 163
33 177
33 184
33 244
33 249
33 265
33 276
33 283
34 58
34 67
34 90
34 120
34 141
34 156
34 163
34 177
34 184
34 244
34 249
34 265
34 276
34 283
35 67
35 120
35 141
35 156
35 163
35 177
35 184
35 244
35 249
35 265
35 276
35 283
36 67
36 120
36 141
36 156
36 163
36 177
36 184
36 244
36 249
36 265
36 276
36 283
37 67
37 120
37 141
37 156
37 163
37 177
37 184
37 244
37 249
37 265
37 276
37 283
38 64
38 67
38 120
38 141
38 159
38 163
38 177
38 182
38 184
38 244
38 249
38 265
38 276
38 283
39 64
39 67
39 120
39 141
39 159
39 163
39 177
39 182
39 184
39 244
39 249
39 265
39 276
39 283
40 72
40 89
40 95
40 163
40 182
40 249
40 265
40 276
40 283
41 72
41 89
41 95
41 163
41 182
41 249
41 265
41 276
41 283
42 72
42 89
42 95
42 163
42 182
42 249
42 265
42 276
42 283
43 72
43 77
43 89
43 95
43 160
43 163
43 182
43 249
43 265
43 276
43 283
44 72
44 77
44 89
44 95
44 160
44 163
44 182
44 249
44 260
44 265
44 276
44 283
45 57
45 72
45 77
45 89
45 95
45 160
45 163
45 182
45 192
45 249
45 260
45 265
45 276
45 283
46 57
46 77
46 95
46 160
46 163
46 182
46 192
46 249
46 260
46 265
46 276
46 283
46 284
47 57
47 77
47 85
47 95
47 160
47 163
47 182
47 192
47 249
47 260
47 265
47 276
47 283
47 284
48 50
48 57
48 77
48 85
48 95
48 127
48 160
48 163
48 182
48 192
48 249
48 260
48 265
48 276
48 283
48 284
49 50
49 57
49 77
49 85
49 95
49 127
49 133
49 160
49 163
49 182
49 192
49 249
49 260
49 265
49 276
49 283
49 284
50 57
50 77
50 85
50 91
50 95
50 127
50 133
50 155
50 160
50 163
50 182
50 192
50 200
50 249
50 253
50 260
50 276
50 283
50 284
51 57
51 77
51 85
51 91
51 127
51 133
51 155
51 160
51 163
51 182
51 192
51 200
51 249
51 253
51 260
51 276
51 283
51 284
52 57
52 77
52 85
52 91
52 127
52 133
52 155
52 160
52 163
52 182
52 192
52 200
52 249
52 253
52 260
52 276
52 283
52 284
53 57
53 77
53 85
53 91
53 113
53 127
53 133
53 155
53 160
53 163
53 182
53 192
53 249
53 253
53 260
53 276
53 283
53 284
54 57
54 77
54 85
54 91
54 113
54 127
54 155
54 160
54 163
54 182
54 192
54 249
54 253
54 260
54 276
54 283
54 284
55 57
55 77
55 85
55 113
55 127
55 155
55 160
55 163
55 182
55 192
55 249
55 253
55 260
55 276
55 283
55 284
56 57
56 77
56 85
56 113
56 127
56 155
56 163
56 182
56 192
56 228
56 249
56 253
56 260
56 276
56 281
56 283
56 284
57 57
57 77
57 85
57 113
57 127
57 155
57 163
57 182
57 192
57 228
57 249
57 253
57 260
57 276
57 281
57 283
57 284
58 57
58 77
58 85
58 113
58 127
58 155
58 163
58 182
58 192
58 228
58 249
58 253
58 260
58 276
58 281
58 283
58 284
59 57
59 77
59 85
59 113
59 127
59 155
59 163
59 182
59 189
59 192
59 228
59 249
59 253
59 260
59 276
59 281
59 283
59 284
60 57
60 77
60 81
60 85
60 113
60 119
60 127
60 155
60 163
60 182
60 189
60 192
60 228
60 249
60 253
60 260
60 281
60 283
60 284
61 77
61 81
61 85
61 87
61 113
61 119
61 127
61 155
61 163
61 189
61 192
61 228
61 245
61 249
61 253
61 281
61 283
61 284
62 77
62 81
62 85
62 87
62 113
62 119
62 127
62 155
62 163
62 189
62 192
62 228
62 245
62 249
62 253
62 281
62 283
62 284
63 77
63 81
63 85
63 87
63 113
63 119
63 127
63 163
63 189
63 192
63 228
63 245
63 249
63 253
63 281
63 283
63 284
64 77
64 81
64 85
64 113
64 119
64 127
64 163
64 189
64 192
64 210
64 228
64 245
64 249
64 253
64 281
64 283
64 284
65 77
65 79
65 81
65 85
65 127
65 163
65 189
65 192
65 210
65 228
65 246
65 249
65 250
65 253
65 281
65 284
66 77
66 79
66 81
66 83
66 104
66 127
66 163
66 189
66 192
66 210
66 220
66 228
66 246
66 249
66 250
66 253
66 284
67 77
67 79
67 81
67 104
67 127
67 163
67 189
67 192
67 210
67 220
67 228
67 246
67 250
67 253
67 284
68 77
68 81
68 104
68 127
68 163
68 169
68 189
68 192
68 210
68 220
68 228
68 246
68 250
68 253
68 284
69 77
69 81
69 104
69 127
69 169
69 189
69 192
69 210
69 220
69 228
69 246
69 250
69 253
69 284
70 81
70 104
70 108
70 127
70 169
70 189
70 192
70 210
70 220
70 228
70 246
70 250
70 253
70 284
71 81
71 104
71 108
71 127
71 169
71 189
71 192
71 210
71 220
71 228
71 246
71 250
71 253
71 284
72 81
72 98
72 104
72 108
72 127
72 169
72 189
72 192
72 210
72 220
72 228
72 253
72 267
73 81
73 98
73 104
73 108
73 127
73 169
73 189
73 192
73 210
73 220
73 228
73 253
73 267
74 81
74 98
74 108
74 169
74 189
74 192
74 210
74 220
74 228
74 253
74 267
75 81
75 98
75 108
75 138
75 169
75 189
75 210
75 220
75 228
75 253
75 267
76 81
76 98
76 108
76 138
76 169
76 189
76 210
76 220
76 228
76 253
76 267
77 98
77 108
77 138
77 152
77 169
77 189
77 210
77 220
77 228
77 253
77 267
78 98
78 108
78 138
78 152
78 169
78 189
78 202
78 210
78 220
78 228
78 253
78 267
79 98
79 108
79 135
79 138
79 152
79 158
79 210
79 228
79 253
80 98
80 108
80 138
80 152
80 154
80 158
80 201
80 210
80 228
80 253
81 98
81 108
81 138
81 152
81 154
81 158
81 201
81 210
81 228
81 253
82 98
82 108
82 138
82 152
82 154
82 158
82 201
82 210
82 228
83 98
83 99
83 108
83 138
83 143
83 152
83 154
83 158
83 196
83 201
83 210
83 228
84 98
84 99
84 108
84 138
84 143
84 152
84 154
84 158
84 196
84 201
84 210
84 228
85 98
85 99
85 138
85 147
85 154
85 158
85 174
85 196
85 201
85 210
85 228
86 98
86 99
86 138
86 147
86 154
86 174
86 196
86 201
86 210
86 228
87 94
87 98
87 99
87 147
87 154
87 174
87 201
87 210
87 228
88 94
88 96
88 98
88 99
88 139
88 147
88 154
88 174
88 201
88 210
88 228
89 96
89 98
89 99
89 106
89 110
89 117
89 122
89 139
89 147
89 154
89 174
89 210
89 228
90 96
90 98
90 106
90 110
90 117
90 122
90 139
90 147
90 174
90 210
90 228
90 261
91 98
91 106
91 110
91 117
91 122
91 147
91 149
91 174
91 210
91 228
91 232
91 237
91 261
91 269
91 271
92 98
92 110
92 117
92 122
92 147
92 149
92 168
92 174
92 210
92 228
92 232
92 237
92 261
92 271
93 101
93 110
93 112
93 117
93 122
93 125
93 147
93 149
93 168
93 174
93 210
93 232
93 237
93 261
93 271
94 101
94 110
94 112
94 117
94 122
94 125
94 147
94 149
94 168
94 174
94 210
94 232
94 237
94 261
94 271
95 101
95 110
95 112
95 115
95 117
95 122
95 125
95 147
95 149
95 168
95 174
95 210
95 229
95 237
95 254
95 261
95 271
96 101
96 112
96 117
96 125
96 147
96 149
96 171
96 190
96 210
96 229
96 237
96 254
96 261
96 271
97 101
97 107
97 112
97 117
97 125
97 147
97 171
97 190
97 210
97 229
97 231
97 237
97 254
97 261
97 271
98 101
98 107
98 112
98 117
98 125
98 147
98 171
98 190
98 210
98 231
98 237
98 254
98 261
98 271
98 275
99 101
99 107
99 112
99 117
99 125
99 147
99 171
99 190
99 210
99 231
99 237
99 254
99 261
99 271
99 273
99 275
100 101
100 107
100 112
100 117
100 125
100 147
100 171
100 190
100 210
100 231
100 237
100 254
100 261
100 271
100 273
100 275
101 101
101 107
101 112
101 117
101 125
101 147
101 171
101 190
101 210
101 231
101 237
101 254
101 261
101 271
101 273
101 275
102 101
102 107
102 117
102 125
102 147
102 171
102 190
102 210
102 237
102 254
102 261
102 262
102 271
102 273
102 275
103 101
103 107
103 109
103 117
103 125
103 147
103 171
103 190
103 210
103 237
103 248
103 254
103 261
103 262
103 273
103 275
104 101
104 107
104 109
104 117
104 125
104 171
104 190
104 210
104 237
104 248
104 254
104 261
104 262
104 273
104 275
105 101
105 107
105 109
105 117
105 125
105 171
105 190
105 210
105 237
105 248
105 254
105 261
105 262
105 273
105 275
106 101
106 107
106 109
106 125
106 171
106 190
106 210
106 237
106 248
106 261
106 262
106 273
106 275
107 101
107 107
107 109
107 125
107 171
107 190
107 210
107 237
107 248
107 261
107 262
107 273
107 275
108 107
108 109
108 125
108 130
108 137
108 171
108 190
108 210
108 237
108 248
108 261
108 262
108 273
108 275
108 277
109 107
109 118
109 125
109 130
109 171
109 190
109 210
109 237
109 248
109 261
109 262
109 273
109 275
109 277
110 118
110 130
110 166
110 171
110 210
110 237
110 248
110 261
110 262
110 273
110 275
110 277
111 118
111 130
111 146
111 166
111 171
111 172
111 210
111 237
111 248
111 261
111 262
111 273
111 275
111 277
112 118
112 130
112 146
112 166
112 171
112 172
112 210
112 237
112 248
112 261
112 273
112 275
112 277
113 118
113 130
113 146
113 166
113 171
113 172
113 176
113 210
113 237
113 248
113 261
113 273
113 275
113 277
114 118
114 130
114 146
114 166
114 171
114 172
114 176
114 210
114 237
114 248
114 261
114 273
114 275
114 277
115 118
115 130
115 146
115 166
115 171
115 172
115 176
115 210
115 237
115 247
115 248
115 261
115 273
115 275
115 277
116 118
116 130
116 166
116 171
116 172
116 176
116 210
116 218
116 226
116 237
116 247
116 248
116 261
116 273
116 275
116 277
117 118
117 130
117 166
117 171
117 172
117 176
117 210
117 218
117 226
117 237
117 247
117 248
117 261
117 273
117 275
117 277
118 118
118 121
118 130
118 166
118 171
118 172
118 210
118 218
118 226
118 237
118 247
118 248
118 261
118 273
118 275
119 121
119 130
119 166
119 171
119 172
119 185
119 210
119 218
119 226
119 230
119 237
119 247
119 248
119 261
119 275
120 121
120 130
120 166
120 171
120 172
120 185
120 210
120 218
120 226
120 230
120 237
120 247
120 248
120 261
120 275
121 121
121 130
121 166
121 171
121 185
121 210
121 218
121 224
121 230
121 237
121 247
121 261
121 275
122 121
122 130
122 132
122 166
122 185
122 210
122 218
122 224
122 230
122 237
122 247
122 261
122 275
123 136
123 166
123 185
123 204
123 210
123 218
123 224
123 230
123 237
123 247
123 261
123 275
124 136
124 166
124 185
124 204
124 210
124 218
124 224
124 230
124 237
124 247
124 261
124 275
125 136
125 166
125 185
125 204
125 210
125 218
125 224
125 230
125 237
125 247
125 261
125 275
126 136
126 166
126 185
126 204
126 210
126 218
126 237
126 247
126 261
126 275
127 166
127 185
127 204
127 210
127 218
127 237
127 247
127 261
127 275
128 166
128 185
128 204
128 210
128 218
128 247
128 261
128 275
129 166
129 185
129 204
129 210
129 218
129 247
129 261
129 275
130 166
130 185
130 204
130 210
130 218
130 247
130 261
130 275
131 166
131 185
131 204
131 210
131 218
131 247
131 261
131 275
132 166
132 185
132 204
132 210
132 218
132 247
132 261
132 275
133 166
133 185
133 194
133 204
133 218
133 247
133 261
133 275
134 166
134 185
134 194
134 204
134 218
134 247
134 261
134 275
135 166
135 185
135 194
135 204
135 218
135 275
136 157
136 166
136 170
136 185
136 188
136 194
136 198
136 204
136 256
137 166
137 175
137 179
137 188
137 194
137 198
137 214
137 240
137 256
138 175
138 179
138 188
138 194
138 198
138 214
138 240
138 256
138 263
139 175
139 179
139 188
139 194
139 198
139 214
139 240
139 256
139 263
140 165
140 179
140 187
140 188
140 194
140 198
140 214
140 256
140 263
141 165
141 186
141 187
141 214
141 256
141 263
142 165
142 186
142 187
142 214
142 256
142 263
143 165
143 186
143 187
143 214
143 256
143 263
144 165
144 187
144 214
144 256
144 263
145 165
145 187
145 214
145 256
145 263
146 165
146 187
146 214
146 256
146 263
147 165
147 187
147 207
147 214
147 256
147 263
148 165
148 180
148 187
148 207
148 214
148 256
148 263
149 165
149 180
149 187
149 207
149 214
149 256
149 263
150 165
150 180
150 187
150 207
150 214
150 263
151 165
151 180
151 187
151 207
151 214
151 263
152 165
152 187
152 207
152 214
152 263
153 165
153 199
153 207
153 214
153 263
154 165
154 199
154 207
154 214
154 263
155 165
155 199
155 207
155 214
155 227
155 263
156 165
156 199
156 214
156 227
156 263
157 161
157 165
157 193
157 199
157 206
157 214
157 227
157 238
157 263
158 161
158 193
158 199
158 206
158 216
158 227
158 238
158 263
159 161
159 193
159 199
159 206
159 216
159 227
159 238
159 263
160 161
160 193
160 199
160 206
160 216
160 227
160 238
160 263
161 161
161 193
161 199
161 206
161 216
161 227
161 238
161 263
162 161
162 193
162 199
162 206
162 216
162 227
162 238
162 263
163 161
163 193
163 199
163 206
163 216
163 227
163 238
163 263
164 193
164 199
164 206
164 216
164 227
164 238
164 263
164 270
165 193
165 199
165 206
165 216
165 227
165 238
165 263
165 270
166 178
166 193
166 199
166 206
166 216
166 227
166 238
166 263
166 270
167 178
167 193
167 199
167 206
167 216
167 227
167 238
167 263
167 270
168 178
168 193
168 199
168 206
168 227
168 263
168 270
169 178
169 193
169 199
169 208
169 263
169 270
170 178
170 193
170 199
170 208
170 263
170 270
171 178
171 193
171 199
171 208
171 263
171 270
172 178
172 193
172 199
172 208
172 263
172 270
173 178
173 193
173 199
173 208
173 263
173 270
174 178
174 191
174 193
174 199
174 208
174 263
174 270
175 178
175 191
175 193
175 199
175 221
175 263
175 270
176 178
176 191
176 193
176 199
176 221
176 263
176 270
177 178
177 191
177 193
177 199
177 221
177 263
177 270
178 178
178 191
178 193
178 199
178 221
178 263
178 270
179 178
179 191
179 193
179 199
179 221
179 263
179 270
180 191
180 193
180 199
180 211
180 221
180 263
180 270
181 191
181 193
181 199
181 205
181 211
181 221
181 239
181 263
181 270
182 191
182 193
182 199
182 205
182 211
182 221
182 233
182 239
182 263
182 270
183 191
183 193
183 199
183 205
183 211
183 221
183 239
183 263
183 270
184 191
184 193
184 199
184 205
184 211
184 221
184 223
184 263
184 270
185 191
185 193
185 199
185 205
185 211
185 221
185 223
185 263
185 270
186 191
186 193
186 199
186 205
186 211
186 221
186 223
186 263
186 270
187 191
187 193
187 199
187 205
187 211
187 221
187 223
187 234
187 263
187 270
188 191
188 193
188 199
188 205
188 211
188 223
188 234
188 263
188 270
189 205
189 223
189 234
189 263
189 270
190 205
190 223
190 234
190 263
190 270
191 205
191 223
191 263
191 270
192 205
192 263
192 270
193 205
193 263
193 270
194 205
194 263
194 270
195 205
195 263
195 270
196 205
196 263
196 270
197 205
197 263
197 270
198 205
198 263
198 270
199 205
199 263
199 270
200 205
200 263
200 270
201 205
201 263
201 270
202 205
202 263
202 264
202 270
203 205
203 263
203 264
203 270
204 205
204 209
204 264
204 270
205 205
205 209
205 264
205 270
206 205
206 209
206 264
206 270
207 205
207 209
207 264
207 270
208 205
208 209
208 222
208 264
208 270
209 205
209 209
209 222
209 264
209 270
210 205
210 222
210 264
210 266
210 270
211 205
211 222
211 264
211 266
211 270
212 205
212 222
212 264
212 266
212 270
213 205
213 222
213 264
213 266
213 270
214 205
214 222
214 264
214 266
214 270
215 205
215 264
215 266
215 270
216 205
216 264
216 266
216 270
217 205
217 264
217 266
217 270
218 264
218 266
218 270
219 251
219 264
219 266
219 270
220 251
220 264
220 266
220 270
221 251
221 264
221 266
221 270
221 272
222 251
222 255
222 264
222 266
222 270
222 272
223 251
223 255
223 264
223 266
223 270
223 272
224 251
224 255
224 264
224 266
224 270
224 272
225 251
225 255
225 264
225 266
225 270
226 251
226 255
226 264
226 266
226 270
227 251
227 255
227 264
227 266
227 270
228 251
228 255
228 264
228 266
228 270
229 251
229 255
229 264
229 266
229 270
230 251
230 255
230 264
230 266
230 270
231 251
231 255
231 264
231 266
231 270
232 251
232 255
232 264
232 266
232 270
233 251
233 255
233 264
233 266
233 270
234 243
234 251
234 255
234 264
234 266
235 243
235 251
235 255
235 264
235 266
236 243
236 251
236 255
236 264
236 266
237 243
237 251
237 255
237 268
238 243
238 251
238 255
238 268
239 243
239 251
239 255
239 268
240 243
240 251
240 255
240 268
241 243
241 251
241 255
241 268
242 243
242 251
242 255
242 268
243 251
243 255
243 268
244 251
244 255
244 268
245 255
245 268
246 255
246 268
247 255
247 268
248 255
248 268
249 255
249 268
250 255
250 268
251 268
252 268
253 268
254 268
254 278
255 268
255 278
256 268
256 278
257 268
257 278
258 268
258 278
259 268
259 278
260 268
260 278
261 268
261 278
262 268
262 278
263 268
263 278
264 268
264 278
265 268
265 278
266 268
266 278
267 268
267 278
268 278
269 278
270 278
271 278
272 278
273 278
274 278
275 278
276 278
