0 20
0 44
0 55
0 57
0 75
0 152
1 19
1 43
1 44
1 55
1 57
1 199
1 241
2 5
2 14
2 15
2 30
2 31
2 38
2 39
2 44
2 55
2 57
2 78
2 117
2 130
2 199
2 241
3 5
3 14
3 15
3 22
3 30
3 31
3 38
3 39
3 44
3 55
3 57
3 78
3 117
3 119
3 130
3 199
3 241
4 9
4 30
4 31
4 44
4 49
4 50
4 54
4 55
4 108
4 117
4 119
4 130
4 189
4 199
4 211
4 241
4 242
5 10
5 21
5 26
5 28
5 31
5 44
5 49
5 50
5 108
5 117
5 119
5 186
5 189
5 199
5 208
5 211
5 241
5 242
5 259
6 10
6 21
6 26
6 28
6 31
6 44
6 49
6 50
6 108
6 117
6 119
6 186
6 189
6 199
6 208
6 211
6 241
6 242
6 259
7 10
7 21
7 26
7 28
7 31
7 44
7 49
7 50
7 108
7 117
7 119
7 186
7 189
7 199
7 208
7 211
7 241
7 242
7 259
8 10
8 18
8 21
8 28
8 31
8 44
8 49
8 50
8 87
8 92
8 96
8 108
8 113
8 117
8 119
8 186
8 189
8 199
8 208
8 211
8 241
8 242
9 10
9 18
9 21
9 28
9 31
9 44
9 49
9 50
9 87
9 92
9 96
9 108
9 113
9 117
9 119
9 186
9 189
9 199
9 208
9 211
9 241
9 242
10 10
10 18
10 31
10 44
10 45
10 49
10 50
10 87
10 92
10 96
10 108
10 113
10 117
10 119
10 186
10 189
10 199
10 208
10 211
10 216
10 241
10 242
11 10
11 31
11 44
11 45
11 49
11 50
11 87
11 92
11 96
11 108
11 113
11 117
11 119
11 186
11 189
11 199
11 208
11 211
11 216
11 241
11 242
12 31
12 45
12 46
12 49
12 50
12 87
12 92
12 96
12 108
12 119
12 147
12 186
12 199
12 208
12 211
12 216
12 241
12 242
13 31
13 45
13 46
13 49
13 50
13 87
13 92
13 96
13 108
13 119
13 147
13 171
13 186
13 199
13 208
13 211
13 216
13 241
13 242
14 31
14 45
14 46
14 49
14 50
14 87
14 92
14 96
14 108
14 119
14 147
14 171
14 186
14 199
14 208
14 211
14 216
14 241
14 242
14 277
15 31
15 45
15 46
15 49
15 50
15 87
15 92
15 96
15 108
15 119
15 147
15 171
15 186
15 199
15 208
15 211
15 216
15 241
15 242
15 277
16 31
16 45
16 46
16 49
16 50
16 87
16 92
16 96
16 108
16 119
16 147
16 171
16 186
16 199
16 208
16 211
16 216
16 242
16 277
17 46
17 49
17 50
17 58
17 87
17 92
17 96
17 108
17 119
17 147
17 171
17 186
17 199
17 208
17 211
17 216
17 222
17 242
17 277
18 46
18 49
18 50
18 58
18 87
18 92
18 96
18 108
18 119
18 147
18 171
18 186
18 199
18 208
18 211
18 216
18 222
18 242
18 277
19 46
19 50
19 92
19 108
19 112
19 119
19 138
19 147
19 169
19 171
19 183
19 186
19 199
19 208
19 211
19 216
19 242
19 268
19 277
20 32
20 46
20 50
20 92
20 108
20 112
20 119
20 138
20 147
20 169
20 171
20 183
20 186
20 199
20 208
20 211
20 216
20 242
20 268
20 277
21 32
21 46
21 47
21 92
21 108
21 112
21 119
21 138
21 147
21 169
21 171
21 183
21 186
21 199
21 208
21 211
21 216
21 242
21 268
21 277
22 32
22 36
22 40
22 42
22 47
22 59
22 69
22 92
22 108
22 112
22 119
22 147
22 169
22 171
22 179
22 183
22 186
22 199
22 208
22 211
22 216
22 242
22 268
22 277
23 36
23 42
23 47
23 59
23 69
23 108
23 119
23 147
23 169
23 171
23 179
23 183
23 199
23 208
23 211
23 216
23 242
23 268
23 277
24 36
24 41
24 42
24 47
24 59
24 108
24 119
24 142
24 147
24 171
24 179
24 183
24 199
24 208
24 211
24 216
24 242
24 268
24 277
25 36
25 41
25 42
25 47
25 59
25 108
25 119
25 142
25 147
25 171
25 179
25 183
25 199
25 208
25 211
25 216
25 242
25 268
25 277
26 36
26 42
26 47
26 59
26 106
26 108
26 119
26 142
26 147
26 171
26 179
26 183
26 199
26 211
26 216
26 242
26 268
26 277
27 42
27 47
27 59
27 100
27 106
27 108
27 119
27 142
27 147
27 171
27 179
27 182
27 183
27 199
27 211
27 242
27 268
27 277
28 42
28 47
28 59
28 100
28 106
28 108
28 119
28 142
28 147
28 171
28 179
28 182
28 183
28 199
28 211
28 242
28 268
28 277
29 42
29 47
29 59
29 100
29 106
29 108
29 119
29 142
29 147
29 171
29 179
29 182
29 183
29 199
29 211
29 242
29 268
29 277
30 52
30 86
30 100
30 106
30 119
30 142
30 147
30 150
30 171
30 179
30 182
30 183
30 199
30 205
30 211
30 234
30 268
30 277
31 52
31 86
31 100
31 106
31 119
31 142
31 147
31 150
31 171
31 179
31 182
31 183
31 199
31 205
31 211
31 234
31 268
31 277
32 52
32 86
32 100
32 106
32 119
32 142
32 147
32 150
32 171
32 182
32 183
32 199
32 205
32 211
32 268
32 277
33 52
33 73
33 86
33 100
33 105
33 106
33 142
33 147
33 150
33 171
33 182
33 183
33 199
33 205
33 211
33 268
33 277
34 52
34 73
34 86
34 100
34 105
34 106
34 142
34 147
34 150
34 171
34 182
34 183
34 199
34 205
34 211
34 224
34 268
34 277
35 86
35 100
35 105
35 106
35 142
35 150
35 182
35 183
35 199
35 211
35 224
35 249
35 268
35 277
36 56
36 86
36 105
36 106
36 129
36 142
36 150
36 182
36 183
36 211
36 249
36 268
36 277
37 56
37 86
37 105
37 106
37 120
37 129
37 142
37 150
37 182
37 183
37 211
37 249
37 268
37 277
38 56
38 68
38 86
38 105
38 106
38 120
38 129
38 142
38 150
38 182
38 183
38 211
38 249
38 268
38 277
39 56
39 68
39 86
39 105
39 106
39 120
39 129
39 142
39 150
39 182
39 183
39 211
39 249
39 268
39 277
40 56
40 68
40 86
40 105
40 106
40 120
40 129
40 142
40 150
40 151
40 182
40 183
40 211
40 249
40 265
40 277
41 56
41 68
41 86
41 105
41 106
41 120
41 129
41 142
41 150
41 151
41 182
41 183
41 211
41 249
41 265
41 277
42 53
42 61
42 68
42 93
42 106
42 129
42 151
42 182
42 183
42 188
42 211
42 249
42 277
43 53
43 61
43 68
43 88
43 93
43 106
43 129
43 151
43 182
43 183
43 188
43 195
43 211
43 249
43 277
44 53
44 61
44 68
44 81
44 88
44 93
44 114
44 129
44 151
44 182
44 183
44 188
44 195
44 211
44 277
45 53
45 61
45 68
45 81
45 88
45 93
45 114
45 129
45 151
45 182
45 183
45 188
45 195
45 211
45 277
46 53
46 61
46 68
46 81
46 88
46 93
46 102
46 114
46 129
46 151
46 182
46 183
46 188
46 195
46 211
46 277
47 60
47 61
47 67
47 68
47 81
47 88
47 93
47 102
47 114
47 151
47 182
47 183
47 188
47 195
47 211
47 277
48 60
48 61
48 67
48 68
48 81
48 88
48 93
48 102
48 114
48 151
48 182
48 183
48 188
48 195
48 211
48 277
49 60
49 61
49 67
49 68
49 81
49 88
49 93
49 102
49 114
49 151
49 182
49 183
49 188
49 195
49 211
49 277
50 60
50 68
50 81
50 88
50 93
50 102
50 114
50 121
50 134
50 151
50 182
50 183
50 188
50 195
50 211
50 277
51 60
51 68
51 81
51 88
51 93
51 102
51 104
51 114
51 121
51 134
51 151
51 182
51 183
51 188
51 195
51 211
51 277
52 60
52 68
52 81
52 88
52 93
52 102
52 104
52 114
52 121
52 134
52 151
52 182
52 183
52 188
52 195
52 211
52 277
53 60
53 62
53 63
53 81
53 83
53 88
53 101
53 102
53 114
53 116
53 121
53 126
53 134
53 151
53 182
53 188
53 195
53 202
53 211
53 248
53 277
54 60
54 62
54 63
54 81
54 83
54 88
54 101
54 102
54 114
54 116
54 121
54 126
54 134
54 151
54 182
54 188
54 195
54 202
54 211
54 248
54 277
55 60
55 62
55 63
55 81
55 83
55 88
55 101
55 102
55 114
55 116
55 121
55 125
55 126
55 134
55 151
55 170
55 182
55 195
55 202
55 211
55 248
55 277
56 63
56 65
56 70
56 83
56 88
56 114
56 133
56 134
56 151
56 170
56 182
56 193
56 195
56 202
56 211
56 248
57 63
57 65
57 70
57 83
57 114
57 133
57 134
57 151
57 170
57 176
57 182
57 193
57 195
57 202
57 211
57 248
58 63
58 65
58 83
58 114
58 132
58 133
58 134
58 135
58 151
58 165
58 176
58 182
58 193
58 195
58 202
58 248
58 283
59 63
59 65
59 83
59 89
59 114
59 115
59 132
59 133
59 134
59 144
59 165
59 174
59 176
59 182
59 193
59 195
59 202
59 213
59 248
59 283
60 63
60 64
60 65
60 83
60 89
60 114
60 115
60 132
60 133
60 134
60 144
60 165
60 174
60 176
60 182
60 202
60 248
60 267
60 283
61 63
61 83
61 89
61 114
61 132
61 133
61 134
61 144
61 174
61 176
61 182
61 230
61 248
61 267
61 283
62 63
62 76
62 83
62 89
62 114
62 124
62 132
62 133
62 134
62 157
62 174
62 182
62 214
62 230
62 248
62 267
62 275
62 283
63 63
63 66
63 76
63 83
63 89
63 114
63 124
63 132
63 133
63 134
63 157
63 174
63 182
63 214
63 230
63 248
63 267
63 275
63 283
64 63
64 66
64 76
64 82
64 83
64 89
64 114
64 124
64 132
64 133
64 134
64 157
64 174
64 182
64 214
64 230
64 248
64 267
64 275
64 283
65 63
65 66
65 89
65 107
65 114
65 124
65 132
65 133
65 157
65 173
65 174
65 182
65 214
65 230
65 266
65 267
65 275
65 283
66 63
66 66
66 89
66 107
66 114
66 124
66 132
66 133
66 157
66 173
66 174
66 182
66 214
66 230
66 266
66 267
66 275
66 283
67 66
67 77
67 89
67 107
67 124
67 132
67 157
67 173
67 174
67 182
67 197
67 214
67 230
67 266
67 267
67 275
67 283
68 66
68 77
68 89
68 107
68 124
68 132
68 157
68 173
68 174
68 182
68 197
68 214
68 230
68 266
68 267
68 275
68 283
69 66
69 89
69 107
69 124
69 132
69 157
69 173
69 174
69 182
69 197
69 214
69 230
69 266
69 267
69 275
69 283
70 79
70 89
70 103
70 109
70 132
70 157
70 173
70 174
70 182
70 197
70 214
70 230
70 266
70 267
70 283
71 79
71 89
71 103
71 109
71 132
71 157
71 173
71 174
71 182
71 197
71 214
71 230
71 266
71 267
71 283
72 79
72 84
72 89
72 103
72 109
72 132
72 157
72 173
72 174
72 182
72 197
72 214
72 230
72 266
72 267
72 283
73 79
73 84
73 85
73 89
73 91
73 103
73 109
73 131
73 132
73 157
73 173
73 174
73 182
73 185
73 197
73 214
73 230
73 266
73 267
73 283
74 79
74 84
74 85
74 89
74 91
74 103
74 109
74 131
74 132
74 157
74 173
74 174
74 182
74 185
74 197
74 214
74 230
74 266
74 283
75 79
75 84
75 85
75 89
75 91
75 103
75 109
75 131
75 132
75 157
75 173
75 174
75 182
75 185
75 197
75 214
75 230
75 266
75 283
76 79
76 84
76 85
76 89
76 103
76 109
76 131
76 132
76 172
76 173
76 174
76 182
76 185
76 197
76 214
76 230
76 266
76 283
77 79
77 84
77 85
77 89
77 103
77 109
77 131
77 132
77 172
77 173
77 174
77 182
77 185
77 197
77 214
77 230
77 266
77 283
78 79
78 84
78 85
78 89
78 97
78 103
78 109
78 123
78 131
78 132
78 172
78 173
78 174
78 182
78 185
78 197
78 214
78 230
78 236
78 266
78 283
79 79
79 84
79 85
79 89
79 103
79 123
79 131
79 132
79 172
79 173
79 174
79 182
79 185
79 197
79 214
79 230
79 236
79 266
79 283
80 79
80 84
80 85
80 89
80 103
80 123
80 131
80 132
80 172
80 173
80 174
80 182
80 185
80 197
80 214
80 230
80 236
80 266
80 283
81 79
81 84
81 85
81 89
81 103
81 123
81 131
81 132
81 172
81 173
81 174
81 182
81 185
81 197
81 214
81 230
81 236
81 266
81 283
82 79
82 85
82 89
82 123
82 132
82 163
82 172
82 173
82 174
82 182
82 185
82 197
82 214
82 230
82 231
82 236
82 266
82 283
83 85
83 123
83 132
83 163
83 172
83 173
83 174
83 182
83 185
83 214
83 230
83 231
83 236
83 266
83 281
83 283
84 85
84 98
84 123
84 132
84 141
84 148
84 172
84 173
84 174
84 184
84 185
84 214
84 221
84 230
84 231
84 236
84 266
84 281
84 283
85 85
85 98
85 123
85 132
85 141
85 148
85 172
85 173
85 174
85 184
85 185
85 214
85 221
85 230
85 231
85 236
85 266
85 281
85 283
86 85
86 98
86 123
86 132
86 141
86 148
86 172
86 173
86 174
86 184
86 185
86 214
86 221
86 230
86 231
86 236
86 266
86 281
86 283
87 98
87 123
87 132
87 141
87 148
87 172
87 173
87 174
87 185
87 214
87 221
87 230
87 231
87 236
87 266
87 281
87 283
88 98
88 123
88 132
88 141
88 148
88 172
88 173
88 174
88 185
88 214
88 221
88 230
88 231
88 236
88 266
88 281
88 283
89 98
89 110
89 123
89 128
89 132
89 140
89 141
89 148
89 164
89 168
89 172
89 173
89 174
89 230
89 231
89 236
89 266
89 281
89 283
90 94
90 110
90 111
90 118
90 123
90 128
90 140
90 141
90 146
90 148
90 149
90 159
90 164
90 166
90 168
90 174
90 180
90 230
90 231
90 236
90 266
90 281
91 94
91 95
91 110
91 111
91 118
91 123
91 128
91 140
91 141
91 146
91 148
91 149
91 159
91 164
91 166
91 168
91 174
91 180
91 230
91 231
91 236
91 266
91 281
92 94
92 95
92 110
92 111
92 118
92 123
92 128
92 140
92 141
92 146
92 148
92 149
92 156
92 159
92 164
92 166
92 168
92 174
92 180
92 230
92 231
92 236
92 266
92 281
93 94
93 95
93 110
93 111
93 118
93 123
93 128
93 140
93 141
93 146
93 148
93 149
93 156
93 159
93 164
93 166
93 168
93 174
93 180
93 225
93 230
93 231
93 236
93 266
93 281
94 94
94 110
94 111
94 118
94 123
94 128
94 140
94 141
94 146
94 148
94 149
94 156
94 159
94 164
94 166
94 168
94 174
94 180
94 225
94 230
94 231
94 236
94 266
95 94
95 110
95 111
95 118
95 123
95 128
95 140
95 141
95 146
95 148
95 149
95 156
95 159
95 164
95 166
95 167
95 168
95 180
95 225
95 230
95 231
95 236
95 266
96 110
96 111
96 118
96 123
96 128
96 141
96 146
96 148
96 149
96 156
96 159
96 164
96 166
96 167
96 168
96 180
96 225
96 230
96 231
96 236
96 266
97 110
97 118
97 123
97 128
97 141
97 146
97 148
97 149
97 156
97 159
97 164
97 166
97 167
97 168
97 180
97 225
97 230
97 231
97 236
97 266
98 118
98 123
98 128
98 146
98 148
98 149
98 156
98 159
98 164
98 166
98 167
98 180
98 225
98 230
98 231
98 236
98 266
99 118
99 123
99 128
99 146
99 148
99 149
99 156
99 159
99 164
99 166
99 167
99 180
99 225
99 230
99 231
99 236
99 266
100 118
100 123
100 128
100 146
100 148
100 149
100 156
100 159
100 164
100 166
100 167
100 180
100 225
100 230
100 231
100 236
100 266
101 118
101 123
101 128
101 146
101 148
101 149
101 156
101 159
101 167
101 180
101 203
101 215
101 225
101 230
101 231
101 236
101 266
102 118
102 123
102 128
102 146
102 148
102 149
102 156
102 159
102 167
102 180
102 203
102 215
102 225
102 230
102 231
102 236
102 266
103 118
103 123
103 128
103 137
103 146
103 148
103 149
103 156
103 159
103 167
103 180
103 203
103 215
103 225
103 230
103 231
103 236
103 266
104 118
104 123
104 128
104 137
104 146
104 148
104 149
104 156
104 159
104 167
104 180
104 203
104 215
104 225
104 230
104 231
104 236
104 266
105 118
105 123
105 128
105 137
105 143
105 146
105 148
105 149
105 156
105 158
105 159
105 167
105 180
105 203
105 210
105 215
105 223
105 225
105 231
105 233
105 236
105 251
105 266
105 274
106 118
106 123
106 128
106 137
106 149
106 158
106 159
106 180
106 203
106 210
106 212
106 215
106 220
106 223
106 225
106 231
106 233
106 236
106 251
106 266
106 274
107 118
107 123
107 128
107 137
107 149
107 158
107 159
107 180
107 203
107 210
107 212
107 215
107 220
107 223
107 225
107 231
107 233
107 236
107 251
107 266
107 274
108 118
108 123
108 128
108 137
108 149
108 158
108 159
108 180
108 203
108 210
108 212
108 215
108 220
108 223
108 225
108 231
108 233
108 236
108 251
108 266
108 274
109 118
109 123
109 128
109 149
109 158
109 159
109 160
109 180
109 203
109 210
109 212
109 215
109 220
109 223
109 225
109 231
109 233
109 251
109 266
109 274
110 118
110 123
110 153
110 159
110 160
110 180
110 207
110 210
110 212
110 215
110 220
110 223
110 225
110 231
110 233
110 251
110 256
110 266
110 274
111 118
111 123
111 153
111 159
111 160
111 180
111 207
111 210
111 212
111 215
111 220
111 223
111 225
111 231
111 233
111 251
111 256
111 266
111 274
112 127
112 139
112 153
112 159
112 160
112 207
112 210
112 212
112 215
112 220
112 225
112 233
112 251
112 256
112 266
112 269
112 274
113 127
113 139
113 159
113 160
113 207
113 210
113 212
113 215
113 225
113 233
113 251
113 256
113 266
113 269
113 274
114 127
114 139
114 159
114 160
114 175
114 210
114 215
114 225
114 251
114 256
114 266
114 269
114 274
115 127
115 139
115 159
115 160
115 175
115 210
115 215
115 225
115 251
115 256
115 266
115 269
115 274
116 127
116 139
116 159
116 160
116 175
116 210
116 215
116 251
116 256
116 266
116 269
116 274
117 127
117 139
117 159
117 160
117 187
117 210
117 215
117 251
117 256
117 266
117 269
117 274
118 127
118 139
118 160
118 187
118 210
118 215
118 251
118 256
118 266
118 269
118 274
119 127
119 139
119 160
119 187
119 210
119 215
119 251
119 256
119 266
119 269
119 274
120 160
120 177
120 187
120 210
120 215
120 251
120 256
120 266
120 269
120 274
121 160
121 177
121 187
121 210
121 215
121 251
121 256
121 266
121 269
121 274
122 154
122 160
122 177
122 187
122 210
122 215
122 240
122 251
122 256
122 266
122 269
123 154
123 160
123 177
123 187
123 190
123 210
123 215
123 240
123 251
123 256
123 266
123 269
124 154
124 160
124 177
124 187
124 190
124 215
124 218
124 226
124 240
124 251
124 256
124 266
124 269
125 154
125 160
125 177
125 187
125 190
125 196
125 218
125 226
125 240
125 251
125 256
125 266
125 269
126 154
126 160
126 177
126 187
126 190
126 196
126 218
126 226
126 240
126 251
126 256
126 266
126 269
127 154
127 160
127 177
127 187
127 190
127 196
127 218
127 226
127 238
127 240
127 244
127 251
127 256
127 266
127 269
128 154
128 160
128 177
128 187
128 190
128 196
128 218
128 226
128 238
128 240
128 244
128 251
128 256
128 266
129 160
129 177
129 187
129 218
129 219
129 238
129 240
129 244
129 251
129 256
129 266
130 160
130 177
130 178
130 187
130 218
130 219
130 238
130 240
130 244
130 251
130 256
130 266
131 160
131 177
131 178
131 187
131 218
131 219
131 238
131 240
131 244
131 251
131 256
131 266
132 177
132 178
132 187
132 204
132 218
132 219
132 238
132 240
132 244
132 251
132 256
132 266
133 177
133 178
133 187
133 204
133 218
133 219
133 238
133 240
133 244
133 251
133 256
133 266
134 187
134 218
134 238
134 239
134 240
134 256
134 266
135 187
135 218
135 238
135 239
135 240
135 256
135 266
136 187
136 198
136 218
136 238
136 239
136 240
136 256
136 266
137 187
137 198
137 218
137 238
137 239
137 240
137 256
137 266
138 187
138 198
138 218
138 238
138 239
138 240
138 256
138 266
139 187
139 198
139 218
139 238
139 239
139 240
139 256
139 266
140 187
140 198
140 218
140 238
140 239
140 240
140 256
140 266
141 187
141 198
141 218
141 238
141 239
141 240
141 256
141 266
142 187
142 198
142 218
142 229
142 238
142 239
142 240
142 256
142 266
142 278
143 181
143 187
143 198
143 218
143 229
143 238
143 239
143 240
143 256
143 278
144 181
144 187
144 198
144 218
144 229
144 238
144 239
144 240
144 256
144 278
145 187
145 198
145 218
145 238
145 239
145 256
145 278
146 187
146 198
146 218
146 238
146 239
146 256
146 262
146 278
147 194
147 198
147 218
147 238
147 256
147 262
147 278
148 194
148 198
148 218
148 238
148 256
149 192
149 194
149 198
149 218
149 238
149 256
150 192
150 194
150 198
150 218
150 238
150 256
151 192
151 194
151 198
151 218
151 238
151 256
152 192
152 194
152 198
152 218
152 238
152 256
153 192
153 194
153 198
153 218
153 238
153 256
154 192
154 194
154 198
154 218
154 238
154 256
155 192
155 194
155 218
155 238
155 256
156 192
156 194
156 218
156 238
156 256
157 192
157 194
157 218
157 232
157 238
157 256
158 161
158 162
158 192
158 201
158 232
158 238
158 243
158 256
159 161
159 162
159 201
159 232
159 238
159 243
159 256
160 161
160 201
160 232
160 238
160 243
160 256
161 201
161 232
161 238
161 243
161 256
162 201
162 232
162 238
162 243
162 256
163 201
163 232
163 238
163 243
163 256
163 257
164 201
164 232
164 238
164 256
164 257
165 201
165 232
165 238
165 256
165 257
166 238
166 256
166 257
167 238
167 256
167 257
168 237
168 238
168 256
168 257
169 237
169 238
169 256
169 257
170 237
170 238
170 256
170 257
171 237
171 256
171 257
172 217
172 235
172 237
172 252
172 257
173 217
173 235
173 237
173 252
173 257
174 217
174 237
174 252
174 257
175 217
175 237
175 252
175 257
176 217
176 237
176 252
176 257
177 217
177 237
177 252
177 257
178 217
178 237
178 252
178 257
179 217
179 237
179 252
180 217
180 237
180 252
181 217
181 237
181 252
181 263
181 279
182 217
182 237
182 252
182 263
182 279
183 217
183 237
183 252
183 263
183 279
184 191
184 217
184 228
184 237
184 263
184 279
185 191
185 217
185 228
185 237
185 261
185 263
185 279
186 191
186 209
186 217
186 228
186 237
186 261
186 263
186 279
187 191
187 209
187 217
187 228
187 237
187 261
187 263
187 279
188 191
188 209
188 217
188 228
188 237
188 261
188 263
188 279
189 191
189 209
189 217
189 228
189 237
189 261
189 263
190 191
190 209
190 217
190 228
190 245
190 261
190 263
191 191
191 209
191 217
191 228
191 245
191 263
191 282
192 217
192 228
192 245
192 263
192 282
193 217
193 228
193 245
193 263
193 282
194 217
194 228
194 245
194 263
194 282
195 200
195 217
195 228
195 245
195 263
195 282
196 200
196 217
196 228
196 245
196 263
196 282
197 217
197 245
197 263
197 282
198 217
198 245
198 263
198 282
199 206
199 217
199 245
199 263
199 282
200 206
200 245
200 263
200 282
201 206
201 245
201 263
201 282
202 206
202 245
202 253
202 263
202 282
203 245
203 253
203 263
203 282
204 245
204 253
204 263
205 245
205 253
205 263
206 245
206 253
206 263
207 245
207 253
208 245
208 253
209 245
209 253
210 245
210 253
211 245
211 253
212 245
212 253
213 245
213 253
214 245
214 253
215 245
215 253
216 245
216 253
216 260
216 270
217 245
217 253
217 260
217 270
217 284
218 245
218 253
218 254
218 260
218 270
218 280
218 284
219 245
219 253
219 254
219 260
219 270
219 280
219 284
220 245
220 253
220 254
220 260
220 270
220 273
220 280
220 284
221 227
221 253
221 254
221 260
221 270
221 271
222 227
222 253
222 254
222 260
222 270
222 271
223 227
223 253
223 254
223 260
223 270
223 271
224 227
224 253
224 254
224 260
224 270
224 271
225 253
225 254
225 258
225 260
225 270
225 271
226 253
226 254
226 258
226 260
226 271
227 253
227 254
227 258
227 260
227 271
228 253
228 254
228 258
228 260
228 271
229 253
229 254
229 258
229 260
229 271
230 253
230 254
230 258
230 260
230 271
231 250
231 253
231 254
231 258
231 260
231 271
232 250
232 253
232 254
232 258
232 260
232 271
233 250
233 253
233 254
233 258
233 260
233 271
234 250
234 253
234 254
234 258
234 260
234 271
235 250
235 253
235 254
235 260
235 271
236 246
236 250
236 253
236 254
236 260
236 271
237 246
237 250
237 253
237 254
237 260
237 271
238 246
238 250
238 253
238 254
238 260
238 271
239 246
239 250
239 253
239 254
239 260
239 271
240 246
240 250
240 253
240 254
240 260
240 271
241 246
241 250
241 253
241 254
241 260
241 271
242 246
242 247
242 250
242 253
242 254
242 260
242 271
242 272
243 246
243 247
243 250
243 253
243 254
243 260
243 264
243 272
244 253
244 254
244 260
244 264
244 272
245 253
245 254
245 260
245 264
245 272
246 253
246 254
246 260
246 264
246 272
247 253
247 254
247 260
247 264
247 272
248 253
248 254
248 260
248 264
248 272
249 253
249 254
249 255
249 260
249 264
249 272
250 253
250 254
250 255
250 260
250 264
250 272
251 253
251 254
251 255
251 260
251 264
251 272
252 253
252 254
252 255
252 260
252 264
252 272
253 254
253 255
253 260
253 264
253 272
254 254
254 255
254 260
254 264
254 272
255 254
255 255
255 260
255 272
256 254
256 260
256 272
256 276
257 254
257 260
257 272
257 276
258 254
258 260
258 272
258 276
259 254
259 260
259 272
259 276
260 254
260 272
261 254
261 272
262 254
262 272
263 254
263 272
264 254
264 272
265 254
265 272
266 254
266 272
267 254
267 272
268 254
268 272
269 254
269 272
270 254
270 272
271 254
271 272
272 254
272 272
273 254
273 272
274 254
274 272
275 254
275 272
276 254
277 254
278 254
279 254
280 254
281 254
