0 38
0 40
0 46
0 100
1 2
1 3
1 38
1 46
1 100
2 38
2 46
2 100
2 222
3 11
3 38
3 46
3 100
3 136
3 222
4 10
4 46
4 84
4 100
4 222
5 10
5 15
5 18
5 23
5 34
5 48
5 84
5 94
5 100
5 113
5 175
5 222
5 244
5 251
6 10
6 15
6 23
6 29
6 34
6 48
6 84
6 100
6 104
6 113
6 175
6 222
6 244
6 251
7 23
7 29
7 34
7 37
7 48
7 84
7 100
7 104
7 113
7 175
7 222
7 244
7 251
8 23
8 29
8 34
8 37
8 48
8 100
8 104
8 113
8 175
8 222
8 226
8 244
8 251
9 23
9 29
9 34
9 37
9 48
9 100
9 104
9 113
9 175
9 222
9 226
9 244
9 251
10 22
10 25
10 27
10 29
10 34
10 48
10 50
10 51
10 62
10 76
10 113
10 175
10 222
10 226
10 244
10 251
11 22
11 25
11 27
11 29
11 34
11 48
11 49
11 50
11 51
11 59
11 62
11 76
11 113
11 175
11 222
11 226
11 244
11 251
12 13
12 19
12 25
12 29
12 49
12 50
12 59
12 62
12 76
12 113
12 175
12 226
12 244
12 251
13 19
13 25
13 29
13 49
13 50
13 59
13 62
13 74
13 113
13 175
13 244
13 251
13 261
14 25
14 29
14 49
14 54
14 59
14 62
14 74
14 101
14 175
14 244
14 251
14 261
15 25
15 29
15 49
15 54
15 59
15 62
15 74
15 101
15 175
15 244
15 251
15 261
16 25
16 29
16 49
16 54
16 59
16 62
16 74
16 101
16 175
16 244
16 251
16 261
17 24
17 49
17 54
17 59
17 62
17 74
17 87
17 89
17 101
17 114
17 175
17 188
17 244
17 251
17 261
18 24
18 26
18 49
18 54
18 59
18 62
18 74
18 87
18 89
18 101
18 114
18 132
18 161
18 175
18 188
18 244
18 251
18 261
19 26
19 49
19 54
19 55
19 62
19 74
19 87
19 89
19 101
19 114
19 132
19 161
19 175
19 188
19 244
19 251
19 261
20 49
20 54
20 55
20 74
20 89
20 132
20 175
20 188
20 244
20 251
20 253
20 261
21 49
21 54
21 55
21 74
21 89
21 132
21 175
21 188
21 244
21 251
21 253
21 261
22 49
22 54
22 74
22 89
22 103
22 132
22 175
22 188
22 196
22 244
22 251
22 253
22 261
23 31
23 49
23 57
23 68
23 74
23 86
23 90
23 103
23 132
23 188
23 196
23 220
23 244
23 251
23 253
23 261
24 33
24 49
24 57
24 68
24 74
24 86
24 90
24 103
24 132
24 188
24 196
24 244
24 251
24 253
24 261
25 33
25 49
25 57
25 68
25 74
25 86
25 90
25 98
25 103
25 132
25 141
25 188
25 196
25 244
25 251
25 253
25 261
26 33
26 35
26 36
26 57
26 68
26 86
26 90
26 98
26 103
26 122
26 132
26 134
26 141
26 188
26 206
26 244
26 251
26 253
26 261
27 30
27 35
27 43
27 52
27 57
27 71
27 79
27 85
27 86
27 90
27 98
27 103
27 122
27 132
27 134
27 138
27 141
27 206
27 244
27 251
27 253
27 261
28 57
28 58
28 71
28 79
28 85
28 86
28 92
28 98
28 103
28 105
28 122
28 132
28 134
28 138
28 141
28 176
28 180
28 206
28 253
28 261
29 57
29 58
29 71
29 79
29 85
29 86
29 92
29 98
29 103
29 105
29 122
29 132
29 134
29 138
29 141
29 176
29 180
29 206
29 253
29 261
30 39
30 57
30 58
30 71
30 79
30 85
30 92
30 98
30 103
30 105
30 122
30 132
30 134
30 138
30 141
30 176
30 180
30 206
30 253
30 261
31 39
31 57
31 58
31 71
31 79
31 85
31 92
31 98
31 103
31 122
31 132
31 134
31 138
31 141
31 176
31 180
31 206
31 253
31 261
32 39
32 57
32 58
32 71
32 79
32 85
32 92
32 103
32 122
32 132
32 134
32 138
32 141
32 176
32 180
32 206
32 253
32 261
33 39
33 42
33 57
33 58
33 71
33 79
33 103
33 122
33 132
33 134
33 138
33 141
33 170
33 176
33 206
33 231
33 253
33 261
33 279
33 282
34 39
34 42
34 71
34 79
34 103
34 122
34 132
34 138
34 141
34 170
34 176
34 206
34 207
34 231
34 253
34 261
34 279
34 282
35 39
35 42
35 71
35 79
35 103
35 122
35 132
35 138
35 141
35 170
35 176
35 206
35 207
35 231
35 253
35 261
35 279
35 282
36 39
36 53
36 71
36 79
36 103
36 122
36 138
36 141
36 170
36 176
36 206
36 207
36 231
36 253
36 261
36 279
36 282
37 41
37 53
37 71
37 79
37 103
37 122
37 138
37 141
37 170
37 176
37 206
37 207
37 231
37 253
37 261
37 279
37 282
38 41
38 47
38 71
38 103
38 122
38 133
38 138
38 140
38 141
38 170
38 176
38 206
38 207
38 231
38 253
38 261
38 279
38 282
39 41
39 47
39 71
39 102
39 103
39 133
39 138
39 140
39 141
39 170
39 176
39 206
39 207
39 231
39 253
39 261
39 279
39 282
40 41
40 47
40 71
40 102
40 103
40 133
40 138
40 140
40 141
40 167
40 170
40 176
40 203
40 206
40 207
40 224
40 231
40 253
40 261
40 279
40 282
41 41
41 47
41 71
41 102
41 103
41 133
41 138
41 140
41 141
41 167
41 176
41 190
41 203
41 206
41 207
41 224
41 231
41 253
41 261
41 279
41 282
42 44
42 71
42 102
42 103
42 133
42 138
42 140
42 141
42 146
42 176
42 190
42 203
42 206
42 224
42 231
42 261
42 279
42 282
43 44
43 71
43 102
43 103
43 115
43 133
43 138
43 140
43 141
43 146
43 169
43 176
43 203
43 206
43 224
43 230
43 231
43 233
43 261
43 279
43 282
44 71
44 91
44 102
44 103
44 115
44 133
44 138
44 140
44 141
44 143
44 146
44 169
44 176
44 203
44 206
44 230
44 231
44 233
44 261
44 279
44 282
45 71
45 91
45 102
45 103
45 115
45 133
45 138
45 140
45 141
45 143
45 146
45 169
45 176
45 203
45 206
45 230
45 231
45 233
45 261
45 279
45 282
46 60
46 69
46 71
46 102
46 103
46 115
46 116
46 133
46 138
46 140
46 141
46 143
46 160
46 169
46 203
46 206
46 230
46 231
46 261
46 279
46 282
47 60
47 61
47 88
47 102
47 103
47 108
47 115
47 116
47 133
47 138
47 140
47 141
47 160
47 169
47 173
47 177
47 203
47 206
47 230
47 231
47 242
47 261
47 266
47 267
47 279
48 60
48 61
48 83
48 88
48 102
48 103
48 108
48 115
48 133
48 138
48 140
48 141
48 144
48 160
48 169
48 173
48 203
48 206
48 230
48 231
48 242
48 261
48 266
48 279
49 61
49 65
49 88
49 102
49 126
49 133
49 138
49 141
49 144
49 160
49 169
49 173
49 203
49 206
49 230
49 231
49 242
49 261
49 266
49 279
50 61
50 66
50 77
50 88
50 120
50 126
50 138
50 141
50 144
50 160
50 169
50 173
50 203
50 206
50 227
50 230
50 231
50 261
50 266
51 61
51 66
51 77
51 88
51 120
51 126
51 138
51 141
51 144
51 156
51 160
51 169
51 173
51 206
51 227
51 230
51 231
51 261
51 266
52 61
52 66
52 77
52 88
52 107
52 120
52 126
52 141
52 144
52 160
52 169
52 173
52 206
52 227
52 230
52 231
52 261
52 266
53 61
53 66
53 77
53 80
53 120
53 126
53 141
53 148
53 160
53 169
53 173
53 206
53 227
53 230
53 231
53 238
53 261
53 266
54 61
54 66
54 77
54 80
54 117
54 120
54 126
54 141
54 148
54 160
54 173
54 206
54 227
54 230
54 231
54 238
54 261
54 266
55 61
55 66
55 77
55 80
55 82
55 117
55 120
55 126
55 141
55 148
55 160
55 173
55 192
55 198
55 206
55 231
55 238
55 256
55 261
55 266
56 61
56 63
56 66
56 72
56 78
56 80
56 82
56 117
56 120
56 126
56 141
56 148
56 153
56 160
56 173
56 192
56 198
56 201
56 231
56 238
56 239
57 61
57 63
57 72
57 78
57 80
57 82
57 117
57 120
57 126
57 141
57 148
57 153
57 160
57 173
57 192
57 198
57 201
57 231
57 238
57 239
58 61
58 63
58 67
58 72
58 78
58 80
58 82
58 117
58 120
58 126
58 141
58 148
58 153
58 160
58 173
58 192
58 198
58 201
58 231
58 238
58 239
59 61
59 63
59 67
59 72
59 78
59 80
59 82
59 117
59 120
59 126
59 141
59 148
59 153
59 160
59 173
59 192
59 198
59 201
59 231
59 238
59 239
60 61
60 63
60 67
60 72
60 78
60 82
60 117
60 120
60 126
60 141
60 148
60 153
60 160
60 173
60 192
60 198
60 201
60 231
60 238
60 239
61 61
61 63
61 67
61 72
61 78
61 120
61 126
61 148
61 153
61 173
61 192
61 195
61 198
61 231
61 238
61 239
62 61
62 63
62 67
62 72
62 78
62 120
62 126
62 148
62 153
62 173
62 192
62 195
62 198
62 215
62 217
62 231
62 238
62 239
63 67
63 72
63 78
63 120
63 126
63 148
63 153
63 173
63 192
63 195
63 198
63 215
63 217
63 231
63 238
63 239
64 67
64 72
64 78
64 126
64 148
64 153
64 173
64 192
64 195
64 198
64 215
64 231
64 238
64 239
64 271
65 67
65 72
65 78
65 109
65 119
65 123
65 128
65 147
65 153
65 163
65 173
65 192
65 195
65 198
65 199
65 231
65 238
65 239
66 67
66 72
66 78
66 109
66 119
66 123
66 128
66 147
66 153
66 163
66 173
66 192
66 195
66 198
66 199
66 231
66 238
66 239
66 254
67 67
67 72
67 78
67 109
67 119
67 123
67 128
67 147
67 153
67 163
67 173
67 183
67 192
67 195
67 198
67 199
67 231
67 238
67 239
67 254
68 67
68 72
68 73
68 78
68 109
68 119
68 123
68 128
68 147
68 153
68 163
68 173
68 183
68 192
68 195
68 198
68 199
68 231
68 238
68 239
68 254
69 67
69 72
69 73
69 78
69 109
69 119
69 123
69 128
69 147
69 153
69 163
69 173
69 183
69 192
69 195
69 198
69 199
69 231
69 238
69 239
69 254
70 72
70 73
70 78
70 109
70 119
70 123
70 128
70 147
70 153
70 163
70 173
70 183
70 192
70 195
70 198
70 199
70 231
70 239
70 254
71 72
71 73
71 78
71 119
71 123
71 128
71 147
71 153
71 163
71 173
71 183
71 192
71 195
71 198
71 199
71 231
71 239
71 254
72 72
72 73
72 78
72 119
72 123
72 147
72 153
72 163
72 173
72 183
72 192
72 195
72 198
72 199
72 231
72 239
72 254
72 278
73 72
73 73
73 78
73 119
73 123
73 147
73 149
73 153
73 163
73 173
73 183
73 185
73 192
73 195
73 197
73 198
73 199
73 231
73 239
73 254
73 278
74 72
74 78
74 119
74 123
74 130
74 147
74 149
74 153
74 163
74 173
74 183
74 185
74 192
74 195
74 197
74 198
74 199
74 231
74 239
74 254
74 278
75 72
75 78
75 119
75 123
75 130
75 147
75 149
75 153
75 163
75 173
75 183
75 185
75 192
75 195
75 197
75 198
75 199
75 231
75 239
75 254
75 278
76 72
76 78
76 119
76 123
76 130
76 147
76 149
76 153
76 163
76 173
76 183
76 185
76 192
76 195
76 197
76 198
76 199
76 231
76 239
76 254
76 278
77 72
77 119
77 123
77 130
77 147
77 149
77 153
77 163
77 173
77 183
77 185
77 192
77 195
77 197
77 198
77 199
77 231
77 239
77 254
77 278
78 119
78 123
78 130
78 147
78 149
78 153
78 158
78 163
78 173
78 183
78 185
78 192
78 195
78 197
78 198
78 199
78 231
78 239
78 254
78 278
79 106
79 110
79 119
79 123
79 129
79 147
79 149
79 155
79 158
79 163
79 173
79 174
79 183
79 185
79 192
79 195
79 198
79 199
79 239
79 254
79 278
80 106
80 110
80 119
80 123
80 129
80 147
80 149
80 155
80 158
80 163
80 173
80 174
80 183
80 185
80 192
80 195
80 198
80 199
80 239
80 254
80 278
81 106
81 110
81 119
81 123
81 129
81 147
81 149
81 155
81 158
81 163
81 173
81 174
81 183
81 185
81 192
81 198
81 199
81 239
81 252
81 254
81 278
82 106
82 110
82 119
82 123
82 131
82 147
82 155
82 158
82 173
82 174
82 183
82 185
82 192
82 198
82 199
82 234
82 252
82 254
82 278
83 99
83 110
83 112
83 123
83 147
83 155
83 157
83 173
83 185
83 189
83 192
83 198
83 199
83 234
83 249
83 252
83 254
83 278
84 93
84 99
84 110
84 123
84 147
84 155
84 157
84 173
84 185
84 189
84 192
84 193
84 198
84 234
84 249
84 252
84 254
84 275
84 278
85 93
85 99
85 110
85 147
85 155
85 157
85 189
85 192
85 193
85 198
85 234
85 249
85 254
85 259
85 275
86 93
86 99
86 110
86 111
86 147
86 155
86 157
86 189
86 192
86 193
86 198
86 234
86 249
86 254
86 259
86 275
87 93
87 99
87 110
87 111
87 137
87 147
87 155
87 157
87 182
87 189
87 192
87 198
87 234
87 249
87 250
87 254
87 259
87 275
88 93
88 99
88 111
88 137
88 147
88 155
88 157
88 182
88 189
88 192
88 198
88 234
88 249
88 250
88 254
88 259
88 275
89 93
89 99
89 111
89 137
89 147
89 155
89 157
89 182
89 189
89 192
89 198
89 234
89 249
89 250
89 254
89 259
89 275
90 93
90 99
90 111
90 137
90 147
90 155
90 157
90 182
90 189
90 192
90 198
90 234
90 249
90 250
90 254
90 259
90 275
91 93
91 99
91 111
91 137
91 147
91 155
91 157
91 182
91 189
91 192
91 198
91 234
91 249
91 250
91 254
91 259
91 275
92 93
92 99
92 111
92 137
92 147
92 155
92 157
92 178
92 182
92 189
92 192
92 198
92 234
92 247
92 249
92 250
92 254
92 259
92 275
93 93
93 99
93 111
93 137
93 147
93 155
93 157
93 178
93 182
93 189
93 192
93 198
93 234
93 247
93 249
93 250
93 254
93 259
93 275
94 93
94 99
94 111
94 137
94 147
94 155
94 157
94 178
94 182
94 189
94 192
94 234
94 247
94 250
94 254
94 259
94 275
95 93
95 99
95 111
95 137
95 147
95 155
95 157
95 165
95 178
95 182
95 189
95 192
95 234
95 247
95 250
95 254
95 259
95 275
96 99
96 111
96 137
96 147
96 155
96 157
96 165
96 182
96 189
96 191
96 192
96 221
96 234
96 247
96 250
96 254
96 259
96 275
97 99
97 111
97 137
97 147
97 155
97 157
97 165
97 182
97 189
97 191
97 192
97 221
97 234
97 247
97 250
97 254
97 259
97 275
98 111
98 137
98 147
98 155
98 157
98 186
98 189
98 191
98 221
98 234
98 247
98 250
98 259
98 275
98 280
99 111
99 137
99 147
99 155
99 157
99 186
99 189
99 191
99 221
99 234
99 247
99 250
99 259
99 273
99 275
99 280
100 111
100 137
100 147
100 151
100 155
100 157
100 186
100 189
100 191
100 221
100 234
100 247
100 250
100 259
100 273
100 275
100 280
101 111
101 137
101 147
101 151
101 155
101 157
101 186
101 189
101 191
101 221
101 234
101 247
101 250
101 259
101 273
101 275
101 280
102 137
102 147
102 151
102 154
102 155
102 186
102 189
102 191
102 221
102 234
102 247
102 250
102 259
102 273
102 275
102 280
103 137
103 147
103 151
103 154
103 155
103 186
103 189
103 191
103 221
103 234
103 247
103 250
103 259
103 273
103 275
103 280
104 137
104 147
104 151
104 154
104 155
104 186
104 189
104 191
104 221
104 234
104 247
104 250
104 273
104 275
104 280
105 147
105 152
105 154
105 155
105 189
105 191
105 234
105 247
105 250
105 273
105 275
105 280
106 147
106 152
106 154
106 155
106 189
106 191
106 234
106 247
106 250
106 273
106 275
106 280
107 142
107 147
107 152
107 154
107 155
107 189
107 191
107 234
107 247
107 250
107 273
107 275
107 280
108 121
108 142
108 147
108 152
108 154
108 155
108 189
108 191
108 234
108 247
108 250
108 273
108 275
108 280
109 121
109 124
109 142
109 147
109 152
109 155
109 191
109 234
109 247
109 250
109 273
109 275
109 276
109 280
110 121
110 142
110 147
110 152
110 155
110 191
110 234
110 247
110 250
110 273
110 275
110 276
110 280
111 121
111 142
111 147
111 152
111 155
111 191
111 234
111 247
111 250
111 273
111 275
111 276
111 280
112 121
112 127
112 142
112 155
112 181
112 191
112 234
112 247
112 273
112 275
112 276
112 280
113 121
113 127
113 142
113 155
113 181
113 191
113 229
113 234
113 247
113 273
113 275
113 276
113 280
114 121
114 127
114 142
114 155
114 181
114 191
114 234
114 247
114 273
114 275
114 276
114 280
115 121
115 127
115 142
115 155
115 181
115 191
115 234
115 247
115 273
115 275
115 276
115 280
116 121
116 127
116 142
116 155
116 181
116 191
116 212
116 234
116 247
116 273
116 275
116 276
116 280
117 121
117 127
117 142
117 155
117 181
117 212
117 234
117 247
117 276
117 280
118 121
118 127
118 142
118 155
118 181
118 212
118 234
118 276
118 280
119 121
119 127
119 142
119 155
119 172
119 181
119 212
119 214
119 276
120 121
120 127
120 142
120 155
120 172
120 181
120 212
120 214
120 276
121 121
121 127
121 142
121 155
121 172
121 181
121 212
121 214
121 276
122 121
122 127
122 142
122 155
122 172
122 181
122 212
122 214
122 276
123 121
123 127
123 135
123 142
123 155
123 172
123 181
123 212
123 214
123 262
123 276
124 127
124 135
124 142
124 155
124 166
124 172
124 181
124 212
124 214
124 262
124 276
125 127
125 135
125 139
125 142
125 155
125 166
125 172
125 179
125 181
125 212
125 214
125 262
125 276
125 284
126 127
126 135
126 139
126 142
126 155
126 166
126 172
126 179
126 181
126 212
126 214
126 262
126 276
126 284
127 127
127 135
127 139
127 142
127 155
127 166
127 172
127 179
127 181
127 212
127 214
127 262
127 276
127 284
128 127
128 135
128 139
128 142
128 155
128 166
128 172
128 179
128 181
128 212
128 214
128 262
128 276
128 284
129 127
129 135
129 139
129 142
129 155
129 166
129 172
129 179
129 181
129 212
129 214
129 262
129 276
130 127
130 135
130 139
130 142
130 150
130 155
130 166
130 172
130 181
130 212
130 214
130 216
130 262
130 276
131 127
131 135
131 139
131 142
131 150
131 155
131 164
131 172
131 181
131 200
131 212
131 214
131 216
131 262
131 276
132 127
132 135
132 139
132 142
132 150
132 155
132 164
132 172
132 181
132 200
132 212
132 214
132 216
132 262
132 276
133 127
133 135
133 139
133 142
133 150
133 155
133 164
133 172
133 181
133 200
133 212
133 214
133 216
133 262
133 276
134 127
134 135
134 139
134 142
134 150
134 155
134 164
134 172
134 181
134 200
134 212
134 214
134 216
134 262
134 276
135 135
135 139
135 142
135 150
135 155
135 172
135 181
135 200
135 212
135 214
135 225
135 262
135 276
136 135
136 139
136 142
136 150
136 155
136 172
136 181
136 200
136 212
136 214
136 225
136 262
136 276
137 135
137 139
137 142
137 150
137 155
137 172
137 181
137 200
137 212
137 214
137 225
137 262
137 276
138 139
138 142
138 150
138 155
138 172
138 181
138 200
138 212
138 214
138 225
138 262
138 276
139 139
139 142
139 150
139 155
139 172
139 181
139 200
139 212
139 214
139 223
139 225
139 262
139 276
140 139
140 142
140 150
140 155
140 181
140 200
140 205
140 212
140 214
140 223
140 225
140 262
140 276
141 139
141 142
141 150
141 155
141 181
141 200
141 205
141 212
141 214
141 223
141 225
141 262
141 276
142 139
142 142
142 150
142 155
142 181
142 205
142 212
142 214
142 223
142 225
142 262
142 276
143 139
143 142
143 150
143 155
143 181
143 205
143 212
143 214
143 223
143 225
143 262
143 276
144 139
144 142
144 150
144 155
144 181
144 205
144 212
144 214
144 223
144 225
144 262
144 276
145 139
145 142
145 150
145 155
145 181
145 205
145 212
145 214
145 223
145 225
145 232
145 262
145 276
146 139
146 142
146 150
146 155
146 181
146 205
146 212
146 214
146 223
146 225
146 232
146 262
146 276
147 139
147 142
147 150
147 155
147 181
147 205
147 212
147 214
147 223
147 225
147 232
147 262
147 276
148 139
148 142
148 150
148 155
148 181
148 205
148 212
148 214
148 223
148 225
148 232
148 262
148 276
149 139
149 142
149 150
149 155
149 181
149 205
149 212
149 214
149 223
149 225
149 232
149 262
149 276
150 139
150 142
150 150
150 181
150 205
150 212
150 223
150 225
150 232
150 262
150 276
151 139
151 142
151 150
151 181
151 205
151 212
151 223
151 225
151 232
151 262
151 276
152 139
152 142
152 150
152 181
152 205
152 212
152 223
152 225
152 232
152 235
152 262
152 276
153 139
153 142
153 150
153 181
153 205
153 212
153 223
153 225
153 232
153 235
153 262
153 276
154 139
154 142
154 150
154 181
154 205
154 212
154 223
154 225
154 232
154 235
154 262
154 276
155 150
155 181
155 187
155 205
155 212
155 223
155 225
155 232
155 235
155 246
155 255
155 262
156 150
156 181
156 187
156 205
156 212
156 223
156 225
156 232
156 235
156 246
156 255
156 262
157 150
157 181
157 187
157 205
157 212
157 223
157 225
157 232
157 235
157 246
157 255
157 262
158 150
158 181
158 187
158 205
158 212
158 223
158 225
158 232
158 235
158 246
158 255
158 262
159 150
159 181
159 187
159 205
159 212
159 223
159 225
159 232
159 235
159 246
159 255
159 262
160 150
160 187
160 205
160 212
160 232
160 235
160 246
160 255
160 262
161 150
161 187
161 205
161 212
161 255
161 262
162 150
162 171
162 187
162 205
162 212
162 255
162 262
162 268
163 150
163 171
163 187
163 212
163 255
163 257
163 262
163 268
164 150
164 171
164 212
164 255
164 257
164 260
164 262
164 268
165 150
165 171
165 212
165 255
165 257
165 260
165 262
165 268
165 283
166 171
166 212
166 255
166 257
166 260
166 262
166 268
166 283
167 171
167 212
167 255
167 257
167 260
167 283
168 171
168 212
168 255
168 257
168 283
169 171
169 212
169 255
169 257
169 283
170 171
170 212
170 255
170 257
170 283
171 171
171 212
171 255
171 257
171 283
172 171
172 212
172 255
172 257
172 283
173 171
173 212
173 255
173 257
173 283
174 171
174 212
174 255
174 257
174 283
175 212
175 255
175 257
175 283
176 212
176 255
176 257
176 283
177 212
177 255
177 257
177 283
178 212
178 240
178 255
178 257
178 283
179 212
179 240
179 255
179 283
180 194
180 236
180 240
180 255
180 283
181 194
181 240
181 255
181 258
181 283
182 184
182 194
182 240
182 255
182 258
182 283
183 184
183 194
183 240
183 255
183 258
183 283
184 184
184 194
184 202
184 240
184 255
184 258
184 263
185 184
185 194
185 202
185 240
185 255
185 258
185 263
186 194
186 202
186 240
186 255
186 258
186 263
187 194
187 202
187 240
187 255
187 258
187 263
188 194
188 202
188 240
188 255
188 258
188 263
189 194
189 202
189 240
189 255
189 258
189 263
189 264
190 194
190 202
190 240
190 255
190 258
190 263
190 264
191 194
191 240
191 255
191 258
191 263
191 264
192 194
192 240
192 255
192 258
192 263
192 264
193 194
193 240
193 255
193 258
193 263
193 264
194 194
194 240
194 255
194 258
194 263
194 264
195 194
195 240
195 255
195 258
195 264
196 194
196 240
196 255
196 258
197 240
197 243
197 255
197 258
198 240
198 243
198 248
198 255
198 258
199 240
199 243
199 248
199 255
199 258
200 240
200 241
200 243
200 248
200 255
200 258
201 240
201 241
201 243
201 248
201 255
201 258
202 208
202 209
202 240
202 241
202 243
202 255
202 258
203 209
203 240
203 241
203 243
203 255
203 258
204 209
204 210
204 241
204 243
204 255
204 258
205 209
205 210
205 241
205 243
205 255
205 258
206 209
206 210
206 241
206 243
206 255
206 258
207 209
207 210
207 241
207 243
207 255
207 258
208 209
208 210
208 241
208 255
208 258
209 209
209 210
209 241
209 255
209 258
209 270
210 209
210 210
210 241
210 255
210 258
210 270
211 209
211 210
211 241
211 255
212 209
212 241
212 255
212 277
213 209
213 219
213 241
213 255
213 277
214 241
214 255
214 277
215 241
215 255
215 277
216 241
216 255
217 241
217 255
218 241
218 245
218 255
219 241
219 245
219 255
220 241
220 245
220 255
221 241
221 245
221 255
222 241
222 245
222 255
223 241
223 245
223 255
223 265
224 241
224 245
224 255
224 265
225 241
225 245
225 255
225 265
226 241
226 245
226 255
226 265
227 241
227 245
227 255
227 265
228 241
228 245
228 255
228 265
229 241
229 245
229 255
229 265
230 237
230 241
230 245
230 255
230 265
231 237
231 241
231 245
231 255
231 265
231 274
232 237
232 241
232 245
232 255
232 265
232 274
233 237
233 241
233 245
233 255
233 265
233 274
234 241
234 245
234 255
234 265
234 274
235 241
235 245
235 255
235 265
235 274
236 241
236 245
236 255
236 265
236 274
237 241
237 245
237 255
237 265
237 274
238 241
238 245
238 255
238 265
238 274
239 241
239 255
239 265
239 274
240 241
240 255
240 265
240 274
240 281
241 241
241 255
241 265
241 274
241 281
242 241
242 255
242 265
242 274
242 281
243 241
243 255
243 265
243 274
243 281
244 241
244 255
244 265
244 274
244 281
245 241
245 255
245 265
245 274
245 281
246 241
246 255
246 265
246 274
246 281
247 241
247 255
247 265
247 274
247 281
248 241
248 255
248 265
248 274
248 281
249 241
249 255
249 265
249 274
249 281
250 241
250 255
250 265
250 274
250 281
251 241
251 255
251 265
251 274
251 281
252 241
252 255
252 265
252 274
252 281
253 241
253 265
253 274
253 281
254 241
254 265
254 274
254 281
255 241
255 265
255 274
255 281
256 241
256 265
256 274
256 281
257 241
257 265
257 274
257 281
258 241
258 265
258 274
258 281
259 241
259 265
259 269
259 281
260 241
260 265
260 269
260 281
261 241
261 269
261 281
262 241
262 269
262 281
263 241
263 269
263 281
264 241
264 281
265 241
265 281
266 241
266 281
267 241
267 281
268 241
268 281
269 241
269 281
270 241
270 281
271 241
272 241
273 241
274 241
275 241
276 241
