0 34
0 60
1 13
1 17
1 22
1 60
2 22
2 40
2 60
3 7
3 22
3 30
3 40
3 53
3 60
3 93
4 7
4 22
4 30
4 31
4 40
4 53
4 60
4 93
5 12
5 20
5 22
5 30
5 31
5 40
5 53
5 60
5 93
6 15
6 24
6 32
6 38
6 40
6 42
6 44
6 45
6 60
6 77
6 84
6 93
6 103
6 116
6 134
6 140
6 179
6 230
7 16
7 19
7 24
7 32
7 35
7 38
7 40
7 44
7 49
7 57
7 60
7 77
7 93
7 103
7 116
7 134
7 140
7 179
7 181
7 230
8 10
8 26
8 35
8 36
8 38
8 49
8 54
8 60
8 73
8 77
8 81
8 90
8 93
8 103
8 116
8 134
8 140
8 168
8 178
8 181
8 182
8 221
9 21
9 26
9 35
9 36
9 49
9 54
9 60
9 61
9 73
9 77
9 81
9 90
9 103
9 104
9 114
9 116
9 134
9 140
9 168
9 178
9 181
9 182
9 221
9 224
10 21
10 26
10 36
10 49
10 54
10 60
10 61
10 73
10 77
10 81
10 90
10 104
10 114
10 116
10 134
10 140
10 168
10 178
10 181
10 182
10 221
10 224
11 21
11 26
11 36
11 46
11 49
11 54
11 60
11 73
11 75
11 77
11 81
11 90
11 104
11 114
11 134
11 140
11 157
11 168
11 178
11 181
11 182
11 220
11 221
11 224
11 236
12 14
12 21
12 26
12 36
12 46
12 49
12 54
12 59
12 60
12 73
12 75
12 77
12 81
12 90
12 104
12 114
12 134
12 140
12 157
12 168
12 178
12 181
12 220
12 224
12 236
13 14
13 21
13 26
13 36
13 46
13 49
13 54
13 59
13 60
13 67
13 73
13 75
13 77
13 81
13 90
13 104
13 114
13 134
13 140
13 157
13 168
13 178
13 181
13 220
13 224
13 236
14 18
14 33
14 36
14 49
14 54
14 60
14 65
14 67
14 69
14 73
14 75
14 77
14 81
14 90
14 104
14 114
14 140
14 166
14 168
14 178
14 181
14 220
14 224
14 236
15 18
15 25
15 33
15 36
15 49
15 54
15 60
15 65
15 67
15 73
15 77
15 81
15 90
15 104
15 114
15 140
15 166
15 168
15 178
15 181
15 220
15 224
15 236
16 25
16 36
16 49
16 54
16 60
16 65
16 67
16 73
16 77
16 81
16 90
16 102
16 104
16 140
16 166
16 168
16 178
16 181
16 220
16 224
16 236
16 260
17 51
17 54
17 67
17 73
17 77
17 81
17 90
17 102
17 104
17 111
17 140
17 166
17 168
17 178
17 181
17 203
17 220
17 224
17 236
18 51
18 54
18 67
18 73
18 77
18 81
18 90
18 102
18 104
18 111
18 140
18 166
18 168
18 178
18 181
18 203
18 220
18 224
18 236
19 51
19 54
19 67
19 73
19 77
19 81
19 90
19 102
19 104
19 111
19 140
19 166
19 168
19 178
19 181
19 203
19 218
19 220
19 224
19 236
20 28
20 39
20 48
20 51
20 54
20 68
20 76
20 90
20 95
20 109
20 135
20 140
20 143
20 166
20 168
20 181
20 203
20 215
20 218
20 220
20 224
20 228
20 236
21 28
21 39
21 48
21 51
21 54
21 68
21 76
21 90
21 95
21 109
21 135
21 140
21 143
21 166
21 168
21 181
21 203
21 215
21 218
21 220
21 224
21 228
21 236
22 28
22 39
22 48
22 51
22 54
22 68
22 76
22 90
22 95
22 109
22 135
22 140
22 143
22 166
22 168
22 181
22 203
22 215
22 218
22 220
22 224
22 228
22 236
23 51
23 54
23 64
23 68
23 76
23 95
23 100
23 109
23 135
23 140
23 143
23 166
23 168
23 176
23 177
23 181
23 203
23 207
23 215
23 218
23 220
23 224
23 228
23 236
23 239
23 264
24 51
24 54
24 68
24 76
24 95
24 100
24 109
24 135
24 140
24 143
24 166
24 168
24 176
24 177
24 181
24 203
24 215
24 218
24 220
24 224
24 228
24 236
24 239
24 264
25 51
25 54
25 68
25 76
25 95
25 100
25 109
25 135
25 140
25 143
25 165
25 166
25 168
25 176
25 177
25 181
25 203
25 215
25 218
25 220
25 224
25 228
25 236
25 239
25 264
26 51
26 54
26 68
26 76
26 95
26 100
26 109
26 121
26 135
26 140
26 143
26 165
26 166
26 168
26 176
26 177
26 203
26 215
26 218
26 220
26 224
26 228
26 236
26 239
26 264
27 51
27 68
27 76
27 95
27 100
27 109
27 121
27 129
27 135
27 140
27 143
27 153
27 165
27 166
27 168
27 176
27 177
27 203
27 215
27 218
27 220
27 224
27 228
27 236
27 239
27 264
28 43
28 51
28 76
28 87
28 96
28 109
28 121
28 129
28 135
28 138
28 140
28 143
28 153
28 165
28 168
28 176
28 177
28 203
28 215
28 218
28 220
28 224
28 228
28 236
28 239
28 264
29 43
29 51
29 87
29 96
29 109
29 121
29 129
29 135
29 138
29 140
29 143
29 153
29 165
29 168
29 176
29 177
29 203
29 215
29 218
29 220
29 224
29 228
29 236
29 239
29 264
30 51
30 87
30 97
30 109
30 121
30 129
30 135
30 138
30 140
30 143
30 153
30 160
30 165
30 168
30 176
30 177
30 203
30 215
30 218
30 220
30 224
30 228
30 239
30 264
30 283
31 51
31 87
31 97
31 109
31 115
31 121
31 129
31 135
31 138
31 143
31 153
31 160
31 165
31 168
31 171
31 176
31 177
31 203
31 215
31 218
31 220
31 224
31 228
31 264
31 283
32 51
32 55
32 87
32 97
32 109
32 115
32 121
32 129
32 135
32 138
32 143
32 153
32 160
32 165
32 168
32 171
32 176
32 177
32 203
32 215
32 218
32 220
32 224
32 228
32 264
32 283
33 51
33 52
33 87
33 97
33 109
33 115
33 121
33 129
33 135
33 138
33 143
33 153
33 160
33 165
33 168
33 171
33 176
33 177
33 203
33 215
33 218
33 220
33 224
33 228
33 264
33 283
34 51
34 52
34 87
34 97
34 109
34 115
34 121
34 129
34 135
34 143
34 153
34 160
34 165
34 168
34 171
34 176
34 177
34 203
34 213
34 215
34 218
34 220
34 224
34 261
34 283
35 52
35 87
35 109
35 121
35 129
35 135
35 143
35 153
35 160
35 165
35 171
35 176
35 177
35 203
35 215
35 218
35 220
35 224
35 261
35 283
36 52
36 87
36 109
36 112
36 121
36 129
36 135
36 143
36 160
36 176
36 177
36 203
36 215
36 218
36 220
36 224
36 261
36 283
37 52
37 56
37 87
37 109
37 112
37 129
37 130
37 135
37 143
37 148
37 160
37 176
37 177
37 203
37 209
37 215
37 218
37 220
37 224
37 261
37 283
38 52
38 56
38 62
38 74
38 87
38 109
38 112
38 129
38 130
38 135
38 143
38 148
38 160
38 176
38 177
38 203
38 209
38 215
38 218
38 220
38 224
38 261
38 283
39 52
39 56
39 62
39 74
39 87
39 109
39 112
39 129
39 130
39 135
39 143
39 148
39 160
39 176
39 177
39 203
39 209
39 215
39 218
39 220
39 224
39 261
39 283
40 50
40 52
40 56
40 62
40 66
40 109
40 112
40 130
40 135
40 139
40 143
40 148
40 151
40 160
40 177
40 196
40 201
40 203
40 209
40 215
40 218
40 220
40 224
40 261
40 283
41 52
41 56
41 62
41 66
41 109
41 112
41 130
41 135
41 139
41 143
41 148
41 151
41 160
41 177
41 196
41 201
41 203
41 209
41 215
41 218
41 220
41 224
41 261
41 283
42 52
42 56
42 62
42 109
42 112
42 130
42 135
42 139
42 143
42 148
42 151
42 160
42 177
42 196
42 201
42 203
42 209
42 215
42 218
42 220
42 224
42 261
42 283
43 52
43 56
43 62
43 109
43 112
43 130
43 135
43 139
43 143
43 148
43 151
43 177
43 196
43 201
43 203
43 209
43 215
43 218
43 220
43 224
43 261
43 283
44 52
44 56
44 62
44 109
44 112
44 130
44 135
44 139
44 143
44 148
44 151
44 177
44 196
44 201
44 203
44 209
44 215
44 218
44 220
44 224
44 261
44 269
44 283
45 52
45 56
45 62
45 109
45 112
45 130
45 135
45 139
45 143
45 148
45 151
45 177
45 196
45 201
45 203
45 209
45 215
45 218
45 220
45 224
45 261
45 269
45 283
46 52
46 62
46 63
46 130
46 135
46 139
46 143
46 148
46 151
46 177
46 184
46 196
46 201
46 203
46 208
46 209
46 215
46 218
46 220
46 224
46 261
46 269
46 279
46 283
47 52
47 62
47 63
47 108
47 118
47 130
47 135
47 139
47 148
47 151
47 169
47 177
47 184
47 196
47 201
47 203
47 208
47 209
47 215
47 218
47 220
47 224
47 245
47 261
47 269
47 279
47 283
48 63
48 79
48 105
48 108
48 135
48 139
48 148
48 151
48 169
48 192
48 196
48 201
48 203
48 208
48 209
48 215
48 218
48 224
48 245
48 261
48 269
48 279
48 283
49 79
49 105
49 108
49 135
49 139
49 148
49 151
49 169
49 192
49 201
49 203
49 208
49 209
49 215
49 218
49 224
49 245
49 261
49 262
49 269
49 276
49 279
49 283
50 79
50 105
50 108
50 135
50 139
50 148
50 151
50 169
50 192
50 201
50 203
50 208
50 209
50 215
50 218
50 224
50 245
50 261
50 262
50 269
50 276
50 279
50 283
51 58
51 79
51 105
51 135
51 139
51 148
51 151
51 169
51 192
51 201
51 203
51 208
51 209
51 215
51 218
51 224
51 245
51 261
51 262
51 269
51 276
51 279
51 283
52 58
52 79
52 105
52 135
52 139
52 148
52 151
52 169
52 192
52 201
52 203
52 208
52 209
52 215
52 218
52 224
52 245
52 261
52 262
52 269
52 276
52 279
52 283
53 58
53 105
53 135
53 139
53 148
53 151
53 169
53 192
53 201
53 203
53 208
53 209
53 215
53 218
53 224
53 238
53 245
53 261
53 262
53 269
53 276
53 279
53 283
54 58
54 105
54 135
54 139
54 148
54 151
54 169
54 192
54 201
54 203
54 208
54 209
54 215
54 218
54 224
54 238
54 245
54 261
54 262
54 269
54 276
54 279
54 283
55 58
55 72
55 88
55 105
55 126
55 135
55 139
55 148
55 151
55 169
55 192
55 201
55 203
55 208
55 209
55 215
55 218
55 224
55 238
55 245
55 261
55 262
55 269
55 276
55 279
55 283
56 58
56 72
56 82
56 88
56 105
56 126
56 135
56 139
56 151
56 169
56 192
56 199
56 201
56 203
56 208
56 209
56 215
56 218
56 224
56 238
56 245
56 251
56 261
56 262
56 276
56 279
56 283
57 58
57 72
57 82
57 88
57 105
57 126
57 135
57 139
57 151
57 169
57 192
57 199
57 201
57 203
57 208
57 209
57 215
57 218
57 224
57 238
57 245
57 251
57 261
57 262
57 276
57 279
57 283
58 82
58 91
58 117
58 132
58 151
58 169
58 192
58 199
58 201
58 208
58 209
58 215
58 218
58 224
58 238
58 245
58 251
58 262
58 276
58 283
59 80
59 82
59 117
59 151
59 169
59 192
59 199
59 201
59 208
59 209
59 218
59 224
59 238
59 245
59 251
59 262
59 276
59 283
60 80
60 82
60 117
60 151
60 154
60 169
60 192
60 199
60 201
60 208
60 209
60 218
60 224
60 238
60 245
60 251
60 262
60 276
60 283
61 80
61 82
61 117
61 151
61 154
61 169
61 192
61 199
61 201
61 208
61 209
61 218
61 224
61 238
61 245
61 251
61 262
61 276
61 283
62 70
62 80
62 82
62 117
62 151
62 154
62 169
62 192
62 199
62 201
62 208
62 209
62 218
62 224
62 238
62 245
62 251
62 262
62 276
62 283
63 70
63 80
63 82
63 119
63 151
63 154
63 169
63 192
63 199
63 201
63 208
63 209
63 218
63 224
63 238
63 245
63 247
63 251
63 262
63 276
63 283
64 70
64 80
64 82
64 119
64 151
64 154
64 169
64 192
64 199
64 201
64 208
64 209
64 218
64 224
64 238
64 245
64 247
64 251
64 262
64 276
64 283
65 70
65 80
65 82
65 119
65 151
65 154
65 169
65 192
65 199
65 201
65 208
65 209
65 218
65 224
65 238
65 245
65 247
65 251
65 262
65 276
65 283
66 70
66 80
66 82
66 119
66 151
66 154
66 169
66 192
66 199
66 201
66 208
66 209
66 218
66 224
66 238
66 245
66 247
66 251
66 262
66 276
66 283
67 80
67 82
67 119
67 151
67 154
67 169
67 192
67 199
67 201
67 208
67 209
67 218
67 224
67 238
67 245
67 247
67 251
67 262
67 276
67 283
68 80
68 119
68 152
68 154
68 169
68 192
68 199
68 201
68 208
68 214
68 218
68 238
68 240
68 247
68 251
68 262
68 276
68 283
69 80
69 119
69 152
69 154
69 169
69 192
69 199
69 201
69 208
69 214
69 218
69 238
69 240
69 247
69 251
69 262
69 276
69 283
70 119
70 152
70 154
70 169
70 192
70 199
70 201
70 208
70 214
70 218
70 240
70 247
70 251
70 262
70 276
70 283
71 83
71 99
71 119
71 133
71 152
71 154
71 169
71 192
71 199
71 201
71 208
71 214
71 218
71 240
71 251
71 258
71 262
71 276
71 283
72 83
72 99
72 119
72 133
72 152
72 154
72 169
72 192
72 199
72 201
72 208
72 214
72 218
72 240
72 251
72 258
72 262
72 276
72 283
73 83
73 85
73 99
73 113
73 119
73 133
73 146
73 152
73 154
73 159
73 169
73 170
73 192
73 199
73 201
73 208
73 214
73 218
73 235
73 251
73 258
73 262
73 276
73 283
74 83
74 85
74 99
74 113
74 119
74 133
74 146
74 152
74 154
74 159
74 169
74 192
74 199
74 201
74 208
74 214
74 235
74 251
74 258
74 262
74 276
74 283
75 83
75 85
75 99
75 113
75 119
75 146
75 152
75 154
75 159
75 192
75 199
75 201
75 208
75 214
75 235
75 251
75 258
75 262
75 276
75 283
76 83
76 85
76 89
76 99
76 113
76 119
76 146
76 152
76 154
76 159
76 192
76 199
76 201
76 208
76 214
76 235
76 251
76 258
76 262
76 276
76 283
77 83
77 85
77 89
77 99
77 113
77 119
77 146
77 152
77 154
77 159
77 192
77 199
77 201
77 208
77 214
77 235
77 251
77 258
77 262
77 276
77 280
77 283
78 83
78 85
78 89
78 99
78 113
78 119
78 146
78 152
78 154
78 159
78 192
78 199
78 201
78 208
78 214
78 235
78 251
78 258
78 262
78 276
78 280
78 283
79 83
79 85
79 89
79 99
79 113
79 119
79 146
79 152
79 154
79 159
79 192
79 199
79 201
79 208
79 214
79 235
79 251
79 258
79 262
79 276
79 280
79 283
80 83
80 85
80 89
80 99
80 113
80 119
80 146
80 152
80 154
80 159
80 192
80 199
80 208
80 214
80 235
80 251
80 258
80 262
80 276
80 280
80 283
81 85
81 89
81 99
81 113
81 119
81 146
81 152
81 159
81 192
81 199
81 208
81 214
81 235
81 251
81 258
81 262
81 276
81 280
81 283
82 85
82 113
82 144
82 146
82 152
82 155
82 159
82 188
82 199
82 208
82 214
82 242
82 251
82 258
82 262
82 280
82 283
83 85
83 113
83 144
83 146
83 152
83 155
83 159
83 188
83 199
83 208
83 214
83 242
83 251
83 258
83 262
83 280
84 85
84 106
84 113
84 122
84 127
84 131
84 144
84 145
84 152
84 155
84 188
84 208
84 216
84 242
84 258
84 262
84 280
85 85
85 92
85 94
85 106
85 113
85 122
85 127
85 131
85 144
85 145
85 152
85 155
85 188
85 191
85 208
85 216
85 242
85 258
85 262
85 280
86 85
86 92
86 94
86 106
86 113
86 122
86 127
86 131
86 144
86 145
86 152
86 155
86 188
86 191
86 208
86 216
86 242
86 258
86 262
86 280
87 85
87 92
87 94
87 106
87 113
87 122
87 127
87 131
87 144
87 145
87 152
87 155
87 188
87 191
87 208
87 216
87 242
87 258
87 262
87 280
88 85
88 92
88 94
88 106
88 113
88 122
88 127
88 131
88 144
88 145
88 152
88 155
88 188
88 191
88 208
88 242
88 258
88 262
88 280
89 85
89 92
89 94
89 106
89 113
89 122
89 127
89 131
89 144
89 145
89 152
89 155
89 188
89 191
89 198
89 208
89 242
89 258
89 262
89 280
90 85
90 92
90 94
90 106
90 122
90 127
90 131
90 144
90 145
90 152
90 155
90 188
90 191
90 198
90 208
90 234
90 242
90 258
90 262
90 280
91 85
91 92
91 94
91 106
91 122
91 127
91 131
91 144
91 145
91 152
91 155
91 188
91 191
91 198
91 208
91 234
91 242
91 258
91 262
91 280
92 85
92 92
92 106
92 127
92 131
92 144
92 152
92 155
92 188
92 198
92 208
92 234
92 242
92 253
92 258
92 262
92 280
93 85
93 92
93 106
93 127
93 131
93 144
93 152
93 188
93 198
93 208
93 234
93 242
93 253
93 258
93 262
93 280
94 85
94 106
94 127
94 131
94 144
94 152
94 188
94 198
94 208
94 234
94 242
94 253
94 258
94 262
94 280
95 85
95 106
95 127
95 131
95 144
95 152
95 188
95 189
95 198
95 208
95 234
95 242
95 253
95 258
95 262
95 280
96 85
96 106
96 127
96 131
96 144
96 152
96 188
96 189
96 198
96 208
96 234
96 242
96 253
96 258
96 262
96 280
97 85
97 106
97 131
97 144
97 167
97 188
97 189
97 195
97 198
97 208
97 210
97 234
97 242
97 253
97 262
97 280
98 85
98 106
98 131
98 144
98 167
98 188
98 189
98 195
98 198
98 208
98 210
98 234
98 242
98 253
98 262
98 280
99 85
99 106
99 125
99 131
99 144
99 167
99 188
99 189
99 195
99 198
99 208
99 210
99 234
99 242
99 253
99 262
99 280
100 85
100 106
100 125
100 131
100 144
100 167
100 188
100 189
100 195
100 198
100 210
100 234
100 242
100 246
100 253
100 262
100 277
100 280
101 85
101 106
101 125
101 131
101 144
101 167
101 188
101 189
101 195
101 198
101 210
101 234
101 242
101 246
101 253
101 262
101 277
102 106
102 110
102 125
102 131
102 144
102 167
102 188
102 189
102 195
102 198
102 210
102 234
102 242
102 246
102 253
102 262
102 277
103 106
103 110
103 125
103 131
103 144
103 167
103 188
103 189
103 195
103 198
103 210
103 234
103 253
103 262
103 277
104 106
104 110
104 125
104 131
104 137
104 144
104 167
104 180
104 188
104 189
104 195
104 210
104 234
104 253
104 262
104 277
105 106
105 110
105 125
105 131
105 137
105 144
105 167
105 180
105 188
105 189
105 195
105 210
105 234
105 262
105 277
106 106
106 110
106 125
106 131
106 137
106 144
106 150
106 167
106 180
106 188
106 210
106 234
106 262
106 277
106 282
107 106
107 110
107 125
107 131
107 136
107 137
107 144
107 150
107 167
107 180
107 188
107 210
107 233
107 234
107 262
107 277
107 282
108 106
108 110
108 125
108 136
108 137
108 144
108 150
108 167
108 180
108 188
108 210
108 219
108 233
108 234
108 262
108 277
108 282
109 106
109 110
109 136
109 137
109 150
109 167
109 180
109 188
109 210
109 211
109 219
109 233
109 234
109 249
109 262
109 277
109 282
110 106
110 110
110 136
110 137
110 150
110 167
110 180
110 188
110 210
110 211
110 219
110 226
110 233
110 234
110 249
110 262
110 277
110 282
111 106
111 110
111 136
111 137
111 150
111 167
111 180
111 188
111 210
111 211
111 219
111 226
111 233
111 234
111 249
111 262
111 277
111 282
112 106
112 110
112 136
112 137
112 150
112 167
112 180
112 188
112 210
112 211
112 219
112 226
112 233
112 234
112 249
112 262
112 277
112 282
113 106
113 110
113 124
113 136
113 137
113 150
113 162
113 167
113 180
113 187
113 188
113 210
113 211
113 219
113 226
113 233
113 234
113 237
113 249
113 262
113 277
113 282
114 106
114 110
114 124
114 136
114 137
114 150
114 162
114 167
114 180
114 187
114 188
114 210
114 211
114 219
114 226
114 233
114 234
114 237
114 249
114 262
114 271
114 277
114 282
115 106
115 110
115 124
115 136
115 137
115 150
115 162
115 167
115 180
115 187
115 188
115 210
115 211
115 219
115 226
115 233
115 234
115 237
115 249
115 262
115 271
115 277
115 282
116 106
116 110
116 124
116 137
116 150
116 162
116 167
116 180
116 187
116 188
116 210
116 211
116 219
116 226
116 233
116 234
116 237
116 249
116 262
116 271
116 277
116 282
117 106
117 110
117 137
117 149
117 150
117 162
117 167
117 180
117 187
117 188
117 210
117 211
117 219
117 226
117 233
117 234
117 237
117 249
117 262
117 271
117 277
117 282
118 106
118 110
118 137
118 149
118 150
118 162
118 167
118 180
118 187
118 188
118 210
118 211
118 219
118 226
118 233
118 234
118 237
118 249
118 262
118 271
118 277
118 282
119 106
119 110
119 137
119 149
119 150
119 162
119 167
119 180
119 187
119 188
119 210
119 211
119 219
119 226
119 233
119 234
119 237
119 249
119 262
119 271
119 277
119 282
120 106
120 110
120 137
120 149
120 150
120 162
120 167
120 180
120 187
120 188
120 211
120 219
120 226
120 233
120 234
120 237
120 262
120 271
120 282
121 106
121 110
121 137
121 149
121 150
121 162
121 167
121 180
121 187
121 188
121 211
121 219
121 226
121 233
121 234
121 237
121 262
121 271
121 282
122 106
122 128
122 137
122 147
122 149
122 150
122 162
122 167
122 187
122 188
122 202
122 206
122 211
122 219
122 226
122 233
122 234
122 237
122 262
122 271
122 282
123 106
123 128
123 137
123 147
123 149
123 150
123 162
123 167
123 187
123 188
123 202
123 211
123 219
123 226
123 233
123 234
123 237
123 262
123 271
123 282
124 106
124 128
124 137
124 147
124 149
124 150
124 162
124 167
124 187
124 188
124 202
124 211
124 219
124 226
124 233
124 234
124 237
124 262
124 271
124 282
125 106
125 128
125 149
125 150
125 162
125 164
125 167
125 174
125 187
125 202
125 211
125 219
125 226
125 234
125 237
125 262
125 271
126 106
126 128
126 149
126 150
126 162
126 164
126 167
126 174
126 187
126 202
126 211
126 219
126 226
126 234
126 237
126 262
126 271
127 106
127 128
127 149
127 150
127 162
127 164
127 167
127 174
127 187
127 202
127 211
127 219
127 226
127 234
127 237
127 244
127 262
127 271
128 106
128 128
128 150
128 162
128 164
128 167
128 174
128 187
128 202
128 211
128 219
128 226
128 234
128 237
128 244
128 262
128 263
128 271
129 106
129 128
129 150
129 162
129 164
129 167
129 174
129 187
129 202
129 211
129 219
129 226
129 234
129 237
129 244
129 262
129 263
129 271
130 106
130 128
130 150
130 162
130 164
130 167
130 174
130 187
130 202
130 211
130 219
130 226
130 234
130 237
130 244
130 262
130 263
130 271
131 106
131 128
131 150
131 162
131 164
131 167
131 174
131 187
131 202
131 211
131 219
131 226
131 234
131 237
131 244
131 262
131 263
131 271
132 150
132 162
132 164
132 167
132 174
132 187
132 202
132 211
132 219
132 226
132 234
132 237
132 244
132 263
132 271
133 150
133 161
133 162
133 164
133 167
133 172
133 174
133 187
133 202
133 211
133 219
133 226
133 234
133 237
133 244
133 263
133 271
134 150
134 161
134 162
134 164
134 167
134 172
134 174
134 187
134 211
134 219
134 226
134 234
134 237
134 244
134 263
134 271
135 150
135 161
135 162
135 164
135 167
135 172
135 174
135 186
135 187
135 211
135 219
135 226
135 234
135 237
135 244
135 263
135 271
136 150
136 161
136 162
136 164
136 167
136 172
136 174
136 186
136 187
136 211
136 219
136 226
136 234
136 237
136 244
136 263
136 271
137 150
137 161
137 162
137 164
137 167
137 172
137 174
137 186
137 187
137 211
137 219
137 226
137 234
137 237
137 244
137 263
137 271
138 150
138 161
138 164
138 167
138 173
138 174
138 186
138 187
138 190
138 211
138 219
138 226
138 234
138 237
138 244
138 256
138 263
139 150
139 161
139 164
139 167
139 173
139 174
139 186
139 187
139 190
139 211
139 219
139 226
139 234
139 237
139 244
139 256
139 263
140 161
140 163
140 164
140 167
140 173
140 174
140 186
140 187
140 190
140 211
140 226
140 234
140 237
140 244
140 263
140 268
141 161
141 163
141 164
141 167
141 173
141 174
141 186
141 187
141 190
141 211
141 226
141 234
141 237
141 244
141 263
141 268
142 161
142 163
142 164
142 167
142 173
142 174
142 186
142 187
142 190
142 211
142 226
142 234
142 237
142 244
142 263
142 268
143 161
143 163
143 164
143 167
143 173
143 174
143 186
143 187
143 190
143 211
143 226
143 234
143 237
143 244
143 263
143 268
144 161
144 163
144 164
144 167
144 173
144 174
144 186
144 187
144 190
144 211
144 222
144 226
144 234
144 237
144 244
144 263
144 268
145 161
145 163
145 164
145 167
145 173
145 186
145 187
145 190
145 211
145 226
145 234
145 237
145 244
145 268
146 161
146 164
146 167
146 175
146 186
146 187
146 190
146 193
146 211
146 225
146 234
146 237
146 244
146 267
146 268
147 161
147 164
147 167
147 175
147 186
147 187
147 190
147 193
147 211
147 225
147 234
147 237
147 244
147 267
147 268
148 161
148 167
148 175
148 186
148 187
148 190
148 193
148 211
148 225
148 234
148 237
148 244
148 267
148 268
149 161
149 167
149 175
149 186
149 187
149 190
149 193
149 211
149 225
149 234
149 237
149 244
149 267
149 268
150 158
150 161
150 167
150 175
150 186
150 187
150 190
150 193
150 211
150 225
150 234
150 237
150 244
150 267
150 268
151 158
151 161
151 167
151 175
151 186
151 187
151 190
151 193
151 211
151 225
151 237
151 244
151 267
151 268
152 158
152 161
152 167
152 175
152 186
152 187
152 190
152 193
152 211
152 225
152 237
152 244
152 250
152 267
152 268
153 158
153 161
153 167
153 175
153 186
153 187
153 190
153 193
153 211
153 225
153 237
153 244
153 250
153 267
153 268
154 158
154 161
154 175
154 186
154 193
154 225
154 237
154 243
154 244
154 250
154 268
154 272
155 158
155 175
155 186
155 193
155 225
155 237
155 243
155 244
155 268
155 272
156 158
156 175
156 186
156 193
156 225
156 237
156 243
156 244
156 268
156 272
157 158
157 175
157 186
157 193
157 225
157 237
157 243
157 244
157 268
157 272
158 158
158 175
158 186
158 193
158 225
158 237
158 243
158 244
158 268
158 272
159 158
159 175
159 186
159 193
159 225
159 237
159 243
159 244
159 268
159 272
160 158
160 175
160 186
160 193
160 225
160 237
160 243
160 244
160 268
160 272
161 158
161 175
161 186
161 193
161 225
161 237
161 243
161 244
161 268
161 272
162 158
162 175
162 186
162 193
162 225
162 237
162 243
162 244
162 268
162 272
163 158
163 175
163 186
163 193
163 225
163 237
163 243
163 244
163 248
163 268
163 272
164 158
164 175
164 186
164 225
164 237
164 244
164 248
164 268
164 272
165 158
165 175
165 186
165 225
165 237
165 244
165 248
165 268
165 272
166 158
166 175
166 186
166 225
166 244
166 248
166 272
167 158
167 175
167 186
167 225
167 244
167 248
167 272
168 158
168 175
168 186
168 225
168 244
168 248
169 175
169 186
169 197
169 223
169 225
169 244
169 248
169 266
170 175
170 186
170 197
170 223
170 225
170 244
170 248
170 266
171 175
171 186
171 197
171 223
171 225
171 244
171 248
171 266
172 175
172 197
172 223
172 225
172 244
172 248
172 257
172 266
173 197
173 223
173 225
173 244
173 248
173 266
174 197
174 223
174 225
174 244
174 248
174 266
175 197
175 223
175 244
175 248
175 255
175 266
176 197
176 223
176 244
176 248
176 255
177 197
177 223
177 244
177 248
177 255
178 197
178 223
178 244
178 248
179 197
179 223
179 244
179 248
180 197
180 212
180 223
180 248
181 197
181 204
181 212
181 223
181 248
182 197
182 204
182 212
182 223
183 185
183 197
183 204
183 212
183 223
183 273
184 197
184 212
184 223
184 231
184 241
185 197
185 212
185 223
185 231
185 241
186 197
186 212
186 223
186 231
186 241
187 197
187 212
187 217
187 231
187 241
188 197
188 212
188 217
188 231
188 241
189 197
189 212
189 217
189 231
189 232
189 241
190 197
190 212
190 217
190 231
190 232
190 241
191 197
191 212
191 217
191 231
191 232
191 241
192 212
192 217
192 231
192 232
192 241
193 212
193 217
193 231
193 232
193 241
194 200
194 212
194 217
194 231
194 232
194 241
194 275
195 200
195 212
195 217
195 231
195 232
195 241
195 275
196 200
196 212
196 217
196 231
196 232
196 241
196 275
197 200
197 212
197 217
197 231
197 232
197 241
197 275
197 278
198 200
198 212
198 217
198 231
198 232
198 241
198 275
198 278
199 200
199 212
199 217
199 231
199 232
199 241
199 275
199 278
200 212
200 217
200 231
200 232
200 241
200 275
200 278
201 212
201 217
201 231
201 232
201 241
201 275
201 278
202 212
202 217
202 231
202 232
202 241
202 275
202 278
203 212
203 217
203 231
203 232
203 241
203 259
203 275
204 212
204 217
204 231
204 232
204 241
204 259
204 275
205 212
205 217
205 231
205 232
205 259
205 275
206 212
206 217
206 231
206 232
206 259
206 275
207 212
207 217
207 231
207 232
207 259
207 275
208 212
208 217
208 231
208 232
208 259
208 275
209 212
209 217
209 231
209 232
209 259
209 275
210 212
210 217
210 231
210 232
210 259
210 275
211 212
211 217
211 231
211 232
211 259
211 275
212 212
212 217
212 231
212 232
212 259
212 275
213 212
213 217
213 231
213 232
213 259
213 275
214 212
214 217
214 232
214 259
214 275
215 212
215 217
215 232
215 259
215 275
215 281
215 284
216 212
216 217
216 232
216 259
216 275
216 281
216 284
217 212
217 217
217 232
217 275
217 281
217 284
218 212
218 217
218 229
218 232
218 275
218 281
218 284
219 212
219 217
219 229
219 232
219 275
219 281
219 284
220 212
220 217
220 232
220 275
220 281
220 284
221 212
221 217
221 232
221 275
221 281
221 284
222 212
222 217
222 232
222 281
223 212
223 217
223 232
223 281
224 212
224 217
224 232
224 281
225 212
225 217
225 232
225 281
226 212
226 217
226 232
226 252
226 281
227 212
227 217
227 232
227 252
227 281
228 212
228 217
228 232
228 252
228 281
229 212
229 217
229 232
229 252
229 281
230 212
230 217
230 232
230 252
230 281
231 212
231 217
231 232
231 252
231 281
232 212
232 217
232 232
232 252
232 270
232 281
233 212
233 217
233 232
233 252
233 270
233 281
234 212
234 217
234 232
234 252
234 270
234 281
235 217
235 232
235 252
235 270
235 281
236 217
236 232
236 252
236 270
236 281
237 217
237 232
237 252
237 270
237 281
238 217
238 232
238 252
238 270
238 281
239 217
239 232
239 252
239 270
239 281
240 217
240 232
240 252
240 270
240 281
241 217
241 232
241 252
241 270
241 281
242 217
242 232
242 252
242 270
242 274
242 281
243 217
243 232
243 252
243 270
243 274
243 281
244 217
244 252
244 270
244 274
244 281
245 252
245 270
245 274
245 281
246 252
246 270
246 274
246 281
247 252
247 270
247 274
247 281
248 252
248 270
248 274
248 281
249 252
249 270
249 274
249 281
250 252
250 270
250 274
250 281
251 252
251 270
251 274
251 281
252 252
252 270
252 274
252 281
253 252
253 270
253 274
253 281
254 252
254 270
254 274
254 281
255 252
255 270
255 281
256 270
256 281
257 270
257 281
258 270
258 281
259 270
259 281
260 270
260 281
261 270
261 281
262 270
262 281
263 270
263 281
264 270
264 281
265 270
265 281
266 270
267 270
