0 1
0 14
0 16
0 17
0 33
0 34
0 36
0 37
0 65
0 138
0 210
0 233
0 245
1 12
1 14
1 16
1 17
1 25
1 33
1 34
1 36
1 65
1 87
1 138
1 210
1 233
1 245
2 12
2 14
2 16
2 17
2 25
2 33
2 34
2 36
2 65
2 87
2 138
2 210
2 233
2 245
3 14
3 17
3 33
3 34
3 36
3 39
3 87
3 138
3 210
3 233
3 245
4 7
4 17
4 33
4 34
4 36
4 39
4 87
4 138
4 210
4 233
4 245
5 7
5 28
5 33
5 34
5 36
5 87
5 138
5 210
5 233
5 245
6 28
6 33
6 36
6 79
6 87
6 154
6 169
6 199
6 210
6 233
6 245
7 79
7 87
7 108
7 128
7 154
7 169
7 199
7 210
7 232
7 233
7 245
8 86
8 87
8 108
8 117
8 128
8 154
8 169
8 174
8 199
8 210
8 232
8 233
8 245
8 274
9 13
9 86
9 87
9 108
9 117
9 154
9 167
9 169
9 199
9 210
9 232
9 233
9 245
9 274
10 15
10 23
10 26
10 86
10 87
10 108
10 117
10 137
10 154
10 159
10 167
10 169
10 199
10 210
10 232
10 233
10 245
10 274
11 23
11 26
11 86
11 87
11 108
11 117
11 126
11 154
11 159
11 167
11 169
11 199
11 210
11 232
11 233
11 245
11 274
11 284
12 23
12 31
12 86
12 87
12 108
12 117
12 126
12 131
12 154
12 159
12 167
12 169
12 199
12 210
12 232
12 233
12 245
12 274
12 284
13 31
13 68
13 86
13 87
13 108
13 117
13 126
13 131
13 154
13 159
13 167
13 169
13 199
13 210
13 232
13 245
13 274
13 284
14 31
14 68
14 86
14 108
14 114
14 117
14 126
14 154
14 159
14 167
14 169
14 199
14 210
14 232
14 245
14 274
14 284
15 18
15 21
15 64
15 68
15 86
15 91
15 108
15 114
15 117
15 126
15 154
15 159
15 167
15 169
15 198
15 210
15 232
15 239
15 243
15 245
15 274
15 284
16 18
16 43
16 46
16 52
16 68
16 86
16 91
16 108
16 114
16 117
16 126
16 154
16 156
16 159
16 166
16 167
16 169
16 190
16 198
16 210
16 220
16 232
16 239
16 245
16 274
16 284
17 24
17 45
17 46
17 52
17 67
17 68
17 71
17 86
17 91
17 108
17 112
17 114
17 117
17 126
17 139
17 154
17 156
17 159
17 167
17 169
17 190
17 198
17 210
17 220
17 239
17 245
17 274
17 284
18 24
18 45
18 46
18 52
18 67
18 68
18 71
18 86
18 91
18 108
18 112
18 114
18 126
18 139
18 154
18 156
18 159
18 167
18 169
18 190
18 198
18 210
18 220
18 239
18 245
18 274
18 284
19 24
19 29
19 41
19 45
19 67
19 71
19 84
19 86
19 91
19 101
19 108
19 114
19 126
19 139
19 154
19 156
19 159
19 167
19 169
19 178
19 180
19 190
19 198
19 210
19 220
19 245
19 272
19 274
19 284
20 24
20 29
20 38
20 41
20 45
20 67
20 69
20 71
20 84
20 86
20 91
20 93
20 101
20 107
20 108
20 114
20 126
20 139
20 140
20 154
20 159
20 169
20 178
20 180
20 190
20 198
20 210
20 220
20 245
20 272
20 274
20 284
21 24
21 29
21 38
21 45
21 67
21 69
21 71
21 84
21 86
21 91
21 93
21 101
21 107
21 108
21 114
21 126
21 139
21 140
21 154
21 159
21 169
21 178
21 180
21 190
21 198
21 210
21 220
21 245
21 272
21 274
21 284
22 29
22 30
22 45
22 47
22 67
22 69
22 71
22 84
22 86
22 91
22 93
22 101
22 107
22 108
22 114
22 126
22 139
22 140
22 154
22 159
22 169
22 178
22 189
22 190
22 198
22 210
22 245
22 272
22 274
22 280
22 284
23 29
23 30
23 45
23 47
23 59
23 67
23 69
23 71
23 84
23 86
23 91
23 93
23 107
23 108
23 114
23 126
23 139
23 140
23 154
23 159
23 169
23 178
23 189
23 190
23 210
23 245
23 272
23 274
23 280
23 284
24 29
24 45
24 47
24 59
24 67
24 69
24 71
24 86
24 91
24 93
24 107
24 108
24 114
24 139
24 140
24 154
24 159
24 169
24 178
24 189
24 190
24 210
24 245
24 272
24 274
24 280
24 284
25 29
25 45
25 47
25 59
25 67
25 69
25 71
25 86
25 91
25 93
25 107
25 108
25 114
25 139
25 140
25 154
25 159
25 169
25 178
25 189
25 190
25 210
25 245
25 272
25 274
25 280
25 284
26 29
26 45
26 59
26 67
26 69
26 71
26 86
26 91
26 93
26 107
26 114
26 139
26 140
26 154
26 159
26 161
26 169
26 178
26 189
26 190
26 210
26 245
26 272
26 274
26 280
26 284
27 29
27 45
27 59
27 67
27 69
27 71
27 86
27 91
27 93
27 107
27 114
27 139
27 140
27 154
27 159
27 161
27 169
27 189
27 190
27 210
27 245
27 272
27 274
27 280
27 284
28 29
28 59
28 67
28 69
28 71
28 86
28 91
28 93
28 107
28 114
28 139
28 140
28 154
28 159
28 161
28 189
28 190
28 210
28 245
28 272
28 274
28 280
28 284
29 29
29 48
29 59
29 63
29 67
29 69
29 86
29 91
29 107
29 139
29 140
29 154
29 161
29 189
29 190
29 210
29 240
29 245
29 272
29 274
29 280
29 284
30 44
30 63
30 67
30 86
30 88
30 91
30 94
30 107
30 139
30 140
30 154
30 161
30 189
30 190
30 210
30 222
30 240
30 245
30 254
30 272
30 274
30 280
30 284
31 63
31 67
31 86
31 88
31 91
31 94
31 107
31 139
31 140
31 154
31 161
31 189
31 190
31 210
31 222
31 240
31 245
31 254
31 272
31 274
31 280
31 284
32 40
32 63
32 67
32 86
32 88
32 91
32 94
32 105
32 107
32 139
32 140
32 154
32 161
32 188
32 189
32 190
32 210
32 222
32 240
32 245
32 246
32 254
32 272
32 274
32 280
32 284
33 40
33 63
33 67
33 86
33 88
33 91
33 94
33 105
33 107
33 139
33 140
33 161
33 188
33 189
33 190
33 210
33 222
33 240
33 245
33 246
33 254
33 272
33 274
33 280
33 284
34 63
34 67
34 75
34 85
34 86
34 88
34 91
34 105
34 139
34 140
34 161
34 189
34 190
34 210
34 222
34 240
34 246
34 254
34 272
34 274
34 280
34 284
35 62
35 63
35 67
35 75
35 85
35 86
35 88
35 91
35 104
35 105
35 139
35 140
35 161
35 189
35 190
35 222
35 240
35 246
35 254
35 272
35 280
36 50
36 56
36 62
36 63
36 67
36 85
36 86
36 88
36 91
36 104
36 105
36 139
36 140
36 161
36 189
36 222
36 240
36 246
36 254
36 272
36 280
37 50
37 55
37 56
37 62
37 63
37 67
37 85
37 86
37 88
37 91
37 104
37 105
37 139
37 140
37 161
37 189
37 222
37 240
37 246
37 254
37 272
37 280
38 42
38 50
38 61
38 62
38 63
38 67
38 70
38 77
38 85
38 86
38 88
38 91
38 97
38 105
38 140
38 161
38 172
38 189
38 222
38 240
38 246
38 254
38 272
38 280
39 42
39 50
39 61
39 62
39 63
39 67
39 70
39 77
39 85
39 86
39 88
39 91
39 97
39 105
39 124
39 140
39 161
39 172
39 186
39 222
39 240
39 246
39 254
39 272
39 280
40 42
40 50
40 54
40 61
40 62
40 63
40 67
40 70
40 77
40 85
40 86
40 88
40 91
40 97
40 105
40 124
40 140
40 161
40 172
40 186
40 222
40 240
40 246
40 254
40 272
40 280
41 42
41 53
41 54
41 57
41 61
41 62
41 63
41 67
41 70
41 77
41 85
41 86
41 88
41 91
41 96
41 97
41 105
41 124
41 140
41 161
41 172
41 186
41 222
41 240
41 246
41 254
41 272
41 280
42 53
42 54
42 57
42 61
42 67
42 70
42 77
42 80
42 85
42 86
42 88
42 96
42 97
42 103
42 105
42 124
42 140
42 161
42 172
42 186
42 240
42 246
42 254
42 272
42 280
43 53
43 54
43 57
43 61
43 67
43 70
43 77
43 80
43 85
43 86
43 88
43 96
43 97
43 103
43 105
43 116
43 124
43 140
43 161
43 172
43 177
43 186
43 240
43 246
43 254
43 272
43 280
44 53
44 54
44 57
44 61
44 67
44 70
44 77
44 80
44 85
44 86
44 88
44 96
44 97
44 103
44 105
44 116
44 124
44 140
44 161
44 172
44 177
44 186
44 240
44 246
44 254
44 272
44 280
45 51
45 53
45 57
45 61
45 67
45 70
45 77
45 80
45 85
45 88
45 96
45 97
45 103
45 105
45 116
45 124
45 140
45 161
45 172
45 177
45 186
45 246
45 254
45 272
45 280
46 51
46 53
46 57
46 61
46 67
46 70
46 77
46 80
46 85
46 88
46 96
46 97
46 103
46 105
46 116
46 124
46 140
46 161
46 172
46 177
46 186
46 246
46 254
46 272
46 280
47 51
47 53
47 57
47 61
47 67
47 70
47 77
47 80
47 85
47 88
47 96
47 97
47 103
47 105
47 116
47 124
47 140
47 161
47 172
47 177
47 186
47 212
47 246
47 254
47 272
47 280
48 51
48 53
48 57
48 61
48 67
48 70
48 77
48 80
48 85
48 88
48 97
48 105
48 116
48 124
48 136
48 140
48 172
48 177
48 186
48 212
48 246
48 272
48 280
49 51
49 53
49 57
49 61
49 67
49 70
49 77
49 80
49 85
49 88
49 97
49 105
49 116
49 124
49 136
49 140
49 172
49 177
49 186
49 212
49 246
49 272
49 280
50 51
50 53
50 57
50 61
50 67
50 70
50 77
50 80
50 85
50 88
50 97
50 105
50 116
50 124
50 136
50 140
50 172
50 177
50 186
50 212
50 246
50 272
50 280
51 51
51 53
51 61
51 67
51 70
51 77
51 80
51 85
51 88
51 97
51 105
51 116
51 124
51 136
51 140
51 172
51 177
51 186
51 212
51 246
51 272
51 280
52 53
52 61
52 70
52 76
52 77
52 80
52 85
52 88
52 95
52 97
52 100
52 105
52 109
52 116
52 124
52 136
52 172
52 186
52 212
52 246
52 272
52 280
53 53
53 61
53 70
53 74
53 76
53 77
53 80
53 85
53 88
53 95
53 97
53 100
53 105
53 109
53 116
53 124
53 136
53 172
53 186
53 212
53 246
53 272
53 280
54 53
54 61
54 70
54 74
54 77
54 80
54 81
54 85
54 88
54 95
54 97
54 100
54 105
54 109
54 116
54 124
54 136
54 172
54 186
54 212
54 246
54 272
54 280
55 53
55 61
55 70
55 74
55 77
55 80
55 81
55 85
55 88
55 95
55 97
55 105
55 109
55 116
55 124
55 136
55 172
55 186
55 212
55 246
55 272
55 280
56 53
56 61
56 74
56 77
56 80
56 81
56 85
56 88
56 95
56 97
56 105
56 109
56 116
56 124
56 136
56 172
56 186
56 212
56 246
56 272
56 280
57 53
57 61
57 74
57 77
57 80
57 81
57 85
57 88
57 95
57 97
57 105
57 109
57 116
57 124
57 136
57 172
57 186
57 212
57 246
57 272
57 280
58 53
58 60
58 61
58 74
58 77
58 80
58 81
58 85
58 88
58 95
58 97
58 105
58 109
58 116
58 124
58 136
58 172
58 186
58 212
58 246
58 272
58 280
59 53
59 61
59 74
59 77
59 80
59 85
59 92
59 97
59 105
59 109
59 116
59 123
59 124
59 136
59 186
59 212
59 246
59 272
59 280
60 53
60 61
60 74
60 77
60 80
60 85
60 92
60 97
60 105
60 109
60 110
60 116
60 123
60 124
60 136
60 186
60 212
60 246
60 272
60 280
61 61
61 77
61 80
61 82
61 85
61 92
61 97
61 105
61 109
61 110
61 116
61 123
61 124
61 129
61 136
61 186
61 246
61 272
61 280
62 61
62 77
62 80
62 85
62 89
62 92
62 97
62 105
62 110
62 116
62 123
62 124
62 129
62 136
62 170
62 186
62 246
62 272
62 280
63 61
63 77
63 80
63 85
63 89
63 92
63 97
63 105
63 110
63 116
63 123
63 124
63 129
63 136
63 170
63 186
63 224
63 246
63 272
63 280
64 61
64 77
64 80
64 85
64 89
64 92
64 97
64 105
64 110
64 116
64 123
64 124
64 129
64 136
64 170
64 186
64 224
64 246
64 272
64 280
65 61
65 77
65 80
65 85
65 89
65 92
65 97
65 105
65 110
65 116
65 123
65 124
65 129
65 136
65 170
65 186
65 224
65 246
65 272
65 280
66 61
66 77
66 80
66 89
66 92
66 97
66 105
66 110
66 116
66 123
66 124
66 129
66 136
66 170
66 186
66 224
66 246
66 272
66 280
67 61
67 77
67 80
67 89
67 92
67 97
67 105
67 110
67 116
67 123
67 124
67 129
67 136
67 164
67 170
67 186
67 224
67 246
67 270
67 272
67 280
68 61
68 80
68 89
68 92
68 97
68 105
68 110
68 116
68 123
68 124
68 129
68 130
68 164
68 170
68 186
68 224
68 246
68 270
68 272
68 280
69 61
69 80
69 89
69 92
69 97
69 105
69 110
69 116
69 123
69 124
69 129
69 130
69 164
69 170
69 186
69 224
69 246
69 270
69 272
69 280
70 61
70 80
70 89
70 92
70 97
70 105
70 110
70 116
70 124
70 145
70 150
70 164
70 205
70 218
70 224
70 246
70 267
70 270
70 272
70 280
71 80
71 89
71 92
71 97
71 105
71 110
71 116
71 124
71 145
71 164
71 183
71 205
71 218
71 224
71 246
71 267
71 270
71 272
71 280
72 80
72 89
72 92
72 97
72 110
72 124
72 141
72 145
72 164
72 183
72 205
72 218
72 224
72 246
72 252
72 267
72 270
72 272
72 280
73 80
73 83
73 89
73 92
73 97
73 110
73 124
73 141
73 145
73 164
73 183
73 205
73 218
73 224
73 246
73 252
73 260
73 267
73 270
73 272
73 280
74 80
74 89
74 97
74 110
74 124
74 141
74 145
74 183
74 205
74 218
74 224
74 246
74 252
74 260
74 267
74 269
74 270
74 272
74 280
75 80
75 89
75 97
75 110
75 124
75 141
75 145
75 183
75 205
75 218
75 224
75 246
75 252
75 260
75 267
75 269
75 270
75 272
75 280
76 80
76 89
76 97
76 110
76 124
76 141
76 145
76 183
76 205
76 218
76 224
76 246
76 252
76 260
76 264
76 269
76 270
76 272
76 280
77 80
77 89
77 97
77 110
77 135
77 141
77 145
77 183
77 205
77 218
77 224
77 246
77 252
77 260
77 264
77 269
77 270
77 272
77 280
78 89
78 106
78 110
78 122
78 135
78 141
78 144
78 145
78 176
78 183
78 205
78 218
78 224
78 246
78 252
78 260
78 264
78 269
78 270
78 272
79 89
79 106
79 122
79 135
79 141
79 144
79 145
79 176
79 183
79 200
79 205
79 218
79 224
79 246
79 252
79 264
79 269
79 270
79 272
80 89
80 98
80 106
80 122
80 135
80 141
80 142
80 144
80 145
80 176
80 183
80 200
80 202
80 205
80 218
80 224
80 246
80 252
80 264
80 270
80 272
81 98
81 106
81 122
81 135
81 141
81 142
81 144
81 145
81 153
81 176
81 183
81 200
81 202
81 205
81 218
81 224
81 246
81 252
81 257
81 264
81 270
81 272
82 106
82 122
82 135
82 141
82 142
82 145
82 153
82 155
82 162
82 176
82 183
82 192
82 202
82 205
82 208
82 218
82 224
82 230
82 246
82 252
82 257
82 264
82 270
82 272
83 106
83 122
83 135
83 141
83 142
83 145
83 153
83 155
83 162
83 176
83 183
83 192
83 202
83 205
83 208
83 218
83 224
83 230
83 246
83 252
83 253
83 257
83 264
83 270
83 272
84 106
84 135
84 141
84 142
84 145
84 153
84 155
84 162
84 176
84 183
84 192
84 202
84 205
84 208
84 218
84 224
84 230
84 246
84 252
84 253
84 257
84 264
84 270
84 272
85 106
85 115
85 135
85 141
85 145
85 148
85 153
85 155
85 162
85 176
85 183
85 192
85 202
85 203
85 205
85 208
85 218
85 224
85 230
85 246
85 253
85 257
85 264
85 270
86 115
86 127
86 141
86 145
86 148
86 153
86 155
86 162
86 176
86 183
86 192
86 202
86 203
86 205
86 208
86 218
86 224
86 230
86 237
86 246
86 253
86 257
86 264
86 270
86 281
87 115
87 127
87 141
87 145
87 148
87 153
87 155
87 162
87 176
87 183
87 192
87 202
87 203
87 205
87 208
87 224
87 230
87 237
87 246
87 253
87 257
87 264
87 270
87 281
88 115
88 127
88 145
88 148
88 153
88 155
88 162
88 176
88 181
88 183
88 192
88 202
88 203
88 205
88 208
88 224
88 230
88 237
88 246
88 253
88 257
88 264
88 268
88 270
88 281
89 115
89 120
89 127
89 148
89 153
89 155
89 162
89 176
89 181
89 183
89 192
89 202
89 203
89 205
89 208
89 224
89 230
89 237
89 246
89 253
89 257
89 264
89 268
89 270
89 281
90 115
90 120
90 127
90 148
90 153
90 155
90 162
90 176
90 181
90 183
90 192
90 202
90 203
90 205
90 206
90 208
90 224
90 230
90 237
90 246
90 253
90 257
90 264
90 268
90 270
90 281
91 102
91 115
91 120
91 127
91 148
91 153
91 155
91 162
91 176
91 181
91 183
91 192
91 202
91 203
91 205
91 206
91 208
91 230
91 237
91 246
91 253
91 257
91 264
91 268
91 281
92 102
92 115
92 120
92 127
92 153
92 155
92 162
92 181
92 183
92 192
92 202
92 203
92 205
92 206
92 208
92 230
92 237
92 246
92 253
92 257
92 264
92 268
92 281
93 102
93 115
93 120
93 127
93 153
93 155
93 162
93 181
93 183
93 192
93 193
93 202
93 203
93 205
93 206
93 208
93 230
93 237
93 246
93 253
93 257
93 264
93 268
93 281
94 102
94 115
94 120
94 127
94 153
94 155
94 162
94 181
94 183
94 192
94 193
94 202
94 203
94 205
94 206
94 208
94 230
94 237
94 246
94 253
94 257
94 264
94 268
94 281
95 102
95 115
95 120
95 127
95 155
95 162
95 181
95 183
95 192
95 193
95 202
95 203
95 205
95 206
95 208
95 237
95 246
95 253
95 257
95 264
95 268
95 281
96 115
96 120
96 127
96 143
96 155
96 162
96 181
96 183
96 192
96 193
96 203
96 205
96 206
96 208
96 237
96 246
96 253
96 257
96 264
96 268
96 273
96 279
96 281
97 115
97 120
97 127
97 143
97 155
97 162
97 181
97 183
97 192
97 193
97 203
97 205
97 206
97 208
97 237
97 246
97 253
97 257
97 264
97 268
97 273
97 279
97 281
98 115
98 120
98 127
98 143
98 155
98 162
98 181
98 183
98 192
98 193
98 203
98 205
98 206
98 208
98 237
98 246
98 253
98 257
98 264
98 268
98 273
98 279
98 281
99 115
99 120
99 127
99 143
99 155
99 183
99 192
99 193
99 203
99 205
99 206
99 208
99 237
99 246
99 253
99 257
99 264
99 268
99 273
99 279
99 281
100 115
100 120
100 127
100 143
100 155
100 183
100 192
100 193
100 203
100 205
100 206
100 208
100 237
100 246
100 253
100 257
100 264
100 268
100 273
100 279
100 281
101 115
101 120
101 127
101 133
101 155
101 171
101 183
101 192
101 193
101 203
101 205
101 206
101 208
101 237
101 246
101 253
101 257
101 264
101 268
101 273
101 279
101 281
102 115
102 120
102 127
102 133
102 155
102 171
102 183
102 192
102 193
102 203
102 205
102 206
102 208
102 237
102 246
102 253
102 257
102 264
102 268
102 273
102 279
102 281
103 115
103 120
103 127
103 133
103 155
103 183
103 192
103 193
103 203
103 205
103 206
103 208
103 237
103 246
103 253
103 257
103 264
103 268
103 273
103 279
103 281
104 115
104 120
104 125
104 149
104 155
104 183
104 192
104 205
104 206
104 208
104 235
104 237
104 246
104 253
104 257
104 264
104 268
104 273
104 279
104 281
105 115
105 120
105 125
105 149
105 155
105 183
105 192
105 205
105 206
105 208
105 235
105 237
105 246
105 253
105 257
105 264
105 268
105 273
105 279
105 281
106 115
106 120
106 149
106 155
106 183
106 192
106 205
106 206
106 208
106 235
106 237
106 246
106 253
106 257
106 264
106 268
106 273
106 281
107 115
107 120
107 149
107 155
107 183
107 192
107 205
107 206
107 208
107 235
107 237
107 246
107 253
107 257
107 264
107 268
107 273
107 281
108 115
108 120
108 149
108 155
108 183
108 192
108 205
108 206
108 208
108 235
108 237
108 246
108 253
108 257
108 264
108 268
108 273
108 281
109 115
109 120
109 149
109 155
109 183
109 192
109 205
109 206
109 208
109 235
109 237
109 246
109 253
109 257
109 264
109 268
109 273
109 281
110 115
110 118
110 120
110 149
110 155
110 183
110 192
110 205
110 206
110 231
110 235
110 237
110 246
110 253
110 257
110 264
110 268
110 273
110 281
111 115
111 118
111 120
111 134
111 149
111 163
111 183
111 192
111 205
111 206
111 231
111 235
111 246
111 253
111 257
111 264
111 268
111 273
111 281
112 115
112 118
112 120
112 149
112 163
112 183
112 192
112 205
112 206
112 231
112 246
112 253
112 257
112 264
112 268
112 273
112 281
113 119
113 120
113 149
113 163
113 183
113 192
113 206
113 223
113 231
113 246
113 253
113 257
113 264
113 268
113 273
113 281
114 119
114 120
114 151
114 163
114 183
114 192
114 206
114 223
114 246
114 253
114 257
114 264
114 268
114 273
114 281
115 119
115 120
115 151
115 163
115 183
115 192
115 206
115 223
115 246
115 253
115 257
115 264
115 268
115 273
115 281
116 119
116 120
116 151
116 163
116 183
116 192
116 206
116 223
116 246
116 253
116 257
116 264
116 268
116 273
116 281
117 119
117 120
117 151
117 163
117 183
117 192
117 206
117 207
117 223
117 246
117 253
117 257
117 264
117 268
117 273
117 281
118 119
118 120
118 121
118 132
118 157
118 163
118 183
118 192
118 206
118 207
118 223
118 253
118 257
118 264
118 268
118 273
118 281
119 119
119 120
119 121
119 132
119 157
119 163
119 183
119 192
119 206
119 207
119 223
119 253
119 257
119 264
119 268
119 273
119 281
120 120
120 121
120 132
120 157
120 183
120 192
120 207
120 223
120 253
120 264
120 268
120 273
120 278
120 281
121 120
121 132
121 157
121 183
121 184
121 192
121 197
121 207
121 223
121 238
121 253
121 264
121 268
121 281
122 132
122 157
122 183
122 184
122 207
122 238
122 253
122 264
122 268
122 281
123 132
123 157
123 183
123 184
123 207
123 238
123 253
123 264
123 268
123 281
124 132
124 157
124 183
124 184
124 207
124 238
124 253
124 264
124 268
124 281
125 146
125 157
125 183
125 184
125 207
125 238
125 253
125 256
125 268
125 281
125 283
126 146
126 157
126 183
126 184
126 207
126 238
126 253
126 256
126 268
126 281
126 283
127 146
127 157
127 183
127 184
127 207
127 238
127 253
127 268
127 281
127 283
128 146
128 157
128 184
128 207
128 219
128 238
128 253
128 268
128 281
128 283
129 146
129 157
129 207
129 219
129 238
129 253
129 268
129 281
129 283
130 146
130 157
130 207
130 219
130 229
130 238
130 253
130 268
130 281
130 283
131 146
131 157
131 207
131 219
131 229
131 238
131 253
131 268
131 281
131 283
132 157
132 165
132 207
132 219
132 229
132 238
132 253
132 268
132 281
132 283
133 157
133 165
133 207
133 219
133 229
133 238
133 253
133 268
133 281
133 283
134 157
134 165
134 207
134 219
134 229
134 238
134 253
134 268
134 281
134 283
135 157
135 165
135 207
135 219
135 229
135 238
135 253
135 268
135 281
135 283
136 157
136 165
136 175
136 207
136 219
136 229
136 238
136 253
136 268
136 281
136 283
137 157
137 165
137 175
137 207
137 219
137 229
137 238
137 253
137 268
137 281
137 283
138 157
138 175
138 187
138 207
138 219
138 229
138 238
138 253
138 268
138 281
138 283
139 157
139 175
139 187
139 207
139 219
139 229
139 238
139 253
139 268
139 281
139 283
140 157
140 175
140 187
140 207
140 219
140 229
140 238
140 253
140 268
140 281
140 283
141 157
141 187
141 207
141 219
141 229
141 238
141 253
141 268
141 281
141 283
142 187
142 201
142 207
142 219
142 229
142 238
142 253
142 268
142 281
142 283
143 187
143 201
143 207
143 219
143 229
143 238
143 253
143 268
143 281
143 283
144 201
144 207
144 219
144 229
144 238
144 253
144 268
144 281
144 283
145 201
145 207
145 219
145 229
145 238
145 253
145 268
145 281
145 283
146 201
146 207
146 209
146 219
146 229
146 238
146 253
146 268
146 281
146 283
147 201
147 207
147 209
147 219
147 229
147 238
147 253
147 281
147 283
148 182
148 207
148 209
148 219
148 229
148 238
148 253
148 281
148 283
149 182
149 195
149 207
149 209
149 215
149 219
149 238
149 241
149 253
149 281
149 283
150 179
150 195
150 207
150 219
150 225
150 238
150 241
150 253
150 281
150 283
151 160
151 179
151 195
151 219
151 225
151 236
151 238
151 241
151 248
151 253
151 258
151 275
151 281
151 283
152 160
152 179
152 195
152 219
152 225
152 236
152 238
152 241
152 248
152 253
152 258
152 275
152 281
152 283
153 160
153 179
153 195
153 211
153 219
153 225
153 236
153 238
153 241
153 248
153 253
153 258
153 275
153 281
153 283
154 160
154 179
154 195
154 211
154 219
154 225
154 228
154 236
154 238
154 241
154 248
154 253
154 258
154 275
154 281
154 283
155 160
155 168
155 179
155 195
155 211
155 219
155 225
155 228
155 236
155 238
155 241
155 248
155 258
155 275
155 281
155 283
156 160
156 168
156 179
156 195
156 211
156 219
156 225
156 228
156 236
156 238
156 241
156 248
156 258
156 275
156 281
156 283
157 179
157 191
157 195
157 196
157 211
157 219
157 221
157 225
157 227
157 228
157 236
157 238
157 241
157 248
157 258
157 275
157 281
157 283
158 191
158 195
158 196
158 211
158 219
158 221
158 225
158 227
158 228
158 236
158 238
158 241
158 248
158 258
158 275
158 281
158 283
159 191
159 195
159 196
159 211
159 219
159 225
159 227
159 228
159 236
159 238
159 241
159 248
159 258
159 275
159 281
159 283
160 191
160 195
160 196
160 211
160 219
160 225
160 227
160 228
160 236
160 238
160 241
160 248
160 258
160 275
160 281
160 283
161 191
161 195
161 196
161 211
161 219
161 225
161 227
161 228
161 236
161 238
161 241
161 248
161 258
161 275
161 281
161 283
162 191
162 195
162 196
162 211
162 219
162 225
162 227
162 228
162 236
162 238
162 241
162 248
162 258
162 275
162 281
162 283
163 191
163 195
163 196
163 211
163 219
163 225
163 227
163 228
163 236
163 238
163 241
163 248
163 258
163 275
163 281
163 283
164 191
164 195
164 196
164 211
164 219
164 225
164 227
164 228
164 236
164 238
164 241
164 248
164 258
164 275
164 281
164 283
165 191
165 196
165 211
165 219
165 225
165 227
165 228
165 236
165 238
165 241
165 248
165 258
165 275
165 281
165 283
166 191
166 194
166 196
166 211
166 219
166 225
166 227
166 228
166 236
166 238
166 241
166 248
166 258
166 275
166 281
166 283
167 191
167 194
167 196
167 211
167 219
167 225
167 227
167 228
167 236
167 238
167 241
167 248
167 258
167 275
167 281
167 283
168 173
168 191
168 194
168 196
168 211
168 219
168 225
168 227
168 228
168 236
168 238
168 241
168 248
168 258
168 275
168 281
168 283
169 173
169 191
169 194
169 196
169 211
169 219
169 225
169 227
169 228
169 236
169 238
169 241
169 248
169 258
169 275
169 281
169 283
170 173
170 185
170 191
170 196
170 211
170 217
170 219
170 225
170 227
170 228
170 236
170 238
170 241
170 248
170 258
170 275
170 281
171 173
171 185
171 191
171 196
171 204
171 211
171 217
171 219
171 225
171 226
171 227
171 228
171 236
171 238
171 248
171 258
171 275
171 281
172 173
172 185
172 191
172 196
172 204
172 211
172 217
172 219
172 225
172 226
172 227
172 228
172 236
172 238
172 248
172 258
172 275
172 281
173 173
173 185
173 191
173 196
173 204
173 211
173 217
173 219
173 225
173 226
173 227
173 228
173 236
173 238
173 248
173 258
173 275
173 281
174 185
174 191
174 196
174 204
174 211
174 217
174 219
174 225
174 226
174 227
174 228
174 236
174 238
174 248
174 258
174 275
174 281
175 185
175 191
175 196
175 204
175 211
175 217
175 219
175 225
175 226
175 227
175 228
175 236
175 238
175 248
175 258
175 275
175 281
176 185
176 191
176 196
176 204
176 211
176 217
176 219
176 225
176 226
176 227
176 228
176 236
176 238
176 248
176 258
176 275
176 281
177 185
177 191
177 196
177 204
177 217
177 219
177 225
177 226
177 227
177 228
177 238
177 242
177 248
177 258
177 275
178 185
178 191
178 196
178 204
178 217
178 219
178 225
178 226
178 227
178 228
178 238
178 242
178 248
178 258
179 185
179 191
179 196
179 204
179 217
179 225
179 226
179 227
179 228
179 238
179 242
179 248
179 258
180 185
180 191
180 196
180 204
180 217
180 225
180 226
180 227
180 228
180 238
180 242
180 248
180 258
181 185
181 191
181 196
181 204
181 217
181 225
181 226
181 227
181 228
181 238
181 242
181 248
181 258
182 185
182 191
182 196
182 204
182 217
182 225
182 226
182 227
182 228
182 238
182 242
182 248
182 258
183 185
183 191
183 196
183 204
183 217
183 225
183 226
183 227
183 228
183 238
183 242
183 248
183 258
183 262
184 191
184 196
184 204
184 217
184 225
184 226
184 227
184 228
184 242
184 248
184 258
184 262
185 191
185 196
185 204
185 217
185 225
185 226
185 227
185 228
185 242
185 248
185 258
185 262
186 191
186 196
186 204
186 217
186 225
186 226
186 227
186 228
186 242
186 248
186 258
186 262
187 191
187 196
187 204
187 217
187 225
187 226
187 227
187 228
187 242
187 248
187 258
187 262
188 191
188 196
188 204
188 217
188 225
188 227
188 228
188 242
188 248
188 258
188 262
189 191
189 196
189 204
189 217
189 225
189 227
189 228
189 242
189 248
189 258
189 262
190 191
190 196
190 204
190 217
190 225
190 227
190 228
190 242
190 248
190 258
190 262
191 191
191 196
191 204
191 217
191 225
191 227
191 228
191 242
191 248
191 258
191 262
192 191
192 196
192 204
192 217
192 225
192 227
192 228
192 242
192 248
192 258
192 262
193 191
193 196
193 204
193 216
193 217
193 225
193 227
193 228
193 242
193 248
193 258
193 262
194 191
194 196
194 204
194 216
194 217
194 225
194 227
194 228
194 242
194 248
194 249
194 258
194 262
195 191
195 196
195 204
195 216
195 217
195 225
195 227
195 228
195 242
195 248
195 249
195 258
195 262
196 191
196 196
196 204
196 216
196 217
196 225
196 227
196 228
196 242
196 248
196 249
196 258
196 262
196 282
197 191
197 196
197 204
197 216
197 217
197 225
197 227
197 228
197 242
197 249
197 258
197 262
197 282
198 191
198 196
198 204
198 216
198 217
198 225
198 227
198 228
198 242
198 249
198 258
198 262
198 282
199 191
199 196
199 204
199 216
199 217
199 225
199 227
199 228
199 242
199 249
199 258
199 262
199 282
200 191
200 196
200 204
200 216
200 217
200 225
200 227
200 228
200 242
200 249
200 258
200 262
200 282
201 191
201 196
201 204
201 216
201 217
201 225
201 227
201 228
201 242
201 249
201 258
201 262
201 282
202 191
202 196
202 204
202 216
202 217
202 225
202 227
202 228
202 242
202 249
202 258
202 262
202 282
203 191
203 196
203 204
203 216
203 217
203 225
203 227
203 228
203 242
203 249
203 251
203 258
203 259
203 262
203 282
204 196
204 204
204 216
204 217
204 225
204 227
204 228
204 242
204 249
204 251
204 258
204 259
204 262
204 282
205 204
205 216
205 217
205 225
205 227
205 242
205 249
205 251
205 258
205 259
205 262
205 266
205 282
206 204
206 213
206 216
206 217
206 225
206 227
206 242
206 249
206 251
206 258
206 259
206 262
206 266
206 282
207 204
207 213
207 216
207 217
207 225
207 227
207 242
207 249
207 251
207 258
207 259
207 262
207 266
207 282
208 204
208 213
208 216
208 217
208 225
208 227
208 247
208 249
208 251
208 258
208 259
208 262
208 266
208 282
209 204
209 213
209 216
209 217
209 225
209 227
209 247
209 249
209 251
209 259
209 262
209 266
209 282
210 204
210 213
210 216
210 217
210 225
210 227
210 247
210 249
210 251
210 259
210 262
210 266
210 282
211 204
211 213
211 216
211 217
211 225
211 227
211 247
211 249
211 251
211 259
211 262
211 266
211 282
212 204
212 213
212 216
212 217
212 225
212 227
212 247
212 249
212 251
212 259
212 262
212 266
213 204
213 217
213 225
213 227
213 247
213 249
213 251
213 259
213 262
213 266
214 204
214 217
214 225
214 227
214 247
214 249
214 259
214 262
215 204
215 217
215 225
215 247
215 249
215 259
215 262
216 217
216 225
216 247
216 249
216 259
216 262
217 217
217 225
217 247
217 249
217 259
217 262
218 217
218 225
218 234
218 247
218 249
218 259
218 261
218 262
219 217
219 225
219 234
219 247
219 249
219 255
219 259
219 261
219 262
220 217
220 225
220 234
220 247
220 249
220 255
220 259
220 261
220 262
221 217
221 225
221 234
221 247
221 249
221 255
221 259
221 261
221 262
222 217
222 225
222 234
222 247
222 249
222 255
222 259
222 261
222 262
223 217
223 225
223 234
223 247
223 249
223 255
223 259
223 261
223 262
224 217
224 225
224 234
224 247
224 255
224 259
224 261
224 262
225 217
225 225
225 234
225 247
225 255
225 259
225 261
225 262
225 277
226 217
226 225
226 234
226 247
226 255
226 259
226 261
226 262
226 277
227 217
227 225
227 234
227 247
227 255
227 259
227 261
227 262
227 277
228 217
228 225
228 234
228 247
228 255
228 259
228 261
228 262
228 277
229 217
229 225
229 234
229 244
229 247
229 261
229 262
229 265
229 277
230 217
230 225
230 234
230 244
230 247
230 261
230 262
230 265
230 277
231 217
231 225
231 234
231 244
231 262
231 265
231 277
232 217
232 225
232 234
232 244
232 265
232 277
233 217
233 225
233 234
233 244
233 265
233 277
234 217
234 225
234 234
234 244
234 265
234 277
235 217
235 225
235 244
235 265
235 277
236 217
236 225
236 244
236 265
236 277
237 225
237 244
237 265
237 277
238 225
238 265
238 277
239 225
239 265
239 277
240 225
240 277
241 225
241 277
242 225
243 225
244 225
245 225
246 225
247 225
248 225
249 225
250 225
251 271
252 271
253 271
254 271
255 271
256 271
257 271
258 271
259 271
260 271
261 271
262 271
262 276
263 271
263 276
264 271
264 276
265 271
265 276
266 271
266 276
267 271
267 276
268 271
268 276
269 271
270 271
271 271
272 271
273 271
274 271
275 271
276 271
277 271
278 271
