1 2
1 91
2 18
2 29
2 38
2 91
3 22
3 29
3 38
3 91
3 100
3 133
3 193
4 15
4 24
4 29
4 30
4 38
4 91
4 100
4 130
4 133
4 140
4 193
4 270
5 12
5 13
5 29
5 38
5 39
5 56
5 91
5 98
5 100
5 116
5 118
5 130
5 138
5 140
5 146
5 148
5 173
5 193
5 207
5 270
6 12
6 13
6 29
6 38
6 39
6 49
6 56
6 91
6 98
6 100
6 104
6 116
6 118
6 130
6 138
6 140
6 146
6 148
6 173
6 193
6 207
6 270
7 29
7 39
7 49
7 56
7 91
7 98
7 100
7 104
7 116
7 118
7 130
7 138
7 140
7 146
7 148
7 193
7 207
7 270
8 29
8 39
8 49
8 56
8 57
8 91
8 98
8 100
8 104
8 116
8 118
8 130
8 138
8 140
8 146
8 148
8 193
8 207
8 270
9 29
9 39
9 49
9 56
9 57
9 91
9 98
9 100
9 104
9 116
9 118
9 130
9 138
9 140
9 146
9 148
9 193
9 207
9 270
10 29
10 49
10 56
10 57
10 62
10 91
10 98
10 100
10 104
10 116
10 118
10 130
10 138
10 140
10 146
10 148
10 193
10 207
10 270
11 17
11 29
11 49
11 56
11 57
11 62
11 91
11 98
11 100
11 104
11 116
11 118
11 130
11 138
11 140
11 146
11 148
11 193
11 207
11 270
12 16
12 17
12 29
12 40
12 49
12 56
12 57
12 62
12 91
12 98
12 100
12 104
12 116
12 118
12 130
12 138
12 140
12 141
12 146
12 148
12 193
12 207
12 270
13 17
13 29
13 40
13 49
13 56
13 57
13 62
13 91
13 98
13 100
13 104
13 116
13 118
13 130
13 137
13 138
13 140
13 141
13 146
13 148
13 193
13 207
13 252
13 270
14 17
14 34
14 37
14 40
14 45
14 49
14 53
14 57
14 65
14 98
14 100
14 104
14 116
14 118
14 130
14 137
14 138
14 140
14 141
14 146
14 148
14 160
14 193
14 207
14 252
14 270
15 17
15 25
15 27
15 34
15 37
15 40
15 54
15 66
15 74
15 100
15 113
15 116
15 118
15 137
15 138
15 141
15 146
15 148
15 160
15 193
15 207
15 220
15 249
15 252
15 256
15 270
16 17
16 27
16 37
16 40
16 66
16 74
16 99
16 100
16 113
16 116
16 118
16 137
16 138
16 141
16 146
16 148
16 193
16 207
16 215
16 249
16 252
16 256
16 270
17 27
17 37
17 40
17 66
17 74
17 99
17 100
17 113
17 116
17 118
17 119
17 137
17 138
17 141
17 146
17 148
17 193
17 207
17 215
17 249
17 252
17 256
17 270
18 23
18 37
18 40
18 58
18 66
18 74
18 78
18 97
18 99
18 100
18 113
18 116
18 118
18 119
18 137
18 138
18 141
18 146
18 148
18 193
18 207
18 215
18 249
18 252
18 256
18 270
19 36
19 37
19 40
19 58
19 66
19 70
19 74
19 78
19 94
19 97
19 99
19 100
19 116
19 118
19 119
19 138
19 139
19 141
19 146
19 148
19 190
19 193
19 207
19 210
19 215
19 236
19 252
19 256
19 270
20 36
20 37
20 40
20 58
20 66
20 70
20 74
20 78
20 94
20 97
20 99
20 100
20 116
20 118
20 119
20 138
20 139
20 141
20 146
20 148
20 190
20 193
20 207
20 210
20 215
20 236
20 252
20 256
20 270
21 58
21 59
21 66
21 70
21 74
21 77
21 78
21 94
21 97
21 99
21 100
21 116
21 118
21 119
21 138
21 139
21 141
21 146
21 148
21 190
21 193
21 207
21 210
21 215
21 236
21 238
21 252
21 256
21 257
21 270
22 58
22 59
22 66
22 70
22 74
22 77
22 78
22 94
22 97
22 99
22 100
22 115
22 116
22 118
22 119
22 138
22 139
22 141
22 146
22 148
22 190
22 193
22 207
22 210
22 215
22 236
22 238
22 252
22 256
22 257
22 270
23 46
23 58
23 59
23 66
23 70
23 74
23 77
23 78
23 94
23 97
23 99
23 100
23 115
23 116
23 118
23 119
23 138
23 139
23 141
23 146
23 148
23 190
23 193
23 207
23 210
23 215
23 236
23 238
23 252
23 256
23 257
23 270
24 43
24 46
24 58
24 59
24 66
24 70
24 77
24 78
24 86
24 94
24 97
24 99
24 100
24 115
24 116
24 118
24 119
24 138
24 139
24 141
24 146
24 148
24 190
24 193
24 207
24 210
24 215
24 236
24 238
24 252
24 256
24 257
24 270
24 275
25 41
25 43
25 46
25 58
25 59
25 66
25 70
25 77
25 78
25 83
25 86
25 94
25 99
25 115
25 116
25 118
25 119
25 138
25 139
25 141
25 146
25 148
25 163
25 190
25 207
25 210
25 236
25 238
25 252
25 256
25 257
25 270
25 275
26 28
26 31
26 35
26 46
26 59
26 66
26 70
26 77
26 78
26 83
26 94
26 99
26 115
26 116
26 118
26 119
26 138
26 141
26 146
26 148
26 163
26 190
26 191
26 207
26 210
26 236
26 238
26 252
26 256
26 257
26 270
27 28
27 31
27 35
27 46
27 59
27 66
27 70
27 77
27 78
27 83
27 94
27 99
27 115
27 116
27 118
27 119
27 138
27 141
27 146
27 148
27 163
27 167
27 190
27 191
27 207
27 210
27 236
27 238
27 252
27 256
27 257
27 270
28 28
28 31
28 35
28 46
28 59
28 66
28 70
28 77
28 78
28 83
28 94
28 99
28 115
28 116
28 118
28 119
28 138
28 141
28 146
28 148
28 163
28 167
28 190
28 191
28 207
28 210
28 236
28 238
28 252
28 256
28 257
28 270
29 28
29 31
29 35
29 46
29 59
29 66
29 70
29 77
29 78
29 83
29 94
29 99
29 115
29 116
29 118
29 138
29 141
29 146
29 148
29 163
29 167
29 190
29 191
29 207
29 210
29 236
29 238
29 252
29 256
29 257
29 270
30 46
30 59
30 70
30 77
30 78
30 83
30 99
30 115
30 116
30 118
30 136
30 138
30 141
30 146
30 148
30 156
30 163
30 167
30 190
30 191
30 207
30 210
30 236
30 238
30 252
30 256
30 257
30 267
30 270
31 46
31 59
31 70
31 77
31 78
31 83
31 99
31 115
31 116
31 118
31 136
31 138
31 141
31 146
31 148
31 156
31 163
31 167
31 190
31 191
31 207
31 210
31 236
31 238
31 252
31 256
31 257
31 267
31 270
32 46
32 55
32 59
32 70
32 76
32 77
32 78
32 83
32 99
32 102
32 115
32 116
32 118
32 138
32 141
32 148
32 156
32 181
32 190
32 191
32 207
32 210
32 236
32 256
32 257
32 267
33 46
33 55
33 61
33 70
33 76
33 78
33 83
33 99
33 102
33 115
33 116
33 118
33 122
33 138
33 141
33 148
33 156
33 181
33 190
33 191
33 207
33 210
33 223
33 256
33 257
33 267
34 55
34 61
34 70
34 76
34 78
34 83
34 99
34 102
34 115
34 116
34 118
34 122
34 138
34 156
34 181
34 190
34 191
34 207
34 210
34 223
34 256
34 257
34 267
35 55
35 61
35 70
35 76
35 78
35 83
35 99
35 102
35 115
35 116
35 118
35 122
35 138
35 156
35 181
35 190
35 191
35 207
35 210
35 223
35 256
35 257
35 267
36 44
36 50
36 61
36 70
36 78
36 83
36 99
36 115
36 116
36 122
36 138
36 156
36 181
36 190
36 191
36 207
36 210
36 223
36 239
36 256
36 257
36 267
36 281
37 44
37 48
37 50
37 61
37 68
37 70
37 73
37 78
37 107
37 111
37 112
37 116
37 122
37 170
37 190
37 207
37 210
37 223
37 239
37 241
37 242
37 256
37 257
37 267
37 281
38 44
38 48
38 50
38 61
38 68
38 70
38 73
38 78
38 107
38 111
38 112
38 116
38 122
38 134
38 169
38 170
38 190
38 207
38 210
38 223
38 239
38 241
38 242
38 256
38 257
38 267
38 281
39 44
39 48
39 61
39 64
39 68
39 70
39 73
39 107
39 111
39 112
39 116
39 122
39 134
39 169
39 170
39 190
39 207
39 210
39 223
39 239
39 241
39 242
39 256
39 257
39 267
39 281
40 61
40 64
40 68
40 70
40 73
40 107
40 111
40 112
40 116
40 122
40 134
40 158
40 159
40 169
40 170
40 190
40 207
40 210
40 223
40 239
40 241
40 242
40 256
40 257
40 281
41 52
41 61
41 64
41 68
41 70
41 73
41 107
41 111
41 112
41 116
41 122
41 134
41 158
41 159
41 169
41 170
41 190
41 207
41 210
41 223
41 239
41 241
41 242
41 256
41 257
41 279
41 281
42 52
42 61
42 64
42 68
42 70
42 73
42 107
42 111
42 112
42 116
42 122
42 134
42 158
42 159
42 169
42 170
42 190
42 207
42 210
42 223
42 239
42 241
42 242
42 256
42 257
42 279
42 281
43 52
43 61
43 64
43 68
43 70
43 73
43 107
43 111
43 112
43 116
43 122
43 134
43 158
43 159
43 169
43 170
43 190
43 207
43 210
43 223
43 239
43 241
43 242
43 256
43 257
43 279
43 281
44 52
44 61
44 64
44 68
44 70
44 107
44 111
44 112
44 116
44 122
44 134
44 158
44 159
44 169
44 170
44 190
44 207
44 210
44 223
44 239
44 241
44 242
44 256
44 257
44 279
44 281
45 52
45 61
45 64
45 68
45 70
45 111
45 112
45 116
45 122
45 134
45 158
45 159
45 169
45 170
45 190
45 207
45 210
45 223
45 239
45 241
45 242
45 256
45 279
45 281
46 52
46 61
46 64
46 68
46 70
46 111
46 112
46 116
46 122
46 134
46 158
46 159
46 169
46 170
46 190
46 207
46 210
46 223
46 239
46 241
46 242
46 256
46 279
46 281
47 52
47 68
47 70
47 111
47 112
47 116
47 122
47 134
47 158
47 159
47 169
47 170
47 207
47 223
47 239
47 241
47 242
47 256
47 279
47 281
48 52
48 68
48 92
48 111
48 112
48 116
48 122
48 134
48 158
48 159
48 169
48 170
48 207
48 223
48 239
48 241
48 242
48 256
48 279
48 281
49 52
49 68
49 80
49 92
49 111
49 112
49 116
49 122
49 125
49 134
49 158
49 159
49 169
49 170
49 207
49 223
49 239
49 241
49 242
49 256
49 272
49 279
49 281
50 52
50 92
50 103
50 111
50 112
50 116
50 122
50 125
50 143
50 158
50 159
50 164
50 169
50 170
50 183
50 189
50 207
50 223
50 241
50 242
50 256
50 258
50 272
50 281
51 52
51 92
51 103
51 111
51 112
51 116
51 122
51 125
51 143
51 158
51 159
51 164
51 169
51 170
51 183
51 189
51 207
51 223
51 241
51 242
51 256
51 258
51 272
51 281
52 52
52 92
52 103
52 111
52 112
52 116
52 122
52 125
52 143
52 158
52 159
52 164
52 169
52 170
52 183
52 189
52 207
52 223
52 241
52 242
52 256
52 258
52 272
52 281
53 52
53 92
53 103
53 112
53 116
53 122
53 125
53 143
53 158
53 159
53 164
53 169
53 170
53 183
53 189
53 207
53 221
53 223
53 241
53 242
53 256
53 258
53 272
53 281
54 52
54 92
54 103
54 112
54 116
54 122
54 125
54 143
54 158
54 159
54 164
54 169
54 170
54 183
54 189
54 207
54 221
54 223
54 241
54 242
54 250
54 256
54 258
54 272
54 281
55 52
55 92
55 103
55 112
55 116
55 122
55 125
55 143
55 158
55 159
55 164
55 169
55 170
55 183
55 189
55 207
55 221
55 223
55 241
55 242
55 250
55 256
55 258
55 272
55 281
56 52
56 92
56 103
56 112
56 116
56 122
56 125
56 143
56 158
56 159
56 164
56 169
56 170
56 183
56 189
56 207
56 223
56 241
56 242
56 250
56 256
56 258
56 272
56 281
57 52
57 92
57 103
57 112
57 116
57 122
57 125
57 143
57 158
57 164
57 169
57 170
57 183
57 189
57 207
57 223
57 241
57 242
57 250
57 256
57 258
57 272
57 281
58 103
58 112
58 121
58 125
58 143
58 157
58 158
58 164
58 169
58 170
58 183
58 189
58 223
58 241
58 242
58 250
58 256
58 258
58 272
58 281
59 103
59 112
59 125
59 143
59 157
59 158
59 164
59 169
59 170
59 183
59 189
59 223
59 241
59 242
59 250
59 256
59 258
59 272
59 281
60 63
60 72
60 81
60 82
60 84
60 90
60 103
60 106
60 125
60 143
60 157
60 158
60 169
60 170
60 174
60 182
60 183
60 189
60 223
60 250
60 256
60 258
60 272
60 281
61 63
61 72
61 81
61 82
61 84
61 90
61 103
61 106
61 125
61 143
61 157
61 158
61 169
61 170
61 174
61 182
61 183
61 187
61 189
61 223
61 250
61 256
61 258
61 272
61 281
62 63
62 72
62 81
62 82
62 84
62 90
62 103
62 106
62 125
62 143
62 157
62 158
62 169
62 170
62 174
62 182
62 183
62 187
62 189
62 250
62 256
62 258
62 272
62 281
63 63
63 72
63 81
63 82
63 84
63 90
63 106
63 125
63 143
63 157
63 158
63 169
63 170
63 174
63 182
63 183
63 187
63 189
63 250
63 256
63 258
63 272
63 281
64 63
64 72
64 81
64 82
64 84
64 90
64 106
64 125
64 143
64 157
64 158
64 169
64 170
64 174
64 182
64 183
64 187
64 189
64 250
64 256
64 258
64 272
64 281
65 63
65 72
65 81
65 82
65 84
65 90
65 106
65 125
65 143
65 157
65 158
65 169
65 170
65 174
65 182
65 183
65 187
65 189
65 250
65 256
65 258
65 272
65 281
66 72
66 81
66 82
66 84
66 90
66 93
66 106
66 125
66 143
66 157
66 158
66 169
66 170
66 174
66 182
66 183
66 187
66 189
66 192
66 250
66 256
66 258
66 272
66 281
67 72
67 81
67 82
67 84
67 90
67 93
67 106
67 125
67 143
67 157
67 158
67 169
67 170
67 182
67 183
67 187
67 189
67 192
67 250
67 256
67 258
67 272
67 281
68 79
68 81
68 82
68 84
68 87
68 90
68 93
68 106
68 157
68 158
68 169
68 170
68 182
68 183
68 189
68 200
68 205
68 250
68 254
68 256
68 258
68 272
68 281
69 79
69 81
69 82
69 87
69 90
69 106
69 142
69 157
69 158
69 169
69 170
69 182
69 183
69 189
69 202
69 205
69 211
69 212
69 250
69 256
69 258
69 272
69 281
70 79
70 81
70 82
70 90
70 96
70 106
70 142
70 157
70 158
70 169
70 170
70 182
70 183
70 189
70 202
70 205
70 211
70 212
70 250
70 256
70 258
70 272
70 281
71 79
71 81
71 82
71 85
71 96
71 142
71 153
71 157
71 158
71 169
71 170
71 182
71 189
71 202
71 211
71 212
71 256
71 258
71 272
71 281
72 79
72 81
72 82
72 85
72 96
72 142
72 157
72 158
72 169
72 170
72 182
72 189
72 202
72 211
72 212
72 256
72 258
72 272
72 281
73 79
73 81
73 82
73 85
73 96
73 109
73 142
73 157
73 158
73 169
73 170
73 182
73 189
73 202
73 211
73 219
73 256
73 258
73 272
73 281
74 79
74 81
74 82
74 85
74 88
74 96
74 109
74 142
74 157
74 158
74 169
74 170
74 182
74 189
74 196
74 202
74 211
74 219
74 256
74 258
74 272
74 281
75 81
75 82
75 85
75 88
75 96
75 109
75 142
75 157
75 158
75 169
75 170
75 182
75 189
75 196
75 202
75 211
75 219
75 258
75 272
75 281
76 81
76 82
76 85
76 96
76 109
76 142
76 157
76 158
76 169
76 170
76 182
76 189
76 196
76 202
76 211
76 219
76 258
76 272
76 281
77 81
77 82
77 85
77 96
77 142
77 155
77 157
77 158
77 169
77 170
77 182
77 189
77 196
77 202
77 211
77 219
77 258
77 272
77 281
78 81
78 95
78 96
78 105
78 123
78 142
78 157
78 158
78 165
78 169
78 170
78 189
78 196
78 202
78 204
78 211
78 217
78 219
78 258
78 272
78 278
78 281
79 95
79 96
79 101
79 114
79 123
79 142
79 157
79 158
79 161
79 169
79 170
79 189
79 196
79 202
79 204
79 211
79 217
79 219
79 245
79 258
79 272
79 278
79 281
80 95
80 96
80 101
80 114
80 123
80 142
80 158
80 161
80 169
80 170
80 189
80 196
80 202
80 204
80 211
80 217
80 219
80 245
80 258
80 272
80 278
80 281
81 89
81 95
81 101
81 114
81 123
81 142
81 161
81 169
81 170
81 189
81 196
81 202
81 204
81 211
81 217
81 219
81 245
81 258
81 272
81 278
82 101
82 114
82 123
82 127
82 142
82 161
82 170
82 189
82 196
82 202
82 204
82 211
82 217
82 219
82 245
82 258
82 272
82 278
83 101
83 114
83 123
83 127
83 142
83 161
83 170
83 189
83 196
83 202
83 204
83 206
83 211
83 217
83 219
83 245
83 258
83 272
83 278
84 101
84 114
84 123
84 127
84 142
84 149
84 161
84 170
84 189
84 196
84 202
84 204
84 206
84 211
84 217
84 219
84 245
84 258
84 272
84 278
85 101
85 114
85 123
85 127
85 142
85 149
85 161
85 170
85 189
85 196
85 202
85 204
85 206
85 219
85 245
85 258
85 272
85 278
86 101
86 114
86 127
86 142
86 149
86 161
86 170
86 189
86 196
86 202
86 204
86 206
86 219
86 245
86 258
86 272
86 278
87 101
87 114
87 127
87 142
87 149
87 161
87 170
87 176
87 189
87 196
87 202
87 204
87 206
87 219
87 245
87 258
87 265
87 272
87 278
88 101
88 114
88 142
88 149
88 161
88 170
88 176
88 189
88 196
88 202
88 204
88 206
88 219
88 245
88 258
88 265
88 272
88 278
89 101
89 114
89 142
89 161
89 170
89 176
89 189
89 196
89 202
89 204
89 206
89 219
89 245
89 251
89 258
89 265
89 272
89 278
90 101
90 114
90 142
90 152
90 161
90 170
90 176
90 189
90 196
90 202
90 204
90 206
90 219
90 229
90 245
90 251
90 258
90 260
90 265
90 272
90 278
91 108
91 142
91 152
91 161
91 170
91 176
91 189
91 202
91 204
91 206
91 219
91 229
91 245
91 251
91 258
91 260
91 261
91 265
91 272
91 278
92 108
92 142
92 152
92 161
92 170
92 176
92 189
92 202
92 204
92 206
92 219
92 229
92 245
92 251
92 258
92 260
92 261
92 265
92 272
92 278
93 108
93 128
93 152
93 161
93 170
93 176
93 189
93 202
93 204
93 206
93 219
93 229
93 245
93 251
93 258
93 260
93 261
93 265
93 272
93 278
94 108
94 128
94 152
94 161
94 170
94 176
94 189
94 202
94 204
94 206
94 219
94 229
94 245
94 251
94 258
94 260
94 261
94 265
94 272
94 278
95 108
95 128
95 152
95 161
95 170
95 176
95 189
95 202
95 204
95 206
95 219
95 229
95 245
95 251
95 258
95 260
95 261
95 265
95 272
95 278
96 108
96 128
96 152
96 161
96 170
96 176
96 189
96 195
96 202
96 204
96 206
96 219
96 229
96 245
96 251
96 258
96 260
96 261
96 265
96 272
96 278
97 108
97 128
97 152
97 161
97 170
97 176
97 189
97 195
97 202
97 204
97 206
97 219
97 229
97 245
97 251
97 258
97 260
97 261
97 265
97 272
97 278
98 108
98 128
98 152
98 161
98 170
98 176
98 189
98 195
98 202
98 204
98 206
98 219
98 229
98 245
98 251
98 258
98 260
98 261
98 265
98 272
98 278
99 108
99 128
99 152
99 161
99 170
99 176
99 189
99 195
99 202
99 204
99 206
99 219
99 229
99 245
99 251
99 258
99 260
99 261
99 265
99 272
99 278
100 108
100 128
100 152
100 161
100 170
100 176
100 189
100 195
100 202
100 204
100 206
100 219
100 229
100 245
100 251
100 258
100 260
100 261
100 265
100 272
100 278
101 108
101 128
101 152
101 161
101 170
101 176
101 189
101 195
101 202
101 204
101 206
101 219
101 227
101 229
101 245
101 251
101 258
101 260
101 261
101 265
101 272
101 278
102 108
102 128
102 152
102 161
102 170
102 176
102 189
102 195
102 202
102 204
102 206
102 219
102 227
102 229
102 245
102 251
102 258
102 260
102 261
102 265
102 272
102 278
103 108
103 128
103 152
103 161
103 170
103 176
103 189
103 195
103 202
103 204
103 206
103 219
103 226
103 227
103 229
103 245
103 251
103 258
103 260
103 261
103 265
103 272
103 278
104 108
104 128
104 161
104 170
104 176
104 189
104 195
104 202
104 204
104 206
104 219
104 226
104 227
104 229
104 245
104 251
104 258
104 260
104 261
104 265
104 272
104 278
105 108
105 128
105 161
105 170
105 176
105 189
105 195
105 204
105 206
105 219
105 226
105 227
105 229
105 245
105 251
105 258
105 260
105 261
105 265
105 272
105 278
106 108
106 128
106 161
106 170
106 176
106 189
106 195
106 204
106 206
106 219
106 226
106 227
106 229
106 245
106 248
106 251
106 258
106 260
106 261
106 265
106 272
106 277
106 278
107 128
107 161
107 170
107 176
107 177
107 178
107 189
107 195
107 204
107 206
107 219
107 226
107 227
107 229
107 245
107 248
107 251
107 258
107 260
107 261
107 265
107 272
107 277
107 278
108 128
108 161
108 170
108 176
108 177
108 178
108 189
108 195
108 204
108 206
108 219
108 226
108 229
108 245
108 248
108 251
108 258
108 260
108 261
108 265
108 272
108 277
108 278
109 128
109 154
109 161
109 170
109 176
109 177
109 178
109 189
109 204
109 206
109 219
109 226
109 229
109 245
109 248
109 251
109 258
109 260
109 261
109 265
109 272
109 277
109 278
110 128
110 161
110 162
110 176
110 177
110 178
110 189
110 204
110 206
110 219
110 226
110 229
110 245
110 248
110 258
110 260
110 261
110 265
110 272
110 277
110 278
111 128
111 161
111 162
111 176
111 177
111 178
111 185
111 189
111 204
111 206
111 219
111 226
111 229
111 245
111 248
111 258
111 260
111 261
111 265
111 277
111 278
112 129
112 161
112 162
112 176
112 177
112 178
112 185
112 189
112 204
112 206
112 208
112 219
112 226
112 229
112 243
112 245
112 248
112 258
112 260
112 261
112 265
112 277
112 278
113 129
113 144
113 161
113 162
113 176
113 177
113 178
113 185
113 204
113 206
113 208
113 226
113 229
113 243
113 245
113 248
113 258
113 260
113 261
113 265
113 276
113 277
113 278
114 129
114 132
114 144
114 161
114 162
114 176
114 177
114 178
114 185
114 206
114 208
114 226
114 229
114 243
114 245
114 248
114 253
114 258
114 260
114 261
114 265
114 276
114 277
114 278
115 126
115 129
115 132
115 144
115 161
115 162
115 176
115 185
115 206
115 226
115 229
115 245
115 248
115 258
115 260
115 261
115 265
115 276
115 277
115 278
116 120
116 131
116 132
116 144
116 150
116 176
116 180
116 185
116 194
116 226
116 245
116 248
116 258
116 260
116 261
116 276
116 277
116 282
117 120
117 132
117 144
117 150
117 176
117 180
117 185
117 194
117 226
117 245
117 248
117 258
117 260
117 261
117 276
117 277
117 282
118 132
118 147
118 150
118 180
118 185
118 194
118 226
118 245
118 248
118 258
118 261
118 276
118 277
118 282
119 132
119 147
119 150
119 168
119 180
119 185
119 186
119 194
119 226
119 245
119 248
119 258
119 261
119 276
119 277
119 282
120 132
120 147
120 150
120 168
120 180
120 185
120 186
120 194
120 226
120 245
120 248
120 258
120 261
120 276
120 277
120 282
121 132
121 147
121 150
121 168
121 180
121 185
121 186
121 194
121 226
121 245
121 248
121 258
121 261
121 276
121 277
121 282
122 132
122 147
122 150
122 168
122 180
122 185
122 186
122 194
122 226
122 245
122 248
122 261
122 262
122 277
122 282
123 132
123 147
123 150
123 180
123 185
123 186
123 194
123 226
123 245
123 248
123 262
123 277
123 282
124 132
124 147
124 180
124 185
124 186
124 194
124 226
124 245
124 248
124 262
124 277
124 282
125 147
125 180
125 185
125 186
125 194
125 226
125 245
125 248
125 262
125 277
125 282
126 147
126 175
126 180
126 185
126 186
126 194
126 226
126 245
126 248
126 262
126 277
126 282
127 147
127 175
127 180
127 185
127 186
127 194
127 226
127 245
127 248
127 262
127 277
127 282
128 147
128 175
128 180
128 185
128 186
128 194
128 226
128 245
128 248
128 262
128 277
128 282
129 147
129 151
129 172
129 175
129 180
129 185
129 186
129 194
129 218
129 226
129 245
129 248
129 262
129 277
129 282
130 147
130 151
130 172
130 175
130 180
130 185
130 186
130 194
130 203
130 218
130 226
130 245
130 248
130 255
130 277
130 282
131 147
131 151
131 172
131 175
131 180
131 185
131 186
131 194
131 203
131 218
131 226
131 245
131 248
131 255
131 277
131 282
132 147
132 151
132 172
132 175
132 180
132 185
132 186
132 194
132 203
132 218
132 226
132 245
132 248
132 255
132 259
132 277
132 282
133 147
133 151
133 172
133 175
133 180
133 185
133 186
133 194
133 203
133 218
133 226
133 245
133 248
133 255
133 259
133 277
133 282
134 147
134 151
134 172
134 175
134 180
134 185
134 186
134 194
134 203
134 218
134 226
134 245
134 248
134 255
134 259
134 277
134 282
135 145
135 147
135 151
135 172
135 175
135 180
135 185
135 186
135 194
135 218
135 226
135 245
135 248
135 255
135 259
135 277
135 282
136 145
136 147
136 151
136 172
136 175
136 180
136 185
136 186
136 194
136 218
136 226
136 245
136 248
136 255
136 259
136 277
136 282
137 145
137 147
137 151
137 172
137 175
137 180
137 185
137 186
137 194
137 226
137 231
137 245
137 248
137 255
137 259
137 277
137 282
138 145
138 147
138 151
138 172
138 175
138 180
138 185
138 186
138 194
138 226
138 231
138 245
138 248
138 255
138 259
138 277
138 282
139 145
139 147
139 151
139 172
139 175
139 180
139 185
139 186
139 194
139 231
139 245
139 248
139 255
139 259
139 277
139 282
140 145
140 147
140 151
140 172
140 175
140 180
140 185
140 194
140 231
140 245
140 248
140 255
140 259
140 277
140 282
141 145
141 147
141 151
141 172
141 175
141 180
141 185
141 194
141 231
141 245
141 248
141 255
141 259
141 277
141 282
142 145
142 147
142 151
142 172
142 175
142 180
142 185
142 194
142 231
142 245
142 248
142 255
142 259
142 277
142 282
143 145
143 151
143 175
143 180
143 194
143 197
143 231
143 245
143 248
143 259
143 277
143 282
144 145
144 175
144 180
144 194
144 197
144 231
144 245
144 248
144 259
144 277
144 282
145 145
145 175
145 180
145 184
145 194
145 197
145 231
145 245
145 248
145 259
145 277
145 282
146 175
146 180
146 184
146 194
146 197
146 231
146 245
146 248
146 259
146 277
146 282
147 175
147 180
147 184
147 194
147 197
147 231
147 245
147 248
147 259
147 277
147 282
148 175
148 180
148 184
148 194
148 197
148 225
148 228
148 231
148 245
148 248
148 259
148 277
148 282
149 175
149 180
149 184
149 194
149 197
149 225
149 228
149 231
149 245
149 248
149 259
149 277
149 282
150 175
150 180
150 184
150 194
150 197
150 228
150 245
150 248
150 259
150 277
150 282
151 175
151 180
151 184
151 194
151 197
151 228
151 245
151 248
151 259
151 277
151 282
152 175
152 180
152 184
152 194
152 197
152 228
152 245
152 248
152 259
152 277
152 282
153 175
153 180
153 184
153 197
153 228
153 245
153 248
153 259
153 277
153 282
154 175
154 180
154 184
154 197
154 228
154 245
154 248
154 259
154 277
154 282
155 175
155 180
155 184
155 197
155 228
155 245
155 248
155 259
155 277
155 282
156 175
156 180
156 184
156 197
156 245
156 248
156 259
156 277
157 175
157 180
157 184
157 197
157 245
157 248
157 259
157 271
157 277
158 175
158 180
158 184
158 197
158 233
158 245
158 248
158 259
158 271
158 277
159 175
159 180
159 184
159 197
159 233
159 245
159 248
159 259
159 271
159 277
160 175
160 180
160 184
160 197
160 233
160 245
160 248
160 259
160 277
161 175
161 180
161 184
161 197
161 233
161 245
161 248
161 259
161 268
161 277
162 175
162 180
162 184
162 197
162 198
162 201
162 233
162 245
162 248
162 259
162 268
162 277
163 175
163 180
163 184
163 197
163 198
163 201
163 233
163 245
163 248
163 259
163 277
164 175
164 180
164 184
164 197
164 198
164 201
164 233
164 235
164 245
164 248
164 259
164 277
165 175
165 180
165 184
165 197
165 198
165 201
165 233
165 235
165 245
165 248
165 259
165 277
166 175
166 180
166 184
166 197
166 198
166 201
166 233
166 235
166 245
166 248
166 259
166 277
167 175
167 180
167 184
167 197
167 198
167 201
167 233
167 235
167 245
167 248
167 259
167 277
168 175
168 180
168 184
168 197
168 198
168 201
168 233
168 235
168 245
168 248
168 259
168 277
169 180
169 197
169 198
169 233
169 245
169 277
170 197
170 198
170 233
170 245
170 277
171 197
171 198
171 233
171 245
171 247
171 277
172 197
172 198
172 233
172 245
172 247
172 277
173 197
173 198
173 214
173 233
173 245
173 247
173 277
174 188
174 197
174 198
174 214
174 233
174 245
174 247
174 277
175 188
175 197
175 198
175 209
175 214
175 233
175 245
175 247
175 277
176 188
176 197
176 198
176 209
176 214
176 233
176 277
177 188
177 197
177 198
177 199
177 209
177 214
177 233
177 277
178 188
178 197
178 198
178 199
178 209
178 214
178 233
178 277
179 188
179 197
179 198
179 199
179 209
179 213
179 214
179 233
179 264
179 277
180 188
180 197
180 199
180 209
180 213
180 214
180 233
180 264
180 277
181 188
181 197
181 199
181 209
181 213
181 214
181 233
181 264
181 277
182 188
182 197
182 199
182 209
182 213
182 214
182 233
182 264
182 277
183 188
183 197
183 199
183 209
183 213
183 214
183 233
183 264
183 277
184 188
184 197
184 199
184 209
184 213
184 214
184 233
184 246
184 264
184 277
185 188
185 197
185 199
185 209
185 213
185 214
185 233
185 246
185 277
186 188
186 199
186 209
186 213
186 214
186 224
186 233
186 246
186 269
186 277
187 188
187 199
187 209
187 213
187 214
187 224
187 232
187 244
187 246
187 269
187 277
188 188
188 199
188 209
188 213
188 214
188 224
188 232
188 244
188 246
188 269
188 277
189 188
189 199
189 209
189 213
189 214
189 224
189 244
189 246
189 273
189 277
190 188
190 199
190 209
190 213
190 214
190 224
190 244
190 246
190 273
190 277
191 188
191 199
191 209
191 213
191 214
191 224
191 244
191 246
191 273
191 277
192 188
192 199
192 209
192 213
192 214
192 224
192 244
192 246
192 273
192 277
193 188
193 199
193 209
193 213
193 214
193 222
193 224
193 244
193 246
193 273
193 277
194 188
194 199
194 209
194 213
194 222
194 224
194 244
194 246
194 273
194 277
195 188
195 199
195 209
195 213
195 222
195 224
195 244
195 273
195 277
196 199
196 213
196 222
196 224
196 230
196 244
196 273
196 277
197 199
197 213
197 222
197 224
197 230
197 244
197 273
197 277
198 199
198 213
198 222
198 224
198 230
198 244
198 273
198 277
199 199
199 213
199 222
199 224
199 230
199 244
199 273
199 277
200 199
200 213
200 216
200 222
200 224
200 230
200 244
200 273
200 277
201 199
201 213
201 216
201 222
201 224
201 230
201 234
201 244
201 273
201 277
202 199
202 213
202 216
202 222
202 224
202 230
202 234
202 244
202 273
202 274
202 277
203 199
203 213
203 216
203 222
203 224
203 230
203 234
203 244
203 273
203 274
203 277
204 199
204 213
204 216
204 222
204 224
204 230
204 234
204 244
204 273
204 274
204 277
205 199
205 213
205 222
205 224
205 230
205 234
205 244
205 273
205 274
205 277
206 199
206 213
206 222
206 224
206 234
206 244
206 273
206 274
206 277
206 283
207 199
207 213
207 222
207 224
207 234
207 244
207 273
207 274
207 277
207 283
208 199
208 213
208 222
208 224
208 234
208 244
208 273
208 274
208 277
208 283
209 199
209 213
209 222
209 224
209 234
209 244
209 273
209 274
209 277
209 283
210 199
210 213
210 222
210 224
210 234
210 237
210 244
210 273
210 274
210 277
210 283
211 199
211 213
211 222
211 224
211 234
211 237
211 244
211 273
211 274
211 277
211 283
212 199
212 213
212 222
212 234
212 237
212 244
212 273
212 274
212 277
212 283
213 199
213 213
213 222
213 234
213 237
213 244
213 273
213 274
213 277
213 283
214 199
214 213
214 222
214 234
214 237
214 244
214 273
214 274
214 277
214 283
215 199
215 213
215 222
215 234
215 237
215 244
215 273
215 274
215 277
215 283
216 199
216 213
216 222
216 237
216 244
216 273
216 274
216 283
217 199
217 222
217 237
217 244
217 273
217 274
217 283
218 199
218 222
218 237
218 244
218 273
218 274
218 283
219 199
219 222
219 237
219 244
219 273
219 274
219 283
220 199
220 222
220 274
220 283
221 274
221 283
222 283
223 283
224 283
225 283
225 284
226 283
226 284
227 266
227 280
227 283
227 284
228 266
228 283
228 284
229 266
229 283
229 284
230 266
230 283
230 284
231 266
231 283
231 284
232 266
232 283
232 284
233 266
233 283
233 284
234 266
234 283
234 284
235 266
235 283
235 284
236 266
236 283
236 284
237 266
237 283
237 284
238 283
238 284
239 283
239 284
240 263
240 283
241 263
241 283
242 263
242 283
243 263
243 283
244 263
244 283
245 263
245 283
246 263
246 283
247 263
247 283
248 263
248 283
249 283
250 283
251 283
252 283
253 283
254 283
255 283
256 283
257 283
258 283
259 283
260 283
261 283
262 283
263 283
264 283
265 283
266 283
267 283
268 283
269 283
270 283
