0 3
0 41
0 43
0 81
0 118
0 200
1 26
1 43
1 76
1 81
1 118
1 200
2 26
2 43
2 55
2 76
2 81
2 118
2 200
3 15
3 49
3 81
3 88
3 89
3 101
3 118
3 119
3 128
3 129
3 200
3 278
4 13
4 23
4 81
4 83
4 86
4 88
4 118
4 119
4 128
4 129
4 156
4 169
4 200
4 235
4 278
5 7
5 13
5 20
5 23
5 47
5 51
5 56
5 63
5 78
5 81
5 83
5 86
5 88
5 118
5 119
5 128
5 129
5 156
5 169
5 200
5 235
5 278
6 7
6 13
6 20
6 23
6 47
6 51
6 56
6 63
6 78
6 81
6 83
6 86
6 88
6 118
6 119
6 128
6 129
6 156
6 169
6 200
6 235
6 278
7 13
7 16
7 20
7 23
7 47
7 56
7 63
7 78
7 83
7 86
7 88
7 128
7 129
7 142
7 156
7 169
7 175
7 200
7 235
7 278
8 16
8 23
8 47
8 56
8 63
8 78
8 83
8 86
8 88
8 128
8 129
8 130
8 142
8 156
8 169
8 175
8 179
8 200
8 235
8 254
8 278
9 29
9 47
9 56
9 78
9 86
9 88
9 129
9 130
9 142
9 156
9 157
9 169
9 175
9 179
9 200
9 235
9 236
9 254
9 278
10 47
10 56
10 78
10 88
10 129
10 130
10 142
10 156
10 157
10 169
10 175
10 179
10 200
10 235
10 236
10 254
10 278
11 56
11 75
11 78
11 88
11 129
11 130
11 142
11 157
11 166
11 169
11 175
11 179
11 200
11 235
11 236
11 254
11 278
12 17
12 32
12 37
12 60
12 75
12 78
12 114
12 129
12 130
12 136
12 140
12 157
12 166
12 169
12 175
12 179
12 185
12 236
12 254
12 278
13 17
13 32
13 37
13 60
13 75
13 78
13 114
13 129
13 136
13 140
13 166
13 169
13 175
13 179
13 185
13 236
13 278
14 17
14 32
14 37
14 60
14 75
14 114
14 129
14 136
14 140
14 166
14 169
14 175
14 179
14 185
14 228
14 236
14 278
15 24
15 32
15 37
15 71
15 75
15 112
15 129
15 136
15 140
15 166
15 169
15 175
15 179
15 185
15 222
15 228
15 236
15 278
16 24
16 37
16 62
16 71
16 112
16 122
16 129
16 136
16 140
16 166
16 175
16 179
16 185
16 196
16 207
16 222
16 228
16 260
16 278
17 24
17 37
17 62
17 71
17 112
17 122
17 129
17 136
17 140
17 166
17 175
17 179
17 185
17 196
17 207
17 222
17 223
17 228
17 260
17 278
18 24
18 37
18 62
18 69
18 71
18 77
18 112
18 122
18 129
18 136
18 140
18 166
18 175
18 179
18 185
18 196
18 207
18 222
18 223
18 228
18 260
18 278
19 37
19 62
19 69
19 71
19 77
19 112
19 122
19 129
19 136
19 140
19 147
19 166
19 175
19 179
19 185
19 196
19 207
19 222
19 223
19 228
19 260
19 278
20 37
20 62
20 69
20 71
20 77
20 112
20 122
20 129
20 136
20 140
20 147
20 166
20 175
20 179
20 185
20 196
20 207
20 222
20 223
20 228
20 260
20 278
21 37
21 62
21 69
21 71
21 77
21 112
21 122
21 129
21 136
21 140
21 147
21 166
21 175
21 179
21 185
21 196
21 207
21 222
21 223
21 228
21 260
21 278
22 37
22 62
22 69
22 71
22 77
22 103
22 112
22 129
22 136
22 140
22 147
22 166
22 175
22 179
22 185
22 196
22 223
22 228
22 260
22 278
23 27
23 36
23 37
23 39
23 62
23 66
23 67
23 71
23 103
23 136
23 140
23 147
23 166
23 175
23 179
23 185
23 195
23 196
23 223
23 228
23 260
23 278
24 28
24 36
24 62
24 66
24 99
24 133
24 136
24 147
24 155
24 166
24 175
24 179
24 185
24 186
24 195
24 196
24 223
24 228
24 260
24 278
25 34
25 36
25 62
25 66
25 99
25 133
25 136
25 147
25 166
25 175
25 179
25 185
25 186
25 195
25 196
25 223
25 228
25 260
25 278
26 34
26 36
26 61
26 62
26 73
26 99
26 133
26 136
26 147
26 166
26 175
26 185
26 186
26 195
26 196
26 223
26 228
26 260
26 278
27 34
27 36
27 61
27 70
27 99
27 133
27 136
27 147
27 166
27 175
27 185
27 186
27 195
27 196
27 223
27 228
27 229
27 260
27 278
28 36
28 61
28 65
28 70
28 99
28 115
28 133
28 136
28 166
28 175
28 186
28 192
28 196
28 223
28 228
28 229
28 260
29 36
29 61
29 65
29 70
29 99
29 115
29 133
29 136
29 166
29 175
29 186
29 192
29 196
29 223
29 228
29 229
29 260
30 36
30 61
30 65
30 70
30 99
30 115
30 133
30 136
30 161
30 166
30 175
30 186
30 192
30 196
30 223
30 228
30 229
30 260
31 61
31 65
31 70
31 99
31 115
31 133
31 161
31 166
31 175
31 186
31 192
31 196
31 228
31 229
31 260
32 61
32 65
32 70
32 99
32 115
32 133
32 161
32 166
32 175
32 186
32 192
32 196
32 228
32 229
32 260
33 35
33 40
33 61
33 65
33 70
33 74
33 115
33 133
33 161
33 166
33 175
33 186
33 192
33 196
33 228
33 229
33 260
34 35
34 40
34 61
34 70
34 72
34 74
34 133
34 161
34 166
34 175
34 186
34 192
34 196
34 228
34 229
34 260
35 48
35 58
35 61
35 70
35 72
35 74
35 79
35 105
35 133
35 166
35 175
35 192
35 196
35 228
35 229
35 260
36 53
36 58
36 61
36 70
36 72
36 74
36 79
36 105
36 148
36 166
36 175
36 192
36 193
36 196
36 228
36 229
36 260
37 45
37 54
37 58
37 61
37 72
37 94
37 105
37 108
37 111
37 113
37 139
37 153
37 166
37 192
37 196
37 214
37 228
37 229
37 275
38 45
38 54
38 58
38 61
38 94
38 105
38 108
38 111
38 113
38 139
38 153
38 166
38 176
38 192
38 196
38 214
38 228
38 229
38 275
39 45
39 54
39 58
39 61
39 94
39 108
39 111
39 113
39 153
39 166
39 176
39 191
39 192
39 196
39 214
39 228
39 229
39 275
40 54
40 58
40 61
40 94
40 108
40 111
40 113
40 153
40 166
40 176
40 191
40 192
40 196
40 214
40 228
40 229
40 275
41 54
41 61
41 94
41 108
41 113
41 153
41 166
41 176
41 191
41 192
41 196
41 214
41 228
41 229
41 275
42 54
42 61
42 94
42 108
42 153
42 176
42 191
42 192
42 196
42 213
42 214
42 227
42 228
42 229
42 275
43 46
43 50
43 54
43 94
43 97
43 108
43 153
43 176
43 191
43 192
43 196
43 213
43 214
43 227
43 228
43 229
43 275
44 46
44 54
44 94
44 97
44 98
44 108
44 153
44 176
44 191
44 192
44 196
44 213
44 227
44 228
44 229
44 275
45 46
45 54
45 80
45 94
45 97
45 98
45 108
45 153
45 158
45 176
45 192
45 196
45 210
45 213
45 227
45 228
45 252
45 275
46 46
46 80
46 94
46 97
46 98
46 108
46 125
46 153
46 158
46 176
46 192
46 205
46 210
46 227
46 228
46 243
46 252
46 275
47 46
47 80
47 94
47 97
47 98
47 108
47 125
47 153
47 158
47 176
47 192
47 205
47 210
47 227
47 228
47 243
47 252
47 275
48 94
48 97
48 98
48 108
48 120
48 125
48 153
48 158
48 176
48 192
48 205
48 210
48 227
48 228
48 239
48 243
48 252
48 275
49 90
49 94
49 98
49 108
49 120
49 125
49 149
49 153
49 176
49 192
49 205
49 210
49 227
49 228
49 239
49 243
49 252
49 275
50 90
50 94
50 98
50 100
50 108
50 120
50 125
50 149
50 153
50 176
50 192
50 205
50 210
50 227
50 228
50 239
50 243
50 252
50 275
51 90
51 91
51 94
51 98
51 100
51 108
51 120
51 125
51 149
51 153
51 192
51 205
51 210
51 227
51 228
51 239
51 243
51 252
51 275
52 90
52 91
52 98
52 100
52 108
52 120
52 121
52 125
52 149
52 153
52 192
52 205
52 210
52 227
52 228
52 239
52 243
52 252
52 275
53 90
53 91
53 98
53 100
53 108
53 120
53 121
53 125
53 149
53 192
53 205
53 210
53 216
53 227
53 238
53 239
53 243
53 252
54 90
54 91
54 98
54 100
54 108
54 120
54 121
54 125
54 149
54 192
54 205
54 210
54 216
54 227
54 238
54 239
54 243
54 252
55 90
55 91
55 100
55 104
55 108
55 120
55 121
55 125
55 149
55 192
55 205
55 216
55 238
55 239
55 243
55 252
56 90
56 91
56 100
56 104
56 108
56 120
56 121
56 125
56 141
56 146
56 149
56 192
56 205
56 216
56 238
56 239
56 243
56 252
57 90
57 91
57 95
57 104
57 120
57 121
57 125
57 141
57 146
57 149
57 192
57 205
57 216
57 238
57 239
57 243
57 252
58 68
58 91
58 95
58 104
58 121
58 125
58 141
58 146
58 149
58 165
58 180
58 182
58 192
58 205
58 216
58 238
58 239
58 243
58 252
59 68
59 91
59 104
59 121
59 125
59 126
59 141
59 146
59 149
59 165
59 180
59 182
59 192
59 194
59 205
59 216
59 238
59 239
59 243
59 252
60 68
60 91
60 104
60 121
60 125
60 126
60 141
60 146
60 149
60 165
60 182
60 192
60 194
60 205
60 216
60 238
60 239
60 243
60 252
61 91
61 104
61 121
61 125
61 126
61 141
61 146
61 149
61 165
61 182
61 194
61 205
61 216
61 238
61 239
61 243
61 245
61 252
62 91
62 92
62 104
62 121
62 125
62 126
62 141
62 146
62 149
62 165
62 182
62 194
62 205
62 216
62 238
62 239
62 243
62 245
62 252
63 92
63 104
63 121
63 125
63 126
63 141
63 146
63 149
63 165
63 182
63 194
63 205
63 216
63 238
63 239
63 243
63 245
63 252
64 92
64 104
64 121
64 125
64 126
64 141
64 146
64 149
64 165
64 182
64 194
64 205
64 216
64 238
64 239
64 243
64 245
64 252
65 92
65 104
65 121
65 125
65 126
65 141
65 146
65 149
65 182
65 194
65 205
65 216
65 234
65 238
65 239
65 243
65 245
65 252
66 84
66 92
66 104
66 121
66 125
66 126
66 141
66 146
66 149
66 182
66 194
66 205
66 216
66 224
66 234
66 238
66 239
66 245
66 252
66 253
67 84
67 92
67 104
67 121
67 125
67 126
67 141
67 146
67 149
67 182
67 194
67 205
67 216
67 224
67 234
67 238
67 239
67 245
67 252
67 253
68 84
68 92
68 104
68 121
68 125
68 126
68 141
68 146
68 149
68 182
68 194
68 205
68 216
68 224
68 234
68 238
68 239
68 245
68 252
68 253
69 84
69 92
69 104
69 125
69 126
69 141
69 149
69 159
69 182
69 205
69 212
69 216
69 224
69 234
69 238
69 239
69 245
69 252
69 253
69 255
70 84
70 92
70 104
70 125
70 126
70 141
70 149
70 159
70 182
70 205
70 212
70 216
70 224
70 234
70 238
70 239
70 245
70 252
70 253
70 255
71 84
71 125
71 141
71 149
71 159
71 168
71 182
71 205
71 212
71 216
71 224
71 234
71 238
71 245
71 252
71 253
71 255
72 84
72 125
72 141
72 149
72 159
72 168
72 182
72 205
72 212
72 216
72 224
72 234
72 238
72 245
72 252
72 253
72 255
73 84
73 125
73 141
73 149
73 159
73 168
73 182
73 205
73 212
73 216
73 224
73 234
73 238
73 245
73 252
73 253
73 255
74 84
74 125
74 132
74 141
74 149
74 168
74 182
74 205
74 212
74 216
74 224
74 234
74 245
74 252
74 253
74 255
75 84
75 125
75 132
75 141
75 149
75 168
75 182
75 205
75 212
75 216
75 224
75 234
75 245
75 252
75 255
76 84
76 125
76 132
76 141
76 149
76 168
76 182
76 205
76 212
76 216
76 224
76 234
76 245
76 252
76 255
77 84
77 125
77 132
77 141
77 168
77 197
77 205
77 212
77 216
77 224
77 234
77 245
77 252
77 255
78 84
78 125
78 132
78 141
78 168
78 197
78 205
78 212
78 216
78 224
78 234
78 245
78 252
78 255
79 84
79 125
79 132
79 141
79 168
79 197
79 205
79 212
79 216
79 224
79 234
79 245
79 252
79 255
80 84
80 125
80 132
80 141
80 168
80 197
80 205
80 212
80 216
80 224
80 234
80 245
80 252
80 255
81 84
81 125
81 132
81 141
81 168
81 205
81 212
81 216
81 224
81 234
81 245
81 252
81 255
82 84
82 125
82 131
82 132
82 141
82 168
82 205
82 211
82 212
82 216
82 224
82 234
82 245
82 247
82 252
82 255
83 84
83 125
83 131
83 132
83 141
83 168
83 205
83 211
83 212
83 216
83 224
83 234
83 245
83 247
83 252
83 255
84 84
84 125
84 131
84 132
84 141
84 168
84 205
84 211
84 212
84 216
84 224
84 234
84 245
84 247
84 252
84 255
85 84
85 125
85 131
85 132
85 141
85 168
85 205
85 211
85 212
85 216
85 224
85 234
85 245
85 247
85 252
85 255
86 84
86 125
86 131
86 132
86 141
86 168
86 205
86 211
86 212
86 216
86 224
86 234
86 245
86 247
86 252
86 255
87 109
87 125
87 131
87 132
87 141
87 168
87 205
87 211
87 212
87 216
87 224
87 234
87 245
87 247
87 252
87 255
88 109
88 116
88 132
88 141
88 151
88 163
88 203
88 206
88 216
88 224
88 248
88 252
88 255
88 271
88 276
89 109
89 116
89 132
89 141
89 151
89 163
89 203
89 206
89 216
89 224
89 248
89 252
89 255
89 271
89 276
90 116
90 132
90 141
90 151
90 203
90 206
90 216
90 224
90 248
90 252
90 255
90 271
90 276
91 116
91 132
91 141
91 151
91 173
91 203
91 206
91 216
91 218
91 224
91 248
91 252
91 255
91 271
91 276
92 96
92 116
92 124
92 132
92 141
92 173
92 203
92 206
92 216
92 218
92 224
92 248
92 252
92 255
92 276
93 96
93 116
93 124
93 132
93 141
93 173
93 203
93 206
93 216
93 218
93 224
93 248
93 252
93 255
93 276
94 96
94 116
94 124
94 132
94 141
94 173
94 203
94 206
94 216
94 218
94 224
94 248
94 252
94 255
94 276
95 96
95 116
95 124
95 132
95 141
95 173
95 203
95 206
95 216
95 218
95 224
95 248
95 252
95 255
95 276
96 96
96 116
96 124
96 141
96 173
96 203
96 206
96 216
96 218
96 224
96 248
96 252
96 276
97 96
97 116
97 124
97 173
97 178
97 203
97 206
97 216
97 218
97 224
97 248
97 252
97 276
98 116
98 123
98 124
98 173
98 178
98 203
98 206
98 216
98 218
98 224
98 248
98 252
98 276
99 116
99 123
99 124
99 173
99 178
99 203
99 206
99 216
99 218
99 224
99 248
99 252
99 276
100 116
100 123
100 124
100 173
100 178
100 203
100 206
100 216
100 218
100 224
100 248
100 252
100 265
100 276
100 280
101 116
101 123
101 124
101 144
101 173
101 178
101 203
101 206
101 216
101 218
101 224
101 248
101 252
101 265
101 276
101 280
101 281
102 116
102 123
102 124
102 144
102 173
102 178
102 203
102 206
102 216
102 218
102 224
102 248
102 252
102 265
102 276
102 280
102 281
103 116
103 123
103 124
103 135
103 144
103 173
103 178
103 203
103 206
103 216
103 218
103 224
103 248
103 252
103 265
103 276
103 280
103 281
104 116
104 123
104 124
104 135
104 144
104 173
104 178
104 203
104 206
104 216
104 218
104 224
104 248
104 252
104 265
104 276
104 280
104 281
105 116
105 135
105 144
105 173
105 178
105 184
105 206
105 216
105 218
105 224
105 248
105 265
105 276
105 279
105 280
105 281
106 116
106 144
106 173
106 178
106 184
106 206
106 216
106 218
106 224
106 248
106 265
106 276
106 279
106 280
106 281
107 116
107 144
107 173
107 178
107 184
107 206
107 216
107 218
107 220
107 224
107 248
107 265
107 276
107 279
107 280
107 281
108 116
108 144
108 173
108 178
108 184
108 206
108 216
108 218
108 220
108 224
108 248
108 265
108 276
108 279
108 280
108 281
109 144
109 173
109 178
109 184
109 206
109 216
109 218
109 220
109 224
109 248
109 265
109 279
109 280
109 281
110 127
110 144
110 173
110 177
110 178
110 184
110 206
110 216
110 218
110 220
110 224
110 248
110 265
110 279
110 280
111 127
111 173
111 177
111 178
111 184
111 206
111 216
111 218
111 220
111 224
111 248
111 265
111 279
111 280
112 127
112 173
112 177
112 178
112 184
112 206
112 216
112 218
112 220
112 224
112 248
112 265
112 279
112 280
113 127
113 173
113 177
113 178
113 184
113 206
113 216
113 218
113 220
113 248
113 265
113 279
113 280
114 173
114 177
114 178
114 184
114 206
114 216
114 218
114 220
114 248
114 265
114 279
114 280
115 173
115 177
115 178
115 206
115 216
115 218
115 220
115 248
115 251
115 265
115 279
115 280
116 173
116 177
116 178
116 206
116 216
116 218
116 220
116 248
116 251
116 265
116 279
116 280
117 173
117 177
117 178
117 206
117 216
117 218
117 220
117 248
117 251
117 265
117 279
117 280
118 173
118 177
118 178
118 206
118 216
118 218
118 220
118 248
118 251
118 265
118 268
118 279
118 280
119 173
119 177
119 178
119 206
119 216
119 218
119 220
119 248
119 251
119 265
119 268
119 279
119 280
120 173
120 177
120 178
120 206
120 216
120 218
120 248
120 251
120 265
120 268
120 279
120 280
121 150
121 167
121 173
121 177
121 178
121 206
121 216
121 251
121 265
121 268
121 279
121 280
122 150
122 167
122 173
122 177
122 178
122 206
122 216
122 251
122 265
122 268
122 279
122 280
123 150
123 167
123 173
123 177
123 178
123 206
123 216
123 251
123 265
123 268
123 279
123 280
124 150
124 167
124 173
124 177
124 178
124 206
124 216
124 251
124 265
124 268
124 279
124 280
125 150
125 173
125 177
125 178
125 204
125 206
125 216
125 226
125 251
125 265
125 279
125 280
126 150
126 173
126 177
126 178
126 204
126 206
126 216
126 226
126 251
126 265
126 279
126 280
127 150
127 173
127 177
127 178
127 204
127 206
127 216
127 226
127 251
127 265
127 279
127 280
128 150
128 173
128 177
128 178
128 204
128 226
128 251
128 265
128 279
128 280
129 150
129 173
129 177
129 178
129 187
129 221
129 226
129 251
129 265
129 279
129 280
130 150
130 173
130 177
130 178
130 187
130 221
130 226
130 251
130 265
130 279
130 280
131 150
131 173
131 177
131 178
131 187
131 221
131 226
131 251
131 265
131 279
131 280
132 138
132 162
132 177
132 188
132 221
132 226
132 265
132 279
132 280
133 138
133 162
133 177
133 188
133 221
133 226
133 265
133 279
133 280
134 138
134 162
134 177
134 188
134 221
134 226
134 265
134 279
134 280
135 138
135 162
135 177
135 188
135 221
135 226
135 265
135 279
135 280
136 138
136 162
136 177
136 188
136 221
136 226
136 265
136 279
136 280
137 138
137 162
137 177
137 188
137 221
137 226
137 265
137 279
137 280
138 143
138 162
138 177
138 188
138 221
138 226
138 265
138 279
138 280
139 143
139 162
139 177
139 188
139 221
139 226
139 265
139 279
139 280
140 143
140 162
140 177
140 188
140 221
140 226
140 265
140 279
140 280
141 143
141 162
141 177
141 188
141 221
141 226
141 265
141 279
141 280
142 143
142 162
142 177
142 188
142 221
142 226
142 265
142 279
142 280
143 162
143 171
143 181
143 188
143 221
143 225
143 226
143 233
143 259
143 265
143 272
143 279
143 280
144 162
144 171
144 181
144 188
144 189
144 221
144 225
144 226
144 233
144 259
144 265
144 272
144 279
144 280
145 162
145 171
145 172
145 181
145 188
145 189
145 199
145 221
145 225
145 233
145 259
145 265
145 279
145 280
146 171
146 172
146 181
146 188
146 189
146 199
146 221
146 225
146 233
146 241
146 259
146 277
146 279
146 280
147 171
147 172
147 181
147 188
147 189
147 199
147 221
147 225
147 233
147 241
147 259
147 279
147 280
148 172
148 181
148 183
148 189
148 199
148 225
148 233
148 241
148 259
148 279
148 280
149 172
149 181
149 183
149 225
149 233
149 241
149 259
149 279
149 280
150 172
150 181
150 183
150 225
150 233
150 241
150 259
150 279
150 280
151 172
151 181
151 183
151 225
151 233
151 241
151 259
151 279
151 280
152 172
152 181
152 183
152 225
152 233
152 241
152 259
152 279
152 280
153 172
153 183
153 225
153 233
153 241
153 259
153 279
153 280
154 172
154 183
154 225
154 233
154 241
154 259
154 279
154 280
155 172
155 183
155 225
155 233
155 241
155 259
155 279
155 280
156 172
156 183
156 225
156 233
156 241
156 259
156 279
156 280
157 170
157 172
157 225
157 233
157 241
157 280
158 170
158 225
158 233
158 241
158 280
159 170
159 202
159 225
159 241
159 280
160 170
160 202
160 225
160 241
160 280
161 170
161 202
161 225
161 241
161 258
161 280
162 170
162 202
162 225
162 241
162 258
162 280
163 170
163 202
163 225
163 241
163 258
163 280
164 170
164 202
164 225
164 241
164 280
165 170
165 202
165 219
165 225
165 241
165 280
165 283
166 170
166 202
166 219
166 225
166 280
166 283
167 170
167 202
167 219
167 280
167 283
168 202
168 280
168 283
169 202
169 280
169 283
170 202
170 280
170 283
171 250
171 280
171 283
172 250
172 280
172 283
173 250
173 280
173 283
174 250
174 280
174 283
175 250
175 280
175 283
176 232
176 250
176 283
177 232
177 250
177 283
178 232
178 250
178 283
179 232
179 250
179 283
180 201
180 232
180 250
180 283
181 201
181 232
181 237
181 250
181 283
182 201
182 232
182 250
182 283
183 201
183 232
183 250
183 283
184 201
184 232
184 250
184 283
185 201
185 232
185 250
185 283
186 201
186 232
186 250
186 283
187 198
187 201
187 232
187 250
187 267
187 283
188 198
188 201
188 232
188 267
188 283
189 198
189 201
189 232
189 267
189 283
190 201
190 232
190 267
190 283
191 201
191 230
191 232
191 267
191 283
192 201
192 230
192 232
192 267
192 283
193 230
193 232
193 267
193 283
194 230
194 232
194 267
194 283
195 230
195 232
195 267
195 283
196 230
196 267
196 283
197 230
197 267
197 283
198 230
198 249
198 267
198 283
199 230
199 249
199 267
199 283
200 230
200 249
200 267
200 283
201 230
201 249
201 267
201 283
202 230
202 249
202 267
202 283
203 230
203 249
203 267
203 283
204 230
204 249
204 267
204 283
205 230
205 249
205 267
205 283
206 230
206 249
206 267
206 283
206 284
207 249
207 267
207 283
207 284
208 231
208 249
208 283
208 284
209 217
209 231
209 249
209 264
209 282
209 283
209 284
210 217
210 231
210 249
210 262
210 264
210 282
210 283
210 284
211 217
211 249
211 262
211 264
211 282
211 283
211 284
212 217
212 246
212 249
212 262
212 264
212 270
212 282
212 283
212 284
213 217
213 246
213 249
213 262
213 264
213 270
213 273
213 282
213 283
213 284
214 217
214 246
214 249
214 262
214 264
214 273
214 283
214 284
215 217
215 246
215 249
215 262
215 264
215 273
215 283
215 284
216 217
216 246
216 249
216 262
216 264
216 273
216 283
216 284
217 217
217 246
217 249
217 262
217 264
217 273
217 283
217 284
218 217
218 246
218 249
218 262
218 264
218 273
218 283
218 284
219 217
219 246
219 249
219 262
219 264
219 273
219 283
219 284
220 217
220 246
220 249
220 262
220 264
220 273
220 283
220 284
221 217
221 246
221 249
221 262
221 264
221 283
221 284
222 217
222 246
222 249
222 262
222 264
222 283
222 284
223 246
223 249
223 262
223 264
223 283
223 284
224 246
224 249
224 262
224 264
224 283
224 284
225 246
225 249
225 262
225 264
225 283
225 284
226 246
226 249
226 262
226 264
226 283
226 284
227 246
227 249
227 262
227 264
227 283
227 284
228 246
228 249
228 262
228 264
228 283
228 284
229 246
229 249
229 262
229 264
229 283
229 284
230 240
230 244
230 246
230 249
230 262
230 264
230 283
230 284
231 240
231 244
231 246
231 249
231 262
231 264
231 283
231 284
232 240
232 244
232 246
232 249
232 262
232 264
232 283
232 284
233 240
233 244
233 246
233 249
233 262
233 264
233 283
233 284
234 240
234 244
234 246
234 249
234 262
234 264
234 283
234 284
235 240
235 244
235 246
235 249
235 262
235 264
235 283
235 284
236 240
236 244
236 246
236 249
236 262
236 264
236 283
236 284
237 240
237 244
237 246
237 249
237 262
237 263
237 264
237 284
238 240
238 244
238 249
238 262
238 263
238 264
238 284
239 240
239 244
239 249
239 262
239 263
239 264
239 284
240 240
240 244
240 249
240 262
240 263
240 264
240 284
241 240
241 244
241 249
241 257
241 262
241 284
242 240
242 244
242 249
242 262
242 284
243 240
243 244
243 249
243 262
243 284
244 240
244 244
244 249
244 262
244 284
245 240
245 244
245 249
245 262
245 284
246 240
246 244
246 262
246 274
246 284
247 240
247 244
247 262
247 274
247 284
248 244
248 262
248 269
248 274
249 244
249 262
249 269
249 274
250 244
250 262
250 269
250 274
251 269
251 274
252 269
252 274
253 269
253 274
254 269
254 274
255 269
255 274
256 269
256 274
257 269
257 274
258 269
258 274
259 269
259 274
260 269
260 274
261 269
261 274
262 269
262 274
263 269
263 274
264 269
264 274
265 269
265 274
266 269
266 274
267 269
267 274
268 269
268 274
269 269
269 274
270 269
270 274
271 269
271 274
272 269
272 274
273 269
273 274
274 269
274 274
275 269
275 274
276 269
276 274
277 269
277 274
278 269
278 274
279 274
280 274
281 274
282 274
283 274
284 274
