0 23
0 49
1 3
1 6
1 23
1 40
1 49
1 68
2 20
2 32
2 40
2 60
2 68
2 70
2 89
2 94
2 105
2 126
3 7
3 17
3 27
3 32
3 40
3 45
3 60
3 68
3 70
3 75
3 89
3 94
3 105
3 115
3 276
4 7
4 17
4 27
4 32
4 40
4 45
4 60
4 68
4 70
4 75
4 89
4 94
4 105
4 115
4 276
5 10
5 15
5 17
5 26
5 27
5 45
5 48
5 60
5 68
5 70
5 75
5 85
5 89
5 94
5 100
5 105
5 115
5 232
5 276
6 14
6 15
6 26
6 36
6 45
6 51
6 60
6 68
6 70
6 75
6 85
6 89
6 90
6 94
6 100
6 105
6 115
6 135
6 232
7 14
7 15
7 26
7 45
7 51
7 60
7 68
7 70
7 75
7 85
7 89
7 90
7 94
7 100
7 105
7 115
7 135
7 232
8 15
8 26
8 35
8 45
8 51
8 60
8 68
8 70
8 75
8 85
8 89
8 90
8 94
8 100
8 105
8 115
8 135
8 232
9 15
9 26
9 35
9 45
9 51
9 60
9 68
9 70
9 75
9 85
9 89
9 90
9 94
9 100
9 105
9 115
9 135
9 232
10 15
10 26
10 35
10 45
10 51
10 55
10 60
10 68
10 70
10 75
10 85
10 89
10 90
10 94
10 100
10 105
10 115
10 135
10 232
11 15
11 26
11 33
11 35
11 45
11 51
11 55
11 60
11 68
11 70
11 75
11 85
11 89
11 90
11 94
11 100
11 105
11 115
11 135
11 232
12 26
12 35
12 51
12 55
12 60
12 68
12 70
12 75
12 85
12 89
12 90
12 94
12 105
12 115
12 135
12 220
12 232
12 236
12 240
13 26
13 35
13 51
13 55
13 60
13 68
13 70
13 75
13 85
13 89
13 90
13 94
13 105
13 115
13 135
13 220
13 232
13 236
13 240
14 35
14 42
14 44
14 51
14 55
14 68
14 75
14 89
14 90
14 94
14 95
14 115
14 135
14 211
14 220
14 232
14 236
14 240
15 35
15 42
15 44
15 51
15 55
15 68
15 75
15 89
15 90
15 94
15 95
15 115
15 135
15 211
15 220
15 232
15 236
15 240
16 25
16 38
16 51
16 55
16 66
16 75
16 78
16 89
16 115
16 135
16 211
16 220
16 236
16 240
16 274
17 25
17 38
17 51
17 55
17 66
17 75
17 78
17 89
17 115
17 135
17 159
17 211
17 220
17 236
17 240
17 274
18 22
18 25
18 39
18 51
18 75
18 78
18 88
18 91
18 116
18 135
18 159
18 174
18 211
18 236
18 240
18 274
19 22
19 25
19 37
19 39
19 51
19 64
19 75
19 78
19 91
19 116
19 135
19 148
19 159
19 174
19 211
19 236
19 240
19 274
20 22
20 25
20 37
20 39
20 51
20 75
20 78
20 91
20 116
20 135
20 148
20 159
20 174
20 211
20 235
20 236
20 240
20 274
21 22
21 37
21 51
21 78
21 91
21 116
21 135
21 148
21 159
21 174
21 211
21 235
21 236
21 240
21 273
21 274
22 22
22 24
22 37
22 51
22 78
22 91
22 116
22 135
22 148
22 159
22 174
22 211
22 235
22 236
22 240
22 273
22 274
23 37
23 51
23 91
23 116
23 135
23 148
23 159
23 174
23 235
23 236
23 240
23 246
23 249
23 273
23 274
24 51
24 91
24 116
24 135
24 148
24 159
24 174
24 203
24 235
24 236
24 240
24 246
24 249
24 273
24 274
25 51
25 91
25 116
25 135
25 148
25 159
25 174
25 203
25 235
25 236
25 240
25 246
25 249
25 273
25 274
26 34
26 58
26 63
26 91
26 97
26 116
26 129
26 135
26 148
26 159
26 174
26 203
26 235
26 236
26 240
26 246
26 249
26 261
26 273
26 274
26 275
27 30
27 34
27 47
27 58
27 63
27 91
27 97
27 116
27 118
27 129
27 148
27 159
27 174
27 203
27 235
27 236
27 240
27 246
27 249
27 261
27 273
27 274
27 275
28 30
28 47
28 58
28 63
28 91
28 97
28 99
28 116
28 118
28 129
28 148
28 159
28 174
28 203
28 235
28 236
28 240
28 246
28 249
28 261
28 273
28 274
28 275
29 30
29 47
29 58
29 63
29 91
29 97
29 99
29 116
29 118
29 129
29 148
29 159
29 174
29 203
29 230
29 235
29 236
29 240
29 246
29 249
29 261
29 273
29 274
29 275
30 47
30 58
30 59
30 63
30 91
30 97
30 99
30 116
30 118
30 119
30 129
30 148
30 159
30 174
30 203
30 230
30 235
30 236
30 240
30 246
30 249
30 261
30 273
30 275
31 41
31 58
31 59
31 63
31 91
31 96
31 97
31 99
31 116
31 118
31 127
31 129
31 148
31 159
31 174
31 203
31 230
31 235
31 236
31 240
31 246
31 249
31 261
31 273
31 275
32 41
32 58
32 59
32 63
32 91
32 96
32 97
32 99
32 116
32 127
32 129
32 148
32 159
32 174
32 203
32 230
32 235
32 236
32 240
32 246
32 249
32 261
32 273
32 275
33 41
33 58
33 59
33 63
33 91
33 96
33 97
33 99
33 116
33 127
33 129
33 148
33 159
33 174
33 203
33 230
33 235
33 236
33 240
33 246
33 249
33 261
33 273
33 275
34 41
34 58
34 59
34 63
34 96
34 97
34 99
34 116
34 127
34 129
34 148
34 159
34 174
34 203
34 230
34 235
34 236
34 240
34 246
34 249
34 261
34 273
34 275
35 41
35 58
35 59
35 63
35 96
35 97
35 99
35 116
35 127
35 129
35 148
35 159
35 174
35 203
35 230
35 235
35 236
35 240
35 246
35 249
35 261
35 273
35 275
36 41
36 43
36 54
36 58
36 59
36 63
36 96
36 97
36 99
36 116
36 127
36 129
36 131
36 159
36 174
36 203
36 235
36 236
36 240
36 246
36 249
36 261
36 273
36 275
37 41
37 54
37 58
37 59
37 63
37 96
37 97
37 99
37 116
37 127
37 129
37 131
37 159
37 174
37 203
37 235
37 236
37 240
37 246
37 249
37 261
37 273
37 275
38 41
38 54
38 58
38 59
38 96
38 97
38 99
38 116
38 127
38 129
38 131
38 159
38 174
38 203
38 235
38 236
38 240
38 246
38 249
38 261
38 273
38 275
39 46
39 54
39 58
39 59
39 86
39 96
39 97
39 99
39 109
39 116
39 127
39 129
39 131
39 159
39 174
39 203
39 235
39 236
39 240
39 246
39 249
39 253
39 273
39 275
40 46
40 54
40 58
40 59
40 69
40 86
40 96
40 97
40 99
40 109
40 116
40 127
40 129
40 131
40 159
40 174
40 203
40 235
40 236
40 240
40 246
40 249
40 253
40 273
40 275
41 46
41 53
41 54
41 58
41 59
41 86
41 96
41 97
41 99
41 109
41 116
41 127
41 129
41 131
41 159
41 174
41 203
41 235
41 236
41 240
41 246
41 249
41 253
41 273
41 275
42 46
42 54
42 59
42 86
42 96
42 97
42 99
42 109
42 116
42 127
42 129
42 131
42 159
42 174
42 176
42 203
42 235
42 236
42 240
42 249
42 253
42 273
42 275
43 56
43 79
43 96
43 97
43 99
43 106
43 114
43 116
43 117
43 131
43 140
43 144
43 159
43 174
43 176
43 203
43 235
43 236
43 253
43 270
43 273
43 275
44 50
44 56
44 61
44 67
44 79
44 83
44 96
44 97
44 106
44 114
44 116
44 117
44 131
44 140
44 144
44 159
44 174
44 176
44 199
44 203
44 229
44 235
44 236
44 253
44 270
44 273
44 275
45 50
45 56
45 61
45 67
45 79
45 83
45 96
45 106
45 108
45 114
45 116
45 117
45 131
45 140
45 144
45 159
45 174
45 176
45 199
45 203
45 229
45 235
45 236
45 253
45 270
45 273
45 275
46 50
46 61
46 67
46 79
46 92
46 96
46 106
46 108
46 114
46 116
46 117
46 140
46 144
46 159
46 174
46 176
46 199
46 203
46 235
46 236
46 253
46 273
46 275
47 50
47 61
47 67
47 79
47 92
47 96
47 106
47 108
47 114
47 116
47 117
47 140
47 144
47 159
47 174
47 176
47 199
47 203
47 235
47 236
47 253
47 273
47 275
48 50
48 61
48 79
48 92
48 96
48 106
48 108
48 114
48 116
48 117
48 140
48 144
48 159
48 174
48 176
48 199
48 203
48 235
48 236
48 253
48 273
48 275
49 50
49 52
49 57
49 61
49 79
49 92
49 106
49 108
49 114
49 116
49 117
49 140
49 159
49 178
49 199
49 203
49 235
49 236
49 253
49 275
50 50
50 57
50 61
50 92
50 98
50 106
50 108
50 114
50 116
50 117
50 139
50 140
50 143
50 159
50 178
50 199
50 203
50 235
50 236
50 253
50 275
51 50
51 57
51 61
51 74
51 92
51 98
51 106
51 108
51 114
51 116
51 117
51 132
51 139
51 140
51 143
51 159
51 172
51 178
51 199
51 203
51 235
51 236
51 253
51 275
52 57
52 61
52 74
52 92
52 98
52 106
52 108
52 114
52 116
52 117
52 132
52 139
52 140
52 143
52 159
52 172
52 178
52 199
52 203
52 235
52 236
52 253
52 275
53 57
53 61
53 73
53 74
53 76
53 92
53 98
53 106
53 108
53 114
53 117
53 132
53 139
53 140
53 143
53 159
53 160
53 172
53 178
53 199
53 203
53 235
53 236
53 252
53 275
54 57
54 73
54 74
54 76
54 92
54 106
54 108
54 114
54 117
54 132
54 139
54 140
54 143
54 159
54 160
54 172
54 178
54 199
54 203
54 235
54 236
54 252
54 275
55 62
55 65
55 74
55 76
55 92
55 114
55 117
55 130
55 132
55 139
55 140
55 159
55 160
55 172
55 178
55 186
55 199
55 235
55 236
55 252
55 275
56 62
56 74
56 76
56 92
56 114
56 117
56 130
56 132
56 139
56 140
56 159
56 160
56 172
56 178
56 186
56 199
56 235
56 236
56 252
56 275
57 62
57 74
57 76
57 92
57 117
57 130
57 132
57 136
57 139
57 140
57 159
57 160
57 166
57 172
57 178
57 186
57 199
57 235
57 236
57 252
57 275
58 62
58 74
58 76
58 92
58 117
58 130
58 132
58 139
58 140
58 141
58 155
58 159
58 160
58 166
58 172
58 178
58 186
58 199
58 235
58 236
58 252
58 275
59 62
59 76
59 92
59 130
59 132
59 140
59 141
59 155
59 159
59 160
59 166
59 172
59 178
59 186
59 199
59 207
59 235
59 236
59 252
59 275
60 62
60 72
60 76
60 80
60 92
60 130
60 132
60 141
60 146
60 159
60 160
60 166
60 172
60 178
60 186
60 199
60 207
60 208
60 235
60 236
60 252
60 275
61 62
61 72
61 76
61 92
61 130
61 132
61 141
61 146
61 159
61 160
61 166
61 172
61 178
61 186
61 199
61 207
61 208
61 223
61 228
61 235
61 236
61 252
61 275
62 62
62 72
62 76
62 92
62 130
62 132
62 141
62 146
62 159
62 160
62 166
62 172
62 178
62 186
62 199
62 207
62 208
62 223
62 228
62 235
62 236
62 252
62 275
63 62
63 72
63 76
63 92
63 104
63 132
63 141
63 160
63 161
63 166
63 172
63 178
63 186
63 199
63 207
63 208
63 228
63 235
63 236
63 252
63 275
64 62
64 72
64 76
64 92
64 104
64 132
64 141
64 160
64 161
64 166
64 172
64 178
64 186
64 199
64 207
64 208
64 228
64 235
64 236
64 252
64 275
65 62
65 76
65 81
65 82
65 92
65 93
65 104
65 132
65 141
65 157
65 160
65 161
65 166
65 172
65 178
65 186
65 199
65 207
65 208
65 228
65 235
65 236
65 252
65 275
66 62
66 76
66 81
66 82
66 92
66 93
66 104
66 132
66 141
66 157
66 160
66 161
66 166
66 172
66 178
66 186
66 199
66 207
66 208
66 228
66 235
66 236
66 252
66 275
67 62
67 76
67 81
67 82
67 92
67 93
67 104
67 132
67 141
67 157
67 160
67 161
67 166
67 172
67 178
67 186
67 199
67 207
67 208
67 228
67 235
67 236
67 252
67 275
68 62
68 81
68 82
68 92
68 93
68 104
68 123
68 132
68 141
68 157
68 160
68 161
68 166
68 178
68 199
68 208
68 228
68 235
68 236
68 252
68 275
69 81
69 82
69 92
69 93
69 103
69 104
69 112
69 123
69 128
69 132
69 141
69 157
69 160
69 166
69 178
69 185
69 208
69 228
69 235
69 252
69 275
70 82
70 92
70 103
70 104
70 112
70 123
70 128
70 141
70 157
70 160
70 166
70 178
70 180
70 185
70 208
70 228
70 252
70 275
71 82
71 92
71 103
71 104
71 112
71 123
71 128
71 141
71 157
71 160
71 166
71 178
71 180
71 185
71 200
71 208
71 228
71 252
71 275
72 92
72 103
72 104
72 112
72 120
72 123
72 128
72 141
72 157
72 160
72 166
72 178
72 180
72 185
72 200
72 208
72 228
72 252
72 275
73 84
73 92
73 104
73 107
73 111
73 112
73 120
73 123
73 128
73 141
73 157
73 160
73 178
73 185
73 200
73 208
73 228
73 252
73 275
74 84
74 92
74 104
74 107
74 111
74 112
74 120
74 123
74 128
74 141
74 157
74 160
74 178
74 185
74 200
74 208
74 228
74 252
74 275
75 84
75 92
75 104
75 107
75 112
75 120
75 123
75 128
75 141
75 157
75 160
75 178
75 185
75 200
75 208
75 228
75 252
75 275
75 284
76 84
76 92
76 104
76 107
76 112
76 120
76 128
76 141
76 157
76 160
76 178
76 185
76 208
76 228
76 252
76 275
76 284
77 84
77 92
77 104
77 107
77 112
77 120
77 128
77 141
77 157
77 160
77 168
77 178
77 182
77 185
77 208
77 228
77 252
77 255
77 275
77 284
78 84
78 92
78 104
78 107
78 112
78 120
78 128
78 141
78 157
78 160
78 168
78 178
78 182
78 185
78 208
78 228
78 252
78 255
78 275
78 284
79 84
79 104
79 107
79 112
79 120
79 128
79 141
79 160
79 168
79 171
79 178
79 185
79 228
79 234
79 252
79 255
79 275
79 284
80 84
80 104
80 107
80 112
80 120
80 128
80 141
80 160
80 168
80 171
80 178
80 185
80 228
80 234
80 252
80 255
80 275
80 284
81 84
81 104
81 107
81 112
81 122
81 125
81 128
81 164
81 168
81 178
81 214
81 228
81 234
81 239
81 252
81 255
82 84
82 104
82 107
82 112
82 122
82 125
82 128
82 164
82 168
82 178
82 214
82 228
82 234
82 239
82 252
82 255
83 84
83 104
83 107
83 112
83 122
83 128
83 137
83 164
83 168
83 178
83 198
83 214
83 228
83 234
83 239
83 252
83 255
84 84
84 87
84 104
84 107
84 112
84 121
84 122
84 128
84 137
84 164
84 168
84 173
84 178
84 181
84 198
84 214
84 228
84 234
84 239
84 252
85 84
85 87
85 104
85 107
85 112
85 121
85 122
85 128
85 137
85 164
85 168
85 173
85 178
85 181
85 198
85 214
85 228
85 234
85 239
85 252
86 87
86 104
86 112
86 121
86 122
86 128
86 137
86 164
86 168
86 173
86 178
86 181
86 198
86 214
86 234
86 239
86 252
87 87
87 104
87 112
87 121
87 122
87 128
87 137
87 164
87 168
87 173
87 178
87 181
87 198
87 214
87 234
87 239
87 252
88 87
88 104
88 112
88 121
88 122
88 128
88 137
88 164
88 168
88 173
88 178
88 181
88 198
88 214
88 234
88 239
88 252
89 87
89 101
89 104
89 112
89 121
89 122
89 128
89 137
89 164
89 168
89 173
89 178
89 181
89 198
89 214
89 234
89 239
89 252
90 87
90 101
90 104
90 112
90 121
90 122
90 128
90 137
90 164
90 168
90 173
90 178
90 181
90 198
90 214
90 234
90 239
90 252
91 101
91 104
91 112
91 121
91 122
91 128
91 137
91 164
91 168
91 173
91 178
91 181
91 198
91 214
91 234
91 239
91 251
91 252
92 101
92 104
92 112
92 121
92 122
92 128
92 137
92 164
92 173
92 178
92 181
92 198
92 214
92 239
92 251
92 252
93 101
93 104
93 112
93 121
93 122
93 128
93 137
93 164
93 173
93 178
93 181
93 198
93 214
93 239
93 251
93 252
94 101
94 102
94 104
94 112
94 121
94 122
94 128
94 137
94 164
94 173
94 178
94 181
94 198
94 214
94 239
94 251
94 252
95 101
95 102
95 104
95 112
95 121
95 122
95 128
95 137
95 164
95 173
95 178
95 181
95 198
95 214
95 239
95 251
95 252
96 101
96 102
96 104
96 121
96 128
96 137
96 164
96 173
96 178
96 181
96 198
96 214
96 239
96 252
97 101
97 102
97 121
97 128
97 137
97 164
97 173
97 178
97 181
97 198
97 201
97 214
97 239
97 252
97 268
98 101
98 102
98 121
98 128
98 137
98 164
98 173
98 178
98 181
98 198
98 201
98 214
98 239
98 252
98 268
99 121
99 128
99 137
99 164
99 173
99 178
99 181
99 198
99 201
99 214
99 239
99 252
99 268
100 128
100 137
100 164
100 173
100 178
100 181
100 198
100 214
100 239
100 241
100 252
100 268
101 128
101 137
101 173
101 178
101 181
101 198
101 214
101 239
101 241
101 252
101 268
101 281
102 137
102 173
102 178
102 181
102 198
102 214
102 239
102 241
102 252
102 268
102 272
102 281
103 137
103 173
103 178
103 181
103 198
103 214
103 239
103 241
103 252
103 268
103 272
103 281
104 137
104 173
104 181
104 198
104 214
104 239
104 241
104 252
104 268
104 272
104 281
105 137
105 173
105 181
105 188
105 213
105 214
105 239
105 241
105 252
105 268
105 272
105 281
106 110
106 137
106 142
106 150
106 156
106 173
106 188
106 213
106 214
106 237
106 239
106 241
106 252
106 268
106 272
107 110
107 137
107 142
107 150
107 156
107 173
107 188
107 213
107 214
107 237
107 239
107 241
107 252
107 268
107 272
108 137
108 142
108 150
108 156
108 173
108 188
108 197
108 213
108 214
108 218
108 237
108 239
108 241
108 252
108 268
108 272
109 137
109 142
109 150
109 156
109 173
109 188
109 197
109 213
109 214
109 218
109 237
109 239
109 241
109 252
109 268
109 272
110 137
110 142
110 150
110 156
110 173
110 188
110 197
110 204
110 213
110 214
110 218
110 237
110 239
110 241
110 252
110 268
110 272
111 137
111 142
111 150
111 156
111 173
111 197
111 204
111 206
111 213
111 214
111 218
111 237
111 239
111 241
111 247
111 252
111 268
111 272
112 137
112 142
112 150
112 156
112 173
112 197
112 204
112 206
112 213
112 214
112 218
112 237
112 239
112 247
112 252
112 268
112 272
113 137
113 142
113 150
113 156
113 204
113 206
113 213
113 214
113 215
113 218
113 227
113 237
113 239
113 243
113 252
113 272
114 137
114 142
114 150
114 156
114 204
114 206
114 213
114 214
114 215
114 218
114 227
114 237
114 239
114 243
114 252
114 272
115 137
115 142
115 150
115 156
115 169
115 204
115 206
115 213
115 214
115 215
115 227
115 237
115 239
115 243
115 252
115 272
116 133
116 137
116 142
116 150
116 156
116 169
116 204
116 206
116 213
116 214
116 215
116 227
116 237
116 239
116 243
116 252
116 272
117 133
117 137
117 142
117 150
117 156
117 169
117 170
117 195
117 204
117 206
117 213
117 214
117 215
117 227
117 237
117 239
117 243
117 252
117 272
118 133
118 137
118 142
118 150
118 156
118 169
118 170
118 195
118 204
118 206
118 213
118 214
118 215
118 227
118 237
118 239
118 243
118 252
118 272
119 133
119 137
119 147
119 156
119 169
119 170
119 195
119 204
119 206
119 213
119 214
119 215
119 216
119 227
119 237
119 239
119 243
119 252
119 272
120 133
120 137
120 147
120 156
120 169
120 170
120 195
120 204
120 206
120 213
120 214
120 215
120 237
120 239
120 243
120 252
120 272
121 133
121 137
121 138
121 156
121 169
121 170
121 195
121 204
121 206
121 213
121 214
121 215
121 237
121 239
121 243
121 252
121 272
122 133
122 137
122 138
122 156
122 169
122 195
122 204
122 206
122 213
122 214
122 215
122 237
122 239
122 243
122 272
123 133
123 137
123 138
123 156
123 169
123 195
123 204
123 206
123 213
123 214
123 215
123 237
123 239
123 243
123 272
124 133
124 137
124 138
124 156
124 169
124 195
124 205
124 206
124 213
124 214
124 215
124 237
124 239
124 243
124 272
125 133
125 137
125 138
125 156
125 169
125 195
125 205
125 206
125 213
125 214
125 215
125 237
125 239
125 243
125 272
126 133
126 137
126 138
126 151
126 156
126 169
126 195
126 205
126 206
126 213
126 214
126 215
126 237
126 239
126 243
126 272
127 133
127 137
127 138
127 151
127 156
127 169
127 195
127 205
127 206
127 213
127 214
127 215
127 239
127 243
127 272
128 137
128 138
128 151
128 156
128 195
128 205
128 206
128 213
128 214
128 226
128 243
128 272
129 137
129 138
129 149
129 156
129 195
129 205
129 206
129 213
129 214
129 226
129 243
129 256
129 272
130 137
130 138
130 149
130 156
130 195
130 205
130 206
130 213
130 214
130 226
130 243
130 256
130 272
131 137
131 138
131 149
131 156
131 195
131 205
131 206
131 213
131 214
131 226
131 243
131 256
131 272
132 138
132 149
132 156
132 195
132 205
132 206
132 213
132 214
132 226
132 243
132 256
132 272
133 138
133 149
133 156
133 195
133 205
133 206
133 213
133 214
133 226
133 243
133 256
133 272
134 138
134 156
134 195
134 205
134 206
134 213
134 214
134 222
134 226
134 243
134 256
134 272
135 138
135 156
135 195
135 205
135 206
135 212
135 213
135 214
135 222
135 243
135 256
135 259
135 272
136 138
136 154
136 156
136 195
136 205
136 206
136 212
136 213
136 214
136 222
136 243
136 256
136 259
136 272
137 138
137 154
137 156
137 195
137 205
137 206
137 212
137 213
137 222
137 233
137 243
137 256
137 259
137 272
138 138
138 154
138 156
138 189
138 195
138 205
138 206
138 212
138 213
138 222
138 233
138 243
138 256
138 259
138 272
139 138
139 154
139 156
139 189
139 195
139 205
139 206
139 212
139 213
139 222
139 233
139 243
139 256
139 259
139 272
140 154
140 156
140 205
140 206
140 212
140 213
140 222
140 233
140 243
140 256
140 259
140 272
141 154
141 156
141 205
141 206
141 212
141 213
141 222
141 233
141 243
141 256
141 259
141 272
142 154
142 156
142 196
142 205
142 206
142 212
142 213
142 222
142 233
142 243
142 256
142 259
142 272
143 154
143 156
143 196
143 205
143 206
143 212
143 213
143 222
143 233
143 243
143 256
143 259
143 272
144 154
144 156
144 196
144 205
144 206
144 212
144 213
144 222
144 233
144 243
144 256
144 259
144 272
145 154
145 156
145 196
145 205
145 206
145 212
145 213
145 222
145 233
145 256
145 259
145 272
146 153
146 154
146 156
146 165
146 190
146 191
146 196
146 205
146 206
146 212
146 213
146 233
146 256
146 259
146 272
147 153
147 154
147 165
147 190
147 191
147 196
147 205
147 206
147 212
147 213
147 233
147 256
147 259
147 266
147 272
148 153
148 158
148 162
148 165
148 190
148 191
148 196
148 205
148 206
148 212
148 233
148 256
148 259
148 265
148 266
148 272
149 153
149 158
149 162
149 165
149 190
149 191
149 196
149 205
149 206
149 212
149 233
149 256
149 259
149 265
149 266
149 272
150 153
150 158
150 162
150 165
150 190
150 191
150 196
150 205
150 206
150 212
150 233
150 256
150 259
150 265
150 266
150 272
151 153
151 158
151 162
151 165
151 190
151 191
151 196
151 205
151 206
151 212
151 233
151 256
151 259
151 265
151 266
151 272
152 153
152 158
152 162
152 165
152 190
152 191
152 196
152 205
152 206
152 212
152 233
152 256
152 259
152 265
152 266
152 272
153 153
153 162
153 163
153 165
153 184
153 190
153 196
153 205
153 206
153 212
153 233
153 256
153 259
153 263
153 265
153 266
153 272
154 153
154 162
154 187
154 190
154 196
154 205
154 206
154 233
154 259
154 263
154 265
154 266
154 272
154 277
155 153
155 162
155 187
155 190
155 196
155 205
155 206
155 233
155 259
155 263
155 265
155 266
155 272
155 277
156 153
156 187
156 190
156 196
156 205
156 206
156 233
156 259
156 263
156 265
156 266
156 272
156 277
157 153
157 187
157 190
157 196
157 205
157 206
157 233
157 259
157 263
157 265
157 266
157 272
157 277
157 282
158 153
158 187
158 190
158 196
158 205
158 206
158 233
158 259
158 265
158 266
158 272
158 277
158 282
159 153
159 187
159 190
159 196
159 205
159 206
159 233
159 259
159 265
159 266
159 272
159 277
159 282
160 153
160 177
160 187
160 190
160 205
160 206
160 233
160 259
160 265
160 266
160 272
160 277
161 177
161 187
161 190
161 206
161 233
161 259
161 265
161 266
161 272
161 277
162 177
162 187
162 190
162 206
162 233
162 259
162 265
162 266
162 272
162 277
163 177
163 187
163 190
163 206
163 233
163 259
163 265
163 266
163 272
163 277
164 177
164 187
164 190
164 206
164 233
164 259
164 266
164 272
164 277
165 177
165 179
165 190
165 206
165 233
165 259
165 266
165 272
165 277
166 177
166 179
166 183
166 206
166 233
166 259
166 266
166 272
166 277
167 177
167 179
167 183
167 206
167 233
167 259
167 266
167 272
167 277
168 177
168 179
168 183
168 206
168 233
168 259
168 266
168 272
168 277
169 175
169 177
169 179
169 183
169 206
169 233
169 257
169 259
169 266
169 272
169 277
170 177
170 179
170 183
170 206
170 233
170 266
170 272
171 177
171 179
171 183
171 206
171 233
171 266
171 272
172 177
172 179
172 183
172 206
172 233
172 272
173 177
173 179
173 183
173 192
173 193
173 194
173 206
173 233
173 271
173 272
173 283
174 177
174 179
174 183
174 192
174 193
174 194
174 206
174 233
174 271
174 272
174 283
175 177
175 179
175 183
175 192
175 193
175 194
175 206
175 233
175 271
175 272
175 283
176 177
176 183
176 192
176 194
176 206
176 224
176 233
176 260
176 271
176 272
176 283
177 183
177 192
177 194
177 206
177 224
177 233
177 260
177 271
177 272
177 279
177 283
178 183
178 192
178 194
178 224
178 233
178 260
178 271
178 272
178 279
178 283
179 183
179 192
179 194
179 224
179 233
179 260
179 271
179 272
179 279
179 283
180 183
180 192
180 194
180 224
180 233
180 260
180 271
180 272
180 279
180 283
181 183
181 192
181 194
181 224
181 233
181 260
181 271
181 272
181 279
181 283
182 183
182 192
182 194
182 224
182 233
182 260
182 271
182 279
182 283
183 183
183 192
183 194
183 224
183 233
183 260
183 271
183 279
183 283
184 224
184 233
184 260
184 271
184 279
184 283
185 224
185 233
185 260
185 271
185 279
185 283
186 224
186 233
186 242
186 260
186 271
186 279
186 283
187 209
187 224
187 233
187 242
187 260
187 271
187 279
187 283
188 209
188 224
188 233
188 242
188 260
188 271
188 279
188 283
189 209
189 224
189 233
189 242
189 260
189 271
189 279
189 283
190 209
190 224
190 233
190 242
190 260
190 271
190 279
190 283
191 209
191 224
191 233
191 242
191 260
191 271
191 279
191 283
192 209
192 224
192 233
192 242
192 260
192 271
192 279
192 283
193 209
193 224
193 233
193 279
193 283
194 209
194 224
194 233
194 279
194 283
195 209
195 224
195 233
195 278
195 279
195 283
196 209
196 224
196 233
196 278
196 279
196 283
197 209
197 224
197 233
197 278
197 279
197 283
198 224
198 233
198 278
198 279
198 283
199 224
199 233
199 278
199 279
199 283
200 224
200 278
200 279
200 280
200 283
201 224
201 278
201 279
201 280
201 283
202 278
202 279
202 280
202 283
203 278
203 279
203 280
203 283
204 262
204 278
204 279
204 280
204 283
205 231
205 238
205 262
205 278
205 279
205 280
205 283
206 221
206 231
206 238
206 262
206 278
206 283
207 221
207 231
207 238
207 262
207 278
207 283
208 221
208 231
208 238
208 262
208 278
208 283
209 221
209 231
209 238
209 262
209 278
209 283
210 221
210 231
210 238
210 262
210 278
210 283
211 221
211 225
211 231
211 238
211 262
211 278
211 283
212 225
212 231
212 238
212 267
212 278
212 283
213 231
213 238
213 267
213 278
213 283
214 231
214 238
214 267
214 278
214 283
215 231
215 238
215 267
215 278
215 283
216 231
216 238
216 267
216 278
216 283
217 219
217 231
217 238
217 267
217 278
217 283
218 231
218 238
218 267
218 278
218 283
219 231
219 238
219 267
219 278
219 283
220 231
220 238
220 267
220 278
220 283
221 231
221 238
221 267
221 278
221 283
222 231
222 267
222 278
222 283
223 231
223 254
223 267
223 278
223 283
224 231
224 254
224 267
224 278
224 283
225 231
225 254
225 267
225 278
225 283
226 231
226 254
226 264
226 267
226 278
226 283
227 231
227 254
227 264
227 267
227 278
227 283
228 231
228 254
228 264
228 267
228 278
228 283
229 231
229 254
229 264
229 267
229 278
229 283
230 231
230 254
230 264
230 267
230 278
230 283
231 231
231 254
231 264
231 267
231 278
231 283
232 231
232 254
232 264
232 267
232 278
232 283
233 231
233 254
233 264
233 267
233 278
233 283
234 231
234 248
234 254
234 264
234 267
234 278
234 283
235 231
235 248
235 254
235 264
235 267
235 278
235 283
236 231
236 248
236 254
236 264
236 267
236 283
237 231
237 245
237 248
237 254
237 258
237 264
237 267
237 283
238 231
238 245
238 248
238 254
238 258
238 264
238 267
238 283
239 231
239 245
239 248
239 254
239 258
239 264
239 267
239 283
240 231
240 245
240 248
240 254
240 258
240 264
240 267
240 283
241 231
241 245
241 248
241 254
241 258
241 264
241 267
242 231
242 245
242 248
242 254
242 258
242 264
242 267
243 231
243 245
243 248
243 254
243 258
243 264
243 267
244 245
244 248
244 254
244 258
244 264
244 267
245 245
245 248
245 254
245 258
245 264
245 267
246 245
246 248
246 254
246 258
246 264
246 267
247 245
247 248
247 254
247 258
247 264
247 267
248 245
248 248
248 254
248 258
248 264
248 267
249 248
249 254
249 258
249 264
249 267
250 248
250 254
250 258
250 264
250 267
251 248
251 254
251 258
251 264
251 267
252 248
252 254
252 258
252 264
252 267
253 248
253 258
253 264
253 267
254 248
254 258
254 264
254 267
255 248
255 267
256 248
256 267
257 267
258 267
259 267
260 267
261 267
262 267
263 267
264 267
265 267
266 267
267 267
268 267
269 267
270 267
271 267
272 267
273 267
274 267
275 267
276 267
277 267
278 267
279 267
280 267
281 267
282 267
283 267
284 267
