0 2
0 7
1 5
1 7
1 108
1 145
2 6
2 8
2 15
2 23
2 33
2 44
2 49
2 61
2 145
2 151
2 165
2 205
2 270
3 8
3 23
3 25
3 33
3 44
3 49
3 145
3 151
3 165
3 205
3 270
4 8
4 23
4 25
4 33
4 44
4 49
4 145
4 151
4 165
4 205
4 270
5 8
5 23
5 25
5 33
5 44
5 145
5 151
5 165
5 179
5 205
5 270
6 14
6 16
6 25
6 44
6 145
6 151
6 165
6 179
6 199
6 205
6 270
7 14
7 16
7 25
7 44
7 145
7 151
7 165
7 179
7 199
7 205
7 270
8 22
8 25
8 44
8 48
8 120
8 124
8 145
8 151
8 165
8 179
8 199
8 205
8 270
9 22
9 25
9 44
9 48
9 120
9 124
9 145
9 151
9 165
9 199
9 205
9 270
10 31
10 38
10 46
10 66
10 67
10 73
10 81
10 91
10 96
10 124
10 127
10 145
10 151
10 165
10 199
10 234
11 17
11 24
11 31
11 38
11 58
11 64
11 73
11 75
11 79
11 81
11 96
11 124
11 131
11 145
11 199
11 212
11 224
11 234
12 17
12 24
12 31
12 38
12 39
12 58
12 64
12 73
12 75
12 79
12 96
12 124
12 131
12 145
12 199
12 212
12 224
12 234
13 17
13 24
13 31
13 38
13 39
13 58
13 64
13 73
13 75
13 79
13 96
13 124
13 131
13 145
13 199
13 212
13 224
13 234
14 17
14 24
14 31
14 38
14 39
14 58
14 64
14 69
14 73
14 75
14 79
14 96
14 105
14 124
14 131
14 145
14 199
14 212
14 224
14 234
15 55
15 58
15 69
15 73
15 78
15 94
15 96
15 99
15 105
15 145
15 170
15 173
15 199
15 207
15 210
15 212
15 224
16 55
16 58
16 69
16 73
16 78
16 94
16 96
16 99
16 105
16 145
16 170
16 173
16 199
16 207
16 210
16 212
16 224
17 55
17 58
17 69
17 73
17 78
17 94
17 96
17 99
17 105
17 145
17 170
17 173
17 199
17 207
17 210
17 212
17 224
18 21
18 55
18 58
18 69
18 73
18 78
18 94
18 96
18 99
18 105
18 145
18 170
18 173
18 199
18 207
18 210
18 212
18 224
19 21
19 26
19 27
19 55
19 58
19 69
19 73
19 78
19 94
19 96
19 99
19 105
19 145
19 170
19 173
19 199
19 207
19 210
19 212
19 223
19 224
19 251
20 21
20 26
20 27
20 55
20 58
20 69
20 73
20 78
20 94
20 96
20 99
20 105
20 145
20 170
20 173
20 199
20 207
20 210
20 212
20 223
20 224
20 251
21 27
21 36
21 51
21 58
21 69
21 73
21 78
21 90
21 94
21 99
21 105
21 145
21 170
21 173
21 186
21 199
21 207
21 210
21 212
21 213
21 217
21 223
21 224
21 251
22 27
22 36
22 51
22 58
22 73
22 78
22 90
22 94
22 99
22 105
22 145
22 170
22 173
22 186
22 199
22 207
22 210
22 212
22 213
22 217
22 223
22 224
22 251
23 27
23 36
23 41
23 51
23 58
23 73
23 78
23 90
23 94
23 99
23 105
23 145
23 160
23 170
23 173
23 186
23 199
23 207
23 212
23 213
23 217
23 223
23 224
23 251
24 27
24 36
24 41
24 51
24 58
24 73
24 78
24 90
24 94
24 99
24 105
24 145
24 160
24 170
24 173
24 186
24 199
24 207
24 212
24 213
24 217
24 223
24 224
24 251
25 27
25 41
25 51
25 52
25 56
25 58
25 68
25 90
25 94
25 99
25 105
25 111
25 145
25 160
25 170
25 173
25 186
25 199
25 207
25 212
25 217
25 223
25 239
26 27
26 41
26 51
26 52
26 56
26 58
26 68
26 90
26 94
26 99
26 105
26 111
26 145
26 160
26 170
26 173
26 186
26 199
26 207
26 212
26 217
26 223
26 239
27 47
27 56
27 58
27 71
27 86
27 90
27 92
27 94
27 99
27 105
27 110
27 111
27 119
27 139
27 152
27 160
27 161
27 170
27 186
27 195
27 199
27 207
27 217
27 239
28 30
28 47
28 56
28 58
28 71
28 86
28 90
28 92
28 94
28 99
28 105
28 110
28 139
28 152
28 161
28 170
28 186
28 195
28 199
28 207
28 217
28 225
28 239
29 40
29 47
29 56
29 86
29 90
29 92
29 94
29 99
29 105
29 110
29 115
29 139
29 152
29 170
29 186
29 188
29 195
29 199
29 217
29 225
29 239
30 40
30 56
30 86
30 90
30 92
30 94
30 99
30 101
30 105
30 110
30 115
30 139
30 152
30 170
30 186
30 188
30 195
30 199
30 217
30 225
30 239
31 40
31 56
31 86
31 90
31 92
31 94
31 99
31 101
31 105
31 110
31 115
31 139
31 152
31 170
31 186
31 188
31 195
31 199
31 217
31 225
31 239
32 34
32 40
32 43
32 56
32 86
32 92
32 94
32 99
32 101
32 110
32 113
32 115
32 129
32 141
32 152
32 186
32 188
32 195
32 199
32 217
32 225
32 239
33 34
33 56
33 65
33 86
33 88
33 92
33 94
33 99
33 101
33 109
33 110
33 113
33 115
33 126
33 141
33 152
33 175
33 186
33 188
33 195
33 199
33 217
33 225
33 239
34 42
34 56
34 57
34 59
34 65
34 92
34 94
34 99
34 101
34 109
34 110
34 113
34 115
34 126
34 141
34 152
34 175
34 181
34 186
34 188
34 195
34 217
34 225
34 239
35 42
35 56
35 57
35 59
35 65
35 92
35 94
35 99
35 101
35 109
35 110
35 113
35 115
35 126
35 128
35 136
35 141
35 152
35 175
35 181
35 186
35 188
35 195
35 225
35 239
36 42
36 56
36 57
36 59
36 65
36 92
36 94
36 99
36 101
36 109
36 110
36 113
36 115
36 126
36 128
36 136
36 141
36 152
36 175
36 181
36 186
36 188
36 195
36 225
36 239
37 42
37 56
37 57
37 59
37 65
37 92
37 94
37 99
37 101
37 109
37 110
37 113
37 115
37 126
37 128
37 136
37 141
37 152
37 175
37 181
37 186
37 188
37 195
37 225
37 239
38 42
38 56
38 57
38 59
38 65
38 92
38 94
38 99
38 101
38 109
38 110
38 113
38 115
38 126
38 128
38 136
38 141
38 152
38 175
38 181
38 188
38 195
38 225
38 239
39 42
39 57
39 59
39 65
39 72
39 83
39 92
39 94
39 99
39 101
39 109
39 110
39 113
39 115
39 126
39 128
39 136
39 141
39 152
39 181
39 188
39 195
39 225
39 239
40 42
40 57
40 59
40 65
40 72
40 83
40 92
40 94
40 99
40 101
40 109
40 110
40 113
40 115
40 126
40 128
40 136
40 141
40 152
40 181
40 188
40 195
40 225
40 239
41 42
41 57
41 59
41 65
41 72
41 83
41 92
41 94
41 99
41 101
41 109
41 115
41 126
41 128
41 136
41 141
41 152
41 157
41 177
41 181
41 188
41 195
41 225
41 239
42 42
42 57
42 59
42 65
42 72
42 83
42 92
42 94
42 99
42 101
42 109
42 115
42 126
42 128
42 136
42 141
42 152
42 157
42 177
42 181
42 188
42 195
42 225
42 239
43 42
43 57
43 59
43 65
43 72
43 83
43 92
43 94
43 99
43 101
43 109
43 115
43 126
43 128
43 136
43 141
43 152
43 157
43 177
43 181
43 188
43 195
43 225
43 239
44 42
44 57
44 59
44 65
44 72
44 83
44 92
44 94
44 99
44 101
44 109
44 115
44 126
44 128
44 136
44 141
44 152
44 157
44 177
44 181
44 188
44 195
44 225
44 239
45 42
45 53
45 57
45 59
45 65
45 72
45 83
45 92
45 94
45 99
45 101
45 109
45 115
45 126
45 136
45 141
45 152
45 157
45 177
45 181
45 188
45 195
45 239
46 42
46 53
46 57
46 59
46 65
46 72
46 83
46 92
46 94
46 99
46 101
46 109
46 115
46 126
46 136
46 141
46 152
46 157
46 177
46 181
46 188
46 195
46 221
46 239
46 268
47 53
47 57
47 59
47 60
47 65
47 72
47 83
47 94
47 99
47 101
47 109
47 115
47 126
47 136
47 141
47 157
47 177
47 181
47 188
47 195
47 221
47 226
47 239
47 268
48 53
48 57
48 59
48 60
48 65
48 83
48 94
48 99
48 101
48 109
48 115
48 126
48 136
48 141
48 157
48 177
48 181
48 188
48 195
48 221
48 226
48 239
48 268
49 53
49 57
49 59
49 60
49 65
49 83
49 94
49 99
49 101
49 109
49 115
49 136
49 141
49 157
49 177
49 181
49 188
49 195
49 221
49 226
49 239
49 268
50 53
50 57
50 59
50 60
50 62
50 80
50 83
50 99
50 101
50 109
50 115
50 136
50 141
50 157
50 177
50 181
50 188
50 195
50 221
50 226
50 239
50 268
51 53
51 57
51 59
51 60
51 62
51 80
51 85
51 99
51 101
51 109
51 115
51 136
51 141
51 157
51 177
51 181
51 188
51 195
51 221
51 226
51 239
51 268
52 53
52 57
52 59
52 62
52 80
52 87
52 99
52 109
52 115
52 136
52 141
52 157
52 177
52 181
52 188
52 193
52 195
52 221
52 226
52 239
52 268
52 275
53 53
53 57
53 59
53 63
53 76
53 80
53 93
53 107
53 109
53 136
53 141
53 157
53 167
53 177
53 181
53 193
53 195
53 209
53 221
53 226
53 239
53 264
53 268
53 275
54 53
54 57
54 59
54 76
54 80
54 93
54 109
54 136
54 141
54 143
54 157
54 167
54 177
54 181
54 193
54 195
54 209
54 221
54 226
54 239
54 264
54 268
54 275
55 57
55 59
55 76
55 77
55 80
55 82
55 89
55 93
55 95
55 109
55 136
55 141
55 143
55 157
55 167
55 177
55 181
55 193
55 195
55 209
55 226
55 239
55 264
55 268
55 275
56 57
56 59
56 76
56 77
56 80
56 82
56 89
56 93
56 95
56 109
56 136
56 141
56 143
56 157
56 167
56 177
56 181
56 193
56 195
56 226
56 239
56 264
56 266
56 268
56 275
57 57
57 59
57 76
57 77
57 80
57 82
57 89
57 93
57 95
57 109
57 136
57 141
57 143
57 157
57 167
57 177
57 181
57 193
57 195
57 226
57 239
57 264
57 266
57 268
57 275
58 57
58 59
58 76
58 77
58 80
58 82
58 89
58 93
58 95
58 109
58 136
58 141
58 143
58 157
58 167
58 177
58 181
58 193
58 195
58 226
58 239
58 264
58 266
58 268
58 275
59 57
59 70
59 77
59 80
59 82
59 93
59 95
59 109
59 136
59 141
59 143
59 147
59 157
59 167
59 177
59 193
59 195
59 226
59 239
59 257
59 264
59 266
59 268
59 275
60 57
60 70
60 77
60 80
60 82
60 93
60 95
60 109
60 136
60 141
60 143
60 147
60 157
60 167
60 177
60 193
60 195
60 226
60 239
60 257
60 264
60 266
60 268
60 275
61 57
61 70
61 77
61 80
61 82
61 93
61 95
61 109
61 136
61 141
61 143
61 147
61 157
61 167
61 177
61 193
61 195
61 226
61 239
61 257
61 264
61 266
61 268
61 275
62 70
62 80
62 82
62 93
62 95
62 109
62 136
62 141
62 142
62 143
62 147
62 157
62 167
62 177
62 193
62 195
62 239
62 264
62 266
62 268
62 275
63 70
63 82
63 93
63 95
63 109
63 136
63 141
63 142
63 143
63 147
63 157
63 167
63 169
63 177
63 193
63 195
63 239
63 249
63 264
63 266
63 268
63 275
64 70
64 82
64 93
64 95
64 109
64 136
64 141
64 142
64 143
64 147
64 157
64 167
64 169
64 177
64 193
64 195
64 239
64 249
64 264
64 266
64 268
64 275
65 70
65 82
65 93
65 95
65 109
65 114
65 122
65 136
65 141
65 142
65 143
65 147
65 157
65 167
65 169
65 177
65 193
65 195
65 239
65 249
65 264
65 266
65 268
65 275
66 70
66 82
66 93
66 95
66 109
66 114
66 122
66 136
66 141
66 142
66 143
66 147
66 157
66 167
66 169
66 177
66 193
66 195
66 239
66 249
66 264
66 266
66 268
66 275
67 70
67 82
67 93
67 95
67 109
67 114
67 122
67 136
67 141
67 142
67 143
67 147
67 157
67 167
67 169
67 177
67 193
67 195
67 239
67 249
67 264
67 266
67 268
67 275
68 70
68 82
68 95
68 109
68 114
68 117
68 141
68 142
68 143
68 147
68 148
68 157
68 167
68 169
68 177
68 202
68 227
68 229
68 237
68 239
68 249
68 264
68 268
68 275
68 280
69 82
69 109
69 112
69 114
69 117
69 130
69 133
69 141
69 142
69 143
69 147
69 148
69 157
69 167
69 169
69 177
69 202
69 229
69 237
69 249
69 264
69 272
69 280
70 74
70 82
70 109
70 112
70 114
70 117
70 130
70 133
70 141
70 142
70 143
70 147
70 148
70 157
70 167
70 169
70 177
70 202
70 229
70 237
70 249
70 264
70 272
70 280
71 74
71 82
71 109
71 112
71 114
71 117
71 130
71 133
71 141
71 142
71 143
71 147
71 148
71 157
71 167
71 169
71 177
71 202
71 229
71 237
71 249
71 264
71 272
71 280
72 82
72 109
72 112
72 114
72 117
72 130
72 133
72 141
72 142
72 143
72 147
72 148
72 157
72 167
72 169
72 177
72 202
72 229
72 237
72 249
72 272
72 280
73 82
73 109
73 112
73 114
73 117
73 130
73 133
73 141
73 142
73 143
73 147
73 148
73 157
73 167
73 169
73 177
73 202
73 229
73 237
73 249
73 272
73 280
74 82
74 109
74 112
74 114
74 117
74 130
74 133
74 141
74 142
74 143
74 147
74 148
74 157
74 167
74 169
74 177
74 202
74 229
74 237
74 249
74 272
74 280
75 109
75 112
75 114
75 130
75 133
75 141
75 142
75 143
75 147
75 148
75 157
75 159
75 169
75 177
75 200
75 202
75 229
75 237
75 249
75 272
75 280
76 104
76 109
76 112
76 114
76 130
76 133
76 141
76 142
76 143
76 147
76 148
76 157
76 159
76 169
76 177
76 200
76 202
76 229
76 249
76 272
76 280
77 104
77 109
77 112
77 114
77 130
77 133
77 141
77 142
77 143
77 147
77 148
77 157
77 159
77 169
77 177
77 200
77 202
77 229
77 249
77 272
77 280
78 104
78 109
78 112
78 114
78 130
78 133
78 141
78 142
78 143
78 147
78 148
78 153
78 157
78 159
78 169
78 177
78 200
78 202
78 229
78 249
78 272
78 280
79 104
79 109
79 112
79 114
79 130
79 133
79 141
79 142
79 147
79 148
79 153
79 157
79 159
79 169
79 177
79 200
79 202
79 204
79 229
79 249
79 269
79 272
79 280
80 104
80 109
80 112
80 114
80 130
80 133
80 141
80 142
80 147
80 148
80 153
80 157
80 159
80 169
80 177
80 200
80 202
80 204
80 229
80 269
80 272
80 280
81 104
81 109
81 112
81 114
81 130
81 132
81 133
81 141
81 142
81 147
81 148
81 153
81 157
81 159
81 169
81 177
81 200
81 202
81 204
81 229
81 269
81 272
81 280
82 84
82 109
82 112
82 114
82 116
82 130
82 132
82 133
82 138
82 141
82 142
82 147
82 148
82 153
82 159
82 169
82 177
82 200
82 202
82 204
82 229
82 269
82 272
82 279
82 280
83 84
83 100
83 109
83 114
83 116
83 132
83 133
83 138
83 141
83 142
83 147
83 148
83 159
83 177
83 180
83 200
83 202
83 204
83 229
83 261
83 269
83 272
83 279
83 280
84 84
84 100
84 109
84 114
84 116
84 132
84 138
84 141
84 142
84 147
84 148
84 159
84 172
84 177
84 180
84 200
84 202
84 204
84 211
84 229
84 261
84 269
84 279
84 280
85 84
85 100
85 109
85 114
85 116
85 132
85 138
85 141
85 142
85 144
85 147
85 148
85 159
85 172
85 177
85 180
85 200
85 202
85 204
85 211
85 229
85 261
85 269
85 279
85 280
86 84
86 100
86 103
86 109
86 114
86 116
86 132
86 138
86 141
86 142
86 144
86 147
86 148
86 159
86 172
86 177
86 180
86 200
86 202
86 204
86 211
86 261
86 269
86 279
86 280
87 100
87 103
87 114
87 116
87 138
87 141
87 142
87 144
87 147
87 148
87 159
87 172
87 177
87 180
87 200
87 202
87 204
87 211
87 261
87 269
87 278
87 279
87 280
88 100
88 103
88 114
88 116
88 138
88 141
88 142
88 144
88 147
88 148
88 159
88 172
88 177
88 180
88 200
88 202
88 204
88 211
88 261
88 269
88 278
88 279
88 280
89 100
89 103
89 114
89 116
89 138
89 141
89 142
89 144
89 147
89 148
89 159
89 172
89 177
89 180
89 200
89 202
89 204
89 261
89 269
89 278
89 279
89 280
90 103
90 114
90 118
90 138
90 141
90 142
90 144
90 147
90 159
90 172
90 180
90 200
90 202
90 204
90 216
90 261
90 269
90 278
90 279
90 280
90 282
91 98
91 114
91 118
91 138
91 142
91 144
91 149
91 159
91 172
91 180
91 200
91 216
91 261
91 269
91 278
91 279
91 280
91 282
92 97
92 98
92 114
92 118
92 123
92 138
92 142
92 144
92 149
92 159
92 172
92 200
92 216
92 261
92 269
92 278
92 279
92 280
92 282
93 97
93 98
93 114
93 118
93 123
93 138
93 142
93 144
93 149
93 159
93 172
93 200
93 261
93 269
93 278
93 279
93 280
93 282
94 97
94 98
94 114
94 123
94 138
94 142
94 144
94 149
94 159
94 172
94 200
94 261
94 278
94 279
94 280
94 282
95 97
95 98
95 114
95 123
95 138
95 142
95 144
95 149
95 159
95 172
95 200
95 261
95 278
95 279
95 280
95 282
96 97
96 98
96 114
96 123
96 138
96 142
96 144
96 149
96 159
96 172
96 200
96 261
96 278
96 279
96 280
96 282
97 98
97 114
97 123
97 138
97 142
97 144
97 149
97 172
97 200
97 261
97 278
97 279
97 280
97 282
98 98
98 114
98 123
98 138
98 142
98 144
98 149
98 172
98 200
98 261
98 278
98 279
98 280
98 282
99 98
99 114
99 123
99 138
99 142
99 144
99 149
99 172
99 200
99 261
99 278
99 279
99 280
99 282
100 98
100 114
100 123
100 138
100 142
100 144
100 149
100 172
100 200
100 261
100 278
100 279
100 280
100 282
101 98
101 138
101 142
101 144
101 172
101 261
101 278
101 279
101 280
101 282
102 144
102 230
102 261
102 278
102 279
102 282
103 144
103 219
103 261
103 278
103 279
103 282
104 144
104 219
104 261
104 278
104 279
104 282
105 144
105 219
105 261
105 278
105 279
105 282
106 144
106 154
106 208
106 219
106 253
106 261
106 278
106 279
106 282
107 144
107 154
107 208
107 219
107 253
107 261
107 278
107 279
107 282
108 144
108 154
108 208
108 219
108 253
108 261
108 271
108 278
108 279
108 282
109 144
109 154
109 208
109 219
109 253
109 261
109 271
109 278
109 279
109 282
110 144
110 154
110 208
110 219
110 253
110 261
110 271
110 278
110 279
110 282
111 144
111 154
111 208
111 219
111 253
111 261
111 263
111 271
111 278
111 279
111 282
112 144
112 154
112 208
112 219
112 253
112 261
112 263
112 271
112 278
112 279
112 282
113 144
113 154
113 208
113 214
113 219
113 235
113 253
113 261
113 263
113 271
113 278
113 279
113 282
114 140
114 144
114 154
114 163
114 187
114 208
114 214
114 219
114 235
114 253
114 261
114 263
114 278
114 279
114 282
115 140
115 144
115 154
115 163
115 187
115 208
115 214
115 219
115 235
115 253
115 261
115 263
115 278
115 279
115 282
116 140
116 144
116 154
116 163
116 187
116 208
116 214
116 219
116 235
116 253
116 261
116 263
116 278
116 279
116 282
117 140
117 144
117 154
117 163
117 187
117 208
117 214
117 219
117 235
117 253
117 261
117 263
117 278
117 279
117 282
118 140
118 144
118 154
118 163
118 168
118 187
118 191
118 208
118 214
118 219
118 235
118 253
118 261
118 263
118 278
118 279
118 282
119 125
119 140
119 144
119 154
119 163
119 176
119 184
119 187
119 191
119 208
119 214
119 219
119 228
119 235
119 253
119 261
119 263
119 278
119 279
119 282
120 125
120 140
120 144
120 154
120 163
120 176
120 184
120 187
120 191
120 208
120 214
120 219
120 228
120 235
120 253
120 261
120 263
120 278
120 279
120 282
121 125
121 140
121 144
121 154
121 163
121 176
121 184
121 187
121 191
121 208
121 214
121 219
121 228
121 235
121 253
121 261
121 263
121 278
121 279
121 282
122 125
122 140
122 154
122 158
122 163
122 176
122 184
122 187
122 191
122 208
122 214
122 219
122 228
122 235
122 253
122 261
122 263
122 278
122 279
122 282
123 125
123 134
123 140
123 154
123 158
123 162
123 163
123 176
123 182
123 191
123 208
123 214
123 219
123 228
123 253
123 261
123 263
123 279
123 282
124 125
124 134
124 140
124 154
124 158
124 162
124 163
124 176
124 182
124 191
124 208
124 214
124 219
124 228
124 253
124 261
124 263
124 279
124 282
125 125
125 134
125 140
125 154
125 158
125 162
125 163
125 176
125 182
125 191
125 208
125 214
125 219
125 228
125 253
125 261
125 263
125 279
125 282
126 125
126 134
126 140
126 154
126 158
126 162
126 163
126 176
126 182
126 191
126 208
126 214
126 219
126 228
126 253
126 261
126 263
126 279
126 282
127 125
127 134
127 140
127 154
127 158
127 163
127 176
127 182
127 191
127 208
127 214
127 219
127 228
127 253
127 261
127 279
127 282
128 125
128 134
128 140
128 154
128 163
128 176
128 182
128 191
128 208
128 214
128 219
128 228
128 253
128 261
128 279
128 282
129 134
129 137
129 140
129 154
129 155
129 163
129 176
129 182
129 185
129 191
129 192
129 208
129 214
129 219
129 228
129 242
129 253
129 261
129 273
129 279
129 282
130 134
130 137
130 140
130 154
130 155
130 163
130 176
130 182
130 185
130 191
130 192
130 197
130 208
130 214
130 219
130 228
130 242
130 253
130 261
130 273
130 279
130 282
131 134
131 137
131 140
131 154
131 155
131 163
131 176
131 185
131 191
131 192
131 197
131 214
131 219
131 228
131 242
131 253
131 273
131 282
132 134
132 137
132 140
132 154
132 155
132 163
132 171
132 176
132 183
132 185
132 191
132 192
132 197
132 214
132 219
132 228
132 231
132 242
132 253
132 273
132 282
133 134
133 137
133 140
133 154
133 155
133 163
133 171
133 176
133 183
133 185
133 191
133 197
133 214
133 219
133 228
133 231
133 242
133 253
133 273
133 282
134 134
134 137
134 140
134 154
134 155
134 163
134 171
134 176
134 183
134 185
134 191
134 197
134 214
134 219
134 228
134 231
134 242
134 253
134 273
134 282
135 134
135 137
135 140
135 154
135 155
135 163
135 171
135 176
135 183
135 185
135 191
135 197
135 214
135 219
135 228
135 231
135 242
135 253
135 273
135 282
136 137
136 140
136 154
136 155
136 163
136 171
136 176
136 183
136 185
136 191
136 214
136 219
136 228
136 231
136 242
136 253
136 273
136 282
137 140
137 154
137 155
137 163
137 171
137 176
137 183
137 185
137 189
137 191
137 214
137 219
137 228
137 231
137 242
137 253
137 259
137 273
137 274
137 282
138 154
138 155
138 163
138 171
138 176
138 183
138 185
138 189
138 191
138 214
138 219
138 228
138 231
138 242
138 253
138 259
138 273
138 274
138 282
139 154
139 155
139 163
139 164
139 171
139 176
139 183
139 189
139 191
139 214
139 219
139 228
139 231
139 242
139 253
139 259
139 273
139 274
139 282
140 154
140 155
140 163
140 164
140 171
140 176
140 183
140 189
140 191
140 214
140 219
140 228
140 231
140 242
140 245
140 253
140 259
140 273
140 274
140 282
141 154
141 155
141 163
141 171
141 176
141 183
141 189
141 191
141 214
141 219
141 228
141 231
141 242
141 245
141 253
141 259
141 273
141 274
141 282
142 154
142 155
142 163
142 171
142 176
142 183
142 189
142 191
142 214
142 219
142 231
142 245
142 253
142 259
142 273
142 274
142 277
143 154
143 155
143 163
143 171
143 176
143 183
143 189
143 191
143 214
143 219
143 231
143 245
143 253
143 259
143 273
143 274
143 277
144 154
144 155
144 163
144 171
144 176
144 183
144 189
144 191
144 214
144 219
144 231
144 245
144 253
144 259
144 273
144 274
144 277
145 154
145 155
145 163
145 171
145 176
145 183
145 189
145 191
145 214
145 219
145 231
145 245
145 259
145 273
145 274
145 277
146 150
146 154
146 155
146 163
146 171
146 176
146 183
146 189
146 191
146 214
146 219
146 231
146 245
146 259
146 273
146 274
146 277
147 150
147 154
147 155
147 163
147 171
147 176
147 183
147 189
147 191
147 214
147 219
147 231
147 245
147 259
147 273
147 274
147 277
148 150
148 154
148 155
148 163
148 171
148 176
148 178
148 183
148 189
148 191
148 214
148 219
148 231
148 243
148 245
148 248
148 259
148 273
148 274
148 277
149 150
149 154
149 163
149 171
149 176
149 178
149 183
149 189
149 191
149 214
149 219
149 231
149 243
149 245
149 248
149 259
149 273
149 274
149 277
150 154
150 171
150 176
150 178
150 189
150 191
150 214
150 219
150 238
150 243
150 245
150 248
150 259
150 273
150 274
150 276
150 277
151 154
151 171
151 174
151 176
151 178
151 189
151 191
151 196
151 214
151 219
151 240
151 243
151 245
151 248
151 259
151 273
151 274
151 276
151 277
152 154
152 171
152 174
152 176
152 178
152 189
152 191
152 196
152 214
152 219
152 240
152 243
152 245
152 248
152 259
152 273
152 274
152 276
152 277
153 154
153 171
153 174
153 176
153 178
153 189
153 191
153 196
153 214
153 219
153 240
153 243
153 245
153 248
153 259
153 273
153 274
153 276
153 277
154 154
154 171
154 174
154 176
154 178
154 189
154 191
154 214
154 219
154 240
154 243
154 245
154 248
154 259
154 273
154 274
154 276
154 277
155 154
155 171
155 174
155 176
155 178
155 189
155 191
155 214
155 219
155 240
155 243
155 245
155 248
155 259
155 273
155 274
155 276
155 277
156 154
156 171
156 174
156 176
156 178
156 189
156 191
156 214
156 219
156 240
156 243
156 245
156 248
156 259
156 273
156 274
156 276
156 277
157 154
157 171
157 174
157 176
157 178
157 189
157 191
157 214
157 219
157 240
157 243
157 245
157 248
157 259
157 273
157 274
157 276
157 277
158 154
158 171
158 174
158 176
158 178
158 189
158 191
158 214
158 219
158 240
158 243
158 245
158 248
158 259
158 273
158 274
158 276
158 277
159 154
159 171
159 174
159 176
159 178
159 189
159 190
159 191
159 214
159 219
159 240
159 243
159 245
159 248
159 259
159 273
159 274
159 276
159 277
160 154
160 171
160 174
160 176
160 178
160 189
160 190
160 191
160 214
160 219
160 240
160 243
160 245
160 248
160 259
160 273
160 274
160 276
160 277
161 154
161 171
161 174
161 176
161 178
161 189
161 190
161 191
161 214
161 219
161 240
161 243
161 245
161 248
161 259
161 273
161 274
161 276
161 277
162 154
162 171
162 174
162 176
162 178
162 189
162 190
162 191
162 214
162 219
162 240
162 243
162 245
162 248
162 259
162 273
162 274
162 276
162 277
163 154
163 171
163 174
163 176
163 178
163 189
163 190
163 191
163 214
163 219
163 243
163 245
163 248
163 259
163 273
163 274
163 276
163 277
164 154
164 174
164 176
164 178
164 189
164 190
164 191
164 214
164 219
164 243
164 245
164 248
164 259
164 273
164 274
164 276
164 277
165 154
165 174
165 176
165 178
165 189
165 214
165 219
165 246
165 248
165 259
165 273
165 274
165 276
165 277
166 154
166 174
166 176
166 178
166 214
166 219
166 246
166 248
166 255
166 258
166 259
166 274
166 276
166 277
167 174
167 176
167 178
167 214
167 246
167 248
167 255
167 258
167 259
167 274
167 276
167 277
168 174
168 178
168 206
168 214
168 244
168 246
168 248
168 255
168 258
168 259
168 274
168 276
168 277
169 174
169 178
169 214
169 244
169 246
169 248
169 255
169 258
169 259
169 274
169 276
170 178
170 201
170 214
170 244
170 246
170 248
170 255
170 258
170 259
170 274
170 276
171 178
171 201
171 214
171 244
171 246
171 247
171 248
171 255
171 258
171 259
171 274
171 276
172 178
172 201
172 214
172 244
172 246
172 247
172 248
172 255
172 258
172 259
172 274
172 276
173 178
173 201
173 244
173 246
173 247
173 248
173 255
173 258
173 259
173 274
173 276
174 178
174 201
174 244
174 246
174 247
174 248
174 255
174 258
174 259
174 274
174 276
175 178
175 201
175 215
175 244
175 246
175 247
175 248
175 255
175 258
175 259
175 274
175 276
176 178
176 201
176 215
176 220
176 244
176 246
176 247
176 248
176 255
176 258
176 259
176 274
176 276
177 178
177 201
177 215
177 220
177 244
177 246
177 247
177 248
177 255
177 258
177 259
177 274
177 276
178 178
178 201
178 215
178 220
178 244
178 246
178 247
178 248
178 255
178 258
178 259
178 274
178 276
179 178
179 201
179 215
179 220
179 244
179 246
179 247
179 248
179 255
179 258
179 259
179 274
179 276
180 178
180 201
180 215
180 220
180 222
180 244
180 246
180 247
180 248
180 255
180 258
180 260
180 274
181 178
181 201
181 215
181 220
181 222
181 244
181 246
181 247
181 248
181 255
181 258
181 260
181 274
182 178
182 201
182 215
182 220
182 222
182 244
182 246
182 247
182 248
182 255
182 258
182 260
182 274
183 178
183 201
183 215
183 220
183 222
183 244
183 246
183 247
183 248
183 255
183 258
183 260
183 274
184 178
184 201
184 215
184 222
184 244
184 246
184 247
184 248
184 255
184 258
184 274
185 178
185 201
185 215
185 222
185 244
185 246
185 247
185 248
185 255
185 258
185 274
186 178
186 201
186 215
186 222
186 244
186 246
186 247
186 248
186 255
186 258
186 274
187 201
187 222
187 232
187 244
187 246
187 247
187 248
187 255
187 258
187 274
188 201
188 222
188 232
188 244
188 246
188 247
188 248
188 255
188 258
188 274
189 201
189 232
189 244
189 246
189 247
189 248
189 255
189 258
189 274
190 194
190 201
190 232
190 244
190 246
190 247
190 248
190 258
190 274
191 194
191 201
191 232
191 244
191 246
191 247
191 248
191 258
191 274
192 194
192 198
192 201
192 232
192 244
192 246
192 247
192 248
192 258
192 274
193 194
193 198
193 201
193 232
193 244
193 246
193 247
193 248
193 258
193 274
194 194
194 198
194 201
194 232
194 244
194 246
194 247
194 248
194 258
194 274
195 194
195 198
195 201
195 232
195 244
195 246
195 247
195 248
195 258
195 274
196 194
196 198
196 201
196 232
196 244
196 246
196 247
196 248
196 254
196 258
196 274
197 194
197 198
197 201
197 232
197 244
197 246
197 247
197 248
197 254
197 258
197 274
198 198
198 201
198 232
198 244
198 246
198 247
198 248
198 254
198 256
198 258
198 262
198 274
199 198
199 201
199 232
199 244
199 246
199 247
199 248
199 254
199 256
199 258
199 262
199 267
199 274
200 198
200 201
200 232
200 244
200 246
200 247
200 248
200 254
200 256
200 258
200 262
200 267
200 274
201 198
201 201
201 232
201 244
201 246
201 247
201 248
201 254
201 256
201 258
201 262
201 267
201 274
202 201
202 232
202 244
202 246
202 247
202 248
202 254
202 256
202 258
202 262
202 267
202 274
203 201
203 218
203 233
203 244
203 247
203 248
203 254
203 256
203 258
203 262
203 267
203 274
204 201
204 218
204 233
204 244
204 247
204 248
204 254
204 256
204 258
204 262
204 267
205 201
205 218
205 233
205 244
205 247
205 248
205 254
205 256
205 258
205 262
205 267
206 201
206 218
206 233
206 244
206 247
206 248
206 254
206 256
206 258
206 262
206 267
207 201
207 218
207 233
207 244
207 247
207 248
207 254
207 256
207 258
207 262
207 267
208 201
208 218
208 233
208 244
208 247
208 248
208 254
208 256
208 258
208 262
208 267
209 201
209 233
209 244
209 247
209 248
209 254
209 256
209 258
209 262
209 267
210 201
210 233
210 244
210 247
210 248
210 254
210 256
210 258
210 262
210 267
211 201
211 233
211 244
211 247
211 248
211 254
211 256
211 258
211 262
211 267
212 201
212 233
212 244
212 247
212 248
212 254
212 256
212 258
212 262
212 267
213 201
213 233
213 244
213 247
213 248
213 254
213 256
213 258
213 262
213 267
214 201
214 233
214 244
214 248
214 254
214 256
214 258
214 262
215 201
215 233
215 244
215 248
215 254
215 258
215 262
216 201
216 233
216 244
216 248
216 254
216 258
216 262
217 201
217 233
217 244
217 248
217 254
217 258
217 262
218 201
218 233
218 244
218 248
218 254
218 258
218 262
219 201
219 233
219 244
219 248
219 254
219 258
220 201
220 233
220 244
220 248
220 254
220 258
221 201
221 233
221 248
221 254
221 258
222 201
222 233
222 248
222 254
222 258
223 201
223 233
223 248
223 254
223 258
223 265
224 201
224 233
224 248
224 254
224 258
224 265
225 201
225 233
225 248
225 254
225 258
225 265
226 201
226 233
226 248
226 254
226 258
226 265
227 201
227 233
227 248
227 254
227 258
227 265
228 201
228 233
228 248
228 254
228 258
228 265
229 201
229 233
229 248
229 254
229 258
229 265
230 201
230 233
230 248
230 254
230 258
230 265
231 233
231 241
231 248
231 254
231 258
231 265
232 233
232 241
232 248
232 258
232 265
233 233
233 241
233 248
233 258
233 265
233 284
234 233
234 241
234 248
234 258
234 265
234 284
235 233
235 241
235 248
235 258
235 265
235 284
236 241
236 248
236 258
236 265
236 284
237 241
237 248
237 258
237 265
237 284
238 241
238 248
238 258
238 265
238 284
239 241
239 248
239 258
239 265
239 284
240 241
240 248
240 258
240 265
240 284
241 241
241 248
241 258
241 281
241 284
242 258
242 281
242 284
243 258
243 281
243 284
244 258
244 281
244 284
245 281
245 284
246 281
246 284
247 281
247 284
248 281
248 284
249 281
249 284
250 281
250 284
251 281
251 284
252 281
252 284
253 281
253 284
254 281
254 284
255 281
255 284
256 281
256 284
257 281
257 284
258 281
258 284
259 281
259 284
260 281
260 284
261 281
261 284
262 284
263 284
264 284
265 284
266 284
267 284
268 284
269 284
270 284
271 284
272 284
273 284
274 284
275 284
276 284
277 284
278 284
279 284
280 284
281 284
282 284
283 284
284 284
