0 1
0 8
0 51
0 96
1 4
1 51
1 63
1 96
1 109
2 40
2 63
2 85
2 96
2 109
3 40
3 63
3 85
3 96
3 109
4 7
4 11
4 16
4 40
4 56
4 63
4 81
4 83
4 85
4 109
4 140
4 159
4 177
4 181
4 209
4 257
5 11
5 16
5 40
5 56
5 63
5 81
5 83
5 85
5 109
5 140
5 159
5 177
5 181
5 209
5 257
6 11
6 16
6 40
6 56
6 63
6 81
6 83
6 85
6 109
6 140
6 159
6 177
6 181
6 209
6 257
7 9
7 21
7 56
7 63
7 83
7 85
7 109
7 140
7 159
7 177
7 181
7 209
7 257
8 39
8 54
8 56
8 70
8 83
8 100
8 109
8 114
8 140
8 149
8 161
8 176
8 177
8 181
8 257
9 39
9 54
9 56
9 70
9 83
9 100
9 109
9 114
9 140
9 149
9 161
9 176
9 177
9 181
9 257
10 24
10 39
10 54
10 56
10 70
10 83
10 86
10 100
10 109
10 114
10 140
10 149
10 161
10 176
10 177
10 181
10 257
11 18
11 24
11 39
11 56
11 83
11 86
11 100
11 109
11 114
11 140
11 149
11 161
11 176
11 177
11 181
11 221
11 257
12 13
12 18
12 24
12 39
12 56
12 83
12 86
12 100
12 109
12 114
12 140
12 149
12 161
12 176
12 177
12 181
12 203
12 221
12 257
13 18
13 24
13 29
13 56
13 83
13 86
13 109
13 114
13 140
13 149
13 161
13 176
13 177
13 181
13 203
13 221
13 257
14 18
14 29
14 46
14 48
14 60
14 74
14 83
14 109
14 114
14 140
14 149
14 176
14 177
14 181
14 203
14 204
14 219
14 257
15 25
15 26
15 46
15 48
15 60
15 74
15 83
15 93
15 109
15 114
15 140
15 149
15 176
15 177
15 181
15 203
15 204
15 219
16 20
16 26
16 46
16 48
16 60
16 83
16 93
16 109
16 140
16 149
16 162
16 176
16 177
16 181
16 191
16 203
16 204
16 208
16 219
16 229
16 250
17 19
17 20
17 26
17 35
17 46
17 48
17 60
17 68
17 83
17 93
17 129
17 140
17 149
17 162
17 176
17 177
17 181
17 204
17 208
17 219
17 229
17 250
18 28
18 30
18 35
18 38
18 43
18 68
18 71
18 83
18 93
18 102
18 106
18 140
18 149
18 158
18 163
18 172
18 177
18 181
18 204
18 208
18 219
18 223
18 229
18 240
18 250
19 28
19 30
19 35
19 43
19 68
19 71
19 83
19 93
19 102
19 106
19 133
19 140
19 149
19 158
19 163
19 172
19 177
19 181
19 204
19 208
19 219
19 223
19 226
19 229
19 240
19 250
20 28
20 30
20 43
20 68
20 71
20 83
20 93
20 102
20 106
20 133
20 140
20 149
20 163
20 172
20 177
20 181
20 204
20 208
20 219
20 223
20 226
20 229
20 240
20 250
21 23
21 68
21 71
21 93
21 106
21 133
21 149
21 163
21 172
21 177
21 181
21 204
21 208
21 219
21 223
21 226
21 229
21 250
21 251
22 23
22 68
22 71
22 93
22 106
22 133
22 149
22 163
22 177
22 181
22 204
22 208
22 219
22 223
22 226
22 229
22 251
23 71
23 93
23 106
23 133
23 149
23 163
23 177
23 181
23 193
23 204
23 208
23 219
23 223
23 226
23 229
23 251
24 31
24 71
24 93
24 106
24 133
24 149
24 163
24 177
24 180
24 193
24 204
24 208
24 219
24 223
24 226
24 229
25 31
25 65
25 71
25 93
25 106
25 149
25 150
25 163
25 180
25 193
25 204
25 208
25 223
25 226
25 229
26 44
26 52
26 71
26 89
26 90
26 106
26 149
26 163
26 180
26 193
26 204
26 208
26 223
26 226
26 227
26 229
26 233
27 44
27 52
27 71
27 92
27 106
27 163
27 180
27 193
27 204
27 208
27 223
27 226
27 227
27 229
28 44
28 52
28 71
28 92
28 106
28 163
28 180
28 193
28 204
28 208
28 223
28 226
28 227
28 229
28 275
29 44
29 55
29 71
29 92
29 104
29 180
29 193
29 199
29 204
29 208
29 223
29 226
29 227
29 228
29 229
29 275
30 44
30 55
30 71
30 92
30 104
30 180
30 193
30 199
30 204
30 208
30 223
30 226
30 227
30 228
30 229
30 275
31 44
31 55
31 71
31 92
31 104
31 180
31 193
31 199
31 204
31 208
31 223
31 226
31 227
31 228
31 229
31 245
31 275
32 44
32 55
32 92
32 104
32 127
32 180
32 193
32 199
32 204
32 208
32 223
32 226
32 228
32 229
32 245
32 275
32 280
33 44
33 55
33 92
33 104
33 127
33 152
33 180
33 193
33 199
33 204
33 208
33 226
33 228
33 245
33 275
33 280
34 44
34 55
34 92
34 104
34 127
34 152
34 180
34 193
34 199
34 204
34 208
34 217
34 226
34 228
34 235
34 245
34 275
34 278
34 280
35 37
35 44
35 55
35 92
35 152
35 180
35 193
35 199
35 204
35 208
35 217
35 226
35 228
35 235
35 245
35 275
35 278
35 280
36 37
36 64
36 69
36 76
36 101
36 135
36 180
36 193
36 204
36 214
36 217
36 226
36 228
36 235
36 275
36 278
36 280
37 45
37 69
37 135
37 180
37 204
37 214
37 217
37 228
37 275
37 278
37 280
38 45
38 69
38 135
38 180
38 204
38 214
38 217
38 228
38 275
38 278
38 280
39 53
39 69
39 135
39 180
39 204
39 214
39 217
39 228
39 275
39 278
39 280
40 53
40 69
40 135
40 180
40 204
40 214
40 217
40 225
40 228
40 275
40 278
40 280
41 53
41 69
41 135
41 180
41 204
41 214
41 217
41 225
41 228
41 275
41 278
41 280
42 53
42 69
42 135
42 180
42 204
42 214
42 217
42 225
42 228
42 275
42 278
42 280
43 47
43 53
43 69
43 72
43 77
43 94
43 135
43 180
43 204
43 205
43 214
43 217
43 225
43 228
43 244
43 275
43 278
43 280
44 47
44 53
44 69
44 72
44 77
44 94
44 135
44 180
44 204
44 205
44 214
44 217
44 225
44 228
44 244
44 275
44 278
44 280
45 53
45 61
45 69
45 72
45 94
45 135
45 160
45 180
45 182
45 194
45 197
45 204
45 214
45 217
45 225
45 244
45 275
45 278
46 50
46 53
46 61
46 69
46 72
46 94
46 95
46 135
46 160
46 180
46 182
46 194
46 197
46 214
46 217
46 225
46 244
46 275
47 50
47 53
47 61
47 69
47 72
47 94
47 95
47 135
47 160
47 180
47 182
47 194
47 197
47 214
47 217
47 225
47 244
47 275
48 53
48 61
48 72
48 94
48 95
48 135
48 160
48 180
48 182
48 194
48 197
48 214
48 217
48 225
48 244
48 275
49 53
49 57
49 59
49 61
49 72
49 80
49 94
49 95
49 135
49 180
49 182
49 194
49 197
49 214
49 217
49 225
49 244
49 275
50 53
50 57
50 59
50 61
50 72
50 80
50 94
50 95
50 135
50 180
50 182
50 194
50 197
50 214
50 217
50 225
50 244
50 275
51 53
51 57
51 61
51 72
51 94
51 95
51 121
51 135
51 180
51 182
51 197
51 214
51 217
51 225
51 275
52 53
52 57
52 61
52 72
52 94
52 95
52 135
52 180
52 182
52 197
52 214
52 217
52 225
52 275
53 53
53 57
53 61
53 72
53 94
53 95
53 135
53 180
53 182
53 197
53 214
53 217
53 225
53 275
54 53
54 57
54 61
54 62
54 72
54 94
54 95
54 135
54 142
54 180
54 182
54 197
54 214
54 217
54 225
54 275
55 53
55 57
55 61
55 62
55 72
55 79
55 95
55 142
55 180
55 182
55 197
55 214
55 217
55 225
55 238
55 275
56 53
56 57
56 61
56 62
56 72
56 79
56 95
56 142
56 180
56 182
56 197
56 214
56 217
56 225
56 238
56 275
57 53
57 61
57 62
57 79
57 95
57 142
57 180
57 182
57 197
57 214
57 217
57 225
57 238
57 275
58 61
58 62
58 79
58 95
58 142
58 180
58 182
58 197
58 214
58 217
58 225
58 238
58 252
58 275
59 61
59 62
59 95
59 105
59 113
59 126
59 142
59 182
59 212
59 214
59 217
59 218
59 225
59 255
59 261
59 275
60 61
60 62
60 95
60 105
60 113
60 126
60 142
60 182
60 202
60 212
60 214
60 217
60 218
60 225
60 248
60 255
60 261
60 275
61 61
61 82
61 95
61 105
61 126
61 142
61 173
61 178
61 182
61 202
61 212
61 214
61 217
61 218
61 225
61 248
61 255
61 261
61 275
62 87
62 95
62 105
62 125
62 126
62 131
62 142
62 173
62 178
62 182
62 202
62 212
62 214
62 217
62 218
62 225
62 248
62 253
62 255
62 261
62 265
62 275
63 87
63 95
63 105
63 125
63 126
63 131
63 132
63 142
63 173
63 178
63 182
63 202
63 212
63 214
63 217
63 218
63 225
63 248
63 253
63 255
63 261
63 265
63 275
64 66
64 73
64 87
64 95
64 98
64 131
64 136
64 142
64 169
64 173
64 178
64 182
64 201
64 212
64 214
64 217
64 218
64 225
64 248
64 255
64 261
64 265
64 275
65 66
65 73
65 87
65 95
65 98
65 131
65 136
65 142
65 169
65 173
65 178
65 182
65 201
65 212
65 214
65 217
65 218
65 225
65 248
65 255
65 261
65 265
65 275
66 66
66 73
66 87
66 95
66 98
66 115
66 131
66 136
66 142
66 169
66 173
66 178
66 182
66 201
66 212
66 214
66 217
66 218
66 225
66 248
66 255
66 261
66 265
66 275
67 73
67 87
67 95
67 98
67 115
67 131
67 136
67 142
67 169
67 173
67 178
67 182
67 201
67 212
67 214
67 217
67 218
67 225
67 248
67 255
67 261
67 265
67 275
68 73
68 87
68 95
68 98
68 115
68 131
68 136
68 142
68 169
68 173
68 178
68 182
68 201
68 212
68 214
68 217
68 218
68 225
68 248
68 255
68 261
68 265
68 275
69 73
69 87
69 95
69 98
69 115
69 131
69 136
69 142
69 169
69 178
69 182
69 201
69 212
69 214
69 217
69 218
69 225
69 248
69 255
69 261
69 265
69 275
70 87
70 95
70 98
70 115
70 131
70 142
70 169
70 178
70 182
70 186
70 196
70 201
70 212
70 214
70 217
70 218
70 225
70 248
70 249
70 255
70 261
70 265
70 275
71 98
71 142
71 169
71 178
71 182
71 186
71 196
71 201
71 212
71 214
71 217
71 218
71 225
71 248
71 249
71 255
71 261
71 265
71 275
71 281
72 98
72 142
72 169
72 178
72 182
72 186
72 196
72 201
72 212
72 214
72 217
72 218
72 225
72 248
72 249
72 255
72 261
72 265
72 275
72 281
73 139
73 142
73 144
73 169
73 178
73 186
73 196
73 201
73 212
73 214
73 217
73 218
73 225
73 231
73 236
73 248
73 249
73 255
73 261
73 263
73 265
73 275
73 281
74 139
74 142
74 144
74 169
74 178
74 186
74 196
74 201
74 212
74 214
74 217
74 218
74 225
74 231
74 236
74 248
74 249
74 255
74 261
74 263
74 265
74 275
74 281
75 139
75 142
75 144
75 169
75 178
75 186
75 196
75 201
75 212
75 217
75 231
75 248
75 249
75 255
75 261
75 263
75 265
75 275
76 88
76 91
76 130
76 139
76 142
76 144
76 169
76 178
76 196
76 201
76 212
76 217
76 231
76 248
76 249
76 255
76 261
76 263
76 275
77 88
77 91
77 130
77 142
77 144
77 156
77 169
77 174
77 178
77 196
77 201
77 212
77 217
77 231
77 248
77 249
77 255
77 261
77 263
77 275
77 279
78 88
78 91
78 97
78 142
78 144
78 156
78 169
78 174
78 178
78 183
78 196
78 201
78 212
78 217
78 231
78 248
78 249
78 255
78 261
78 263
78 275
78 279
79 88
79 91
79 97
79 142
79 144
79 156
79 169
79 174
79 178
79 183
79 196
79 201
79 212
79 217
79 231
79 248
79 249
79 255
79 261
79 263
79 275
79 279
80 88
80 91
80 97
80 142
80 144
80 156
80 169
80 174
80 178
80 183
80 196
80 201
80 212
80 217
80 231
80 248
80 249
80 255
80 261
80 263
80 275
80 279
81 91
81 97
81 99
81 142
81 144
81 156
81 165
81 169
81 174
81 178
81 183
81 196
81 201
81 212
81 217
81 231
81 248
81 249
81 255
81 261
81 275
81 279
82 91
82 97
82 99
82 134
82 142
82 144
82 156
82 165
82 169
82 174
82 175
82 178
82 183
82 196
82 217
82 231
82 248
82 249
82 255
82 261
82 275
82 279
83 91
83 97
83 99
83 142
83 144
83 156
83 165
83 169
83 174
83 175
83 178
83 183
83 196
83 213
83 215
83 217
83 231
83 248
83 249
83 255
83 261
83 275
83 279
84 91
84 97
84 99
84 142
84 144
84 156
84 165
84 169
84 174
84 175
84 178
84 183
84 196
84 213
84 215
84 217
84 231
84 248
84 249
84 255
84 261
84 275
84 279
85 91
85 97
85 99
85 142
85 144
85 156
85 165
85 169
85 174
85 175
85 178
85 183
85 196
85 213
85 215
85 217
85 231
85 248
85 249
85 255
85 261
85 275
85 279
86 91
86 97
86 99
86 142
86 144
86 156
86 165
86 169
86 174
86 175
86 178
86 183
86 196
86 213
86 215
86 217
86 231
86 248
86 249
86 255
86 260
86 261
86 274
86 275
86 279
87 91
87 97
87 99
87 142
87 144
87 156
87 165
87 169
87 174
87 175
87 178
87 183
87 196
87 213
87 215
87 217
87 231
87 248
87 249
87 255
87 260
87 261
87 274
87 275
87 279
88 91
88 97
88 99
88 142
88 144
88 156
88 165
88 169
88 174
88 175
88 178
88 183
88 196
88 213
88 215
88 217
88 231
88 248
88 249
88 255
88 260
88 261
88 274
88 275
88 279
89 91
89 97
89 99
89 142
89 144
89 165
89 174
89 175
89 183
89 196
89 213
89 215
89 217
89 248
89 249
89 255
89 260
89 261
89 274
89 275
89 279
90 91
90 97
90 99
90 117
90 118
90 142
90 144
90 165
90 174
90 175
90 183
90 196
90 213
90 215
90 217
90 248
90 249
90 255
90 260
90 261
90 274
90 275
90 279
91 97
91 99
91 118
91 137
91 142
91 174
91 175
91 183
91 184
91 196
91 215
91 248
91 261
91 266
91 274
91 275
91 279
91 284
92 97
92 103
92 118
92 137
92 155
92 174
92 175
92 183
92 184
92 196
92 215
92 241
92 248
92 261
92 266
92 275
92 284
93 97
93 103
93 116
93 118
93 155
93 174
93 183
93 184
93 185
93 196
93 215
93 241
93 248
93 261
93 266
93 275
93 284
94 97
94 112
94 116
94 118
94 145
94 155
94 174
94 183
94 184
94 196
94 215
94 241
94 248
94 261
94 266
94 275
94 284
95 97
95 112
95 116
95 118
95 145
95 148
95 155
95 174
95 183
95 184
95 196
95 215
95 241
95 248
95 261
95 266
95 275
95 284
96 97
96 108
96 112
96 116
96 118
96 124
96 145
96 148
96 155
96 174
96 183
96 196
96 215
96 241
96 248
96 266
96 275
96 284
97 97
97 108
97 112
97 124
97 145
97 148
97 155
97 174
97 183
97 196
97 215
97 241
97 248
97 275
97 284
98 97
98 108
98 112
98 124
98 145
98 148
98 155
98 174
98 183
98 196
98 215
98 241
98 248
98 275
98 283
98 284
99 97
99 108
99 112
99 124
99 145
99 148
99 155
99 174
99 183
99 196
99 215
99 241
99 248
99 275
99 283
99 284
100 97
100 108
100 112
100 124
100 145
100 148
100 155
100 174
100 183
100 196
100 215
100 241
100 248
100 275
100 284
101 97
101 108
101 112
101 124
101 145
101 148
101 155
101 174
101 183
101 196
101 215
101 241
101 248
101 275
101 284
102 97
102 108
102 112
102 124
102 128
102 138
102 141
102 145
102 148
102 155
102 174
102 179
102 187
102 196
102 215
102 248
102 275
102 284
103 97
103 108
103 112
103 123
103 124
103 128
103 138
103 141
103 145
103 148
103 155
103 174
103 179
103 187
103 196
103 215
103 248
103 275
103 284
104 108
104 111
104 112
104 120
104 128
104 138
104 141
104 145
104 155
104 174
104 179
104 196
104 215
104 248
104 275
104 284
105 108
105 111
105 112
105 120
105 128
105 138
105 141
105 145
105 155
105 164
105 174
105 179
105 196
105 215
105 248
105 275
105 284
106 108
106 111
106 112
106 120
106 128
106 138
106 141
106 145
106 155
106 164
106 174
106 179
106 192
106 196
106 215
106 248
106 275
106 284
107 108
107 111
107 112
107 120
107 128
107 138
107 141
107 145
107 155
107 164
107 170
107 174
107 179
107 192
107 196
107 215
107 248
107 275
107 284
108 108
108 111
108 120
108 128
108 138
108 141
108 145
108 155
108 164
108 170
108 179
108 192
108 196
108 215
108 248
108 273
108 275
108 284
109 108
109 111
109 120
109 128
109 138
109 141
109 145
109 155
109 164
109 170
109 179
109 192
109 196
109 215
109 248
109 273
109 275
109 284
110 108
110 111
110 120
110 128
110 138
110 141
110 145
110 155
110 164
110 170
110 179
110 192
110 215
110 248
110 273
110 275
110 284
111 108
111 111
111 120
111 128
111 138
111 141
111 155
111 164
111 170
111 179
111 192
111 215
111 248
111 273
111 275
111 284
112 128
112 141
112 146
112 154
112 155
112 170
112 192
112 206
112 215
112 248
112 273
112 284
113 128
113 141
113 146
113 151
113 154
113 155
113 170
113 189
113 215
113 273
113 284
114 128
114 141
114 146
114 151
114 154
114 155
114 170
114 189
114 215
114 273
114 284
115 141
115 146
115 151
115 170
115 189
115 215
115 284
116 141
116 146
116 151
116 170
116 189
116 215
116 284
117 119
117 141
117 146
117 151
117 170
117 189
117 215
117 243
117 284
118 141
118 151
118 170
118 189
118 211
118 247
118 284
119 141
119 151
119 170
119 189
119 211
119 247
119 284
120 141
120 151
120 170
120 189
120 211
120 247
120 284
121 141
121 151
121 170
121 211
121 224
121 247
121 284
122 141
122 151
122 170
122 211
122 224
122 247
122 284
123 141
123 151
123 170
123 211
123 224
123 247
123 284
124 141
124 151
124 170
124 211
124 224
124 247
124 284
125 141
125 151
125 170
125 211
125 224
125 247
125 284
126 141
126 151
126 170
126 211
126 247
126 284
127 141
127 151
127 170
127 211
127 247
127 284
128 141
128 151
128 170
128 211
128 247
128 284
129 141
129 151
129 211
129 247
129 284
130 141
130 151
130 211
130 247
130 284
131 141
131 151
131 211
131 247
131 284
132 141
132 151
132 211
132 247
132 284
133 141
133 151
133 211
133 247
133 284
134 141
134 151
134 211
134 247
134 270
134 284
135 141
135 151
135 211
135 247
135 270
135 284
136 141
136 151
136 211
136 247
136 270
136 284
137 141
137 151
137 211
137 247
137 270
137 284
138 151
138 211
138 247
138 270
138 284
139 151
139 247
139 270
139 284
140 151
140 153
140 247
140 270
140 284
141 151
141 153
141 167
141 247
141 254
141 270
141 284
142 151
142 153
142 157
142 167
142 247
142 270
142 284
143 151
143 153
143 157
143 167
143 270
143 284
144 151
144 153
144 157
144 167
144 270
144 284
145 151
145 153
145 157
145 167
145 267
145 270
145 284
146 151
146 153
146 157
146 167
146 267
146 270
146 284
147 157
147 167
147 267
147 270
147 284
148 157
148 267
148 270
148 284
149 267
149 270
149 284
150 267
150 270
150 284
151 267
151 270
151 284
152 267
152 270
152 284
153 267
153 270
153 284
154 267
154 270
155 267
155 270
156 267
156 270
157 267
157 270
158 267
158 270
159 267
159 268
160 171
160 230
160 267
160 268
161 171
161 230
161 267
161 268
162 171
162 222
162 230
162 268
163 171
163 188
163 222
163 230
163 268
164 171
164 188
164 222
164 230
164 268
164 271
165 171
165 188
165 222
165 230
165 268
165 271
166 171
166 188
166 222
166 268
166 271
167 171
167 188
167 195
167 200
167 222
167 268
167 271
168 171
168 195
168 198
168 200
168 216
168 222
168 232
168 268
168 271
169 171
169 198
169 200
169 216
169 222
169 232
169 268
169 271
170 171
170 190
170 198
170 200
170 216
170 222
170 232
170 271
171 171
171 190
171 198
171 200
171 216
171 232
171 271
172 171
172 190
172 198
172 200
172 216
172 232
172 271
173 171
173 190
173 198
173 200
173 216
173 232
173 271
174 171
174 190
174 198
174 200
174 216
174 232
174 271
175 171
175 190
175 198
175 200
175 216
175 232
175 271
176 171
176 190
176 198
176 200
176 216
176 232
176 271
177 171
177 190
177 198
177 200
177 216
177 232
177 271
178 171
178 190
178 198
178 200
178 216
178 232
178 246
178 271
179 198
179 200
179 216
179 232
179 234
179 246
179 271
180 198
180 200
180 216
180 232
180 234
180 246
180 271
181 198
181 200
181 216
181 232
181 234
181 246
181 271
182 198
182 200
182 216
182 232
182 234
182 246
182 271
183 198
183 200
183 216
183 232
183 234
183 246
183 271
184 198
184 200
184 216
184 232
184 234
184 246
184 271
185 198
185 200
185 216
185 232
185 234
185 246
185 271
186 198
186 200
186 216
186 232
186 234
186 246
187 198
187 200
187 216
187 232
187 234
187 246
188 198
188 200
188 216
188 232
188 234
188 246
189 198
189 200
189 216
189 232
189 234
189 246
190 198
190 200
190 216
190 232
190 234
190 246
191 198
191 200
191 216
191 232
191 234
191 246
192 200
192 232
192 234
192 246
193 200
193 232
193 234
193 246
194 200
194 232
194 234
194 246
195 200
195 207
195 220
195 232
195 234
195 246
195 277
196 200
196 207
196 220
196 232
196 234
196 277
197 200
197 207
197 220
197 232
197 234
197 277
198 200
198 207
198 220
198 232
198 234
198 277
199 200
199 207
199 220
199 232
199 234
199 277
200 207
200 220
200 232
200 277
201 207
201 220
201 277
202 207
202 220
202 277
203 207
203 277
204 207
204 256
204 277
205 207
205 256
205 277
206 207
206 256
206 277
207 207
207 237
207 256
207 277
208 207
208 237
208 256
209 207
209 237
209 256
210 237
210 256
211 237
211 256
212 237
212 256
213 237
213 256
214 237
214 256
215 237
215 256
216 237
216 256
217 237
217 256
217 258
217 276
218 237
218 256
218 258
218 276
219 256
219 258
219 276
220 256
220 258
220 276
221 256
221 258
221 276
222 242
222 256
222 258
222 276
223 242
223 256
223 258
223 276
224 256
224 258
224 276
225 256
225 258
225 262
225 276
226 256
226 258
226 262
226 276
227 256
227 258
227 262
227 276
228 256
228 258
228 262
228 276
229 256
229 258
229 262
229 276
230 256
230 258
230 262
230 276
231 256
231 258
231 262
231 269
231 276
232 256
232 258
232 262
232 269
232 276
233 256
233 258
233 262
233 269
233 276
234 256
234 258
234 262
234 269
234 276
235 256
235 258
235 262
235 269
235 276
236 256
236 258
236 262
236 269
236 276
237 256
237 258
237 262
237 276
238 256
238 258
238 262
238 276
239 256
239 258
239 262
239 276
240 256
240 258
240 262
240 276
241 256
241 258
241 262
241 276
242 256
242 258
242 262
242 276
243 256
243 258
243 262
243 276
244 256
244 258
244 262
244 276
245 256
245 258
245 262
245 264
245 276
246 256
246 258
246 262
246 264
246 276
247 256
247 258
247 262
247 264
247 272
247 276
248 256
248 258
248 259
248 262
248 276
249 256
249 258
249 259
249 262
249 276
250 256
250 258
250 259
250 262
250 276
251 256
251 258
251 259
251 262
251 276
252 256
252 258
252 259
252 262
252 276
253 256
253 258
253 259
253 262
253 276
254 256
254 258
254 259
254 262
254 276
255 256
255 258
255 259
255 262
255 276
256 256
256 262
256 276
257 256
257 262
258 256
258 262
259 256
259 262
260 256
260 262
261 256
261 262
262 256
262 262
263 256
263 262
264 262
265 262
266 262
267 262
268 262
269 262
270 262
274 282
275 282
276 282
277 282
