1 3
2 182
3 110
3 182
3 279
4 5
4 8
4 22
4 34
4 36
4 56
4 72
4 84
4 89
4 110
4 182
4 279
5 10
5 22
5 34
5 46
5 56
5 58
5 84
5 89
5 110
5 182
5 220
5 279
6 12
6 19
6 22
6 24
6 34
6 43
6 46
6 56
6 58
6 89
6 110
6 148
6 173
6 182
6 220
6 247
6 250
6 279
7 11
7 12
7 19
7 22
7 24
7 34
7 46
7 56
7 58
7 67
7 89
7 148
7 173
7 182
7 220
7 247
7 250
8 11
8 12
8 16
8 19
8 22
8 24
8 27
8 34
8 56
8 58
8 67
8 80
8 89
8 97
8 148
8 173
8 182
8 206
8 220
8 247
8 250
9 11
9 12
9 16
9 19
9 22
9 27
9 34
9 56
9 58
9 67
9 80
9 89
9 97
9 148
9 173
9 182
9 185
9 206
9 220
9 247
9 250
10 11
10 12
10 15
10 16
10 19
10 22
10 27
10 34
10 56
10 67
10 80
10 89
10 97
10 148
10 173
10 182
10 185
10 206
10 208
10 220
10 247
10 250
11 17
11 19
11 80
11 89
11 94
11 97
11 105
11 148
11 153
11 163
11 173
11 182
11 185
11 192
11 206
11 208
11 220
11 247
11 250
11 270
11 277
12 19
12 42
12 80
12 89
12 94
12 97
12 105
12 148
12 153
12 163
12 173
12 182
12 185
12 192
12 206
12 208
12 220
12 232
12 247
12 250
12 270
12 277
13 19
13 21
13 40
13 42
13 49
13 52
13 80
13 89
13 94
13 97
13 105
13 148
13 153
13 163
13 173
13 179
13 182
13 185
13 192
13 206
13 208
13 220
13 232
13 247
13 250
13 270
13 277
14 19
14 21
14 37
14 40
14 49
14 52
14 80
14 81
14 89
14 94
14 97
14 99
14 105
14 148
14 153
14 163
14 170
14 173
14 179
14 182
14 185
14 192
14 206
14 208
14 220
14 232
14 247
14 250
14 270
14 277
15 21
15 37
15 40
15 49
15 52
15 80
15 81
15 89
15 97
15 99
15 105
15 148
15 153
15 163
15 173
15 179
15 182
15 185
15 192
15 206
15 208
15 220
15 247
15 250
15 270
15 277
16 18
16 21
16 37
16 40
16 49
16 52
16 80
16 81
16 89
16 97
16 99
16 105
16 148
16 153
16 163
16 173
16 179
16 182
16 185
16 192
16 206
16 208
16 220
16 247
16 250
16 270
16 277
17 21
17 29
17 49
17 52
17 55
17 65
17 80
17 81
17 89
17 97
17 99
17 105
17 122
17 148
17 153
17 163
17 179
17 182
17 185
17 192
17 206
17 208
17 220
17 247
17 250
17 257
17 270
17 277
18 20
18 21
18 25
18 39
18 52
18 57
18 64
18 79
18 81
18 89
18 97
18 99
18 108
18 122
18 123
18 130
18 131
18 137
18 146
18 148
18 163
18 179
18 182
18 185
18 192
18 206
18 208
18 220
18 247
18 257
18 270
18 277
19 20
19 21
19 32
19 39
19 57
19 64
19 79
19 97
19 99
19 108
19 122
19 123
19 130
19 131
19 137
19 146
19 148
19 163
19 179
19 181
19 182
19 185
19 206
19 208
19 220
19 247
19 257
19 270
19 277
20 39
20 45
20 57
20 64
20 97
20 99
20 108
20 122
20 123
20 130
20 137
20 146
20 148
20 163
20 179
20 181
20 182
20 185
20 206
20 208
20 214
20 220
20 247
20 257
20 270
20 277
21 39
21 45
21 57
21 64
21 97
21 99
21 108
21 113
21 122
21 123
21 130
21 146
21 148
21 163
21 179
21 182
21 185
21 206
21 208
21 214
21 220
21 247
21 257
21 270
21 277
22 26
22 31
22 57
22 97
22 99
22 108
22 113
22 122
22 123
22 130
22 146
22 148
22 163
22 179
22 182
22 185
22 206
22 208
22 214
22 220
22 247
22 257
22 270
22 277
23 57
23 97
23 99
23 107
23 108
23 113
23 123
23 127
23 130
23 146
23 148
23 163
23 179
23 182
23 184
23 185
23 206
23 208
23 214
23 220
23 247
23 257
23 270
23 277
24 30
24 41
24 97
24 99
24 107
24 108
24 113
24 127
24 130
24 148
24 163
24 179
24 184
24 185
24 187
24 206
24 208
24 214
24 220
24 247
24 257
24 270
24 277
25 30
25 41
25 97
25 99
25 107
25 108
25 113
25 127
25 130
25 148
25 163
25 179
25 184
25 185
25 187
25 206
25 208
25 214
25 220
25 247
25 257
25 270
25 277
26 30
26 33
26 41
26 48
26 97
26 99
26 108
26 113
26 127
26 130
26 148
26 163
26 179
26 184
26 185
26 187
26 206
26 208
26 214
26 220
26 247
26 257
26 258
26 270
26 277
27 33
27 38
27 41
27 48
27 99
27 108
27 113
27 127
27 148
27 163
27 179
27 185
27 187
27 206
27 214
27 220
27 247
27 257
27 258
27 270
27 277
28 33
28 38
28 41
28 48
28 51
28 82
28 99
28 108
28 113
28 127
28 148
28 163
28 179
28 185
28 187
28 206
28 214
28 220
28 247
28 257
28 258
28 270
28 277
29 38
29 41
29 48
29 51
29 82
29 99
29 108
29 113
29 127
29 148
29 163
29 179
29 185
29 187
29 206
29 214
29 220
29 238
29 247
29 257
29 258
29 270
29 277
30 38
30 41
30 48
30 51
30 82
30 99
30 108
30 113
30 127
30 148
30 163
30 179
30 185
30 187
30 206
30 214
30 220
30 238
30 247
30 257
30 258
30 270
30 277
31 38
31 41
31 51
31 82
31 99
31 108
31 113
31 148
31 163
31 179
31 185
31 187
31 201
31 206
31 214
31 220
31 238
31 247
31 257
31 258
31 270
31 277
32 38
32 41
32 82
32 99
32 113
32 114
32 118
32 144
32 148
32 163
32 179
32 187
32 201
32 206
32 214
32 220
32 257
32 258
32 270
32 277
33 35
33 38
33 41
33 82
33 99
33 113
33 114
33 118
33 144
33 148
33 163
33 179
33 187
33 188
33 201
33 206
33 214
33 220
33 257
33 258
33 270
33 277
34 35
34 38
34 53
34 73
34 99
34 113
34 114
34 118
34 144
34 148
34 163
34 179
34 187
34 188
34 201
34 206
34 214
34 220
34 257
34 258
34 270
34 277
35 35
35 38
35 53
35 73
35 99
35 113
35 114
35 118
35 144
35 148
35 163
35 179
35 187
35 188
35 201
35 206
35 214
35 220
35 257
35 258
35 270
35 277
36 38
36 53
36 63
36 73
36 99
36 113
36 114
36 118
36 144
36 156
36 163
36 179
36 187
36 188
36 201
36 206
36 214
36 220
36 257
36 258
36 270
36 277
37 38
37 62
37 63
37 93
37 95
37 99
37 118
37 144
37 156
37 163
37 167
37 177
37 179
37 187
37 188
37 201
37 206
37 214
37 220
37 233
37 257
37 258
37 270
37 277
38 38
38 62
38 95
38 99
38 144
38 156
38 163
38 167
38 177
38 179
38 187
38 188
38 201
38 206
38 214
38 220
38 233
38 257
38 258
38 270
38 277
39 62
39 77
39 95
39 99
39 144
39 156
39 163
39 167
39 177
39 179
39 187
39 188
39 201
39 206
39 214
39 220
39 233
39 257
39 258
39 270
39 277
40 62
40 77
40 95
40 99
40 144
40 156
40 163
40 167
40 177
40 179
40 187
40 188
40 201
40 206
40 214
40 220
40 233
40 257
40 258
40 270
40 277
41 62
41 77
41 95
41 99
41 144
41 156
41 163
41 167
41 177
41 179
41 187
41 188
41 201
41 206
41 214
41 220
41 233
41 257
41 258
41 270
41 277
42 62
42 77
42 95
42 99
42 144
42 156
42 163
42 167
42 177
42 179
42 187
42 188
42 201
42 206
42 214
42 220
42 233
42 257
42 258
42 270
42 277
43 62
43 77
43 95
43 156
43 163
43 167
43 177
43 179
43 187
43 188
43 201
43 206
43 214
43 220
43 233
43 257
43 258
43 270
43 277
44 62
44 75
44 77
44 163
44 167
44 177
44 179
44 187
44 188
44 201
44 206
44 214
44 220
44 233
44 257
44 258
44 270
44 277
45 62
45 75
45 77
45 121
45 163
45 167
45 177
45 179
45 187
45 188
45 201
45 206
45 214
45 220
45 233
45 257
45 258
45 270
45 277
46 54
46 62
46 75
46 77
46 121
46 163
46 167
46 177
46 179
46 187
46 188
46 201
46 206
46 214
46 220
46 233
46 258
46 270
46 277
47 54
47 62
47 75
47 77
47 121
47 163
47 167
47 177
47 179
47 187
47 188
47 201
47 206
47 214
47 220
47 233
47 258
47 270
47 277
48 54
48 59
48 61
48 62
48 75
48 77
48 121
48 133
48 163
48 167
48 177
48 179
48 187
48 188
48 206
48 214
48 220
48 233
48 258
48 270
48 277
49 54
49 59
49 61
49 62
49 75
49 77
49 92
49 121
49 133
49 163
49 167
49 177
49 179
49 187
49 188
49 206
49 220
49 233
49 258
49 270
49 277
50 54
50 59
50 61
50 77
50 92
50 121
50 133
50 138
50 154
50 163
50 167
50 177
50 179
50 187
50 188
50 206
50 217
50 258
50 270
50 274
50 277
50 281
51 54
51 59
51 61
51 77
51 92
51 121
51 133
51 138
51 149
51 154
51 163
51 167
51 177
51 187
51 188
51 206
51 217
51 258
51 270
51 274
51 277
51 281
52 59
52 61
52 77
52 92
52 121
52 126
52 133
52 138
52 149
52 154
52 163
52 167
52 187
52 188
52 206
52 258
52 270
52 274
52 277
52 281
53 59
53 61
53 77
53 92
53 121
53 126
53 133
53 138
53 149
53 154
53 163
53 167
53 187
53 188
53 206
53 258
53 270
53 274
53 277
53 281
54 59
54 61
54 77
54 92
54 121
54 126
54 133
54 138
54 149
54 154
54 163
54 167
54 187
54 188
54 206
54 258
54 270
54 274
54 277
54 281
55 59
55 61
55 77
55 92
55 121
55 126
55 133
55 138
55 149
55 154
55 163
55 167
55 187
55 188
55 206
55 258
55 270
55 274
55 277
55 281
56 59
56 61
56 77
56 92
56 121
56 126
56 133
56 138
56 149
56 154
56 163
56 167
56 187
56 188
56 206
56 258
56 270
56 274
56 277
56 281
57 68
57 74
57 77
57 85
57 92
57 115
57 119
57 121
57 126
57 138
57 145
57 147
57 149
57 165
57 167
57 187
57 188
57 206
57 236
57 258
57 270
57 274
57 281
58 68
58 74
58 77
58 85
58 92
58 115
58 119
58 121
58 126
58 138
58 145
58 147
58 149
58 165
58 167
58 187
58 188
58 206
58 236
58 258
58 270
58 274
58 281
59 68
59 74
59 77
59 85
59 92
59 115
59 119
59 121
59 126
59 135
59 138
59 145
59 147
59 149
59 165
59 167
59 169
59 187
59 188
59 206
59 236
59 258
59 259
59 270
59 274
59 281
60 66
60 68
60 74
60 83
60 85
60 91
60 92
60 115
60 119
60 121
60 126
60 138
60 145
60 147
60 149
60 169
60 187
60 188
60 206
60 236
60 258
60 259
60 266
60 270
60 281
61 66
61 68
61 74
61 83
61 85
61 91
61 92
61 111
61 112
61 115
61 119
61 121
61 125
61 138
61 145
61 147
61 149
61 169
61 187
61 188
61 191
61 206
61 236
61 258
61 259
61 266
61 270
61 272
61 281
62 66
62 74
62 83
62 85
62 91
62 92
62 111
62 112
62 115
62 119
62 121
62 125
62 138
62 145
62 147
62 149
62 169
62 187
62 188
62 191
62 206
62 236
62 258
62 259
62 266
62 270
62 272
62 281
63 78
63 91
63 92
63 115
63 119
63 121
63 125
63 138
63 141
63 145
63 147
63 149
63 169
63 187
63 188
63 191
63 206
63 218
63 236
63 258
63 259
63 266
63 270
63 272
63 281
64 78
64 87
64 96
64 115
64 119
64 125
64 138
64 140
64 145
64 147
64 149
64 169
64 176
64 187
64 188
64 191
64 199
64 218
64 226
64 236
64 258
64 259
64 266
64 270
64 272
64 281
65 78
65 87
65 96
65 115
65 119
65 125
65 138
65 140
65 145
65 147
65 149
65 169
65 176
65 187
65 188
65 191
65 199
65 218
65 226
65 236
65 258
65 259
65 266
65 270
65 272
65 281
66 76
66 78
66 87
66 96
66 115
66 119
66 125
66 138
66 140
66 145
66 147
66 149
66 169
66 176
66 187
66 188
66 191
66 199
66 218
66 226
66 236
66 258
66 259
66 266
66 270
66 272
66 281
67 78
67 96
67 98
67 104
67 115
67 119
67 125
67 136
67 138
67 140
67 147
67 149
67 159
67 169
67 176
67 191
67 199
67 218
67 226
67 236
67 254
67 258
67 259
67 266
67 281
68 78
68 88
68 90
68 96
68 98
68 104
68 119
68 125
68 136
68 138
68 140
68 147
68 149
68 159
68 169
68 176
68 191
68 199
68 218
68 226
68 236
68 251
68 254
68 256
68 259
68 266
68 281
69 78
69 88
69 90
69 96
69 98
69 104
69 119
69 125
69 136
69 140
69 147
69 149
69 159
69 169
69 176
69 198
69 199
69 218
69 226
69 236
69 251
69 254
69 256
69 259
69 266
70 78
70 88
70 90
70 96
70 98
70 104
70 119
70 125
70 136
70 140
70 147
70 149
70 159
70 169
70 176
70 198
70 199
70 218
70 226
70 236
70 251
70 254
70 256
70 259
70 266
71 78
71 88
71 90
71 96
71 98
71 104
71 119
71 125
71 136
71 140
71 147
71 149
71 159
71 161
71 169
71 176
71 198
71 199
71 218
71 226
71 236
71 251
71 254
71 256
71 259
71 266
72 78
72 88
72 90
72 96
72 98
72 104
72 119
72 125
72 136
72 140
72 147
72 149
72 159
72 161
72 169
72 176
72 198
72 199
72 218
72 226
72 236
72 251
72 254
72 256
72 259
72 266
73 78
73 88
73 90
73 96
73 98
73 104
73 119
73 125
73 136
73 140
73 147
73 149
73 159
73 161
73 169
73 176
73 198
73 199
73 218
73 226
73 236
73 251
73 254
73 256
73 259
73 266
74 78
74 88
74 90
74 96
74 98
74 104
74 119
74 125
74 136
74 140
74 147
74 149
74 159
74 161
74 169
74 176
74 198
74 199
74 218
74 226
74 236
74 251
74 254
74 256
74 259
74 266
75 78
75 88
75 90
75 96
75 98
75 101
75 119
75 125
75 136
75 140
75 147
75 149
75 159
75 161
75 169
75 176
75 198
75 199
75 218
75 226
75 236
75 251
75 254
75 256
75 259
75 266
76 78
76 90
76 96
76 98
76 101
76 119
76 125
76 136
76 140
76 147
76 149
76 159
76 161
76 169
76 176
76 198
76 199
76 218
76 226
76 236
76 251
76 254
76 256
76 259
76 266
77 78
77 90
77 96
77 98
77 119
77 125
77 136
77 140
77 147
77 149
77 159
77 161
77 169
77 198
77 199
77 218
77 226
77 236
77 251
77 254
77 256
77 259
77 266
78 78
78 90
78 96
78 98
78 119
78 125
78 136
78 140
78 147
78 149
78 159
78 161
78 169
78 198
78 199
78 218
78 226
78 236
78 251
78 254
78 256
78 259
79 78
79 96
79 98
79 119
79 125
79 136
79 140
79 147
79 149
79 159
79 161
79 169
79 198
79 199
79 218
79 226
79 227
79 236
79 251
79 254
79 256
79 259
80 78
80 96
80 98
80 119
80 125
80 136
80 140
80 147
80 149
80 159
80 161
80 169
80 198
80 199
80 218
80 226
80 227
80 236
80 244
80 251
80 254
80 256
80 259
81 78
81 96
81 98
81 119
81 125
81 136
81 140
81 147
81 149
81 159
81 161
81 169
81 198
81 199
81 218
81 226
81 227
81 236
81 240
81 244
81 251
81 254
81 256
81 259
82 96
82 98
82 116
82 119
82 125
82 136
82 140
82 147
82 149
82 159
82 169
82 198
82 199
82 218
82 226
82 227
82 234
82 236
82 240
82 244
82 251
82 254
82 256
82 259
83 96
83 98
83 116
83 119
83 125
83 132
83 136
83 140
83 147
83 149
83 159
83 169
83 198
83 199
83 213
83 218
83 226
83 227
83 234
83 236
83 240
83 244
83 251
83 254
83 256
83 259
84 96
84 98
84 116
84 119
84 125
84 132
84 136
84 140
84 147
84 149
84 155
84 159
84 169
84 198
84 199
84 213
84 218
84 226
84 227
84 234
84 236
84 240
84 244
84 251
84 254
84 256
84 259
84 276
85 96
85 98
85 116
85 119
85 125
85 132
85 136
85 140
85 149
85 155
85 159
85 169
85 198
85 199
85 213
85 218
85 226
85 227
85 234
85 240
85 244
85 251
85 254
85 256
85 276
86 96
86 98
86 116
86 119
86 125
86 132
86 136
86 140
86 149
86 155
86 159
86 169
86 198
86 199
86 213
86 218
86 226
86 227
86 234
86 240
86 244
86 251
86 254
86 256
86 276
87 96
87 98
87 119
87 125
87 132
87 136
87 140
87 149
87 159
87 169
87 178
87 198
87 199
87 213
87 218
87 226
87 227
87 234
87 240
87 244
87 251
87 254
87 256
87 276
87 282
88 125
88 132
88 140
88 149
88 157
88 178
88 198
88 199
88 203
88 213
88 218
88 226
88 227
88 234
88 240
88 244
88 251
88 254
88 276
88 282
89 125
89 132
89 140
89 149
89 157
89 178
89 198
89 199
89 200
89 203
89 213
89 218
89 226
89 227
89 234
89 240
89 244
89 251
89 254
89 282
90 125
90 132
90 140
90 149
90 157
90 178
90 198
90 199
90 200
90 203
90 213
90 218
90 226
90 227
90 234
90 240
90 244
90 251
90 254
90 282
91 125
91 132
91 140
91 149
91 157
91 178
91 198
91 199
91 200
91 203
91 213
91 218
91 226
91 227
91 229
91 234
91 240
91 244
91 254
91 282
92 125
92 132
92 140
92 149
92 178
92 198
92 199
92 200
92 203
92 213
92 218
92 226
92 227
92 229
92 234
92 240
92 244
92 254
92 282
93 125
93 132
93 140
93 149
93 178
93 198
93 199
93 200
93 203
93 213
93 218
93 226
93 227
93 229
93 234
93 240
93 244
93 254
93 282
94 125
94 132
94 140
94 149
94 178
94 198
94 199
94 200
94 203
94 213
94 218
94 226
94 227
94 229
94 234
94 240
94 242
94 244
94 254
94 282
95 117
95 125
95 128
95 140
95 149
95 162
95 178
95 198
95 200
95 203
95 213
95 218
95 226
95 227
95 229
95 234
95 240
95 242
95 244
95 254
95 282
95 284
96 103
96 117
96 125
96 128
96 140
96 149
96 162
96 178
96 198
96 200
96 203
96 213
96 227
96 229
96 234
96 240
96 242
96 244
96 254
96 282
96 284
97 103
97 117
97 125
97 140
97 149
97 160
97 162
97 198
97 200
97 203
97 213
97 227
97 229
97 234
97 240
97 242
97 244
97 254
97 282
97 284
98 103
98 117
98 120
98 125
98 140
98 149
98 160
98 198
98 200
98 203
98 213
98 227
98 229
98 234
98 240
98 242
98 244
98 254
98 282
98 284
99 103
99 117
99 120
99 125
99 140
99 149
99 160
99 198
99 200
99 203
99 211
99 213
99 227
99 229
99 234
99 240
99 242
99 244
99 254
99 282
99 284
100 103
100 117
100 120
100 125
100 140
100 149
100 160
100 166
100 198
100 200
100 203
100 211
100 213
100 227
100 229
100 234
100 240
100 242
100 244
100 254
100 282
100 284
101 103
101 117
101 120
101 125
101 140
101 149
101 160
101 166
101 198
101 200
101 203
101 211
101 213
101 227
101 229
101 234
101 240
101 242
101 244
101 254
101 282
101 284
102 103
102 117
102 120
102 125
102 140
102 149
102 160
102 166
102 198
102 200
102 203
102 211
102 213
102 227
102 229
102 234
102 240
102 242
102 244
102 254
102 282
102 284
103 103
103 117
103 120
103 125
103 140
103 149
103 160
103 166
103 190
103 198
103 200
103 203
103 211
103 213
103 227
103 229
103 234
103 240
103 242
103 244
103 254
103 282
104 103
104 117
104 120
104 125
104 140
104 149
104 160
104 166
104 171
104 190
104 198
104 200
104 203
104 211
104 213
104 227
104 229
104 234
104 240
104 242
104 244
104 254
104 282
105 117
105 120
105 125
105 140
105 149
105 160
105 166
105 171
105 190
105 198
105 200
105 203
105 211
105 213
105 227
105 229
105 234
105 240
105 242
105 273
105 282
106 117
106 120
106 140
106 149
106 160
106 171
106 175
106 190
106 198
106 200
106 203
106 211
106 213
106 227
106 229
106 234
106 240
106 242
106 273
106 282
107 117
107 120
107 140
107 149
107 160
107 171
107 175
107 190
107 198
107 200
107 203
107 211
107 213
107 227
107 229
107 234
107 240
107 242
107 273
107 282
108 117
108 120
108 140
108 149
108 160
108 171
108 175
108 190
108 198
108 200
108 203
108 211
108 213
108 227
108 229
108 234
108 240
108 242
108 273
108 282
109 117
109 120
109 140
109 149
109 160
109 171
109 175
109 190
109 198
109 200
109 203
109 211
109 213
109 227
109 229
109 234
109 240
109 242
109 273
109 282
110 117
110 120
110 124
110 140
110 142
110 149
110 160
110 171
110 190
110 197
110 198
110 200
110 203
110 210
110 211
110 213
110 227
110 234
110 240
110 242
110 273
110 282
111 117
111 120
111 124
111 140
111 149
111 160
111 171
111 190
111 197
111 198
111 203
111 209
111 210
111 211
111 213
111 227
111 240
111 242
111 248
111 273
111 282
112 117
112 120
112 124
112 140
112 149
112 160
112 171
112 190
112 197
112 198
112 203
112 209
112 210
112 211
112 213
112 227
112 240
112 242
112 248
112 273
112 282
113 117
113 120
113 134
113 140
113 149
113 160
113 171
113 190
113 197
113 203
113 209
113 210
113 211
113 213
113 227
113 240
113 248
113 273
113 282
114 120
114 134
114 140
114 149
114 160
114 171
114 190
114 197
114 203
114 204
114 209
114 210
114 211
114 213
114 227
114 235
114 248
114 273
114 282
115 120
115 134
115 140
115 149
115 160
115 171
115 172
115 190
115 197
115 203
115 204
115 209
115 210
115 211
115 213
115 227
115 235
115 248
115 273
115 282
116 120
116 134
116 140
116 149
116 160
116 171
116 172
116 190
116 197
116 203
116 204
116 209
116 210
116 211
116 213
116 227
116 235
116 248
116 273
116 282
117 134
117 140
117 149
117 160
117 171
117 172
117 190
117 197
117 203
117 204
117 207
117 210
117 211
117 213
117 227
117 235
117 248
117 273
117 282
118 134
118 140
118 149
118 160
118 171
118 172
118 190
118 197
118 203
118 204
118 207
118 210
118 211
118 213
118 227
118 235
118 248
118 273
118 282
119 134
119 140
119 143
119 149
119 160
119 171
119 172
119 190
119 197
119 203
119 204
119 207
119 210
119 211
119 213
119 227
119 235
119 248
119 273
119 282
120 134
120 140
120 143
120 149
120 160
120 171
120 172
120 197
120 203
120 204
120 207
120 210
120 211
120 213
120 227
120 235
120 248
120 273
120 282
121 129
121 134
121 139
121 140
121 143
121 149
121 160
121 171
121 172
121 197
121 203
121 204
121 210
121 213
121 227
121 235
121 248
121 260
121 273
121 282
122 129
122 134
122 139
122 140
122 143
122 149
122 160
122 171
122 172
122 197
122 203
122 204
122 210
122 213
122 227
122 235
122 248
122 260
122 273
122 282
123 129
123 134
123 139
123 140
123 143
123 149
123 151
123 160
123 171
123 172
123 197
123 203
123 204
123 210
123 213
123 227
123 235
123 260
123 273
123 282
124 134
124 139
124 140
124 151
124 160
124 171
124 172
124 180
124 197
124 203
124 204
124 210
124 213
124 227
124 235
124 260
124 273
124 282
125 134
125 140
125 171
125 172
125 180
125 197
125 203
125 204
125 210
125 213
125 215
125 227
125 235
125 260
125 273
125 282
126 171
126 172
126 180
126 202
126 203
126 204
126 210
126 213
126 215
126 235
126 260
126 273
126 282
127 171
127 172
127 180
127 202
127 203
127 204
127 210
127 213
127 215
127 235
127 237
127 260
127 273
127 282
128 171
128 172
128 180
128 193
128 202
128 203
128 204
128 210
128 213
128 215
128 235
128 237
128 260
128 273
128 282
129 171
129 172
129 180
129 193
129 202
129 203
129 204
129 210
129 213
129 215
129 235
129 237
129 260
129 273
129 282
130 164
130 171
130 172
130 180
130 193
130 202
130 203
130 204
130 210
130 213
130 215
130 235
130 237
130 260
130 273
130 282
131 164
131 171
131 172
131 180
131 193
131 202
131 203
131 204
131 210
131 213
131 215
131 235
131 237
131 260
131 273
131 282
132 164
132 168
132 171
132 172
132 180
132 193
132 202
132 203
132 204
132 210
132 213
132 215
132 235
132 237
132 260
132 273
132 282
133 164
133 168
133 171
133 172
133 180
133 193
133 202
133 203
133 204
133 210
133 213
133 215
133 235
133 237
133 260
133 273
133 282
134 164
134 168
134 171
134 172
134 180
134 189
134 193
134 196
134 202
134 203
134 204
134 210
134 215
134 235
134 237
134 260
134 273
135 158
135 164
135 168
135 171
135 172
135 180
135 189
135 193
135 196
135 202
135 203
135 204
135 210
135 215
135 235
135 237
135 260
135 265
135 273
136 158
136 164
136 168
136 171
136 172
136 180
136 189
136 193
136 196
136 202
136 203
136 204
136 210
136 215
136 230
136 235
136 237
136 260
136 265
136 273
137 158
137 164
137 168
137 171
137 172
137 180
137 189
137 193
137 196
137 202
137 203
137 204
137 210
137 215
137 230
137 235
137 237
137 260
137 265
137 273
138 158
138 168
138 171
138 172
138 180
138 189
138 193
138 196
138 202
138 203
138 204
138 210
138 215
138 230
138 235
138 237
138 260
138 265
138 273
139 158
139 168
139 171
139 172
139 180
139 189
139 193
139 196
139 202
139 203
139 204
139 210
139 215
139 230
139 235
139 237
139 260
139 265
139 273
140 158
140 168
140 171
140 172
140 180
140 189
140 193
140 196
140 202
140 203
140 204
140 210
140 215
140 230
140 235
140 237
140 260
140 265
140 273
141 158
141 168
141 171
141 172
141 180
141 183
141 189
141 193
141 202
141 203
141 204
141 210
141 215
141 230
141 235
141 237
141 260
141 265
141 273
142 158
142 168
142 171
142 172
142 180
142 183
142 189
142 193
142 202
142 203
142 204
142 210
142 230
142 235
142 237
142 260
142 265
142 273
143 150
143 158
143 168
143 171
143 172
143 180
143 183
143 189
143 193
143 202
143 203
143 204
143 210
143 230
143 235
143 237
143 243
143 260
143 265
143 273
144 150
144 168
144 172
144 180
144 183
144 189
144 202
144 203
144 204
144 210
144 230
144 235
144 237
144 243
144 260
144 265
144 273
145 150
145 168
145 172
145 183
145 189
145 202
145 203
145 204
145 210
145 230
145 235
145 237
145 243
145 260
145 265
145 273
146 168
146 172
146 183
146 189
146 202
146 203
146 204
146 210
146 230
146 235
146 237
146 243
146 260
146 265
146 273
147 168
147 172
147 183
147 189
147 202
147 203
147 204
147 210
147 230
147 235
147 237
147 243
147 260
147 265
147 273
148 168
148 172
148 183
148 189
148 202
148 203
148 204
148 210
148 230
148 235
148 237
148 243
148 260
148 265
148 273
149 168
149 172
149 183
149 189
149 202
149 203
149 204
149 210
149 230
149 235
149 237
149 243
149 260
149 265
149 273
150 168
150 172
150 183
150 189
150 202
150 203
150 210
150 235
150 237
150 243
150 260
150 265
150 273
151 168
151 172
151 183
151 189
151 202
151 203
151 210
151 235
151 237
151 243
151 260
151 265
151 273
152 168
152 172
152 183
152 189
152 202
152 203
152 210
152 235
152 237
152 243
152 260
152 265
152 273
153 168
153 172
153 183
153 189
153 202
153 203
153 210
153 235
153 237
153 243
153 252
153 260
153 265
153 273
154 168
154 172
154 183
154 189
154 202
154 203
154 210
154 235
154 237
154 243
154 252
154 265
154 273
155 168
155 172
155 183
155 189
155 202
155 203
155 210
155 235
155 237
155 243
155 252
155 265
155 273
156 168
156 172
156 183
156 189
156 202
156 203
156 210
156 235
156 237
156 243
156 252
156 265
156 273
157 168
157 172
157 183
157 189
157 202
157 203
157 210
157 235
157 237
157 243
157 252
157 265
157 273
158 168
158 172
158 183
158 189
158 202
158 203
158 210
158 235
158 237
158 243
158 252
158 265
158 273
159 168
159 172
159 183
159 189
159 203
159 210
159 235
159 237
159 243
159 252
159 265
159 273
160 168
160 172
160 183
160 189
160 203
160 210
160 235
160 237
160 243
160 252
160 265
160 273
161 168
161 172
161 183
161 189
161 203
161 210
161 237
161 243
161 252
161 265
161 273
162 168
162 172
162 183
162 189
162 195
162 237
162 243
162 252
162 265
162 273
163 168
163 172
163 183
163 189
163 195
163 222
163 237
163 246
163 252
163 265
163 273
164 168
164 172
164 183
164 189
164 195
164 222
164 237
164 246
164 252
164 265
164 280
165 168
165 172
165 183
165 189
165 195
165 222
165 237
165 246
165 252
165 265
165 280
166 168
166 172
166 183
166 189
166 195
166 222
166 237
166 246
166 252
166 265
166 280
167 168
167 172
167 183
167 189
167 194
167 195
167 221
167 222
167 237
167 246
167 252
167 265
167 280
168 168
168 172
168 183
168 189
168 195
168 205
168 221
168 222
168 224
168 237
168 246
168 252
168 265
168 268
168 280
169 168
169 172
169 183
169 189
169 195
169 205
169 221
169 222
169 224
169 237
169 246
169 252
169 265
169 268
169 280
170 168
170 172
170 183
170 189
170 195
170 205
170 221
170 222
170 224
170 237
170 246
170 252
170 265
170 268
170 280
171 168
171 172
171 183
171 189
171 205
171 221
171 222
171 224
171 237
171 252
171 265
171 268
171 280
172 168
172 172
172 183
172 189
172 205
172 221
172 222
172 224
172 237
172 252
172 265
172 268
172 280
173 168
173 172
173 183
173 189
173 205
173 221
173 222
173 224
173 237
173 252
173 255
173 265
173 268
173 280
174 168
174 172
174 189
174 205
174 221
174 224
174 237
174 252
174 255
174 265
174 268
174 280
175 168
175 172
175 189
175 205
175 221
175 224
175 237
175 249
175 252
175 255
175 265
175 268
175 280
176 168
176 172
176 189
176 205
176 221
176 224
176 237
176 249
176 252
176 255
176 265
176 268
176 280
177 168
177 172
177 189
177 205
177 221
177 224
177 237
177 249
177 252
177 255
177 265
177 268
177 280
178 168
178 172
178 189
178 205
178 221
178 224
178 237
178 249
178 252
178 255
178 265
178 268
178 280
179 168
179 172
179 189
179 205
179 221
179 224
179 237
179 249
179 252
179 255
179 265
179 268
179 280
180 168
180 205
180 221
180 224
180 237
180 249
180 252
180 255
180 265
180 268
180 280
181 168
181 221
181 224
181 237
181 249
181 252
181 255
181 265
181 268
181 280
182 168
182 221
182 224
182 237
182 249
182 252
182 255
182 265
182 268
182 280
183 221
183 224
183 231
183 237
183 249
183 252
183 255
183 265
183 268
183 280
184 212
184 221
184 224
184 231
184 237
184 249
184 252
184 255
184 265
184 268
184 269
184 280
185 212
185 221
185 224
185 231
185 237
185 249
185 252
185 255
185 265
185 268
185 269
185 280
186 212
186 221
186 224
186 231
186 237
186 249
186 252
186 255
186 265
186 268
186 269
186 280
187 212
187 221
187 224
187 231
187 237
187 249
187 252
187 255
187 265
187 268
187 269
187 280
188 212
188 221
188 224
188 237
188 249
188 252
188 255
188 268
188 269
188 280
189 212
189 221
189 224
189 237
189 249
189 252
189 255
189 268
189 269
189 280
190 212
190 221
190 224
190 237
190 249
190 252
190 255
190 268
190 269
190 280
191 212
191 221
191 237
191 249
191 252
191 255
191 268
191 269
191 280
192 212
192 219
192 221
192 237
192 249
192 252
192 255
192 268
192 269
192 280
193 212
193 219
193 221
193 237
193 249
193 252
193 255
193 268
193 269
193 280
194 212
194 219
194 221
194 237
194 239
194 249
194 252
194 255
194 268
194 269
194 275
194 280
195 212
195 219
195 221
195 237
195 239
195 249
195 252
195 255
195 268
195 269
195 275
195 280
196 212
196 219
196 221
196 237
196 239
196 249
196 252
196 255
196 268
196 269
196 275
196 280
197 212
197 219
197 221
197 237
197 239
197 249
197 252
197 255
197 268
197 269
197 275
197 280
198 212
198 219
198 221
198 237
198 239
198 249
198 252
198 255
198 268
198 269
198 275
198 280
199 212
199 216
199 219
199 221
199 237
199 239
199 249
199 252
199 255
199 268
199 269
199 275
199 280
200 212
200 216
200 219
200 221
200 237
200 239
200 249
200 252
200 255
200 268
200 269
200 275
200 280
201 212
201 221
201 237
201 239
201 252
201 255
201 269
201 275
201 280
202 212
202 221
202 237
202 239
202 252
202 255
202 269
202 275
202 280
203 212
203 221
203 223
203 237
203 239
203 252
203 255
203 269
203 275
204 212
204 221
204 223
204 237
204 239
204 252
204 255
204 269
204 275
205 212
205 221
205 223
205 228
205 237
205 239
205 252
205 255
205 263
205 269
205 275
206 212
206 221
206 223
206 228
206 237
206 239
206 252
206 255
206 263
206 269
206 275
207 212
207 221
207 223
207 228
207 237
207 239
207 252
207 255
207 263
207 267
207 269
207 275
208 212
208 221
208 223
208 228
208 239
208 252
208 255
208 263
208 267
208 269
208 275
209 212
209 221
209 223
209 228
209 239
209 252
209 255
209 263
209 267
209 269
209 275
210 212
210 221
210 223
210 228
210 239
210 252
210 255
210 263
210 267
210 269
210 275
211 212
211 221
211 223
211 228
211 239
211 252
211 255
211 263
211 267
211 269
211 275
212 212
212 221
212 223
212 228
212 239
212 252
212 255
212 263
212 267
212 269
212 275
213 212
213 221
213 228
213 239
213 255
213 263
213 267
213 269
213 275
214 212
214 221
214 228
214 239
214 255
214 263
214 267
214 269
214 275
215 212
215 221
215 228
215 239
215 255
215 263
215 267
215 269
215 275
216 212
216 221
216 228
216 239
216 255
216 263
216 267
216 269
216 275
217 212
217 221
217 228
217 239
217 255
217 269
217 275
217 278
218 212
218 228
218 255
218 269
218 275
218 278
219 212
219 228
219 255
219 264
219 269
219 275
219 278
220 212
220 228
220 255
220 264
220 269
220 275
220 278
221 212
221 228
221 255
221 264
221 269
221 275
221 278
222 212
222 228
222 255
222 264
222 269
222 275
222 278
223 212
223 228
223 255
223 264
223 269
223 275
223 278
224 212
224 228
224 255
224 264
224 269
224 275
224 278
225 212
225 228
225 255
225 264
225 269
225 275
225 278
226 212
226 228
226 255
226 264
226 275
226 278
227 212
227 228
227 255
227 264
227 275
227 278
228 212
228 228
228 255
228 264
228 275
228 278
229 212
229 228
229 255
229 264
229 275
230 212
230 228
230 255
230 264
230 275
231 228
231 253
231 255
231 264
231 275
232 228
232 253
232 255
232 264
232 275
233 228
233 253
233 255
233 262
233 264
233 275
234 228
234 253
234 255
234 262
234 264
234 275
235 228
235 253
235 255
235 262
235 264
235 275
236 228
236 253
236 255
236 262
236 264
236 275
237 228
237 253
237 255
237 262
237 275
238 228
238 253
238 255
238 262
238 275
239 228
239 253
239 255
239 262
239 275
240 228
240 253
240 255
240 262
240 275
241 228
241 253
241 255
241 262
241 275
242 228
242 253
242 255
242 262
242 275
243 228
243 253
243 255
243 262
243 275
244 253
244 255
244 261
244 262
244 275
245 253
245 255
245 261
245 262
245 275
246 253
246 255
246 262
246 275
247 255
247 262
247 275
248 255
248 262
248 275
249 255
249 275
250 255
250 275
251 255
251 275
252 255
252 275
253 255
253 275
254 255
254 275
255 255
255 275
256 255
256 275
257 255
257 275
258 255
258 275
259 255
259 275
260 255
260 275
261 255
261 275
262 255
262 275
263 255
263 275
264 255
264 275
265 255
265 275
266 255
266 275
267 255
267 275
267 283
268 255
268 275
268 283
269 255
269 275
269 283
270 255
270 283
271 255
271 283
272 255
272 283
273 255
273 283
274 255
274 283
275 255
275 283
276 255
276 283
277 255
277 283
278 255
278 283
279 255
279 283
280 283
281 283
282 283
283 283
284 283
