0 2
0 25
0 41
0 48
0 131
1 25
1 41
1 48
1 131
1 169
2 25
2 41
2 48
2 131
2 169
3 14
3 28
3 41
3 48
3 94
3 115
3 131
3 169
4 34
4 37
4 48
4 78
4 81
4 94
4 131
4 149
4 161
4 169
4 239
4 244
4 249
5 34
5 37
5 48
5 78
5 81
5 131
5 149
5 161
5 169
5 239
5 244
5 249
6 20
6 34
6 37
6 48
6 60
6 78
6 81
6 131
6 149
6 161
6 169
6 239
6 244
6 249
7 10
7 48
7 57
7 60
7 78
7 131
7 149
7 161
7 169
7 239
7 244
7 249
8 11
8 16
8 48
8 57
8 60
8 78
8 125
8 131
8 140
8 149
8 169
8 239
8 244
8 249
9 11
9 16
9 48
9 57
9 60
9 78
9 125
9 131
9 140
9 149
9 169
9 239
9 244
9 249
10 11
10 16
10 48
10 60
10 78
10 125
10 131
10 140
10 149
10 169
10 239
10 244
10 249
11 16
11 48
11 60
11 78
11 111
11 125
11 131
11 140
11 149
11 169
11 239
11 244
11 249
12 16
12 22
12 44
12 48
12 60
12 78
12 111
12 125
12 131
12 140
12 149
12 169
12 225
12 239
12 244
12 249
13 22
13 44
13 48
13 60
13 78
13 101
13 111
13 125
13 131
13 140
13 149
13 169
13 225
13 239
13 244
13 249
14 15
14 22
14 26
14 48
14 61
14 78
14 96
14 111
14 119
14 131
14 140
14 149
14 169
14 195
14 225
14 239
14 244
14 249
15 26
15 48
15 61
15 78
15 96
15 111
15 119
15 128
15 131
15 134
15 169
15 195
15 225
15 239
15 244
15 249
16 26
16 48
16 61
16 78
16 96
16 111
16 119
16 128
16 131
16 134
16 225
16 239
16 249
17 19
17 26
17 33
17 42
17 78
17 96
17 119
17 120
17 123
17 124
17 131
17 134
17 155
17 225
17 239
17 249
17 271
18 26
18 31
18 42
18 78
18 96
18 119
18 120
18 123
18 124
18 131
18 134
18 138
18 155
18 225
18 239
18 249
18 271
19 26
19 27
19 31
19 49
19 78
19 96
19 107
19 119
19 120
19 123
19 124
19 131
19 133
19 134
19 138
19 155
19 225
19 239
19 249
19 271
20 26
20 27
20 31
20 49
20 78
20 96
20 107
20 119
20 120
20 123
20 124
20 131
20 133
20 134
20 138
20 155
20 231
20 239
20 249
20 271
21 26
21 27
21 29
21 31
21 49
21 78
21 96
21 107
21 119
21 120
21 123
21 124
21 131
21 133
21 134
21 138
21 155
21 231
21 239
21 249
21 271
22 26
22 27
22 29
22 31
22 49
22 78
22 96
22 107
22 119
22 120
22 123
22 124
22 131
22 133
22 134
22 138
22 155
22 231
22 239
22 249
22 271
23 29
23 49
23 66
23 73
23 80
23 84
23 102
23 117
23 119
23 123
23 124
23 131
23 138
23 231
23 239
23 249
23 271
24 29
24 49
24 66
24 73
24 80
24 84
24 102
24 117
24 119
24 123
24 124
24 131
24 138
24 231
24 239
24 249
24 271
25 29
25 49
25 66
25 73
25 80
25 84
25 102
25 117
25 119
25 123
25 124
25 131
25 138
25 231
25 239
25 249
25 271
26 32
26 40
26 49
26 66
26 73
26 77
26 80
26 84
26 102
26 117
26 119
26 123
26 124
26 131
26 138
26 168
26 231
26 239
26 249
26 269
26 271
27 32
27 40
27 49
27 66
27 73
27 77
27 80
27 84
27 116
27 117
27 119
27 123
27 124
27 129
27 131
27 138
27 168
27 231
27 239
27 249
27 259
27 269
27 271
28 32
28 40
28 49
28 52
28 73
28 77
28 80
28 104
28 116
28 117
28 119
28 123
28 124
28 129
28 131
28 138
28 168
28 231
28 239
28 249
28 259
28 269
28 271
29 40
29 43
29 47
29 116
29 117
29 119
29 123
29 124
29 126
29 129
29 131
29 168
29 231
29 239
29 249
29 251
29 259
29 269
29 271
30 40
30 43
30 47
30 116
30 117
30 119
30 123
30 124
30 126
30 129
30 131
30 168
30 214
30 231
30 239
30 249
30 251
30 259
30 269
30 271
31 40
31 43
31 47
31 116
31 117
31 119
31 123
31 124
31 126
31 129
31 131
31 168
31 214
31 231
31 239
31 247
31 249
31 251
31 259
31 269
31 271
32 40
32 43
32 116
32 117
32 119
32 123
32 124
32 126
32 129
32 131
32 168
32 214
32 231
32 239
32 247
32 249
32 251
32 259
32 269
32 271
33 40
33 43
33 45
33 86
33 105
33 116
33 123
33 124
33 126
33 129
33 168
33 214
33 231
33 239
33 247
33 249
33 251
33 259
33 269
33 271
34 40
34 43
34 45
34 86
34 105
34 116
34 123
34 124
34 129
34 168
34 214
34 231
34 239
34 247
34 249
34 251
34 259
34 269
34 271
35 38
35 40
35 45
35 72
35 86
35 105
35 116
35 124
35 129
35 168
35 214
35 231
35 247
35 249
35 251
35 259
35 268
35 271
36 38
36 40
36 51
36 72
36 86
36 105
36 116
36 124
36 129
36 168
36 214
36 231
36 247
36 249
36 251
36 259
36 268
36 271
37 38
37 51
37 54
37 55
37 72
37 86
37 100
37 105
37 116
37 124
37 168
37 186
37 194
37 196
37 214
37 231
37 247
37 249
37 251
37 259
37 268
37 271
38 38
38 50
38 51
38 55
38 68
38 72
38 86
38 100
38 105
38 116
38 168
38 186
38 194
38 196
38 214
38 231
38 247
38 249
38 251
38 259
38 268
38 271
39 38
39 50
39 51
39 55
39 68
39 71
39 72
39 86
39 100
39 105
39 116
39 168
39 186
39 194
39 196
39 214
39 231
39 247
39 249
39 251
39 259
39 268
39 271
40 50
40 51
40 55
40 68
40 69
40 71
40 72
40 100
40 103
40 105
40 116
40 168
40 186
40 194
40 196
40 214
40 231
40 247
40 249
40 251
40 259
40 268
40 271
41 50
41 51
41 55
41 68
41 69
41 71
41 72
41 100
41 103
41 105
41 116
41 168
41 186
41 194
41 196
41 214
41 231
41 247
41 249
41 251
41 259
41 268
41 271
42 50
42 51
42 55
42 68
42 69
42 71
42 72
42 82
42 100
42 103
42 105
42 168
42 186
42 194
42 196
42 214
42 231
42 247
42 249
42 251
42 259
42 268
42 271
43 50
43 51
43 55
43 68
43 69
43 71
43 72
43 82
43 100
43 103
43 105
43 168
43 186
43 194
43 196
43 214
43 231
43 247
43 249
43 251
43 259
43 268
43 271
44 50
44 53
44 55
44 58
44 68
44 69
44 71
44 72
44 76
44 82
44 100
44 103
44 105
44 112
44 152
44 168
44 186
44 194
44 196
44 214
44 231
44 247
44 249
44 251
44 259
44 268
44 271
45 53
45 55
45 56
45 59
45 68
45 71
45 76
45 82
45 90
45 103
45 105
45 152
45 168
45 179
45 181
45 184
45 186
45 194
45 196
45 214
45 231
45 247
45 249
45 251
45 259
45 263
45 268
45 271
46 55
46 56
46 59
46 68
46 76
46 90
46 97
46 103
46 145
46 152
46 168
46 176
46 179
46 181
46 194
46 196
46 199
46 214
46 247
46 251
46 259
46 263
46 268
46 271
46 276
47 55
47 56
47 59
47 68
47 76
47 90
47 97
47 103
47 145
47 152
47 168
47 176
47 179
47 181
47 194
47 196
47 199
47 214
47 247
47 251
47 259
47 263
47 268
47 271
47 276
48 55
48 63
48 64
48 68
48 103
48 106
48 142
48 143
48 148
48 152
48 153
48 167
48 176
48 179
48 194
48 196
48 199
48 202
48 243
48 251
48 258
48 263
48 273
48 276
49 55
49 63
49 64
49 68
49 103
49 106
49 142
49 143
49 148
49 152
49 153
49 167
49 176
49 179
49 194
49 196
49 199
49 202
49 243
49 251
49 258
49 263
49 273
49 276
50 55
50 63
50 68
50 103
50 106
50 142
50 143
50 148
50 152
50 153
50 167
50 176
50 179
50 194
50 196
50 199
50 202
50 224
50 243
50 251
50 258
50 263
50 272
50 273
50 276
51 55
51 63
51 68
51 103
51 106
51 142
51 143
51 148
51 152
51 153
51 154
51 160
51 167
51 174
51 175
51 179
51 194
51 196
51 199
51 202
51 213
51 224
51 243
51 251
51 263
51 272
51 273
51 276
52 55
52 63
52 68
52 89
52 103
52 106
52 130
52 142
52 143
52 148
52 152
52 153
52 154
52 160
52 167
52 174
52 175
52 179
52 194
52 196
52 199
52 202
52 204
52 213
52 224
52 243
52 251
52 263
52 272
52 273
52 276
53 55
53 63
53 68
53 89
53 103
53 106
53 130
53 137
53 142
53 143
53 148
53 152
53 153
53 154
53 160
53 167
53 174
53 175
53 179
53 194
53 196
53 199
53 202
53 204
53 213
53 224
53 243
53 251
53 263
53 272
53 273
54 55
54 63
54 68
54 79
54 89
54 103
54 106
54 130
54 137
54 143
54 148
54 152
54 153
54 154
54 160
54 167
54 174
54 175
54 179
54 194
54 196
54 199
54 202
54 204
54 213
54 224
54 243
54 251
54 263
54 272
54 273
55 55
55 89
55 103
55 106
55 130
55 143
55 148
55 152
55 153
55 154
55 160
55 167
55 174
55 175
55 179
55 194
55 196
55 202
55 204
55 213
55 224
55 243
55 251
55 263
55 266
55 272
55 273
56 91
56 103
56 106
56 130
56 143
56 144
56 148
56 152
56 153
56 154
56 160
56 167
56 174
56 175
56 194
56 196
56 202
56 204
56 213
56 224
56 243
56 251
56 266
56 272
56 273
57 91
57 106
57 130
57 132
57 143
57 144
57 148
57 152
57 153
57 154
57 160
57 167
57 174
57 175
57 194
57 196
57 202
57 204
57 213
57 224
57 243
57 251
57 266
57 272
57 273
58 91
58 106
58 130
58 132
58 143
58 144
58 148
58 152
58 153
58 154
58 160
58 167
58 174
58 175
58 194
58 196
58 202
58 204
58 213
58 224
58 243
58 251
58 266
58 272
58 273
59 65
59 70
59 130
59 132
59 143
59 144
59 148
59 154
59 167
59 196
59 197
59 202
59 204
59 210
59 212
59 213
59 224
59 243
59 251
59 266
59 273
60 65
60 70
60 130
60 132
60 143
60 144
60 148
60 154
60 167
60 196
60 197
60 202
60 204
60 210
60 212
60 213
60 224
60 243
60 251
60 266
60 273
61 70
61 75
61 110
61 130
61 132
61 143
61 144
61 148
61 154
61 157
61 167
61 196
61 197
61 202
61 204
61 210
61 213
61 224
61 243
61 251
61 266
61 273
62 70
62 75
62 110
62 130
62 132
62 143
62 144
62 148
62 154
62 157
62 167
62 196
62 197
62 202
62 204
62 210
62 213
62 224
62 243
62 251
62 266
62 273
63 70
63 75
63 110
63 130
63 132
63 143
63 144
63 148
63 154
63 157
63 167
63 196
63 197
63 202
63 204
63 210
63 213
63 224
63 243
63 251
63 266
63 273
64 75
64 110
64 130
64 132
64 143
64 144
64 148
64 154
64 157
64 167
64 196
64 197
64 201
64 202
64 204
64 210
64 213
64 224
64 243
64 251
64 266
64 273
65 67
65 74
65 108
65 110
65 130
65 132
65 143
65 144
65 148
65 151
65 154
65 157
65 167
65 196
65 197
65 201
65 202
65 204
65 213
65 224
65 243
65 251
65 266
65 273
66 67
66 74
66 108
66 110
66 130
66 132
66 144
66 148
66 151
66 154
66 167
66 196
66 197
66 201
66 202
66 204
66 213
66 224
66 228
66 243
66 251
66 266
66 273
67 85
67 87
67 98
67 108
67 121
67 130
67 132
67 144
67 148
67 151
67 154
67 167
67 196
67 201
67 202
67 204
67 213
67 224
67 228
67 235
67 243
67 251
67 266
67 273
68 85
68 87
68 92
68 98
68 108
68 121
68 130
68 132
68 144
68 148
68 151
68 162
68 167
68 196
68 201
68 202
68 204
68 213
68 224
68 228
68 235
68 243
68 251
68 266
68 273
69 87
69 92
69 98
69 108
69 121
69 130
69 132
69 144
69 150
69 151
69 162
69 167
69 196
69 201
69 202
69 204
69 213
69 224
69 228
69 235
69 243
69 251
69 266
69 273
70 87
70 92
70 98
70 108
70 121
70 130
70 132
70 144
70 150
70 151
70 162
70 167
70 196
70 201
70 202
70 204
70 213
70 224
70 228
70 235
70 243
70 251
70 266
70 273
71 87
71 92
71 98
71 108
71 121
71 130
71 132
71 144
71 150
71 151
71 162
71 167
71 196
71 201
71 202
71 204
71 213
71 224
71 228
71 235
71 243
71 251
71 266
71 273
72 87
72 92
72 98
72 108
72 130
72 132
72 144
72 150
72 151
72 162
72 167
72 196
72 201
72 202
72 213
72 224
72 228
72 235
72 243
72 251
72 266
72 273
73 87
73 92
73 108
73 113
73 130
73 132
73 144
73 150
73 151
73 162
73 167
73 177
73 196
73 201
73 202
73 213
73 224
73 235
73 243
73 251
73 266
73 273
74 87
74 92
74 108
74 113
74 130
74 132
74 144
74 150
74 151
74 162
74 167
74 177
74 196
74 201
74 202
74 213
74 224
74 235
74 243
74 251
74 266
74 273
75 87
75 92
75 108
75 130
75 132
75 144
75 150
75 151
75 162
75 167
75 177
75 196
75 201
75 202
75 213
75 224
75 235
75 243
75 251
75 266
75 273
76 87
76 92
76 108
76 130
76 132
76 144
76 150
76 151
76 162
76 167
76 177
76 196
76 201
76 202
76 213
76 224
76 235
76 243
76 251
76 266
76 273
77 87
77 92
77 108
77 130
77 144
77 150
77 151
77 162
77 177
77 196
77 201
77 202
77 213
77 224
77 235
77 243
77 251
77 266
77 273
78 87
78 92
78 108
78 130
78 150
78 151
78 162
78 177
78 196
78 201
78 202
78 213
78 224
78 235
78 243
78 251
78 266
78 273
79 87
79 92
79 108
79 130
79 136
79 150
79 151
79 162
79 177
79 196
79 201
79 202
79 213
79 224
79 235
79 243
79 251
79 266
79 273
80 87
80 92
80 108
80 122
80 130
80 136
80 150
80 151
80 162
80 177
80 196
80 201
80 202
80 213
80 224
80 235
80 243
80 251
80 266
80 273
81 87
81 92
81 108
81 122
81 130
81 136
81 151
81 162
81 177
81 196
81 201
81 202
81 213
81 224
81 235
81 243
81 251
81 262
81 266
81 273
82 87
82 92
82 108
82 122
82 130
82 136
82 151
82 162
82 177
82 196
82 201
82 202
82 213
82 224
82 235
82 243
82 251
82 262
82 266
82 273
83 87
83 92
83 108
83 122
83 130
83 136
83 151
83 162
83 177
83 196
83 201
83 202
83 213
83 224
83 243
83 251
83 262
83 266
83 273
84 87
84 92
84 108
84 122
84 130
84 136
84 151
84 162
84 177
84 196
84 201
84 202
84 213
84 224
84 243
84 251
84 262
84 266
84 273
85 87
85 88
85 108
85 122
85 130
85 151
85 162
85 177
85 196
85 201
85 202
85 213
85 224
85 243
85 251
85 262
85 266
85 273
86 87
86 108
86 130
86 146
86 151
86 162
86 177
86 196
86 201
86 202
86 213
86 224
86 243
86 251
86 262
86 266
86 273
87 87
87 108
87 130
87 146
87 151
87 162
87 177
87 196
87 201
87 202
87 213
87 224
87 243
87 251
87 262
87 266
87 273
88 87
88 130
88 146
88 151
88 162
88 177
88 196
88 201
88 202
88 213
88 224
88 243
88 251
88 262
88 266
88 273
89 87
89 130
89 146
89 151
89 162
89 196
89 201
89 202
89 224
89 243
89 251
89 262
89 266
89 273
90 130
90 151
90 196
90 201
90 202
90 224
90 243
90 251
90 262
90 266
90 273
91 93
91 151
91 196
91 201
91 202
91 224
91 243
91 251
91 262
91 266
91 273
92 93
92 151
92 196
92 201
92 202
92 224
92 243
92 251
92 262
92 266
92 273
93 93
93 151
93 196
93 201
93 202
93 224
93 243
93 251
93 262
93 266
93 273
94 151
94 196
94 201
94 202
94 224
94 243
94 251
94 262
94 266
94 273
95 151
95 196
95 201
95 202
95 222
95 224
95 243
95 251
95 262
95 266
95 273
96 151
96 196
96 201
96 202
96 222
96 224
96 243
96 251
96 262
96 266
96 273
97 109
97 151
97 158
97 164
97 196
97 201
97 202
97 222
97 243
97 251
97 262
97 266
97 273
98 109
98 151
98 158
98 164
98 196
98 201
98 202
98 219
98 243
98 251
98 262
98 266
98 273
99 109
99 151
99 156
99 158
99 164
99 189
99 201
99 202
99 219
99 243
99 251
99 262
99 266
99 273
100 109
100 151
100 156
100 158
100 164
100 189
100 201
100 202
100 219
100 243
100 251
100 262
100 266
100 273
101 109
101 151
101 156
101 158
101 163
101 164
101 189
101 201
101 202
101 219
101 243
101 251
101 262
101 266
101 273
102 109
102 151
102 156
102 158
102 163
102 164
102 189
102 201
102 202
102 219
102 243
102 251
102 262
102 266
102 273
103 109
103 151
103 156
103 158
103 163
103 164
103 189
103 201
103 202
103 219
103 243
103 251
103 262
103 266
103 273
104 139
104 151
104 156
104 158
104 163
104 164
104 185
104 189
104 201
104 202
104 219
104 243
104 251
104 262
104 266
104 273
105 139
105 151
105 156
105 158
105 163
105 164
105 185
105 189
105 201
105 202
105 219
105 223
105 243
105 251
105 262
105 266
105 273
106 139
106 151
106 156
106 158
106 163
106 164
106 185
106 189
106 201
106 202
106 219
106 223
106 243
106 251
106 262
106 266
106 273
107 139
107 151
107 156
107 158
107 163
107 164
107 185
107 189
107 191
107 201
107 202
107 219
107 223
107 243
107 251
107 262
107 266
107 273
108 139
108 151
108 156
108 158
108 163
108 166
108 185
108 189
108 191
108 201
108 202
108 219
108 223
108 243
108 251
108 262
108 273
109 139
109 151
109 156
109 158
109 163
109 166
109 185
109 189
109 191
109 201
109 219
109 223
109 243
109 251
109 262
109 273
110 139
110 151
110 156
110 158
110 163
110 166
110 170
110 185
110 191
110 201
110 215
110 219
110 223
110 243
110 251
110 262
110 273
111 118
111 139
111 151
111 156
111 163
111 170
111 185
111 215
111 219
111 223
111 243
111 251
111 262
111 273
111 279
112 118
112 139
112 141
112 151
112 156
112 163
112 170
112 185
112 215
112 219
112 223
112 243
112 251
112 262
112 273
112 279
113 118
113 139
113 141
113 156
113 163
113 170
113 185
113 215
113 219
113 223
113 243
113 251
113 262
113 273
113 279
114 118
114 141
114 156
114 163
114 170
114 185
114 215
114 219
114 223
114 243
114 251
114 262
114 273
114 279
115 118
115 127
115 141
115 156
115 163
115 170
115 185
115 215
115 219
115 223
115 240
115 243
115 251
115 262
115 273
115 279
116 118
116 127
116 141
116 156
116 163
116 170
116 185
116 215
116 219
116 223
116 240
116 243
116 251
116 262
116 273
116 279
117 118
117 127
117 141
117 156
117 163
117 170
117 215
117 219
117 223
117 240
117 243
117 251
117 262
117 273
117 279
118 118
118 127
118 141
118 156
118 163
118 170
118 215
118 219
118 223
118 240
118 243
118 251
118 262
118 273
118 279
119 118
119 127
119 141
119 156
119 163
119 170
119 215
119 219
119 223
119 240
119 243
119 250
119 251
119 262
119 273
119 279
120 127
120 141
120 156
120 170
120 198
120 215
120 219
120 223
120 240
120 243
120 250
120 251
120 262
120 273
120 279
121 127
121 135
121 141
121 156
121 170
121 172
121 178
121 187
121 198
121 215
121 223
121 240
121 243
121 250
121 251
121 262
121 267
121 273
121 279
122 127
122 135
122 141
122 156
122 170
122 172
122 178
122 187
122 198
122 215
122 223
122 240
122 243
122 250
122 251
122 262
122 267
122 273
122 279
123 127
123 135
123 141
123 170
123 172
123 178
123 180
123 187
123 198
123 215
123 220
123 223
123 240
123 243
123 250
123 251
123 262
123 267
123 273
123 279
124 135
124 170
124 172
124 178
124 180
124 187
124 198
124 220
124 223
124 240
124 243
124 250
124 251
124 262
124 267
124 273
124 279
125 135
125 170
125 172
125 178
125 187
125 198
125 220
125 223
125 240
125 243
125 250
125 251
125 262
125 267
125 273
125 279
126 135
126 165
126 170
126 172
126 178
126 183
126 187
126 198
126 221
126 240
126 243
126 248
126 250
126 251
126 262
126 267
126 273
126 279
127 135
127 165
127 170
127 172
127 178
127 183
127 187
127 198
127 221
127 240
127 243
127 248
127 250
127 251
127 262
127 267
127 273
127 279
127 281
128 135
128 165
128 170
128 172
128 178
128 183
128 187
128 198
128 221
128 240
128 243
128 248
128 250
128 251
128 262
128 267
128 273
128 279
128 281
129 135
129 159
129 165
129 170
129 172
129 178
129 183
129 187
129 198
129 221
129 240
129 243
129 248
129 250
129 251
129 262
129 267
129 273
129 279
129 281
130 135
130 159
130 165
130 170
130 172
130 173
130 178
130 183
130 198
130 221
130 240
130 243
130 248
130 250
130 251
130 262
130 267
130 273
130 279
130 281
131 135
131 159
131 165
131 170
131 172
131 173
131 178
131 183
131 198
131 221
131 240
131 243
131 248
131 250
131 251
131 262
131 267
131 273
131 279
131 281
132 135
132 159
132 165
132 170
132 173
132 178
132 182
132 183
132 221
132 240
132 243
132 248
132 250
132 251
132 261
132 262
132 267
132 273
132 281
133 135
133 159
133 165
133 170
133 173
133 178
133 183
133 221
133 240
133 243
133 248
133 250
133 251
133 261
133 262
133 267
133 273
133 281
134 159
134 165
134 170
134 171
134 173
134 178
134 183
134 221
134 240
134 245
134 248
134 250
134 251
134 261
134 262
134 267
134 273
134 281
135 159
135 165
135 170
135 171
135 173
135 178
135 183
135 221
135 240
135 245
135 248
135 251
135 261
135 262
135 267
135 273
135 281
136 159
136 165
136 170
136 171
136 173
136 178
136 183
136 221
136 240
136 245
136 248
136 251
136 261
136 262
136 267
136 273
136 281
137 159
137 165
137 170
137 171
137 173
137 178
137 183
137 188
137 221
137 240
137 245
137 248
137 251
137 261
137 262
137 267
137 273
137 281
138 159
138 165
138 170
138 171
138 173
138 178
138 183
138 188
138 221
138 237
138 240
138 245
138 248
138 251
138 252
138 262
138 267
138 281
139 159
139 165
139 170
139 171
139 173
139 178
139 183
139 188
139 221
139 237
139 240
139 245
139 248
139 251
139 252
139 262
139 267
139 281
140 159
140 165
140 170
140 171
140 173
140 178
140 183
140 188
140 221
140 237
140 240
140 245
140 248
140 251
140 252
140 262
140 267
140 281
141 159
141 165
141 170
141 171
141 173
141 178
141 183
141 188
141 221
141 237
141 240
141 245
141 248
141 251
141 252
141 262
141 267
141 281
142 159
142 165
142 170
142 171
142 173
142 178
142 183
142 188
142 221
142 237
142 240
142 245
142 248
142 251
142 252
142 262
142 267
142 281
143 159
143 165
143 170
143 171
143 173
143 178
143 183
143 188
143 206
143 221
143 237
143 240
143 245
143 248
143 251
143 252
143 262
143 267
143 278
143 281
144 159
144 165
144 170
144 171
144 173
144 183
144 188
144 206
144 221
144 237
144 240
144 245
144 248
144 251
144 252
144 262
144 267
144 278
144 281
145 159
145 165
145 170
145 171
145 173
145 183
145 188
145 221
145 237
145 240
145 245
145 248
145 251
145 252
145 262
145 267
145 278
145 281
146 159
146 165
146 170
146 171
146 173
146 183
146 188
146 221
146 237
146 240
146 245
146 248
146 251
146 252
146 262
146 267
146 278
146 281
147 159
147 165
147 170
147 171
147 173
147 183
147 188
147 209
147 221
147 237
147 240
147 245
147 248
147 251
147 252
147 267
147 278
147 281
148 159
148 165
148 170
148 171
148 173
148 183
148 188
148 209
148 221
148 237
148 240
148 245
148 248
148 251
148 252
148 267
148 278
148 281
149 159
149 165
149 170
149 171
149 173
149 183
149 188
149 209
149 221
149 237
149 240
149 245
149 248
149 251
149 252
149 267
149 278
149 281
150 159
150 165
150 171
150 173
150 183
150 188
150 221
150 237
150 240
150 245
150 248
150 252
150 267
150 278
150 281
151 159
151 165
151 171
151 188
151 221
151 245
151 248
151 252
151 264
151 267
151 275
151 278
151 281
152 159
152 165
152 171
152 188
152 221
152 245
152 248
152 252
152 264
152 267
152 275
152 278
152 281
153 159
153 165
153 171
153 211
153 221
153 245
153 246
153 248
153 252
153 264
153 267
153 275
153 278
153 281
154 159
154 165
154 171
154 211
154 221
154 245
154 246
154 248
154 252
154 264
154 267
154 275
154 278
154 281
155 159
155 165
155 171
155 211
155 221
155 245
155 246
155 248
155 252
155 264
155 267
155 275
155 278
155 281
156 159
156 165
156 171
156 211
156 221
156 245
156 246
156 248
156 252
156 264
156 267
156 275
156 278
156 281
157 159
157 165
157 171
157 211
157 221
157 245
157 246
157 248
157 252
157 264
157 267
157 275
157 278
157 281
158 165
158 171
158 211
158 221
158 245
158 246
158 248
158 252
158 264
158 267
158 275
158 278
158 281
159 165
159 171
159 211
159 221
159 245
159 246
159 248
159 252
159 264
159 267
159 275
159 278
159 281
160 165
160 171
160 211
160 221
160 245
160 246
160 248
160 252
160 264
160 267
160 275
160 278
160 281
161 171
161 211
161 221
161 245
161 246
161 248
161 252
161 264
161 267
161 275
161 278
161 281
162 171
162 211
162 221
162 245
162 246
162 248
162 252
162 264
162 267
162 275
162 278
162 281
163 171
163 211
163 221
163 245
163 248
163 252
163 264
163 267
163 278
163 281
164 171
164 211
164 221
164 245
164 248
164 252
164 264
164 267
164 278
164 281
165 171
165 211
165 221
165 245
165 248
165 252
165 264
165 267
165 278
165 281
166 171
166 192
166 211
166 221
166 245
166 248
166 252
166 253
166 264
166 267
166 278
166 281
167 171
167 192
167 211
167 221
167 245
167 248
167 252
167 264
167 267
167 278
167 281
168 171
168 192
168 211
168 221
168 245
168 248
168 252
168 264
168 267
168 278
168 281
169 171
169 205
169 208
169 211
169 221
169 245
169 248
169 252
169 264
169 278
169 281
170 171
170 205
170 208
170 211
170 221
170 245
170 248
170 252
170 264
170 278
170 281
171 171
171 205
171 211
171 221
171 245
171 248
171 252
171 264
171 278
171 281
172 171
172 203
172 205
172 211
172 221
172 245
172 248
172 252
172 264
172 278
172 281
173 171
173 203
173 205
173 211
173 221
173 245
173 248
173 252
173 260
173 264
173 281
174 171
174 203
174 205
174 211
174 221
174 245
174 248
174 252
174 260
174 264
174 281
175 171
175 203
175 205
175 211
175 221
175 245
175 248
175 252
175 260
175 264
175 281
176 203
176 211
176 221
176 234
176 245
176 248
176 252
176 260
176 264
176 281
177 203
177 211
177 221
177 234
177 245
177 248
177 252
177 260
177 264
177 281
178 203
178 217
178 221
178 234
178 245
178 248
178 252
178 260
178 264
178 281
179 203
179 217
179 221
179 234
179 245
179 248
179 252
179 260
179 264
179 281
180 203
180 217
180 221
180 234
180 248
180 252
180 260
180 264
180 281
181 217
181 221
181 233
181 234
181 242
181 248
181 252
181 260
181 264
181 281
182 217
182 221
182 233
182 234
182 242
182 248
182 252
182 260
182 264
182 274
182 281
183 217
183 221
183 233
183 234
183 242
183 248
183 252
183 260
183 264
183 274
183 281
184 217
184 221
184 233
184 234
184 242
184 248
184 260
184 264
184 274
184 281
185 217
185 221
185 233
185 234
185 242
185 248
185 260
185 264
185 274
185 281
186 217
186 221
186 233
186 234
186 242
186 248
186 260
186 264
186 274
186 281
187 217
187 221
187 233
187 234
187 242
187 248
187 260
187 264
187 274
187 281
188 217
188 221
188 227
188 233
188 234
188 242
188 248
188 260
188 264
189 217
189 221
189 227
189 232
189 233
189 242
189 264
190 217
190 221
190 227
190 232
190 233
190 242
190 264
191 207
191 217
191 221
191 227
191 232
191 233
191 242
191 264
192 207
192 216
192 217
192 221
192 227
192 232
192 233
192 238
192 242
192 264
193 207
193 216
193 217
193 221
193 232
193 233
193 238
193 242
193 264
194 207
194 216
194 217
194 221
194 232
194 233
194 238
194 242
194 264
195 207
195 216
195 217
195 221
195 232
195 233
195 238
195 242
195 264
196 207
196 216
196 217
196 221
196 232
196 238
196 242
196 264
197 207
197 216
197 217
197 221
197 232
197 238
197 242
197 264
198 207
198 217
198 221
198 232
198 238
198 264
199 207
199 221
199 226
199 232
199 238
199 264
200 207
200 221
200 226
200 232
200 238
200 264
201 207
201 221
201 226
201 232
201 238
201 264
201 283
202 207
202 221
202 226
202 232
202 238
202 264
202 283
203 221
203 226
203 232
203 238
203 255
203 264
203 283
204 221
204 226
204 232
204 238
204 255
204 264
204 280
204 283
205 221
205 226
205 232
205 238
205 255
205 264
205 280
205 283
206 221
206 226
206 232
206 238
206 255
206 280
206 283
207 221
207 226
207 232
207 238
207 255
207 280
207 283
208 221
208 226
208 232
208 238
208 255
208 280
208 283
209 221
209 226
209 232
209 238
209 255
209 280
209 283
210 221
210 226
210 232
210 238
210 255
210 280
210 283
211 221
211 226
211 232
211 238
211 255
211 280
211 283
212 221
212 226
212 232
212 238
212 255
212 280
212 283
213 221
213 226
213 232
213 238
213 280
213 283
214 221
214 226
214 230
214 232
214 238
214 280
214 283
215 221
215 226
215 230
215 232
215 238
215 257
215 280
215 283
216 221
216 226
216 230
216 232
216 238
216 257
216 280
216 283
217 221
217 226
217 230
217 232
217 238
217 257
217 280
217 283
217 284
218 221
218 226
218 230
218 232
218 238
218 257
218 280
218 283
218 284
219 221
219 226
219 230
219 232
219 238
219 257
219 280
219 283
219 284
220 221
220 230
220 232
220 238
220 257
220 280
220 283
220 284
221 221
221 230
221 232
221 238
221 257
221 280
221 283
221 284
222 221
222 230
222 232
222 238
222 257
222 280
222 283
222 284
223 221
223 230
223 232
223 238
223 257
223 280
223 283
223 284
224 221
224 230
224 232
224 238
224 257
224 280
224 283
224 284
225 230
225 232
225 238
225 257
225 280
225 283
225 284
226 230
226 232
226 238
226 257
226 280
226 283
226 284
227 230
227 232
227 238
227 257
227 283
227 284
228 230
228 232
228 238
228 257
228 283
228 284
229 230
229 232
229 238
229 257
229 283
229 284
230 230
230 232
230 238
230 257
230 283
230 284
231 230
231 232
231 238
231 241
231 257
231 283
232 230
232 232
232 238
232 241
232 257
232 283
233 230
233 232
233 238
233 241
233 257
233 283
234 230
234 232
234 238
234 241
234 257
234 283
235 230
235 232
235 238
235 241
235 257
235 283
236 230
236 232
236 238
236 241
236 256
236 257
236 283
237 230
237 232
237 238
237 241
237 256
237 257
237 277
237 283
238 230
238 232
238 238
238 241
238 256
238 257
238 277
238 283
239 232
239 238
239 241
239 256
239 257
239 277
239 283
240 232
240 238
240 241
240 256
240 257
240 277
240 283
241 232
241 241
241 254
241 256
241 257
241 277
241 283
242 232
242 254
242 256
242 257
242 277
242 283
243 232
243 254
243 256
243 257
243 277
243 283
244 232
244 254
244 256
244 257
244 277
244 283
245 232
245 254
245 256
245 257
245 277
245 283
246 232
246 254
246 256
246 257
246 270
246 283
247 232
247 257
247 283
248 232
248 257
248 283
249 232
249 257
249 283
250 232
250 257
250 283
259 265
260 265
261 265
262 265
263 265
264 265
265 265
266 265
267 265
268 282
269 282
270 282
271 282
272 282
273 282
274 282
275 282
276 282
277 282
278 282
279 282
280 282
281 282
