0 9
0 69
0 83
1 29
1 42
1 69
1 83
2 12
2 29
2 67
2 69
2 83
2 186
3 12
3 29
3 32
3 67
3 83
3 186
4 12
4 29
4 60
4 67
4 83
4 186
5 10
5 29
5 60
5 67
5 83
5 186
6 10
6 29
6 60
6 67
6 83
6 186
7 29
7 60
7 61
7 67
7 83
7 186
8 60
8 61
8 67
8 83
8 100
8 106
8 186
9 60
9 61
9 67
9 91
9 106
9 157
9 186
10 60
10 61
10 67
10 91
10 106
10 157
10 186
11 40
11 60
11 61
11 67
11 91
11 121
11 150
11 157
11 184
11 186
12 40
12 60
12 61
12 67
12 91
12 121
12 150
12 157
12 184
12 186
13 16
13 27
13 45
13 60
13 67
13 91
13 121
13 133
13 150
13 157
13 184
13 186
13 208
13 220
14 19
14 26
14 38
14 67
14 91
14 94
14 121
14 133
14 184
14 186
14 208
14 220
14 266
15 66
15 71
15 91
15 94
15 113
15 117
15 121
15 123
15 133
15 170
15 184
15 186
15 208
15 278
16 18
16 21
16 22
16 46
16 66
16 71
16 73
16 94
16 107
16 128
16 133
16 170
16 184
16 186
16 208
16 278
17 20
17 21
17 46
17 53
17 65
17 66
17 71
17 73
17 94
17 107
17 120
17 128
17 170
17 186
17 208
17 241
17 278
18 20
18 23
18 24
18 31
18 46
18 53
18 65
18 66
18 73
18 92
18 94
18 107
18 120
18 128
18 163
18 170
18 186
18 207
18 208
18 241
19 23
19 31
19 53
19 65
19 66
19 73
19 87
19 92
19 94
19 107
19 120
19 128
19 163
19 170
19 186
19 207
19 208
19 241
20 31
20 53
20 65
20 73
20 87
20 92
20 94
20 107
20 120
20 128
20 163
20 170
20 186
20 207
20 208
20 241
21 31
21 53
21 65
21 73
21 87
21 92
21 94
21 107
21 120
21 163
21 170
21 186
21 207
21 208
21 241
22 30
22 31
22 65
22 73
22 75
22 87
22 92
22 94
22 107
22 120
22 163
22 170
22 186
22 202
22 207
22 208
22 241
22 271
23 31
23 36
23 65
23 73
23 75
23 87
23 92
23 107
23 120
23 163
23 170
23 186
23 202
23 207
23 208
23 241
23 271
24 31
24 36
24 65
24 73
24 75
24 87
24 92
24 107
24 120
24 163
24 170
24 186
24 202
24 207
24 208
24 241
24 271
25 31
25 65
25 75
25 92
25 107
25 120
25 163
25 170
25 186
25 202
25 207
25 208
25 241
25 251
25 271
26 31
26 65
26 75
26 92
26 107
26 120
26 163
26 170
26 186
26 202
26 207
26 208
26 241
26 250
26 251
26 271
27 51
27 55
27 65
27 75
27 92
27 107
27 120
27 163
27 186
27 202
27 208
27 241
27 250
27 251
27 271
28 51
28 55
28 65
28 92
28 120
28 163
28 186
28 202
28 208
28 241
28 250
28 251
28 271
29 51
29 55
29 72
29 80
29 84
29 109
29 120
29 122
29 139
29 163
29 186
29 202
29 208
29 241
29 250
29 251
29 271
30 41
30 43
30 51
30 55
30 70
30 72
30 84
30 90
30 109
30 111
30 120
30 122
30 136
30 139
30 143
30 163
30 165
30 186
30 187
30 202
30 208
30 241
30 250
30 251
30 271
31 39
31 41
31 43
31 51
31 70
31 72
31 84
31 90
31 109
31 111
31 120
31 122
31 136
31 139
31 143
31 163
31 165
31 186
31 187
31 202
31 208
31 241
31 250
31 251
31 261
31 271
32 41
32 43
32 51
32 70
32 72
32 84
32 90
32 99
32 109
32 111
32 120
32 122
32 131
32 139
32 143
32 163
32 165
32 186
32 187
32 202
32 208
32 241
32 251
32 261
32 271
33 41
33 43
33 51
33 70
33 72
33 84
33 90
33 99
33 109
33 111
33 120
33 122
33 131
33 139
33 143
33 163
33 165
33 186
33 187
33 202
33 208
33 241
33 248
33 251
33 261
33 267
33 271
34 43
34 51
34 70
34 72
34 77
34 84
34 90
34 99
34 109
34 111
34 120
34 122
34 131
34 139
34 143
34 158
34 163
34 165
34 186
34 187
34 202
34 208
34 241
34 248
34 251
34 261
34 267
35 43
35 51
35 64
35 70
35 77
35 84
35 90
35 99
35 109
35 111
35 120
35 122
35 131
35 139
35 143
35 158
35 165
35 172
35 186
35 187
35 202
35 208
35 241
35 248
35 251
35 261
35 267
36 43
36 51
36 64
36 70
36 77
36 84
36 90
36 99
36 109
36 111
36 120
36 122
36 131
36 139
36 143
36 158
36 165
36 172
36 186
36 187
36 202
36 208
36 241
36 248
36 251
36 261
36 267
37 43
37 50
37 51
37 64
37 70
37 74
37 77
37 84
37 99
37 109
37 111
37 122
37 131
37 143
37 158
37 165
37 172
37 186
37 187
37 202
37 208
37 241
37 248
37 251
37 261
37 267
38 43
38 50
38 51
38 64
38 70
38 74
38 77
38 84
38 99
38 109
38 111
38 122
38 143
38 158
38 165
38 172
38 186
38 187
38 202
38 208
38 241
38 248
38 251
38 261
38 267
39 43
39 50
39 51
39 59
39 64
39 70
39 74
39 77
39 84
39 99
39 109
39 111
39 122
39 143
39 158
39 165
39 172
39 186
39 187
39 202
39 208
39 241
39 248
39 251
39 261
39 267
40 43
40 50
40 51
40 59
40 64
40 77
40 84
40 101
40 109
40 111
40 122
40 143
40 158
40 165
40 172
40 186
40 187
40 202
40 208
40 241
40 248
40 251
40 261
40 267
41 43
41 50
41 51
41 59
41 64
41 77
41 84
41 101
41 109
41 111
41 122
41 143
41 158
41 165
41 172
41 186
41 187
41 202
41 208
41 241
41 248
41 251
41 261
41 267
42 50
42 52
42 62
42 64
42 77
42 81
42 84
42 95
42 101
42 105
42 116
42 122
42 127
42 141
42 143
42 158
42 165
42 172
42 186
42 187
42 202
42 208
42 209
42 218
42 241
42 248
42 261
42 267
43 62
43 64
43 77
43 81
43 84
43 95
43 101
43 105
43 116
43 158
43 165
43 172
43 187
43 202
43 208
43 209
43 218
43 241
43 248
43 261
43 267
44 62
44 64
44 77
44 78
44 81
44 84
44 95
44 101
44 105
44 116
44 158
44 165
44 172
44 187
44 202
44 208
44 209
44 218
44 241
44 248
44 261
44 267
45 64
45 77
45 78
45 81
45 84
45 101
45 105
45 116
45 158
45 165
45 172
45 187
45 202
45 208
45 209
45 218
45 241
45 248
45 261
45 267
46 56
46 64
46 77
46 78
46 81
46 101
46 105
46 116
46 158
46 165
46 172
46 187
46 202
46 208
46 209
46 218
46 241
46 267
47 56
47 57
47 64
47 77
47 78
47 81
47 101
47 105
47 108
47 116
47 130
47 158
47 165
47 173
47 187
47 202
47 208
47 209
47 218
47 241
47 267
48 56
48 57
48 58
48 64
48 81
48 101
48 105
48 108
48 130
48 173
48 202
48 209
48 218
48 241
48 267
49 56
49 57
49 58
49 81
49 101
49 105
49 108
49 130
49 173
49 202
49 209
49 218
49 267
50 56
50 58
50 79
50 81
50 101
50 105
50 108
50 134
50 173
50 202
50 209
50 218
50 267
51 56
51 58
51 79
51 81
51 101
51 105
51 108
51 134
51 154
51 173
51 202
51 209
51 218
51 267
52 56
52 63
52 79
52 81
52 88
52 101
52 105
52 108
52 112
52 124
52 134
52 154
52 173
52 202
52 209
52 267
53 81
53 88
53 98
53 101
53 105
53 112
53 124
53 154
53 202
53 209
54 81
54 88
54 98
54 101
54 105
54 112
54 124
54 154
54 166
54 202
54 209
55 81
55 88
55 98
55 101
55 105
55 124
55 154
55 166
55 202
55 209
56 81
56 88
56 101
56 105
56 114
56 124
56 154
56 166
56 202
56 209
57 81
57 88
57 105
57 124
57 154
57 166
57 198
57 202
58 81
58 88
58 105
58 124
58 154
58 166
58 198
58 202
59 81
59 88
59 105
59 124
59 154
59 166
59 198
59 202
60 81
60 88
60 105
60 124
60 154
60 166
60 202
60 253
61 81
61 88
61 105
61 124
61 154
61 166
61 202
61 253
62 81
62 105
62 154
62 166
62 202
62 240
62 253
63 81
63 105
63 154
63 166
63 202
63 240
63 253
64 81
64 89
64 105
64 115
64 154
64 166
64 202
64 240
64 253
65 81
65 102
65 105
65 115
65 154
65 166
65 202
65 221
65 232
65 240
65 253
66 81
66 96
66 102
66 105
66 115
66 154
66 166
66 202
66 221
66 232
66 240
66 253
67 81
67 96
67 102
67 105
67 115
67 154
67 166
67 202
67 221
67 232
67 240
67 253
68 96
68 102
68 105
68 115
68 129
68 140
68 154
68 166
68 202
68 221
68 240
68 253
69 76
69 93
69 102
69 105
69 129
69 140
69 154
69 166
69 202
69 221
69 240
69 263
69 277
69 284
70 76
70 93
70 102
70 105
70 129
70 140
70 154
70 166
70 202
70 221
70 240
70 263
70 277
70 284
71 76
71 93
71 102
71 105
71 129
71 140
71 154
71 166
71 202
71 221
71 240
71 263
71 277
71 284
72 76
72 93
72 102
72 105
72 129
72 140
72 154
72 166
72 202
72 221
72 240
72 263
72 277
72 284
73 76
73 93
73 102
73 105
73 129
73 140
73 154
73 166
73 202
73 221
73 240
73 263
73 277
73 284
74 76
74 93
74 102
74 105
74 129
74 140
74 154
74 166
74 202
74 221
74 240
74 263
74 277
74 284
75 76
75 93
75 102
75 105
75 129
75 140
75 154
75 166
75 202
75 221
75 240
75 263
75 277
75 284
76 76
76 93
76 102
76 105
76 129
76 140
76 154
76 166
76 202
76 221
76 240
76 263
76 277
76 284
77 93
77 102
77 105
77 118
77 129
77 140
77 154
77 221
77 263
77 277
77 284
78 93
78 102
78 105
78 118
78 129
78 140
78 154
78 221
78 263
78 277
78 284
79 93
79 102
79 105
79 118
79 129
79 140
79 154
79 221
79 246
79 263
79 277
79 284
80 85
80 93
80 105
80 118
80 129
80 140
80 154
80 217
80 221
80 242
80 246
80 277
80 284
81 129
81 140
81 154
81 217
81 221
81 242
81 246
81 277
82 129
82 140
82 142
82 217
82 221
82 242
82 277
83 129
83 140
83 142
83 149
83 183
83 217
83 242
83 277
84 129
84 140
84 142
84 149
84 183
84 211
84 217
84 242
84 277
85 129
85 140
85 149
85 180
85 183
85 211
85 217
85 242
85 277
86 129
86 140
86 149
86 180
86 183
86 211
86 217
86 242
86 277
87 129
87 140
87 149
87 183
87 228
87 242
87 277
88 129
88 140
88 149
88 183
88 228
88 242
88 277
89 129
89 132
89 140
89 145
89 149
89 183
89 204
89 228
89 242
89 277
90 132
90 140
90 145
90 183
90 204
90 228
90 242
90 277
91 132
91 140
91 145
91 183
91 195
91 204
91 228
91 277
92 132
92 140
92 145
92 177
92 183
92 189
92 195
92 204
92 228
92 277
93 132
93 140
93 145
93 175
93 177
93 183
93 189
93 195
93 204
93 228
93 277
94 132
94 140
94 145
94 175
94 177
94 183
94 189
94 195
94 204
94 228
94 277
95 132
95 135
95 140
95 145
95 175
95 177
95 183
95 189
95 204
95 228
95 277
96 132
96 135
96 145
96 175
96 177
96 183
96 189
96 204
96 228
96 277
97 132
97 135
97 145
97 153
97 155
97 164
97 175
97 177
97 183
97 189
97 204
97 228
97 277
98 132
98 135
98 145
98 153
98 155
98 159
98 164
98 175
98 177
98 183
98 189
98 204
98 228
98 277
99 132
99 135
99 145
99 153
99 155
99 159
99 164
99 175
99 177
99 183
99 189
99 204
99 228
99 277
100 132
100 135
100 145
100 153
100 155
100 159
100 164
100 175
100 177
100 182
100 183
100 188
100 189
100 204
100 228
100 277
101 104
101 132
101 135
101 145
101 153
101 155
101 159
101 164
101 175
101 177
101 182
101 183
101 188
101 189
101 204
101 228
101 277
102 104
102 132
102 135
102 145
102 153
102 155
102 159
102 164
102 175
102 177
102 182
102 183
102 188
102 189
102 196
102 204
102 228
102 269
102 277
103 132
103 145
103 153
103 155
103 164
103 175
103 177
103 182
103 183
103 188
103 189
103 196
103 204
103 228
103 269
103 277
104 132
104 144
104 145
104 153
104 155
104 161
104 164
104 175
104 177
104 182
104 188
104 189
104 196
104 213
104 277
105 132
105 144
105 145
105 153
105 155
105 161
105 164
105 175
105 177
105 182
105 188
105 189
105 196
105 213
105 277
106 132
106 144
106 145
106 153
106 155
106 161
106 175
106 177
106 182
106 188
106 189
106 196
106 213
106 277
107 132
107 144
107 153
107 155
107 176
107 177
107 182
107 188
107 189
107 196
107 213
107 245
107 273
107 277
108 132
108 137
108 144
108 155
108 176
108 177
108 182
108 188
108 189
108 194
108 196
108 213
108 245
108 273
108 277
109 132
109 137
109 144
109 155
109 176
109 177
109 182
109 188
109 189
109 194
109 196
109 201
109 212
109 213
109 245
109 273
109 277
110 132
110 137
110 144
110 155
110 176
110 177
110 182
110 188
110 189
110 194
110 196
110 201
110 212
110 213
110 245
110 273
110 277
111 126
111 137
111 144
111 146
111 155
111 176
111 182
111 188
111 189
111 194
111 196
111 199
111 201
111 212
111 213
111 245
111 268
111 277
112 126
112 137
112 144
112 146
112 155
112 176
112 182
112 188
112 189
112 194
112 196
112 199
112 201
112 212
112 213
112 245
112 268
112 277
113 126
113 137
113 144
113 146
113 155
113 169
113 176
113 182
113 188
113 189
113 194
113 196
113 199
113 201
113 212
113 213
113 245
113 268
113 277
114 126
114 137
114 144
114 146
114 155
114 169
114 176
114 182
114 188
114 189
114 194
114 196
114 199
114 201
114 212
114 213
114 245
114 268
115 126
115 137
115 144
115 146
115 155
115 169
115 176
115 182
115 188
115 189
115 194
115 196
115 199
115 201
115 212
115 213
115 245
115 268
116 126
116 137
116 144
116 146
116 155
116 169
116 176
116 182
116 188
116 189
116 194
116 196
116 199
116 201
116 212
116 213
116 245
116 268
117 126
117 137
117 144
117 146
117 155
117 168
117 169
117 174
117 176
117 182
117 188
117 189
117 194
117 196
117 199
117 201
117 212
117 213
117 244
117 245
117 268
118 126
118 137
118 144
118 146
118 155
118 168
118 169
118 174
118 176
118 182
118 188
118 189
118 194
118 196
118 199
118 201
118 212
118 213
118 244
118 245
118 268
119 126
119 137
119 144
119 146
119 155
119 168
119 169
119 174
119 176
119 182
119 188
119 196
119 199
119 201
119 213
119 244
119 245
119 268
120 126
120 137
120 168
120 169
120 174
120 176
120 182
120 188
120 196
120 199
120 201
120 213
120 219
120 244
120 268
121 126
121 137
121 168
121 169
121 174
121 176
121 182
121 188
121 196
121 199
121 201
121 213
121 219
121 244
121 268
122 126
122 137
122 168
122 174
122 176
122 182
122 188
122 196
122 199
122 201
122 213
122 219
122 244
122 268
123 126
123 137
123 168
123 174
123 176
123 182
123 188
123 196
123 199
123 201
123 205
123 213
123 219
123 244
123 268
124 126
124 137
124 168
124 174
124 176
124 182
124 188
124 196
124 199
124 201
124 205
124 213
124 219
124 244
124 268
125 126
125 160
125 168
125 174
125 176
125 182
125 188
125 196
125 199
125 201
125 205
125 213
125 219
125 244
125 268
126 126
126 160
126 168
126 174
126 176
126 182
126 188
126 196
126 199
126 201
126 205
126 213
126 219
126 244
126 268
127 126
127 148
127 160
127 168
127 174
127 182
127 196
127 199
127 201
127 205
127 213
127 216
127 219
127 244
127 268
127 276
128 160
128 168
128 174
128 182
128 196
128 199
128 201
128 205
128 213
128 216
128 219
128 244
128 268
128 276
129 152
129 160
129 167
129 168
129 174
129 182
129 196
129 201
129 205
129 213
129 216
129 219
129 244
129 268
129 276
130 152
130 167
130 168
130 174
130 182
130 196
130 201
130 205
130 213
130 216
130 219
130 244
130 268
130 276
131 152
131 167
131 168
131 174
131 182
131 185
131 196
131 201
131 205
131 213
131 219
131 244
131 268
131 276
132 152
132 167
132 168
132 174
132 185
132 196
132 201
132 205
132 213
132 219
132 244
132 268
132 276
133 152
133 174
133 179
133 185
133 196
133 200
133 201
133 205
133 213
133 219
133 244
133 276
134 152
134 174
134 179
134 185
134 196
134 200
134 201
134 205
134 213
134 219
134 272
134 276
135 152
135 174
135 179
135 185
135 196
135 200
135 201
135 205
135 213
135 219
135 276
136 152
136 174
136 178
136 179
136 185
136 196
136 200
136 201
136 213
136 219
136 256
136 276
137 152
137 174
137 178
137 179
137 185
137 196
137 200
137 201
137 213
137 219
137 256
137 276
138 152
138 174
138 179
138 185
138 196
138 200
138 201
138 213
138 219
138 256
138 276
139 152
139 162
139 174
139 179
139 185
139 196
139 200
139 201
139 206
139 213
139 219
139 256
139 276
139 282
140 152
140 162
140 174
140 179
140 185
140 196
140 200
140 201
140 206
140 213
140 219
140 256
140 276
140 282
141 152
141 162
141 174
141 179
141 196
141 200
141 201
141 206
141 213
141 219
141 256
141 276
142 152
142 162
142 179
142 196
142 200
142 201
142 206
142 213
142 219
142 256
142 276
143 152
143 162
143 179
143 196
143 200
143 201
143 206
143 213
143 219
143 256
143 276
144 152
144 162
144 179
144 200
144 201
144 206
144 213
144 215
144 219
144 256
144 276
145 152
145 162
145 179
145 200
145 201
145 206
145 213
145 215
145 219
145 256
145 275
145 276
146 152
146 162
146 171
146 200
146 206
146 213
146 215
146 219
146 256
146 275
147 152
147 162
147 171
147 200
147 206
147 213
147 215
147 219
147 256
147 275
148 152
148 162
148 171
148 200
148 206
148 213
148 215
148 219
148 256
148 275
149 152
149 162
149 171
149 200
149 206
149 213
149 215
149 219
149 254
149 256
149 275
150 152
150 162
150 171
150 200
150 206
150 213
150 215
150 219
150 254
150 256
150 275
151 152
151 162
151 171
151 197
151 200
151 206
151 213
151 215
151 219
151 224
151 254
151 256
151 275
152 152
152 162
152 171
152 200
152 206
152 210
152 213
152 215
152 224
152 254
152 256
152 275
153 162
153 171
153 200
153 206
153 210
153 213
153 215
153 224
153 254
153 256
153 275
154 162
154 171
154 200
154 206
154 210
154 213
154 215
154 224
154 254
154 256
154 275
155 162
155 200
155 206
155 210
155 213
155 215
155 224
155 254
155 256
155 275
156 162
156 200
156 206
156 210
156 213
156 215
156 224
156 238
156 254
156 256
156 275
157 162
157 200
157 206
157 210
157 213
157 215
157 224
157 254
157 256
157 275
158 162
158 200
158 206
158 210
158 213
158 215
158 224
158 254
158 256
158 275
159 162
159 200
159 206
159 210
159 213
159 215
159 224
159 254
159 256
159 275
160 162
160 200
160 206
160 210
160 213
160 215
160 224
160 254
160 256
160 275
161 200
161 206
161 210
161 213
161 215
161 224
161 254
161 255
161 256
161 275
162 200
162 206
162 210
162 213
162 215
162 224
162 254
162 255
162 256
162 275
162 283
163 210
163 213
163 215
163 224
163 254
163 255
163 256
163 275
163 283
164 210
164 213
164 215
164 224
164 254
164 255
164 256
164 275
164 283
165 213
165 224
165 231
165 254
165 255
165 275
165 283
166 213
166 224
166 231
166 254
166 255
166 275
166 283
167 224
167 231
167 254
167 275
167 283
168 224
168 231
168 254
168 275
168 283
169 224
169 231
169 254
169 275
169 283
170 224
170 231
170 254
170 258
170 275
170 283
171 203
171 224
171 231
171 254
171 258
171 275
171 283
172 203
172 224
172 231
172 254
172 258
172 275
172 283
173 191
173 203
173 224
173 231
173 233
173 254
173 258
173 275
174 191
174 193
174 203
174 224
174 254
174 258
174 275
175 191
175 193
175 203
175 224
175 254
175 258
176 191
176 193
176 203
176 223
176 224
176 254
176 258
177 191
177 193
177 203
177 223
177 224
177 254
177 258
177 280
178 191
178 192
178 193
178 203
178 224
178 227
178 258
178 280
179 191
179 192
179 193
179 203
179 224
179 227
179 258
179 280
180 191
180 192
180 193
180 203
180 224
180 227
180 258
180 280
181 191
181 192
181 203
181 224
181 227
181 258
181 280
182 191
182 192
182 203
182 224
182 227
182 258
182 280
183 191
183 192
183 203
183 224
183 227
183 258
183 280
184 191
184 203
184 224
184 227
184 258
184 280
185 191
185 203
185 224
185 227
185 258
185 280
186 191
186 203
186 224
186 227
186 258
186 280
187 191
187 203
187 222
187 224
187 227
187 258
187 280
188 191
188 203
188 222
188 224
188 227
188 258
188 280
189 191
189 203
189 222
189 224
189 227
189 258
189 280
190 191
190 203
190 222
190 224
190 227
190 258
191 191
191 203
191 222
191 224
191 226
191 258
192 191
192 203
192 222
192 224
192 226
192 229
192 258
193 191
193 203
193 222
193 224
193 226
193 229
193 258
194 191
194 203
194 222
194 224
194 226
194 229
194 258
195 191
195 203
195 222
195 224
195 226
195 229
195 258
196 191
196 203
196 214
196 222
196 224
196 226
196 229
196 258
197 191
197 203
197 222
197 224
197 226
197 229
197 235
197 279
198 191
198 203
198 222
198 224
198 235
199 191
199 203
199 222
199 224
199 235
200 191
200 203
200 222
200 224
200 235
200 239
201 191
201 203
201 222
201 224
201 235
201 239
202 191
202 203
202 222
202 224
202 235
202 239
203 191
203 203
203 222
203 224
203 235
203 239
204 191
204 203
204 222
204 224
204 235
204 239
205 191
205 203
205 222
205 224
205 235
205 239
205 259
205 274
206 191
206 203
206 222
206 224
206 235
206 239
206 259
206 274
207 191
207 203
207 222
207 224
207 235
207 239
207 259
207 274
208 191
208 203
208 222
208 224
208 230
208 235
208 239
208 259
208 274
209 191
209 203
209 222
209 224
209 230
209 235
209 239
209 259
209 274
210 191
210 203
210 222
210 224
210 230
210 235
210 239
210 259
210 274
211 191
211 203
211 222
211 224
211 230
211 234
211 235
211 239
211 259
211 274
212 203
212 222
212 224
212 230
212 234
212 239
212 274
213 203
213 222
213 224
213 230
213 234
213 239
213 274
214 203
214 224
214 239
214 264
214 274
215 203
215 224
215 239
215 264
215 274
216 203
216 224
216 239
216 264
216 274
217 203
217 224
217 239
217 264
217 274
218 203
218 224
218 239
218 243
218 264
218 274
219 203
219 224
219 239
219 243
219 264
219 274
220 203
220 224
220 239
220 243
220 264
220 274
221 203
221 224
221 239
221 243
221 264
221 274
222 203
222 224
222 239
222 243
222 249
222 264
222 274
223 203
223 224
223 239
223 243
223 247
223 249
223 264
223 274
224 203
224 224
224 239
224 243
224 247
224 249
224 264
224 274
225 203
225 224
225 239
225 243
225 247
225 249
225 264
225 274
226 203
226 224
226 239
226 243
226 247
226 249
226 264
226 274
227 224
227 239
227 243
227 247
227 249
227 264
227 274
228 224
228 239
228 243
228 247
228 249
228 264
228 274
229 224
229 239
229 243
229 247
229 249
229 264
229 274
230 224
230 239
230 243
230 249
230 264
230 274
231 224
231 239
231 243
231 249
231 264
231 274
232 224
232 239
232 243
232 249
232 264
232 274
233 224
233 239
233 249
233 264
234 224
234 239
234 249
234 264
235 224
235 239
235 249
235 264
235 281
236 224
236 239
236 249
236 264
237 224
237 239
237 249
237 264
238 224
238 239
238 249
238 264
239 224
239 239
239 249
239 264
240 224
240 239
240 249
240 264
241 224
241 239
241 249
241 264
242 239
242 249
242 265
243 239
243 249
243 265
244 239
244 249
244 265
245 239
245 249
245 265
246 239
246 249
246 265
247 239
247 249
247 265
248 249
248 262
248 265
249 249
249 262
250 249
250 262
251 249
252 249
253 249
254 249
255 249
256 249
257 249
258 249
259 249
260 249
261 249
262 249
263 249
264 249
265 249
266 249
267 249
