0 15
0 16
0 44
0 73
0 96
0 111
0 163
0 200
0 206
0 243
1 44
1 73
1 96
1 111
1 163
1 200
1 206
1 243
2 6
2 22
2 26
2 30
2 44
2 73
2 77
2 96
2 111
2 130
2 134
2 200
2 206
2 234
2 243
3 5
3 6
3 22
3 26
3 30
3 44
3 49
3 68
3 73
3 77
3 96
3 111
3 130
3 134
3 200
3 206
3 234
3 243
4 5
4 6
4 22
4 26
4 30
4 44
4 49
4 68
4 73
4 77
4 96
4 111
4 130
4 134
4 200
4 206
4 234
4 243
5 6
5 22
5 24
5 30
5 44
5 49
5 68
5 73
5 77
5 84
5 96
5 111
5 130
5 134
5 171
5 200
5 206
5 234
5 243
6 13
6 22
6 30
6 44
6 49
6 68
6 73
6 77
6 84
6 96
6 111
6 130
6 134
6 152
6 171
6 200
6 206
6 234
6 243
7 22
7 25
7 49
7 68
7 73
7 77
7 84
7 96
7 111
7 130
7 134
7 152
7 171
7 200
7 206
7 234
7 243
8 18
8 57
8 68
8 77
8 84
8 96
8 111
8 127
8 130
8 134
8 151
8 152
8 171
8 175
8 200
8 206
8 234
8 243
9 12
9 54
9 57
9 68
9 77
9 84
9 111
9 127
9 130
9 134
9 151
9 152
9 171
9 175
9 179
9 200
9 206
9 243
10 14
10 34
10 57
10 76
10 77
10 84
10 101
10 107
10 120
10 127
10 151
10 152
10 165
10 171
10 175
10 179
10 200
10 243
10 262
11 19
11 31
11 34
11 39
11 50
11 57
11 76
11 77
11 84
11 95
11 100
11 101
11 107
11 120
11 127
11 151
11 152
11 154
11 165
11 171
11 175
11 179
11 200
11 243
11 262
12 19
12 31
12 34
12 39
12 50
12 57
12 76
12 77
12 79
12 84
12 95
12 100
12 101
12 107
12 120
12 127
12 151
12 152
12 154
12 165
12 171
12 175
12 179
12 182
12 200
12 243
12 262
13 19
13 31
13 34
13 39
13 50
13 57
13 76
13 77
13 79
13 84
13 95
13 100
13 101
13 107
13 120
13 151
13 152
13 154
13 165
13 171
13 175
13 179
13 182
13 200
13 243
13 245
13 262
14 19
14 31
14 34
14 39
14 50
14 57
14 76
14 77
14 79
14 84
14 95
14 100
14 101
14 107
14 120
14 151
14 152
14 154
14 165
14 171
14 175
14 179
14 182
14 200
14 243
14 245
14 262
15 19
15 31
15 34
15 39
15 50
15 57
15 76
15 77
15 79
15 84
15 95
15 100
15 101
15 107
15 120
15 151
15 152
15 154
15 165
15 171
15 175
15 179
15 182
15 200
15 229
15 243
15 245
15 262
16 19
16 31
16 34
16 39
16 50
16 57
16 76
16 77
16 79
16 84
16 95
16 100
16 101
16 107
16 120
16 151
16 152
16 154
16 165
16 171
16 175
16 179
16 182
16 200
16 229
16 243
16 245
16 262
17 23
17 34
17 35
17 39
17 43
17 50
17 57
17 76
17 77
17 79
17 101
17 107
17 151
17 152
17 154
17 175
17 179
17 182
17 200
17 202
17 229
17 238
17 243
17 245
17 262
18 23
18 29
18 35
18 37
18 50
18 57
18 76
18 79
18 101
18 107
18 135
18 138
18 151
18 154
18 175
18 179
18 182
18 185
18 200
18 202
18 229
18 238
18 243
18 245
18 249
18 262
19 23
19 37
19 50
19 57
19 76
19 79
19 101
19 104
19 107
19 135
19 138
19 154
19 175
19 179
19 182
19 185
19 200
19 202
19 229
19 238
19 243
19 245
19 249
19 262
20 23
20 28
20 37
20 50
20 57
20 76
20 79
20 101
20 104
20 107
20 121
20 135
20 138
20 154
20 175
20 179
20 182
20 185
20 200
20 202
20 214
20 229
20 238
20 243
20 245
20 249
20 262
21 23
21 28
21 37
21 57
21 69
21 76
21 79
21 101
21 104
21 107
21 121
21 135
21 154
21 175
21 179
21 182
21 185
21 200
21 202
21 214
21 229
21 238
21 243
21 245
21 249
21 262
22 23
22 36
22 37
22 60
22 69
22 79
22 101
22 104
22 107
22 121
22 135
22 154
22 175
22 179
22 182
22 184
22 185
22 200
22 202
22 214
22 229
22 238
22 243
22 245
22 249
22 262
23 36
23 37
23 40
23 60
23 69
23 79
23 101
23 104
23 107
23 121
23 135
23 154
23 175
23 179
23 182
23 184
23 185
23 200
23 202
23 214
23 229
23 238
23 243
23 245
23 249
23 262
24 36
24 37
24 40
24 52
24 60
24 72
24 101
24 104
24 121
24 159
24 175
24 179
24 182
24 184
24 185
24 200
24 202
24 214
24 229
24 238
24 243
24 245
24 249
24 262
25 36
25 37
25 40
25 52
25 60
25 65
25 72
25 101
25 104
25 159
25 175
25 179
25 182
25 184
25 185
25 200
25 202
25 214
25 229
25 243
25 245
25 249
25 262
26 36
26 37
26 40
26 41
26 51
26 72
26 97
26 101
26 104
26 159
26 175
26 179
26 182
26 184
26 185
26 187
26 191
26 202
26 214
26 229
26 243
26 245
26 249
26 252
26 262
27 33
27 36
27 37
27 40
27 41
27 51
27 72
27 97
27 101
27 104
27 159
27 175
27 179
27 182
27 184
27 185
27 187
27 191
27 202
27 214
27 221
27 229
27 243
27 245
27 249
27 252
27 262
28 33
28 36
28 37
28 40
28 41
28 51
28 72
28 97
28 101
28 104
28 159
28 175
28 179
28 182
28 184
28 185
28 187
28 191
28 202
28 214
28 221
28 229
28 243
28 245
28 249
28 252
28 262
29 32
29 33
29 36
29 37
29 40
29 41
29 51
29 61
29 70
29 97
29 104
29 119
29 136
29 159
29 175
29 178
29 179
29 182
29 184
29 185
29 191
29 202
29 214
29 221
29 249
29 252
29 262
30 33
30 37
30 40
30 48
30 51
30 58
30 61
30 81
30 97
30 104
30 119
30 123
30 136
30 159
30 175
30 178
30 179
30 184
30 185
30 191
30 202
30 214
30 221
30 249
30 262
31 33
31 37
31 40
31 48
31 58
31 61
31 64
31 81
31 97
31 104
31 119
31 123
31 136
31 159
31 175
31 178
31 179
31 184
31 185
31 191
31 202
31 214
31 249
31 262
32 45
32 48
32 58
32 61
32 80
32 81
32 97
32 104
32 119
32 123
32 128
32 136
32 159
32 175
32 178
32 179
32 185
32 202
32 214
32 262
33 48
33 55
33 58
33 61
33 66
33 80
33 81
33 97
33 99
33 104
33 112
33 119
33 123
33 128
33 136
33 159
33 179
33 185
33 198
33 214
33 232
33 262
33 266
34 48
34 55
34 58
34 66
34 80
34 97
34 99
34 104
34 112
34 119
34 123
34 128
34 136
34 159
34 174
34 179
34 185
34 198
34 214
34 232
34 262
34 266
35 48
35 55
35 58
35 66
35 80
35 97
35 99
35 104
35 112
35 119
35 123
35 128
35 136
35 174
35 179
35 185
35 198
35 214
35 232
35 262
35 266
36 48
36 55
36 58
36 66
36 80
36 97
36 99
36 104
36 112
36 119
36 123
36 136
36 174
36 179
36 185
36 198
36 214
36 232
36 262
36 266
37 48
37 55
37 56
37 58
37 66
37 80
37 97
37 99
37 104
37 112
37 119
37 123
37 136
37 174
37 179
37 185
37 198
37 214
37 232
37 262
37 266
38 48
38 56
38 66
38 71
38 97
38 99
38 104
38 112
38 116
38 119
38 123
38 126
38 132
38 136
38 170
38 174
38 179
38 185
38 198
38 214
38 232
38 237
38 255
38 262
38 266
39 48
39 56
39 66
39 75
39 78
39 97
39 102
39 112
39 114
39 119
39 123
39 132
39 136
39 141
39 170
39 174
39 179
39 185
39 198
39 214
39 225
39 230
39 232
39 237
39 255
39 262
39 266
40 48
40 56
40 66
40 75
40 78
40 97
40 102
40 112
40 114
40 119
40 123
40 136
40 141
40 170
40 174
40 179
40 185
40 198
40 214
40 225
40 230
40 232
40 237
40 255
40 262
40 266
41 42
41 48
41 56
41 66
41 78
41 112
41 114
41 123
41 136
41 141
41 170
41 174
41 179
41 185
41 198
41 213
41 214
41 225
41 230
41 237
41 255
41 262
41 266
42 48
42 66
42 78
42 92
42 112
42 114
42 123
42 136
42 141
42 170
42 174
42 179
42 185
42 198
42 213
42 214
42 225
42 230
42 237
42 255
42 262
42 266
43 48
43 66
43 78
43 92
43 114
43 123
43 136
43 141
43 155
43 161
43 177
43 185
43 213
43 214
43 225
43 230
43 237
43 255
43 262
43 266
44 48
44 66
44 78
44 92
44 114
44 123
44 136
44 141
44 155
44 161
44 177
44 185
44 194
44 213
44 214
44 225
44 230
44 237
44 255
44 262
44 266
45 48
45 66
45 92
45 114
45 123
45 136
45 141
45 155
45 161
45 177
45 185
45 194
45 213
45 214
45 225
45 230
45 237
45 255
45 262
45 266
46 48
46 63
46 66
46 92
46 103
46 110
46 114
46 115
46 123
46 129
46 136
46 139
46 141
46 155
46 161
46 177
46 185
46 194
46 213
46 214
46 225
46 230
46 237
46 247
46 255
46 262
46 266
47 48
47 63
47 66
47 92
47 103
47 110
47 114
47 115
47 123
47 129
47 136
47 139
47 141
47 155
47 161
47 177
47 185
47 194
47 201
47 213
47 214
47 225
47 230
47 237
47 247
47 255
47 262
47 266
48 48
48 63
48 66
48 92
48 103
48 110
48 114
48 115
48 123
48 129
48 136
48 139
48 141
48 161
48 177
48 185
48 194
48 201
48 213
48 214
48 225
48 230
48 237
48 247
48 255
48 262
48 266
49 48
49 63
49 66
49 92
49 103
49 110
49 114
49 115
49 123
49 129
49 136
49 139
49 141
49 161
49 177
49 183
49 185
49 194
49 201
49 213
49 214
49 225
49 230
49 237
49 247
49 255
49 262
49 266
50 48
50 63
50 66
50 92
50 103
50 110
50 114
50 115
50 123
50 129
50 136
50 139
50 141
50 161
50 177
50 183
50 185
50 194
50 201
50 213
50 214
50 225
50 230
50 237
50 247
50 255
50 262
50 266
51 48
51 63
51 66
51 85
51 92
51 103
51 110
51 114
51 115
51 123
51 129
51 136
51 139
51 141
51 161
51 177
51 183
51 185
51 194
51 201
51 213
51 214
51 225
51 230
51 237
51 247
51 255
51 262
51 266
52 48
52 63
52 66
52 85
52 92
52 103
52 110
52 114
52 115
52 123
52 129
52 136
52 139
52 141
52 161
52 177
52 183
52 185
52 194
52 201
52 213
52 214
52 225
52 230
52 237
52 247
52 255
52 262
52 266
53 48
53 59
53 66
53 82
53 83
53 85
53 92
53 103
53 110
53 114
53 115
53 123
53 129
53 136
53 139
53 141
53 161
53 177
53 183
53 185
53 194
53 201
53 213
53 214
53 225
53 230
53 237
53 247
53 255
53 262
53 266
54 48
54 59
54 66
54 82
54 83
54 85
54 92
54 103
54 110
54 114
54 115
54 123
54 129
54 136
54 139
54 141
54 161
54 177
54 183
54 185
54 194
54 201
54 213
54 214
54 225
54 230
54 237
54 247
54 255
54 262
54 266
55 48
55 59
55 66
55 83
55 85
55 92
55 103
55 110
55 114
55 115
55 123
55 129
55 136
55 139
55 141
55 161
55 177
55 183
55 185
55 194
55 213
55 214
55 225
55 230
55 237
55 247
55 255
55 262
55 266
56 66
56 67
56 83
56 92
56 93
56 98
56 103
56 110
56 114
56 115
56 123
56 129
56 136
56 139
56 141
56 157
56 161
56 169
56 185
56 194
56 213
56 214
56 222
56 225
56 230
56 237
56 255
56 262
56 266
57 66
57 67
57 83
57 87
57 93
57 98
57 103
57 106
57 114
57 115
57 123
57 139
57 141
57 142
57 157
57 161
57 169
57 185
57 194
57 213
57 214
57 222
57 225
57 230
57 237
57 255
57 262
57 266
58 66
58 83
58 87
58 93
58 98
58 103
58 106
58 113
58 114
58 115
58 123
58 139
58 141
58 142
58 157
58 161
58 169
58 185
58 194
58 213
58 214
58 222
58 225
58 230
58 237
58 255
58 262
58 266
59 66
59 83
59 87
59 93
59 98
59 103
59 106
59 113
59 114
59 115
59 123
59 139
59 141
59 142
59 157
59 161
59 169
59 185
59 194
59 213
59 214
59 222
59 225
59 230
59 237
59 255
59 262
59 266
60 66
60 83
60 87
60 93
60 98
60 103
60 106
60 113
60 114
60 115
60 123
60 139
60 141
60 142
60 157
60 161
60 169
60 185
60 194
60 213
60 214
60 222
60 225
60 230
60 237
60 255
60 262
60 266
61 66
61 83
61 87
61 89
61 93
61 98
61 103
61 106
61 113
61 114
61 115
61 123
61 139
61 141
61 142
61 157
61 161
61 169
61 185
61 194
61 213
61 214
61 222
61 225
61 230
61 237
61 255
61 262
61 266
62 66
62 83
62 87
62 89
62 93
62 103
62 106
62 113
62 114
62 115
62 123
62 139
62 141
62 142
62 157
62 161
62 169
62 185
62 194
62 213
62 214
62 222
62 225
62 230
62 235
62 237
62 255
62 262
63 66
63 83
63 87
63 89
63 93
63 103
63 106
63 113
63 114
63 115
63 123
63 139
63 141
63 142
63 157
63 161
63 169
63 185
63 194
63 213
63 214
63 222
63 225
63 230
63 235
63 237
63 255
63 262
64 66
64 83
64 87
64 89
64 93
64 103
64 106
64 113
64 114
64 115
64 123
64 139
64 141
64 142
64 157
64 161
64 169
64 185
64 194
64 213
64 214
64 222
64 225
64 230
64 235
64 237
64 248
64 255
64 262
65 66
65 83
65 87
65 89
65 103
65 106
65 113
65 114
65 115
65 123
65 141
65 142
65 157
65 161
65 169
65 185
65 194
65 213
65 214
65 222
65 225
65 230
65 235
65 237
65 255
65 262
66 66
66 83
66 87
66 89
66 103
66 106
66 113
66 114
66 115
66 123
66 141
66 142
66 157
66 161
66 169
66 185
66 194
66 213
66 214
66 222
66 225
66 230
66 235
66 237
66 255
66 262
67 83
67 87
67 89
67 94
67 103
67 106
67 113
67 114
67 115
67 137
67 141
67 142
67 146
67 157
67 161
67 169
67 185
67 213
67 214
67 222
67 225
67 230
67 235
67 237
67 255
67 262
68 83
68 87
68 89
68 94
68 103
68 106
68 113
68 114
68 137
68 141
68 142
68 146
68 153
68 157
68 161
68 169
68 185
68 213
68 214
68 222
68 225
68 230
68 235
68 237
68 255
68 262
69 83
69 87
69 89
69 94
69 103
69 106
69 113
69 114
69 137
69 141
69 142
69 146
69 153
69 157
69 161
69 169
69 185
69 213
69 214
69 222
69 225
69 230
69 235
69 237
69 255
69 262
70 83
70 87
70 88
70 89
70 94
70 103
70 106
70 113
70 114
70 137
70 141
70 142
70 146
70 153
70 157
70 161
70 169
70 185
70 213
70 214
70 222
70 225
70 230
70 235
70 237
70 255
70 262
71 83
71 87
71 88
71 89
71 94
71 103
71 106
71 113
71 114
71 137
71 141
71 142
71 146
71 153
71 157
71 161
71 162
71 169
71 185
71 213
71 214
71 222
71 225
71 230
71 235
71 237
71 255
71 262
72 83
72 87
72 88
72 89
72 94
72 103
72 106
72 113
72 114
72 137
72 141
72 142
72 146
72 153
72 157
72 161
72 162
72 169
72 185
72 213
72 214
72 222
72 225
72 230
72 235
72 237
72 255
72 262
73 83
73 87
73 88
73 94
73 103
73 106
73 113
73 114
73 141
73 142
73 146
73 153
73 157
73 161
73 162
73 169
73 185
73 213
73 214
73 222
73 225
73 230
73 235
73 237
73 255
73 262
74 87
74 94
74 103
74 113
74 114
74 141
74 142
74 146
74 153
74 157
74 161
74 162
74 168
74 169
74 185
74 210
74 214
74 217
74 222
74 225
74 230
74 235
74 237
74 255
74 262
75 87
75 94
75 103
75 113
75 114
75 141
75 142
75 146
75 153
75 157
75 161
75 162
75 168
75 169
75 185
75 210
75 214
75 217
75 222
75 225
75 230
75 235
75 237
75 255
75 262
76 87
76 94
76 103
76 113
76 114
76 141
76 142
76 146
76 153
76 157
76 161
76 162
76 168
76 169
76 185
76 210
76 214
76 217
76 222
76 225
76 230
76 235
76 237
76 255
76 262
76 281
77 87
77 94
77 103
77 113
77 114
77 141
77 142
77 146
77 153
77 157
77 161
77 162
77 168
77 169
77 185
77 210
77 214
77 217
77 222
77 225
77 230
77 235
77 237
77 255
77 262
77 281
78 87
78 94
78 103
78 113
78 114
78 141
78 142
78 146
78 153
78 157
78 161
78 162
78 168
78 169
78 185
78 210
78 214
78 217
78 222
78 225
78 230
78 235
78 237
78 255
78 262
78 281
79 87
79 103
79 105
79 113
79 114
79 141
79 142
79 153
79 157
79 161
79 162
79 168
79 169
79 185
79 210
79 214
79 217
79 222
79 225
79 230
79 237
79 255
79 262
79 274
79 281
80 87
80 103
80 105
80 113
80 114
80 141
80 142
80 153
80 157
80 161
80 162
80 168
80 169
80 185
80 210
80 214
80 217
80 222
80 225
80 230
80 237
80 255
80 262
80 274
80 281
81 87
81 103
81 105
81 113
81 114
81 141
81 142
81 153
81 157
81 161
81 162
81 168
81 169
81 185
81 210
81 214
81 217
81 222
81 225
81 230
81 237
81 255
81 262
81 274
81 281
82 86
82 87
82 103
82 113
82 114
82 141
82 142
82 153
82 157
82 158
82 161
82 162
82 168
82 169
82 185
82 210
82 214
82 217
82 222
82 225
82 230
82 237
82 255
82 262
82 274
82 281
83 86
83 103
83 113
83 114
83 124
83 141
83 142
83 153
83 157
83 158
83 161
83 162
83 168
83 169
83 185
83 214
83 217
83 222
83 230
83 237
83 255
83 262
83 274
83 281
84 86
84 109
84 114
84 124
84 142
84 158
84 161
84 162
84 169
84 185
84 214
84 217
84 230
84 237
84 274
85 86
85 90
85 108
85 109
85 114
85 124
85 142
85 158
85 161
85 162
85 169
85 185
85 186
85 190
85 214
85 230
85 237
85 274
85 276
86 86
86 108
86 109
86 114
86 124
86 142
86 158
86 161
86 162
86 169
86 185
86 186
86 190
86 214
86 230
86 237
86 274
86 276
87 86
87 108
87 109
87 114
87 124
87 142
87 148
87 158
87 161
87 162
87 169
87 185
87 186
87 190
87 214
87 230
87 237
87 274
87 276
88 86
88 108
88 109
88 114
88 124
88 142
88 148
88 158
88 161
88 162
88 169
88 185
88 186
88 190
88 214
88 230
88 237
88 267
88 274
88 276
89 86
89 108
89 109
89 114
89 124
89 142
89 148
89 158
89 161
89 162
89 169
89 185
89 186
89 190
89 214
89 230
89 237
89 267
89 274
89 276
90 86
90 108
90 109
90 114
90 124
90 142
90 148
90 158
90 161
90 162
90 169
90 185
90 186
90 190
90 214
90 230
90 237
90 267
90 274
90 276
91 86
91 108
91 109
91 114
91 124
91 142
91 148
91 158
91 161
91 162
91 169
91 185
91 186
91 190
91 214
91 230
91 237
91 267
91 274
91 276
92 86
92 108
92 109
92 114
92 124
92 142
92 148
92 158
92 161
92 162
92 169
92 185
92 186
92 190
92 214
92 230
92 237
92 267
92 274
92 276
93 86
93 114
93 124
93 142
93 148
93 158
93 161
93 162
93 169
93 185
93 186
93 190
93 230
93 237
93 267
93 274
93 276
94 86
94 114
94 124
94 142
94 148
94 158
94 161
94 162
94 169
94 185
94 186
94 190
94 230
94 237
94 267
94 274
94 276
95 86
95 124
95 142
95 147
95 148
95 158
95 161
95 162
95 167
95 169
95 185
95 186
95 230
95 267
95 274
95 276
96 86
96 124
96 133
96 142
96 147
96 148
96 158
96 161
96 162
96 167
96 169
96 185
96 186
96 230
96 267
96 274
96 276
97 86
97 124
97 133
97 142
97 147
97 148
97 158
97 161
97 162
97 167
97 169
97 185
97 186
97 230
97 267
97 274
97 276
98 86
98 124
98 133
98 142
98 147
98 148
98 158
98 161
98 162
98 167
98 169
98 185
98 186
98 230
98 267
98 274
98 276
99 86
99 124
99 133
99 142
99 147
99 148
99 158
99 161
99 162
99 167
99 169
99 185
99 186
99 230
99 267
99 274
99 276
100 124
100 133
100 142
100 147
100 148
100 158
100 161
100 162
100 167
100 169
100 185
100 186
100 230
100 267
100 274
100 276
101 124
101 142
101 147
101 148
101 158
101 161
101 162
101 167
101 169
101 185
101 186
101 230
101 267
101 274
101 276
102 124
102 142
102 147
102 148
102 158
102 161
102 162
102 167
102 169
102 185
102 186
102 267
102 274
102 276
103 124
103 142
103 147
103 148
103 158
103 161
103 162
103 167
103 169
103 185
103 186
103 267
103 274
103 276
104 124
104 142
104 147
104 148
104 158
104 161
104 162
104 167
104 169
104 185
104 186
104 267
104 274
104 276
105 142
105 147
105 148
105 158
105 161
105 162
105 167
105 169
105 185
105 186
105 267
105 274
105 276
106 142
106 145
106 148
106 158
106 162
106 167
106 185
106 212
106 267
106 274
106 276
107 122
107 140
107 148
107 158
107 162
107 167
107 185
107 212
107 267
107 274
107 276
108 122
108 140
108 148
108 158
108 162
108 167
108 185
108 212
108 267
108 274
108 276
109 122
109 140
109 148
109 158
109 162
109 164
109 167
109 212
109 226
109 267
109 274
110 122
110 140
110 158
110 162
110 164
110 167
110 212
110 226
110 267
110 274
111 122
111 140
111 158
111 162
111 164
111 167
111 212
111 226
111 267
111 274
112 122
112 140
112 158
112 162
112 164
112 167
112 212
112 226
112 267
112 274
113 122
113 140
113 158
113 162
113 164
113 167
113 212
113 226
113 267
113 274
114 140
114 158
114 162
114 164
114 167
114 212
114 226
114 267
114 269
114 274
115 149
115 158
115 162
115 164
115 167
115 199
115 207
115 212
115 233
115 267
115 269
115 274
116 149
116 158
116 162
116 164
116 167
116 199
116 207
116 212
116 233
116 267
116 269
116 274
117 149
117 158
117 162
117 164
117 167
117 199
117 207
117 212
117 233
117 267
117 269
117 274
118 149
118 158
118 164
118 167
118 199
118 207
118 212
118 231
118 233
118 250
118 267
118 269
118 274
119 131
119 149
119 158
119 164
119 167
119 199
119 207
119 231
119 233
119 250
119 267
119 269
119 274
120 131
120 149
120 158
120 164
120 167
120 199
120 207
120 231
120 233
120 250
120 267
120 269
120 274
121 131
121 149
121 158
121 164
121 167
121 199
121 207
121 231
121 233
121 250
121 267
121 269
121 274
122 131
122 149
122 158
122 164
122 167
122 180
122 192
122 199
122 207
122 231
122 233
122 250
122 267
123 131
123 149
123 150
123 158
123 164
123 167
123 180
123 199
123 207
123 218
123 231
123 233
123 250
123 267
124 131
124 149
124 150
124 158
124 164
124 167
124 180
124 199
124 207
124 218
124 231
124 233
124 250
124 267
125 131
125 149
125 150
125 158
125 164
125 167
125 180
125 199
125 207
125 218
125 231
125 233
125 250
125 267
126 149
126 150
126 158
126 164
126 167
126 180
126 199
126 207
126 208
126 218
126 231
126 233
126 250
126 267
127 149
127 150
127 158
127 164
127 167
127 180
127 199
127 205
127 207
127 208
127 218
127 231
127 233
127 250
128 149
128 150
128 158
128 164
128 167
128 180
128 199
128 205
128 207
128 208
128 218
128 231
128 233
128 250
129 149
129 150
129 158
129 164
129 180
129 199
129 207
129 208
129 218
129 231
129 233
129 250
130 149
130 150
130 158
130 164
130 180
130 199
130 207
130 208
130 218
130 231
130 233
130 250
131 149
131 150
131 158
131 164
131 180
131 199
131 207
131 208
131 218
131 231
131 233
131 250
132 149
132 150
132 158
132 164
132 180
132 199
132 207
132 208
132 218
132 231
132 233
132 250
133 149
133 150
133 158
133 164
133 180
133 199
133 207
133 208
133 218
133 231
133 233
133 250
134 150
134 158
134 164
134 180
134 199
134 207
134 208
134 218
134 231
134 233
134 250
135 150
135 158
135 160
135 164
135 180
135 199
135 207
135 208
135 218
135 231
135 233
135 250
136 150
136 158
136 160
136 164
136 180
136 199
136 207
136 208
136 218
136 231
136 233
136 250
137 144
137 150
137 158
137 180
137 199
137 207
137 208
137 218
137 231
137 233
137 250
137 278
138 144
138 150
138 158
138 180
138 197
138 199
138 203
138 207
138 208
138 218
138 224
138 231
138 233
138 250
138 254
138 264
138 278
139 144
139 150
139 156
139 158
139 180
139 197
139 199
139 203
139 207
139 208
139 216
139 218
139 224
139 231
139 233
139 250
139 254
139 278
140 144
140 150
140 156
140 158
140 180
140 197
140 203
140 207
140 208
140 216
140 218
140 224
140 231
140 233
140 250
140 254
140 278
141 144
141 150
141 156
141 158
141 180
141 197
141 203
141 207
141 208
141 216
141 218
141 224
141 231
141 233
141 250
141 254
141 278
142 144
142 150
142 156
142 158
142 180
142 197
142 203
142 207
142 208
142 216
142 218
142 224
142 231
142 233
142 250
142 254
142 278
143 144
143 156
143 158
143 180
143 197
143 203
143 207
143 208
143 211
143 216
143 218
143 224
143 231
143 233
143 250
143 254
143 278
144 156
144 158
144 180
144 197
144 207
144 208
144 211
144 216
144 218
144 224
144 231
144 233
144 250
144 254
144 258
144 278
145 156
145 158
145 180
145 197
145 207
145 211
145 216
145 218
145 224
145 231
145 233
145 250
145 254
145 258
145 278
146 156
146 158
146 173
146 180
146 197
146 207
146 211
146 216
146 218
146 224
146 231
146 233
146 254
146 258
147 156
147 158
147 166
147 173
147 180
147 197
147 211
147 216
147 218
147 224
147 231
147 233
147 242
147 254
147 256
147 258
148 156
148 158
148 166
148 173
148 180
148 197
148 211
148 216
148 218
148 224
148 231
148 233
148 242
148 254
148 256
148 258
149 156
149 158
149 166
149 173
149 180
149 197
149 211
149 216
149 218
149 224
149 228
149 231
149 233
149 242
149 254
149 256
149 258
150 156
150 158
150 166
150 173
150 197
150 211
150 218
150 224
150 228
150 231
150 233
150 242
150 254
150 256
150 258
151 156
151 158
151 166
151 173
151 197
151 211
151 218
151 224
151 231
151 233
151 242
151 254
151 256
151 258
152 158
152 173
152 176
152 197
152 211
152 218
152 224
152 231
152 233
152 242
152 254
152 256
152 258
153 158
153 173
153 176
153 181
153 197
153 211
153 218
153 224
153 231
153 233
153 242
153 254
153 256
153 258
153 260
154 158
154 173
154 176
154 181
154 197
154 211
154 218
154 224
154 231
154 233
154 242
154 254
154 256
154 258
154 260
155 158
155 173
155 176
155 181
155 197
155 211
155 218
155 224
155 231
155 233
155 242
155 254
155 256
155 258
155 260
156 158
156 173
156 176
156 181
156 197
156 211
156 218
156 224
156 231
156 233
156 242
156 254
156 256
156 258
156 260
157 158
157 173
157 176
157 181
157 197
157 211
157 218
157 224
157 231
157 233
157 242
157 254
157 256
157 258
157 260
158 158
158 176
158 181
158 197
158 211
158 218
158 224
158 231
158 233
158 242
158 254
158 256
158 258
158 260
159 158
159 176
159 181
159 197
159 211
159 218
159 224
159 231
159 233
159 242
159 254
159 256
159 258
159 260
160 176
160 181
160 197
160 211
160 218
160 231
160 233
160 242
160 256
160 258
160 260
161 176
161 181
161 197
161 211
161 218
161 231
161 242
161 244
161 256
161 258
161 260
162 176
162 181
162 197
162 211
162 218
162 231
162 242
162 244
162 256
162 258
162 260
163 176
163 181
163 197
163 211
163 218
163 231
163 242
163 244
163 256
163 258
163 260
164 176
164 181
164 197
164 211
164 218
164 231
164 242
164 244
164 256
164 258
164 260
165 176
165 181
165 197
165 211
165 218
165 231
165 244
165 256
165 258
165 260
166 176
166 181
166 197
166 211
166 227
166 231
166 244
166 256
166 260
167 176
167 181
167 197
167 227
167 231
167 244
167 256
167 260
168 176
168 181
168 197
168 227
168 231
168 244
168 256
168 260
169 176
169 181
169 197
169 227
169 231
169 244
169 256
169 260
170 176
170 181
170 197
170 227
170 231
170 244
170 256
170 260
171 176
171 181
171 197
171 227
171 231
171 244
171 256
171 260
172 176
172 181
172 197
172 227
172 231
172 244
172 256
172 260
173 176
173 181
173 196
173 197
173 227
173 231
173 244
173 251
173 256
173 260
174 176
174 196
174 197
174 227
174 231
174 239
174 244
174 251
174 256
174 260
174 268
175 196
175 197
175 227
175 231
175 239
175 244
175 251
175 256
175 260
175 268
176 189
176 195
176 196
176 197
176 227
176 231
176 244
176 251
176 256
176 260
176 268
176 280
177 188
177 189
177 195
177 196
177 197
177 227
177 231
177 244
177 251
177 256
177 260
177 268
177 280
178 188
178 189
178 195
178 196
178 197
178 227
178 231
178 244
178 251
178 256
178 260
178 268
178 280
179 188
179 189
179 195
179 196
179 197
179 227
179 231
179 244
179 251
179 256
179 260
179 268
179 280
180 188
180 189
180 195
180 196
180 220
180 227
180 231
180 244
180 251
180 256
180 260
180 268
180 280
181 188
181 189
181 195
181 196
181 220
181 244
181 251
181 256
181 268
181 280
182 188
182 189
182 195
182 196
182 220
182 244
182 251
182 253
182 256
182 268
183 188
183 189
183 193
183 195
183 196
183 220
183 244
183 251
183 253
183 256
183 284
184 189
184 193
184 195
184 196
184 220
184 244
184 251
184 253
184 256
184 284
185 189
185 193
185 195
185 196
185 220
185 244
185 251
185 253
185 256
185 284
186 189
186 193
186 195
186 196
186 220
186 240
186 244
186 251
186 253
186 256
186 284
187 189
187 193
187 195
187 196
187 220
187 240
187 244
187 251
187 253
187 256
187 284
188 189
188 193
188 195
188 196
188 220
188 240
188 244
188 251
188 253
188 256
188 284
189 189
189 195
189 196
189 209
189 220
189 240
189 251
189 253
189 256
189 263
189 275
189 283
189 284
190 189
190 196
190 209
190 220
190 240
190 251
190 253
190 256
190 263
190 275
190 283
190 284
191 189
191 196
191 209
191 220
191 240
191 251
191 256
191 263
191 275
191 283
191 284
192 189
192 196
192 204
192 209
192 220
192 240
192 251
192 256
192 263
192 275
192 283
192 284
193 189
193 196
193 204
193 209
193 220
193 240
193 251
193 256
193 263
193 275
193 283
193 284
194 189
194 196
194 204
194 209
194 220
194 240
194 251
194 256
194 263
194 275
194 283
194 284
195 189
195 196
195 204
195 209
195 220
195 240
195 251
195 256
195 263
195 275
195 283
195 284
196 204
196 209
196 220
196 240
196 256
196 263
196 275
196 283
196 284
197 204
197 209
197 220
197 240
197 256
197 263
197 275
197 283
197 284
198 204
198 219
198 220
198 236
198 240
198 256
198 263
198 275
198 283
198 284
199 204
199 219
199 220
199 236
199 256
199 263
199 283
199 284
200 204
200 219
200 220
200 236
200 256
200 263
200 283
200 284
201 204
201 219
201 220
201 236
201 256
201 257
201 263
201 283
201 284
202 219
202 220
202 236
202 256
202 257
202 263
202 277
202 283
202 284
203 219
203 220
203 236
203 256
203 257
203 263
203 277
203 283
203 284
204 220
204 236
204 246
204 256
204 257
204 263
204 277
204 283
204 284
205 220
205 236
205 246
205 256
205 257
205 263
205 277
205 283
205 284
206 220
206 223
206 236
206 256
206 257
206 263
206 277
206 283
206 284
207 215
207 220
207 223
207 236
207 256
207 257
207 263
207 277
207 284
208 215
208 220
208 223
208 236
208 256
208 257
208 263
208 272
208 277
208 284
209 215
209 220
209 223
209 236
209 256
209 257
209 263
209 277
209 284
210 215
210 220
210 223
210 241
210 256
210 257
210 263
210 277
210 284
211 215
211 220
211 223
211 241
211 256
211 257
211 263
211 277
211 284
212 215
212 220
212 223
212 241
212 256
212 257
212 263
212 277
212 284
213 215
213 220
213 223
213 241
213 256
213 257
213 263
213 270
213 277
213 284
214 215
214 223
214 241
214 256
214 257
214 263
214 270
214 277
214 284
215 215
215 223
215 241
215 256
215 257
215 263
215 270
215 277
215 284
216 215
216 223
216 241
216 256
216 257
216 263
216 270
216 277
216 284
217 215
217 223
217 241
217 256
217 257
217 263
217 270
217 277
217 284
218 215
218 223
218 241
218 256
218 257
218 263
218 270
218 277
218 284
219 215
219 223
219 241
219 256
219 263
219 270
219 277
219 284
220 215
220 223
220 241
220 256
220 263
220 270
220 277
220 284
221 223
221 241
221 256
221 263
221 270
221 273
221 277
221 284
222 223
222 241
222 256
222 263
222 270
222 273
222 277
222 284
223 223
223 241
223 256
223 261
223 263
223 270
223 277
223 282
223 284
224 223
224 241
224 256
224 261
224 263
224 270
224 277
224 282
224 284
225 223
225 241
225 256
225 261
225 263
225 265
225 270
225 277
225 282
225 284
226 223
226 241
226 256
226 261
226 263
226 265
226 270
226 277
226 282
226 284
227 223
227 241
227 256
227 261
227 263
227 265
227 270
227 277
227 282
227 284
228 223
228 241
228 256
228 261
228 263
228 265
228 270
228 277
228 282
228 284
229 223
229 241
229 256
229 261
229 263
229 265
229 270
229 277
229 282
229 284
230 241
230 256
230 261
230 263
230 265
230 270
230 277
230 282
230 284
231 241
231 256
231 261
231 263
231 265
231 270
231 277
232 241
232 256
232 261
232 263
232 265
232 277
233 241
233 256
233 261
233 263
233 265
233 277
234 241
234 256
234 261
234 263
234 265
234 277
235 241
235 256
235 261
235 263
235 265
235 271
235 277
236 241
236 256
236 259
236 261
236 263
236 265
236 271
236 277
237 241
237 256
237 259
237 261
237 263
237 265
237 271
237 277
238 241
238 256
238 259
238 261
238 263
238 265
238 271
238 277
239 241
239 256
239 259
239 261
239 263
239 265
239 271
239 277
240 241
240 256
240 259
240 261
240 263
240 265
240 271
240 277
241 241
241 256
241 259
241 261
241 263
241 265
241 271
241 277
242 241
242 256
242 259
242 261
242 263
242 265
242 271
242 277
243 241
243 256
243 259
243 261
243 263
243 265
243 271
243 277
244 241
244 256
244 259
244 261
244 263
244 265
244 271
244 277
245 241
245 256
245 259
245 261
245 263
245 265
245 271
245 277
246 241
246 256
246 259
246 261
246 263
246 265
246 271
246 277
247 241
247 256
247 261
247 263
247 265
247 271
247 277
248 241
248 256
248 261
248 263
248 265
248 271
248 277
249 241
249 256
249 261
249 263
249 265
249 271
249 277
250 241
250 256
250 261
250 263
250 265
250 271
250 277
251 241
251 256
251 261
251 263
251 265
251 271
251 277
252 263
252 271
252 277
253 263
253 271
253 277
254 263
254 277
255 263
255 277
256 263
256 277
256 279
257 263
257 277
258 263
258 277
259 263
259 277
260 263
260 277
261 263
261 277
262 263
262 277
263 263
263 277
264 263
264 277
265 263
265 277
266 263
266 277
267 263
267 277
268 263
268 277
269 263
269 277
270 263
270 277
271 263
271 277
272 263
272 277
273 263
273 277
274 263
274 277
275 263
275 277
276 263
276 277
277 263
277 277
278 263
278 277
279 277
