0 2
0 15
0 20
0 22
0 43
0 134
0 173
0 246
0 258
1 2
1 15
1 20
1 22
1 43
1 134
1 173
1 246
1 258
2 15
2 20
2 22
2 43
2 134
2 173
2 237
2 246
2 258
3 15
3 20
3 22
3 43
3 134
3 173
3 230
3 237
3 246
3 258
4 5
4 15
4 22
4 43
4 134
4 173
4 230
4 237
4 246
4 258
5 15
5 22
5 35
5 81
5 134
5 173
5 230
5 237
5 240
5 246
5 258
6 10
6 15
6 22
6 26
6 30
6 78
6 81
6 134
6 173
6 230
6 237
6 240
6 246
6 258
6 268
7 15
7 22
7 26
7 30
7 78
7 81
7 134
7 173
7 230
7 237
7 240
7 246
7 268
8 22
8 26
8 30
8 78
8 81
8 134
8 173
8 230
8 237
8 240
8 246
8 268
9 11
9 22
9 23
9 27
9 30
9 51
9 78
9 95
9 134
9 173
9 230
9 237
9 240
9 246
9 268
10 12
10 23
10 24
10 47
10 51
10 78
10 91
10 95
10 134
10 164
10 170
10 230
10 237
10 240
10 246
10 268
11 12
11 23
11 24
11 47
11 51
11 78
11 91
11 95
11 134
11 164
11 170
11 230
11 237
11 240
11 246
11 268
12 23
12 34
12 47
12 51
12 70
12 78
12 80
12 95
12 97
12 134
12 164
12 170
12 178
12 230
12 237
12 240
12 246
12 268
13 23
13 34
13 47
13 70
13 78
13 80
13 95
13 97
13 134
13 164
13 170
13 174
13 178
13 230
13 237
13 240
13 246
13 268
14 34
14 47
14 70
14 78
14 80
14 95
14 97
14 134
14 164
14 170
14 174
14 178
14 230
14 237
14 240
14 246
14 268
15 19
15 31
15 32
15 47
15 53
15 70
15 78
15 80
15 95
15 134
15 136
15 164
15 170
15 174
15 178
15 230
15 237
15 240
15 246
15 268
16 47
16 53
16 59
16 70
16 78
16 80
16 95
16 134
16 136
16 164
16 170
16 174
16 178
16 230
16 237
16 240
16 246
16 268
17 28
17 41
17 47
17 70
17 78
17 88
17 95
17 107
17 109
17 134
17 136
17 170
17 174
17 178
17 230
17 237
17 240
17 246
17 268
17 276
18 21
18 28
18 29
18 41
18 70
18 78
18 88
18 95
18 107
18 109
18 134
18 136
18 170
18 174
18 178
18 230
18 237
18 240
18 246
18 268
18 276
19 38
19 42
19 78
19 88
19 95
19 107
19 109
19 134
19 136
19 170
19 174
19 178
19 230
19 237
19 240
19 246
19 268
19 276
20 38
20 42
20 78
20 88
20 95
20 100
20 107
20 109
20 134
20 136
20 170
20 174
20 178
20 230
20 237
20 240
20 246
20 268
20 276
21 50
21 77
21 78
21 134
21 170
21 171
21 174
21 178
21 230
21 237
21 240
21 246
21 268
21 276
21 284
22 50
22 77
22 78
22 170
22 171
22 174
22 178
22 230
22 237
22 240
22 246
22 268
22 276
22 284
23 78
23 108
23 131
23 170
23 171
23 174
23 178
23 230
23 237
23 240
23 246
23 276
24 78
24 108
24 131
24 170
24 171
24 174
24 178
24 230
24 237
24 240
24 246
24 276
25 36
25 78
25 108
25 131
25 170
25 174
25 178
25 230
25 237
25 240
25 246
25 276
26 78
26 131
26 144
26 153
26 170
26 174
26 178
26 230
26 237
26 246
26 276
27 56
27 144
27 153
27 170
27 174
27 216
27 221
27 237
27 276
28 56
28 57
28 85
28 144
28 153
28 170
28 174
28 181
28 216
28 221
28 237
28 276
29 56
29 57
29 85
29 144
29 153
29 170
29 174
29 181
29 216
29 221
29 237
29 276
30 56
30 57
30 85
30 144
30 153
30 170
30 174
30 181
30 216
30 221
30 237
30 276
30 278
31 56
31 57
31 85
31 144
31 153
31 170
31 174
31 181
31 216
31 221
31 237
31 276
31 278
32 56
32 57
32 85
32 129
32 153
32 170
32 174
32 181
32 221
32 237
32 276
32 278
33 56
33 57
33 85
33 129
33 153
33 170
33 174
33 177
33 181
33 221
33 237
33 276
34 48
34 56
34 57
34 62
34 63
34 75
34 85
34 114
34 129
34 137
34 140
34 170
34 181
34 221
34 231
34 237
34 276
35 44
35 48
35 56
35 57
35 63
35 85
35 89
35 96
35 112
35 114
35 125
35 129
35 137
35 140
35 170
35 181
35 192
35 221
35 222
35 231
35 237
35 276
36 56
36 63
36 74
36 89
36 96
36 112
36 114
36 125
36 129
36 137
36 170
36 181
36 192
36 221
36 222
36 231
36 237
36 276
37 63
37 74
37 89
37 96
37 112
37 114
37 119
37 125
37 129
37 137
37 181
37 192
37 221
37 222
37 231
37 237
37 276
38 52
38 63
38 74
38 89
38 93
38 96
38 112
38 114
38 119
38 125
38 129
38 137
38 181
38 221
38 222
38 231
38 237
38 276
39 49
39 52
39 54
39 63
39 69
39 71
39 74
39 89
39 93
39 96
39 112
39 114
39 119
39 125
39 129
39 137
39 152
39 169
39 221
39 222
39 231
39 237
39 276
40 49
40 52
40 54
40 69
40 71
40 74
40 89
40 93
40 96
40 112
40 114
40 119
40 125
40 129
40 137
40 152
40 169
40 221
40 222
40 231
40 237
40 276
41 49
41 52
41 69
41 71
41 74
41 89
41 93
41 112
41 114
41 119
41 125
41 129
41 135
41 137
41 152
41 162
41 169
41 221
41 222
41 231
41 237
41 276
42 52
42 69
42 71
42 74
42 89
42 93
42 99
42 112
42 114
42 119
42 125
42 129
42 135
42 137
42 152
42 162
42 169
42 221
42 222
42 231
42 237
42 276
43 69
43 71
43 89
43 98
43 99
43 103
43 110
43 112
43 114
43 122
43 125
43 135
43 152
43 169
43 205
43 221
43 222
43 231
44 69
44 71
44 72
44 89
44 98
44 99
44 103
44 110
44 112
44 114
44 122
44 125
44 135
44 152
44 169
44 205
44 221
44 222
44 231
45 69
45 71
45 72
45 89
45 98
45 99
45 103
45 110
45 112
45 114
45 122
45 125
45 135
45 152
45 169
45 205
45 221
45 222
45 231
46 69
46 71
46 72
46 89
46 98
46 99
46 103
46 110
46 112
46 114
46 122
46 125
46 135
46 152
46 169
46 205
46 221
46 222
46 231
47 69
47 71
47 72
47 89
47 98
47 99
47 103
47 110
47 112
47 114
47 122
47 125
47 135
47 152
47 169
47 193
47 205
47 221
47 222
47 231
48 60
48 61
48 69
48 72
48 98
48 110
48 112
48 114
48 122
48 123
48 125
48 135
48 152
48 169
48 193
48 207
48 221
48 222
48 231
49 60
49 61
49 69
49 72
49 98
49 110
49 112
49 114
49 122
49 123
49 125
49 135
49 152
49 169
49 193
49 207
49 221
49 222
49 231
50 60
50 61
50 69
50 72
50 94
50 98
50 110
50 112
50 114
50 122
50 135
50 152
50 169
50 193
50 207
50 221
50 222
50 231
51 60
51 61
51 69
51 72
51 94
51 98
51 110
51 112
51 114
51 122
51 135
51 152
51 169
51 193
51 207
51 221
51 222
51 231
52 60
52 61
52 69
52 72
52 94
52 98
52 110
52 112
52 114
52 122
52 135
52 152
52 169
52 193
52 207
52 221
52 222
52 231
53 60
53 61
53 69
53 98
53 110
53 112
53 114
53 122
53 135
53 152
53 169
53 193
53 207
53 221
53 222
54 60
54 61
54 69
54 98
54 110
54 112
54 114
54 122
54 135
54 152
54 169
54 193
54 207
54 221
54 222
55 60
55 61
55 69
55 73
55 98
55 110
55 112
55 114
55 122
55 135
55 152
55 169
55 193
55 207
55 221
55 222
56 60
56 61
56 66
56 110
56 114
56 122
56 135
56 145
56 152
56 169
56 193
56 221
56 222
57 60
57 61
57 66
57 110
57 114
57 122
57 128
57 145
57 169
57 179
57 221
57 222
58 60
58 61
58 66
58 110
58 114
58 128
58 145
58 169
58 179
58 221
58 222
59 60
59 61
59 66
59 110
59 114
59 121
59 128
59 132
59 145
59 169
59 221
59 222
60 60
60 66
60 87
60 113
60 114
60 121
60 128
60 132
60 145
60 169
60 185
60 221
60 222
61 60
61 65
61 79
61 83
61 87
61 113
61 114
61 121
61 128
61 132
61 145
61 169
61 185
61 221
61 222
61 267
61 280
62 60
62 79
62 83
62 87
62 113
62 114
62 121
62 128
62 132
62 145
62 169
62 185
62 221
62 222
62 267
62 280
63 60
63 79
63 82
63 83
63 87
63 113
63 114
63 121
63 128
63 145
63 169
63 185
63 221
63 222
63 267
63 280
64 60
64 79
64 82
64 83
64 87
64 113
64 114
64 121
64 128
64 145
64 169
64 185
64 191
64 221
64 222
64 267
64 280
65 60
65 79
65 82
65 83
65 87
65 113
65 114
65 121
65 128
65 145
65 169
65 185
65 191
65 221
65 222
65 267
65 280
66 67
66 82
66 84
66 87
66 90
66 113
66 114
66 121
66 133
66 145
66 169
66 185
66 188
66 191
66 209
66 221
66 222
66 267
66 280
67 82
67 84
67 87
67 90
67 114
67 121
67 127
67 133
67 145
67 169
67 185
67 188
67 191
67 209
67 221
67 222
67 247
67 267
68 82
68 84
68 87
68 90
68 114
68 121
68 127
68 133
68 145
68 169
68 185
68 188
68 191
68 209
68 221
68 222
68 267
69 82
69 84
69 87
69 90
69 114
69 121
69 127
69 133
69 145
69 169
69 185
69 188
69 191
69 209
69 221
69 222
69 267
70 82
70 84
70 87
70 121
70 127
70 145
70 169
70 185
70 188
70 191
70 209
70 221
70 222
70 267
71 82
71 84
71 87
71 121
71 127
71 145
71 148
71 169
71 185
71 188
71 191
71 209
71 221
71 222
71 267
72 82
72 84
72 87
72 121
72 127
72 145
72 148
72 169
72 185
72 188
72 191
72 209
72 221
72 222
72 267
73 82
73 84
73 87
73 121
73 127
73 145
73 148
73 169
73 185
73 188
73 191
73 209
73 221
73 222
73 267
74 82
74 84
74 86
74 87
74 104
74 121
74 127
74 148
74 169
74 185
74 186
74 188
74 191
74 209
74 221
74 222
74 239
74 267
75 82
75 84
75 86
75 87
75 104
75 121
75 127
75 169
75 185
75 186
75 188
75 191
75 209
75 212
75 221
75 222
75 239
75 267
76 82
76 84
76 87
76 104
76 121
76 127
76 169
76 185
76 186
76 188
76 191
76 209
76 212
76 221
76 222
76 239
77 82
77 84
77 87
77 104
77 121
77 127
77 150
77 169
77 185
77 186
77 188
77 191
77 209
77 212
77 221
77 222
77 239
78 82
78 84
78 104
78 111
78 121
78 127
78 150
78 169
78 176
78 185
78 186
78 188
78 191
78 209
78 212
78 221
78 222
78 239
79 82
79 84
79 104
79 111
79 121
79 127
79 150
79 169
79 176
79 185
79 186
79 188
79 191
79 209
79 212
79 221
79 222
79 239
80 104
80 105
80 111
80 127
80 150
80 169
80 176
80 185
80 186
80 188
80 191
80 209
80 212
80 222
80 239
81 104
81 105
81 111
81 127
81 150
81 169
81 176
81 185
81 186
81 188
81 191
81 209
81 212
81 222
81 239
82 104
82 105
82 111
82 115
82 127
82 150
82 169
82 176
82 186
82 188
82 191
82 209
82 212
82 222
82 239
82 254
83 104
83 105
83 111
83 115
83 127
83 150
83 169
83 176
83 184
83 186
83 188
83 191
83 209
83 212
83 222
83 239
83 254
84 104
84 105
84 111
84 115
84 127
84 150
84 169
84 176
84 184
84 186
84 188
84 191
84 209
84 212
84 222
84 239
84 254
85 104
85 105
85 111
85 115
85 127
85 150
85 169
85 176
85 184
85 186
85 188
85 191
85 209
85 212
85 222
85 239
85 254
86 104
86 105
86 111
86 115
86 127
86 150
86 169
86 176
86 184
86 186
86 188
86 191
86 204
86 209
86 212
86 222
86 239
86 254
87 104
87 105
87 106
87 115
87 126
87 169
87 176
87 186
87 188
87 191
87 204
87 209
87 212
87 239
87 254
88 104
88 105
88 106
88 158
88 176
88 186
88 188
88 191
88 204
88 209
88 212
88 213
88 223
88 239
88 254
89 104
89 105
89 106
89 158
89 176
89 186
89 188
89 191
89 204
89 209
89 212
89 213
89 223
89 239
89 254
90 104
90 105
90 106
90 146
90 158
90 176
90 186
90 188
90 191
90 204
90 212
90 213
90 223
90 239
90 248
90 254
91 104
91 105
91 106
91 146
91 158
91 176
91 186
91 188
91 191
91 204
91 212
91 213
91 223
91 239
91 248
91 254
92 102
92 104
92 105
92 106
92 116
92 176
92 188
92 204
92 212
92 213
92 223
92 239
92 248
92 254
93 101
93 102
93 104
93 105
93 118
93 138
93 163
93 188
93 204
93 213
93 223
93 239
93 248
93 254
94 101
94 102
94 104
94 105
94 118
94 163
94 188
94 204
94 213
94 223
94 239
94 248
94 254
95 101
95 102
95 105
95 124
95 139
95 142
95 163
95 175
95 188
95 200
95 204
95 213
95 223
95 239
95 248
95 254
95 255
96 101
96 105
96 124
96 139
96 142
96 163
96 175
96 188
96 200
96 204
96 213
96 223
96 239
96 248
96 254
96 255
97 101
97 105
97 124
97 139
97 142
97 163
97 175
97 188
97 200
97 204
97 210
97 213
97 223
97 239
97 248
97 254
97 255
98 101
98 124
98 142
98 163
98 188
98 200
98 204
98 210
98 213
98 223
98 235
98 239
98 248
98 254
98 255
99 101
99 124
99 142
99 163
99 188
99 200
99 204
99 210
99 213
99 223
99 235
99 239
99 248
99 254
99 255
100 101
100 124
100 142
100 163
100 188
100 200
100 204
100 210
100 213
100 223
100 235
100 239
100 248
100 254
100 255
101 101
101 124
101 142
101 163
101 188
101 200
101 204
101 210
101 213
101 223
101 235
101 239
101 248
101 254
101 255
102 101
102 124
102 163
102 188
102 200
102 204
102 210
102 213
102 223
102 235
102 239
102 248
102 254
102 255
103 101
103 163
103 188
103 200
103 204
103 210
103 223
103 235
103 239
103 248
103 254
103 255
104 188
104 204
104 223
104 225
104 239
104 248
104 255
104 256
104 277
105 188
105 204
105 223
105 225
105 239
105 248
105 255
105 256
105 277
106 147
106 188
106 204
106 223
106 225
106 238
106 239
106 248
106 255
106 277
107 188
107 204
107 223
107 225
107 238
107 239
107 248
107 255
107 277
108 117
108 188
108 204
108 223
108 225
108 238
108 239
108 248
108 255
108 277
109 117
109 188
109 204
109 223
109 225
109 238
109 239
109 248
109 255
109 277
110 117
110 188
110 204
110 220
110 223
110 225
110 238
110 239
110 248
110 255
110 277
111 117
111 188
111 202
111 204
111 220
111 223
111 225
111 239
111 248
111 277
112 117
112 188
112 202
112 204
112 220
112 223
112 225
112 239
112 248
112 277
113 117
113 188
113 202
113 204
113 220
113 223
113 225
113 239
113 248
113 277
114 117
114 188
114 202
114 204
114 220
114 223
114 225
114 239
114 248
114 277
115 117
115 188
115 202
115 204
115 223
115 225
115 239
115 248
115 277
116 117
116 160
116 188
116 202
116 204
116 211
116 223
116 225
116 239
116 248
116 277
117 117
117 159
117 160
117 188
117 204
117 211
117 223
117 225
117 239
117 257
117 260
117 270
117 277
118 117
118 159
118 160
118 188
118 204
118 211
118 223
118 225
118 239
118 257
118 260
118 270
118 277
119 117
119 160
119 188
119 204
119 223
119 225
119 239
119 257
119 260
119 270
119 277
120 117
120 160
120 188
120 204
120 223
120 225
120 239
120 257
120 260
120 270
120 277
121 117
121 160
121 188
121 204
121 223
121 225
121 239
121 257
121 260
121 270
121 277
122 160
122 188
122 204
122 223
122 225
122 239
122 257
122 270
122 277
123 160
123 188
123 204
123 223
123 225
123 239
123 257
123 270
123 277
124 160
124 188
124 204
124 223
124 225
124 239
124 257
124 270
124 277
125 160
125 188
125 204
125 225
125 239
125 257
125 270
125 277
126 160
126 188
126 204
126 225
126 239
126 257
126 270
126 277
127 160
127 188
127 204
127 225
127 239
127 257
127 270
127 277
128 160
128 188
128 204
128 225
128 239
128 257
128 270
128 277
129 143
129 149
129 160
129 167
129 188
129 204
129 225
129 239
129 257
129 262
129 270
129 277
130 143
130 149
130 160
130 167
130 188
130 204
130 225
130 239
130 257
130 262
130 270
130 277
131 143
131 149
131 160
131 167
131 188
131 204
131 239
131 257
131 262
131 270
131 277
132 143
132 149
132 154
132 160
132 167
132 188
132 204
132 239
132 257
132 262
132 264
132 270
132 277
133 143
133 149
133 154
133 160
133 167
133 188
133 204
133 215
133 239
133 257
133 262
133 264
133 270
133 277
134 149
134 154
134 160
134 167
134 188
134 204
134 215
134 239
134 257
134 262
134 270
134 274
134 277
135 149
135 154
135 160
135 167
135 204
135 215
135 239
135 257
135 270
135 274
135 277
136 141
136 149
136 154
136 160
136 166
136 167
136 204
136 239
136 257
136 270
136 274
136 277
137 141
137 149
137 154
137 160
137 166
137 167
137 204
137 239
137 257
137 270
137 274
137 277
138 149
138 154
138 160
138 166
138 167
138 204
138 239
138 257
138 270
138 274
138 277
139 149
139 151
139 154
139 160
139 166
139 167
139 239
139 257
139 270
139 277
140 149
140 151
140 154
140 157
140 160
140 167
140 239
140 270
140 277
141 149
141 151
141 154
141 157
141 160
141 167
141 239
141 270
141 277
142 149
142 151
142 154
142 157
142 160
142 167
142 239
142 270
142 277
143 149
143 151
143 154
143 155
143 157
143 160
143 167
143 199
143 239
143 270
143 277
144 151
144 154
144 157
144 160
144 167
144 195
144 199
144 239
144 277
145 151
145 154
145 157
145 160
145 167
145 195
145 199
145 239
145 277
146 151
146 154
146 157
146 160
146 195
146 199
146 234
146 239
146 277
147 151
147 154
147 157
147 160
147 195
147 199
147 232
147 234
147 239
147 277
148 151
148 154
148 157
148 160
148 195
148 199
148 232
148 234
148 239
148 277
149 151
149 157
149 160
149 195
149 199
149 232
149 234
149 239
149 277
150 151
150 157
150 160
150 195
150 199
150 232
150 234
150 236
150 239
150 277
151 151
151 157
151 160
151 195
151 199
151 232
151 234
151 236
151 239
151 241
151 277
152 151
152 157
152 160
152 195
152 199
152 232
152 234
152 236
152 239
152 241
152 277
153 151
153 157
153 160
153 195
153 199
153 232
153 234
153 236
153 239
153 241
153 277
154 151
154 160
154 195
154 199
154 232
154 234
154 236
154 239
154 241
154 277
155 151
155 160
155 172
155 199
155 232
155 234
155 236
155 239
155 241
155 277
156 151
156 160
156 172
156 232
156 234
156 236
156 239
156 241
156 242
156 277
157 161
157 165
157 168
157 197
157 218
157 232
157 236
157 239
157 241
157 277
158 161
158 165
158 168
158 183
158 197
158 218
158 228
158 232
158 236
158 239
158 241
158 277
159 165
159 168
159 183
159 228
159 232
159 236
159 239
159 244
159 250
159 265
159 277
160 165
160 168
160 183
160 228
160 232
160 236
160 239
160 244
160 250
160 265
160 277
161 165
161 168
161 183
161 219
161 228
161 232
161 236
161 239
161 244
161 250
161 265
161 277
162 165
162 168
162 183
162 219
162 228
162 232
162 236
162 239
162 244
162 250
162 265
162 277
163 168
163 183
163 208
163 228
163 232
163 236
163 239
163 244
163 265
163 277
164 168
164 183
164 208
164 228
164 232
164 236
164 239
164 244
164 265
164 277
165 168
165 183
165 208
165 228
165 232
165 236
165 239
165 244
165 265
165 277
166 168
166 183
166 208
166 228
166 232
166 236
166 239
166 265
166 272
166 277
167 168
167 180
167 183
167 190
167 208
167 228
167 232
167 239
167 253
167 265
167 272
167 277
168 168
168 180
168 183
168 190
168 208
168 228
168 232
168 265
168 272
168 277
169 168
169 180
169 190
169 203
169 208
169 228
169 265
169 272
169 277
170 190
170 203
170 208
170 228
170 265
170 272
170 277
171 190
171 203
171 208
171 228
171 265
171 272
171 277
172 190
172 203
172 208
172 228
172 265
172 272
172 277
173 190
173 203
173 208
173 265
173 272
173 277
174 190
174 203
174 208
174 265
174 272
174 277
175 190
175 208
175 265
175 272
175 277
176 190
176 208
176 251
176 265
176 272
176 277
177 190
177 208
177 251
177 265
177 272
177 277
178 190
178 251
178 265
178 272
178 277
179 190
179 201
179 224
179 251
179 265
179 272
180 190
180 201
180 224
180 251
180 265
180 272
181 201
181 224
181 251
181 265
181 272
182 201
182 224
182 251
182 265
182 272
183 201
183 224
183 251
183 265
183 272
184 201
184 224
184 251
184 265
184 272
185 196
185 201
185 224
185 251
185 265
185 272
186 196
186 201
186 224
186 251
186 265
186 272
187 196
187 201
187 224
187 251
187 265
187 272
188 196
188 201
188 224
188 251
188 265
188 272
189 196
189 201
189 224
189 251
189 265
189 272
190 196
190 201
190 224
190 251
190 265
191 196
191 201
191 206
191 224
191 251
191 265
192 196
192 201
192 206
192 224
192 251
192 265
193 196
193 201
193 206
193 251
193 265
194 196
194 206
194 251
194 265
195 196
195 206
195 229
195 251
195 265
196 196
196 206
196 229
196 245
196 249
196 251
196 265
197 196
197 229
197 245
197 249
197 251
197 265
198 196
198 229
198 245
198 249
198 251
198 265
199 196
199 217
199 229
199 245
199 249
199 251
199 265
200 196
200 217
200 229
200 233
200 245
200 249
200 251
200 265
201 196
201 217
201 229
201 233
201 245
201 249
201 251
201 265
202 196
202 217
202 229
202 233
202 245
202 249
202 251
202 265
202 281
203 196
203 217
203 229
203 233
203 245
203 249
203 251
203 265
203 281
204 217
204 229
204 233
204 245
204 249
204 265
204 266
204 281
205 217
205 229
205 233
205 245
205 249
205 265
205 266
205 281
206 217
206 229
206 233
206 245
206 249
206 265
206 266
206 281
207 217
207 229
207 233
207 245
207 249
207 265
207 266
207 281
208 217
208 227
208 229
208 233
208 249
208 266
208 281
209 217
209 227
209 229
209 249
209 266
209 281
210 217
210 227
210 229
210 249
210 266
210 281
211 217
211 227
211 229
211 249
211 266
211 281
212 217
212 227
212 229
212 249
212 266
212 281
213 217
213 227
213 229
213 249
213 266
213 281
214 217
214 227
214 229
214 249
214 266
214 281
215 217
215 227
215 229
215 249
215 266
215 281
216 227
216 229
216 249
216 266
216 281
217 227
217 229
217 249
217 266
217 281
218 227
218 229
218 249
218 266
218 281
219 227
219 252
219 263
219 266
220 227
220 252
220 263
220 266
221 227
221 243
221 252
221 261
221 263
221 266
222 227
222 243
222 252
222 261
222 263
222 266
223 227
223 243
223 252
223 261
223 263
223 266
224 227
224 243
224 252
224 261
224 263
224 266
225 227
225 243
225 252
225 261
225 263
225 266
226 227
226 243
226 252
226 261
226 263
226 266
227 227
227 243
227 252
227 261
227 263
227 266
228 227
228 243
228 252
228 261
228 263
228 266
229 227
229 243
229 252
229 261
229 266
230 227
230 243
230 252
230 261
230 266
231 227
231 243
231 252
231 261
231 266
231 279
232 227
232 243
232 252
232 261
232 266
232 279
233 227
233 243
233 252
233 261
233 266
233 279
234 227
234 243
234 252
234 261
234 275
234 279
235 252
235 261
235 275
235 279
236 252
236 261
236 275
236 279
237 252
237 261
237 275
237 279
238 252
238 261
238 275
238 279
239 252
239 261
239 275
239 279
240 252
240 261
240 275
240 279
241 252
241 261
241 275
241 279
242 252
242 275
242 279
243 252
243 275
243 279
244 252
244 275
245 252
245 275
246 252
246 275
247 252
247 275
248 275
263 283
264 283
265 283
266 282
266 283
267 282
267 283
268 282
268 283
269 282
269 283
270 282
270 283
271 282
271 283
272 282
272 283
273 283
274 283
