0 156
0 213
1 2
1 156
1 213
2 52
2 141
2 144
2 156
2 191
2 213
2 245
3 4
3 38
3 48
3 56
3 60
3 141
3 156
3 191
3 213
3 221
3 264
4 4
4 38
4 48
4 56
4 60
4 141
4 156
4 191
4 213
4 221
4 264
5 29
5 30
5 38
5 48
5 49
5 56
5 60
5 71
5 79
5 140
5 141
5 156
5 191
5 213
5 221
5 258
5 264
6 8
6 29
6 30
6 38
6 48
6 49
6 56
6 60
6 71
6 79
6 140
6 156
6 191
6 213
6 221
6 258
6 264
7 8
7 29
7 30
7 38
7 48
7 49
7 56
7 60
7 71
7 79
7 140
7 156
7 191
7 213
7 221
7 258
7 264
8 10
8 29
8 30
8 34
8 38
8 41
8 48
8 49
8 56
8 59
8 60
8 71
8 79
8 82
8 140
8 156
8 191
8 213
8 221
8 258
8 264
9 21
9 29
9 30
9 38
9 41
9 48
9 56
9 60
9 71
9 79
9 80
9 82
9 140
9 156
9 191
9 213
9 221
9 258
9 264
10 21
10 29
10 30
10 56
10 60
10 71
10 79
10 80
10 82
10 89
10 138
10 140
10 156
10 188
10 213
10 221
10 258
10 264
11 15
11 44
11 46
11 56
11 60
11 71
11 123
11 130
11 138
11 140
11 156
11 161
11 188
11 189
11 215
11 258
11 264
12 15
12 23
12 44
12 60
12 71
12 123
12 130
12 138
12 140
12 148
12 156
12 161
12 171
12 188
12 189
12 215
12 246
12 258
12 264
13 15
13 23
13 32
13 60
13 71
13 123
13 130
13 138
13 148
13 161
13 171
13 189
13 215
13 246
13 258
13 263
13 264
14 15
14 32
14 53
14 55
14 60
14 71
14 123
14 130
14 138
14 148
14 161
14 171
14 189
14 215
14 246
14 258
14 263
14 264
15 15
15 32
15 37
15 53
15 55
15 60
15 71
15 123
15 130
15 138
15 148
15 161
15 171
15 189
15 196
15 215
15 246
15 263
15 264
16 15
16 32
16 37
16 53
16 55
16 60
16 70
16 71
16 116
16 123
16 130
16 138
16 148
16 161
16 162
16 171
16 189
16 196
16 246
16 263
16 264
17 32
17 36
17 37
17 53
17 55
17 60
17 70
17 116
17 123
17 130
17 161
17 162
17 171
17 189
17 196
17 209
17 246
17 263
17 264
18 20
18 36
18 55
18 60
18 65
18 70
18 108
18 116
18 123
18 130
18 161
18 162
18 171
18 176
18 189
18 190
18 196
18 209
19 36
19 55
19 60
19 65
19 70
19 108
19 116
19 123
19 130
19 161
19 162
19 171
19 176
19 189
19 190
19 196
19 209
20 36
20 55
20 60
20 65
20 70
20 108
20 116
20 123
20 130
20 161
20 162
20 171
20 176
20 189
20 190
20 196
20 209
21 24
21 36
21 42
21 51
21 55
21 60
21 65
21 70
21 108
21 116
21 123
21 130
21 161
21 162
21 171
21 176
21 189
21 190
21 196
21 209
21 223
22 24
22 42
22 51
22 55
22 60
22 65
22 70
22 108
22 116
22 123
22 130
22 161
22 162
22 171
22 176
22 189
22 190
22 196
22 209
22 223
23 42
23 65
23 70
23 103
23 108
23 116
23 123
23 130
23 132
23 161
23 162
23 165
23 171
23 176
23 189
23 190
23 196
23 209
23 223
23 260
24 42
24 65
24 70
24 103
24 108
24 116
24 123
24 130
24 132
24 161
24 162
24 165
24 171
24 176
24 189
24 190
24 196
24 209
24 223
24 260
25 65
25 70
25 103
25 108
25 116
25 123
25 130
25 132
25 161
25 162
25 165
25 171
25 176
25 189
25 190
25 196
25 209
25 223
25 260
26 33
26 50
26 65
26 70
26 103
26 108
26 116
26 123
26 130
26 132
26 161
26 162
26 165
26 171
26 176
26 189
26 190
26 196
26 209
26 223
26 260
27 33
27 50
27 65
27 70
27 103
27 108
27 116
27 130
27 132
27 161
27 162
27 165
27 176
27 189
27 190
27 196
27 209
27 223
27 260
28 33
28 50
28 65
28 70
28 103
28 108
28 116
28 130
28 161
28 162
28 165
28 176
28 189
28 190
28 196
28 209
28 223
28 260
29 33
29 50
29 54
29 65
29 70
29 94
29 103
29 116
29 130
29 161
29 162
29 165
29 176
29 189
29 190
29 196
29 209
29 223
29 260
30 33
30 50
30 54
30 65
30 70
30 94
30 103
30 116
30 130
30 161
30 162
30 165
30 176
30 189
30 190
30 196
30 209
30 223
30 260
31 50
31 65
31 70
31 94
31 103
31 113
31 116
31 126
31 130
31 161
31 162
31 165
31 176
31 189
31 190
31 196
31 209
31 223
31 260
32 50
32 65
32 68
32 70
32 94
32 103
32 113
32 116
32 126
32 165
32 176
32 189
32 196
32 209
32 223
32 260
32 274
33 50
33 65
33 68
33 70
33 94
33 103
33 113
33 116
33 126
33 165
33 176
33 189
33 196
33 209
33 223
33 260
33 274
34 43
34 50
34 65
34 68
34 70
34 85
34 94
34 103
34 113
34 116
34 126
34 165
34 176
34 189
34 196
34 223
34 238
34 260
34 274
35 43
35 66
35 68
35 85
35 103
35 113
35 119
35 121
35 126
35 165
35 185
35 189
35 196
35 210
35 223
35 238
35 241
35 248
35 260
35 274
36 43
36 62
36 66
36 67
36 85
36 104
36 113
36 119
36 121
36 143
36 165
36 173
36 185
36 189
36 196
36 205
36 210
36 223
36 238
36 248
36 260
37 43
37 62
37 85
37 104
37 113
37 119
37 121
37 143
37 165
37 173
37 185
37 189
37 196
37 205
37 210
37 223
37 238
37 248
37 260
38 43
38 62
38 85
38 104
38 113
38 119
38 121
38 143
38 165
38 173
38 185
38 189
38 196
38 205
38 210
38 223
38 238
38 248
38 260
39 43
39 62
39 85
39 113
39 119
39 121
39 143
39 165
39 173
39 185
39 189
39 196
39 205
39 223
39 238
39 248
39 260
40 43
40 62
40 85
40 113
40 119
40 121
40 143
40 165
40 173
40 185
40 189
40 196
40 205
40 223
40 238
40 248
40 260
41 43
41 62
41 85
41 113
41 119
41 121
41 143
41 165
41 173
41 185
41 189
41 196
41 205
41 223
41 238
41 248
41 260
42 43
42 58
42 62
42 76
42 85
42 119
42 121
42 128
42 165
42 173
42 185
42 189
42 196
42 205
42 223
42 238
42 248
42 260
43 43
43 45
43 47
43 57
43 58
43 62
43 73
43 83
43 85
43 119
43 121
43 128
43 165
43 173
43 181
43 183
43 185
43 189
43 196
43 205
43 238
43 248
43 260
44 43
44 47
44 57
44 58
44 62
44 73
44 83
44 85
44 119
44 121
44 128
44 165
44 173
44 181
44 183
44 185
44 189
44 196
44 205
44 238
44 248
45 43
45 47
45 57
45 58
45 62
45 73
45 83
45 85
45 119
45 121
45 128
45 165
45 173
45 181
45 183
45 185
45 189
45 196
45 205
45 238
45 248
46 43
46 47
46 57
46 58
46 62
46 64
46 73
46 83
46 85
46 119
46 121
46 128
46 165
46 173
46 181
46 183
46 185
46 189
46 196
46 205
46 238
46 248
47 43
47 47
47 57
47 58
47 62
47 64
47 73
47 83
47 85
47 119
47 121
47 128
47 165
47 173
47 181
47 183
47 185
47 189
47 196
47 205
47 238
47 248
48 43
48 47
48 57
48 58
48 62
48 64
48 73
48 83
48 85
48 119
48 121
48 128
48 165
48 173
48 181
48 183
48 185
48 189
48 196
48 205
48 238
48 248
49 47
49 64
49 83
49 85
49 99
49 119
49 121
49 165
49 173
49 181
49 183
49 185
49 189
49 196
49 238
49 239
49 248
50 47
50 64
50 83
50 85
50 99
50 100
50 119
50 121
50 165
50 173
50 181
50 183
50 185
50 189
50 196
50 224
50 238
50 239
50 248
51 64
51 78
51 83
51 85
51 99
51 100
51 119
51 121
51 165
51 173
51 181
51 183
51 185
51 189
51 196
51 224
51 238
51 239
51 248
52 64
52 69
52 78
52 83
52 85
52 99
52 100
52 119
52 121
52 165
52 173
52 181
52 183
52 189
52 196
52 224
52 233
52 238
52 239
52 248
53 64
53 69
53 74
53 75
53 78
53 83
53 85
53 99
53 100
53 119
53 121
53 165
53 173
53 181
53 183
53 189
53 196
53 224
53 233
53 238
53 239
53 248
54 69
54 74
54 75
54 78
54 83
54 85
54 93
54 102
54 119
54 181
54 183
54 189
54 224
54 233
54 238
54 239
54 248
55 69
55 74
55 75
55 83
55 85
55 93
55 95
55 119
55 181
55 183
55 189
55 224
55 232
55 233
55 238
55 248
56 69
56 74
56 75
56 83
56 85
56 93
56 95
56 119
56 181
56 183
56 189
56 224
56 232
56 233
56 238
56 248
57 69
57 74
57 83
57 85
57 93
57 95
57 119
57 134
57 147
57 178
57 179
57 181
57 183
57 189
57 204
57 224
57 232
57 233
57 238
57 248
58 69
58 74
58 83
58 85
58 93
58 95
58 119
58 134
58 147
58 178
58 179
58 181
58 183
58 189
58 224
58 232
58 233
58 238
58 248
59 74
59 83
59 85
59 93
59 95
59 119
59 134
59 147
59 159
59 178
59 179
59 181
59 183
59 189
59 224
59 232
59 238
59 248
60 74
60 83
60 85
60 93
60 95
60 119
60 134
60 147
60 159
60 178
60 179
60 181
60 183
60 189
60 224
60 232
60 238
60 248
61 74
61 83
61 85
61 93
61 114
61 119
61 134
61 147
61 153
61 159
61 169
61 178
61 179
61 181
61 183
61 189
61 224
61 232
61 238
61 248
62 74
62 83
62 85
62 93
62 114
62 119
62 147
62 153
62 159
62 169
62 178
62 179
62 181
62 183
62 189
62 224
62 232
62 238
62 248
62 268
63 74
63 83
63 85
63 93
63 114
63 119
63 147
63 153
63 159
63 169
63 178
63 179
63 181
63 183
63 189
63 224
63 232
63 238
63 248
63 268
64 83
64 85
64 93
64 114
64 119
64 147
64 153
64 159
64 168
64 169
64 178
64 179
64 181
64 183
64 189
64 212
64 224
64 232
64 238
64 248
64 268
65 83
65 85
65 93
65 114
65 147
65 153
65 159
65 168
65 169
65 178
65 179
65 181
65 183
65 189
65 212
65 224
65 232
65 238
65 248
65 268
66 83
66 85
66 93
66 114
66 147
66 153
66 159
66 168
66 169
66 178
66 179
66 181
66 183
66 189
66 212
66 232
66 238
66 248
66 268
67 85
67 93
67 96
67 109
67 114
67 147
67 150
67 153
67 155
67 159
67 168
67 169
67 178
67 183
67 189
67 193
67 212
67 232
67 238
67 248
67 268
68 85
68 93
68 96
68 109
68 117
68 147
68 150
68 153
68 155
68 159
68 168
68 169
68 178
68 183
68 189
68 193
68 212
68 232
68 238
68 248
68 268
69 85
69 93
69 96
69 109
69 117
69 147
69 150
69 153
69 155
69 159
69 168
69 169
69 178
69 183
69 189
69 193
69 212
69 232
69 238
69 248
69 268
70 85
70 93
70 96
70 109
70 117
70 136
70 147
70 150
70 153
70 155
70 159
70 168
70 169
70 178
70 183
70 189
70 193
70 212
70 232
70 238
70 248
70 268
71 77
71 85
71 91
71 93
71 96
71 109
71 117
71 136
71 147
71 150
71 153
71 155
71 159
71 168
71 169
71 178
71 183
71 189
71 193
71 212
71 232
71 238
71 248
71 268
72 77
72 85
72 91
72 93
72 109
72 117
72 136
72 147
72 150
72 153
72 155
72 159
72 168
72 169
72 174
72 178
72 183
72 189
72 193
72 212
72 232
72 238
72 248
72 268
73 77
73 85
73 91
73 93
73 109
73 117
73 136
73 147
73 150
73 153
73 155
73 159
73 168
73 169
73 174
73 178
73 183
73 189
73 193
73 212
73 232
73 238
73 248
73 268
74 77
74 85
74 91
74 93
74 109
74 117
74 135
74 136
74 147
74 150
74 153
74 155
74 159
74 168
74 169
74 174
74 178
74 183
74 189
74 193
74 212
74 232
74 238
74 248
74 268
75 77
75 85
75 91
75 93
75 109
75 117
75 135
75 136
75 147
75 150
75 153
75 155
75 159
75 168
75 169
75 174
75 178
75 183
75 189
75 212
75 232
75 238
75 248
75 268
76 77
76 81
76 84
76 85
76 90
76 91
76 93
76 109
76 135
76 136
76 153
76 155
76 168
76 169
76 174
76 178
76 183
76 186
76 189
76 212
76 232
76 238
76 248
76 268
77 77
77 81
77 84
77 85
77 88
77 91
77 97
77 107
77 111
77 112
77 124
77 135
77 136
77 169
77 174
77 178
77 183
77 186
77 189
77 212
77 238
77 248
78 77
78 81
78 84
78 85
78 88
78 91
78 97
78 107
78 111
78 112
78 124
78 135
78 136
78 169
78 174
78 178
78 183
78 186
78 189
78 212
78 238
78 248
79 77
79 81
79 84
79 85
79 88
79 91
79 92
79 97
79 107
79 111
79 112
79 124
79 135
79 136
79 169
79 174
79 178
79 183
79 186
79 189
79 212
79 235
79 238
79 248
80 77
80 81
80 84
80 85
80 88
80 91
80 92
80 97
80 107
80 111
80 112
80 124
80 135
80 136
80 166
80 169
80 174
80 178
80 183
80 186
80 189
80 212
80 235
80 238
80 248
81 85
81 88
81 91
81 92
81 97
81 98
81 107
81 111
81 135
81 136
81 166
81 169
81 174
81 178
81 183
81 186
81 189
81 212
81 235
81 238
81 248
82 85
82 88
82 91
82 92
82 97
82 98
82 107
82 111
82 135
82 136
82 166
82 169
82 174
82 178
82 183
82 186
82 189
82 212
82 235
82 238
82 248
83 88
83 91
83 92
83 97
83 98
83 107
83 111
83 136
83 166
83 169
83 178
83 183
83 186
83 212
83 238
83 248
84 88
84 91
84 92
84 97
84 98
84 105
84 110
84 133
84 136
84 166
84 178
84 183
84 186
84 211
84 212
84 238
85 88
85 91
85 92
85 97
85 98
85 105
85 110
85 131
85 133
85 136
85 166
85 178
85 183
85 186
85 211
85 212
85 238
86 88
86 91
86 92
86 98
86 105
86 110
86 131
86 133
86 136
86 166
86 178
86 183
86 186
86 211
86 212
86 238
87 88
87 91
87 92
87 98
87 105
87 110
87 131
87 133
87 136
87 158
87 166
87 178
87 183
87 186
87 211
87 212
87 238
88 91
88 92
88 98
88 105
88 110
88 131
88 133
88 158
88 166
88 178
88 186
88 211
88 212
88 238
89 91
89 98
89 105
89 110
89 131
89 133
89 158
89 166
89 172
89 178
89 186
89 211
89 212
89 238
90 91
90 98
90 105
90 110
90 131
90 133
90 158
90 166
90 172
90 178
90 186
90 211
90 212
90 238
91 91
91 98
91 105
91 110
91 131
91 133
91 158
91 166
91 172
91 178
91 186
91 211
91 212
91 238
92 91
92 98
92 105
92 110
92 131
92 133
92 158
92 166
92 172
92 178
92 186
92 211
92 212
92 238
93 91
93 98
93 105
93 110
93 131
93 133
93 145
93 158
93 163
93 172
93 178
93 186
93 211
93 212
93 218
93 238
94 91
94 98
94 105
94 110
94 131
94 133
94 145
94 158
94 163
94 172
94 178
94 186
94 211
94 212
94 218
94 238
95 91
95 98
95 105
95 110
95 131
95 158
95 172
95 178
95 186
95 211
95 212
95 218
95 238
96 91
96 98
96 105
96 110
96 131
96 158
96 172
96 178
96 186
96 211
96 212
96 218
96 238
97 91
97 98
97 105
97 110
97 131
97 158
97 172
97 178
97 186
97 211
97 212
97 218
97 238
98 98
98 105
98 110
98 131
98 154
98 158
98 172
98 178
98 186
98 211
98 212
98 218
98 238
99 98
99 105
99 110
99 115
99 146
99 154
99 158
99 172
99 178
99 180
99 186
99 211
99 212
99 218
99 238
100 105
100 115
100 154
100 158
100 164
100 178
100 180
100 186
100 211
100 212
100 218
100 238
100 250
100 267
101 105
101 115
101 118
101 154
101 158
101 164
101 178
101 180
101 186
101 211
101 212
101 218
101 238
101 250
101 267
102 105
102 115
102 118
102 154
102 158
102 164
102 178
102 180
102 186
102 211
102 212
102 218
102 238
102 250
102 267
103 105
103 115
103 118
103 122
103 154
103 158
103 164
103 178
103 180
103 186
103 211
103 212
103 218
103 238
103 250
103 267
104 105
104 115
104 118
104 122
104 154
104 158
104 164
104 178
104 180
104 186
104 211
104 212
104 218
104 238
104 250
104 267
105 105
105 115
105 118
105 122
105 154
105 158
105 164
105 178
105 180
105 186
105 211
105 212
105 218
105 238
105 250
105 267
106 105
106 115
106 118
106 122
106 154
106 158
106 164
106 178
106 180
106 186
106 211
106 212
106 218
106 238
106 250
106 267
107 105
107 115
107 122
107 125
107 154
107 158
107 164
107 167
107 178
107 180
107 186
107 211
107 212
107 218
107 238
107 250
107 273
107 280
108 105
108 115
108 125
108 149
108 154
108 158
108 164
108 167
108 178
108 180
108 186
108 211
108 212
108 218
108 238
108 250
108 273
108 280
109 115
109 125
109 127
109 149
109 154
109 157
109 158
109 167
109 178
109 180
109 186
109 211
109 212
109 218
109 238
109 250
109 273
110 115
110 125
110 137
110 149
110 154
110 157
110 158
110 167
110 178
110 180
110 186
110 211
110 212
110 218
110 238
110 250
110 273
111 115
111 125
111 137
111 149
111 154
111 157
111 158
111 167
111 178
111 180
111 186
111 211
111 212
111 218
111 238
111 250
111 273
112 149
112 154
112 157
112 167
112 178
112 180
112 186
112 202
112 212
112 218
112 237
112 238
112 250
112 273
113 149
113 154
113 157
113 167
113 178
113 180
113 186
113 202
113 212
113 218
113 237
113 238
113 242
113 250
113 273
114 149
114 154
114 157
114 167
114 178
114 180
114 186
114 202
114 212
114 218
114 237
114 238
114 242
114 250
114 273
115 149
115 154
115 157
115 167
115 178
115 180
115 186
115 202
115 212
115 218
115 237
115 238
115 242
115 250
115 273
116 149
116 154
116 157
116 167
116 178
116 180
116 186
116 202
116 212
116 218
116 237
116 238
116 242
116 250
116 273
117 149
117 154
117 157
117 167
117 178
117 180
117 186
117 202
117 212
117 218
117 237
117 238
117 242
117 250
117 273
118 151
118 154
118 157
118 167
118 178
118 180
118 186
118 202
118 212
118 218
118 237
118 238
118 242
118 250
118 273
118 281
118 282
119 151
119 154
119 157
119 167
119 178
119 180
119 186
119 202
119 212
119 218
119 237
119 238
119 242
119 273
119 281
119 282
120 151
120 154
120 157
120 167
120 178
120 180
120 186
120 202
120 212
120 218
120 237
120 238
120 242
120 273
120 281
120 282
121 151
121 157
121 167
121 175
121 178
121 180
121 186
121 218
121 237
121 238
121 242
121 273
121 281
121 282
122 139
122 151
122 157
122 167
122 175
122 178
122 180
122 194
122 218
122 237
122 238
122 242
122 273
122 282
123 139
123 151
123 157
123 167
123 175
123 178
123 180
123 194
123 218
123 237
123 238
123 242
123 273
123 282
124 139
124 151
124 157
124 167
124 175
124 178
124 180
124 194
124 218
124 237
124 238
124 242
124 273
124 282
125 139
125 151
125 157
125 178
125 180
125 194
125 218
125 237
125 238
125 242
125 257
125 270
125 273
125 282
126 151
126 157
126 178
126 180
126 194
126 218
126 237
126 238
126 242
126 257
126 270
126 273
126 282
127 151
127 157
127 178
127 180
127 194
127 218
127 237
127 238
127 242
127 257
127 270
127 273
127 282
128 151
128 157
128 178
128 180
128 194
128 218
128 237
128 238
128 242
128 257
128 270
128 273
128 282
129 151
129 157
129 178
129 180
129 194
129 218
129 237
129 238
129 242
129 257
129 270
129 273
129 282
130 151
130 157
130 178
130 180
130 194
130 218
130 237
130 238
130 242
130 257
130 270
130 273
130 282
131 151
131 157
131 178
131 180
131 194
131 200
131 218
131 237
131 238
131 242
131 257
131 270
131 273
131 282
132 151
132 157
132 178
132 180
132 194
132 200
132 218
132 237
132 238
132 242
132 257
132 270
132 273
132 282
133 151
133 157
133 178
133 180
133 194
133 200
133 218
133 227
133 237
133 238
133 242
133 257
133 270
133 273
133 282
134 151
134 157
134 178
134 180
134 194
134 200
134 218
134 227
134 237
134 238
134 242
134 257
134 270
134 273
134 282
135 151
135 157
135 178
135 180
135 194
135 200
135 218
135 227
135 240
135 257
135 270
135 273
135 282
136 151
136 152
136 157
136 178
136 180
136 200
136 217
136 218
136 240
136 282
137 151
137 152
137 157
137 178
137 180
137 200
137 217
137 218
137 240
138 151
138 152
138 157
138 160
138 178
138 180
138 200
138 217
138 218
138 240
139 151
139 152
139 157
139 160
139 178
139 180
139 200
139 208
139 217
139 218
139 240
140 151
140 152
140 157
140 160
140 178
140 180
140 200
140 208
140 217
140 218
140 240
141 151
141 152
141 157
141 160
141 178
141 180
141 208
141 217
141 218
141 240
142 151
142 152
142 157
142 160
142 180
142 208
142 217
142 218
142 240
143 151
143 152
143 157
143 160
143 180
143 208
143 240
143 259
143 261
144 151
144 152
144 157
144 160
144 180
144 208
144 240
144 259
144 261
145 151
145 152
145 157
145 180
145 208
145 240
145 259
145 261
145 265
146 151
146 152
146 157
146 180
146 195
146 208
146 244
146 259
146 261
146 265
147 151
147 152
147 157
147 180
147 195
147 208
147 244
147 259
147 261
147 265
148 151
148 152
148 157
148 180
148 195
148 208
148 244
148 259
148 261
148 265
149 151
149 152
149 157
149 180
149 195
149 208
149 244
149 259
149 261
149 265
150 151
150 152
150 157
150 170
150 195
150 208
150 244
150 259
150 261
150 265
151 151
151 157
151 192
151 195
151 197
151 198
151 208
151 230
151 236
151 244
151 259
151 261
151 265
151 272
152 151
152 157
152 192
152 195
152 197
152 198
152 208
152 230
152 236
152 244
152 259
152 261
152 265
152 272
153 151
153 157
153 192
153 195
153 197
153 198
153 208
153 230
153 236
153 244
153 259
153 261
153 265
153 272
154 151
154 157
154 192
154 195
154 197
154 198
154 208
154 230
154 236
154 244
154 259
154 261
154 265
154 272
155 151
155 157
155 192
155 195
155 197
155 198
155 208
155 220
155 230
155 236
155 244
155 259
155 261
155 265
155 272
156 157
156 192
156 195
156 197
156 198
156 208
156 220
156 230
156 236
156 244
156 261
156 265
156 272
157 157
157 192
157 195
157 197
157 198
157 208
157 220
157 230
157 236
157 244
157 261
157 265
157 272
158 157
158 192
158 195
158 197
158 198
158 206
158 208
158 220
158 225
158 230
158 231
158 236
158 244
158 261
158 265
158 272
159 157
159 192
159 195
159 197
159 198
159 206
159 208
159 220
159 225
159 230
159 231
159 236
159 244
159 261
159 265
159 272
160 157
160 177
160 192
160 195
160 198
160 206
160 208
160 220
160 225
160 228
160 230
160 231
160 236
160 244
160 261
160 265
160 272
161 157
161 192
161 195
161 198
161 206
161 208
161 219
161 220
161 225
161 228
161 230
161 231
161 236
161 244
161 261
161 265
161 272
162 157
162 192
162 195
162 198
162 206
162 208
162 219
162 225
162 228
162 230
162 231
162 236
162 244
162 265
162 272
163 157
163 192
163 195
163 198
163 206
163 208
163 219
163 225
163 228
163 230
163 231
163 236
163 244
163 265
163 272
164 157
164 192
164 195
164 198
164 206
164 208
164 219
164 228
164 230
164 231
164 236
164 244
164 265
164 271
164 272
165 157
165 192
165 195
165 198
165 206
165 208
165 219
165 228
165 230
165 231
165 236
165 244
165 265
165 271
165 272
166 157
166 184
166 192
166 195
166 198
166 206
166 208
166 219
166 228
166 230
166 231
166 236
166 265
166 271
166 272
167 157
167 192
167 195
167 198
167 206
167 208
167 219
167 228
167 230
167 231
167 236
167 265
167 271
167 272
168 157
168 192
168 195
168 198
168 206
168 208
168 219
168 228
168 230
168 231
168 236
168 265
168 271
168 272
169 157
169 192
169 195
169 198
169 199
169 206
169 208
169 219
169 226
169 230
169 231
169 251
169 265
169 271
169 272
170 157
170 182
170 192
170 195
170 198
170 199
170 206
170 208
170 219
170 226
170 230
170 231
170 251
170 265
170 271
170 272
171 157
171 182
171 192
171 195
171 198
171 199
171 206
171 208
171 219
171 226
171 230
171 231
171 251
171 265
171 271
171 272
172 157
172 182
172 192
172 195
172 198
172 199
172 206
172 208
172 219
172 226
172 230
172 231
172 251
172 265
172 271
172 272
173 157
173 182
173 192
173 195
173 198
173 199
173 206
173 208
173 219
173 226
173 230
173 231
173 251
173 265
173 271
173 272
174 157
174 182
174 192
174 195
174 198
174 199
174 206
174 208
174 219
174 226
174 230
174 231
174 251
174 265
174 271
174 272
175 157
175 182
175 192
175 195
175 198
175 199
175 206
175 208
175 219
175 226
175 230
175 231
175 251
175 265
175 271
175 272
176 157
176 182
176 192
176 195
176 198
176 199
176 206
176 208
176 219
176 226
176 230
176 231
176 251
176 265
176 271
176 272
177 157
177 182
177 192
177 195
177 198
177 199
177 206
177 208
177 219
177 226
177 230
177 231
177 251
177 265
177 271
177 272
178 157
178 182
178 192
178 195
178 198
178 199
178 206
178 208
178 216
178 219
178 226
178 230
178 231
178 251
178 265
178 271
178 272
179 157
179 182
179 192
179 195
179 198
179 199
179 206
179 208
179 216
179 226
179 230
179 231
179 251
179 265
179 271
179 272
180 157
180 182
180 192
180 195
180 198
180 199
180 206
180 208
180 216
180 226
180 230
180 231
180 251
180 265
180 271
180 272
181 157
181 182
181 192
181 195
181 199
181 206
181 208
181 216
181 226
181 230
181 231
181 251
181 265
181 271
181 272
182 157
182 182
182 187
182 192
182 195
182 199
182 206
182 208
182 216
182 226
182 230
182 231
182 251
182 265
182 271
182 272
183 157
183 182
183 187
183 192
183 195
183 199
183 206
183 208
183 216
183 226
183 230
183 231
183 251
183 265
183 271
183 272
184 157
184 182
184 187
184 192
184 195
184 199
184 206
184 208
184 216
184 226
184 230
184 231
184 247
184 251
184 265
184 271
184 272
185 182
185 187
185 192
185 195
185 203
185 206
185 208
185 226
185 230
185 231
185 247
185 251
185 271
185 272
186 187
186 192
186 195
186 203
186 208
186 226
186 230
186 231
186 247
186 251
186 271
186 272
187 192
187 195
187 203
187 208
187 222
187 226
187 230
187 247
187 251
187 272
188 192
188 195
188 203
188 208
188 222
188 226
188 230
188 247
188 251
188 262
188 272
189 195
189 203
189 208
189 222
189 229
189 243
189 251
189 262
189 272
189 283
190 195
190 203
190 208
190 222
190 229
190 243
190 251
190 262
190 272
190 283
191 195
191 203
191 208
191 222
191 229
191 243
191 251
191 262
191 272
191 283
192 195
192 201
192 208
192 222
192 229
192 243
192 251
192 262
192 272
192 283
193 195
193 201
193 208
193 222
193 229
193 243
193 251
193 262
193 272
193 283
194 195
194 201
194 208
194 222
194 229
194 243
194 251
194 262
194 272
194 275
194 283
195 195
195 208
195 222
195 243
195 251
195 262
195 272
195 275
195 283
196 208
196 222
196 243
196 251
196 262
196 272
196 275
196 283
197 208
197 222
197 243
197 251
197 262
197 272
197 275
197 283
198 208
198 222
198 243
198 251
198 262
198 272
198 275
198 283
199 208
199 222
199 234
199 243
199 262
199 275
199 283
200 208
200 222
200 234
200 243
200 255
200 262
200 269
200 275
200 283
201 208
201 222
201 234
201 243
201 249
201 255
201 262
201 269
201 275
201 283
202 208
202 222
202 243
202 249
202 255
202 262
202 269
202 275
202 283
203 208
203 222
203 243
203 249
203 255
203 262
203 269
203 275
203 283
204 208
204 222
204 243
204 249
204 255
204 262
204 269
204 275
204 283
205 208
205 222
205 243
205 249
205 255
205 262
205 269
205 275
205 283
206 208
206 214
206 222
206 243
206 249
206 255
206 262
206 269
206 275
206 283
206 284
207 208
207 214
207 222
207 243
207 249
207 252
207 255
207 262
207 269
207 275
207 283
207 284
208 208
208 214
208 222
208 243
208 249
208 252
208 255
208 262
208 266
208 269
208 275
208 283
208 284
209 208
209 214
209 222
209 243
209 249
209 252
209 255
209 262
209 266
209 269
209 275
209 283
209 284
210 208
210 214
210 222
210 243
210 249
210 252
210 255
210 262
210 266
210 269
210 275
210 283
210 284
211 208
211 214
211 222
211 243
211 249
211 252
211 255
211 262
211 266
211 269
211 275
211 283
211 284
212 208
212 214
212 222
212 243
212 249
212 252
212 255
212 262
212 266
212 269
212 275
212 283
212 284
213 208
213 214
213 222
213 243
213 249
213 252
213 255
213 262
213 266
213 269
213 275
213 283
213 284
214 214
214 222
214 243
214 249
214 252
214 255
214 262
214 266
214 269
214 275
214 283
214 284
215 214
215 222
215 243
215 249
215 252
215 255
215 262
215 266
215 269
215 275
215 283
215 284
216 214
216 222
216 243
216 249
216 252
216 255
216 262
216 266
216 269
216 275
216 283
216 284
217 214
217 222
217 243
217 249
217 252
217 255
217 262
217 266
217 269
217 275
217 283
217 284
218 214
218 222
218 243
218 249
218 252
218 255
218 262
218 266
218 269
218 283
218 284
219 214
219 222
219 243
219 249
219 252
219 255
219 262
219 269
219 283
219 284
220 214
220 222
220 243
220 249
220 252
220 262
220 269
220 283
220 284
221 214
221 222
221 243
221 249
221 252
221 262
221 269
221 283
221 284
222 214
222 222
222 243
222 249
222 252
222 262
222 269
222 283
222 284
223 214
223 222
223 243
223 249
223 252
223 262
223 269
223 283
223 284
224 214
224 222
224 243
224 249
224 252
224 262
224 269
224 283
224 284
225 214
225 222
225 243
225 249
225 252
225 262
225 269
225 283
225 284
226 214
226 222
226 243
226 249
226 252
226 262
226 269
226 283
226 284
227 214
227 222
227 243
227 249
227 252
227 262
227 269
227 283
227 284
228 222
228 243
228 249
228 252
228 262
228 269
228 278
228 283
228 284
229 222
229 243
229 249
229 252
229 269
229 277
229 278
229 283
229 284
230 222
230 243
230 249
230 252
230 269
230 277
230 278
230 283
230 284
231 222
231 243
231 249
231 252
231 269
231 277
231 278
231 283
231 284
232 222
232 243
232 249
232 252
232 269
232 277
232 278
232 283
232 284
233 222
233 243
233 249
233 252
233 269
233 277
233 278
233 283
233 284
234 222
234 243
234 249
234 252
234 269
234 277
234 278
234 283
234 284
235 222
235 243
235 249
235 252
235 269
235 277
235 278
235 283
235 284
236 222
236 243
236 249
236 252
236 253
236 269
236 277
236 278
236 284
237 222
237 243
237 252
237 253
237 269
237 276
237 277
237 278
237 284
238 222
238 243
238 252
238 253
238 269
238 276
238 277
238 278
238 284
239 222
239 243
239 252
239 253
239 269
239 276
239 277
239 278
239 284
240 222
240 243
240 252
240 253
240 269
240 276
240 277
240 278
240 284
241 222
241 243
241 252
241 253
241 269
241 276
241 277
241 278
241 284
242 222
242 243
242 252
242 253
242 269
242 276
242 277
242 278
242 284
243 243
243 252
243 253
243 269
243 276
243 277
243 278
243 284
244 243
244 252
244 253
244 269
244 276
244 277
244 278
244 284
245 243
245 252
245 253
245 269
245 276
245 277
245 284
246 243
246 252
246 253
246 269
246 276
246 277
246 284
247 243
247 252
247 256
247 276
247 277
247 284
248 243
248 252
248 256
248 276
248 277
248 284
249 243
249 252
249 256
249 276
249 277
249 284
250 243
250 252
250 256
250 276
250 277
250 284
251 243
251 252
251 256
251 276
251 277
251 284
252 243
252 252
252 256
252 276
252 277
252 284
253 256
253 276
253 277
253 284
254 256
254 276
254 277
254 284
255 256
255 276
255 277
255 279
255 284
256 256
256 276
256 277
256 279
256 284
257 256
257 276
257 277
257 279
257 284
258 256
258 276
258 277
258 279
258 284
259 256
259 276
259 277
259 279
259 284
260 256
260 277
260 279
260 284
261 256
261 277
261 279
261 284
262 256
262 277
262 279
262 284
263 277
263 279
263 284
264 277
264 279
264 284
265 284
266 284
267 284
268 284
269 284
270 284
271 284
272 284
273 284
274 284
275 284
276 284
277 284
278 284
279 284
280 284
281 284
282 284
283 284
284 284
