0 8
0 20
0 25
0 163
1 25
1 31
1 163
1 175
2 25
2 31
2 163
2 175
3 5
3 31
3 37
3 150
3 163
3 171
3 175
4 5
4 31
4 37
4 150
4 163
4 171
4 175
5 37
5 150
5 163
5 171
5 175
6 6
6 17
6 37
6 41
6 45
6 65
6 71
6 135
6 150
6 163
6 171
6 175
6 190
6 236
7 6
7 17
7 37
7 41
7 45
7 65
7 71
7 99
7 135
7 150
7 163
7 171
7 175
7 190
7 236
7 277
8 9
8 17
8 37
8 41
8 65
8 71
8 77
8 92
8 99
8 135
8 150
8 163
8 171
8 175
8 190
8 236
8 277
9 17
9 18
9 19
9 29
9 37
9 41
9 63
9 65
9 73
9 77
9 92
9 98
9 99
9 135
9 150
9 163
9 171
9 175
9 190
9 201
9 236
9 277
10 14
10 18
10 19
10 29
10 37
10 57
10 63
10 73
10 77
10 92
10 94
10 98
10 99
10 133
10 135
10 150
10 163
10 171
10 175
10 201
10 232
10 236
10 277
11 14
11 29
11 37
11 57
11 73
11 77
11 92
11 94
11 98
11 133
11 135
11 150
11 163
11 171
11 175
11 201
11 232
11 236
11 277
12 14
12 29
12 37
12 57
12 73
12 77
12 92
12 94
12 98
12 133
12 135
12 150
12 163
12 171
12 175
12 201
12 232
12 236
12 277
13 29
13 37
13 57
13 73
13 77
13 94
13 98
13 133
13 135
13 150
13 163
13 171
13 175
13 201
13 232
13 236
13 277
14 23
14 29
14 37
14 47
14 50
14 57
14 73
14 77
14 94
14 98
14 116
14 133
14 135
14 146
14 150
14 171
14 175
14 232
14 236
14 277
15 16
15 29
15 37
15 39
15 47
15 50
15 57
15 68
15 73
15 77
15 94
15 98
15 116
15 128
15 133
15 135
15 146
15 150
15 171
15 175
15 232
15 236
15 277
16 29
16 39
16 47
16 52
16 57
16 68
16 73
16 77
16 94
16 98
16 106
16 116
16 128
16 133
16 135
16 146
16 150
16 151
16 154
16 156
16 171
16 175
16 191
16 216
16 232
16 277
17 39
17 52
17 57
17 68
17 73
17 77
17 94
17 98
17 106
17 116
17 128
17 133
17 135
17 146
17 150
17 151
17 154
17 156
17 171
17 175
17 191
17 215
17 216
17 260
17 277
18 39
18 52
18 57
18 68
18 73
18 77
18 94
18 98
18 106
18 116
18 128
18 133
18 135
18 146
18 150
18 151
18 154
18 156
18 171
18 175
18 191
18 215
18 216
18 260
18 277
19 39
19 52
19 57
19 59
19 68
19 73
19 77
19 94
19 98
19 106
19 116
19 128
19 133
19 135
19 146
19 150
19 151
19 154
19 156
19 171
19 175
19 191
19 215
19 216
19 260
19 277
20 28
20 39
20 57
20 58
20 68
20 73
20 77
20 97
20 98
20 106
20 116
20 128
20 135
20 136
20 146
20 150
20 151
20 154
20 156
20 171
20 175
20 191
20 215
20 216
20 260
21 28
21 39
21 57
21 58
21 68
21 73
21 77
21 97
21 98
21 106
21 113
21 116
21 128
21 135
21 136
21 146
21 147
21 149
21 150
21 151
21 154
21 156
21 171
21 175
21 191
21 215
21 216
21 260
22 28
22 39
22 57
22 58
22 68
22 73
22 77
22 97
22 98
22 106
22 113
22 116
22 128
22 135
22 136
22 146
22 147
22 149
22 151
22 156
22 171
22 191
22 215
22 216
22 260
23 28
23 34
23 36
23 43
23 67
23 73
23 83
23 88
23 97
23 98
23 106
23 116
23 128
23 131
23 135
23 146
23 147
23 149
23 156
23 191
23 203
23 209
23 216
23 219
23 255
24 34
24 36
24 43
24 79
24 83
24 88
24 97
24 98
24 106
24 116
24 128
24 131
24 135
24 146
24 147
24 149
24 156
24 191
24 203
24 216
24 219
24 255
25 49
25 83
25 88
25 97
25 98
25 106
25 114
25 124
25 125
25 128
25 131
25 135
25 146
25 147
25 149
25 156
25 185
25 191
25 216
25 219
25 255
26 42
26 49
26 83
26 88
26 97
26 98
26 106
26 114
26 124
26 125
26 128
26 135
26 146
26 147
26 149
26 156
26 185
26 191
26 216
26 219
26 252
26 255
27 42
27 49
27 83
27 88
27 97
27 98
27 106
27 114
27 124
27 125
27 128
27 135
27 146
27 147
27 148
27 149
27 156
27 191
27 216
27 219
27 252
27 255
28 42
28 49
28 83
28 97
28 98
28 106
28 114
28 124
28 128
28 135
28 146
28 148
28 149
28 156
28 191
28 216
28 219
28 255
29 35
29 42
29 49
29 83
29 97
29 98
29 106
29 114
29 124
29 128
29 135
29 146
29 148
29 149
29 156
29 191
29 216
29 219
29 255
30 35
30 49
30 83
30 97
30 98
30 106
30 114
30 124
30 128
30 135
30 146
30 148
30 149
30 156
30 191
30 216
30 219
30 255
31 35
31 49
31 83
31 97
31 98
31 106
31 114
31 124
31 128
31 135
31 146
31 148
31 149
31 156
31 191
31 216
31 219
31 226
31 255
32 35
32 51
32 60
32 74
32 83
32 97
32 98
32 106
32 114
32 124
32 135
32 146
32 148
32 149
32 216
32 219
32 226
32 234
32 255
33 35
33 48
33 51
33 60
33 74
33 83
33 97
33 98
33 106
33 111
33 124
33 135
33 137
33 146
33 148
33 149
33 216
33 219
33 226
33 234
33 255
34 35
34 48
34 51
34 53
34 55
34 60
34 74
34 83
34 97
34 98
34 106
34 111
34 124
34 135
34 137
34 146
34 148
34 149
34 216
34 219
34 226
34 234
34 255
35 35
35 48
35 51
35 53
35 55
35 60
35 74
35 83
35 97
35 98
35 106
35 111
35 124
35 135
35 137
35 146
35 148
35 149
35 216
35 219
35 226
35 234
35 255
36 35
36 48
36 51
36 53
36 55
36 60
36 74
36 83
36 97
36 98
36 111
36 124
36 135
36 137
36 146
36 148
36 149
36 216
36 219
36 226
36 234
36 255
37 55
37 60
37 85
37 96
37 97
37 98
37 108
37 123
37 135
37 137
37 148
37 149
37 186
37 216
37 219
37 226
37 234
38 60
38 85
38 96
38 97
38 98
38 108
38 123
38 135
38 137
38 148
38 149
38 186
38 216
38 219
38 226
38 234
39 60
39 85
39 96
39 97
39 98
39 108
39 110
39 123
39 135
39 137
39 148
39 149
39 186
39 216
39 219
39 226
39 234
40 46
40 85
40 96
40 97
40 98
40 108
40 110
40 135
40 137
40 148
40 149
40 186
40 216
40 219
40 226
40 234
41 46
41 81
41 85
41 96
41 97
41 98
41 108
41 110
41 135
41 137
41 148
41 149
41 202
41 219
41 226
41 234
41 242
42 56
42 62
42 81
42 93
42 97
42 98
42 108
42 110
42 115
42 135
42 149
42 164
42 202
42 226
42 234
42 242
42 247
42 278
43 56
43 62
43 81
43 93
43 97
43 98
43 108
43 110
43 115
43 135
43 149
43 164
43 202
43 226
43 234
43 242
43 247
43 278
44 56
44 62
44 93
44 97
44 98
44 108
44 110
44 115
44 135
44 149
44 164
44 202
44 226
44 234
44 242
44 247
45 62
45 75
45 93
45 97
45 98
45 107
45 110
45 115
45 135
45 149
45 164
45 202
45 226
45 234
45 242
45 247
46 62
46 75
46 93
46 97
46 98
46 107
46 110
46 115
46 135
46 149
46 164
46 202
46 212
46 226
46 242
46 247
47 62
47 75
47 93
47 97
47 98
47 107
47 110
47 115
47 135
47 149
47 161
47 164
47 202
47 212
47 226
47 242
47 247
48 61
48 62
48 75
48 80
48 93
48 97
48 98
48 107
48 110
48 115
48 135
48 149
48 161
48 164
48 202
48 212
48 226
48 242
48 247
49 61
49 62
49 75
49 80
49 93
49 97
49 98
49 107
49 110
49 115
49 135
49 149
49 161
49 164
49 202
49 212
49 226
49 242
49 247
50 61
50 75
50 80
50 84
50 89
50 97
50 98
50 110
50 135
50 149
50 161
50 164
50 212
50 226
50 242
50 247
51 61
51 75
51 76
51 80
51 84
51 89
51 97
51 98
51 110
51 135
51 149
51 161
51 212
51 213
51 226
51 242
51 247
52 61
52 75
52 76
52 80
52 84
52 89
52 97
52 98
52 110
52 135
52 139
52 149
52 161
52 212
52 213
52 226
52 242
52 247
53 61
53 64
53 84
53 89
53 90
53 97
53 98
53 110
53 135
53 149
53 161
53 212
53 213
53 226
53 242
53 247
54 61
54 64
54 84
54 89
54 90
54 97
54 98
54 110
54 135
54 149
54 161
54 212
54 213
54 226
54 242
54 247
55 61
55 64
55 84
55 89
55 90
55 97
55 98
55 110
55 135
55 149
55 161
55 212
55 213
55 226
55 242
55 247
56 64
56 66
56 69
56 84
56 89
56 90
56 97
56 110
56 112
56 117
56 135
56 149
56 161
56 212
56 213
56 226
56 242
56 247
56 272
57 64
57 66
57 69
57 84
57 89
57 90
57 97
57 104
57 110
57 112
57 117
57 149
57 161
57 212
57 213
57 226
57 242
57 247
57 272
58 64
58 66
58 69
58 84
58 89
58 90
58 97
58 104
58 110
58 112
58 117
58 149
58 161
58 212
58 213
58 226
58 242
58 247
58 272
59 64
59 66
59 69
59 84
59 89
59 90
59 97
59 104
59 110
59 112
59 117
59 149
59 161
59 213
59 226
59 237
59 242
59 272
60 64
60 66
60 69
60 84
60 89
60 97
60 104
60 110
60 112
60 117
60 149
60 161
60 213
60 226
60 237
60 242
60 272
61 64
61 69
61 84
61 89
61 104
61 110
61 112
61 117
61 122
61 149
61 161
61 213
61 226
61 237
61 272
62 64
62 69
62 84
62 89
62 104
62 110
62 112
62 117
62 122
62 149
62 161
62 213
62 226
62 237
62 272
63 64
63 69
63 72
63 89
63 95
63 104
63 110
63 112
63 117
63 122
63 149
63 161
63 213
63 226
63 237
63 272
63 275
64 64
64 70
64 72
64 89
64 95
64 104
64 110
64 112
64 117
64 122
64 149
64 161
64 213
64 226
64 237
64 272
64 275
65 64
65 70
65 78
65 89
65 95
65 104
65 110
65 112
65 117
65 149
65 161
65 226
65 237
65 272
65 275
66 64
66 70
66 78
66 89
66 95
66 104
66 110
66 112
66 117
66 149
66 161
66 226
66 227
66 229
66 237
66 272
66 275
67 64
67 70
67 78
67 89
67 95
67 104
67 110
67 112
67 117
67 149
67 155
67 161
67 226
67 227
67 229
67 237
67 272
67 275
68 78
68 89
68 95
68 104
68 110
68 112
68 117
68 149
68 155
68 161
68 226
68 227
68 229
68 237
68 248
68 272
68 275
69 78
69 89
69 95
69 104
69 110
69 112
69 117
69 149
69 155
69 161
69 226
69 227
69 229
69 237
69 248
69 272
69 275
70 89
70 110
70 112
70 117
70 130
70 149
70 155
70 161
70 165
70 226
70 229
70 237
70 248
70 272
70 281
71 89
71 110
71 112
71 117
71 130
71 149
71 155
71 161
71 165
71 226
71 229
71 237
71 248
71 272
71 281
72 89
72 110
72 112
72 117
72 130
72 149
72 155
72 161
72 165
72 226
72 229
72 237
72 248
72 272
72 281
73 89
73 110
73 112
73 130
73 149
73 155
73 161
73 165
73 226
73 229
73 237
73 248
73 272
73 281
73 282
74 86
74 87
74 89
74 110
74 112
74 140
74 149
74 155
74 158
74 161
74 165
74 187
74 226
74 229
74 237
74 272
74 273
74 281
74 282
75 86
75 87
75 89
75 110
75 112
75 140
75 149
75 155
75 158
75 161
75 165
75 187
75 226
75 229
75 272
75 273
75 281
75 282
76 86
76 87
76 89
76 110
76 112
76 140
76 149
76 155
76 158
76 161
76 165
76 187
76 226
76 229
76 272
76 273
76 281
76 282
77 86
77 87
77 89
77 110
77 134
77 140
77 149
77 158
77 161
77 165
77 187
77 226
77 229
77 235
77 243
77 272
77 273
77 281
77 282
78 86
78 87
78 89
78 100
78 105
78 110
78 126
78 134
78 149
78 158
78 161
78 165
78 187
78 226
78 229
78 235
78 243
78 272
78 273
78 281
78 282
79 86
79 87
79 89
79 100
79 105
79 110
79 126
79 134
79 149
79 158
79 161
79 165
79 187
79 226
79 229
79 235
79 243
79 272
79 273
79 281
79 282
80 86
80 87
80 89
80 100
80 105
80 110
80 126
80 134
80 149
80 158
80 161
80 165
80 187
80 226
80 229
80 235
80 243
80 272
80 273
80 281
80 282
81 86
81 87
81 89
81 100
81 105
81 110
81 126
81 134
81 149
81 158
81 161
81 187
81 226
81 229
81 235
81 243
81 251
81 272
81 273
81 281
81 282
82 86
82 87
82 89
82 100
82 105
82 110
82 126
82 134
82 149
82 158
82 161
82 187
82 226
82 229
82 235
82 243
82 251
82 272
82 273
82 281
82 282
83 86
83 87
83 89
83 100
83 105
83 110
83 134
83 158
83 161
83 187
83 226
83 229
83 235
83 243
83 251
83 272
83 273
83 281
83 282
84 86
84 89
84 105
84 110
84 127
84 134
84 158
84 187
84 220
84 226
84 229
84 235
84 243
84 251
84 272
84 273
84 281
85 86
85 89
85 91
85 105
85 187
85 220
85 226
85 229
85 235
85 243
85 251
85 272
85 273
85 281
86 86
86 89
86 91
86 105
86 187
86 220
86 226
86 229
86 235
86 243
86 251
86 272
86 273
86 281
87 86
87 89
87 91
87 105
87 187
87 220
87 229
87 235
87 243
87 251
87 272
87 273
87 281
88 86
88 89
88 91
88 105
88 109
88 187
88 220
88 229
88 235
88 243
88 251
88 272
88 273
88 281
89 86
89 89
89 91
89 105
89 109
89 187
89 195
89 220
89 229
89 235
89 251
89 272
89 273
89 281
90 86
90 89
90 91
90 105
90 109
90 187
90 195
90 220
90 229
90 235
90 251
90 272
90 273
90 281
91 86
91 89
91 91
91 105
91 109
91 187
91 195
91 220
91 229
91 235
91 251
91 272
91 273
91 281
92 89
92 91
92 105
92 109
92 129
92 187
92 195
92 220
92 229
92 235
92 251
92 272
92 273
92 281
93 89
93 91
93 105
93 109
93 129
93 187
93 195
93 220
93 229
93 235
93 251
93 272
93 273
93 281
94 103
94 109
94 129
94 187
94 195
94 220
94 229
94 235
94 251
94 272
94 273
94 281
95 103
95 129
95 187
95 195
95 220
95 229
95 235
95 251
95 272
95 273
95 281
96 103
96 129
96 132
96 187
96 195
96 225
96 229
96 235
96 251
96 272
96 273
96 281
97 103
97 132
97 162
97 178
97 187
97 195
97 229
97 251
97 272
97 273
98 103
98 132
98 162
98 178
98 187
98 195
98 229
98 251
98 272
98 273
99 103
99 118
99 132
99 162
99 178
99 187
99 195
99 229
99 240
99 251
99 272
99 273
100 103
100 118
100 132
100 160
100 162
100 178
100 187
100 195
100 229
100 240
100 251
100 272
100 273
101 103
101 118
101 132
101 142
101 160
101 162
101 178
101 187
101 195
101 229
101 240
101 272
101 273
102 103
102 118
102 132
102 141
102 142
102 160
102 162
102 178
102 187
102 195
102 229
102 240
102 262
102 266
102 272
102 273
103 118
103 119
103 141
103 143
103 159
103 160
103 162
103 178
103 187
103 195
103 218
103 229
103 240
103 250
103 272
103 273
104 118
104 119
104 141
104 143
104 159
104 160
104 162
104 178
104 187
104 195
104 218
104 229
104 240
104 250
104 267
104 272
104 273
105 118
105 119
105 138
105 141
105 143
105 159
105 160
105 162
105 178
105 187
105 195
105 218
105 229
105 240
105 250
105 259
105 267
105 272
105 273
106 118
106 138
106 141
106 143
106 159
106 160
106 162
106 178
106 187
106 195
106 199
106 229
106 240
106 250
106 259
106 267
106 272
106 273
107 118
107 138
107 141
107 143
107 159
107 162
107 178
107 187
107 195
107 199
107 211
107 229
107 240
107 250
107 259
107 267
107 272
107 273
108 118
108 138
108 141
108 143
108 159
108 162
108 178
108 187
108 195
108 199
108 211
108 229
108 240
108 250
108 259
108 267
108 272
108 273
109 118
109 138
109 141
109 143
109 159
109 162
109 178
109 187
109 195
109 199
109 229
109 250
109 259
109 267
109 273
110 118
110 138
110 141
110 143
110 159
110 162
110 178
110 187
110 195
110 199
110 229
110 250
110 259
110 267
110 273
111 118
111 138
111 141
111 143
111 159
111 162
111 178
111 187
111 195
111 199
111 229
111 241
111 250
111 259
111 267
111 273
112 118
112 138
112 141
112 143
112 159
112 162
112 178
112 187
112 195
112 199
112 229
112 241
112 250
112 259
112 267
112 273
113 118
113 138
113 141
113 143
113 159
113 162
113 178
113 187
113 195
113 199
113 229
113 241
113 250
113 259
113 267
113 273
114 118
114 138
114 141
114 143
114 159
114 162
114 178
114 195
114 199
114 229
114 241
114 250
114 259
114 267
114 273
115 118
115 121
115 138
115 141
115 143
115 159
115 162
115 178
115 195
115 199
115 229
115 241
115 250
115 259
115 267
115 273
116 118
116 121
116 138
116 141
116 143
116 159
116 162
116 178
116 195
116 199
116 229
116 241
116 250
116 259
116 267
116 273
117 118
117 121
117 138
117 141
117 143
117 159
117 162
117 178
117 195
117 199
117 229
117 241
117 250
117 267
117 273
118 118
118 121
118 138
118 141
118 143
118 159
118 162
118 178
118 195
118 199
118 229
118 241
118 250
118 267
118 273
119 118
119 121
119 138
119 141
119 143
119 144
119 159
119 162
119 178
119 195
119 199
119 229
119 241
119 250
119 267
119 273
120 121
120 138
120 141
120 143
120 144
120 159
120 162
120 178
120 195
120 199
120 224
120 229
120 230
120 250
120 273
121 121
121 138
121 141
121 143
121 144
121 159
121 162
121 174
121 178
121 195
121 199
121 224
121 229
121 230
121 250
121 273
122 121
122 138
122 141
122 143
122 144
122 157
122 162
122 173
122 174
122 178
122 188
122 195
122 199
122 224
122 229
122 230
122 250
122 273
123 121
123 138
123 141
123 143
123 144
123 157
123 162
123 173
123 174
123 178
123 182
123 188
123 195
123 199
123 224
123 229
123 230
123 250
124 121
124 138
124 141
124 143
124 144
124 157
124 162
124 173
124 174
124 178
124 182
124 188
124 195
124 199
124 224
124 229
124 230
125 138
125 141
125 143
125 144
125 157
125 162
125 173
125 174
125 178
125 182
125 188
125 195
125 199
125 224
125 229
125 230
126 138
126 141
126 143
126 144
126 157
126 162
126 173
126 174
126 178
126 182
126 188
126 195
126 199
126 224
126 229
126 230
127 138
127 141
127 143
127 144
127 157
127 162
127 173
127 174
127 177
127 178
127 182
127 188
127 195
127 224
127 229
127 230
128 138
128 141
128 143
128 144
128 157
128 173
128 174
128 177
128 178
128 182
128 188
128 195
128 224
128 229
128 230
129 138
129 141
129 144
129 157
129 169
129 173
129 178
129 182
129 188
129 195
129 224
129 229
129 230
129 258
129 265
130 138
130 141
130 144
130 157
130 169
130 173
130 178
130 182
130 188
130 195
130 224
130 229
130 230
130 258
130 265
131 138
131 141
131 144
131 157
131 169
131 173
131 182
131 188
131 195
131 224
131 229
131 230
131 258
131 265
132 138
132 141
132 144
132 157
132 169
132 173
132 182
132 188
132 195
132 224
132 229
132 230
132 258
132 265
133 138
133 141
133 144
133 153
133 173
133 182
133 194
133 195
133 224
133 229
133 230
133 258
133 265
134 138
134 141
134 144
134 153
134 173
134 194
134 195
134 206
134 224
134 230
134 258
134 265
135 138
135 144
135 153
135 167
135 168
135 173
135 194
135 195
135 207
135 224
135 231
135 258
135 265
136 138
136 144
136 153
136 167
136 168
136 173
136 194
136 195
136 207
136 224
136 231
136 258
136 265
137 138
137 144
137 152
137 153
137 168
137 173
137 194
137 195
137 200
137 207
137 224
137 231
137 258
137 265
138 138
138 144
138 152
138 153
138 168
138 173
138 194
138 195
138 200
138 207
138 224
138 231
138 265
139 138
139 144
139 152
139 153
139 168
139 173
139 194
139 195
139 200
139 207
139 224
139 231
139 265
140 144
140 152
140 153
140 168
140 173
140 176
140 194
140 195
140 200
140 207
140 224
140 231
140 265
141 144
141 152
141 168
141 173
141 176
141 194
141 195
141 200
141 224
141 231
141 265
142 144
142 152
142 168
142 173
142 176
142 194
142 195
142 200
142 224
142 231
142 265
143 144
143 145
143 152
143 168
143 173
143 176
143 194
143 195
143 200
143 224
143 231
143 265
144 144
144 145
144 152
144 168
144 173
144 176
144 194
144 195
144 200
144 224
144 231
144 265
145 145
145 152
145 168
145 173
145 176
145 195
145 197
145 200
145 228
145 231
145 245
145 265
146 145
146 152
146 168
146 173
146 176
146 195
146 197
146 200
146 228
146 231
146 245
146 265
147 145
147 152
147 168
147 176
147 195
147 200
147 228
147 231
147 245
147 265
148 145
148 152
148 168
148 170
148 176
148 195
148 200
148 228
148 231
148 245
148 265
149 152
149 168
149 170
149 176
149 179
149 195
149 200
149 228
149 231
149 245
149 265
150 152
150 168
150 170
150 176
150 179
150 195
150 200
150 228
150 231
150 245
150 265
151 168
151 176
151 179
151 189
151 195
151 200
151 228
151 231
151 265
152 168
152 176
152 179
152 189
152 200
152 228
152 231
152 265
153 168
153 176
153 179
153 189
153 200
153 228
153 231
153 265
153 280
154 166
154 168
154 176
154 181
154 192
154 200
154 205
154 231
154 246
154 264
154 280
155 166
155 168
155 176
155 181
155 192
155 200
155 205
155 239
155 246
155 264
155 280
156 166
156 168
156 172
156 176
156 181
156 192
156 200
156 205
156 239
156 246
156 264
156 280
157 166
157 168
157 172
157 181
157 192
157 200
157 205
157 239
157 246
157 280
158 166
158 168
158 172
158 181
158 192
158 200
158 205
158 239
158 246
158 280
159 166
159 168
159 172
159 181
159 192
159 200
159 205
159 239
159 246
159 280
160 166
160 168
160 172
160 181
160 192
160 200
160 205
160 221
160 239
160 246
160 280
161 168
161 172
161 192
161 200
161 205
161 221
161 239
161 246
161 280
162 168
162 172
162 192
162 200
162 205
162 210
162 221
162 222
162 239
162 246
162 280
163 168
163 172
163 183
163 192
163 200
163 205
163 210
163 221
163 222
163 239
163 246
163 280
164 172
164 183
164 200
164 205
164 217
164 221
164 222
164 239
164 246
164 280
165 183
165 200
165 205
165 217
165 221
165 222
165 239
165 246
165 280
166 183
166 200
166 205
166 217
166 221
166 222
166 239
166 246
166 276
166 280
167 183
167 200
167 205
167 217
167 221
167 222
167 239
167 246
167 261
167 276
167 280
168 183
168 198
168 200
168 221
168 222
168 239
168 261
168 276
168 280
169 183
169 198
169 200
169 221
169 222
169 239
169 261
169 276
169 280
170 183
170 198
170 200
170 221
170 222
170 239
170 261
170 276
170 280
171 183
171 198
171 200
171 221
171 222
171 239
171 261
171 276
171 280
172 198
172 200
172 221
172 222
172 233
172 239
172 261
172 276
172 280
173 198
173 200
173 221
173 222
173 233
173 239
173 254
173 261
173 276
173 280
174 198
174 200
174 221
174 222
174 233
174 239
174 254
174 261
174 276
174 280
175 198
175 200
175 222
175 233
175 239
175 254
175 261
175 276
175 280
176 198
176 200
176 222
176 233
176 239
176 254
176 256
176 261
176 276
176 280
177 184
177 198
177 200
177 222
177 233
177 239
177 254
177 256
177 261
177 276
177 280
178 184
178 198
178 200
178 222
178 233
178 239
178 254
178 256
178 261
178 276
179 184
179 198
179 200
179 222
179 233
179 239
179 254
179 256
179 261
179 276
180 184
180 198
180 200
180 222
180 233
180 238
180 239
180 254
180 256
180 261
180 268
180 276
181 184
181 198
181 200
181 222
181 233
181 238
181 239
181 254
181 256
181 261
181 268
181 276
182 184
182 198
182 200
182 222
182 233
182 238
182 239
182 254
182 256
182 257
182 261
182 268
182 276
183 184
183 198
183 200
183 233
183 238
183 239
183 254
183 256
183 257
183 261
183 268
183 276
184 184
184 198
184 200
184 233
184 238
184 239
184 254
184 256
184 257
184 261
184 268
184 276
185 184
185 198
185 200
185 233
185 238
185 239
185 254
185 256
185 257
185 261
185 268
185 276
186 184
186 198
186 233
186 238
186 239
186 254
186 256
186 257
186 261
186 268
186 276
187 184
187 198
187 233
187 238
187 239
187 254
187 256
187 257
187 261
187 268
187 276
188 184
188 198
188 233
188 238
188 239
188 254
188 256
188 257
188 261
188 268
188 276
189 184
189 198
189 233
189 238
189 239
189 254
189 256
189 257
189 261
189 268
189 276
190 198
190 233
190 238
190 239
190 254
190 256
190 257
190 261
190 268
190 276
190 283
191 198
191 233
191 238
191 239
191 249
191 254
191 256
191 257
191 261
191 268
191 283
191 284
192 198
192 233
192 238
192 239
192 249
192 254
192 256
192 257
192 261
192 268
192 283
192 284
193 198
193 233
193 239
193 249
193 254
193 256
193 257
193 261
193 268
193 283
193 284
194 198
194 214
194 233
194 239
194 249
194 254
194 256
194 257
194 261
194 268
194 283
194 284
195 198
195 214
195 239
195 249
195 256
195 257
195 261
195 268
195 283
195 284
196 198
196 214
196 239
196 249
196 256
196 257
196 261
196 268
196 274
196 283
196 284
197 198
197 214
197 239
197 249
197 256
197 257
197 261
197 268
197 274
197 283
197 284
198 198
198 214
198 239
198 249
198 256
198 257
198 268
198 274
198 283
198 284
199 198
199 214
199 249
199 256
199 257
199 268
199 274
199 283
199 284
200 214
200 249
200 256
200 257
200 268
200 274
200 283
200 284
201 214
201 244
201 249
201 256
201 257
201 268
201 274
201 283
201 284
202 214
202 244
202 249
202 256
202 257
202 268
202 274
202 283
202 284
203 214
203 244
203 249
203 256
203 257
203 268
203 274
203 283
203 284
204 244
204 249
204 256
204 257
204 268
204 274
204 283
204 284
205 244
205 249
205 256
205 257
205 268
205 274
205 283
205 284
206 244
206 249
206 256
206 257
206 268
206 274
206 283
206 284
207 244
207 249
207 256
207 257
207 268
207 274
207 283
207 284
208 244
208 249
208 256
208 257
208 268
208 274
208 283
208 284
209 244
209 249
209 256
209 257
209 268
209 274
209 283
209 284
210 244
210 249
210 256
210 257
210 263
210 268
210 274
210 279
210 283
211 244
211 249
211 256
211 257
211 263
211 268
211 274
211 279
211 283
212 244
212 249
212 256
212 257
212 263
212 268
212 274
212 279
212 283
213 244
213 249
213 256
213 257
213 263
213 268
213 274
213 279
213 283
214 244
214 249
214 256
214 257
214 263
214 268
214 274
214 279
214 283
215 244
215 249
215 256
215 257
215 263
215 268
215 274
215 279
215 283
216 244
216 249
216 256
216 257
216 263
216 268
216 274
216 279
216 283
217 244
217 256
217 257
217 263
217 268
217 274
217 279
217 283
218 244
218 256
218 257
218 263
218 274
218 279
218 283
219 244
219 256
219 257
219 263
219 274
219 279
219 283
220 244
220 256
220 257
220 263
220 274
220 279
220 283
221 244
221 256
221 257
221 263
221 274
221 279
221 283
222 244
222 256
222 257
222 263
222 274
222 279
222 283
223 244
223 256
223 257
223 263
223 274
223 279
223 283
224 244
224 256
224 257
224 263
224 274
224 279
224 283
225 256
225 257
225 263
225 274
225 279
225 283
226 256
226 257
226 263
226 274
226 279
226 283
227 256
227 257
227 263
227 274
227 279
227 283
228 256
228 257
228 263
228 274
228 279
228 283
229 256
229 257
229 263
229 274
229 279
229 283
230 256
230 257
230 263
230 274
230 279
230 283
231 256
231 257
231 263
231 274
231 279
231 283
232 256
232 257
232 263
232 274
232 279
232 283
233 256
233 257
233 263
233 274
233 279
233 283
234 256
234 257
234 263
234 274
234 279
234 283
235 256
235 257
235 263
235 274
235 279
235 283
236 253
236 256
236 257
236 263
236 269
236 274
236 279
236 283
237 253
237 256
237 257
237 263
237 269
237 274
237 279
237 283
238 253
238 256
238 257
238 263
238 269
238 279
238 283
239 253
239 257
239 263
239 269
239 279
239 283
240 253
240 257
240 263
240 269
240 279
240 283
241 253
241 257
241 263
241 269
241 279
241 283
242 253
242 257
242 263
242 269
242 279
242 283
243 253
243 257
243 263
243 269
243 279
243 283
244 253
244 257
244 263
244 269
244 279
244 283
245 253
245 257
245 263
245 269
245 279
245 283
246 253
246 257
246 263
246 269
246 279
246 283
247 253
247 263
247 269
247 279
247 283
248 253
248 263
248 269
248 279
248 283
249 253
249 263
249 279
249 283
250 253
250 279
250 283
251 253
251 279
251 283
252 253
252 279
252 283
253 253
253 279
253 283
254 253
254 279
254 283
255 253
255 279
255 283
256 253
256 279
256 283
257 253
257 279
257 283
258 253
258 279
258 283
259 253
259 279
259 283
260 253
260 279
260 283
261 253
261 271
261 279
261 283
262 253
262 271
262 279
262 283
263 253
263 271
263 279
263 283
264 253
264 271
264 279
264 283
265 271
265 279
265 283
266 271
266 279
266 283
267 271
267 279
267 283
268 271
268 279
268 283
269 271
269 279
269 283
270 271
270 279
270 283
271 271
271 279
271 283
272 271
272 279
272 283
273 271
273 279
273 283
274 271
274 279
274 283
275 271
275 279
275 283
276 271
276 279
276 283
277 271
277 279
277 283
278 271
278 279
278 283
279 271
279 279
279 283
280 271
280 279
280 283
281 271
281 279
281 283
282 279
282 283
283 279
283 283
284 279
284 283
