1 3
1 5
2 26
2 236
3 7
3 26
3 127
3 150
3 236
4 6
4 15
4 26
4 127
4 145
4 150
4 236
5 10
5 15
5 26
5 40
5 127
5 145
5 150
5 158
5 236
6 10
6 15
6 26
6 40
6 127
6 145
6 150
6 158
6 236
7 10
7 15
7 26
7 40
7 127
7 145
7 150
7 158
7 236
8 29
8 40
8 77
8 127
8 145
8 150
8 158
8 180
8 236
9 29
9 40
9 127
9 145
9 150
9 158
9 180
9 236
10 14
10 19
10 29
10 40
10 48
10 51
10 87
10 127
10 145
10 150
10 157
10 158
10 180
10 236
11 14
11 19
11 29
11 40
11 48
11 51
11 86
11 87
11 123
11 127
11 145
11 150
11 157
11 158
11 180
11 196
11 236
12 14
12 19
12 29
12 39
12 40
12 48
12 51
12 86
12 87
12 123
12 127
12 145
12 150
12 157
12 180
12 196
12 236
13 14
13 19
13 29
13 39
13 40
13 48
13 51
13 86
13 87
13 123
13 127
13 145
13 150
13 157
13 180
13 196
13 236
14 19
14 27
14 38
14 39
14 40
14 48
14 51
14 86
14 87
14 95
14 123
14 127
14 157
14 180
14 196
14 236
14 269
15 18
15 27
15 38
15 39
15 40
15 48
15 51
15 86
15 87
15 127
15 157
15 174
15 180
15 196
15 236
15 269
16 25
16 39
16 40
16 48
16 51
16 53
16 86
16 87
16 127
16 154
16 157
16 174
16 180
16 196
16 236
16 269
17 24
17 30
17 37
17 39
17 40
17 47
17 48
17 51
17 53
17 85
17 86
17 103
17 127
17 139
17 154
17 157
17 174
17 180
17 192
17 196
17 236
17 251
17 269
18 21
18 24
18 30
18 36
18 47
18 48
18 51
18 53
18 85
18 94
18 103
18 127
18 139
18 154
18 157
18 174
18 180
18 192
18 194
18 196
18 236
18 251
18 269
19 21
19 24
19 30
19 36
19 47
19 48
19 51
19 53
19 85
19 94
19 103
19 127
19 139
19 154
19 157
19 174
19 180
19 192
19 194
19 196
19 236
19 251
19 269
20 22
20 31
20 48
20 53
20 58
20 72
20 85
20 94
20 103
20 104
20 117
20 127
20 154
20 157
20 180
20 192
20 194
20 196
20 236
20 251
20 269
21 31
21 34
21 50
21 58
21 59
21 72
21 81
21 85
21 99
21 103
21 104
21 117
21 127
21 157
21 180
21 194
21 236
21 251
21 269
22 31
22 34
22 50
22 58
22 59
22 72
22 81
22 85
22 99
22 103
22 104
22 117
22 127
22 157
22 180
22 194
22 251
22 269
23 31
23 34
23 52
23 58
23 59
23 76
23 81
23 85
23 99
23 101
23 103
23 104
23 117
23 118
23 127
23 157
23 180
23 194
23 251
23 269
24 31
24 52
24 58
24 59
24 76
24 81
24 85
24 99
24 101
24 103
24 104
24 117
24 118
24 127
24 157
24 180
24 194
24 251
24 269
25 31
25 52
25 58
25 59
25 76
25 81
25 85
25 99
25 101
25 103
25 104
25 117
25 118
25 127
25 157
25 180
25 194
25 251
25 269
26 52
26 55
26 58
26 59
26 76
26 81
26 85
26 99
26 101
26 103
26 104
26 117
26 118
26 127
26 157
26 180
26 198
26 251
26 269
27 46
27 81
27 85
27 99
27 100
27 101
27 102
27 104
27 120
27 127
27 157
27 189
27 198
27 238
27 251
27 266
27 269
28 46
28 81
28 85
28 99
28 100
28 101
28 102
28 104
28 120
28 127
28 157
28 189
28 198
28 238
28 251
28 266
28 269
29 46
29 81
29 85
29 99
29 100
29 102
29 104
29 120
29 127
29 157
29 167
29 189
29 191
29 198
29 224
29 238
29 247
29 251
29 266
29 269
30 46
30 81
30 85
30 99
30 100
30 102
30 104
30 120
30 127
30 157
30 167
30 189
30 191
30 198
30 224
30 238
30 247
30 251
30 266
30 269
31 46
31 81
31 85
31 99
31 100
31 102
31 104
31 120
31 127
31 157
31 167
31 189
31 191
31 198
31 224
31 238
31 247
31 251
31 266
31 269
32 46
32 81
32 85
32 99
32 100
32 102
32 104
32 120
32 127
32 157
32 167
32 189
32 191
32 198
32 224
32 238
32 247
32 251
32 266
32 269
33 46
33 81
33 85
33 99
33 100
33 102
33 104
33 120
33 127
33 157
33 167
33 189
33 191
33 198
33 224
33 238
33 247
33 251
33 266
33 269
34 81
34 85
34 99
34 100
34 102
34 104
34 120
34 127
34 157
34 167
34 189
34 191
34 198
34 224
34 238
34 247
34 251
34 266
34 269
34 282
35 81
35 85
35 99
35 100
35 102
35 104
35 120
35 127
35 157
35 167
35 189
35 191
35 198
35 224
35 238
35 247
35 251
35 266
35 269
35 282
36 41
36 62
36 79
36 85
36 99
36 102
36 104
36 120
36 157
36 161
36 189
36 191
36 198
36 224
36 238
36 240
36 247
36 251
36 266
36 269
36 282
37 41
37 45
37 54
37 62
37 79
37 85
37 99
37 102
37 104
37 120
37 157
37 161
37 165
37 189
37 191
37 198
37 217
37 224
37 238
37 240
37 247
37 251
37 266
37 269
37 282
38 54
38 62
38 79
38 85
38 99
38 102
38 104
38 120
38 157
38 161
38 165
38 189
38 191
38 198
38 217
38 224
38 238
38 240
38 247
38 251
38 266
38 282
39 49
39 54
39 62
39 79
39 85
39 99
39 102
39 104
39 120
39 157
39 161
39 165
39 189
39 191
39 198
39 212
39 217
39 224
39 238
39 240
39 247
39 251
39 266
39 278
39 282
40 54
40 62
40 69
40 79
40 85
40 102
40 104
40 120
40 157
40 161
40 165
40 189
40 191
40 198
40 202
40 212
40 217
40 224
40 238
40 240
40 247
40 251
40 266
40 278
40 282
41 54
41 62
41 69
41 79
41 85
41 102
41 104
41 120
41 157
41 161
41 165
41 181
41 189
41 191
41 198
41 202
41 212
41 217
41 224
41 238
41 240
41 242
41 247
41 251
41 266
41 278
41 282
42 54
42 62
42 69
42 79
42 85
42 102
42 104
42 120
42 157
42 161
42 165
42 181
42 189
42 191
42 198
42 202
42 212
42 217
42 224
42 238
42 240
42 242
42 247
42 251
42 266
42 278
42 282
43 54
43 62
43 69
43 79
43 85
43 102
43 104
43 120
43 157
43 161
43 165
43 181
43 189
43 191
43 198
43 202
43 212
43 217
43 224
43 238
43 240
43 242
43 247
43 251
43 266
43 278
43 282
44 54
44 69
44 70
44 79
44 85
44 102
44 104
44 120
44 157
44 161
44 165
44 181
44 189
44 191
44 198
44 202
44 212
44 217
44 224
44 238
44 240
44 242
44 247
44 251
44 266
44 278
44 282
45 54
45 69
45 70
45 79
45 85
45 102
45 104
45 120
45 126
45 157
45 161
45 165
45 181
45 189
45 191
45 198
45 202
45 212
45 217
45 224
45 238
45 240
45 242
45 247
45 251
45 266
45 278
45 282
46 54
46 69
46 70
46 79
46 85
46 102
46 104
46 120
46 126
46 157
46 161
46 165
46 181
46 189
46 191
46 198
46 202
46 212
46 217
46 224
46 238
46 240
46 242
46 247
46 251
46 266
46 278
46 282
47 54
47 56
47 69
47 70
47 79
47 85
47 102
47 104
47 120
47 126
47 157
47 161
47 165
47 181
47 189
47 191
47 198
47 202
47 212
47 217
47 224
47 230
47 238
47 240
47 242
47 247
47 251
47 266
47 278
47 282
48 54
48 56
48 69
48 70
48 79
48 85
48 102
48 104
48 120
48 126
48 157
48 161
48 165
48 181
48 189
48 191
48 198
48 202
48 212
48 217
48 224
48 230
48 231
48 238
48 240
48 242
48 247
48 251
48 266
48 278
48 282
49 54
49 56
49 63
49 67
49 69
49 70
49 75
49 79
49 109
49 120
49 126
49 157
49 161
49 165
49 186
49 191
49 198
49 202
49 217
49 224
49 230
49 231
49 238
49 240
49 242
49 243
49 247
49 251
49 266
49 278
49 282
50 54
50 56
50 67
50 69
50 70
50 75
50 79
50 109
50 120
50 126
50 130
50 157
50 161
50 165
50 186
50 191
50 198
50 202
50 217
50 224
50 230
50 231
50 238
50 240
50 242
50 243
50 247
50 251
50 266
50 278
50 282
51 54
51 56
51 61
51 67
51 68
51 69
51 70
51 75
51 79
51 80
51 97
51 107
51 109
51 120
51 126
51 157
51 161
51 165
51 186
51 191
51 198
51 217
51 229
51 230
51 231
51 238
51 242
51 247
51 251
51 278
51 282
52 54
52 60
52 61
52 68
52 69
52 70
52 75
52 80
52 88
52 97
52 109
52 114
52 115
52 120
52 157
52 161
52 165
52 178
52 186
52 188
52 191
52 198
52 201
52 207
52 214
52 217
52 229
52 230
52 238
52 241
52 242
52 251
52 278
52 282
53 54
53 60
53 68
53 69
53 70
53 71
53 75
53 80
53 88
53 97
53 114
53 115
53 120
53 134
53 157
53 161
53 165
53 178
53 186
53 188
53 191
53 201
53 207
53 217
53 229
53 230
53 238
53 241
53 242
53 251
53 278
53 282
54 54
54 57
54 60
54 68
54 69
54 70
54 71
54 75
54 80
54 88
54 97
54 114
54 115
54 120
54 157
54 161
54 165
54 178
54 186
54 188
54 191
54 201
54 207
54 217
54 229
54 230
54 238
54 241
54 242
54 251
54 278
54 282
55 54
55 57
55 60
55 68
55 69
55 70
55 71
55 75
55 88
55 97
55 114
55 115
55 120
55 157
55 161
55 165
55 178
55 186
55 188
55 191
55 201
55 207
55 217
55 229
55 230
55 238
55 241
55 242
55 251
55 278
55 282
56 57
56 64
56 68
56 69
56 70
56 71
56 75
56 88
56 96
56 97
56 98
56 115
56 116
56 120
56 132
56 157
56 165
56 178
56 186
56 188
56 191
56 201
56 207
56 217
56 225
56 229
56 230
56 238
56 241
56 251
56 278
57 57
57 64
57 68
57 69
57 70
57 71
57 75
57 88
57 96
57 97
57 98
57 115
57 116
57 120
57 132
57 157
57 165
57 178
57 186
57 188
57 191
57 201
57 207
57 217
57 225
57 229
57 230
57 238
57 241
57 251
57 278
58 64
58 68
58 69
58 70
58 71
58 75
58 88
58 91
58 92
58 96
58 97
58 98
58 115
58 116
58 120
58 132
58 157
58 165
58 173
58 178
58 186
58 188
58 191
58 201
58 207
58 217
58 225
58 229
58 230
58 238
58 241
58 251
58 278
59 64
59 69
59 70
59 71
59 75
59 83
59 88
59 91
59 92
59 96
59 97
59 98
59 115
59 116
59 120
59 132
59 157
59 165
59 173
59 178
59 186
59 201
59 207
59 217
59 225
59 229
59 230
59 238
59 251
59 278
60 64
60 69
60 75
60 83
60 88
60 91
60 92
60 96
60 97
60 98
60 112
60 115
60 116
60 120
60 132
60 157
60 165
60 173
60 178
60 186
60 201
60 207
60 217
60 225
60 229
60 230
60 238
60 251
60 278
61 64
61 88
61 91
61 92
61 96
61 112
61 115
61 116
61 120
61 151
61 165
61 173
61 178
61 186
61 201
61 207
61 217
61 225
61 229
61 238
61 278
62 64
62 65
62 88
62 91
62 92
62 96
62 112
62 115
62 116
62 120
62 151
62 165
62 173
62 178
62 186
62 201
62 207
62 217
62 225
62 229
62 238
62 278
63 64
63 65
63 74
63 88
63 91
63 92
63 96
63 112
63 115
63 116
63 120
63 135
63 151
63 165
63 173
63 178
63 186
63 201
63 207
63 217
63 225
63 229
63 238
63 278
64 65
64 74
64 88
64 91
64 92
64 96
64 111
64 116
64 135
64 141
64 178
64 186
64 207
64 217
64 229
64 238
64 245
65 65
65 74
65 88
65 91
65 92
65 96
65 111
65 116
65 135
65 141
65 164
65 178
65 186
65 207
65 217
65 229
65 238
65 245
66 65
66 74
66 88
66 91
66 92
66 96
66 111
66 116
66 135
66 141
66 164
66 178
66 186
66 207
66 217
66 229
66 238
66 245
67 65
67 74
67 88
67 91
67 92
67 96
67 111
67 116
67 135
67 141
67 164
67 178
67 186
67 207
67 217
67 229
67 238
67 245
68 65
68 74
68 88
68 91
68 92
68 96
68 111
68 116
68 135
68 141
68 164
68 178
68 186
68 207
68 217
68 229
68 238
68 245
68 283
69 74
69 91
69 92
69 96
69 111
69 116
69 135
69 141
69 160
69 164
69 178
69 186
69 207
69 217
69 229
69 238
69 245
69 283
70 74
70 89
70 91
70 92
70 111
70 116
70 121
70 135
70 141
70 153
70 160
70 164
70 183
70 185
70 207
70 217
70 229
70 238
70 245
70 283
71 74
71 89
71 91
71 92
71 111
71 116
71 121
71 135
71 141
71 153
71 160
71 164
71 183
71 185
71 207
71 217
71 238
71 245
71 283
72 74
72 89
72 91
72 92
72 111
72 116
72 121
72 135
72 141
72 153
72 160
72 164
72 183
72 185
72 207
72 238
72 245
72 283
73 74
73 89
73 91
73 92
73 111
73 116
73 121
73 141
73 153
73 160
73 164
73 183
73 185
73 197
73 207
73 238
73 245
73 283
74 89
74 91
74 92
74 93
74 111
74 116
74 121
74 141
74 153
74 160
74 164
74 183
74 185
74 195
74 197
74 207
74 238
74 245
74 283
75 89
75 91
75 92
75 93
75 111
75 116
75 121
75 141
75 153
75 160
75 164
75 183
75 185
75 195
75 197
75 207
75 238
75 245
76 89
76 91
76 92
76 93
76 116
76 121
76 141
76 153
76 160
76 164
76 183
76 185
76 195
76 197
76 207
76 238
76 245
77 89
77 91
77 92
77 93
77 116
77 121
77 141
77 153
77 160
77 164
77 183
77 185
77 195
77 197
77 207
77 238
77 245
78 89
78 91
78 92
78 93
78 116
78 121
78 141
78 153
78 160
78 164
78 183
78 185
78 195
78 197
78 207
78 238
78 245
79 89
79 91
79 92
79 93
79 116
79 121
79 141
79 153
79 160
79 164
79 183
79 185
79 195
79 197
79 207
79 238
79 245
80 89
80 90
80 91
80 92
80 116
80 121
80 138
80 141
80 153
80 160
80 164
80 183
80 195
80 197
80 207
80 238
80 245
81 89
81 90
81 91
81 92
81 116
81 121
81 138
81 141
81 153
81 160
81 164
81 183
81 195
81 197
81 207
81 245
82 89
82 91
82 92
82 116
82 121
82 138
82 141
82 153
82 160
82 164
82 183
82 195
82 197
82 245
83 89
83 91
83 92
83 116
83 121
83 138
83 141
83 153
83 160
83 164
83 183
83 195
83 197
83 245
83 281
84 92
84 105
84 116
84 121
84 131
84 141
84 153
84 183
84 195
84 197
84 244
84 245
84 264
84 281
85 92
85 105
85 116
85 121
85 131
85 141
85 153
85 183
85 195
85 197
85 244
85 245
85 264
85 281
86 92
86 105
86 116
86 121
86 131
86 141
86 153
86 183
86 195
86 197
86 244
86 245
86 264
86 281
87 92
87 116
87 119
87 121
87 131
87 141
87 153
87 175
87 183
87 195
87 197
87 245
87 258
87 264
87 281
88 92
88 116
88 119
88 121
88 131
88 141
88 153
88 175
88 183
88 195
88 197
88 245
88 258
88 264
88 281
89 92
89 116
89 119
89 121
89 131
89 141
89 153
89 175
89 183
89 195
89 197
89 245
89 258
89 264
89 277
89 281
90 92
90 116
90 119
90 121
90 131
90 141
90 153
90 175
90 183
90 195
90 197
90 228
90 245
90 258
90 277
90 281
91 92
91 110
91 116
91 119
91 121
91 131
91 141
91 153
91 175
91 183
91 195
91 197
91 228
91 245
91 258
91 277
91 281
92 110
92 116
92 119
92 121
92 131
92 141
92 153
92 175
92 183
92 195
92 197
92 228
92 245
92 258
92 259
92 277
92 281
93 110
93 116
93 119
93 121
93 131
93 141
93 149
93 153
93 175
93 183
93 195
93 197
93 228
93 245
93 258
93 259
93 277
93 281
94 110
94 116
94 119
94 121
94 131
94 141
94 149
94 153
94 175
94 183
94 195
94 197
94 228
94 245
94 258
94 259
94 277
94 281
94 284
95 110
95 116
95 119
95 121
95 131
95 141
95 149
95 153
95 175
95 183
95 195
95 197
95 228
95 245
95 258
95 259
95 277
95 281
95 284
96 108
96 116
96 119
96 121
96 131
96 141
96 142
96 153
96 175
96 183
96 195
96 197
96 228
96 245
96 258
96 277
96 281
96 284
97 116
97 119
97 121
97 131
97 141
97 142
97 153
97 175
97 183
97 195
97 197
97 228
97 245
97 258
97 277
97 281
97 284
98 116
98 121
98 122
98 129
98 131
98 142
98 153
98 175
98 183
98 195
98 197
98 228
98 245
98 258
98 277
98 281
98 284
99 116
99 121
99 122
99 129
99 142
99 153
99 175
99 183
99 195
99 197
99 228
99 245
99 258
99 277
99 281
99 284
100 116
100 121
100 122
100 129
100 142
100 153
100 175
100 183
100 195
100 197
100 228
100 245
100 258
100 277
100 281
100 284
101 116
101 121
101 122
101 129
101 142
101 144
101 153
101 175
101 183
101 195
101 197
101 208
101 245
101 258
101 277
101 281
101 284
102 113
102 116
102 121
102 122
102 129
102 142
102 144
102 148
102 153
102 175
102 183
102 195
102 197
102 208
102 218
102 219
102 245
102 258
102 277
102 281
102 284
103 116
103 121
103 122
103 129
103 142
103 144
103 148
103 153
103 156
103 175
103 183
103 195
103 197
103 208
103 218
103 219
103 245
103 258
103 277
103 281
103 284
104 121
104 122
104 129
104 144
104 147
104 148
104 153
104 156
104 175
104 177
104 183
104 187
104 195
104 197
104 205
104 208
104 220
104 258
104 277
104 281
104 284
105 121
105 122
105 129
105 143
105 144
105 147
105 148
105 153
105 155
105 156
105 175
105 177
105 183
105 187
105 195
105 197
105 205
105 208
105 220
105 248
105 258
105 277
105 281
105 284
106 121
106 122
106 129
106 143
106 144
106 147
106 148
106 153
106 155
106 156
106 159
106 175
106 177
106 183
106 187
106 195
106 197
106 205
106 208
106 220
106 248
106 258
106 277
106 281
106 284
107 121
107 122
107 129
107 143
107 144
107 147
107 148
107 153
107 155
107 156
107 159
107 175
107 177
107 183
107 187
107 195
107 197
107 205
107 208
107 220
107 248
107 258
107 277
107 281
107 284
108 121
108 122
108 129
108 143
108 144
108 147
108 148
108 153
108 155
108 156
108 159
108 175
108 177
108 183
108 187
108 195
108 197
108 205
108 208
108 220
108 248
108 258
108 277
108 281
108 284
109 121
109 122
109 129
109 143
109 144
109 147
109 148
109 153
109 155
109 156
109 159
109 175
109 177
109 183
109 187
109 195
109 197
109 205
109 208
109 220
109 248
109 258
109 277
109 281
109 284
110 121
110 122
110 129
110 143
110 144
110 147
110 148
110 153
110 155
110 156
110 159
110 175
110 177
110 183
110 187
110 195
110 197
110 205
110 208
110 220
110 248
110 258
110 277
110 281
110 284
111 121
111 129
111 136
111 143
111 147
111 148
111 153
111 156
111 162
111 175
111 177
111 183
111 187
111 195
111 197
111 205
111 208
111 220
111 248
111 258
111 277
111 281
111 284
112 121
112 136
112 143
112 147
112 148
112 153
112 156
112 162
112 166
112 175
112 177
112 183
112 187
112 195
112 197
112 205
112 208
112 220
112 248
112 258
112 274
112 277
112 281
112 284
113 121
113 136
113 143
113 147
113 148
113 153
113 156
113 162
113 166
113 175
113 177
113 183
113 187
113 195
113 197
113 205
113 208
113 220
113 248
113 258
113 274
113 277
113 281
113 284
114 121
114 136
114 143
114 147
114 148
114 153
114 156
114 162
114 166
114 175
114 177
114 183
114 187
114 195
114 197
114 205
114 208
114 220
114 248
114 258
114 274
114 277
114 281
114 284
115 121
115 136
115 143
115 147
115 148
115 153
115 156
115 162
115 166
115 175
115 177
115 179
115 183
115 187
115 195
115 197
115 205
115 208
115 220
115 248
115 258
115 274
115 277
115 281
115 284
116 121
116 136
116 143
116 147
116 148
116 153
116 156
116 166
116 175
116 177
116 179
116 183
116 187
116 197
116 205
116 208
116 220
116 248
116 258
116 277
116 281
116 284
117 124
117 140
117 143
117 148
117 153
117 175
117 177
117 179
117 183
117 187
117 197
117 205
117 215
117 220
117 234
117 239
117 248
117 258
117 277
117 284
118 124
118 140
118 148
118 175
118 177
118 179
118 183
118 187
118 197
118 205
118 215
118 220
118 233
118 234
118 239
118 248
118 258
118 277
118 284
119 124
119 125
119 137
119 140
119 148
119 175
119 177
119 179
119 183
119 187
119 197
119 205
119 215
119 220
119 233
119 239
119 248
119 249
119 257
119 277
120 124
120 125
120 137
120 140
120 148
120 175
120 177
120 179
120 183
120 187
120 197
120 205
120 215
120 220
120 233
120 239
120 248
120 249
120 257
120 277
121 124
121 125
121 137
121 140
121 148
121 175
121 177
121 179
121 183
121 187
121 197
121 205
121 215
121 220
121 233
121 239
121 248
121 249
121 257
121 277
122 124
122 137
122 140
122 148
122 175
122 177
122 179
122 183
122 187
122 197
122 205
122 215
122 220
122 233
122 239
122 248
122 249
122 257
122 277
123 124
123 133
123 140
123 175
123 177
123 179
123 183
123 187
123 197
123 205
123 215
123 220
123 221
123 233
123 239
123 248
123 249
123 257
123 277
124 124
124 133
124 140
124 175
124 177
124 179
124 183
124 184
124 187
124 205
124 215
124 220
124 221
124 233
124 239
124 248
124 249
124 257
124 277
125 124
125 133
125 140
125 175
125 177
125 179
125 183
125 184
125 187
125 205
125 215
125 220
125 221
125 233
125 239
125 248
125 249
125 257
125 277
126 124
126 133
126 140
126 175
126 177
126 179
126 183
126 184
126 187
126 205
126 215
126 220
126 221
126 233
126 248
126 249
126 257
126 277
127 124
127 140
127 170
127 175
127 177
127 179
127 183
127 187
127 205
127 215
127 220
127 221
127 233
127 248
127 249
127 257
127 260
127 265
127 277
128 124
128 140
128 170
128 175
128 177
128 179
128 187
128 215
128 220
128 221
128 233
128 248
128 249
128 257
128 260
128 265
129 140
129 170
129 175
129 177
129 179
129 187
129 215
129 220
129 221
129 233
129 249
129 257
129 260
129 265
130 140
130 169
130 170
130 175
130 179
130 215
130 220
130 221
130 233
130 249
130 257
130 260
130 265
131 140
131 169
131 170
131 175
131 179
131 215
131 220
131 221
131 233
131 249
131 257
131 260
131 265
132 140
132 169
132 170
132 175
132 179
132 215
132 216
132 220
132 221
132 233
132 249
132 257
132 260
132 265
133 140
133 169
133 170
133 175
133 179
133 215
133 216
133 220
133 221
133 233
133 249
133 257
133 260
133 265
134 140
134 169
134 170
134 175
134 179
134 215
134 216
134 220
134 221
134 233
134 249
134 257
134 260
134 265
135 140
135 169
135 170
135 175
135 179
135 215
135 216
135 220
135 221
135 233
135 249
135 257
135 260
135 265
136 140
136 169
136 170
136 172
136 175
136 179
136 216
136 220
136 221
136 233
136 249
136 257
136 260
136 265
137 140
137 169
137 170
137 172
137 175
137 179
137 221
137 222
137 233
137 249
137 257
137 265
138 140
138 163
138 169
138 170
138 172
138 175
138 179
138 221
138 222
138 233
138 249
138 257
139 140
139 163
139 169
139 170
139 172
139 175
139 179
139 221
139 222
139 233
139 249
139 257
140 140
140 163
140 169
140 170
140 175
140 179
140 221
140 222
140 233
140 249
140 257
140 276
141 140
141 163
141 169
141 170
141 175
141 179
141 221
141 222
141 233
141 249
141 257
141 276
142 140
142 163
142 169
142 170
142 175
142 179
142 221
142 222
142 233
142 249
142 257
142 276
143 140
143 163
143 169
143 170
143 175
143 179
143 221
143 222
143 249
143 257
143 276
144 140
144 163
144 169
144 170
144 175
144 179
144 182
144 200
144 222
144 249
144 253
144 257
144 276
145 140
145 163
145 170
145 175
145 179
145 182
145 200
145 222
145 249
145 253
145 257
145 276
146 140
146 163
146 170
146 175
146 179
146 182
146 200
146 222
146 249
146 253
146 257
146 276
147 140
147 163
147 170
147 175
147 179
147 182
147 200
147 222
147 249
147 253
147 257
147 276
148 140
148 163
148 170
148 175
148 179
148 182
148 200
148 222
148 249
148 253
148 257
148 276
149 140
149 163
149 170
149 175
149 179
149 182
149 200
149 222
149 249
149 253
149 257
149 276
150 163
150 170
150 175
150 179
150 182
150 200
150 253
150 257
150 276
151 163
151 170
151 175
151 179
151 182
151 200
151 253
151 257
151 276
152 163
152 170
152 175
152 179
152 182
152 200
152 253
152 257
152 276
153 163
153 175
153 179
153 182
153 200
153 253
153 257
153 276
154 163
154 171
154 175
154 179
154 182
154 200
154 253
154 257
154 276
155 163
155 171
155 175
155 179
155 182
155 200
155 253
155 257
155 276
156 163
156 171
156 175
156 179
156 182
156 200
156 213
156 246
156 253
156 255
156 257
156 276
157 163
157 171
157 175
157 179
157 182
157 213
157 246
157 253
157 255
157 257
157 276
158 163
158 171
158 175
158 179
158 182
158 213
158 246
158 253
158 255
158 257
158 276
159 163
159 171
159 175
159 179
159 182
159 209
159 213
159 246
159 253
159 255
159 257
159 276
160 163
160 171
160 175
160 179
160 182
160 209
160 213
160 246
160 253
160 255
160 257
160 276
161 163
161 171
161 175
161 179
161 182
161 209
161 213
161 246
161 253
161 255
161 257
161 276
162 163
162 171
162 175
162 179
162 182
162 209
162 213
162 246
162 253
162 255
162 257
162 276
163 163
163 171
163 175
163 179
163 182
163 209
163 213
163 246
163 253
163 255
163 257
163 276
164 163
164 171
164 175
164 179
164 182
164 209
164 213
164 227
164 246
164 255
164 257
165 168
165 171
165 182
165 209
165 213
165 227
165 232
165 246
165 255
165 257
165 262
165 263
166 168
166 171
166 182
166 209
166 210
166 213
166 227
166 232
166 246
166 255
166 257
166 262
166 263
166 271
167 168
167 171
167 182
167 209
167 210
167 213
167 227
167 232
167 246
167 257
167 262
167 271
168 168
168 182
168 209
168 210
168 227
168 232
168 246
168 257
168 262
168 271
169 168
169 182
169 203
169 209
169 210
169 227
169 232
169 257
169 262
170 168
170 182
170 203
170 209
170 210
170 227
170 232
170 257
170 262
171 168
171 182
171 203
171 209
171 210
171 227
171 232
171 257
171 262
172 168
172 203
172 209
172 210
172 227
172 232
172 252
172 257
172 262
172 280
173 203
173 204
173 209
173 210
173 227
173 252
173 257
173 262
173 268
173 280
174 203
174 204
174 209
174 210
174 211
174 227
174 252
174 257
174 262
174 268
174 280
175 203
175 204
175 209
175 210
175 211
175 227
175 252
175 257
175 262
175 280
176 203
176 204
176 209
176 210
176 211
176 227
176 252
176 257
176 262
176 280
177 203
177 204
177 209
177 211
177 227
177 252
177 257
177 262
177 280
178 190
178 203
178 206
178 209
178 211
178 227
178 252
178 257
178 262
178 275
178 280
179 190
179 203
179 206
179 209
179 211
179 227
179 252
179 257
179 262
179 275
179 280
180 190
180 193
180 203
180 206
180 209
180 211
180 226
180 227
180 252
180 257
180 262
180 275
180 280
181 190
181 193
181 203
181 206
181 209
181 211
181 226
181 227
181 252
181 257
181 262
181 275
181 280
182 190
182 193
182 203
182 206
182 209
182 211
182 226
182 227
182 252
182 257
182 262
182 275
182 280
183 190
183 193
183 203
183 206
183 209
183 211
183 226
183 227
183 252
183 257
183 262
183 275
183 280
184 190
184 193
184 203
184 206
184 209
184 211
184 226
184 227
184 252
184 257
184 262
184 275
184 280
185 190
185 193
185 203
185 206
185 209
185 211
185 226
185 227
185 237
185 252
185 257
185 262
185 275
185 280
186 190
186 193
186 203
186 206
186 209
186 211
186 226
186 227
186 237
186 252
186 257
186 262
186 275
186 280
187 190
187 193
187 203
187 206
187 209
187 211
187 226
187 227
187 237
187 252
187 257
187 262
187 280
188 190
188 193
188 203
188 206
188 209
188 211
188 226
188 227
188 237
188 252
188 257
188 262
188 280
189 190
189 193
189 199
189 203
189 206
189 209
189 211
189 226
189 227
189 237
189 252
189 262
189 280
190 190
190 193
190 199
190 203
190 206
190 209
190 211
190 226
190 227
190 237
190 252
190 262
190 280
191 190
191 193
191 199
191 203
191 206
191 209
191 211
191 226
191 227
191 237
191 252
191 262
191 280
192 190
192 193
192 199
192 203
192 206
192 209
192 211
192 226
192 227
192 237
192 252
192 262
193 190
193 193
193 199
193 203
193 206
193 209
193 211
193 226
193 227
193 237
193 252
193 262
194 190
194 193
194 199
194 203
194 206
194 209
194 211
194 226
194 227
194 237
194 252
194 262
195 190
195 193
195 199
195 203
195 206
195 209
195 211
195 226
195 227
195 237
195 252
195 262
195 267
196 190
196 193
196 199
196 203
196 206
196 209
196 211
196 226
196 237
196 252
196 262
196 267
197 190
197 193
197 199
197 203
197 206
197 209
197 211
197 226
197 237
197 252
197 262
197 267
198 190
198 193
198 199
198 203
198 206
198 209
198 211
198 226
198 237
198 252
198 262
198 267
199 190
199 193
199 199
199 203
199 209
199 211
199 226
199 237
199 252
199 262
199 267
200 190
200 193
200 199
200 203
200 209
200 226
200 237
200 252
200 262
200 267
201 199
201 203
201 209
201 226
201 237
201 252
201 262
201 267
202 199
202 203
202 209
202 226
202 237
202 252
202 262
202 267
203 199
203 203
203 209
203 226
203 237
203 252
203 262
203 267
204 199
204 203
204 209
204 226
204 237
204 252
204 262
204 267
205 199
205 203
205 209
205 226
205 237
205 252
205 262
205 267
206 203
206 209
206 226
206 237
206 262
206 267
207 203
207 209
207 226
207 262
207 267
208 203
208 209
208 226
208 267
209 203
209 209
209 226
209 267
210 203
210 209
210 226
210 267
211 203
211 209
211 226
211 267
212 209
212 226
212 267
213 209
213 226
213 267
214 226
214 267
215 226
215 267
216 226
216 267
217 226
217 267
218 226
218 250
218 267
219 226
219 250
219 267
220 226
220 254
220 267
221 226
221 254
221 267
222 226
222 254
222 267
223 226
223 254
223 267
224 226
224 254
224 267
225 226
225 254
225 267
226 226
226 235
226 254
226 267
227 226
227 235
227 254
227 267
228 226
228 235
228 267
229 226
229 235
229 267
230 226
230 235
230 267
231 226
231 235
231 267
232 226
232 235
232 267
233 226
233 235
233 267
234 226
234 235
234 267
235 226
235 235
235 267
236 226
236 235
236 267
236 272
237 226
237 235
237 267
237 272
238 226
238 235
238 267
238 272
239 226
239 235
239 267
239 272
240 235
240 256
240 267
240 272
241 235
241 256
241 267
241 272
242 235
242 256
242 267
242 272
243 235
243 256
243 267
243 272
244 256
244 267
244 272
245 256
245 267
245 272
246 256
246 267
246 272
246 273
247 256
247 267
247 272
247 273
248 256
248 267
248 270
248 272
248 273
249 267
249 272
249 273
250 267
250 272
250 273
251 267
251 272
251 273
252 267
252 272
252 273
253 267
253 272
253 273
254 267
254 272
254 273
255 267
255 272
255 273
256 267
256 272
256 273
257 267
257 272
257 273
258 267
258 272
258 273
259 267
259 272
259 273
260 267
260 272
260 273
261 272
261 273
262 272
262 273
263 272
263 273
264 272
264 273
265 272
265 273
265 279
266 272
266 273
266 279
267 272
267 273
267 279
268 273
268 279
269 273
269 279
270 273
271 273
272 273
273 273
274 273
275 273
276 273
277 273
278 273
279 273
