0 2
0 4
0 77
1 3
1 5
1 33
2 8
2 33
2 60
2 139
2 273
3 20
3 33
3 60
3 139
3 273
4 20
4 21
4 30
4 59
4 60
4 71
4 112
4 139
4 273
5 20
5 30
5 59
5 60
5 71
5 112
5 139
5 273
6 20
6 53
6 59
6 60
6 71
6 112
6 137
6 139
6 273
7 53
7 59
7 60
7 71
7 112
7 137
7 139
7 273
8 17
8 43
8 53
8 59
8 60
8 71
8 74
8 112
8 137
8 139
8 273
9 19
9 53
9 60
9 71
9 75
9 109
9 112
9 137
9 139
9 253
10 19
10 31
10 36
10 40
10 53
10 60
10 61
10 66
10 71
10 75
10 109
10 112
10 137
10 139
10 253
11 19
11 36
11 40
11 53
11 58
11 61
11 66
11 71
11 75
11 107
11 109
11 112
11 137
11 139
12 13
12 14
12 18
12 32
12 35
12 36
12 39
12 49
12 66
12 71
12 75
12 105
12 107
12 109
12 137
12 139
12 158
13 18
13 26
13 28
13 32
13 36
13 39
13 49
13 71
13 105
13 107
13 109
13 126
13 129
13 137
13 158
13 214
13 272
14 18
14 26
14 27
14 32
14 36
14 39
14 41
14 49
14 63
14 71
14 105
14 107
14 126
14 129
14 130
14 214
14 272
15 18
15 26
15 27
15 32
15 39
15 41
15 71
15 94
15 105
15 107
15 126
15 129
15 130
15 214
15 272
16 18
16 26
16 32
16 39
16 41
16 67
16 71
16 94
16 104
16 105
16 107
16 126
16 129
16 130
16 214
16 272
17 24
17 26
17 37
17 41
17 71
17 84
17 94
17 104
17 105
17 107
17 126
17 129
17 130
17 214
17 272
18 24
18 26
18 41
18 65
18 84
18 104
18 105
18 107
18 110
18 126
18 129
18 130
18 131
18 214
18 272
19 24
19 26
19 41
19 65
19 84
19 104
19 105
19 107
19 110
19 126
19 129
19 130
19 131
19 214
19 272
20 24
20 26
20 41
20 65
20 84
20 104
20 105
20 107
20 110
20 126
20 129
20 130
20 131
20 214
20 272
21 24
21 34
21 41
21 50
21 65
21 84
21 102
21 104
21 105
21 107
21 110
21 126
21 129
21 130
21 131
21 214
21 218
21 272
22 34
22 41
22 50
22 65
22 84
22 102
22 104
22 105
22 107
22 110
22 129
22 130
22 131
22 179
22 214
22 218
22 272
23 41
23 50
23 84
23 102
23 104
23 105
23 107
23 110
23 129
23 130
23 131
23 214
23 218
23 272
24 50
24 84
24 102
24 104
24 105
24 107
24 110
24 129
24 130
24 131
24 156
24 214
24 218
24 272
25 48
25 50
25 84
25 102
25 104
25 105
25 107
25 108
25 110
25 129
25 130
25 134
25 156
25 214
25 218
25 264
25 272
26 50
26 84
26 104
26 105
26 107
26 110
26 129
26 130
26 134
26 156
26 177
26 214
26 218
26 264
26 272
27 50
27 84
27 104
27 105
27 107
27 110
27 129
27 130
27 134
27 156
27 177
27 214
27 218
27 264
27 272
28 38
28 50
28 51
28 84
28 91
28 104
28 105
28 107
28 129
28 130
28 134
28 156
28 177
28 200
28 214
28 218
28 264
28 272
29 38
29 50
29 51
29 55
29 84
29 104
29 107
29 129
29 130
29 134
29 154
29 156
29 177
29 200
29 214
29 218
29 234
29 264
29 272
30 50
30 55
30 84
30 104
30 107
30 122
30 129
30 130
30 134
30 154
30 156
30 177
30 182
30 200
30 214
30 218
30 234
30 264
30 272
31 50
31 55
31 84
31 104
31 107
31 122
31 129
31 130
31 134
31 154
31 156
31 177
31 182
31 200
31 214
31 218
31 234
31 264
31 272
32 50
32 55
32 84
32 104
32 107
32 122
32 129
32 130
32 134
32 154
32 156
32 177
32 182
32 200
32 214
32 218
32 234
32 264
32 272
33 50
33 55
33 84
33 98
33 104
33 107
33 122
33 129
33 130
33 134
33 145
33 154
33 156
33 177
33 182
33 189
33 200
33 214
33 218
33 234
33 264
33 272
34 50
34 55
34 70
34 72
34 84
34 89
34 98
34 104
34 107
34 122
34 129
34 130
34 134
34 145
34 154
34 177
34 182
34 189
34 200
34 209
34 214
34 218
34 234
34 264
34 272
35 50
35 55
35 70
35 72
35 84
35 89
35 98
35 104
35 107
35 122
35 130
35 134
35 145
35 154
35 177
35 182
35 189
35 200
35 209
35 214
35 218
35 234
35 264
35 272
36 50
36 55
36 70
36 72
36 84
36 89
36 98
36 104
36 107
36 122
36 130
36 134
36 145
36 154
36 177
36 182
36 200
36 209
36 214
36 218
36 234
36 264
36 272
37 46
37 50
37 55
37 70
37 72
37 84
37 89
37 98
37 104
37 107
37 122
37 130
37 134
37 145
37 154
37 177
37 182
37 200
37 209
37 214
37 218
37 234
37 264
37 272
38 42
38 46
38 50
38 55
38 70
38 72
38 89
38 98
38 104
38 106
38 107
38 122
38 130
38 134
38 145
38 154
38 177
38 182
38 200
38 209
38 214
38 218
38 234
38 264
38 272
39 42
39 46
39 50
39 52
39 55
39 70
39 72
39 89
39 98
39 104
39 106
39 107
39 122
39 130
39 134
39 145
39 154
39 177
39 182
39 200
39 206
39 209
39 214
39 218
39 234
39 264
39 272
40 42
40 46
40 50
40 52
40 55
40 70
40 72
40 89
40 98
40 104
40 106
40 107
40 122
40 130
40 134
40 145
40 154
40 177
40 182
40 200
40 206
40 209
40 214
40 218
40 234
40 264
40 272
41 46
41 50
41 52
41 55
41 64
41 70
41 72
41 89
41 98
41 104
41 106
41 107
41 122
41 130
41 134
41 145
41 154
41 168
41 177
41 182
41 200
41 206
41 209
41 214
41 218
41 234
41 264
41 272
42 46
42 50
42 52
42 55
42 64
42 70
42 72
42 89
42 92
42 98
42 104
42 106
42 107
42 122
42 130
42 134
42 145
42 154
42 168
42 177
42 182
42 200
42 206
42 209
42 214
42 218
42 234
42 264
42 272
43 46
43 50
43 52
43 55
43 64
43 70
43 72
43 89
43 92
43 98
43 104
43 106
43 107
43 122
43 130
43 134
43 145
43 154
43 168
43 177
43 182
43 200
43 206
43 209
43 214
43 218
43 234
43 264
43 272
44 46
44 50
44 52
44 64
44 70
44 89
44 92
44 98
44 104
44 106
44 107
44 122
44 130
44 134
44 145
44 154
44 168
44 177
44 182
44 200
44 206
44 209
44 214
44 215
44 218
44 234
44 264
44 272
45 46
45 50
45 52
45 64
45 70
45 89
45 92
45 98
45 104
45 106
45 107
45 122
45 130
45 134
45 145
45 154
45 168
45 177
45 182
45 185
45 200
45 206
45 209
45 214
45 215
45 218
45 234
45 264
45 272
46 46
46 50
46 52
46 54
46 64
46 70
46 89
46 92
46 98
46 104
46 106
46 107
46 122
46 134
46 145
46 154
46 168
46 177
46 182
46 185
46 200
46 206
46 209
46 214
46 215
46 218
46 234
46 264
46 272
47 46
47 47
47 54
47 56
47 64
47 92
47 98
47 100
47 104
47 106
47 107
47 111
47 132
47 134
47 145
47 154
47 168
47 177
47 182
47 185
47 200
47 206
47 209
47 214
47 215
47 218
47 221
47 234
47 254
47 269
47 272
48 46
48 47
48 54
48 56
48 64
48 92
48 98
48 100
48 104
48 106
48 107
48 111
48 132
48 134
48 145
48 154
48 168
48 177
48 182
48 185
48 200
48 206
48 209
48 214
48 215
48 218
48 221
48 234
48 254
48 269
48 272
49 54
49 56
49 57
49 64
49 92
49 98
49 100
49 107
49 132
49 134
49 145
49 154
49 168
49 177
49 182
49 185
49 200
49 206
49 209
49 214
49 215
49 218
49 221
49 234
49 254
49 257
49 259
49 269
49 272
50 54
50 56
50 57
50 64
50 81
50 92
50 98
50 100
50 107
50 132
50 134
50 145
50 154
50 168
50 177
50 182
50 185
50 200
50 206
50 209
50 214
50 215
50 218
50 221
50 234
50 254
50 257
50 259
50 269
50 272
51 54
51 56
51 57
51 64
51 81
51 92
51 98
51 100
51 107
51 132
51 134
51 145
51 154
51 168
51 177
51 182
51 185
51 200
51 206
51 209
51 214
51 215
51 218
51 221
51 234
51 254
51 257
51 259
51 269
51 272
52 54
52 56
52 57
52 64
52 81
52 92
52 98
52 100
52 107
52 132
52 134
52 145
52 154
52 168
52 177
52 182
52 185
52 200
52 202
52 206
52 209
52 214
52 215
52 218
52 221
52 234
52 254
52 257
52 259
52 269
52 272
53 56
53 57
53 64
53 81
53 87
53 92
53 98
53 100
53 107
53 132
53 134
53 145
53 154
53 168
53 177
53 182
53 185
53 200
53 202
53 206
53 209
53 214
53 215
53 218
53 221
53 234
53 254
53 257
53 259
53 269
53 272
54 56
54 57
54 64
54 81
54 87
54 92
54 98
54 100
54 107
54 132
54 134
54 145
54 154
54 168
54 177
54 182
54 185
54 200
54 202
54 206
54 209
54 215
54 218
54 221
54 232
54 234
54 254
54 257
54 259
54 269
54 272
55 56
55 57
55 64
55 81
55 87
55 92
55 98
55 100
55 107
55 132
55 134
55 145
55 154
55 168
55 177
55 182
55 185
55 200
55 202
55 206
55 209
55 215
55 218
55 221
55 232
55 234
55 254
55 257
55 259
55 269
55 272
56 56
56 57
56 64
56 81
56 87
56 88
56 98
56 100
56 132
56 134
56 145
56 152
56 154
56 168
56 177
56 182
56 202
56 206
56 209
56 215
56 218
56 221
56 232
56 234
56 252
56 254
56 259
56 272
57 56
57 57
57 64
57 81
57 87
57 88
57 98
57 100
57 132
57 134
57 145
57 152
57 154
57 168
57 177
57 182
57 202
57 206
57 209
57 215
57 218
57 221
57 232
57 234
57 252
57 254
57 259
57 272
58 56
58 62
58 64
58 81
58 87
58 88
58 98
58 100
58 117
58 120
58 132
58 134
58 145
58 152
58 154
58 168
58 177
58 181
58 202
58 206
58 209
58 218
58 221
58 232
58 234
58 252
58 254
58 259
58 272
59 56
59 62
59 64
59 81
59 87
59 88
59 96
59 98
59 100
59 117
59 120
59 132
59 134
59 145
59 152
59 154
59 168
59 177
59 181
59 202
59 206
59 209
59 218
59 221
59 232
59 234
59 252
59 254
59 259
59 272
60 56
60 62
60 64
60 81
60 87
60 88
60 96
60 98
60 100
60 120
60 132
60 134
60 145
60 152
60 154
60 168
60 177
60 178
60 181
60 202
60 206
60 209
60 218
60 221
60 232
60 234
60 252
60 254
60 259
60 272
61 56
61 64
61 81
61 87
61 88
61 96
61 98
61 100
61 120
61 132
61 134
61 145
61 152
61 154
61 168
61 177
61 178
61 180
61 181
61 202
61 206
61 209
61 218
61 221
61 232
61 234
61 252
61 254
61 259
61 272
62 56
62 64
62 81
62 87
62 88
62 90
62 96
62 98
62 100
62 120
62 121
62 132
62 134
62 145
62 152
62 154
62 168
62 177
62 178
62 180
62 181
62 202
62 206
62 218
62 221
62 232
62 234
62 243
62 252
62 254
62 259
62 272
63 64
63 76
63 88
63 90
63 96
63 120
63 121
63 132
63 134
63 145
63 152
63 154
63 178
63 180
63 181
63 191
63 202
63 206
63 218
63 221
63 232
63 243
63 252
63 254
63 259
63 272
64 90
64 120
64 121
64 132
64 134
64 145
64 152
64 154
64 178
64 180
64 181
64 191
64 202
64 206
64 218
64 221
64 229
64 232
64 243
64 252
64 254
64 259
64 272
65 120
65 121
65 132
65 145
65 152
65 154
65 178
65 180
65 181
65 191
65 202
65 206
65 218
65 221
65 229
65 232
65 243
65 252
65 254
65 259
65 272
65 281
66 99
66 120
66 121
66 132
66 145
66 152
66 154
66 178
66 180
66 181
66 191
66 202
66 206
66 218
66 221
66 223
66 229
66 232
66 243
66 252
66 254
66 259
66 272
66 281
67 119
67 121
67 125
67 132
67 145
67 152
67 154
67 178
67 180
67 181
67 191
67 202
67 206
67 218
67 221
67 223
67 229
67 232
67 243
67 252
67 254
67 259
67 272
68 119
68 121
68 123
68 125
68 132
68 152
68 154
68 166
68 178
68 180
68 181
68 191
68 202
68 206
68 218
68 221
68 223
68 229
68 232
68 243
68 252
68 259
68 272
69 119
69 121
69 123
69 125
69 132
69 152
69 154
69 166
69 178
69 180
69 181
69 191
69 202
69 206
69 218
69 221
69 223
69 229
69 232
69 243
69 252
69 259
69 272
70 119
70 121
70 123
70 125
70 132
70 154
70 166
70 178
70 180
70 181
70 191
70 202
70 206
70 218
70 221
70 223
70 229
70 232
70 243
70 252
70 259
70 272
71 79
71 85
71 95
71 101
71 113
71 119
71 121
71 125
71 127
71 132
71 138
71 146
71 151
71 154
71 175
71 178
71 180
71 181
71 202
71 206
71 221
71 229
71 232
71 243
71 252
71 259
72 79
72 85
72 95
72 101
72 113
72 119
72 121
72 125
72 127
72 132
72 138
72 146
72 151
72 154
72 169
72 175
72 178
72 180
72 181
72 202
72 206
72 221
72 229
72 232
72 243
72 252
72 259
73 78
73 79
73 82
73 85
73 95
73 101
73 113
73 119
73 121
73 125
73 132
73 146
73 151
73 154
73 169
73 175
73 180
73 181
73 202
73 221
73 229
73 232
73 243
73 251
73 252
73 259
74 79
74 82
74 85
74 95
74 97
74 101
74 113
74 119
74 121
74 125
74 146
74 151
74 154
74 169
74 175
74 180
74 181
74 188
74 202
74 221
74 229
74 232
74 243
74 251
74 259
75 79
75 82
75 85
75 95
75 97
75 101
75 113
75 119
75 121
75 125
75 146
75 151
75 154
75 169
75 175
75 180
75 181
75 188
75 202
75 221
75 229
75 232
75 243
75 251
75 259
76 79
76 85
76 95
76 97
76 101
76 113
76 119
76 121
76 125
76 140
76 146
76 151
76 153
76 154
76 169
76 172
76 175
76 180
76 188
76 202
76 221
76 229
76 232
76 233
76 251
76 259
77 79
77 85
77 95
77 97
77 101
77 113
77 119
77 121
77 125
77 140
77 151
77 153
77 169
77 172
77 175
77 180
77 188
77 202
77 221
77 229
77 233
77 251
77 255
77 259
78 79
78 95
78 97
78 103
78 119
78 121
78 125
78 140
78 151
78 153
78 162
78 169
78 172
78 175
78 180
78 202
78 229
78 233
78 251
78 255
79 79
79 93
79 95
79 97
79 103
79 114
79 119
79 121
79 140
79 151
79 153
79 162
79 169
79 172
79 175
79 180
79 202
79 229
79 233
79 251
79 255
80 93
80 95
80 97
80 114
80 119
80 121
80 140
80 151
80 153
80 162
80 169
80 172
80 175
80 229
80 233
80 251
80 255
81 93
81 114
81 119
81 140
81 151
81 153
81 162
81 169
81 172
81 175
81 229
81 233
81 251
81 255
82 93
82 114
82 119
82 140
82 151
82 153
82 162
82 169
82 172
82 175
82 229
82 233
82 251
82 255
83 93
83 114
83 119
83 151
83 162
83 169
83 175
83 229
83 233
83 251
83 255
84 93
84 114
84 151
84 162
84 169
84 175
84 229
84 233
84 251
84 255
85 93
85 114
85 151
85 162
85 165
85 169
85 175
85 183
85 229
85 233
85 251
85 255
86 93
86 114
86 143
86 151
86 162
86 165
86 169
86 175
86 183
86 229
86 233
86 251
86 255
87 93
87 114
87 143
87 147
87 151
87 155
87 169
87 183
87 190
87 229
87 233
87 251
87 255
88 93
88 114
88 143
88 147
88 151
88 169
88 183
88 190
88 229
88 233
88 251
88 255
89 93
89 114
89 143
89 147
89 151
89 169
89 183
89 190
89 229
89 233
89 251
89 255
89 274
90 93
90 114
90 147
90 151
90 169
90 176
90 183
90 190
90 229
90 233
90 251
90 255
90 261
90 274
91 93
91 114
91 147
91 151
91 169
91 176
91 183
91 190
91 233
91 251
91 255
91 261
91 274
92 93
92 114
92 116
92 147
92 151
92 176
92 190
92 194
92 227
92 228
92 233
92 238
92 251
92 255
92 261
92 262
92 284
93 93
93 114
93 116
93 147
93 151
93 176
93 190
93 194
93 227
93 228
93 233
93 238
93 251
93 255
93 261
93 262
93 284
94 114
94 116
94 147
94 151
94 176
94 190
94 194
94 227
94 228
94 233
94 238
94 251
94 255
94 261
94 262
94 284
95 114
95 116
95 147
95 151
95 176
95 190
95 194
95 203
95 227
95 228
95 233
95 238
95 251
95 255
95 262
95 284
96 114
96 116
96 147
96 151
96 176
96 190
96 194
96 203
96 227
96 228
96 233
96 238
96 251
96 255
96 262
96 284
97 114
97 115
97 116
97 133
97 147
97 151
97 176
97 190
97 194
97 203
97 227
97 228
97 233
97 251
97 255
97 262
97 284
98 114
98 115
98 116
98 133
98 147
98 150
98 151
98 176
98 190
98 194
98 203
98 204
98 211
98 224
98 227
98 228
98 233
98 251
98 255
98 262
99 114
99 115
99 133
99 147
99 150
99 151
99 176
99 190
99 194
99 203
99 204
99 211
99 224
99 227
99 228
99 233
99 251
99 255
99 262
99 265
100 114
100 115
100 133
100 147
100 150
100 151
100 161
100 176
100 190
100 194
100 203
100 204
100 211
100 224
100 227
100 228
100 231
100 233
100 251
100 255
100 262
100 265
101 114
101 115
101 133
101 141
101 147
101 150
101 151
101 161
101 173
101 190
101 194
101 203
101 204
101 207
101 211
101 212
101 224
101 227
101 228
101 231
101 233
101 251
101 255
101 262
101 265
102 114
102 115
102 133
102 141
102 147
102 150
102 151
102 161
102 173
102 190
102 194
102 195
102 203
102 204
102 207
102 211
102 212
102 216
102 224
102 227
102 228
102 231
102 233
102 251
102 255
102 262
102 265
103 114
103 115
103 133
103 141
103 148
103 150
103 151
103 161
103 173
103 190
103 194
103 195
103 203
103 204
103 207
103 211
103 212
103 216
103 224
103 227
103 228
103 231
103 233
103 251
103 255
103 262
103 265
104 114
104 115
104 133
104 141
104 148
104 150
104 151
104 161
104 173
104 190
104 194
104 195
104 203
104 204
104 207
104 211
104 212
104 216
104 224
104 227
104 228
104 231
104 233
104 251
104 255
104 262
104 265
105 114
105 115
105 133
105 148
105 150
105 151
105 161
105 173
105 190
105 194
105 195
105 204
105 207
105 211
105 212
105 216
105 224
105 227
105 228
105 231
105 233
105 251
105 255
105 262
105 265
106 114
106 115
106 133
106 148
106 150
106 151
106 160
106 173
106 190
106 194
106 195
106 204
106 207
106 211
106 212
106 216
106 224
106 227
106 228
106 231
106 233
106 251
106 255
106 262
106 265
107 114
107 115
107 128
107 133
107 148
107 150
107 173
107 194
107 195
107 204
107 207
107 212
107 216
107 219
107 224
107 227
107 228
107 231
107 251
107 255
107 262
107 265
108 114
108 115
108 128
108 133
108 148
108 150
108 173
108 194
108 195
108 204
108 207
108 212
108 216
108 219
108 224
108 227
108 228
108 231
108 251
108 255
108 262
108 265
109 114
109 115
109 128
109 133
109 148
109 150
109 173
109 194
109 195
109 204
109 207
109 212
109 216
109 219
109 224
109 227
109 228
109 231
109 251
109 255
109 262
110 114
110 115
110 128
110 133
110 148
110 150
110 173
110 194
110 195
110 204
110 207
110 212
110 219
110 224
110 227
110 228
110 231
110 251
110 255
110 262
111 114
111 115
111 128
111 133
111 148
111 150
111 173
111 194
111 195
111 204
111 207
111 212
111 219
111 224
111 227
111 228
111 231
111 251
111 255
111 262
112 114
112 115
112 128
112 133
112 148
112 150
112 173
112 194
112 195
112 204
112 207
112 212
112 219
112 224
112 227
112 228
112 231
112 251
112 255
112 262
113 114
113 115
113 128
113 133
113 148
113 150
113 194
113 195
113 204
113 207
113 212
113 219
113 224
113 227
113 228
113 231
113 251
113 262
113 278
114 114
114 115
114 133
114 195
114 207
114 212
114 219
114 224
114 227
114 228
114 231
114 251
114 262
114 270
114 278
115 114
115 115
115 133
115 195
115 207
115 212
115 219
115 224
115 227
115 228
115 231
115 251
115 262
115 270
115 278
116 115
116 133
116 195
116 207
116 212
116 219
116 224
116 227
116 228
116 231
116 247
116 251
116 262
116 270
116 278
117 115
117 133
117 207
117 212
117 219
117 224
117 227
117 228
117 231
117 247
117 251
117 262
117 270
117 278
118 133
118 159
118 207
118 212
118 219
118 224
118 227
118 228
118 231
118 247
118 251
118 262
118 270
118 278
119 133
119 159
119 207
119 212
119 224
119 227
119 228
119 231
119 247
119 251
119 262
119 270
119 278
120 133
120 159
120 207
120 212
120 224
120 227
120 228
120 231
120 247
120 251
120 262
120 270
120 278
121 133
121 159
121 207
121 212
121 224
121 227
121 228
121 231
121 247
121 262
121 270
122 124
122 133
122 159
122 184
122 207
122 212
122 224
122 227
122 228
122 231
122 247
122 262
122 270
123 124
123 133
123 159
123 184
123 193
123 207
123 212
123 224
123 227
123 228
123 231
123 240
123 247
123 262
123 270
124 124
124 133
124 159
124 171
124 184
124 193
124 207
124 212
124 224
124 227
124 228
124 231
124 239
124 240
124 247
124 262
124 270
125 124
125 133
125 159
125 171
125 184
125 193
125 207
125 212
125 224
125 227
125 228
125 231
125 239
125 240
125 247
125 262
125 270
126 124
126 133
126 159
126 171
126 184
126 193
126 207
126 212
126 224
126 227
126 228
126 231
126 239
126 240
126 247
126 262
126 270
127 124
127 159
127 171
127 184
127 193
127 207
127 212
127 224
127 227
127 228
127 231
127 239
127 240
127 247
127 262
127 270
128 124
128 159
128 171
128 184
128 193
128 207
128 212
128 224
128 227
128 228
128 231
128 239
128 240
128 247
128 262
128 270
129 124
129 159
129 171
129 184
129 193
129 207
129 212
129 224
129 227
129 228
129 231
129 239
129 240
129 247
129 262
129 270
130 159
130 170
130 171
130 184
130 193
130 207
130 212
130 227
130 228
130 231
130 239
130 240
130 247
130 262
130 270
131 159
131 170
131 171
131 184
131 193
131 207
131 212
131 227
131 228
131 231
131 239
131 240
131 247
131 262
131 270
132 144
132 149
132 159
132 170
132 171
132 184
132 193
132 207
132 212
132 227
132 228
132 231
132 239
132 240
132 247
132 262
132 270
133 144
133 149
133 159
133 170
133 171
133 184
133 193
133 207
133 212
133 227
133 228
133 239
133 240
133 247
133 262
133 270
134 144
134 149
134 159
134 167
134 170
134 184
134 193
134 207
134 212
134 217
134 228
134 239
134 240
134 246
134 247
134 249
134 262
134 270
135 144
135 149
135 159
135 167
135 170
135 184
135 193
135 207
135 212
135 217
135 228
135 236
135 239
135 240
135 246
135 247
135 249
135 262
135 270
136 149
136 159
136 167
136 170
136 184
136 193
136 207
136 212
136 217
136 225
136 228
136 236
136 239
136 240
136 246
136 249
136 262
136 270
137 149
137 159
137 167
137 170
137 184
137 193
137 207
137 212
137 217
137 225
137 228
137 236
137 239
137 240
137 246
137 249
137 262
137 270
138 149
138 159
138 167
138 170
138 184
138 193
138 207
138 212
138 217
138 225
138 228
138 236
138 239
138 240
138 246
138 249
138 262
138 270
139 149
139 157
139 159
139 167
139 170
139 184
139 193
139 207
139 212
139 217
139 225
139 228
139 236
139 239
139 240
139 246
139 249
139 262
139 270
140 149
140 157
140 159
140 167
140 170
140 184
140 193
140 207
140 212
140 217
140 225
140 228
140 239
140 240
140 246
140 249
140 262
141 149
141 157
141 159
141 167
141 170
141 184
141 193
141 207
141 212
141 217
141 225
141 228
141 239
141 240
141 246
141 249
141 262
142 149
142 157
142 159
142 167
142 170
142 184
142 193
142 207
142 217
142 225
142 228
142 239
142 240
142 246
142 249
142 262
143 149
143 157
143 159
143 167
143 170
143 184
143 186
143 193
143 207
143 217
143 225
143 228
143 239
143 240
143 246
143 249
143 262
144 149
144 159
144 167
144 170
144 184
144 186
144 193
144 207
144 217
144 225
144 228
144 239
144 240
144 246
144 249
144 262
145 149
145 159
145 167
145 170
145 184
145 186
145 193
145 207
145 217
145 225
145 228
145 239
145 240
145 246
145 249
145 262
146 149
146 159
146 163
146 167
146 170
146 184
146 186
146 193
146 205
146 207
146 217
146 225
146 228
146 239
146 240
146 246
146 249
146 262
147 149
147 159
147 163
147 167
147 170
147 184
147 186
147 193
147 205
147 217
147 225
147 228
147 239
147 240
147 246
147 249
147 262
148 149
148 159
148 163
148 167
148 170
148 184
148 186
148 193
148 205
148 217
148 225
148 228
148 239
148 240
148 246
148 249
148 262
149 149
149 159
149 163
149 167
149 170
149 184
149 186
149 193
149 205
149 217
149 225
149 228
149 239
149 240
149 246
149 249
149 262
150 149
150 159
150 163
150 167
150 170
150 184
150 186
150 193
150 205
150 225
150 228
150 239
150 240
150 246
150 249
150 262
151 149
151 159
151 163
151 167
151 170
151 184
151 186
151 193
151 205
151 225
151 228
151 239
151 240
151 246
151 249
151 262
152 149
152 159
152 163
152 167
152 170
152 184
152 186
152 193
152 205
152 225
152 228
152 239
152 240
152 246
152 249
152 262
153 149
153 159
153 163
153 167
153 170
153 184
153 186
153 193
153 205
153 225
153 228
153 239
153 240
153 246
153 249
153 262
154 149
154 159
154 163
154 167
154 170
154 184
154 186
154 193
154 205
154 225
154 228
154 239
154 240
154 246
154 249
154 262
155 149
155 159
155 163
155 167
155 170
155 174
155 184
155 186
155 193
155 205
155 208
155 228
155 239
155 240
155 246
155 249
155 262
155 279
156 159
156 163
156 167
156 170
156 174
156 186
156 193
156 205
156 208
156 228
156 239
156 240
156 246
156 249
156 260
156 262
156 279
157 159
157 163
157 167
157 170
157 174
157 193
157 208
157 228
157 239
157 240
157 246
157 249
157 260
157 262
158 159
158 163
158 167
158 170
158 174
158 193
158 208
158 228
158 239
158 240
158 246
158 249
158 260
158 262
159 159
159 163
159 167
159 170
159 174
159 193
159 208
159 228
159 239
159 240
159 246
159 249
159 260
159 262
160 159
160 163
160 167
160 170
160 174
160 193
160 208
160 228
160 239
160 240
160 249
160 260
160 262
161 159
161 163
161 167
161 170
161 174
161 193
161 208
161 228
161 239
161 240
161 249
161 260
161 262
162 159
162 163
162 167
162 170
162 174
162 193
162 208
162 228
162 239
162 240
162 249
162 260
162 262
163 159
163 167
163 170
163 174
163 193
163 208
163 228
163 239
163 240
163 249
163 260
163 262
164 159
164 167
164 170
164 174
164 208
164 228
164 239
164 240
164 249
164 260
164 262
165 159
165 167
165 170
165 174
165 208
165 228
165 239
165 240
165 249
165 260
165 262
166 159
166 167
166 170
166 174
166 208
166 228
166 239
166 240
166 249
166 260
166 262
167 159
167 167
167 170
167 174
167 208
167 228
167 239
167 240
167 249
167 260
167 262
168 159
168 167
168 170
168 174
168 208
168 228
168 239
168 240
168 249
168 260
168 262
169 159
169 167
169 170
169 174
169 208
169 239
169 240
169 249
169 260
169 262
170 167
170 170
170 174
170 196
170 197
170 208
170 213
170 239
170 240
170 260
170 262
171 167
171 170
171 196
171 197
171 208
171 213
171 239
171 240
171 260
171 262
172 167
172 170
172 196
172 197
172 199
172 208
172 239
172 240
172 260
172 262
173 167
173 170
173 196
173 197
173 199
173 208
173 239
173 240
173 260
173 262
174 167
174 170
174 196
174 197
174 199
174 208
174 239
174 240
174 258
174 260
174 262
175 167
175 170
175 192
175 196
175 197
175 199
175 201
175 208
175 239
175 240
175 241
175 258
175 260
175 262
176 167
176 170
176 192
176 196
176 197
176 199
176 201
176 208
176 239
176 240
176 241
176 258
176 260
176 262
177 167
177 170
177 192
177 196
177 199
177 201
177 208
177 226
177 239
177 240
177 241
177 256
177 258
177 260
177 262
177 282
178 167
178 170
178 192
178 196
178 199
178 201
178 208
178 226
178 239
178 240
178 241
178 256
178 258
178 260
178 262
178 282
179 167
179 170
179 192
179 196
179 199
179 201
179 208
179 239
179 240
179 241
179 256
179 258
179 260
179 262
179 267
179 282
180 167
180 170
180 192
180 196
180 199
180 201
180 208
180 239
180 240
180 241
180 248
180 256
180 258
180 260
180 262
180 267
180 282
181 167
181 192
181 196
181 199
181 201
181 208
181 239
181 240
181 241
181 248
181 256
181 258
181 260
181 262
181 267
181 282
182 167
182 192
182 196
182 199
182 201
182 208
182 239
182 240
182 241
182 248
182 256
182 258
182 260
182 262
182 267
182 282
183 167
183 192
183 199
183 201
183 208
183 239
183 240
183 241
183 248
183 256
183 258
183 260
183 262
183 267
183 276
183 282
184 192
184 199
184 201
184 208
184 230
184 239
184 240
184 241
184 248
184 256
184 258
184 260
184 262
184 267
184 276
184 282
185 192
185 199
185 201
185 208
185 230
185 239
185 240
185 241
185 248
185 256
185 258
185 260
185 262
185 267
185 276
185 282
186 192
186 199
186 201
186 208
186 230
186 239
186 240
186 241
186 248
186 256
186 260
186 262
186 267
186 276
186 282
187 192
187 199
187 201
187 208
187 230
187 239
187 240
187 241
187 248
187 256
187 260
187 262
187 267
187 276
187 282
188 192
188 199
188 201
188 220
188 230
188 239
188 240
188 241
188 248
188 256
188 260
188 262
188 267
188 276
188 282
189 192
189 199
189 201
189 220
189 230
189 240
189 241
189 248
189 256
189 260
189 263
189 267
189 276
189 282
189 283
190 192
190 199
190 201
190 220
190 240
190 241
190 248
190 256
190 260
190 263
190 267
190 276
190 282
190 283
191 192
191 198
191 199
191 201
191 220
191 240
191 241
191 248
191 256
191 260
191 263
191 267
191 276
191 283
192 192
192 198
192 199
192 201
192 222
192 240
192 241
192 260
192 263
192 267
192 275
192 276
192 280
192 283
193 192
193 198
193 199
193 201
193 222
193 240
193 241
193 260
193 263
193 267
193 275
193 276
193 280
193 283
194 192
194 199
194 201
194 222
194 240
194 241
194 260
194 263
194 267
194 276
194 280
194 283
195 192
195 201
195 222
195 240
195 260
195 263
195 267
195 268
195 276
195 280
195 283
196 192
196 201
196 222
196 240
196 245
196 260
196 263
196 267
196 268
196 276
196 280
196 283
197 201
197 222
197 240
197 245
197 250
197 260
197 263
197 267
197 268
197 276
197 280
197 283
198 201
198 222
198 245
198 260
198 263
198 267
198 268
198 276
198 283
199 201
199 222
199 245
199 260
199 263
199 267
199 268
199 276
199 283
200 201
200 222
200 245
200 263
200 267
200 268
200 277
200 283
201 201
201 222
201 244
201 245
201 267
201 268
201 277
201 283
202 201
202 222
202 237
202 244
202 245
202 267
202 268
202 277
203 222
203 237
203 244
203 245
203 267
203 268
203 277
204 222
204 244
204 245
204 267
204 268
204 277
205 222
205 244
205 245
205 267
205 268
205 277
206 222
206 245
206 268
206 277
207 222
207 245
207 268
207 277
208 222
208 245
208 268
208 277
209 222
209 245
209 268
209 277
210 222
210 245
210 268
210 277
211 222
211 245
211 268
211 277
212 222
212 245
212 268
212 277
213 222
213 245
213 268
213 277
214 222
214 245
214 268
214 277
215 222
215 245
215 268
215 277
216 222
216 242
216 245
216 268
216 277
217 222
217 242
217 245
217 268
217 277
218 222
218 242
218 245
218 268
218 277
219 222
219 242
219 245
219 268
219 277
220 222
220 242
220 245
220 268
220 277
221 222
221 242
221 245
221 268
221 277
222 222
222 242
222 245
222 268
222 277
223 222
223 242
223 245
223 268
223 277
224 222
224 242
224 245
224 268
224 277
225 222
225 242
225 245
225 268
225 277
226 222
226 242
226 245
226 268
226 277
227 222
227 242
227 245
227 268
227 277
228 222
228 242
228 245
228 268
228 277
229 222
229 242
229 245
229 268
229 277
230 222
230 242
230 245
230 268
230 277
231 222
231 242
231 245
231 268
231 277
232 222
232 242
232 245
232 268
232 277
233 222
233 242
233 245
233 268
233 277
234 222
234 242
234 245
234 268
234 277
235 222
235 242
235 245
235 268
235 277
236 222
236 242
236 245
236 268
236 277
237 242
237 245
237 268
237 277
238 242
238 277
239 242
239 277
240 242
240 266
240 277
241 242
241 266
241 277
242 242
242 266
242 277
243 242
243 266
243 277
244 242
244 266
244 277
245 242
245 277
246 242
246 277
247 242
247 277
248 242
248 277
249 242
249 277
250 242
250 271
250 277
251 242
251 271
251 277
252 242
252 277
253 242
253 277
254 242
254 277
255 242
255 277
256 242
256 277
257 242
257 277
258 242
258 277
259 242
259 277
260 242
260 277
261 242
261 277
262 242
262 277
263 242
263 277
264 277
