0 33
0 137
1 37
1 137
1 209
1 268
2 37
2 137
2 209
2 268
3 10
3 13
3 14
3 25
3 50
3 53
3 58
3 64
3 66
3 103
3 127
3 137
3 178
3 209
3 262
4 5
4 10
4 16
4 19
4 35
4 42
4 50
4 53
4 58
4 61
4 64
4 66
4 103
4 127
4 137
4 178
4 209
4 262
5 16
5 19
5 35
5 42
5 49
5 50
5 53
5 58
5 61
5 64
5 66
5 74
5 127
5 178
5 209
5 262
6 7
6 8
6 27
6 36
6 42
6 50
6 53
6 58
6 59
6 64
6 66
6 92
6 100
6 148
6 155
6 184
6 209
6 247
6 262
7 8
7 27
7 36
7 42
7 50
7 53
7 58
7 59
7 64
7 66
7 92
7 100
7 148
7 155
7 184
7 209
7 247
7 262
8 17
8 27
8 42
8 50
8 53
8 54
8 58
8 59
8 64
8 92
8 100
8 148
8 155
8 184
8 209
8 247
8 262
9 26
9 27
9 50
9 53
9 54
9 58
9 59
9 92
9 100
9 148
9 155
9 184
9 209
9 247
9 262
10 26
10 27
10 50
10 53
10 54
10 58
10 59
10 92
10 100
10 148
10 155
10 184
10 209
10 247
10 262
11 22
11 41
11 48
11 50
11 54
11 56
11 92
11 119
11 144
11 155
11 184
11 209
11 243
11 247
11 262
12 41
12 43
12 48
12 50
12 54
12 56
12 92
12 119
12 144
12 155
12 182
12 184
12 209
12 243
12 247
12 261
12 262
13 41
13 43
13 48
13 50
13 54
13 56
13 92
13 119
13 144
13 155
13 177
13 182
13 184
13 209
13 243
13 247
13 261
13 262
14 32
14 41
14 43
14 44
14 48
14 50
14 52
14 54
14 56
14 72
14 92
14 119
14 135
14 144
14 155
14 177
14 182
14 184
14 209
14 243
14 247
14 261
14 262
15 32
15 41
15 43
15 44
15 48
15 50
15 52
15 54
15 56
15 72
15 92
15 119
15 135
15 144
15 155
15 177
15 182
15 184
15 209
15 243
15 247
15 261
15 262
16 32
16 41
16 43
16 44
16 48
16 50
16 52
16 54
16 56
16 72
16 82
16 119
16 135
16 144
16 155
16 177
16 182
16 184
16 209
16 243
16 247
16 261
16 262
17 32
17 41
17 43
17 44
17 48
17 50
17 52
17 54
17 56
17 72
17 82
17 119
17 135
17 144
17 155
17 177
17 182
17 184
17 209
17 243
17 247
17 261
17 262
18 20
18 23
18 29
18 32
18 41
18 43
18 44
18 50
18 54
18 56
18 82
18 91
18 119
18 135
18 144
18 155
18 157
18 177
18 184
18 209
18 220
18 228
18 240
18 243
18 247
18 261
18 262
19 20
19 29
19 32
19 41
19 43
19 44
19 50
19 54
19 56
19 82
19 91
19 119
19 135
19 144
19 155
19 157
19 177
19 184
19 209
19 220
19 228
19 240
19 243
19 247
19 261
19 262
20 21
20 29
20 41
20 43
20 44
20 50
20 54
20 56
20 67
20 75
20 82
20 83
20 91
20 119
20 135
20 144
20 155
20 157
20 177
20 184
20 209
20 220
20 228
20 240
20 243
20 247
20 261
20 262
21 29
21 41
21 43
21 44
21 50
21 56
21 67
21 75
21 82
21 83
21 91
21 119
21 135
21 144
21 153
21 155
21 157
21 177
21 184
21 209
21 220
21 228
21 240
21 243
21 247
21 261
21 262
22 39
22 41
22 50
22 56
22 75
22 82
22 91
22 135
22 139
22 144
22 153
22 155
22 157
22 177
22 184
22 209
22 228
22 240
22 248
22 261
22 262
23 39
23 41
23 50
23 82
23 91
23 135
23 139
23 144
23 153
23 155
23 157
23 177
23 184
23 209
23 228
23 240
23 248
23 261
23 262
24 39
24 41
24 50
24 82
24 135
24 139
24 153
24 155
24 157
24 177
24 184
24 209
24 228
24 240
24 248
24 261
24 262
25 39
25 82
25 135
25 139
25 153
25 155
25 157
25 177
25 184
25 189
25 209
25 228
25 240
25 248
25 261
25 262
26 39
26 82
26 135
26 139
26 153
26 155
26 157
26 171
26 177
26 184
26 189
26 209
26 228
26 240
26 248
26 261
26 262
27 28
27 39
27 45
27 60
27 62
27 82
27 135
27 139
27 152
27 153
27 155
27 157
27 171
27 177
27 184
27 189
27 196
27 209
27 225
27 228
27 240
27 248
27 261
27 262
28 39
28 60
28 62
28 82
28 135
28 139
28 153
28 155
28 157
28 171
28 176
28 177
28 184
28 188
28 189
28 196
28 209
28 225
28 228
28 240
28 248
28 256
28 262
29 31
29 39
29 60
29 62
29 82
29 135
29 139
29 153
29 155
29 157
29 171
29 176
29 177
29 184
29 188
29 189
29 196
29 209
29 225
29 228
29 240
29 248
29 256
29 262
30 31
30 39
30 60
30 62
30 82
30 135
30 139
30 153
30 154
30 155
30 157
30 171
30 176
30 177
30 184
30 188
30 189
30 196
30 209
30 225
30 228
30 240
30 256
30 262
31 31
31 60
31 62
31 82
31 87
31 135
31 138
31 139
31 153
31 154
31 155
31 157
31 171
31 176
31 177
31 184
31 188
31 189
31 196
31 209
31 225
31 228
31 240
31 256
31 262
32 60
32 87
32 104
32 135
32 138
32 139
32 142
32 153
32 155
32 157
32 171
32 176
32 177
32 184
32 188
32 189
32 196
32 209
32 228
32 240
32 256
32 258
32 262
32 269
33 60
33 87
33 104
33 135
33 138
33 139
33 142
33 153
33 155
33 157
33 166
33 171
33 176
33 177
33 184
33 188
33 189
33 196
33 209
33 228
33 240
33 256
33 262
33 269
34 93
34 104
34 109
34 135
34 138
34 139
34 142
34 151
34 153
34 155
34 157
34 166
34 171
34 176
34 184
34 188
34 196
34 209
34 228
34 240
34 256
34 262
34 269
35 93
35 104
35 109
35 135
35 138
35 139
35 142
35 151
35 153
35 155
35 157
35 166
35 171
35 176
35 184
35 188
35 196
35 209
35 228
35 256
35 262
35 269
36 93
36 104
36 109
36 135
36 138
36 139
36 142
36 151
36 153
36 155
36 157
36 166
36 171
36 176
36 184
36 188
36 196
36 209
36 228
36 256
36 262
36 269
37 77
37 93
37 104
37 109
37 135
37 138
37 139
37 142
37 151
37 153
37 155
37 157
37 171
37 176
37 184
37 185
37 188
37 196
37 209
37 215
37 228
37 256
37 262
37 269
38 40
38 73
38 77
38 93
38 104
38 109
38 135
38 138
38 139
38 142
38 151
38 153
38 155
38 157
38 171
38 176
38 184
38 185
38 188
38 196
38 209
38 215
38 228
38 262
38 269
39 73
39 77
39 93
39 97
39 104
39 109
39 135
39 138
39 139
39 142
39 151
39 153
39 155
39 157
39 171
39 176
39 184
39 185
39 188
39 196
39 209
39 215
39 228
39 262
39 269
40 73
40 77
40 93
40 97
40 104
40 109
40 135
40 138
40 139
40 142
40 151
40 153
40 155
40 157
40 171
40 176
40 184
40 185
40 188
40 196
40 209
40 215
40 228
40 262
40 269
41 57
41 77
41 93
41 104
41 109
41 135
41 139
41 142
41 151
41 153
41 155
41 157
41 171
41 176
41 184
41 185
41 188
41 196
41 203
41 209
41 215
41 228
41 262
41 269
42 57
42 77
42 93
42 104
42 109
42 135
42 139
42 142
42 151
42 153
42 155
42 157
42 171
42 176
42 184
42 185
42 188
42 196
42 203
42 209
42 215
42 228
42 262
42 269
43 57
43 77
43 93
43 104
43 109
43 135
43 139
43 142
43 151
43 153
43 155
43 157
43 171
43 176
43 184
43 185
43 188
43 196
43 203
43 215
43 228
43 262
43 269
44 84
44 90
44 93
44 104
44 107
44 109
44 135
44 142
44 151
44 153
44 155
44 157
44 171
44 176
44 184
44 185
44 188
44 196
44 203
44 215
44 228
44 262
44 269
45 84
45 90
45 93
45 104
45 107
45 109
45 135
45 142
45 151
45 153
45 155
45 157
45 171
45 176
45 184
45 185
45 188
45 196
45 203
45 215
45 228
45 262
45 269
46 84
46 90
46 93
46 104
46 109
46 135
46 142
46 151
46 153
46 155
46 171
46 176
46 184
46 185
46 188
46 194
46 203
46 215
46 228
46 262
46 269
47 84
47 90
47 93
47 104
47 109
47 135
47 142
47 151
47 153
47 155
47 171
47 176
47 184
47 185
47 188
47 194
47 203
47 215
47 228
47 262
47 269
48 84
48 90
48 93
48 104
48 109
48 135
48 142
48 151
48 153
48 155
48 171
48 176
48 184
48 185
48 188
48 194
48 203
48 215
48 228
48 262
48 269
49 84
49 90
49 93
49 104
49 109
49 135
49 142
49 151
49 153
49 155
49 171
49 176
49 184
49 185
49 188
49 194
49 203
49 215
49 228
49 262
49 269
50 84
50 90
50 93
50 104
50 109
50 135
50 142
50 151
50 153
50 155
50 171
50 176
50 184
50 185
50 188
50 194
50 203
50 215
50 228
50 262
50 269
51 79
51 84
51 90
51 93
51 104
51 109
51 135
51 142
51 151
51 153
51 155
51 171
51 176
51 184
51 185
51 188
51 194
51 203
51 215
51 228
51 269
52 79
52 81
52 84
52 90
52 93
52 104
52 109
52 111
52 135
52 142
52 151
52 153
52 155
52 171
52 176
52 180
52 184
52 185
52 188
52 194
52 215
52 228
52 269
52 283
53 69
53 79
53 81
53 90
53 93
53 109
53 111
53 135
53 142
53 153
53 155
53 171
53 176
53 180
53 184
53 185
53 188
53 193
53 194
53 215
53 228
53 269
53 283
54 63
54 69
54 79
54 81
54 90
54 93
54 109
54 111
54 135
54 142
54 153
54 155
54 171
54 176
54 180
54 184
54 185
54 188
54 193
54 194
54 215
54 228
54 269
54 283
55 63
55 69
55 79
55 81
55 90
55 93
55 109
55 111
55 135
55 142
55 153
55 155
55 171
55 176
55 180
55 184
55 185
55 188
55 193
55 194
55 215
55 228
55 269
55 283
56 63
56 69
56 79
56 81
56 90
56 93
56 109
56 111
56 135
56 142
56 153
56 155
56 171
56 176
56 180
56 184
56 185
56 188
56 193
56 194
56 215
56 228
56 269
56 283
57 63
57 69
57 81
57 90
57 93
57 109
57 111
57 135
57 142
57 153
57 155
57 171
57 180
57 184
57 185
57 188
57 193
57 194
57 215
57 228
57 269
57 283
58 63
58 71
58 78
58 81
58 85
58 90
58 93
58 109
58 111
58 135
58 142
58 150
58 153
58 155
58 171
58 180
58 184
58 185
58 188
58 193
58 194
58 228
58 269
58 283
59 63
59 71
59 78
59 81
59 85
59 88
59 93
59 109
59 111
59 135
59 142
59 150
59 153
59 155
59 171
59 180
59 184
59 185
59 188
59 193
59 194
59 228
59 269
59 283
60 63
60 71
60 76
60 78
60 85
60 88
60 93
60 109
60 111
60 135
60 142
60 150
60 153
60 171
60 180
60 184
60 185
60 188
60 193
60 194
60 228
60 269
60 283
61 63
61 71
61 76
61 78
61 85
61 88
61 93
61 109
61 111
61 135
61 142
61 150
61 153
61 171
61 180
61 184
61 185
61 188
61 193
61 194
61 228
61 269
61 283
62 63
62 71
62 76
62 78
62 88
62 93
62 111
62 123
62 135
62 142
62 150
62 153
62 171
62 180
62 184
62 188
62 193
62 194
62 228
62 237
62 269
62 283
63 63
63 71
63 76
63 78
63 88
63 93
63 111
63 123
63 135
63 142
63 150
63 153
63 171
63 180
63 184
63 188
63 193
63 194
63 228
63 237
63 269
63 283
64 68
64 71
64 76
64 78
64 88
64 110
64 111
64 123
64 135
64 142
64 150
64 153
64 171
64 180
64 184
64 188
64 193
64 194
64 217
64 228
64 237
64 257
64 269
64 283
65 68
65 71
65 76
65 78
65 88
65 96
65 110
65 111
65 123
65 135
65 142
65 150
65 153
65 171
65 180
65 184
65 188
65 193
65 194
65 217
65 228
65 229
65 237
65 257
65 269
65 283
66 68
66 71
66 76
66 78
66 88
66 105
66 110
66 116
66 118
66 142
66 145
66 150
66 153
66 171
66 173
66 175
66 180
66 184
66 188
66 193
66 194
66 217
66 228
66 229
66 257
66 269
66 278
66 283
67 68
67 71
67 76
67 78
67 88
67 105
67 110
67 116
67 118
67 142
67 145
67 150
67 153
67 171
67 173
67 175
67 180
67 184
67 188
67 194
67 217
67 228
67 229
67 257
67 269
67 278
67 283
68 71
68 76
68 78
68 88
68 105
68 116
68 134
68 145
68 150
68 153
68 171
68 173
68 175
68 180
68 183
68 188
68 194
68 217
68 228
68 229
68 257
68 259
68 269
68 278
68 283
69 71
69 76
69 78
69 88
69 94
69 105
69 116
69 134
69 145
69 150
69 153
69 159
69 171
69 173
69 175
69 180
69 183
69 188
69 194
69 217
69 228
69 229
69 257
69 259
69 269
69 278
69 283
70 76
70 78
70 88
70 94
70 105
70 116
70 134
70 145
70 150
70 153
70 159
70 171
70 173
70 175
70 180
70 183
70 188
70 194
70 217
70 228
70 229
70 259
70 269
70 278
70 283
71 78
71 88
71 94
71 116
71 134
71 145
71 150
71 153
71 159
71 171
71 173
71 175
71 180
71 183
71 188
71 194
71 217
71 228
71 229
71 259
71 269
71 270
71 278
71 283
72 78
72 88
72 94
72 116
72 134
72 145
72 150
72 153
72 159
72 163
72 171
72 173
72 175
72 180
72 183
72 188
72 194
72 217
72 228
72 229
72 259
72 269
72 270
72 278
72 283
73 78
73 94
73 116
73 150
73 153
73 159
73 163
73 168
73 171
73 173
73 175
73 180
73 183
73 188
73 194
73 217
73 228
73 269
73 270
73 278
73 283
74 78
74 116
74 150
74 153
74 159
74 163
74 168
74 171
74 173
74 175
74 180
74 183
74 188
74 194
74 217
74 228
74 269
74 270
74 278
74 283
75 78
75 86
75 150
75 153
75 159
75 163
75 168
75 171
75 173
75 175
75 180
75 183
75 188
75 194
75 213
75 217
75 228
75 239
75 269
75 270
75 278
75 283
76 78
76 86
76 95
76 121
76 153
76 163
76 171
76 173
76 175
76 180
76 188
76 194
76 213
76 217
76 228
76 239
76 252
76 254
76 269
76 270
76 278
76 283
77 78
77 86
77 95
77 121
77 153
77 163
77 171
77 173
77 175
77 180
77 188
77 194
77 213
77 217
77 228
77 239
77 252
77 254
77 270
77 278
77 283
78 78
78 86
78 89
78 95
78 98
78 121
78 153
78 163
78 171
78 173
78 175
78 180
78 188
78 194
78 213
78 217
78 228
78 239
78 252
78 254
78 270
78 278
78 283
79 78
79 86
79 89
79 95
79 98
79 121
79 153
79 163
79 171
79 173
79 175
79 180
79 188
79 194
79 213
79 217
79 228
79 239
79 252
79 254
79 270
79 278
79 283
80 78
80 86
80 89
80 95
80 98
80 121
80 153
80 163
80 171
80 173
80 175
80 180
80 188
80 194
80 213
80 217
80 228
80 239
80 246
80 252
80 254
80 270
80 278
80 283
81 78
81 86
81 89
81 95
81 98
81 121
81 153
81 163
81 171
81 173
81 175
81 180
81 188
81 194
81 213
81 217
81 228
81 239
81 246
81 252
81 254
81 270
81 278
81 283
82 78
82 86
82 89
82 95
82 98
82 121
82 153
82 163
82 171
82 173
82 175
82 180
82 188
82 194
82 213
82 217
82 228
82 239
82 246
82 252
82 254
82 270
82 278
82 283
83 89
83 98
83 121
83 124
83 153
83 163
83 167
83 171
83 173
83 175
83 180
83 188
83 194
83 213
83 217
83 222
83 239
83 246
83 252
83 254
83 270
83 278
83 283
84 89
84 112
84 121
84 153
84 163
84 167
84 171
84 180
84 188
84 194
84 195
84 199
84 213
84 217
84 222
84 223
84 246
84 252
84 254
84 270
84 283
85 89
85 112
85 121
85 153
85 163
85 167
85 171
85 180
85 188
85 194
85 195
85 199
85 212
85 213
85 217
85 222
85 223
85 246
85 252
85 254
85 270
85 283
86 112
86 121
86 149
86 153
86 163
86 167
86 171
86 174
86 180
86 188
86 194
86 195
86 199
86 212
86 213
86 217
86 223
86 246
86 252
86 254
86 270
87 112
87 149
87 153
87 163
87 167
87 174
87 180
87 188
87 195
87 199
87 212
87 213
87 217
87 223
87 246
87 252
87 254
87 270
88 112
88 130
88 149
88 163
88 167
88 180
88 188
88 195
88 199
88 212
88 213
88 217
88 223
88 246
88 252
88 254
88 270
89 112
89 130
89 149
89 163
89 167
89 180
89 188
89 195
89 199
89 212
89 213
89 217
89 223
89 246
89 252
89 254
89 270
90 112
90 130
90 149
90 163
90 167
90 180
90 188
90 195
90 199
90 212
90 213
90 217
90 223
90 246
90 252
90 254
90 270
91 102
91 130
91 133
91 149
91 163
91 167
91 188
91 199
91 205
91 212
91 213
91 217
91 223
91 246
91 252
91 254
91 270
92 102
92 130
92 133
92 149
92 163
92 167
92 188
92 199
92 205
92 212
92 213
92 217
92 223
92 246
92 252
92 254
92 270
93 102
93 130
93 133
93 149
93 163
93 167
93 188
93 199
93 205
93 212
93 213
93 217
93 246
93 252
93 254
93 270
94 102
94 130
94 133
94 149
94 163
94 167
94 188
94 199
94 205
94 212
94 213
94 217
94 246
94 252
94 254
94 270
95 102
95 114
95 130
95 133
95 149
95 163
95 167
95 188
95 198
95 199
95 205
95 212
95 213
95 217
95 246
95 252
95 254
95 270
96 114
96 120
96 130
96 133
96 163
96 167
96 188
96 198
96 199
96 201
96 205
96 212
96 213
96 217
96 246
96 252
96 254
96 270
97 114
97 120
97 130
97 133
97 163
97 167
97 188
97 198
97 199
97 205
97 212
97 213
97 217
97 246
97 252
97 254
97 270
98 99
98 114
98 120
98 130
98 133
98 163
98 167
98 188
98 198
98 199
98 205
98 212
98 213
98 217
98 246
98 252
98 254
98 270
99 99
99 106
99 130
99 133
99 163
99 167
99 188
99 198
99 205
99 212
99 213
99 217
99 246
99 252
99 270
100 99
100 106
100 125
100 130
100 133
100 167
100 188
100 198
100 205
100 212
100 213
100 217
100 242
100 246
100 252
100 270
101 99
101 106
101 125
101 130
101 133
101 167
101 188
101 198
101 205
101 212
101 213
101 217
101 242
101 246
101 252
101 270
102 99
102 106
102 125
102 130
102 133
102 167
102 188
102 198
102 205
102 212
102 213
102 217
102 242
102 246
102 270
103 106
103 125
103 130
103 133
103 167
103 188
103 198
103 205
103 212
103 213
103 217
103 242
103 246
103 270
104 106
104 125
104 130
104 133
104 167
104 188
104 198
104 205
104 212
104 213
104 217
104 242
104 246
104 270
105 106
105 125
105 130
105 133
105 167
105 188
105 198
105 205
105 212
105 213
105 217
105 242
105 246
105 270
106 106
106 125
106 130
106 133
106 167
106 188
106 205
106 212
106 213
106 217
106 242
106 246
106 253
106 270
107 106
107 125
107 130
107 133
107 161
107 167
107 188
107 205
107 212
107 213
107 217
107 242
107 246
107 253
107 270
108 106
108 125
108 133
108 161
108 167
108 188
108 205
108 212
108 213
108 217
108 242
108 246
108 253
108 260
108 270
109 125
109 133
109 161
109 188
109 212
109 213
109 217
109 242
109 246
109 253
109 260
109 270
110 125
110 133
110 161
110 188
110 212
110 213
110 217
110 242
110 246
110 253
110 260
110 270
110 272
111 122
111 125
111 133
111 146
111 161
111 169
111 172
111 188
111 212
111 213
111 217
111 242
111 253
111 260
111 267
111 270
111 272
112 122
112 125
112 131
112 132
112 133
112 141
112 146
112 161
112 169
112 172
112 188
112 212
112 213
112 253
112 260
112 267
112 270
112 272
112 275
113 122
113 125
113 131
113 132
113 133
113 141
113 146
113 161
113 169
113 172
113 188
113 212
113 213
113 253
113 260
113 267
113 270
113 272
113 275
114 122
114 125
114 131
114 132
114 133
114 141
114 146
114 161
114 169
114 172
114 188
114 212
114 213
114 253
114 260
114 267
114 270
114 272
114 275
115 122
115 125
115 128
115 131
115 132
115 133
115 141
115 146
115 156
115 161
115 162
115 169
115 172
115 188
115 212
115 213
115 253
115 260
115 267
115 270
115 272
115 275
116 122
116 125
116 128
116 131
116 132
116 133
116 141
116 146
116 156
116 161
116 162
116 169
116 172
116 188
116 207
116 212
116 213
116 253
116 260
116 267
116 270
116 272
116 275
117 122
117 125
117 128
117 131
117 132
117 133
117 141
117 146
117 156
117 161
117 162
117 169
117 172
117 188
117 207
117 212
117 213
117 253
117 260
117 267
117 270
117 272
117 274
117 275
118 122
118 125
118 131
118 132
118 133
118 146
118 156
118 161
118 162
118 169
118 188
118 207
118 212
118 213
118 253
118 260
118 267
118 270
118 272
118 274
118 275
119 122
119 125
119 131
119 132
119 133
119 146
119 156
119 160
119 161
119 162
119 165
119 169
119 188
119 207
119 212
119 213
119 253
119 260
119 267
119 270
119 272
119 274
119 275
120 122
120 125
120 131
120 132
120 133
120 146
120 156
120 160
120 161
120 162
120 165
120 169
120 188
120 207
120 212
120 213
120 253
120 260
120 267
120 270
120 272
120 274
120 275
121 125
121 131
121 132
121 133
121 146
121 156
121 160
121 161
121 162
121 165
121 169
121 188
121 207
121 212
121 213
121 253
121 260
121 267
121 270
121 272
121 274
121 275
121 276
122 125
122 131
122 132
122 133
122 146
122 156
122 160
122 161
122 162
122 165
122 169
122 188
122 207
122 212
122 213
122 253
122 260
122 267
122 270
122 272
122 275
122 276
123 125
123 132
123 133
123 146
123 156
123 160
123 161
123 162
123 165
123 169
123 188
123 207
123 212
123 213
123 253
123 260
123 267
123 270
123 275
123 276
124 125
124 132
124 146
124 156
124 160
124 162
124 165
124 169
124 181
124 188
124 207
124 212
124 213
124 253
124 260
124 267
124 275
124 276
125 132
125 156
125 160
125 162
125 165
125 169
125 181
125 207
125 212
125 213
125 253
125 260
125 267
125 275
125 276
126 129
126 132
126 156
126 160
126 162
126 165
126 169
126 181
126 207
126 212
126 213
126 253
126 260
126 267
126 275
126 276
127 129
127 156
127 160
127 165
127 169
127 207
127 212
127 213
127 216
127 233
127 244
127 253
127 267
127 273
127 275
127 276
128 129
128 156
128 160
128 165
128 169
128 207
128 212
128 213
128 216
128 233
128 244
128 267
128 273
128 275
128 276
129 129
129 156
129 160
129 165
129 169
129 191
129 207
129 212
129 213
129 216
129 219
129 233
129 244
129 267
129 271
129 276
130 129
130 160
130 165
130 169
130 187
130 191
130 207
130 212
130 213
130 219
130 233
130 244
130 271
130 276
131 129
131 160
131 165
131 169
131 170
131 187
131 191
131 207
131 212
131 213
131 219
131 233
131 244
131 271
131 276
132 129
132 160
132 165
132 169
132 170
132 187
132 191
132 207
132 212
132 213
132 219
132 233
132 244
132 271
132 276
133 169
133 170
133 187
133 191
133 200
133 212
133 233
133 271
133 276
133 279
134 169
134 170
134 187
134 191
134 200
134 212
134 233
134 271
134 276
134 279
135 169
135 170
135 187
135 191
135 200
135 212
135 233
135 271
135 276
135 279
136 169
136 170
136 187
136 191
136 212
136 227
136 233
136 271
136 276
136 279
137 169
137 170
137 187
137 191
137 212
137 227
137 233
137 271
137 276
137 279
138 169
138 170
138 187
138 191
138 212
138 227
138 233
138 276
138 279
139 170
139 187
139 191
139 212
139 227
139 233
139 276
139 279
140 170
140 187
140 191
140 212
140 227
140 233
140 276
140 279
141 170
141 187
141 191
141 212
141 227
141 233
141 276
141 279
142 170
142 187
142 191
142 212
142 227
142 233
142 279
143 170
143 187
143 191
143 212
143 227
143 233
143 279
144 158
144 170
144 187
144 191
144 212
144 227
144 233
144 279
145 158
145 170
145 187
145 191
145 212
145 227
145 233
145 279
146 158
146 170
146 187
146 191
146 212
146 227
146 233
146 279
147 170
147 187
147 191
147 212
147 227
147 233
147 279
148 170
148 179
148 187
148 191
148 212
148 227
148 233
148 279
148 280
149 170
149 179
149 187
149 191
149 212
149 227
149 233
149 279
149 280
150 170
150 179
150 187
150 191
150 206
150 212
150 227
150 233
150 279
151 164
151 170
151 179
151 187
151 191
151 206
151 212
151 227
151 233
151 279
152 164
152 170
152 179
152 187
152 191
152 206
152 212
152 227
152 233
152 279
153 164
153 179
153 187
153 191
153 206
153 212
153 227
153 233
153 279
154 164
154 179
154 187
154 206
154 212
154 218
154 227
154 233
154 279
155 164
155 179
155 187
155 197
155 206
155 218
155 233
155 279
156 164
156 179
156 187
156 192
156 197
156 206
156 218
156 233
156 279
157 164
157 179
157 187
157 192
157 197
157 206
157 218
157 233
157 279
158 164
158 179
158 187
158 192
158 197
158 206
158 218
158 233
158 279
159 164
159 179
159 187
159 192
159 197
159 206
159 232
159 233
159 251
160 164
160 179
160 187
160 192
160 197
160 206
160 232
160 233
160 251
161 164
161 179
161 187
161 192
161 197
161 206
161 232
161 233
161 251
162 164
162 179
162 187
162 192
162 197
162 206
162 233
162 235
162 251
163 164
163 179
163 187
163 192
163 197
163 206
163 224
163 233
163 235
163 251
164 179
164 187
164 192
164 197
164 204
164 206
164 224
164 233
164 251
165 179
165 187
165 192
165 197
165 204
165 224
165 233
166 179
166 187
166 192
166 197
166 204
166 208
166 224
166 233
167 179
167 192
167 197
167 204
167 208
167 224
167 233
167 284
168 179
168 192
168 197
168 204
168 224
168 233
168 284
169 179
169 192
169 204
169 211
169 214
169 224
169 233
169 236
169 284
170 179
170 192
170 204
170 211
170 214
170 224
170 233
170 236
170 284
171 179
171 192
171 204
171 211
171 224
171 233
171 236
171 284
172 179
172 192
172 204
172 211
172 224
172 233
172 236
172 284
173 179
173 192
173 204
173 211
173 224
173 233
173 236
173 284
174 179
174 192
174 204
174 211
174 224
174 233
174 236
174 284
175 179
175 192
175 204
175 211
175 224
175 233
175 236
175 284
176 179
176 186
176 192
176 204
176 211
176 224
176 233
176 236
176 284
177 179
177 186
177 192
177 202
177 211
177 224
177 233
177 236
177 284
178 179
178 186
178 192
178 211
178 224
178 233
178 236
178 284
179 179
179 192
179 211
179 233
179 236
179 263
179 284
180 179
180 192
180 211
180 233
180 236
180 263
180 284
181 179
181 192
181 211
181 233
181 236
181 263
181 284
182 179
182 192
182 211
182 233
182 236
182 263
182 284
183 179
183 192
183 211
183 233
183 236
183 263
183 284
184 179
184 192
184 211
184 233
184 236
184 263
184 284
185 179
185 192
185 211
185 233
185 236
185 238
185 263
185 284
186 179
186 192
186 211
186 233
186 236
186 238
186 263
186 284
187 179
187 192
187 211
187 233
187 236
187 238
187 263
187 284
188 179
188 211
188 233
188 236
188 238
188 263
188 284
189 179
189 210
189 211
189 233
189 236
189 238
189 263
190 179
190 210
190 211
190 233
190 236
190 238
190 263
191 179
191 210
191 211
191 221
191 236
191 238
191 263
192 179
192 210
192 211
192 221
192 236
192 238
192 263
193 179
193 210
193 211
193 221
193 236
193 238
194 179
194 210
194 211
194 221
194 236
194 238
195 179
195 210
195 211
195 221
195 236
195 238
196 210
196 211
196 221
196 236
196 238
197 210
197 211
197 221
197 236
197 238
198 210
198 211
198 221
198 236
198 238
199 210
199 211
199 221
199 236
199 238
200 210
200 211
200 221
200 236
200 238
201 210
201 211
201 221
201 236
201 238
202 210
202 221
202 236
202 238
202 277
203 210
203 221
203 236
203 238
203 277
204 210
204 221
204 236
204 238
204 277
205 210
205 221
205 238
205 277
206 210
206 221
206 238
206 277
207 210
207 221
207 238
207 277
208 210
208 221
208 238
208 266
208 277
208 282
209 210
209 221
209 238
209 266
209 277
209 282
210 210
210 221
210 238
210 266
210 277
210 282
211 210
211 221
211 238
211 266
211 277
211 282
212 210
212 221
212 230
212 266
212 277
213 210
213 221
213 230
213 266
213 277
214 210
214 221
214 230
214 266
214 277
215 210
215 221
215 230
215 266
215 277
216 210
216 226
216 230
216 266
216 277
217 210
217 226
217 230
217 266
217 277
218 230
218 266
218 277
219 230
219 266
219 277
220 230
220 266
220 277
221 230
221 250
221 255
221 266
221 277
221 281
222 230
222 250
222 255
222 277
222 281
223 230
223 250
223 255
223 277
223 281
224 230
224 250
224 255
224 277
224 281
225 230
225 250
225 255
225 277
225 281
226 230
226 234
226 249
226 250
226 255
226 277
226 281
227 230
227 234
227 249
227 250
227 255
227 277
227 281
228 230
228 234
228 249
228 250
228 255
228 277
228 281
229 230
229 234
229 249
229 250
229 255
229 277
229 281
230 230
230 234
230 249
230 250
230 255
230 277
230 281
231 230
231 249
231 250
231 255
231 277
231 281
232 230
232 249
232 250
232 255
232 277
232 281
233 230
233 249
233 255
233 277
233 281
234 230
234 249
234 255
234 281
235 230
235 249
235 255
235 281
236 230
236 255
236 281
237 230
237 255
237 281
238 230
238 255
238 281
239 230
239 255
239 281
240 230
240 255
240 281
241 230
241 255
241 281
242 230
242 255
242 281
243 230
243 255
243 265
244 230
244 255
244 265
245 230
245 255
245 265
246 230
246 255
246 265
247 230
247 255
247 265
248 230
248 255
248 265
249 255
249 264
250 255
250 264
251 255
251 264
252 255
252 264
253 255
253 264
254 255
254 264
255 255
255 264
256 255
256 264
257 255
257 264
258 264
259 264
260 264
