0 6
0 10
0 67
0 98
0 116
0 123
1 6
1 10
1 67
1 98
1 116
1 123
1 180
2 6
2 10
2 67
2 98
2 116
2 123
2 180
3 98
3 116
3 123
3 180
3 275
4 98
4 116
4 123
4 180
4 275
5 13
5 23
5 26
5 98
5 103
5 116
5 123
5 180
5 275
6 23
6 36
6 98
6 103
6 116
6 123
6 275
7 8
7 23
7 36
7 98
7 103
7 116
7 123
7 185
8 23
8 36
8 98
8 103
8 116
8 123
8 185
9 23
9 36
9 103
9 116
9 185
9 213
10 14
10 16
10 24
10 34
10 36
10 116
10 117
10 185
10 213
11 14
11 16
11 24
11 34
11 36
11 116
11 117
11 185
11 213
12 16
12 24
12 34
12 36
12 116
12 117
12 185
12 213
13 20
13 21
13 24
13 34
13 43
13 50
13 97
13 185
13 213
13 227
14 17
14 20
14 21
14 24
14 34
14 43
14 50
14 97
14 185
14 213
14 227
15 20
15 21
15 34
15 43
15 48
15 50
15 97
15 185
15 213
15 227
16 38
16 39
16 43
16 104
16 114
16 132
16 185
16 194
16 222
16 227
16 229
17 38
17 39
17 43
17 65
17 99
17 104
17 114
17 185
17 190
17 194
17 212
17 222
17 227
17 229
18 38
18 64
18 65
18 86
18 104
18 122
18 133
18 190
18 194
18 196
18 212
18 215
18 222
18 227
18 229
18 256
19 38
19 64
19 65
19 73
19 86
19 104
19 122
19 133
19 190
19 194
19 196
19 212
19 215
19 222
19 227
19 229
19 256
19 263
20 38
20 60
20 64
20 65
20 73
20 86
20 104
20 122
20 133
20 190
20 194
20 196
20 212
20 215
20 222
20 227
20 229
20 256
20 263
21 28
21 37
21 38
21 45
21 60
21 64
21 65
21 66
21 73
21 86
21 95
21 104
21 112
21 122
21 133
21 190
21 194
21 212
21 215
21 222
21 227
21 229
21 246
21 256
21 263
21 276
22 28
22 37
22 38
22 45
22 60
22 64
22 65
22 66
22 73
22 86
22 95
22 104
22 112
22 122
22 133
22 190
22 194
22 212
22 215
22 222
22 227
22 229
22 246
22 256
22 263
22 276
23 29
23 40
23 45
23 60
23 64
23 66
23 78
23 86
23 95
23 107
23 112
23 122
23 133
23 156
23 190
23 215
23 222
23 227
23 229
23 246
23 256
23 263
23 276
24 29
24 40
24 45
24 60
24 64
24 66
24 78
24 86
24 95
24 107
24 112
24 122
24 133
24 156
24 190
24 215
24 222
24 227
24 229
24 246
24 256
24 263
24 276
25 40
25 45
25 60
25 64
25 66
25 78
25 86
25 95
25 107
25 112
25 122
25 133
25 156
25 190
25 215
25 227
25 229
25 246
25 256
25 263
25 276
26 40
26 64
26 66
26 78
26 86
26 95
26 107
26 112
26 122
26 133
26 156
26 157
26 177
26 190
26 215
26 227
26 246
26 256
26 263
26 276
27 40
27 64
27 66
27 78
27 86
27 95
27 107
27 112
27 122
27 133
27 156
27 157
27 177
27 190
27 215
27 227
27 246
27 263
27 276
28 40
28 64
28 66
28 78
28 86
28 95
28 107
28 112
28 122
28 133
28 156
28 157
28 177
28 190
28 215
28 227
28 246
28 263
28 276
29 30
29 32
29 64
29 66
29 86
29 95
29 112
29 122
29 133
29 157
29 177
29 215
29 227
29 247
29 260
29 263
29 276
30 41
30 55
30 66
30 80
30 86
30 95
30 115
30 122
30 133
30 155
30 177
30 209
30 215
30 227
30 247
30 260
30 263
30 276
31 41
31 55
31 57
31 79
31 80
31 86
31 95
31 115
31 122
31 133
31 155
31 177
31 209
31 215
31 227
31 247
31 260
31 263
31 276
32 42
32 53
32 57
32 70
32 86
32 110
32 153
32 154
32 161
32 204
32 209
32 259
32 260
32 271
32 276
33 47
33 63
33 69
33 70
33 89
33 94
33 126
33 154
33 161
33 209
33 241
33 259
33 260
33 271
33 276
34 47
34 63
34 69
34 70
34 89
34 94
34 126
34 161
34 209
34 241
34 259
34 260
34 271
34 276
35 47
35 63
35 69
35 70
35 75
35 94
35 126
35 161
35 209
35 241
35 259
35 260
35 271
35 276
36 52
36 59
36 63
36 68
36 74
36 94
36 102
36 105
36 126
36 140
36 161
36 171
36 209
36 241
36 259
36 271
36 276
37 59
37 63
37 68
37 74
37 94
37 96
37 102
37 126
37 140
37 161
37 171
37 209
37 241
37 259
37 271
38 59
38 63
38 68
38 74
38 94
38 102
38 126
38 140
38 161
38 171
38 195
38 209
38 241
38 259
38 271
39 59
39 63
39 68
39 74
39 94
39 102
39 126
39 140
39 161
39 171
39 195
39 209
39 211
39 241
39 259
39 271
40 59
40 63
40 68
40 74
40 94
40 126
40 140
40 161
40 171
40 195
40 209
40 211
40 236
40 241
40 259
40 271
41 59
41 63
41 68
41 74
41 94
41 126
41 140
41 161
41 171
41 195
41 209
41 211
41 236
41 241
41 259
41 271
42 59
42 63
42 68
42 74
42 94
42 140
42 161
42 171
42 195
42 209
42 236
42 241
42 259
42 271
43 59
43 68
43 74
43 94
43 140
43 161
43 195
43 209
43 236
43 241
43 259
43 271
44 59
44 68
44 74
44 94
44 140
44 161
44 195
44 209
44 236
44 241
44 259
44 271
45 59
45 68
45 74
45 140
45 161
45 195
45 236
45 241
45 259
45 271
46 59
46 68
46 74
46 140
46 149
46 161
46 195
46 236
46 259
46 271
47 59
47 68
47 140
47 149
47 161
47 195
47 236
47 259
47 271
48 59
48 62
48 76
48 85
48 108
48 119
48 128
48 140
48 161
48 172
48 195
48 233
48 236
48 259
48 271
49 59
49 62
49 76
49 85
49 91
49 108
49 119
49 128
49 140
49 161
49 172
49 195
49 233
49 236
49 259
49 271
50 59
50 62
50 76
50 81
50 85
50 91
50 108
50 119
50 128
50 140
50 161
50 172
50 195
50 233
50 236
50 259
50 271
51 62
51 81
51 85
51 87
51 91
51 108
51 119
51 128
51 131
51 140
51 160
51 161
51 172
51 195
51 233
51 259
51 271
52 62
52 81
52 85
52 88
52 91
52 108
52 119
52 128
52 131
52 140
52 160
52 161
52 172
52 195
52 233
52 259
52 271
53 62
53 81
53 85
53 88
53 91
53 108
53 119
53 128
53 131
53 140
53 160
53 161
53 172
53 195
53 233
53 259
54 62
54 81
54 85
54 88
54 91
54 108
54 119
54 128
54 131
54 140
54 160
54 161
54 172
54 195
54 233
54 259
55 62
55 81
55 88
55 91
55 108
55 119
55 128
55 131
55 139
55 140
55 160
55 161
55 172
55 195
55 233
55 259
56 62
56 88
56 91
56 108
56 119
56 128
56 131
56 139
56 140
56 146
56 160
56 161
56 172
56 233
56 243
56 259
57 62
57 88
57 91
57 108
57 119
57 128
57 131
57 139
57 140
57 146
57 160
57 161
57 172
57 233
57 243
57 259
58 62
58 83
58 88
58 91
58 108
58 128
58 131
58 139
58 140
58 146
58 160
58 161
58 172
58 233
58 243
58 259
59 62
59 72
59 83
59 88
59 91
59 108
59 131
59 139
59 140
59 146
59 160
59 161
59 172
59 233
59 243
59 259
59 272
60 83
60 88
60 91
60 108
60 131
60 139
60 140
60 146
60 160
60 161
60 172
60 233
60 243
60 259
61 83
61 88
61 91
61 108
61 131
61 139
61 140
61 146
61 160
61 161
61 172
61 233
61 243
61 259
62 83
62 88
62 91
62 108
62 131
62 139
62 140
62 146
62 160
62 161
62 172
62 233
62 243
62 259
63 83
63 88
63 91
63 108
63 131
63 139
63 140
63 146
63 160
63 161
63 172
63 233
63 243
63 259
64 83
64 88
64 91
64 108
64 131
64 139
64 140
64 146
64 160
64 161
64 170
64 172
64 233
64 243
64 259
65 83
65 88
65 91
65 108
65 137
65 139
65 146
65 147
65 160
65 161
65 170
65 172
65 233
65 243
65 259
66 83
66 88
66 91
66 108
66 137
66 139
66 146
66 147
66 160
66 161
66 170
66 172
66 233
66 243
66 259
67 83
67 88
67 91
67 108
67 137
67 139
67 146
67 147
67 160
67 161
67 170
67 172
67 233
67 243
67 259
68 83
68 91
68 108
68 137
68 139
68 146
68 147
68 160
68 161
68 170
68 172
68 233
68 243
68 259
69 91
69 108
69 137
69 139
69 146
69 147
69 160
69 161
69 170
69 172
69 233
69 243
69 259
70 91
70 108
70 111
70 137
70 139
70 147
70 160
70 161
70 170
70 172
70 233
70 243
71 100
71 108
71 137
71 139
71 160
71 161
71 170
71 172
71 174
71 217
71 233
71 243
72 100
72 108
72 127
72 137
72 139
72 160
72 161
72 170
72 172
72 174
72 217
72 233
72 243
73 100
73 108
73 127
73 137
73 139
73 160
73 161
73 170
73 172
73 174
73 217
73 233
73 243
74 100
74 108
74 127
74 137
74 139
74 160
74 161
74 170
74 172
74 174
74 217
74 233
74 243
75 108
75 109
75 137
75 139
75 148
75 160
75 161
75 172
75 174
75 191
75 223
75 224
75 233
75 243
75 253
76 82
76 92
76 108
76 109
76 137
76 139
76 160
76 161
76 164
76 174
76 191
76 223
76 224
76 233
76 253
76 258
77 82
77 108
77 109
77 118
77 129
77 135
77 137
77 160
77 161
77 164
77 174
77 187
77 205
77 223
77 224
77 233
77 253
77 258
77 262
78 82
78 108
78 109
78 118
78 129
78 135
78 137
78 160
78 161
78 164
78 174
78 187
78 205
78 223
78 224
78 233
78 253
78 258
78 262
79 82
79 90
79 108
79 118
79 135
79 137
79 143
79 160
79 164
79 174
79 187
79 219
79 233
79 253
79 258
80 82
80 90
80 101
80 118
80 135
80 137
80 142
80 143
80 159
80 160
80 164
80 174
80 187
80 219
80 233
80 242
80 253
80 258
81 82
81 90
81 101
81 118
81 137
81 142
81 143
81 159
81 160
81 164
81 174
81 187
81 219
81 233
81 242
81 253
81 258
82 90
82 101
82 118
82 137
82 143
82 159
82 160
82 164
82 174
82 187
82 219
82 233
82 242
82 253
82 258
83 90
83 101
83 118
83 137
83 160
83 164
83 173
83 233
83 242
83 253
83 258
84 90
84 101
84 118
84 137
84 160
84 164
84 173
84 233
84 242
84 253
84 258
85 90
85 101
85 118
85 137
85 160
85 164
85 169
85 173
85 233
85 242
85 248
85 253
85 258
86 90
86 101
86 118
86 137
86 160
86 164
86 169
86 173
86 233
86 242
86 248
86 253
86 258
87 90
87 101
87 118
87 137
87 160
87 164
87 169
87 173
87 182
87 233
87 242
87 245
87 248
87 253
87 258
88 90
88 101
88 118
88 137
88 160
88 164
88 169
88 173
88 182
88 233
88 242
88 245
88 248
88 253
88 258
89 90
89 101
89 106
89 118
89 130
89 160
89 164
89 169
89 173
89 182
89 233
89 242
89 245
89 248
89 253
89 258
89 273
90 101
90 130
90 169
90 173
90 182
90 184
90 248
90 253
90 258
90 264
90 273
91 130
91 169
91 182
91 184
91 248
91 253
91 258
91 264
91 273
92 130
92 169
92 182
92 184
92 248
92 253
92 258
92 264
92 273
93 130
93 169
93 182
93 184
93 248
93 253
93 258
93 264
93 273
94 130
94 169
94 182
94 184
94 248
94 253
94 258
94 264
94 273
95 130
95 169
95 182
95 184
95 248
95 258
95 264
95 273
96 130
96 169
96 182
96 184
96 248
96 258
96 264
96 273
97 130
97 169
97 182
97 184
97 248
97 258
97 264
97 273
98 130
98 169
98 182
98 184
98 238
98 248
98 258
98 264
98 273
99 130
99 169
99 182
99 184
99 208
99 248
99 258
99 273
100 130
100 169
100 182
100 184
100 208
100 248
100 258
100 273
101 130
101 134
101 169
101 182
101 184
101 208
101 231
101 248
101 258
101 273
102 130
102 134
102 169
102 182
102 184
102 208
102 231
102 248
102 258
102 273
103 130
103 134
103 169
103 179
103 182
103 184
103 208
103 231
103 248
103 258
103 273
103 284
104 130
104 134
104 169
104 179
104 182
104 184
104 208
104 231
104 248
104 258
104 273
104 284
105 130
105 134
105 169
105 179
105 182
105 184
105 208
105 220
105 231
105 248
105 258
105 273
105 284
106 130
106 134
106 169
106 179
106 182
106 208
106 220
106 231
106 248
106 258
106 273
106 284
107 130
107 134
107 169
107 179
107 182
107 208
107 220
107 231
107 248
107 258
107 273
107 284
108 130
108 134
108 169
108 179
108 182
108 208
108 220
108 231
108 248
108 258
108 273
108 284
109 130
109 134
109 168
109 169
109 179
109 182
109 208
109 220
109 231
109 248
109 258
109 273
109 284
110 130
110 134
110 168
110 169
110 179
110 182
110 208
110 220
110 231
110 248
110 258
110 273
110 284
111 130
111 134
111 168
111 169
111 179
111 182
111 208
111 220
111 231
111 248
111 258
111 273
111 284
112 136
112 168
112 169
112 182
112 208
112 214
112 220
112 231
112 248
112 258
112 273
112 277
112 284
113 136
113 168
113 169
113 182
113 208
113 214
113 220
113 231
113 248
113 258
113 273
113 277
113 284
114 136
114 151
114 168
114 169
114 182
114 208
114 214
114 220
114 231
114 248
114 258
114 273
114 277
114 284
115 136
115 141
115 151
115 158
115 168
115 169
115 181
115 182
115 206
115 208
115 214
115 220
115 248
115 258
115 273
115 277
115 284
116 124
116 136
116 141
116 150
116 151
116 158
116 168
116 169
116 182
116 189
116 206
116 208
116 214
116 220
116 248
116 258
116 273
116 277
116 284
117 124
117 136
117 141
117 150
117 151
117 158
117 168
117 169
117 182
117 206
117 208
117 214
117 220
117 248
117 258
117 273
117 277
117 284
118 124
118 141
118 150
118 151
118 158
118 168
118 169
118 182
118 206
118 208
118 220
118 240
118 248
118 258
118 273
118 277
118 284
119 124
119 150
119 151
119 158
119 169
119 182
119 193
119 206
119 208
119 220
119 237
119 240
119 248
119 258
119 273
119 277
119 278
119 284
120 124
120 150
120 151
120 158
120 169
120 182
120 193
120 206
120 208
120 220
120 237
120 240
120 248
120 258
120 273
120 277
120 278
120 284
121 124
121 150
121 151
121 169
121 182
121 193
121 206
121 208
121 220
121 237
121 240
121 248
121 258
121 273
121 277
121 278
121 284
122 124
122 150
122 151
122 169
122 182
122 193
122 206
122 208
122 220
122 237
122 240
122 248
122 258
122 273
122 277
122 278
122 284
123 124
123 150
123 151
123 169
123 182
123 193
123 206
123 208
123 220
123 237
123 240
123 248
123 258
123 273
123 277
123 278
123 284
124 124
124 150
124 151
124 169
124 182
124 193
124 206
124 208
124 220
124 240
124 248
124 258
124 273
124 277
124 278
124 284
125 124
125 150
125 151
125 169
125 182
125 193
125 206
125 208
125 220
125 240
125 248
125 258
125 273
125 277
125 278
125 284
126 150
126 151
126 165
126 169
126 176
126 182
126 193
126 206
126 208
126 220
126 240
126 248
126 258
126 273
126 277
126 278
126 284
127 150
127 151
127 165
127 169
127 176
127 182
127 193
127 206
127 208
127 220
127 240
127 248
127 258
127 273
127 277
127 278
127 284
128 145
128 150
128 151
128 165
128 169
128 176
128 182
128 193
128 206
128 208
128 220
128 240
128 248
128 258
128 273
128 277
128 278
128 284
129 145
129 150
129 151
129 165
129 176
129 182
129 193
129 206
129 208
129 220
129 240
129 248
129 258
129 266
129 277
129 278
129 284
130 145
130 150
130 151
130 165
130 176
130 182
130 193
130 206
130 220
130 240
130 248
130 258
130 266
130 277
130 278
130 284
131 145
131 150
131 151
131 165
131 176
131 182
131 193
131 203
131 206
131 220
131 240
131 248
131 258
131 266
131 277
131 278
131 284
132 145
132 151
132 152
132 165
132 182
132 193
132 203
132 206
132 220
132 240
132 248
132 258
132 266
132 277
132 284
133 145
133 151
133 152
133 162
133 165
133 193
133 203
133 206
133 207
133 220
133 240
133 248
133 250
133 266
133 277
133 284
134 145
134 151
134 152
134 162
134 165
134 193
134 203
134 206
134 207
134 220
134 240
134 248
134 250
134 277
134 284
135 145
135 151
135 152
135 162
135 165
135 193
135 203
135 206
135 207
135 220
135 240
135 248
135 250
135 277
135 284
136 145
136 151
136 152
136 162
136 165
136 193
136 203
136 206
136 207
136 220
136 240
136 248
136 250
136 277
136 284
137 145
137 151
137 152
137 162
137 165
137 193
137 203
137 206
137 207
137 220
137 240
137 248
137 250
137 277
137 284
138 151
138 152
138 162
138 165
138 178
138 183
138 193
138 203
138 207
138 220
138 235
138 240
138 244
138 250
138 277
138 284
139 151
139 152
139 162
139 165
139 178
139 183
139 193
139 203
139 207
139 220
139 235
139 240
139 244
139 250
139 277
139 284
140 151
140 152
140 162
140 165
140 178
140 183
140 193
140 203
140 207
140 220
140 235
140 240
140 244
140 250
140 277
140 284
141 151
141 152
141 162
141 165
141 178
141 183
141 193
141 203
141 207
141 220
141 235
141 240
141 244
141 250
141 277
141 284
142 151
142 152
142 162
142 165
142 178
142 183
142 193
142 203
142 207
142 220
142 235
142 240
142 244
142 250
142 277
142 284
143 151
143 152
143 162
143 165
143 178
143 183
143 193
143 203
143 207
143 220
143 235
143 240
143 244
143 250
143 277
143 284
144 151
144 152
144 162
144 165
144 178
144 183
144 193
144 203
144 207
144 220
144 235
144 240
144 244
144 250
144 277
144 284
145 151
145 162
145 165
145 178
145 183
145 193
145 203
145 207
145 220
145 235
145 240
145 244
145 250
145 277
145 284
146 151
146 162
146 165
146 178
146 183
146 193
146 203
146 207
146 220
146 235
146 240
146 244
146 250
146 277
146 284
147 151
147 162
147 165
147 178
147 183
147 193
147 203
147 207
147 220
147 234
147 235
147 240
147 244
147 249
147 250
147 277
147 282
147 284
148 151
148 162
148 165
148 178
148 183
148 193
148 203
148 207
148 220
148 234
148 235
148 240
148 244
148 249
148 250
148 277
148 282
148 284
149 151
149 162
149 165
149 178
149 183
149 193
149 203
149 207
149 234
149 235
149 240
149 244
149 250
149 277
149 282
149 284
150 151
150 162
150 165
150 178
150 183
150 186
150 193
150 202
150 203
150 210
150 234
150 235
150 240
150 244
150 250
150 255
150 277
150 280
150 282
150 284
151 151
151 162
151 165
151 178
151 183
151 186
151 193
151 202
151 203
151 210
151 234
151 235
151 240
151 250
151 255
151 277
151 280
151 282
151 284
152 151
152 162
152 178
152 183
152 186
152 193
152 202
152 203
152 210
152 234
152 235
152 240
152 250
152 255
152 277
152 280
152 282
152 284
153 151
153 162
153 183
153 186
153 193
153 202
153 203
153 210
153 234
153 235
153 240
153 250
153 255
153 277
153 280
153 284
154 151
154 162
154 183
154 186
154 202
154 203
154 210
154 234
154 235
154 240
154 250
154 255
154 277
154 280
154 284
155 151
155 162
155 163
155 183
155 186
155 202
155 203
155 234
155 235
155 240
155 250
155 255
155 277
155 280
155 284
156 151
156 162
156 163
156 183
156 186
156 202
156 203
156 234
156 235
156 240
156 250
156 255
156 277
156 280
156 284
157 162
157 163
157 183
157 186
157 202
157 203
157 235
157 240
157 250
157 255
157 277
157 280
157 284
158 162
158 163
158 183
158 186
158 188
158 199
158 202
158 203
158 240
158 250
158 255
158 277
158 280
158 284
159 162
159 163
159 183
159 186
159 188
159 199
159 202
159 203
159 240
159 250
159 255
159 277
159 280
159 284
160 162
160 183
160 186
160 188
160 192
160 199
160 202
160 203
160 232
160 240
160 250
160 255
160 274
160 277
160 280
160 284
161 162
161 183
161 186
161 188
161 192
161 199
161 202
161 203
161 232
161 240
161 250
161 255
161 274
161 277
161 280
161 284
162 162
162 183
162 186
162 188
162 192
162 199
162 202
162 232
162 240
162 250
162 255
162 274
162 277
162 280
162 284
163 162
163 183
163 186
163 188
163 199
163 202
163 232
163 240
163 250
163 255
163 274
163 280
163 284
164 162
164 183
164 186
164 188
164 199
164 202
164 232
164 240
164 250
164 255
164 274
164 280
164 284
165 162
165 183
165 186
165 188
165 199
165 202
165 232
165 240
165 250
165 254
165 255
165 274
165 280
165 284
166 162
166 183
166 186
166 188
166 199
166 202
166 232
166 240
166 250
166 254
166 255
166 274
166 280
166 284
167 162
167 183
167 186
167 199
167 202
167 232
167 240
167 250
167 251
167 255
167 257
167 274
167 280
167 284
168 162
168 183
168 186
168 199
168 202
168 232
168 240
168 250
168 251
168 255
168 257
168 274
168 280
168 284
169 162
169 183
169 186
169 199
169 202
169 232
169 240
169 250
169 251
169 255
169 257
169 274
169 280
169 284
170 162
170 183
170 186
170 199
170 202
170 221
170 232
170 240
170 257
170 274
170 280
170 284
171 162
171 183
171 186
171 199
171 202
171 221
171 232
171 240
171 257
171 274
171 280
171 284
172 162
172 183
172 186
172 199
172 200
172 202
172 221
172 232
172 240
172 257
172 274
172 280
172 284
173 162
173 183
173 186
173 199
173 200
173 202
173 221
173 232
173 240
173 257
173 274
173 280
173 284
174 162
174 183
174 199
174 202
174 221
174 232
174 257
174 280
174 284
175 162
175 183
175 199
175 202
175 221
175 232
175 257
175 280
175 284
176 162
176 183
176 199
176 202
176 221
176 232
176 257
176 280
176 284
177 162
177 183
177 199
177 202
177 221
177 232
177 257
177 280
177 284
178 162
178 199
178 202
178 221
178 232
178 257
178 270
178 280
178 284
179 162
179 199
179 202
179 221
179 232
179 257
179 270
179 280
179 284
180 199
180 202
180 221
180 232
180 257
180 270
180 280
180 284
181 199
181 202
181 221
181 232
181 257
181 270
181 280
181 284
182 199
182 202
182 221
182 232
182 257
182 270
182 280
182 284
183 197
183 221
183 232
183 257
183 270
183 280
183 284
184 197
184 221
184 232
184 257
184 270
184 280
184 284
185 197
185 221
185 232
185 257
185 270
185 280
185 284
186 197
186 221
186 232
186 257
186 270
186 280
186 284
187 197
187 221
187 232
187 257
187 270
187 280
187 284
188 197
188 221
188 232
188 257
188 270
188 280
188 284
189 221
189 232
189 261
189 270
189 280
189 284
190 221
190 232
190 261
190 270
190 280
190 284
191 221
191 232
191 261
191 270
191 280
191 284
192 221
192 232
192 261
192 270
192 284
193 221
193 232
193 261
193 270
193 281
194 221
194 232
194 261
194 270
194 281
195 221
195 232
195 261
195 270
195 281
196 232
196 261
196 270
197 232
197 261
197 270
198 232
198 261
198 270
199 232
199 261
199 270
200 232
200 261
200 270
201 261
201 270
202 270
203 230
203 270
204 230
204 270
205 230
205 270
206 267
206 270
207 228
207 267
208 226
208 267
209 226
209 267
210 226
210 267
211 226
211 267
212 226
212 267
213 226
213 267
214 226
214 267
215 226
215 267
216 226
216 267
217 226
217 267
218 226
218 267
219 267
220 252
220 267
221 252
221 267
222 252
222 267
223 252
223 267
224 252
224 267
225 252
225 267
226 252
226 267
227 252
227 267
228 252
229 252
230 239
230 252
231 239
231 252
232 239
232 252
233 239
233 252
234 239
242 265
243 265
244 265
245 265
246 265
247 265
248 265
249 265
250 265
251 265
252 265
253 265
254 265
254 269
255 265
255 269
256 265
256 268
256 269
257 265
257 268
257 269
258 265
258 268
258 269
259 265
259 269
260 265
260 269
261 265
261 269
262 265
262 269
263 265
263 269
264 265
264 269
265 265
265 269
266 265
266 269
267 265
267 269
268 265
268 269
269 265
269 269
270 265
270 269
271 269
272 269
273 269
273 283
274 269
274 283
275 269
275 283
276 269
276 283
277 269
277 283
278 283
279 283
280 283
