0 2
0 6
0 16
0 52
0 58
0 210
0 254
1 17
1 51
1 52
1 210
1 254
2 17
2 46
2 51
2 52
2 210
2 254
3 8
3 17
3 20
3 46
3 51
3 52
3 62
3 172
3 210
3 254
4 9
4 17
4 20
4 26
4 51
4 52
4 62
4 157
4 172
4 174
4 210
4 254
5 17
5 20
5 26
5 30
5 38
5 51
5 52
5 62
5 157
5 172
5 174
5 210
5 254
6 17
6 20
6 26
6 30
6 38
6 51
6 52
6 62
6 82
6 157
6 172
6 174
6 210
6 254
7 20
7 21
7 26
7 30
7 38
7 52
7 62
7 82
7 157
7 172
7 174
7 210
7 254
8 21
8 22
8 26
8 35
8 36
8 40
8 52
8 62
8 157
8 172
8 174
8 210
8 254
9 21
9 22
9 26
9 35
9 36
9 40
9 52
9 62
9 157
9 172
9 174
9 210
9 254
10 21
10 22
10 26
10 35
10 36
10 40
10 52
10 62
10 157
10 172
10 174
10 210
10 254
11 21
11 22
11 26
11 35
11 36
11 40
11 52
11 62
11 157
11 172
11 174
11 210
11 218
11 254
12 13
12 22
12 26
12 36
12 40
12 41
12 52
12 62
12 66
12 142
12 157
12 172
12 174
12 175
12 210
12 218
12 254
13 41
13 50
13 56
13 62
13 67
13 77
13 78
13 85
13 142
13 157
13 166
13 172
13 174
13 175
13 178
13 195
13 218
13 225
13 254
14 41
14 50
14 56
14 62
14 67
14 77
14 78
14 85
14 142
14 157
14 166
14 172
14 174
14 175
14 178
14 195
14 218
14 225
14 254
15 28
15 41
15 43
15 50
15 56
15 62
15 67
15 77
15 78
15 85
15 142
15 157
15 166
15 169
15 172
15 174
15 175
15 178
15 195
15 218
15 225
15 252
15 254
16 28
16 43
16 50
16 56
16 62
16 77
16 78
16 85
16 142
16 157
16 166
16 169
16 172
16 174
16 175
16 178
16 195
16 218
16 225
16 252
16 254
17 43
17 50
17 56
17 62
17 73
17 77
17 101
17 113
17 142
17 150
17 157
17 169
17 172
17 175
17 178
17 195
17 218
17 225
17 252
17 254
18 39
18 43
18 50
18 56
18 62
18 73
18 77
18 101
18 113
18 142
18 150
18 157
18 169
18 172
18 175
18 178
18 195
18 218
18 225
18 252
18 254
19 39
19 43
19 50
19 56
19 62
19 73
19 77
19 101
19 113
19 142
19 150
19 157
19 169
19 172
19 175
19 178
19 195
19 218
19 225
19 252
19 254
20 39
20 43
20 50
20 56
20 62
20 73
20 77
20 101
20 113
20 142
20 150
20 157
20 169
20 175
20 178
20 218
20 225
20 252
20 254
21 39
21 43
21 50
21 56
21 62
21 73
21 77
21 101
21 113
21 142
21 157
21 169
21 175
21 178
21 218
21 225
21 252
21 254
22 43
22 50
22 56
22 62
22 73
22 77
22 101
22 103
22 113
22 142
22 157
22 169
22 175
22 178
22 218
22 225
22 252
22 254
22 260
23 43
23 50
23 56
23 72
23 73
23 79
23 101
23 103
23 113
23 142
23 157
23 169
23 175
23 178
23 218
23 225
23 238
23 252
23 254
23 260
24 43
24 63
24 72
24 73
24 79
24 101
24 103
24 113
24 142
24 157
24 169
24 173
24 186
24 218
24 225
24 237
24 238
24 241
24 252
24 254
24 260
25 43
25 63
25 72
25 73
25 79
25 101
25 103
25 113
25 142
25 157
25 169
25 173
25 186
25 218
25 225
25 237
25 238
25 241
25 250
25 252
25 254
25 260
26 43
26 63
26 72
26 73
26 76
26 79
26 101
26 103
26 113
26 142
26 157
26 169
26 173
26 186
26 218
26 225
26 237
26 238
26 241
26 250
26 252
26 254
26 260
27 29
27 63
27 72
27 73
27 79
27 101
27 103
27 113
27 142
27 157
27 169
27 173
27 186
27 218
27 225
27 237
27 238
27 241
27 250
27 252
27 254
27 260
28 29
28 63
28 72
28 73
28 79
28 101
28 103
28 113
28 117
28 142
28 157
28 169
28 173
28 186
28 218
28 225
28 237
28 238
28 241
28 250
28 251
28 252
28 260
29 29
29 32
29 37
29 63
29 72
29 73
29 79
29 86
29 109
29 113
29 117
29 118
29 142
29 157
29 169
29 171
29 173
29 186
29 188
29 218
29 225
29 237
29 241
29 250
29 251
29 252
29 260
30 29
30 32
30 37
30 63
30 72
30 73
30 79
30 86
30 109
30 113
30 117
30 118
30 142
30 157
30 169
30 171
30 173
30 186
30 188
30 218
30 225
30 237
30 241
30 250
30 251
30 252
30 260
31 29
31 32
31 37
31 63
31 72
31 73
31 79
31 86
31 94
31 109
31 113
31 117
31 118
31 142
31 157
31 169
31 171
31 173
31 186
31 188
31 214
31 218
31 225
31 237
31 241
31 250
31 251
31 252
31 260
32 29
32 32
32 37
32 63
32 72
32 73
32 79
32 86
32 94
32 109
32 113
32 117
32 118
32 142
32 157
32 169
32 171
32 173
32 186
32 188
32 214
32 218
32 225
32 241
32 250
32 251
32 252
32 260
33 29
33 32
33 37
33 55
33 72
33 73
33 86
33 87
33 94
33 113
33 117
33 118
33 142
33 157
33 169
33 171
33 173
33 186
33 188
33 214
33 218
33 225
33 241
33 250
33 251
33 252
33 260
33 269
34 42
34 55
34 72
34 86
34 87
34 94
34 113
34 117
34 118
34 142
34 157
34 167
34 169
34 171
34 173
34 188
34 192
34 214
34 218
34 225
34 241
34 250
34 251
34 252
34 260
34 269
35 42
35 55
35 72
35 86
35 87
35 94
35 113
35 117
35 118
35 142
35 157
35 167
35 169
35 171
35 173
35 188
35 192
35 214
35 218
35 225
35 241
35 250
35 251
35 252
35 260
35 269
36 42
36 55
36 72
36 86
36 87
36 94
36 113
36 117
36 118
36 142
36 157
36 167
36 169
36 171
36 188
36 192
36 214
36 218
36 241
36 250
36 252
36 260
36 269
37 42
37 55
37 72
37 86
37 87
37 94
37 113
37 117
37 118
37 142
37 157
37 167
37 169
37 171
37 188
37 192
37 214
37 218
37 241
37 250
37 252
37 260
37 269
38 42
38 55
38 72
38 86
38 87
38 94
38 117
38 118
38 142
38 157
38 167
38 169
38 171
38 188
38 192
38 214
38 218
38 241
38 250
38 252
38 260
38 269
39 42
39 55
39 72
39 86
39 87
39 94
39 117
39 118
39 142
39 157
39 167
39 169
39 171
39 188
39 192
39 214
39 218
39 241
39 250
39 252
39 260
39 269
40 45
40 55
40 60
40 72
40 74
40 86
40 87
40 90
40 95
40 105
40 117
40 118
40 157
40 167
40 171
40 188
40 192
40 214
40 218
40 241
40 252
40 260
40 269
41 45
41 55
41 60
41 72
41 74
41 86
41 87
41 90
41 95
41 105
41 117
41 118
41 148
41 157
41 167
41 171
41 185
41 188
41 192
41 205
41 214
41 218
41 241
41 252
41 260
41 269
42 45
42 55
42 60
42 72
42 74
42 86
42 87
42 90
42 105
42 117
42 118
42 148
42 157
42 167
42 171
42 185
42 188
42 192
42 205
42 218
42 227
42 241
42 252
42 260
42 269
43 45
43 55
43 60
43 68
43 80
43 86
43 87
43 90
43 105
43 117
43 118
43 148
43 157
43 167
43 185
43 188
43 192
43 205
43 218
43 227
43 241
43 252
43 260
43 269
44 45
44 48
44 54
44 60
44 68
44 69
44 80
44 86
44 90
44 105
44 117
44 124
44 132
44 157
44 167
44 188
44 192
44 205
44 218
44 227
44 241
44 252
44 260
44 269
45 45
45 54
45 68
45 69
45 90
45 117
45 144
45 188
45 192
45 205
45 218
45 227
45 241
45 260
45 269
46 45
46 54
46 68
46 69
46 90
46 117
46 144
46 188
46 192
46 205
46 218
46 227
46 241
46 260
46 269
47 45
47 54
47 68
47 69
47 90
47 117
47 144
47 145
47 188
47 192
47 218
47 227
47 229
47 241
47 260
47 269
48 49
48 54
48 68
48 69
48 90
48 114
48 116
48 117
48 144
48 145
48 188
48 218
48 227
48 229
48 241
48 260
48 269
49 49
49 54
49 57
49 68
49 69
49 90
49 108
49 114
49 116
49 117
49 141
49 144
49 145
49 218
49 227
49 229
49 241
49 260
49 269
50 54
50 57
50 68
50 90
50 96
50 108
50 116
50 123
50 141
50 144
50 145
50 218
50 227
50 229
50 241
50 260
50 269
51 54
51 57
51 68
51 90
51 96
51 100
51 108
51 116
51 123
51 141
51 144
51 145
51 218
51 227
51 229
51 241
51 260
51 269
52 54
52 57
52 68
52 90
52 96
52 100
52 108
52 116
52 123
52 144
52 145
52 218
52 227
52 229
52 241
52 260
52 269
53 54
53 57
53 68
53 75
53 90
53 96
53 100
53 108
53 116
53 123
53 144
53 145
53 218
53 227
53 229
53 241
53 255
53 269
54 54
54 57
54 68
54 75
54 90
54 100
54 108
54 116
54 123
54 144
54 145
54 218
54 227
54 229
54 241
54 255
54 269
55 54
55 57
55 65
55 68
55 70
55 75
55 90
55 100
55 116
55 123
55 144
55 145
55 218
55 227
55 229
55 233
55 241
55 255
55 269
56 54
56 57
56 65
56 68
56 70
56 75
56 90
56 100
56 112
56 116
56 121
56 123
56 125
56 144
56 145
56 218
56 227
56 229
56 233
56 241
56 255
56 262
56 269
56 273
57 54
57 57
57 64
57 65
57 68
57 75
57 90
57 100
57 112
57 116
57 121
57 123
57 125
57 145
57 149
57 226
57 229
57 233
57 241
57 255
57 262
57 269
57 273
58 54
58 57
58 61
58 64
58 65
58 68
58 75
58 100
58 112
58 116
58 123
58 125
58 139
58 145
58 149
58 226
58 229
58 233
58 241
58 255
58 262
58 269
58 273
59 54
59 57
59 61
59 64
59 65
59 68
59 75
59 84
59 100
59 112
59 116
59 123
59 125
59 139
59 145
59 149
59 226
59 229
59 233
59 241
59 255
59 262
59 269
59 273
60 54
60 57
60 61
60 64
60 65
60 75
60 84
60 100
60 112
60 116
60 123
60 125
60 139
60 145
60 149
60 226
60 229
60 233
60 241
60 255
60 262
60 269
60 273
61 54
61 57
61 61
61 64
61 65
61 75
61 84
61 100
61 112
61 116
61 123
61 125
61 133
61 139
61 145
61 147
61 149
61 226
61 229
61 233
61 241
61 255
61 262
61 269
61 273
62 57
62 64
62 65
62 75
62 84
62 91
62 97
62 100
62 115
62 116
62 125
62 133
62 139
62 145
62 147
62 149
62 165
62 226
62 229
62 233
62 241
62 255
62 262
62 269
62 273
63 57
63 64
63 75
63 83
63 84
63 89
63 91
63 92
63 100
63 115
63 116
63 125
63 133
63 137
63 139
63 145
63 147
63 149
63 165
63 226
63 229
63 233
63 236
63 241
63 255
63 262
63 269
63 273
64 64
64 83
64 91
64 92
64 100
64 110
64 115
64 116
64 125
64 133
64 137
64 139
64 145
64 147
64 149
64 165
64 226
64 229
64 232
64 233
64 234
64 236
64 241
64 255
64 262
64 269
64 273
65 64
65 83
65 91
65 92
65 100
65 110
65 115
65 116
65 125
65 130
65 133
65 137
65 139
65 145
65 147
65 149
65 165
65 226
65 229
65 232
65 233
65 234
65 236
65 241
65 255
65 256
65 262
65 269
65 273
66 64
66 83
66 91
66 92
66 100
66 110
66 115
66 116
66 125
66 130
66 133
66 137
66 139
66 145
66 147
66 149
66 165
66 226
66 229
66 232
66 233
66 234
66 236
66 241
66 255
66 256
66 262
66 269
66 273
67 64
67 83
67 91
67 92
67 100
67 110
67 115
67 116
67 125
67 130
67 133
67 136
67 137
67 139
67 145
67 147
67 165
67 226
67 229
67 232
67 233
67 234
67 236
67 241
67 255
67 256
67 262
67 269
67 273
68 64
68 83
68 91
68 106
68 110
68 115
68 116
68 127
68 128
68 131
68 133
68 136
68 140
68 147
68 165
68 204
68 211
68 226
68 229
68 233
68 234
68 241
68 255
68 256
68 269
68 273
69 83
69 91
69 106
69 107
69 110
69 115
69 128
69 131
69 133
69 136
69 147
69 165
69 182
69 197
69 204
69 211
69 226
69 229
69 233
69 234
69 241
69 255
69 256
69 269
69 273
70 83
70 91
70 106
70 107
70 110
70 115
70 128
70 131
70 133
70 136
70 147
70 165
70 177
70 182
70 197
70 204
70 211
70 226
70 229
70 233
70 234
70 241
70 255
70 256
70 269
70 273
71 83
71 91
71 106
71 107
71 110
71 115
71 128
71 131
71 133
71 136
71 147
71 165
71 177
71 182
71 197
71 204
71 211
71 226
71 229
71 233
71 234
71 241
71 255
71 256
71 269
71 273
72 83
72 91
72 107
72 110
72 115
72 128
72 131
72 133
72 134
72 136
72 147
72 165
72 177
72 182
72 197
72 204
72 211
72 226
72 229
72 233
72 234
72 241
72 255
72 256
72 269
72 273
73 83
73 91
73 107
73 110
73 115
73 128
73 131
73 133
73 134
73 136
73 147
73 165
73 177
73 197
73 204
73 211
73 226
73 229
73 233
73 234
73 241
73 255
73 256
73 269
73 273
73 274
74 83
74 91
74 107
74 128
74 131
74 133
74 136
74 147
74 177
74 197
74 204
74 211
74 221
74 226
74 229
74 234
74 255
74 256
74 269
74 273
74 274
75 83
75 91
75 93
75 107
75 128
75 131
75 133
75 136
75 147
75 177
75 197
75 204
75 211
75 221
75 226
75 229
75 234
75 245
75 255
75 256
75 269
75 273
75 274
76 83
76 91
76 93
76 107
76 128
76 131
76 133
76 136
76 147
76 177
76 197
76 204
76 211
76 221
76 226
76 229
76 234
76 245
76 255
76 256
76 269
76 273
76 274
77 83
77 91
77 93
77 102
77 128
77 133
77 136
77 147
77 155
77 177
77 197
77 204
77 211
77 221
77 226
77 229
77 234
77 245
77 255
77 256
77 269
77 274
78 83
78 91
78 93
78 102
78 128
78 133
78 136
78 147
78 155
78 177
78 197
78 204
78 211
78 221
78 226
78 229
78 234
78 245
78 255
78 256
78 269
78 274
79 83
79 91
79 93
79 102
79 128
79 133
79 136
79 147
79 155
79 177
79 197
79 204
79 211
79 221
79 226
79 229
79 234
79 245
79 255
79 256
79 269
79 274
80 83
80 91
80 102
80 111
80 128
80 133
80 136
80 147
80 155
80 177
80 197
80 204
80 211
80 234
80 245
80 255
80 256
80 265
80 269
80 274
81 83
81 91
81 102
81 111
81 128
81 133
81 136
81 155
81 177
81 197
81 204
81 211
81 234
81 245
81 255
81 256
81 265
81 269
81 274
82 83
82 91
82 102
82 111
82 128
82 133
82 155
82 177
82 197
82 204
82 211
82 234
82 245
82 255
82 256
82 265
82 269
82 274
83 83
83 91
83 102
83 128
83 133
83 155
83 177
83 197
83 204
83 211
83 234
83 245
83 255
83 256
83 265
83 269
83 274
83 279
84 83
84 102
84 128
84 133
84 177
84 197
84 204
84 211
84 234
84 245
84 255
84 256
84 269
84 274
84 279
85 83
85 102
85 120
85 128
85 133
85 177
85 197
85 204
85 211
85 234
85 245
85 255
85 256
85 269
85 274
85 279
86 83
86 88
86 102
86 120
86 128
86 133
86 177
86 197
86 204
86 211
86 220
86 234
86 245
86 255
86 256
86 269
86 274
86 279
87 83
87 88
87 102
87 120
87 133
87 177
87 197
87 204
87 211
87 220
87 234
87 235
87 255
87 256
87 274
87 279
88 88
88 102
88 119
88 120
88 133
88 146
88 177
88 197
88 204
88 211
88 220
88 234
88 235
88 255
88 256
88 274
88 279
89 88
89 102
89 104
89 119
89 120
89 133
89 146
89 177
89 197
89 204
89 211
89 220
89 234
89 235
89 255
89 256
89 274
89 279
90 88
90 102
90 119
90 120
90 133
90 146
90 177
90 197
90 204
90 211
90 220
90 234
90 235
90 256
90 274
90 279
91 88
91 102
91 120
91 133
91 146
91 152
91 177
91 197
91 204
91 211
91 220
91 234
91 235
91 256
91 274
91 279
92 88
92 102
92 120
92 133
92 146
92 152
92 177
92 197
92 204
92 211
92 220
92 223
92 234
92 235
92 256
92 274
92 279
93 88
93 102
93 120
93 133
93 146
93 152
93 177
93 197
93 204
93 211
93 220
93 223
93 234
93 235
93 256
93 274
93 279
94 88
94 102
94 120
94 133
94 146
94 152
94 177
94 197
94 204
94 211
94 220
94 223
94 234
94 235
94 256
94 274
94 279
95 88
95 99
95 102
95 135
95 146
95 152
95 177
95 197
95 204
95 209
95 211
95 219
95 220
95 223
95 234
95 235
95 256
95 274
95 279
96 99
96 102
96 129
96 135
96 146
96 152
96 153
96 177
96 197
96 204
96 209
96 211
96 219
96 220
96 223
96 234
96 235
96 256
96 274
96 279
97 99
97 102
97 129
97 135
97 146
97 152
97 153
97 177
97 197
97 204
97 209
97 211
97 219
97 220
97 223
97 234
97 235
97 256
97 274
97 279
98 102
98 129
98 135
98 146
98 152
98 197
98 204
98 209
98 211
98 219
98 220
98 234
98 235
98 256
98 263
98 274
98 277
98 279
99 102
99 129
99 135
99 146
99 152
99 197
99 204
99 209
99 211
99 219
99 220
99 234
99 235
99 256
99 263
99 274
99 277
99 279
100 102
100 129
100 135
100 146
100 152
100 154
100 197
100 204
100 209
100 211
100 219
100 220
100 224
100 234
100 235
100 244
100 247
100 256
100 263
100 274
100 277
100 279
101 102
101 129
101 135
101 146
101 152
101 154
101 179
101 204
101 209
101 211
101 219
101 220
101 224
101 234
101 235
101 244
101 247
101 263
101 277
101 279
101 284
102 122
102 129
102 146
102 154
102 163
102 164
102 179
102 196
102 209
102 211
102 219
102 220
102 234
102 235
102 244
102 247
102 263
102 277
102 284
103 126
103 129
103 146
103 154
103 164
103 179
103 196
103 209
103 220
103 234
103 235
103 244
103 247
103 257
103 263
103 277
103 284
104 126
104 129
104 146
104 154
104 164
104 179
104 196
104 209
104 220
104 234
104 235
104 244
104 257
104 263
104 277
104 284
105 126
105 129
105 138
105 146
105 154
105 164
105 179
105 196
105 206
105 209
105 220
105 231
105 234
105 235
105 244
105 257
105 263
105 277
106 126
106 129
106 138
106 146
106 154
106 164
106 179
106 196
106 206
106 209
106 220
106 231
106 234
106 235
106 244
106 257
106 263
106 277
107 126
107 129
107 138
107 146
107 154
107 164
107 179
107 196
107 206
107 209
107 220
107 231
107 234
107 235
107 244
107 257
107 263
107 277
108 126
108 129
108 138
108 146
108 154
108 164
108 179
108 196
108 206
108 209
108 212
108 220
108 231
108 234
108 235
108 244
108 257
108 263
108 277
109 126
109 129
109 138
109 146
109 154
109 164
109 179
109 187
109 196
109 206
109 209
109 212
109 220
109 231
109 234
109 235
109 244
109 257
109 263
109 277
110 126
110 129
110 138
110 146
110 154
110 164
110 179
110 187
110 196
110 206
110 209
110 212
110 220
110 231
110 235
110 244
110 257
110 263
110 277
111 126
111 129
111 138
111 146
111 154
111 164
111 179
111 187
111 196
111 206
111 208
111 212
111 220
111 231
111 235
111 257
111 263
111 277
112 126
112 129
112 138
112 154
112 164
112 179
112 187
112 196
112 206
112 208
112 212
112 220
112 231
112 235
112 257
112 263
112 277
113 126
113 129
113 138
113 154
113 164
113 179
113 187
113 196
113 206
113 208
113 212
113 220
113 231
113 235
113 242
113 257
113 263
113 277
114 126
114 129
114 138
114 154
114 164
114 179
114 187
114 196
114 206
114 208
114 212
114 220
114 231
114 235
114 242
114 257
114 263
114 277
115 129
115 138
115 154
115 164
115 179
115 187
115 196
115 206
115 208
115 212
115 220
115 231
115 235
115 242
115 257
115 263
115 277
116 129
116 138
116 154
116 164
116 176
116 179
116 187
116 196
116 206
116 212
116 220
116 231
116 235
116 242
116 257
116 263
116 277
117 129
117 138
117 154
117 164
117 176
117 179
117 187
117 196
117 206
117 212
117 220
117 231
117 235
117 242
117 257
117 263
117 277
118 129
118 138
118 154
118 164
118 176
118 179
118 187
118 196
118 206
118 212
118 220
118 231
118 235
118 242
118 257
118 263
118 277
119 129
119 138
119 154
119 164
119 176
119 179
119 187
119 196
119 206
119 212
119 220
119 231
119 235
119 242
119 257
119 263
119 277
120 129
120 138
120 154
120 164
120 176
120 179
120 187
120 196
120 206
120 212
120 216
120 220
120 231
120 235
120 242
120 257
120 263
120 277
121 129
121 138
121 154
121 164
121 176
121 179
121 187
121 196
121 206
121 212
121 216
121 220
121 231
121 235
121 242
121 257
121 263
121 277
122 129
122 138
122 154
122 164
122 176
122 179
122 187
122 196
122 206
122 212
122 216
122 220
122 235
122 242
122 243
122 257
122 259
122 263
122 277
123 138
123 164
123 176
123 179
123 187
123 191
123 196
123 206
123 212
123 216
123 220
123 235
123 242
123 243
123 257
123 259
123 263
123 277
124 138
124 164
124 176
124 179
124 187
124 191
124 196
124 206
124 212
124 216
124 220
124 235
124 242
124 243
124 257
124 259
124 263
124 277
124 278
125 138
125 164
125 176
125 179
125 187
125 191
125 196
125 206
125 212
125 216
125 220
125 235
125 242
125 243
125 257
125 259
125 263
125 277
125 278
126 138
126 164
126 176
126 179
126 187
126 191
126 196
126 206
126 212
126 216
126 220
126 235
126 242
126 243
126 257
126 259
126 263
126 277
126 278
127 138
127 164
127 176
127 179
127 187
127 191
127 196
127 206
127 212
127 216
127 235
127 242
127 243
127 259
127 263
127 277
127 278
128 138
128 164
128 176
128 179
128 187
128 191
128 196
128 206
128 212
128 216
128 235
128 242
128 243
128 259
128 263
128 277
128 278
129 138
129 164
129 176
129 191
129 196
129 206
129 212
129 216
129 235
129 242
129 243
129 249
129 259
129 263
129 272
129 277
129 278
130 138
130 164
130 176
130 191
130 196
130 206
130 212
130 216
130 235
130 242
130 243
130 249
130 259
130 263
130 272
130 277
130 278
131 138
131 164
131 176
131 191
131 196
131 206
131 212
131 216
131 235
131 242
131 243
131 249
131 259
131 263
131 272
131 277
131 278
132 138
132 164
132 170
132 176
132 191
132 196
132 206
132 212
132 216
132 235
132 242
132 243
132 249
132 259
132 263
132 272
132 278
133 138
133 164
133 170
133 176
133 191
133 196
133 206
133 212
133 216
133 235
133 242
133 243
133 249
133 259
133 263
133 272
133 278
134 138
134 164
134 170
134 176
134 191
134 196
134 206
134 212
134 216
134 235
134 242
134 243
134 249
134 259
134 263
134 272
134 278
135 138
135 164
135 170
135 176
135 180
135 191
135 196
135 206
135 212
135 235
135 242
135 243
135 249
135 259
135 263
135 272
135 278
136 164
136 170
136 176
136 180
136 181
136 196
136 206
136 212
136 235
136 242
136 243
136 249
136 259
136 263
136 272
136 278
137 143
137 164
137 170
137 176
137 180
137 181
137 196
137 206
137 212
137 213
137 235
137 242
137 243
137 249
137 259
137 263
137 272
137 278
138 143
138 164
138 170
138 176
138 180
138 181
138 196
138 206
138 212
138 213
138 235
138 242
138 243
138 249
138 259
138 263
138 272
138 278
139 143
139 161
139 164
139 170
139 176
139 180
139 181
139 212
139 213
139 222
139 235
139 242
139 243
139 249
139 253
139 259
139 263
139 272
139 278
140 143
140 164
140 170
140 176
140 181
140 212
140 213
140 222
140 230
140 235
140 242
140 243
140 249
140 253
140 259
140 263
140 267
140 272
140 278
141 143
141 164
141 170
141 176
141 181
141 212
141 213
141 222
141 230
141 235
141 242
141 243
141 249
141 253
141 259
141 263
141 267
141 272
141 278
142 143
142 168
142 170
142 212
142 213
142 222
142 230
142 235
142 239
142 242
142 249
142 253
142 259
142 263
142 267
142 268
142 272
142 278
143 143
143 168
143 170
143 212
143 213
143 222
143 230
143 235
143 239
143 242
143 249
143 253
143 259
143 263
143 267
143 268
143 272
143 278
144 143
144 168
144 170
144 212
144 213
144 222
144 230
144 235
144 239
144 242
144 249
144 253
144 259
144 263
144 267
144 268
144 272
144 278
145 143
145 168
145 170
145 212
145 213
145 222
145 230
145 235
145 239
145 242
145 249
145 253
145 259
145 263
145 267
145 268
145 272
145 278
146 143
146 168
146 170
146 212
146 213
146 222
146 230
146 235
146 239
146 242
146 249
146 253
146 259
146 263
146 267
146 268
146 272
146 278
147 143
147 158
147 168
147 170
147 207
147 212
147 213
147 222
147 230
147 235
147 239
147 242
147 249
147 253
147 259
147 263
147 267
147 268
147 272
147 278
148 143
148 158
148 168
148 170
148 207
148 212
148 213
148 222
148 230
148 235
148 239
148 242
148 249
148 253
148 259
148 263
148 267
148 268
148 272
148 278
149 143
149 158
149 168
149 170
149 207
149 212
149 213
149 222
149 230
149 235
149 239
149 242
149 249
149 253
149 259
149 263
149 268
149 278
150 143
150 158
150 168
150 170
150 207
150 212
150 213
150 217
150 222
150 230
150 235
150 239
150 242
150 249
150 253
150 259
150 263
150 268
150 278
151 143
151 158
151 168
151 170
151 212
151 213
151 217
151 222
151 230
151 235
151 239
151 242
151 249
151 253
151 259
151 263
151 268
151 278
152 143
152 168
152 170
152 212
152 213
152 217
152 222
152 230
152 235
152 239
152 242
152 249
152 253
152 259
152 263
152 268
152 278
153 143
153 168
153 170
153 183
153 212
153 213
153 217
153 222
153 230
153 235
153 239
153 242
153 249
153 253
153 259
153 263
153 268
153 278
154 168
154 183
154 212
154 213
154 217
154 222
154 230
154 235
154 239
154 242
154 249
154 259
154 263
154 268
154 278
155 159
155 168
155 183
155 212
155 213
155 217
155 222
155 230
155 235
155 239
155 242
155 249
155 259
155 263
155 268
155 278
156 159
156 168
156 183
156 212
156 213
156 217
156 222
156 235
156 239
156 242
156 249
156 259
156 263
156 268
156 278
157 159
157 168
157 183
157 212
157 213
157 217
157 222
157 235
157 239
157 242
157 249
157 259
157 263
157 268
157 278
158 159
158 168
158 183
158 199
158 212
158 213
158 217
158 235
158 239
158 242
158 249
158 259
158 263
158 268
158 278
159 168
159 183
159 199
159 201
159 213
159 217
159 235
159 239
159 242
159 249
159 259
159 263
159 268
159 278
160 168
160 183
160 199
160 201
160 213
160 217
160 235
160 239
160 242
160 249
160 259
160 263
160 268
160 278
161 168
161 183
161 199
161 201
161 213
161 217
161 235
161 239
161 242
161 249
161 259
161 263
161 268
161 278
162 168
162 183
162 199
162 201
162 213
162 217
162 235
162 239
162 242
162 249
162 259
162 263
162 268
162 278
163 168
163 183
163 199
163 201
163 213
163 217
163 235
163 239
163 242
163 249
163 259
163 263
163 268
163 278
164 168
164 199
164 201
164 213
164 217
164 235
164 239
164 242
164 249
164 259
164 263
164 268
164 278
165 168
165 199
165 201
165 213
165 217
165 235
165 239
165 242
165 249
165 259
165 263
165 268
165 278
166 168
166 199
166 201
166 213
166 217
166 235
166 239
166 242
166 249
166 259
166 263
166 268
166 278
167 168
167 199
167 201
167 213
167 217
167 235
167 239
167 242
167 249
167 259
167 263
167 268
167 278
168 168
168 199
168 201
168 213
168 217
168 235
168 239
168 242
168 249
168 259
168 263
168 268
168 278
169 168
169 199
169 201
169 217
169 235
169 239
169 242
169 249
169 259
169 263
169 268
169 278
170 168
170 190
170 199
170 201
170 202
170 217
170 235
170 239
170 240
170 242
170 249
170 263
170 268
170 278
171 168
171 190
171 199
171 201
171 202
171 217
171 235
171 239
171 240
171 242
171 249
171 263
171 268
171 278
172 168
172 184
172 190
172 199
172 201
172 202
172 217
172 235
172 239
172 240
172 242
172 248
172 249
172 263
172 268
172 278
173 168
173 190
173 199
173 201
173 202
173 217
173 235
173 239
173 240
173 242
173 248
173 249
173 268
173 278
174 168
174 190
174 199
174 201
174 202
174 217
174 235
174 239
174 240
174 242
174 248
174 249
174 268
174 278
175 168
175 190
175 198
175 199
175 201
175 202
175 217
175 235
175 239
175 240
175 242
175 248
175 249
175 268
175 278
176 168
176 190
176 198
176 199
176 201
176 202
176 217
176 239
176 240
176 242
176 248
176 249
176 268
176 278
177 168
177 190
177 198
177 199
177 201
177 202
177 217
177 239
177 240
177 242
177 248
177 249
177 268
177 278
178 168
178 190
178 198
178 199
178 201
178 202
178 217
178 239
178 240
178 242
178 248
178 249
178 266
178 268
178 278
179 168
179 190
179 198
179 199
179 201
179 202
179 217
179 239
179 240
179 242
179 248
179 249
179 266
179 268
179 278
180 168
180 190
180 198
180 199
180 201
180 202
180 217
180 239
180 240
180 242
180 249
180 266
180 268
180 278
180 281
181 168
181 190
181 198
181 199
181 200
181 201
181 202
181 217
181 239
181 240
181 242
181 266
181 268
181 270
181 278
181 281
182 190
182 199
182 201
182 202
182 217
182 239
182 240
182 242
182 266
182 268
182 270
182 278
182 281
183 190
183 199
183 201
183 202
183 217
183 239
183 240
183 242
183 266
183 268
183 270
183 278
183 281
184 189
184 190
184 199
184 201
184 202
184 217
184 239
184 240
184 242
184 266
184 268
184 270
184 278
184 281
185 189
185 190
185 194
185 201
185 202
185 217
185 239
185 240
185 242
185 266
185 268
185 270
185 278
185 281
186 189
186 190
186 193
186 194
186 201
186 217
186 240
186 266
186 268
186 270
186 278
186 280
186 281
187 189
187 190
187 193
187 194
187 201
187 217
187 240
187 266
187 268
187 270
187 278
187 280
187 281
188 189
188 190
188 193
188 194
188 201
188 217
188 240
188 266
188 268
188 270
188 278
188 280
188 281
189 189
189 190
189 193
189 194
189 217
189 240
189 266
189 268
189 270
189 278
189 280
189 281
190 189
190 190
190 193
190 194
190 217
190 240
190 266
190 268
190 270
190 278
190 280
190 281
191 189
191 190
191 194
191 217
191 240
191 261
191 266
191 268
191 270
191 278
191 280
191 281
192 189
192 190
192 217
192 240
192 261
192 266
192 268
192 278
192 280
192 281
193 190
193 240
193 266
193 268
193 280
193 281
194 190
194 240
194 246
194 266
194 268
194 280
194 281
195 190
195 240
195 246
195 266
195 268
195 280
195 281
196 190
196 240
196 246
196 266
196 268
196 280
196 281
197 190
197 240
197 246
197 266
197 268
197 280
197 281
198 190
198 240
198 246
198 266
198 268
198 280
198 281
199 190
199 240
199 246
199 266
199 268
199 280
199 281
200 240
200 246
200 266
200 268
200 280
200 281
201 240
201 246
201 266
201 268
201 280
201 281
202 240
202 246
202 266
202 268
202 280
202 281
203 246
203 266
203 268
203 281
204 246
204 266
204 268
204 281
205 246
205 266
205 268
205 281
206 246
206 266
206 268
206 281
207 246
207 268
207 281
208 246
208 268
208 281
209 246
209 281
210 246
210 281
211 264
211 281
212 264
212 281
213 264
214 264
215 264
216 264
216 282
217 264
217 282
218 264
218 282
219 258
219 264
219 282
220 258
220 264
220 282
221 258
221 264
221 282
222 228
222 258
222 282
223 228
223 258
223 282
224 258
224 282
225 258
225 282
226 258
226 282
227 258
227 282
228 258
228 282
229 282
230 282
231 282
232 271
232 282
233 271
233 282
234 271
234 282
235 271
235 282
236 271
236 282
237 271
237 282
238 271
238 282
239 271
239 282
240 271
240 282
241 271
241 282
242 271
242 282
243 271
243 282
244 271
244 282
245 271
245 282
246 271
246 282
247 271
247 282
248 271
248 282
249 282
249 283
250 282
250 283
251 282
251 283
252 282
252 283
253 282
253 283
254 282
254 283
255 282
255 283
256 282
256 283
257 282
257 283
258 282
258 283
259 282
259 283
260 282
260 283
261 282
261 283
262 282
262 283
263 282
263 283
264 282
264 283
265 282
265 283
266 282
266 283
267 282
268 282
269 275
269 282
270 275
270 282
271 282
272 282
273 282
274 282
275 282
276 282
277 282
278 282
279 282
280 282
281 282
282 282
283 282
284 282
