0 1
0 6
0 14
0 29
0 93
0 164
1 29
1 62
1 91
1 93
1 164
2 29
2 62
2 91
2 93
2 163
2 164
3 13
3 16
3 17
3 29
3 62
3 72
3 86
3 93
3 163
3 164
4 21
4 50
4 58
4 72
4 163
4 164
4 193
4 282
5 21
5 50
5 72
5 163
5 164
5 193
5 282
6 7
6 21
6 50
6 53
6 72
6 163
6 164
6 193
6 282
7 21
7 34
7 50
7 53
7 54
7 72
7 89
7 163
7 164
7 282
8 21
8 34
8 44
8 50
8 53
8 54
8 72
8 75
8 89
8 163
8 164
8 282
9 21
9 34
9 44
9 50
9 53
9 54
9 72
9 75
9 89
9 163
9 164
9 282
10 33
10 36
10 63
10 72
10 73
10 75
10 78
10 150
10 163
10 164
10 282
11 25
11 32
11 33
11 36
11 40
11 70
11 72
11 75
11 78
11 92
11 119
11 150
11 163
11 282
12 20
12 24
12 37
12 41
12 42
12 47
12 55
12 75
12 78
12 82
12 85
12 92
12 94
12 101
12 121
12 138
12 150
12 282
12 284
13 24
13 37
13 38
13 41
13 42
13 47
13 75
13 78
13 82
13 85
13 92
13 94
13 101
13 121
13 138
13 150
13 161
13 222
13 230
13 282
13 284
14 24
14 37
14 38
14 41
14 42
14 47
14 75
14 78
14 82
14 85
14 92
14 94
14 101
14 121
14 138
14 150
14 161
14 222
14 230
14 282
14 284
15 24
15 37
15 38
15 41
15 42
15 43
15 47
15 56
15 75
15 78
15 82
15 85
15 92
15 94
15 101
15 121
15 138
15 150
15 161
15 222
15 230
15 282
15 284
16 23
16 24
16 35
16 37
16 38
16 41
16 43
16 47
16 56
16 75
16 78
16 82
16 85
16 92
16 94
16 101
16 121
16 138
16 150
16 157
16 161
16 222
16 230
16 282
16 284
17 24
17 31
17 38
17 41
17 43
17 47
17 78
17 85
17 92
17 94
17 121
17 138
17 150
17 157
17 230
17 237
17 282
17 284
18 24
18 31
18 41
18 43
18 47
18 78
18 85
18 92
18 94
18 121
18 138
18 150
18 157
18 230
18 237
18 282
18 284
19 24
19 31
19 43
19 57
19 78
19 85
19 94
19 121
19 138
19 150
19 157
19 237
19 282
19 284
20 43
20 57
20 78
20 85
20 94
20 121
20 138
20 150
20 157
20 237
20 282
20 284
21 57
21 78
21 85
21 94
21 121
21 138
21 150
21 157
21 237
21 282
21 284
22 46
22 57
22 78
22 85
22 94
22 121
22 138
22 150
22 237
22 282
22 284
23 46
23 57
23 78
23 94
23 121
23 138
23 150
23 237
23 282
23 284
24 51
24 59
24 76
24 78
24 94
24 121
24 138
24 150
24 201
24 226
24 237
24 282
24 284
25 51
25 59
25 76
25 78
25 94
25 117
25 121
25 138
25 150
25 201
25 226
25 237
25 282
25 284
26 51
26 59
26 94
26 117
26 121
26 138
26 150
26 196
26 201
26 226
26 237
26 282
26 284
27 45
27 51
27 59
27 94
27 121
27 138
27 150
27 196
27 200
27 201
27 226
27 237
27 249
27 282
27 284
28 45
28 51
28 59
28 94
28 121
28 138
28 150
28 196
28 200
28 201
28 226
28 237
28 249
28 282
28 284
29 45
29 51
29 59
29 94
29 121
29 138
29 150
29 196
29 200
29 201
29 226
29 237
29 249
29 282
29 284
30 45
30 51
30 52
30 59
30 94
30 121
30 138
30 150
30 196
30 200
30 201
30 226
30 237
30 249
30 280
30 282
30 284
31 45
31 51
31 59
31 61
31 94
31 121
31 123
31 138
31 150
31 196
31 200
31 201
31 226
31 237
31 249
31 280
31 282
31 284
32 45
32 48
32 51
32 87
32 94
32 138
32 196
32 200
32 201
32 219
32 226
32 237
32 249
32 280
32 282
32 284
33 48
33 51
33 87
33 94
33 111
33 132
33 138
33 187
33 196
33 200
33 201
33 219
33 226
33 237
33 249
33 280
33 282
33 284
34 48
34 87
34 111
34 132
34 138
34 187
34 196
34 200
34 201
34 223
34 226
34 237
34 249
34 280
34 282
34 284
35 48
35 87
35 111
35 132
35 138
35 187
35 196
35 200
35 201
35 223
35 226
35 237
35 249
35 280
35 282
35 284
36 48
36 65
36 87
36 95
36 111
36 138
36 187
36 196
36 200
36 201
36 223
36 226
36 237
36 249
36 280
36 282
36 284
37 65
37 81
37 87
37 95
37 111
37 138
37 187
37 196
37 200
37 201
37 223
37 226
37 237
37 249
37 280
37 282
37 284
38 65
38 81
38 87
38 95
38 111
38 138
38 187
38 196
38 200
38 201
38 223
38 224
38 226
38 237
38 249
38 280
38 282
38 284
39 65
39 81
39 87
39 95
39 111
39 138
39 187
39 196
39 200
39 201
39 223
39 224
39 226
39 237
39 249
39 280
39 282
39 284
40 65
40 81
40 87
40 95
40 111
40 138
40 187
40 196
40 200
40 201
40 223
40 224
40 226
40 237
40 249
40 280
40 282
40 284
41 65
41 81
41 87
41 95
41 111
41 138
41 176
41 187
41 196
41 200
41 201
41 223
41 224
41 226
41 237
41 249
41 280
41 282
41 284
42 65
42 81
42 87
42 95
42 111
42 138
42 176
42 187
42 196
42 200
42 201
42 223
42 224
42 226
42 237
42 249
42 280
42 282
42 284
43 65
43 81
43 87
43 95
43 111
43 138
43 176
43 187
43 196
43 200
43 201
43 223
43 224
43 226
43 237
43 249
43 280
43 282
43 284
44 65
44 74
44 81
44 87
44 95
44 138
44 176
44 187
44 196
44 200
44 201
44 223
44 224
44 226
44 237
44 249
44 280
44 282
44 284
45 65
45 67
45 74
45 81
45 87
45 95
45 108
45 138
45 176
45 187
45 196
45 200
45 201
45 210
45 224
45 226
45 249
45 280
46 67
46 74
46 81
46 87
46 95
46 108
46 126
46 138
46 176
46 187
46 196
46 200
46 201
46 210
46 224
46 226
46 249
46 280
47 67
47 71
47 74
47 81
47 87
47 95
47 108
47 126
47 138
47 176
47 187
47 196
47 200
47 201
47 210
47 224
47 226
47 249
47 280
48 67
48 71
48 74
48 81
48 87
48 95
48 106
48 108
48 126
48 138
48 176
48 187
48 196
48 200
48 201
48 210
48 224
48 226
48 249
48 280
49 67
49 71
49 74
49 81
49 87
49 95
49 106
49 108
49 126
49 176
49 187
49 196
49 200
49 201
49 224
49 226
49 249
49 280
50 67
50 71
50 74
50 81
50 87
50 95
50 106
50 108
50 126
50 176
50 187
50 196
50 200
50 201
50 224
50 226
50 249
50 280
51 74
51 81
51 95
51 108
51 126
51 172
51 176
51 187
51 200
51 201
51 224
51 226
51 249
51 280
52 64
52 74
52 95
52 108
52 126
52 172
52 176
52 200
52 201
52 224
52 226
52 249
52 280
53 64
53 66
53 74
53 95
53 108
53 126
53 172
53 176
53 195
53 200
53 201
53 224
53 226
53 249
53 280
54 64
54 66
54 68
54 74
54 95
54 108
54 118
54 126
54 143
54 172
54 176
54 200
54 201
54 224
54 226
54 249
54 280
55 68
55 95
55 96
55 108
55 143
55 172
55 176
55 200
55 201
55 207
55 224
55 226
55 279
55 280
56 68
56 95
56 96
56 108
56 143
56 172
56 176
56 200
56 201
56 207
56 224
56 226
56 279
56 280
57 68
57 95
57 96
57 107
57 143
57 172
57 176
57 184
57 200
57 201
57 207
57 224
57 226
57 279
57 280
58 95
58 96
58 107
58 143
58 172
58 176
58 184
58 200
58 201
58 207
58 224
58 226
58 279
58 280
59 95
59 96
59 107
59 143
59 172
59 176
59 184
59 201
59 207
59 224
59 226
59 276
59 279
59 280
60 95
60 96
60 107
60 143
60 172
60 176
60 184
60 201
60 207
60 224
60 226
60 276
60 279
60 280
61 77
61 95
61 96
61 107
61 143
61 155
61 172
61 176
61 184
61 201
61 207
61 224
61 226
61 276
61 279
61 280
62 77
62 90
62 143
62 155
62 172
62 176
62 184
62 201
62 207
62 224
62 228
62 276
62 279
62 280
63 77
63 88
63 90
63 143
63 155
63 172
63 176
63 184
63 201
63 207
63 224
63 228
63 276
63 280
64 77
64 88
64 143
64 155
64 172
64 176
64 184
64 207
64 224
64 228
64 276
64 280
65 88
65 143
65 155
65 176
65 184
65 190
65 207
65 224
65 228
65 273
65 276
65 280
66 88
66 143
66 155
66 176
66 184
66 190
66 199
66 207
66 224
66 228
66 273
66 280
67 88
67 133
67 143
67 155
67 176
67 184
67 190
67 199
67 207
67 224
67 228
67 273
67 280
68 105
68 133
68 143
68 155
68 159
68 176
68 189
68 190
68 199
68 207
68 224
68 228
68 273
68 280
69 105
69 122
69 133
69 143
69 155
69 159
69 176
69 189
69 199
69 207
69 224
69 228
69 273
69 280
70 98
70 100
70 105
70 112
70 122
70 133
70 143
70 155
70 159
70 182
70 185
70 189
70 197
70 199
70 207
70 211
70 228
70 236
70 273
71 98
71 100
71 105
71 112
71 122
71 133
71 143
71 155
71 159
71 182
71 185
71 189
71 197
71 199
71 207
71 211
71 228
71 236
71 273
72 98
72 100
72 105
72 112
72 122
72 133
72 143
72 155
72 159
72 182
72 185
72 189
72 197
72 199
72 207
72 211
72 228
72 236
72 273
73 98
73 100
73 105
73 112
73 122
73 133
73 143
73 155
73 159
73 182
73 185
73 189
73 197
73 199
73 207
73 211
73 228
73 236
73 273
74 84
74 98
74 100
74 105
74 112
74 122
74 133
74 139
74 143
74 155
74 159
74 182
74 185
74 197
74 199
74 207
74 211
74 236
74 273
75 98
75 100
75 105
75 112
75 120
75 122
75 133
75 139
75 143
75 155
75 182
75 197
75 199
75 207
75 211
75 236
75 273
76 98
76 100
76 105
76 112
76 120
76 122
76 133
76 134
76 139
76 143
76 155
76 182
76 197
76 199
76 207
76 211
76 236
76 273
77 98
77 100
77 105
77 112
77 120
77 122
77 133
77 134
77 139
77 143
77 155
77 182
77 197
77 199
77 207
77 211
77 236
77 273
78 98
78 100
78 105
78 112
78 120
78 122
78 133
78 134
78 139
78 143
78 155
78 182
78 197
78 199
78 207
78 211
78 236
78 273
79 98
79 110
79 133
79 139
79 143
79 155
79 177
79 197
79 199
79 211
79 236
79 273
80 97
80 98
80 110
80 133
80 143
80 155
80 177
80 199
80 211
80 236
81 97
81 98
81 110
81 127
81 133
81 135
81 151
81 154
81 177
81 178
81 199
81 211
81 229
81 236
81 268
82 97
82 109
82 110
82 127
82 130
82 133
82 154
82 177
82 194
82 199
82 229
82 236
82 268
83 97
83 110
83 127
83 133
83 146
83 154
83 177
83 194
83 199
83 236
83 268
84 97
84 110
84 116
84 127
84 133
84 154
84 177
84 194
84 199
84 236
84 268
85 97
85 110
85 114
85 154
85 174
85 177
85 194
85 199
85 236
85 268
86 110
86 114
86 154
86 174
86 177
86 194
86 199
86 236
86 268
87 110
87 114
87 154
87 174
87 177
87 194
87 199
87 236
87 268
88 110
88 114
88 140
88 154
88 174
88 177
88 194
88 199
88 227
88 236
88 268
89 110
89 114
89 140
89 145
89 154
89 170
89 174
89 177
89 194
89 199
89 236
89 268
90 110
90 128
90 140
90 145
90 154
90 174
90 177
90 194
90 199
90 236
90 246
90 268
91 110
91 128
91 140
91 145
91 154
91 174
91 177
91 194
91 199
91 236
91 246
91 268
92 104
92 128
92 140
92 154
92 174
92 177
92 194
92 199
92 236
92 246
92 268
93 103
93 104
93 140
93 154
93 174
93 177
93 199
93 236
93 246
93 268
94 104
94 140
94 174
94 177
94 199
94 236
94 246
94 268
95 104
95 140
95 174
95 177
95 199
95 236
95 246
95 268
96 137
96 140
96 141
96 174
96 199
96 236
96 246
96 259
96 268
97 137
97 140
97 141
97 174
97 180
97 199
97 236
97 246
97 259
97 268
98 137
98 140
98 141
98 174
98 180
98 199
98 236
98 246
98 259
98 262
98 268
99 137
99 140
99 141
99 174
99 180
99 199
99 236
99 246
99 259
99 262
99 268
100 140
100 141
100 174
100 180
100 199
100 236
100 259
100 262
100 268
101 140
101 141
101 174
101 180
101 199
101 236
101 259
101 262
101 268
102 136
102 140
102 141
102 174
102 180
102 231
102 236
102 259
102 262
102 268
103 136
103 140
103 141
103 174
103 180
103 231
103 236
103 259
103 262
103 268
104 136
104 140
104 141
104 180
104 231
104 234
104 236
104 259
104 262
105 129
105 136
105 140
105 141
105 180
105 191
105 231
105 234
105 236
105 262
106 136
106 140
106 141
106 153
106 171
106 180
106 181
106 231
106 234
106 262
107 124
107 149
107 153
107 156
107 180
107 181
107 198
107 231
107 234
107 250
107 262
108 124
108 149
108 153
108 156
108 180
108 181
108 198
108 231
108 234
108 250
108 262
109 113
109 115
109 124
109 149
109 153
109 156
109 180
109 181
109 188
109 198
109 231
109 234
109 250
109 262
110 113
110 115
110 124
110 153
110 156
110 168
110 175
110 179
110 180
110 181
110 202
110 206
110 217
110 231
110 234
110 244
110 250
110 262
110 267
111 115
111 124
111 153
111 156
111 168
111 175
111 179
111 180
111 181
111 202
111 206
111 217
111 231
111 244
111 250
111 258
111 262
111 267
112 115
112 124
112 156
112 168
112 180
112 202
112 206
112 231
112 244
112 250
112 262
112 267
113 115
113 124
113 147
113 156
113 166
113 168
113 180
113 202
113 206
113 231
113 232
113 244
113 250
113 262
113 267
114 115
114 124
114 147
114 148
114 156
114 166
114 168
114 180
114 202
114 206
114 231
114 232
114 244
114 250
114 262
114 267
115 115
115 124
115 125
115 147
115 148
115 156
115 162
115 166
115 168
115 180
115 202
115 206
115 231
115 232
115 244
115 250
115 262
115 267
116 115
116 124
116 125
116 147
116 148
116 156
116 158
116 162
116 166
116 168
116 180
116 202
116 206
116 208
116 231
116 232
116 244
116 250
116 262
116 267
117 115
117 147
117 148
117 156
117 158
117 162
117 166
117 180
117 192
117 206
117 208
117 232
117 233
117 244
117 250
117 260
117 262
117 267
117 283
118 115
118 147
118 148
118 156
118 158
118 162
118 166
118 180
118 192
118 206
118 208
118 232
118 233
118 244
118 250
118 260
118 262
118 267
118 283
119 115
119 147
119 148
119 156
119 158
119 162
119 166
119 180
119 186
119 192
119 206
119 208
119 232
119 233
119 244
119 250
119 260
119 262
119 267
119 283
120 148
120 156
120 158
120 162
120 166
120 186
120 192
120 206
120 208
120 232
120 233
120 242
120 244
120 250
120 260
120 262
120 267
120 283
121 148
121 156
121 158
121 162
121 166
121 186
121 192
121 206
121 208
121 232
121 233
121 242
121 244
121 250
121 260
121 262
121 267
121 283
122 148
122 156
122 158
122 162
122 166
122 186
122 192
122 206
122 208
122 232
122 233
122 242
122 244
122 260
122 267
122 283
123 148
123 156
123 158
123 162
123 166
123 186
123 192
123 206
123 208
123 232
123 233
123 242
123 244
123 260
123 283
124 148
124 156
124 158
124 162
124 166
124 186
124 192
124 206
124 208
124 232
124 233
124 242
124 244
124 260
124 264
124 283
125 148
125 156
125 158
125 162
125 166
125 186
125 192
125 206
125 208
125 232
125 233
125 242
125 244
125 260
125 264
125 283
126 148
126 156
126 158
126 162
126 166
126 186
126 192
126 206
126 208
126 232
126 233
126 242
126 244
126 260
126 264
126 283
127 148
127 156
127 158
127 162
127 166
127 186
127 192
127 206
127 208
127 232
127 233
127 242
127 244
127 260
127 264
127 283
128 148
128 156
128 158
128 162
128 166
128 186
128 206
128 208
128 232
128 233
128 242
128 244
128 260
128 264
128 283
129 148
129 156
129 158
129 162
129 166
129 186
129 206
129 208
129 232
129 233
129 242
129 244
129 260
129 264
129 283
130 148
130 156
130 158
130 162
130 166
130 186
130 206
130 208
130 209
130 232
130 233
130 242
130 244
130 260
130 264
130 283
131 142
131 148
131 156
131 160
131 162
131 166
131 186
131 206
131 208
131 209
131 232
131 233
131 244
131 260
131 264
131 283
132 142
132 144
132 148
132 156
132 160
132 162
132 166
132 186
132 206
132 208
132 209
132 232
132 233
132 244
132 260
132 264
132 283
133 144
133 148
133 156
133 160
133 162
133 166
133 186
133 206
133 208
133 209
133 220
133 232
133 233
133 244
133 260
133 264
133 283
134 144
134 148
134 156
134 160
134 162
134 166
134 206
134 208
134 209
134 220
134 232
134 233
134 244
134 260
134 264
134 283
135 144
135 148
135 156
135 160
135 162
135 166
135 206
135 208
135 209
135 220
135 232
135 233
135 244
135 260
135 264
135 283
136 144
136 148
136 156
136 160
136 162
136 166
136 206
136 208
136 209
136 220
136 232
136 233
136 244
136 260
136 264
136 283
137 144
137 156
137 160
137 162
137 166
137 206
137 208
137 209
137 220
137 232
137 233
137 244
137 260
137 264
137 283
138 144
138 156
138 160
138 162
138 166
138 206
138 208
138 218
138 220
138 232
138 233
138 244
138 260
138 264
138 283
139 144
139 156
139 160
139 166
139 206
139 208
139 218
139 220
139 232
139 233
139 244
139 260
139 264
139 283
140 144
140 156
140 160
140 166
140 206
140 208
140 218
140 220
140 221
140 232
140 244
140 260
140 264
140 270
140 283
141 144
141 156
141 160
141 166
141 206
141 208
141 218
141 220
141 221
141 232
141 244
141 260
141 264
141 270
141 283
142 144
142 156
142 160
142 166
142 206
142 208
142 218
142 220
142 221
142 232
142 244
142 260
142 264
142 270
142 283
143 144
143 156
143 160
143 166
143 206
143 208
143 218
143 220
143 221
143 232
143 244
143 260
143 264
143 270
143 283
144 160
144 166
144 203
144 206
144 208
144 218
144 220
144 221
144 232
144 239
144 244
144 260
144 264
144 283
145 160
145 166
145 203
145 206
145 208
145 218
145 220
145 221
145 232
145 239
145 244
145 260
145 264
145 283
146 160
146 166
146 203
146 206
146 208
146 218
146 220
146 221
146 232
146 239
146 244
146 260
146 264
146 283
147 160
147 166
147 173
147 206
147 220
147 232
147 239
147 244
147 260
147 264
147 283
148 160
148 166
148 173
148 206
148 220
148 232
148 239
148 244
148 260
148 264
148 283
149 160
149 166
149 173
149 206
149 220
149 232
149 239
149 244
149 260
149 264
149 283
150 160
150 166
150 173
150 206
150 220
150 232
150 239
150 244
150 260
150 264
150 283
151 160
151 166
151 173
151 206
151 220
151 232
151 239
151 244
151 260
151 264
151 283
152 160
152 166
152 173
152 206
152 220
152 232
152 239
152 244
152 260
152 264
152 283
153 160
153 166
153 173
153 206
153 220
153 232
153 239
153 244
153 260
153 264
153 283
154 160
154 173
154 220
154 232
154 240
154 244
154 260
154 264
154 283
155 160
155 173
155 220
155 232
155 240
155 244
155 260
155 264
155 283
156 160
156 173
156 220
156 232
156 240
156 244
156 260
156 264
156 283
157 160
157 173
157 220
157 232
157 240
157 244
157 260
157 264
157 283
158 204
158 220
158 232
158 240
158 244
158 260
158 264
159 204
159 220
159 232
159 240
159 244
159 260
159 264
160 169
160 204
160 220
160 232
160 240
160 244
160 264
161 169
161 204
161 220
161 232
161 240
161 244
161 264
162 169
162 204
162 220
162 232
162 240
162 244
162 264
163 169
163 204
163 220
163 232
163 240
163 244
163 264
164 204
164 205
164 220
164 232
164 244
164 252
164 264
165 204
165 205
165 220
165 232
165 244
165 252
165 264
166 204
166 205
166 212
166 220
166 232
166 244
166 252
166 264
166 272
167 204
167 205
167 212
167 220
167 232
167 244
167 264
167 272
168 204
168 205
168 212
168 220
168 232
168 244
168 264
169 204
169 205
169 212
169 220
169 232
169 244
169 264
170 204
170 205
170 212
170 220
170 232
170 244
170 264
171 204
171 205
171 212
171 220
171 232
171 244
171 255
171 264
172 204
172 205
172 212
172 220
172 232
172 244
172 255
172 264
173 204
173 205
173 212
173 220
173 232
173 244
173 255
173 264
174 204
174 205
174 212
174 220
174 232
174 244
174 255
174 264
175 204
175 205
175 212
175 232
175 244
175 255
175 264
176 204
176 205
176 212
176 232
176 244
176 255
176 264
177 204
177 205
177 212
177 232
177 244
177 255
177 257
177 264
178 204
178 205
178 212
178 214
178 232
178 244
178 255
178 257
178 264
179 204
179 205
179 212
179 214
179 232
179 244
179 255
179 257
179 264
180 204
180 205
180 212
180 214
180 232
180 244
180 255
180 257
180 264
181 204
181 205
181 212
181 214
181 232
181 244
181 255
181 257
181 264
182 204
182 205
182 212
182 214
182 232
182 244
182 255
182 257
182 264
183 204
183 205
183 212
183 214
183 232
183 244
183 255
183 257
183 264
184 204
184 205
184 212
184 214
184 232
184 244
184 255
184 257
184 264
185 204
185 205
185 212
185 214
185 232
185 244
185 255
185 257
185 264
186 204
186 205
186 212
186 214
186 232
186 244
186 255
186 257
186 264
187 204
187 205
187 212
187 214
187 232
187 244
187 255
187 257
187 261
187 264
188 204
188 205
188 212
188 214
188 232
188 244
188 254
188 255
188 257
188 261
188 264
189 204
189 205
189 212
189 214
189 232
189 244
189 254
189 255
189 257
189 261
189 264
190 205
190 212
190 232
190 244
190 254
190 255
190 257
190 261
190 264
191 205
191 212
191 232
191 244
191 254
191 255
191 257
191 261
191 264
192 205
192 212
192 232
192 243
192 244
192 254
192 255
192 257
192 261
192 264
193 205
193 212
193 232
193 235
193 243
193 244
193 254
193 255
193 264
194 205
194 212
194 216
194 232
194 235
194 243
194 244
194 254
194 255
194 264
195 205
195 212
195 216
195 232
195 235
195 243
195 244
195 254
195 264
196 205
196 216
196 232
196 235
196 243
196 244
196 264
196 277
197 205
197 216
197 232
197 235
197 243
197 244
197 256
197 264
197 277
197 278
198 205
198 216
198 232
198 235
198 243
198 244
198 256
198 277
198 278
199 205
199 216
199 232
199 243
199 256
199 269
199 277
199 278
200 205
200 215
200 216
200 225
200 232
200 243
200 256
200 269
200 277
200 278
201 205
201 215
201 216
201 225
201 232
201 243
201 245
201 256
201 269
201 277
202 215
202 216
202 225
202 232
202 243
202 245
202 256
202 269
202 277
203 215
203 216
203 225
203 232
203 243
203 245
203 256
203 269
203 277
204 215
204 216
204 225
204 232
204 245
204 256
204 269
204 277
205 215
205 216
205 225
205 232
205 245
205 256
205 269
205 277
206 215
206 216
206 225
206 232
206 241
206 245
206 256
206 269
206 277
207 215
207 216
207 225
207 241
207 245
207 253
207 256
207 269
207 277
208 215
208 216
208 241
208 245
208 253
208 256
208 269
208 277
209 215
209 241
209 245
209 253
209 256
209 269
209 277
210 215
210 241
210 245
210 253
210 256
210 269
210 277
211 215
211 241
211 245
211 253
211 256
211 269
211 277
212 215
212 241
212 245
212 253
212 256
212 269
212 277
213 215
213 241
213 245
213 253
213 256
213 269
213 277
214 215
214 241
214 245
214 253
214 256
214 269
214 277
215 215
215 241
215 245
215 256
215 269
215 277
216 215
216 241
216 245
216 269
216 277
217 215
217 241
217 245
217 269
217 277
218 215
218 241
218 245
218 269
218 277
219 215
219 241
219 245
219 251
219 269
219 277
220 215
220 241
220 245
220 251
220 269
220 277
221 241
221 245
221 251
221 269
221 274
221 277
222 241
222 245
222 251
222 274
222 277
223 241
223 245
223 251
223 274
223 277
224 241
224 245
224 251
224 274
224 277
225 241
225 245
225 274
225 277
226 241
226 245
226 274
226 277
227 241
227 245
227 274
227 277
228 241
228 245
228 263
228 274
229 241
229 245
229 263
229 274
230 241
230 245
230 263
230 274
231 241
231 245
231 263
231 274
232 241
232 245
232 263
232 274
233 241
233 245
233 263
233 274
234 241
234 245
234 263
234 274
235 241
235 245
235 263
235 274
236 241
236 245
236 263
236 274
237 245
237 265
237 274
237 281
238 245
238 265
238 274
238 281
239 245
239 265
239 274
239 281
240 245
240 265
240 274
240 281
241 245
241 265
241 274
241 281
242 245
242 265
242 274
242 281
243 265
243 274
244 265
244 274
245 265
245 274
246 265
246 274
247 265
247 274
248 265
248 274
249 265
249 266
249 274
250 265
250 266
250 274
251 265
251 266
251 274
252 265
252 266
252 274
253 265
253 266
253 274
254 265
254 266
254 274
255 265
255 266
255 274
256 266
256 274
257 274
258 274
259 274
259 275
260 274
260 275
261 274
261 275
262 274
262 275
263 274
263 275
264 274
265 274
266 274
267 274
268 274
269 274
270 274
271 274
272 274
273 274
274 274
275 274
276 274
277 274
278 274
279 274
280 274
281 274
282 274
283 274
284 274
