0 2
0 6
0 62
0 242
0 268
1 12
1 29
1 40
1 41
1 45
1 46
1 55
1 62
1 95
1 116
1 127
1 141
1 171
1 204
1 220
1 228
1 242
1 268
2 5
2 12
2 40
2 41
2 43
2 45
2 55
2 62
2 70
2 78
2 95
2 116
2 127
2 135
2 141
2 171
2 203
2 204
2 217
2 220
2 228
2 242
2 268
3 7
3 38
3 40
3 41
3 43
3 55
3 70
3 78
3 95
3 116
3 127
3 135
3 141
3 171
3 203
3 204
3 217
3 220
3 225
3 228
3 242
3 268
4 23
4 38
4 40
4 41
4 43
4 55
4 70
4 78
4 95
4 116
4 127
4 141
4 171
4 177
4 203
4 204
4 217
4 220
4 225
4 228
4 242
4 268
5 20
5 23
5 38
5 43
5 70
5 78
5 95
5 116
5 127
5 141
5 163
5 171
5 177
5 203
5 204
5 217
5 220
5 225
5 228
5 242
5 268
6 20
6 23
6 38
6 43
6 70
6 78
6 95
6 100
6 116
6 127
6 141
6 163
6 171
6 177
6 203
6 204
6 217
6 220
6 225
6 228
6 238
6 242
6 268
7 23
7 38
7 43
7 70
7 78
7 95
7 100
7 116
7 127
7 141
7 163
7 171
7 177
7 203
7 204
7 217
7 220
7 225
7 228
7 238
7 242
7 268
8 23
8 38
8 43
8 68
8 78
8 95
8 100
8 116
8 127
8 141
8 163
8 177
8 203
8 204
8 217
8 220
8 225
8 228
8 238
8 242
8 268
9 15
9 19
9 28
9 31
9 39
9 49
9 65
9 74
9 95
9 100
9 102
9 116
9 127
9 141
9 160
9 163
9 177
9 203
9 204
9 217
9 220
9 225
9 228
9 239
9 242
9 268
10 15
10 28
10 39
10 49
10 51
10 65
10 74
10 95
10 100
10 102
10 116
10 127
10 141
10 163
10 165
10 177
10 203
10 204
10 217
10 220
10 225
10 228
10 239
10 242
10 268
11 15
11 26
11 28
11 39
11 49
11 51
11 65
11 74
11 80
11 100
11 102
11 116
11 127
11 141
11 163
11 165
11 177
11 203
11 204
11 217
11 220
11 225
11 228
11 239
11 242
11 268
12 15
12 26
12 28
12 39
12 49
12 51
12 65
12 72
12 74
12 80
12 100
12 102
12 116
12 127
12 141
12 163
12 165
12 177
12 203
12 204
12 217
12 220
12 225
12 228
12 239
12 242
12 268
13 15
13 26
13 28
13 39
13 49
13 51
13 65
13 72
13 74
13 80
13 100
13 102
13 116
13 127
13 141
13 163
13 165
13 177
13 203
13 204
13 217
13 220
13 225
13 228
13 239
13 242
13 268
14 15
14 26
14 28
14 39
14 49
14 51
14 52
14 65
14 72
14 74
14 80
14 98
14 100
14 102
14 116
14 127
14 141
14 163
14 165
14 177
14 184
14 203
14 204
14 217
14 220
14 225
14 228
14 239
14 242
14 268
15 17
15 26
15 39
15 49
15 51
15 52
15 65
15 72
15 74
15 80
15 83
15 98
15 100
15 102
15 127
15 137
15 141
15 163
15 165
15 177
15 184
15 203
15 204
15 217
15 220
15 224
15 225
15 228
15 239
15 242
15 268
16 22
16 54
16 65
16 69
16 74
16 75
16 79
16 80
16 83
16 91
16 100
16 102
16 151
16 163
16 165
16 177
16 187
16 203
16 204
16 220
16 224
16 225
16 239
16 242
16 268
17 22
17 32
17 33
17 47
17 54
17 65
17 69
17 74
17 75
17 79
17 80
17 83
17 91
17 100
17 102
17 151
17 163
17 165
17 177
17 187
17 203
17 204
17 220
17 224
17 225
17 239
17 242
17 263
17 268
18 32
18 33
18 47
18 54
18 65
18 69
18 75
18 79
18 80
18 83
18 91
18 100
18 102
18 151
18 163
18 165
18 177
18 187
18 189
18 203
18 204
18 220
18 224
18 225
18 239
18 242
18 263
18 268
19 32
19 33
19 47
19 54
19 65
19 69
19 75
19 79
19 80
19 83
19 91
19 100
19 102
19 151
19 163
19 165
19 168
19 177
19 187
19 189
19 203
19 204
19 220
19 224
19 225
19 239
19 242
19 263
19 268
20 33
20 47
20 54
20 65
20 69
20 75
20 79
20 80
20 83
20 91
20 100
20 102
20 151
20 163
20 165
20 177
20 187
20 189
20 203
20 204
20 220
20 224
20 225
20 239
20 242
20 263
20 268
21 33
21 47
21 54
21 65
21 69
21 75
21 79
21 80
21 83
21 91
21 100
21 102
21 151
21 163
21 165
21 177
21 189
21 203
21 204
21 220
21 224
21 225
21 239
21 242
21 263
21 268
22 33
22 42
22 54
22 65
22 67
22 69
22 80
22 83
22 90
22 91
22 100
22 102
22 151
22 163
22 165
22 172
22 177
22 189
22 203
22 204
22 220
22 224
22 225
22 239
22 242
22 263
22 268
23 35
23 54
23 65
23 69
23 80
23 90
23 142
23 163
23 165
23 177
23 189
23 203
23 220
23 224
23 225
23 239
23 242
23 268
24 35
24 44
24 54
24 60
24 69
24 73
24 82
24 90
24 114
24 133
24 142
24 163
24 177
24 179
24 189
24 190
24 203
24 220
24 224
24 225
24 239
24 242
24 268
25 34
25 35
25 36
25 44
25 54
25 60
25 61
25 69
25 73
25 90
25 114
25 133
25 142
25 163
25 177
25 179
25 189
25 190
25 220
25 224
25 225
25 239
25 242
25 268
26 34
26 35
26 36
26 44
26 54
26 60
26 61
26 69
26 71
26 73
26 90
26 114
26 133
26 142
26 161
26 177
26 189
26 190
26 220
26 224
26 225
26 239
26 242
26 273
27 34
27 35
27 36
27 44
27 54
27 60
27 61
27 69
27 71
27 73
27 90
27 114
27 126
27 133
27 142
27 161
27 177
27 189
27 190
27 220
27 224
27 225
27 239
27 242
27 273
28 30
28 36
28 44
28 60
28 69
28 73
28 90
28 114
28 126
28 133
28 142
28 161
28 177
28 189
28 190
28 220
28 224
28 225
28 239
28 242
28 273
29 36
29 37
29 44
29 60
29 69
29 73
29 90
29 94
29 114
29 126
29 133
29 142
29 161
29 177
29 189
29 190
29 194
29 220
29 224
29 225
29 239
29 242
29 273
30 36
30 37
30 44
30 64
30 69
30 73
30 90
30 92
30 94
30 114
30 126
30 133
30 142
30 161
30 177
30 189
30 190
30 194
30 220
30 224
30 225
30 239
30 242
30 273
31 37
31 44
31 69
31 73
31 90
31 92
31 94
31 114
31 126
31 133
31 142
31 161
31 177
31 189
31 190
31 194
31 224
31 225
31 239
31 242
31 273
32 37
32 44
32 69
32 73
32 90
32 92
32 94
32 114
32 126
32 133
32 142
32 161
32 177
32 189
32 190
32 194
32 224
32 225
32 239
32 242
32 273
33 37
33 44
33 69
33 73
33 77
33 90
33 92
33 94
33 114
33 126
33 133
33 142
33 161
33 177
33 189
33 190
33 194
33 224
33 225
33 239
33 242
33 273
34 37
34 69
34 73
34 76
34 77
34 85
34 90
34 92
34 94
34 114
34 126
34 133
34 134
34 161
34 177
34 189
34 190
34 194
34 224
34 225
34 239
34 242
34 273
35 69
35 73
35 76
35 77
35 85
35 90
35 92
35 93
35 94
35 114
35 126
35 133
35 134
35 161
35 177
35 189
35 190
35 194
35 224
35 225
35 239
35 242
35 273
36 69
36 73
36 76
36 77
36 85
36 90
36 92
36 93
36 94
36 126
36 133
36 134
36 161
36 177
36 189
36 190
36 194
36 224
36 225
36 239
36 242
36 273
37 69
37 73
37 76
37 77
37 85
37 90
37 92
37 93
37 94
37 126
37 133
37 134
37 161
37 177
37 189
37 190
37 194
37 224
37 225
37 239
37 242
37 273
38 56
38 73
38 76
38 77
38 85
38 90
38 93
38 94
38 126
38 132
38 133
38 134
38 145
38 161
38 177
38 189
38 190
38 194
38 224
38 225
38 239
38 242
38 273
39 56
39 73
39 76
39 77
39 85
39 90
39 93
39 94
39 105
39 126
39 132
39 133
39 134
39 145
39 161
39 177
39 189
39 190
39 194
39 224
39 225
39 239
39 242
39 273
40 56
40 73
40 76
40 77
40 85
40 90
40 93
40 94
40 105
40 126
40 132
40 133
40 134
40 145
40 161
40 177
40 189
40 190
40 194
40 224
40 225
40 239
40 242
40 273
41 56
41 73
41 76
41 77
41 85
41 90
41 93
41 94
41 105
41 126
41 132
41 134
41 145
41 177
41 189
41 190
41 194
41 224
41 225
41 239
41 242
41 273
42 56
42 73
42 76
42 77
42 85
42 90
42 93
42 94
42 105
42 126
42 132
42 134
42 145
42 177
42 189
42 190
42 194
42 224
42 225
42 239
42 242
42 273
43 56
43 66
43 73
43 76
43 77
43 85
43 90
43 93
43 94
43 105
43 126
43 132
43 134
43 145
43 177
43 189
43 190
43 194
43 224
43 225
43 229
43 239
43 242
43 249
43 273
44 53
44 56
44 66
44 73
44 77
44 85
44 93
44 94
44 126
44 132
44 134
44 177
44 189
44 190
44 194
44 206
44 224
44 225
44 229
44 239
44 242
44 249
44 273
45 53
45 56
45 66
45 73
45 77
45 85
45 93
45 94
45 126
45 132
45 134
45 177
45 189
45 190
45 194
45 206
45 224
45 225
45 229
45 239
45 242
45 249
45 273
46 53
46 66
46 73
46 77
46 85
46 93
46 94
46 126
46 132
46 134
46 177
46 189
46 190
46 194
46 206
46 224
46 225
46 229
46 239
46 242
46 249
46 273
47 53
47 57
47 66
47 73
47 77
47 85
47 93
47 94
47 115
47 126
47 132
47 134
47 177
47 189
47 190
47 194
47 206
47 224
47 225
47 229
47 239
47 242
47 249
47 273
48 53
48 57
48 59
48 66
48 73
48 77
48 85
48 93
48 115
48 126
48 132
48 177
48 189
48 190
48 194
48 206
48 224
48 225
48 229
48 239
48 242
48 249
48 273
49 53
49 57
49 59
49 73
49 77
49 85
49 115
49 126
49 132
49 177
49 189
49 190
49 194
49 206
49 224
49 225
49 229
49 239
49 249
49 273
50 53
50 57
50 59
50 73
50 77
50 85
50 115
50 126
50 132
50 177
50 189
50 190
50 194
50 206
50 224
50 225
50 229
50 239
50 249
50 273
51 57
51 59
51 73
51 77
51 85
51 99
51 115
51 126
51 132
51 177
51 189
51 190
51 194
51 206
51 225
51 229
51 239
51 249
51 273
52 57
52 59
52 73
52 77
52 81
52 85
52 88
52 99
52 126
52 132
52 177
52 189
52 190
52 194
52 206
52 225
52 229
52 239
52 273
53 57
53 59
53 77
53 81
53 85
53 86
53 88
53 99
53 126
53 132
53 177
53 189
53 190
53 194
53 229
53 239
53 273
54 57
54 77
54 81
54 85
54 86
54 88
54 99
54 126
54 132
54 177
54 189
54 190
54 194
54 229
54 239
54 273
55 57
55 63
55 77
55 85
55 88
55 99
55 109
55 122
55 126
55 132
55 177
55 182
55 189
55 190
55 194
55 229
55 239
55 256
55 273
56 57
56 63
56 77
56 85
56 88
56 99
56 109
56 122
56 126
56 132
56 177
56 182
56 189
56 190
56 194
56 229
56 239
56 256
56 273
57 63
57 77
57 85
57 87
57 88
57 99
57 103
57 122
57 126
57 128
57 132
57 189
57 194
57 229
57 239
57 256
57 273
58 63
58 77
58 85
58 87
58 88
58 99
58 103
58 122
58 126
58 128
58 154
58 189
58 194
58 229
58 239
58 256
58 273
58 276
59 63
59 77
59 85
59 87
59 88
59 99
59 103
59 122
59 126
59 128
59 154
59 189
59 194
59 229
59 239
59 256
59 273
59 276
60 63
60 77
60 85
60 87
60 88
60 99
60 122
60 126
60 128
60 140
60 154
60 189
60 194
60 229
60 239
60 256
60 273
60 276
61 63
61 77
61 85
61 87
61 88
61 99
61 122
61 126
61 128
61 140
61 154
61 189
61 194
61 229
61 239
61 256
61 273
61 276
62 63
62 77
62 85
62 87
62 88
62 99
62 122
62 126
62 128
62 140
62 154
62 189
62 194
62 229
62 239
62 256
62 273
62 276
63 63
63 77
63 85
63 87
63 88
63 99
63 122
63 126
63 128
63 140
63 154
63 189
63 194
63 229
63 239
63 256
63 273
63 276
64 87
64 88
64 89
64 97
64 99
64 106
64 112
64 122
64 123
64 126
64 140
64 154
64 162
64 189
64 194
64 222
64 229
64 256
64 269
64 273
64 276
65 87
65 88
65 89
65 97
65 99
65 106
65 112
65 122
65 123
65 126
65 140
65 154
65 162
65 189
65 194
65 222
65 229
65 256
65 269
65 273
65 276
66 88
66 89
66 97
66 99
66 106
66 112
66 122
66 123
66 126
66 136
66 140
66 143
66 154
66 162
66 189
66 194
66 210
66 222
66 229
66 256
66 269
66 273
66 276
67 88
67 89
67 97
67 106
67 112
67 122
67 123
67 126
67 136
67 140
67 143
67 154
67 162
67 181
67 186
67 189
67 194
67 210
67 222
67 229
67 269
67 273
67 276
68 89
68 97
68 106
68 112
68 122
68 123
68 126
68 136
68 140
68 143
68 154
68 181
68 189
68 194
68 210
68 222
68 229
68 273
68 276
69 89
69 96
69 97
69 106
69 122
69 123
69 126
69 136
69 140
69 143
69 154
69 181
69 189
69 194
69 210
69 222
69 229
69 273
69 276
70 89
70 106
70 122
70 123
70 126
70 136
70 140
70 143
70 154
70 181
70 189
70 194
70 210
70 222
70 229
70 273
70 276
71 89
71 106
71 122
71 123
71 126
71 130
71 136
71 140
71 143
71 154
71 181
71 189
71 194
71 210
71 222
71 229
71 273
71 276
72 84
72 106
72 122
72 123
72 126
72 130
72 136
72 143
72 153
72 154
72 181
72 189
72 194
72 229
72 273
73 84
73 106
73 119
73 122
73 123
73 126
73 130
73 136
73 143
73 153
73 154
73 181
73 189
73 194
73 229
73 273
74 84
74 106
74 119
74 122
74 123
74 126
74 130
74 136
74 143
74 153
74 154
74 181
74 189
74 194
74 229
74 273
75 84
75 106
75 119
75 122
75 123
75 126
75 130
75 136
75 143
75 153
75 154
75 181
75 189
75 194
75 229
75 273
76 84
76 106
76 119
76 122
76 123
76 126
76 130
76 136
76 143
76 153
76 154
76 180
76 181
76 189
76 194
76 229
76 273
76 274
77 84
77 106
77 119
77 122
77 123
77 126
77 130
77 136
77 143
77 153
77 154
77 180
77 181
77 189
77 194
77 229
77 273
77 274
78 84
78 106
78 119
78 122
78 126
78 130
78 136
78 143
78 144
78 153
78 180
78 181
78 189
78 194
78 229
78 241
78 273
78 274
79 84
79 106
79 122
79 136
79 143
79 144
79 153
79 180
79 181
79 183
79 189
79 194
79 241
79 255
79 260
79 273
79 274
80 84
80 106
80 122
80 136
80 143
80 144
80 153
80 158
80 180
80 181
80 183
80 189
80 194
80 241
80 255
80 260
80 273
80 274
81 84
81 106
81 122
81 136
81 143
81 144
81 153
81 158
81 180
81 181
81 183
81 189
81 194
81 241
81 255
81 260
81 273
81 274
82 84
82 122
82 136
82 143
82 144
82 153
82 158
82 180
82 181
82 183
82 189
82 194
82 196
82 241
82 255
82 260
82 273
82 274
83 84
83 122
83 136
83 143
83 144
83 153
83 158
83 180
83 181
83 183
83 189
83 194
83 196
83 241
83 255
83 260
83 273
83 274
84 84
84 108
84 122
84 124
84 136
84 143
84 144
84 153
84 158
84 180
84 181
84 183
84 189
84 194
84 196
84 241
84 255
84 274
85 84
85 108
85 122
85 124
85 136
85 143
85 144
85 153
85 158
85 180
85 181
85 183
85 189
85 194
85 196
85 241
85 255
85 274
86 84
86 108
86 122
86 124
86 136
86 143
86 144
86 153
86 158
86 180
86 181
86 183
86 189
86 194
86 196
86 241
86 255
86 274
87 84
87 108
87 111
87 122
87 144
87 153
87 158
87 180
87 181
87 183
87 194
87 196
87 214
87 219
87 241
87 255
87 274
87 277
88 84
88 108
88 111
88 113
88 122
88 144
88 153
88 158
88 180
88 181
88 183
88 194
88 196
88 214
88 219
88 241
88 255
88 274
88 277
89 84
89 108
89 111
89 113
89 122
89 144
89 153
89 158
89 180
89 181
89 183
89 194
89 196
89 214
89 219
89 241
89 255
89 274
89 277
90 84
90 108
90 111
90 113
90 122
90 144
90 153
90 158
90 180
90 183
90 194
90 196
90 214
90 219
90 274
90 277
91 108
91 111
91 113
91 122
91 144
91 153
91 158
91 180
91 183
91 194
91 196
91 214
91 219
91 274
91 277
92 108
92 113
92 118
92 122
92 144
92 153
92 157
92 158
92 180
92 183
92 194
92 196
92 214
92 219
92 266
92 274
92 277
92 280
93 108
93 113
93 118
93 122
93 144
93 153
93 157
93 158
93 180
93 194
93 196
93 214
93 219
93 266
93 274
93 277
93 280
94 104
94 107
94 108
94 113
94 118
94 129
94 144
94 153
94 156
94 180
94 196
94 214
94 219
94 250
94 266
94 274
94 277
94 280
95 104
95 107
95 108
95 113
95 118
95 129
95 144
95 153
95 156
95 180
95 196
95 214
95 219
95 250
95 266
95 274
95 277
95 280
96 104
96 107
96 108
96 110
96 113
96 118
96 129
96 144
96 153
96 156
96 180
96 196
96 214
96 219
96 250
96 266
96 274
96 277
96 280
97 107
97 108
97 110
97 113
97 118
97 121
97 129
97 144
97 153
97 156
97 180
97 196
97 214
97 219
97 250
97 266
97 274
97 277
97 280
98 107
98 108
98 110
98 113
98 118
98 121
98 129
98 144
98 153
98 156
98 180
98 196
98 214
98 219
98 250
98 266
98 274
98 277
98 280
99 107
99 108
99 110
99 113
99 118
99 121
99 129
99 144
99 153
99 156
99 180
99 196
99 214
99 219
99 250
99 266
99 274
99 277
99 280
100 107
100 108
100 110
100 113
100 118
100 121
100 129
100 144
100 153
100 156
100 180
100 196
100 214
100 219
100 240
100 250
100 266
100 274
100 277
100 280
101 107
101 108
101 110
101 113
101 118
101 121
101 129
101 139
101 144
101 153
101 156
101 180
101 196
101 214
101 219
101 240
101 250
101 266
101 274
101 277
101 280
102 107
102 108
102 110
102 113
102 118
102 121
102 129
102 139
102 144
102 153
102 156
102 180
102 196
102 214
102 219
102 240
102 250
102 266
102 274
102 277
102 280
103 107
103 108
103 110
103 113
103 118
103 121
103 129
103 139
103 144
103 153
103 156
103 180
103 196
103 214
103 219
103 240
103 250
103 266
103 274
103 277
103 280
104 107
104 108
104 110
104 113
104 118
104 121
104 129
104 139
104 144
104 153
104 156
104 180
104 196
104 219
104 240
104 250
104 266
104 274
104 277
104 280
105 107
105 108
105 110
105 113
105 118
105 120
105 121
105 129
105 139
105 144
105 156
105 180
105 196
105 207
105 219
105 240
105 250
105 266
105 274
105 277
105 280
106 107
106 108
106 110
106 113
106 118
106 120
106 121
106 129
106 139
106 144
106 156
106 180
106 196
106 207
106 219
106 240
106 250
106 251
106 266
106 274
106 277
106 280
107 107
107 108
107 110
107 113
107 118
107 120
107 121
107 129
107 131
107 139
107 144
107 180
107 196
107 207
107 219
107 240
107 244
107 250
107 251
107 266
107 274
107 277
107 280
108 107
108 108
108 110
108 113
108 118
108 120
108 121
108 129
108 131
108 139
108 144
108 180
108 196
108 207
108 219
108 240
108 244
108 250
108 251
108 253
108 266
108 274
108 277
108 280
109 107
109 108
109 110
109 113
109 118
109 120
109 121
109 129
109 131
109 139
109 144
109 180
109 196
109 207
109 219
109 240
109 244
109 250
109 251
109 253
109 266
109 274
109 277
109 280
110 108
110 110
110 113
110 118
110 120
110 121
110 129
110 131
110 139
110 144
110 180
110 196
110 207
110 219
110 240
110 243
110 244
110 250
110 251
110 252
110 253
110 266
110 274
110 277
110 280
111 108
111 110
111 113
111 118
111 120
111 121
111 129
111 131
111 139
111 144
111 180
111 196
111 207
111 219
111 233
111 240
111 243
111 244
111 250
111 251
111 252
111 253
111 266
111 274
111 277
111 280
112 108
112 110
112 118
112 120
112 129
112 131
112 144
112 148
112 159
112 196
112 207
112 233
112 240
112 243
112 244
112 250
112 251
112 252
112 253
112 266
112 277
112 280
113 108
113 110
113 118
113 120
113 129
113 131
113 144
113 148
113 196
113 207
113 233
113 240
113 243
113 244
113 250
113 251
113 252
113 253
113 254
113 266
113 277
113 280
114 108
114 110
114 118
114 120
114 131
114 144
114 196
114 207
114 233
114 240
114 243
114 244
114 250
114 251
114 252
114 253
114 254
114 266
114 277
114 280
115 120
115 125
115 131
115 170
115 173
115 196
115 207
115 233
115 235
115 240
115 243
115 244
115 250
115 251
115 252
115 253
115 254
115 266
115 277
115 280
116 120
116 125
116 131
116 170
116 173
116 196
116 207
116 233
116 235
116 240
116 243
116 244
116 250
116 251
116 252
116 253
116 254
116 266
116 277
116 280
117 120
117 125
117 131
117 146
117 170
117 173
117 196
117 207
117 209
117 218
117 230
117 233
117 235
117 240
117 243
117 244
117 250
117 251
117 252
117 253
117 254
117 266
117 277
117 280
118 131
118 146
118 170
118 173
118 196
118 207
118 209
118 218
118 230
118 233
118 235
118 240
118 243
118 244
118 250
118 251
118 252
118 254
118 266
118 277
118 280
118 282
119 131
119 146
119 170
119 173
119 196
119 207
119 209
119 218
119 230
119 233
119 235
119 240
119 243
119 244
119 250
119 251
119 252
119 254
119 266
119 277
119 280
119 282
120 131
120 138
120 147
120 152
120 173
120 196
120 207
120 209
120 218
120 230
120 233
120 235
120 240
120 243
120 244
120 250
120 251
120 252
120 254
120 277
120 280
120 282
121 131
121 138
121 147
121 152
121 169
121 173
121 196
121 207
121 209
121 218
121 230
121 233
121 235
121 240
121 243
121 244
121 250
121 251
121 252
121 254
121 277
121 280
121 282
122 131
122 138
122 147
122 152
122 169
122 173
122 196
122 207
122 209
122 218
122 230
122 233
122 235
122 240
122 243
122 244
122 251
122 252
122 254
122 277
122 280
122 282
123 131
123 138
123 147
123 152
123 169
123 173
123 196
123 207
123 209
123 218
123 230
123 233
123 235
123 240
123 243
123 244
123 251
123 252
123 254
123 277
123 280
123 282
124 131
124 138
124 147
124 152
124 196
124 207
124 209
124 218
124 230
124 233
124 235
124 240
124 243
124 244
124 251
124 252
124 254
124 277
124 280
124 282
125 138
125 147
125 152
125 167
125 196
125 201
125 207
125 209
125 218
125 235
125 240
125 244
125 251
125 252
125 277
125 279
125 280
125 282
126 138
126 147
126 152
126 167
126 196
126 201
126 207
126 209
126 218
126 235
126 240
126 244
126 251
126 252
126 277
126 279
126 280
126 282
127 138
127 147
127 152
127 167
127 196
127 201
127 207
127 209
127 218
127 235
127 240
127 244
127 251
127 252
127 277
127 279
127 280
127 282
128 138
128 147
128 152
128 167
128 196
128 201
128 207
128 209
128 218
128 235
128 240
128 244
128 251
128 252
128 277
128 279
128 280
128 282
129 138
129 152
129 196
129 201
129 207
129 209
129 218
129 235
129 240
129 244
129 251
129 277
129 279
129 280
129 282
130 138
130 152
130 196
130 201
130 207
130 209
130 218
130 235
130 240
130 244
130 251
130 277
130 279
130 280
130 282
131 138
131 152
131 196
131 201
131 207
131 209
131 218
131 234
131 235
131 240
131 244
131 251
131 277
131 280
131 282
132 152
132 195
132 196
132 201
132 207
132 209
132 218
132 234
132 235
132 236
132 240
132 244
132 251
132 275
132 277
132 280
132 282
133 152
133 195
133 196
133 201
133 207
133 209
133 218
133 234
133 235
133 236
133 240
133 244
133 251
133 275
133 277
133 280
133 282
134 152
134 195
134 196
134 201
134 207
134 209
134 218
134 234
134 235
134 236
134 240
134 244
134 251
134 275
134 277
134 280
134 282
135 152
135 178
135 192
135 195
135 196
135 201
135 207
135 209
135 215
135 218
135 226
135 234
135 235
135 236
135 240
135 244
135 245
135 246
135 251
135 270
135 275
135 277
135 280
135 282
136 152
136 178
136 192
136 195
136 196
136 200
136 201
136 207
136 209
136 215
136 218
136 226
136 234
136 235
136 240
136 244
136 245
136 246
136 251
136 270
136 275
136 280
136 282
137 152
137 178
137 192
137 196
137 200
137 201
137 207
137 209
137 215
137 218
137 226
137 234
137 235
137 240
137 244
137 245
137 246
137 251
137 270
137 275
137 280
137 282
138 149
138 155
138 178
138 192
138 196
138 200
138 201
138 207
138 209
138 215
138 218
138 226
138 234
138 235
138 244
138 245
138 246
138 251
138 270
138 275
138 280
138 282
139 149
139 155
139 178
139 192
139 196
139 200
139 201
139 207
139 209
139 215
139 218
139 226
139 235
139 244
139 245
139 246
139 251
139 270
139 275
139 280
139 282
140 149
140 155
140 178
140 192
140 196
140 200
140 201
140 207
140 209
140 215
140 218
140 226
140 235
140 244
140 245
140 246
140 251
140 270
140 275
140 280
140 282
141 149
141 155
141 175
141 178
141 192
141 196
141 200
141 201
141 207
141 209
141 215
141 218
141 226
141 235
141 244
141 245
141 246
141 251
141 270
141 275
141 280
141 282
142 149
142 155
142 175
142 176
142 178
142 192
142 196
142 198
142 200
142 201
142 207
142 209
142 215
142 218
142 226
142 244
142 245
142 246
142 251
142 270
142 275
142 280
142 282
143 149
143 155
143 175
143 176
143 178
143 192
143 196
143 198
143 200
143 201
143 207
143 209
143 215
143 218
143 226
143 244
143 245
143 246
143 251
143 270
143 275
143 280
143 282
144 149
144 155
144 175
144 176
144 178
144 192
144 196
144 198
144 200
144 201
144 207
144 209
144 215
144 218
144 226
144 244
144 245
144 246
144 251
144 270
144 275
144 280
144 282
145 149
145 150
145 155
145 166
145 174
145 175
145 176
145 178
145 188
145 192
145 198
145 200
145 201
145 207
145 209
145 215
145 218
145 226
145 244
145 245
145 246
145 251
145 270
145 275
145 282
146 149
146 150
146 155
146 166
146 175
146 176
146 178
146 185
146 188
146 192
146 198
146 200
146 201
146 207
146 209
146 213
146 215
146 218
146 226
146 244
146 245
146 246
146 251
146 270
146 275
146 282
147 149
147 150
147 155
147 166
147 175
147 176
147 178
147 185
147 188
147 192
147 198
147 200
147 201
147 207
147 209
147 213
147 215
147 218
147 226
147 244
147 245
147 246
147 251
147 270
147 275
147 282
148 149
148 150
148 155
148 166
148 176
148 178
148 185
148 188
148 192
148 198
148 200
148 201
148 207
148 209
148 215
148 226
148 231
148 244
148 245
148 246
148 251
148 264
148 270
148 275
148 282
149 149
149 150
149 155
149 166
149 176
149 178
149 185
149 188
149 198
149 200
149 201
149 209
149 215
149 226
149 231
149 244
149 245
149 246
149 264
149 270
149 282
150 149
150 150
150 155
150 166
150 176
150 178
150 185
150 188
150 198
150 200
150 201
150 209
150 221
150 231
150 244
150 245
150 264
150 270
150 282
151 149
151 150
151 155
151 166
151 176
151 178
151 185
151 188
151 198
151 200
151 201
151 209
151 221
151 231
151 244
151 245
151 264
151 270
151 282
152 149
152 150
152 155
152 166
152 176
152 178
152 185
152 188
152 198
152 200
152 201
152 209
152 221
152 244
152 245
152 248
152 264
152 270
152 282
153 149
153 150
153 155
153 166
153 176
153 178
153 185
153 188
153 198
153 200
153 201
153 209
153 221
153 244
153 245
153 248
153 264
153 270
153 281
153 282
154 149
154 150
154 155
154 166
154 176
154 178
154 185
154 188
154 198
154 200
154 201
154 209
154 221
154 244
154 245
154 248
154 258
154 264
154 270
154 281
154 282
155 166
155 176
155 178
155 188
155 198
155 199
155 200
155 201
155 212
155 221
155 244
155 245
155 248
155 258
155 264
155 270
155 281
155 282
156 166
156 176
156 178
156 188
156 199
156 200
156 201
156 212
156 221
156 244
156 245
156 248
156 258
156 264
156 270
156 281
156 282
157 166
157 176
157 178
157 188
157 199
157 200
157 201
157 212
157 221
157 244
157 245
157 248
157 258
157 262
157 264
157 270
157 281
157 282
158 166
158 176
158 178
158 188
158 199
158 200
158 201
158 212
158 221
158 244
158 245
158 248
158 258
158 262
158 264
158 270
158 281
158 282
159 166
159 176
159 178
159 188
159 199
159 200
159 201
159 212
159 221
159 223
159 244
159 245
159 248
159 258
159 262
159 264
159 270
159 281
159 282
160 166
160 176
160 178
160 188
160 199
160 200
160 201
160 212
160 221
160 223
160 244
160 245
160 248
160 258
160 262
160 264
160 270
160 281
160 282
161 166
161 176
161 178
161 188
161 199
161 200
161 201
161 212
161 221
161 223
161 244
161 245
161 248
161 258
161 262
161 264
161 270
161 281
161 282
162 166
162 176
162 178
162 188
162 199
162 200
162 201
162 212
162 221
162 223
162 244
162 245
162 248
162 258
162 262
162 264
162 270
162 281
162 282
163 166
163 176
163 178
163 188
163 199
163 200
163 201
163 212
163 221
163 223
163 244
163 245
163 248
163 258
163 262
163 264
163 270
163 281
163 282
164 166
164 176
164 178
164 188
164 199
164 200
164 201
164 212
164 221
164 223
164 244
164 245
164 248
164 258
164 262
164 264
164 267
164 270
164 281
164 282
165 166
165 176
165 178
165 188
165 199
165 200
165 201
165 212
165 221
165 223
165 244
165 245
165 248
165 258
165 262
165 264
165 267
165 270
165 281
165 282
166 166
166 176
166 178
166 188
166 199
166 200
166 201
166 212
166 221
166 223
166 244
166 245
166 248
166 258
166 262
166 267
166 270
166 281
166 282
167 166
167 176
167 178
167 188
167 193
167 199
167 200
167 201
167 212
167 221
167 223
167 244
167 245
167 248
167 258
167 262
167 267
167 270
167 281
167 282
168 176
168 178
168 188
168 193
168 199
168 200
168 212
168 221
168 223
168 244
168 245
168 248
168 258
168 262
168 267
168 270
168 281
168 282
169 176
169 178
169 188
169 193
169 199
169 200
169 212
169 221
169 223
169 244
169 245
169 258
169 262
169 267
169 270
169 281
169 282
170 176
170 178
170 188
170 193
170 199
170 200
170 212
170 221
170 223
170 244
170 245
170 258
170 262
170 267
170 270
170 281
170 282
171 176
171 178
171 188
171 193
171 199
171 212
171 221
171 223
171 244
171 245
171 258
171 262
171 267
171 270
171 282
172 176
172 178
172 188
172 193
172 199
172 212
172 221
172 223
172 244
172 245
172 258
172 262
172 267
172 270
172 282
173 176
173 178
173 188
173 191
173 193
173 212
173 223
173 244
173 245
173 258
173 262
173 265
173 267
173 270
174 176
174 178
174 188
174 191
174 193
174 212
174 244
174 258
174 262
174 265
174 267
174 284
175 176
175 178
175 188
175 191
175 193
175 212
175 244
175 258
175 262
175 265
175 267
175 284
176 176
176 178
176 188
176 191
176 193
176 212
176 244
176 258
176 262
176 265
176 267
176 284
177 176
177 178
177 188
177 191
177 193
177 212
177 244
177 258
177 262
177 265
177 267
177 284
178 176
178 188
178 191
178 193
178 208
178 212
178 244
178 258
178 262
178 265
178 267
178 271
178 284
179 176
179 188
179 191
179 193
179 197
179 205
179 208
179 212
179 244
179 258
179 262
179 265
179 267
179 271
179 284
180 176
180 188
180 191
180 193
180 197
180 205
180 208
180 212
180 244
180 258
180 262
180 265
180 267
180 271
180 284
181 188
181 191
181 193
181 205
181 208
181 212
181 258
181 262
181 265
181 271
181 284
182 188
182 191
182 193
182 205
182 208
182 212
182 258
182 262
182 265
182 271
182 284
183 188
183 191
183 193
183 208
183 212
183 258
183 262
183 265
183 271
183 284
184 188
184 191
184 208
184 212
184 258
184 262
184 265
184 271
184 284
185 188
185 191
185 208
185 258
185 262
185 265
185 271
185 284
186 188
186 191
186 208
186 258
186 262
186 265
186 271
186 284
187 188
187 191
187 208
187 258
187 262
187 265
187 271
187 284
188 188
188 191
188 208
188 258
188 262
188 265
188 271
188 284
189 188
189 208
189 258
189 262
189 271
189 284
190 208
190 258
190 262
190 271
190 284
191 208
191 258
191 262
191 271
191 284
192 208
192 258
192 262
192 284
193 208
193 262
193 284
194 208
194 262
194 284
195 208
195 262
195 284
196 208
196 262
196 284
197 208
197 262
197 284
198 208
198 262
198 284
199 208
199 262
199 284
200 208
200 216
200 262
200 284
201 208
201 232
201 262
201 284
202 208
202 232
202 262
202 278
202 284
203 208
203 232
203 262
203 278
203 284
204 208
204 232
204 262
204 278
204 284
205 208
205 232
205 262
205 278
205 284
206 208
206 232
206 262
206 278
206 284
207 208
207 232
207 262
207 278
207 284
208 208
208 232
208 262
208 278
208 284
209 232
209 262
209 278
209 284
210 232
210 262
210 278
210 284
211 232
211 262
211 278
211 283
211 284
212 232
212 262
212 278
212 283
212 284
213 232
213 262
213 278
213 283
213 284
214 232
214 262
214 278
214 283
214 284
215 232
215 262
215 278
215 283
215 284
216 232
216 262
216 278
216 283
216 284
217 232
217 262
217 278
217 283
217 284
218 232
218 262
218 284
219 232
219 262
219 284
220 237
220 262
220 284
221 237
221 262
221 284
222 237
222 262
222 284
223 227
223 237
223 262
223 272
223 284
224 227
224 237
224 262
224 272
224 284
225 227
225 237
225 262
225 272
225 284
226 227
226 237
226 261
226 262
226 272
226 284
227 227
227 237
227 261
227 262
227 272
227 284
228 227
228 237
228 261
228 262
228 272
228 284
229 227
229 237
229 261
229 262
229 272
229 284
230 227
230 237
230 261
230 262
230 272
230 284
231 227
231 237
231 261
231 262
231 272
231 284
232 227
232 237
232 261
232 262
232 272
232 284
233 237
233 261
233 262
233 272
233 284
234 237
234 261
234 262
234 272
234 284
235 237
235 261
235 262
235 272
235 284
236 237
236 259
236 261
236 262
236 272
236 284
237 237
237 259
237 261
237 262
237 272
237 284
238 237
238 259
238 261
238 262
238 272
238 284
239 237
239 259
239 261
239 262
239 272
239 284
240 259
240 261
240 262
240 284
241 259
241 261
241 262
241 284
242 259
242 261
242 262
242 284
243 259
243 261
243 262
243 284
244 259
244 261
244 262
244 284
245 259
245 261
245 262
245 284
246 259
246 261
246 262
246 284
247 259
247 261
247 262
247 284
248 259
248 262
248 284
249 259
249 262
249 284
250 259
250 262
250 284
251 259
251 262
251 284
252 259
252 262
252 284
253 259
253 262
253 284
254 259
254 262
254 284
255 259
255 262
255 284
256 284
257 284
258 284
259 284
260 284
261 284
262 284
263 284
264 284
265 284
266 284
267 284
268 284
269 284
270 284
271 284
272 284
