0 2
0 3
0 7
0 9
0 17
0 241
1 5
1 6
1 9
1 44
1 91
1 241
2 5
2 6
2 44
2 91
2 241
3 5
3 6
3 44
3 90
3 91
3 159
3 241
4 6
4 8
4 44
4 90
4 91
4 159
4 241
5 6
5 44
5 90
5 91
5 159
5 241
6 44
6 90
6 91
6 129
6 159
6 241
7 16
7 18
7 24
7 58
7 90
7 91
7 129
7 159
7 162
7 241
7 255
8 12
8 16
8 23
8 24
8 58
8 81
8 90
8 91
8 105
8 117
8 129
8 159
8 162
8 241
8 253
8 255
9 16
9 23
9 53
9 58
9 81
9 84
9 90
9 91
9 105
9 117
9 129
9 159
9 162
9 241
9 253
9 254
9 255
10 16
10 23
10 53
10 58
10 81
10 84
10 90
10 91
10 105
10 117
10 129
10 159
10 162
10 241
10 253
10 254
10 255
11 16
11 23
11 26
11 50
11 58
11 80
11 81
11 84
11 90
11 91
11 105
11 117
11 129
11 159
11 162
11 216
11 241
11 253
11 254
11 255
12 16
12 23
12 26
12 50
12 58
12 80
12 81
12 84
12 90
12 91
12 105
12 117
12 129
12 159
12 162
12 216
12 241
12 253
12 254
12 255
13 15
13 16
13 26
13 50
13 58
13 80
13 81
13 84
13 90
13 91
13 105
13 113
13 116
13 117
13 129
13 159
13 162
13 216
13 232
13 241
13 253
13 254
13 255
13 262
14 46
14 58
14 80
14 81
14 84
14 90
14 91
14 92
14 105
14 113
14 116
14 117
14 129
14 159
14 162
14 186
14 216
14 232
14 241
14 253
14 254
14 255
14 262
15 46
15 58
15 80
15 81
15 84
15 90
15 91
15 92
15 105
15 113
15 116
15 117
15 129
15 159
15 162
15 186
15 216
15 232
15 241
15 253
15 254
15 255
15 262
16 37
16 46
16 58
16 80
16 81
16 82
16 84
16 90
16 91
16 92
16 105
16 113
16 116
16 117
16 129
16 159
16 162
16 186
16 216
16 232
16 241
16 253
16 254
16 255
16 262
17 37
17 46
17 58
17 80
17 81
17 82
17 84
17 90
17 91
17 92
17 105
17 113
17 116
17 117
17 129
17 159
17 162
17 186
17 216
17 232
17 241
17 253
17 254
17 255
17 262
18 19
18 37
18 46
18 80
18 81
18 82
18 84
18 91
18 105
18 106
18 110
18 113
18 116
18 117
18 129
18 159
18 162
18 186
18 216
18 241
18 253
18 254
18 255
18 262
19 36
19 37
19 46
19 56
19 60
19 80
19 81
19 82
19 84
19 91
19 93
19 94
19 105
19 106
19 110
19 113
19 116
19 117
19 126
19 129
19 151
19 159
19 162
19 164
19 186
19 194
19 216
19 241
19 253
19 254
19 255
19 262
20 25
20 28
20 40
20 55
20 56
20 60
20 80
20 81
20 82
20 84
20 93
20 106
20 110
20 117
20 124
20 129
20 151
20 159
20 162
20 164
20 186
20 194
20 213
20 216
20 235
20 241
20 250
20 253
20 254
20 255
20 262
21 25
21 28
21 55
21 56
21 60
21 80
21 81
21 82
21 84
21 93
21 106
21 110
21 117
21 124
21 129
21 140
21 151
21 159
21 161
21 162
21 164
21 186
21 194
21 213
21 216
21 235
21 241
21 250
21 253
21 254
21 255
21 262
22 25
22 30
22 39
22 42
22 55
22 56
22 60
22 80
22 81
22 82
22 84
22 93
22 106
22 110
22 117
22 124
22 129
22 140
22 151
22 159
22 161
22 162
22 164
22 181
22 186
22 194
22 212
22 213
22 216
22 235
22 241
22 250
22 254
22 255
22 262
23 25
23 30
23 39
23 42
23 55
23 56
23 60
23 80
23 81
23 82
23 84
23 93
23 106
23 110
23 117
23 124
23 129
23 140
23 151
23 159
23 161
23 162
23 164
23 181
23 186
23 194
23 212
23 213
23 216
23 235
23 241
23 250
23 254
23 255
23 262
24 25
24 30
24 39
24 41
24 42
24 55
24 56
24 60
24 80
24 82
24 84
24 93
24 106
24 110
24 115
24 117
24 124
24 140
24 151
24 159
24 161
24 162
24 164
24 166
24 171
24 181
24 186
24 212
24 213
24 216
24 235
24 241
24 250
24 254
24 255
24 262
25 35
25 39
25 42
25 43
25 55
25 60
25 80
25 82
25 84
25 106
25 115
25 117
25 140
25 151
25 159
25 161
25 164
25 166
25 171
25 181
25 186
25 212
25 213
25 216
25 235
25 241
25 250
25 254
25 255
25 262
26 39
26 42
26 43
26 47
26 55
26 60
26 80
26 82
26 84
26 106
26 115
26 117
26 121
26 140
26 151
26 159
26 161
26 164
26 166
26 171
26 181
26 186
26 212
26 213
26 216
26 235
26 241
26 250
26 254
26 255
26 262
27 39
27 42
27 43
27 47
27 55
27 60
27 80
27 82
27 106
27 115
27 117
27 121
27 140
27 151
27 159
27 161
27 164
27 166
27 171
27 181
27 186
27 192
27 212
27 213
27 216
27 235
27 241
27 250
27 254
27 255
27 262
28 33
28 42
28 43
28 47
28 55
28 60
28 80
28 82
28 106
28 115
28 117
28 121
28 140
28 151
28 159
28 161
28 164
28 166
28 171
28 181
28 186
28 192
28 212
28 213
28 216
28 235
28 241
28 250
28 254
28 255
28 262
29 42
29 43
29 47
29 55
29 60
29 80
29 82
29 106
29 115
29 117
29 121
29 140
29 151
29 159
29 161
29 164
29 166
29 171
29 181
29 186
29 192
29 202
29 212
29 213
29 216
29 235
29 241
29 250
29 254
29 255
29 262
30 42
30 43
30 47
30 55
30 60
30 80
30 82
30 106
30 115
30 117
30 121
30 140
30 151
30 159
30 161
30 164
30 166
30 171
30 181
30 186
30 192
30 202
30 212
30 213
30 216
30 235
30 241
30 250
30 254
30 255
30 262
31 42
31 47
31 60
31 80
31 82
31 106
31 115
31 117
31 121
31 140
31 151
31 159
31 161
31 166
31 171
31 181
31 186
31 192
31 202
31 212
31 213
31 216
31 235
31 241
31 250
31 254
31 255
32 47
32 60
32 80
32 82
32 106
32 115
32 117
32 121
32 140
32 151
32 159
32 161
32 166
32 171
32 177
32 181
32 186
32 192
32 202
32 212
32 213
32 216
32 235
32 241
32 250
32 254
32 255
33 47
33 80
33 82
33 86
33 106
33 115
33 117
33 121
33 140
33 151
33 159
33 161
33 166
33 171
33 177
33 181
33 186
33 192
33 202
33 212
33 213
33 216
33 235
33 241
33 250
33 255
34 47
34 64
34 80
34 82
34 86
34 106
34 115
34 117
34 121
34 140
34 151
34 159
34 161
34 166
34 171
34 177
34 181
34 186
34 192
34 202
34 212
34 213
34 216
34 235
34 241
34 250
34 255
35 47
35 64
35 80
35 82
35 86
35 106
35 115
35 117
35 121
35 140
35 151
35 161
35 166
35 171
35 177
35 181
35 186
35 192
35 202
35 212
35 213
35 216
35 235
35 241
35 250
35 255
36 47
36 63
36 64
36 78
36 80
36 82
36 85
36 86
36 115
36 117
36 121
36 140
36 151
36 161
36 168
36 171
36 177
36 181
36 186
36 192
36 202
36 212
36 213
36 216
36 235
36 240
36 241
36 250
36 255
37 63
37 64
37 78
37 80
37 82
37 85
37 86
37 115
37 117
37 121
37 140
37 151
37 161
37 168
37 171
37 177
37 181
37 186
37 192
37 202
37 212
37 234
37 235
37 240
37 241
37 255
38 63
38 64
38 78
38 80
38 82
38 85
38 86
38 115
38 117
38 121
38 140
38 151
38 161
38 168
38 171
38 177
38 181
38 186
38 192
38 202
38 212
38 234
38 235
38 240
38 241
38 255
39 64
39 78
39 80
39 82
39 86
39 115
39 117
39 121
39 140
39 151
39 161
39 168
39 171
39 177
39 181
39 186
39 192
39 202
39 212
39 234
39 235
39 240
39 241
39 255
40 78
40 80
40 82
40 86
40 115
40 117
40 121
40 140
40 151
40 161
40 171
40 177
40 181
40 186
40 202
40 212
40 234
40 235
40 240
40 241
40 248
40 255
41 78
41 80
41 82
41 86
41 115
41 117
41 121
41 140
41 148
41 151
41 161
41 171
41 177
41 181
41 186
41 202
41 212
41 233
41 234
41 235
41 240
41 241
41 248
41 255
42 51
42 57
42 72
42 78
42 80
42 82
42 86
42 115
42 117
42 121
42 127
42 140
42 148
42 151
42 171
42 177
42 186
42 202
42 212
42 233
42 234
42 235
42 240
42 241
42 248
42 255
43 51
43 57
43 72
43 78
43 82
43 86
43 115
43 117
43 121
43 127
43 140
43 148
43 151
43 171
43 177
43 186
43 202
43 212
43 233
43 234
43 235
43 240
43 241
43 248
43 255
44 51
44 54
44 57
44 72
44 82
44 86
44 104
44 117
44 121
44 125
44 127
44 140
44 148
44 151
44 177
44 202
44 212
44 233
44 234
44 235
44 240
44 241
44 248
44 255
45 51
45 54
45 57
45 72
45 82
45 86
45 104
45 117
45 121
45 125
45 127
45 140
45 148
45 151
45 177
45 202
45 212
45 233
45 234
45 235
45 240
45 241
45 248
45 255
46 49
46 54
46 57
46 62
46 65
46 72
46 75
46 83
46 86
46 104
46 117
46 125
46 127
46 134
46 148
46 151
46 202
46 209
46 212
46 233
46 234
46 235
46 241
46 255
47 49
47 54
47 57
47 62
47 65
47 67
47 72
47 75
47 83
47 86
47 104
47 117
47 125
47 127
47 134
47 148
47 151
47 202
47 209
47 212
47 233
47 234
47 235
47 241
47 255
48 49
48 57
48 62
48 65
48 67
48 68
48 75
48 83
48 117
48 125
48 127
48 134
48 148
48 150
48 151
48 156
48 202
48 209
48 233
48 234
48 235
48 241
48 255
49 62
49 65
49 67
49 74
49 75
49 83
49 87
49 102
49 117
49 125
49 134
49 150
49 151
49 154
49 156
49 202
49 209
49 233
49 234
49 235
49 241
49 251
49 255
50 62
50 67
50 74
50 87
50 102
50 117
50 125
50 134
50 150
50 151
50 154
50 156
50 158
50 202
50 209
50 233
50 234
50 235
50 241
50 251
50 255
50 263
51 62
51 67
51 74
51 87
51 88
51 102
51 117
51 125
51 134
51 150
51 151
51 154
51 156
51 158
51 202
51 209
51 233
51 234
51 235
51 241
51 251
51 255
51 263
52 62
52 66
52 67
52 69
52 88
52 102
52 117
52 125
52 134
52 150
52 151
52 154
52 156
52 158
52 202
52 209
52 233
52 234
52 235
52 241
52 251
52 255
52 263
53 62
53 66
53 69
53 73
53 79
53 98
53 102
53 125
53 150
53 151
53 154
53 156
53 158
53 202
53 209
53 233
53 235
53 241
53 255
53 263
54 62
54 66
54 69
54 79
54 95
54 96
54 98
54 125
54 151
54 154
54 156
54 158
54 178
54 180
54 202
54 205
54 209
54 233
54 235
54 241
54 263
55 62
55 66
55 69
55 79
55 95
55 96
55 151
55 154
55 156
55 158
55 178
55 180
55 195
55 202
55 205
55 209
55 233
55 235
55 241
55 263
56 62
56 66
56 69
56 79
56 95
56 96
56 151
56 154
56 156
56 158
56 178
56 180
56 195
56 202
56 205
56 209
56 233
56 235
56 241
56 263
57 66
57 69
57 79
57 95
57 96
57 119
57 131
57 151
57 154
57 156
57 158
57 178
57 180
57 195
57 202
57 205
57 209
57 221
57 235
57 241
57 263
58 66
58 69
58 79
58 95
58 96
58 119
58 131
58 151
58 154
58 156
58 158
58 178
58 180
58 195
58 202
58 205
58 209
58 221
58 235
58 241
58 263
59 66
59 77
59 79
59 95
59 96
59 100
59 119
59 131
59 151
59 154
59 156
59 158
59 178
59 180
59 195
59 205
59 209
59 221
59 235
59 241
59 247
60 66
60 77
60 79
60 96
60 100
60 119
60 131
60 151
60 154
60 156
60 158
60 178
60 180
60 195
60 205
60 209
60 221
60 235
60 241
60 247
61 66
61 76
61 77
61 79
61 96
61 100
61 119
61 131
61 151
61 154
61 156
61 158
61 178
61 180
61 195
61 205
61 209
61 221
61 235
61 241
61 247
62 66
62 76
62 77
62 79
62 96
62 100
62 119
62 131
62 151
62 154
62 156
62 158
62 178
62 180
62 195
62 205
62 209
62 221
62 235
62 241
62 247
63 66
63 76
63 77
63 79
63 96
63 100
63 119
63 151
63 154
63 156
63 158
63 160
63 178
63 180
63 195
63 205
63 209
63 221
63 235
63 241
63 247
64 66
64 77
64 96
64 100
64 151
64 154
64 156
64 158
64 160
64 178
64 180
64 195
64 205
64 209
64 221
64 241
64 247
65 66
65 77
65 96
65 151
65 154
65 156
65 158
65 160
65 178
65 180
65 195
65 205
65 209
65 221
65 241
65 247
66 70
66 77
66 96
66 151
66 156
66 158
66 160
66 178
66 180
66 195
66 205
66 209
66 221
66 241
66 242
66 247
67 70
67 77
67 96
67 151
67 156
67 158
67 160
67 178
67 195
67 205
67 206
67 209
67 218
67 221
67 239
67 241
67 242
67 247
67 276
68 70
68 71
68 77
68 96
68 158
68 160
68 178
68 205
68 206
68 209
68 218
68 221
68 239
68 241
68 242
68 247
68 276
69 70
69 96
69 122
69 160
69 178
69 200
69 205
69 206
69 209
69 218
69 221
69 239
69 241
69 242
69 247
69 267
69 276
70 70
70 96
70 107
70 160
70 178
70 187
70 200
70 205
70 206
70 218
70 221
70 239
70 241
70 242
70 244
70 247
70 267
70 276
71 70
71 96
71 107
71 160
71 178
71 187
71 200
71 205
71 206
71 218
71 239
71 241
71 242
71 244
71 247
71 267
71 276
72 70
72 96
72 107
72 160
72 178
72 187
72 200
72 205
72 206
72 218
72 239
72 241
72 242
72 244
72 247
72 267
72 276
73 70
73 96
73 101
73 107
73 160
73 178
73 187
73 190
73 200
73 205
73 206
73 218
73 239
73 241
73 242
73 244
73 247
73 267
73 276
74 96
74 101
74 107
74 160
74 178
74 187
74 190
74 200
74 205
74 206
74 218
74 239
74 241
74 242
74 244
74 247
74 267
74 276
75 96
75 101
75 107
75 153
75 160
75 178
75 187
75 190
75 200
75 205
75 206
75 218
75 241
75 242
75 244
75 247
75 267
75 276
76 96
76 101
76 107
76 114
76 149
76 153
76 160
76 178
76 187
76 188
76 190
76 200
76 206
76 218
76 241
76 242
76 244
76 247
76 267
76 276
77 96
77 101
77 107
77 114
77 149
77 153
77 160
77 178
77 187
77 188
77 190
77 200
77 206
77 218
77 241
77 242
77 244
77 247
77 276
78 96
78 101
78 103
78 107
78 114
78 138
78 149
78 153
78 160
78 187
78 188
78 190
78 200
78 206
78 218
78 241
78 242
78 244
78 247
79 89
79 96
79 101
79 103
79 107
79 114
79 123
79 141
79 147
79 149
79 153
79 160
79 187
79 188
79 190
79 200
79 206
79 218
79 241
79 242
79 244
79 247
80 89
80 96
80 101
80 103
80 107
80 114
80 123
80 141
80 147
80 149
80 153
80 160
80 187
80 188
80 190
80 200
80 206
80 218
80 241
80 242
80 244
80 247
81 96
81 101
81 103
81 107
81 114
81 123
81 141
81 147
81 149
81 153
81 160
81 187
81 188
81 190
81 200
81 206
81 218
81 241
81 242
81 244
81 247
82 96
82 101
82 103
82 107
82 114
82 123
82 149
82 153
82 160
82 169
82 187
82 188
82 190
82 200
82 206
82 218
82 224
82 229
82 241
82 242
82 244
82 247
83 96
83 101
83 103
83 107
83 114
83 123
83 149
83 153
83 155
83 160
83 169
83 187
83 188
83 190
83 200
83 206
83 218
83 224
83 229
83 242
83 244
83 247
84 96
84 101
84 103
84 107
84 114
84 123
84 149
84 153
84 155
84 160
84 169
84 187
84 188
84 190
84 198
84 200
84 206
84 218
84 224
84 229
84 242
84 244
84 247
85 96
85 99
85 101
85 103
85 107
85 114
85 123
85 132
85 149
85 153
85 155
85 160
85 169
85 187
85 188
85 190
85 198
85 200
85 206
85 218
85 224
85 229
85 242
85 244
85 247
86 96
86 99
86 101
86 103
86 107
86 114
86 123
86 132
86 149
86 153
86 155
86 160
86 169
86 187
86 188
86 190
86 198
86 200
86 206
86 218
86 224
86 229
86 242
86 244
86 247
87 96
87 99
87 101
87 103
87 107
87 114
87 123
87 132
87 149
87 153
87 155
87 160
87 169
87 187
87 188
87 190
87 198
87 200
87 206
87 218
87 224
87 229
87 242
87 244
87 247
88 96
88 99
88 101
88 107
88 108
88 114
88 123
88 132
88 149
88 153
88 155
88 160
88 169
88 187
88 188
88 190
88 198
88 200
88 206
88 218
88 224
88 229
88 242
88 244
88 246
88 247
89 96
89 99
89 101
89 107
89 108
89 114
89 123
89 132
89 149
89 153
89 155
89 160
89 169
89 187
89 188
89 190
89 198
89 200
89 206
89 218
89 224
89 229
89 242
89 244
89 246
89 247
90 96
90 99
90 101
90 107
90 108
90 114
90 123
90 132
90 149
90 153
90 155
90 160
90 169
90 187
90 188
90 190
90 198
90 200
90 206
90 218
90 224
90 229
90 242
90 244
90 246
90 247
91 96
91 99
91 101
91 107
91 108
91 114
91 123
91 132
91 137
91 149
91 153
91 155
91 160
91 165
91 169
91 187
91 188
91 190
91 198
91 200
91 206
91 224
91 229
91 242
91 244
91 246
91 247
91 277
92 96
92 99
92 101
92 107
92 108
92 114
92 123
92 132
92 137
92 153
92 155
92 160
92 165
92 169
92 187
92 188
92 190
92 198
92 200
92 206
92 224
92 242
92 244
92 246
92 247
92 260
92 277
93 96
93 99
93 101
93 107
93 108
93 114
93 123
93 132
93 137
93 153
93 155
93 160
93 165
93 169
93 187
93 188
93 190
93 198
93 200
93 206
93 224
93 242
93 244
93 246
93 247
93 260
93 277
94 96
94 101
94 107
94 108
94 114
94 123
94 153
94 155
94 160
94 165
94 187
94 188
94 190
94 198
94 200
94 206
94 242
94 244
94 247
94 260
94 277
95 101
95 107
95 109
95 112
95 114
95 123
95 146
95 153
95 163
95 165
95 182
95 187
95 190
95 198
95 200
95 206
95 242
95 244
95 247
95 260
95 264
95 277
96 101
96 107
96 109
96 112
96 114
96 123
96 146
96 153
96 163
96 165
96 182
96 187
96 190
96 198
96 200
96 206
96 242
96 244
96 247
96 260
96 264
96 277
96 281
97 101
97 107
97 109
97 112
97 114
97 123
97 146
97 153
97 163
97 165
97 172
97 182
97 187
97 190
97 198
97 200
97 206
97 242
97 244
97 247
97 260
97 264
97 277
97 281
98 101
98 107
98 109
98 112
98 114
98 123
98 146
98 153
98 163
98 165
98 172
98 182
98 187
98 190
98 198
98 200
98 242
98 244
98 247
98 260
98 264
98 277
98 281
99 101
99 107
99 109
99 112
99 114
99 123
99 146
99 153
99 163
99 165
99 172
99 182
99 187
99 190
99 198
99 200
99 242
99 244
99 247
99 260
99 264
99 277
99 281
100 101
100 107
100 109
100 112
100 114
100 123
100 146
100 153
100 163
100 165
100 172
100 182
100 187
100 190
100 198
100 200
100 242
100 244
100 247
100 260
100 264
100 277
100 281
101 101
101 107
101 109
101 112
101 114
101 123
101 146
101 153
101 163
101 165
101 172
101 182
101 187
101 190
101 198
101 200
101 242
101 244
101 247
101 260
101 264
101 277
101 281
102 101
102 107
102 109
102 112
102 114
102 123
102 143
102 146
102 153
102 163
102 165
102 172
102 182
102 187
102 190
102 198
102 200
102 242
102 244
102 247
102 260
102 264
102 277
102 281
103 101
103 107
103 109
103 112
103 114
103 120
103 123
103 143
103 146
103 163
103 165
103 172
103 182
103 187
103 190
103 198
103 200
103 217
103 242
103 244
103 247
103 260
103 264
103 277
103 281
104 101
104 107
104 109
104 112
104 114
104 120
104 123
104 143
104 146
104 163
104 165
104 172
104 182
104 187
104 190
104 198
104 200
104 217
104 242
104 244
104 247
104 260
104 264
104 277
104 281
105 101
105 107
105 109
105 114
105 120
105 123
105 146
105 163
105 165
105 172
105 175
105 187
105 190
105 198
105 200
105 217
105 242
105 244
105 247
105 260
105 264
105 277
105 281
106 101
106 107
106 109
106 114
106 120
106 123
106 146
106 163
106 165
106 172
106 175
106 187
106 190
106 198
106 200
106 217
106 242
106 244
106 247
106 260
106 264
106 277
106 281
107 101
107 107
107 109
107 114
107 120
107 123
107 128
107 146
107 163
107 165
107 172
107 175
107 187
107 190
107 198
107 200
107 217
107 242
107 244
107 247
107 260
107 264
107 277
107 281
108 101
108 107
108 109
108 114
108 120
108 128
108 146
108 163
108 165
108 172
108 175
108 187
108 190
108 198
108 200
108 242
108 244
108 247
108 260
108 264
108 277
108 281
109 101
109 109
109 118
109 120
109 128
109 130
109 136
109 146
109 165
109 172
109 175
109 187
109 190
109 198
109 200
109 242
109 244
109 247
109 249
109 264
109 277
109 281
110 101
110 109
110 118
110 120
110 128
110 130
110 136
110 146
110 165
110 172
110 175
110 187
110 198
110 200
110 242
110 244
110 247
110 249
110 264
110 277
110 281
111 101
111 109
111 118
111 120
111 128
111 130
111 136
111 146
111 165
111 172
111 175
111 187
111 198
111 200
111 242
111 244
111 247
111 249
111 264
111 277
111 281
112 101
112 109
112 118
112 120
112 128
112 130
112 136
112 146
112 165
112 172
112 175
112 187
112 198
112 200
112 242
112 244
112 247
112 249
112 264
112 277
112 279
112 281
113 101
113 109
113 118
113 120
113 128
113 130
113 136
113 146
113 165
113 172
113 175
113 187
113 198
113 200
113 242
113 244
113 247
113 249
113 264
113 277
113 279
113 281
114 101
114 109
114 118
114 120
114 128
114 130
114 136
114 146
114 165
114 172
114 175
114 187
114 198
114 200
114 242
114 244
114 245
114 247
114 249
114 264
114 277
114 279
114 281
115 109
115 120
115 128
115 130
115 136
115 146
115 165
115 172
115 175
115 187
115 198
115 200
115 242
115 244
115 245
115 247
115 249
115 264
115 277
115 279
115 281
116 109
116 128
116 130
116 136
116 146
116 172
116 175
116 187
116 198
116 242
116 244
116 245
116 247
116 249
116 264
116 277
116 279
116 281
117 109
117 128
117 130
117 136
117 142
117 146
117 172
117 187
117 198
117 242
117 244
117 245
117 247
117 249
117 264
117 277
117 279
117 281
118 128
118 130
118 136
118 142
118 187
118 198
118 242
118 245
118 247
118 249
118 264
118 277
118 279
119 128
119 133
119 135
119 142
119 152
119 187
119 198
119 228
119 242
119 245
119 247
119 256
119 264
119 278
119 279
120 128
120 133
120 135
120 142
120 152
120 187
120 198
120 228
120 242
120 245
120 247
120 256
120 264
120 270
120 278
121 128
121 133
121 135
121 142
121 152
121 187
121 198
121 228
121 242
121 245
121 247
121 256
121 264
121 278
122 128
122 133
122 135
122 142
122 152
122 228
122 242
122 245
122 247
122 256
122 264
122 278
123 128
123 139
123 142
123 152
123 157
123 222
123 225
123 228
123 242
123 247
123 256
123 264
123 268
123 278
124 128
124 139
124 142
124 152
124 157
124 222
124 225
124 228
124 242
124 247
124 256
124 264
124 268
124 278
125 128
125 139
125 152
125 157
125 222
125 225
125 228
125 231
125 242
125 247
125 256
125 264
125 268
125 278
126 128
126 139
126 152
126 157
126 222
126 225
126 228
126 231
126 242
126 247
126 256
126 264
126 268
126 278
127 128
127 139
127 152
127 157
127 189
127 215
127 222
127 225
127 228
127 231
127 242
127 247
127 256
127 264
127 268
127 278
128 128
128 139
128 152
128 157
128 189
128 215
128 222
128 225
128 228
128 231
128 242
128 247
128 256
128 264
128 268
128 278
129 128
129 139
129 152
129 157
129 189
129 215
129 222
129 225
129 228
129 231
129 242
129 247
129 256
129 264
129 268
129 278
130 128
130 139
130 152
130 157
130 174
130 189
130 215
130 222
130 225
130 228
130 231
130 242
130 247
130 256
130 264
130 268
130 278
131 128
131 139
131 152
131 157
131 174
131 189
131 210
131 215
131 222
131 225
131 228
131 231
131 242
131 256
131 264
131 268
131 278
132 128
132 139
132 152
132 157
132 174
132 189
132 210
132 215
132 222
132 225
132 228
132 231
132 242
132 256
132 264
132 268
132 278
133 128
133 139
133 152
133 157
133 174
133 189
133 210
133 215
133 222
133 225
133 228
133 231
133 242
133 256
133 264
133 268
133 278
134 128
134 139
134 152
134 157
134 174
134 189
134 210
134 215
134 222
134 225
134 228
134 231
134 242
134 256
134 264
134 268
134 278
135 128
135 139
135 152
135 157
135 174
135 189
135 210
135 215
135 222
135 225
135 226
135 228
135 231
135 242
135 256
135 264
135 268
135 278
136 128
136 139
136 152
136 157
136 174
136 189
136 210
136 215
136 222
136 225
136 226
136 228
136 231
136 242
136 256
136 264
136 268
136 278
137 128
137 139
137 152
137 157
137 174
137 189
137 210
137 215
137 222
137 225
137 226
137 228
137 231
137 242
137 256
137 264
137 268
137 278
138 128
138 139
138 152
138 157
138 174
138 189
138 210
138 215
138 222
138 225
138 226
138 228
138 231
138 242
138 256
138 264
138 268
138 278
139 128
139 139
139 152
139 157
139 174
139 189
139 210
139 215
139 222
139 225
139 226
139 228
139 231
139 242
139 256
139 264
139 268
139 278
140 128
140 139
140 152
140 157
140 174
140 184
140 189
140 210
140 215
140 222
140 226
140 228
140 231
140 242
140 256
140 264
140 268
140 278
141 128
141 139
141 152
141 157
141 174
141 184
141 189
141 210
141 215
141 222
141 226
141 228
141 231
141 242
141 256
141 264
141 268
141 278
142 128
142 139
142 152
142 174
142 184
142 189
142 210
142 215
142 222
142 226
142 228
142 231
142 242
142 256
142 264
142 268
142 278
143 128
143 139
143 152
143 174
143 184
143 189
143 210
143 215
143 222
143 226
143 228
143 231
143 242
143 256
143 264
143 268
143 278
144 128
144 139
144 152
144 174
144 176
144 184
144 189
144 210
144 215
144 222
144 226
144 228
144 231
144 242
144 264
144 268
144 278
145 128
145 139
145 152
145 174
145 176
145 184
145 189
145 210
145 215
145 222
145 226
145 228
145 231
145 242
145 264
145 268
145 278
146 128
146 139
146 152
146 174
146 176
146 184
146 189
146 203
146 210
146 215
146 222
146 228
146 231
146 243
146 264
146 268
146 278
147 170
147 176
147 184
147 203
147 210
147 215
147 222
147 228
147 231
147 243
147 264
147 268
147 282
148 170
148 176
148 184
148 203
148 210
148 215
148 222
148 228
148 231
148 243
148 264
148 268
148 282
149 170
149 176
149 184
149 203
149 210
149 215
149 222
149 228
149 231
149 243
149 264
149 268
150 170
150 173
150 176
150 184
150 203
150 210
150 215
150 222
150 228
150 231
150 243
150 264
150 268
151 170
151 173
151 176
151 184
151 203
151 210
151 215
151 222
151 228
151 231
151 243
151 264
151 268
152 170
152 176
152 184
152 203
152 204
152 210
152 215
152 222
152 228
152 231
152 243
152 264
152 268
153 170
153 176
153 184
153 203
153 204
153 210
153 222
153 228
153 231
153 243
153 264
153 268
153 280
154 170
154 176
154 184
154 203
154 204
154 210
154 222
154 228
154 231
154 243
154 264
154 268
154 280
155 170
155 176
155 184
155 203
155 204
155 210
155 222
155 228
155 231
155 243
155 264
155 268
155 280
156 167
156 170
156 176
156 184
156 203
156 204
156 210
156 222
156 228
156 231
156 243
156 257
156 264
156 268
156 280
157 167
157 170
157 176
157 203
157 204
157 210
157 222
157 228
157 231
157 243
157 257
157 264
157 268
157 280
158 167
158 170
158 176
158 203
158 204
158 210
158 222
158 228
158 231
158 243
158 257
158 264
158 268
158 280
159 170
159 176
159 203
159 204
159 210
159 222
159 228
159 231
159 243
159 257
159 264
159 268
159 280
160 170
160 176
160 203
160 204
160 210
160 222
160 228
160 231
160 243
160 257
160 264
160 268
160 280
161 170
161 176
161 197
161 203
161 204
161 210
161 222
161 228
161 231
161 243
161 257
161 261
161 264
161 268
161 280
162 170
162 176
162 197
162 203
162 204
162 228
162 231
162 243
162 257
162 261
162 264
162 268
162 280
163 170
163 176
163 197
163 203
163 204
163 228
163 231
163 243
163 257
163 261
163 264
163 268
163 280
164 170
164 176
164 197
164 203
164 204
164 228
164 231
164 243
164 257
164 261
164 264
164 268
164 280
165 176
165 183
165 191
165 197
165 203
165 204
165 228
165 231
165 243
165 257
165 261
165 264
165 265
165 268
165 280
166 176
166 183
166 191
166 197
166 203
166 204
166 228
166 231
166 243
166 257
166 261
166 264
166 265
166 268
166 280
167 176
167 183
167 191
167 197
167 203
167 204
167 228
167 231
167 243
167 257
167 261
167 264
167 265
167 268
167 280
168 176
168 183
168 191
168 197
168 203
168 204
168 228
168 231
168 243
168 257
168 261
168 264
168 265
168 268
168 280
169 176
169 183
169 191
169 197
169 203
169 204
169 228
169 231
169 243
169 257
169 261
169 264
169 265
169 268
169 280
170 176
170 183
170 191
170 197
170 203
170 204
170 208
170 228
170 231
170 243
170 257
170 261
170 264
170 265
170 268
170 280
171 176
171 183
171 193
171 197
171 203
171 204
171 208
171 223
171 228
171 231
171 243
171 261
171 264
171 265
171 268
171 280
172 176
172 183
172 193
172 197
172 203
172 204
172 208
172 223
172 228
172 231
172 243
172 261
172 264
172 265
172 268
172 280
173 176
173 183
173 193
173 197
173 203
173 204
173 208
173 223
173 228
173 231
173 243
173 261
173 264
173 265
173 268
173 280
174 176
174 183
174 197
174 203
174 204
174 208
174 219
174 223
174 228
174 231
174 243
174 261
174 264
174 265
175 176
175 197
175 203
175 204
175 208
175 219
175 223
175 228
175 231
175 243
175 261
175 264
175 265
176 176
176 197
176 203
176 204
176 208
176 219
176 223
176 228
176 231
176 261
176 264
176 265
177 176
177 197
177 203
177 204
177 208
177 219
177 223
177 228
177 231
177 261
177 264
177 265
178 176
178 197
178 203
178 204
178 208
178 219
178 223
178 228
178 261
178 264
179 176
179 197
179 203
179 204
179 208
179 219
179 223
179 228
179 261
179 264
180 176
180 197
180 203
180 204
180 208
180 219
180 223
180 228
180 261
180 264
181 176
181 197
181 203
181 204
181 208
181 223
181 228
181 261
181 264
182 204
182 208
182 223
182 228
182 237
182 261
183 204
183 207
183 208
183 223
183 228
183 237
183 261
184 204
184 207
184 208
184 223
184 228
184 237
184 261
185 204
185 207
185 208
185 223
185 228
185 237
185 261
186 204
186 207
186 208
186 223
186 228
186 236
186 237
186 261
187 204
187 207
187 208
187 223
187 228
187 236
187 237
187 261
188 204
188 208
188 228
188 236
188 237
188 261
189 201
189 204
189 208
189 228
189 236
189 237
189 261
190 201
190 204
190 208
190 228
190 236
190 237
190 261
191 204
191 208
191 228
191 236
191 237
191 261
192 204
192 208
192 227
192 228
192 236
192 237
192 261
193 204
193 208
193 227
193 228
193 236
193 237
193 261
194 204
194 208
194 228
194 236
194 237
194 261
194 273
194 275
195 204
195 208
195 228
195 236
195 237
195 261
195 273
195 275
196 199
196 204
196 208
196 220
196 228
196 236
196 237
196 261
196 273
196 275
197 199
197 204
197 208
197 220
197 228
197 236
197 237
197 261
197 273
197 275
198 199
198 204
198 208
198 220
198 228
198 236
198 237
198 261
198 273
198 275
199 199
199 204
199 208
199 220
199 236
199 237
199 261
199 273
200 199
200 204
200 208
200 220
200 236
200 237
200 261
200 273
201 199
201 204
201 208
201 220
201 236
201 237
201 261
201 273
202 199
202 208
202 220
202 236
202 237
202 261
202 273
203 199
203 208
203 214
203 220
203 236
203 237
203 261
203 273
204 199
204 208
204 214
204 220
204 236
204 237
204 261
204 273
205 208
205 214
205 220
205 236
205 237
205 261
205 273
206 208
206 214
206 220
206 236
206 237
206 261
206 273
207 208
207 220
207 237
207 261
207 273
208 208
208 220
208 237
208 261
208 273
209 208
209 220
209 237
209 261
209 273
210 208
210 220
210 237
210 261
210 273
211 208
211 220
211 237
211 261
211 271
211 273
212 208
212 220
212 237
212 261
212 271
212 273
213 208
213 220
213 237
213 261
213 271
213 273
214 208
214 220
214 237
214 261
214 271
214 273
215 208
215 220
215 237
215 261
215 269
215 271
215 273
216 208
216 220
216 237
216 258
216 261
216 269
216 271
216 273
217 208
217 220
217 237
217 258
217 261
217 269
217 271
217 273
218 208
218 220
218 237
218 258
218 261
218 269
218 271
218 273
219 208
219 220
219 237
219 258
219 261
219 269
219 271
219 273
220 220
220 230
220 238
220 258
220 261
220 269
220 271
220 273
221 220
221 230
221 238
221 258
221 261
221 269
221 271
221 273
222 220
222 230
222 258
222 261
222 269
222 273
223 220
223 230
223 258
223 261
223 269
223 273
224 220
224 230
224 258
224 261
224 269
224 273
225 220
225 230
225 258
225 261
225 269
225 273
226 220
226 230
226 258
226 261
226 269
226 273
227 220
227 258
227 261
227 266
227 269
227 273
228 220
228 258
228 261
228 266
228 269
228 273
229 220
229 258
229 261
229 266
229 269
229 273
230 220
230 258
230 261
230 266
230 269
230 273
231 220
231 258
231 259
231 261
231 266
231 269
231 273
232 220
232 258
232 259
232 261
232 266
232 269
232 273
233 220
233 258
233 259
233 261
233 266
233 269
233 273
233 274
234 220
234 252
234 258
234 259
234 261
234 266
234 269
234 273
234 274
235 220
235 252
235 258
235 259
235 261
235 266
235 269
235 273
235 274
236 220
236 252
236 261
236 266
236 269
236 273
236 274
237 220
237 252
237 261
237 266
237 269
237 273
237 274
238 220
238 252
238 261
238 266
238 269
238 273
238 274
239 220
239 252
239 261
239 266
239 269
239 273
239 274
240 261
240 266
240 269
240 274
241 261
241 266
241 269
241 274
242 261
242 266
242 269
242 274
243 261
243 266
243 269
243 274
244 261
244 266
244 269
244 274
245 261
245 266
245 269
245 274
246 261
246 266
246 269
246 274
247 261
247 266
247 269
247 274
248 261
248 266
248 269
248 284
249 261
249 266
249 269
249 284
250 261
250 266
250 284
251 261
251 266
251 284
252 261
252 266
252 284
253 261
253 266
253 284
254 261
254 266
254 284
255 261
255 266
255 284
256 261
256 266
256 284
257 261
257 266
257 284
258 261
258 266
258 284
259 261
259 266
259 284
260 261
260 266
260 284
261 261
261 266
261 284
262 261
262 266
262 284
263 261
263 266
263 284
264 261
264 266
264 284
265 261
265 266
265 284
266 261
266 266
266 284
267 261
267 266
267 284
268 261
268 266
268 283
268 284
269 261
269 266
269 283
269 284
270 261
270 283
270 284
271 261
271 283
271 284
272 261
272 283
272 284
273 283
273 284
274 283
274 284
275 283
275 284
276 283
276 284
277 283
277 284
278 283
278 284
