1 79
2 6
2 40
2 79
2 115
2 171
2 219
3 5
3 17
3 31
3 40
3 79
3 115
3 131
3 150
3 171
3 189
3 219
3 232
4 10
4 16
4 17
4 21
4 24
4 40
4 59
4 75
4 79
4 131
4 150
4 171
4 189
4 219
4 232
4 277
4 326
5 7
5 11
5 21
5 34
5 35
5 40
5 59
5 131
5 150
5 171
5 219
5 232
5 277
5 326
6 14
6 21
6 29
6 34
6 35
6 40
6 59
6 101
6 142
6 150
6 171
6 210
6 219
6 232
6 277
6 326
7 27
7 29
7 34
7 35
7 40
7 52
7 54
7 132
7 142
7 150
7 171
7 210
7 219
7 232
7 277
7 304
7 326
8 29
8 34
8 35
8 40
8 52
8 54
8 70
8 132
8 142
8 150
8 171
8 174
8 210
8 219
8 232
8 277
8 304
8 326
9 29
9 34
9 35
9 40
9 54
9 70
9 132
9 142
9 150
9 171
9 174
9 210
9 219
9 232
9 277
9 304
9 326
10 18
10 29
10 34
10 35
10 40
10 54
10 68
10 70
10 111
10 132
10 142
10 150
10 171
10 174
10 210
10 219
10 232
10 277
10 304
10 326
11 18
11 29
11 34
11 35
11 40
11 54
11 68
11 70
11 111
11 132
11 142
11 150
11 171
11 174
11 210
11 219
11 232
11 277
11 304
11 326
12 25
12 29
12 35
12 40
12 60
12 68
12 91
12 111
12 132
12 142
12 150
12 171
12 174
12 198
12 210
12 215
12 219
12 232
12 277
12 304
12 326
12 338
13 25
13 35
13 40
13 68
13 81
13 91
13 111
13 132
13 142
13 150
13 163
13 171
13 174
13 198
13 210
13 215
13 219
13 232
13 277
13 300
13 304
13 326
13 338
14 50
14 51
14 68
14 72
14 81
14 91
14 142
14 150
14 163
14 169
14 171
14 174
14 188
14 198
14 210
14 215
14 219
14 230
14 232
14 277
14 300
14 304
14 338
15 28
15 47
15 50
15 51
15 72
15 81
15 91
15 135
15 142
15 150
15 163
15 169
15 171
15 174
15 188
15 198
15 210
15 215
15 219
15 230
15 232
15 277
15 300
15 304
15 338
16 28
16 47
16 49
16 50
16 51
16 72
16 81
16 91
16 135
16 142
16 150
16 163
16 169
16 171
16 174
16 188
16 198
16 210
16 215
16 219
16 230
16 232
16 277
16 300
16 304
16 338
17 23
17 28
17 47
17 49
17 50
17 51
17 72
17 81
17 91
17 135
17 136
17 142
17 150
17 163
17 169
17 171
17 174
17 188
17 198
17 209
17 210
17 215
17 219
17 230
17 232
17 270
17 277
17 300
17 301
17 304
17 338
18 23
18 28
18 47
18 49
18 50
18 51
18 72
18 81
18 91
18 135
18 136
18 142
18 150
18 163
18 169
18 171
18 174
18 188
18 198
18 209
18 210
18 215
18 219
18 230
18 232
18 270
18 277
18 300
18 301
18 304
18 338
19 23
19 28
19 47
19 49
19 50
19 51
19 72
19 81
19 91
19 133
19 135
19 136
19 142
19 150
19 163
19 169
19 171
19 174
19 188
19 198
19 209
19 210
19 215
19 219
19 230
19 232
19 270
19 277
19 300
19 301
19 304
19 338
20 28
20 47
20 49
20 50
20 51
20 65
20 72
20 81
20 84
20 119
20 133
20 135
20 136
20 142
20 150
20 153
20 163
20 169
20 171
20 174
20 188
20 209
20 210
20 215
20 219
20 230
20 232
20 270
20 277
20 300
20 301
20 304
20 338
21 28
21 47
21 49
21 50
21 51
21 65
21 72
21 81
21 84
21 119
21 133
21 135
21 136
21 142
21 150
21 153
21 163
21 169
21 171
21 174
21 188
21 209
21 210
21 215
21 219
21 230
21 232
21 270
21 277
21 300
21 301
21 304
21 338
22 28
22 47
22 50
22 51
22 65
22 72
22 81
22 84
22 119
22 133
22 135
22 136
22 142
22 148
22 153
22 163
22 169
22 171
22 174
22 188
22 209
22 210
22 215
22 219
22 226
22 230
22 232
22 277
22 300
22 301
22 304
23 28
23 47
23 50
23 51
23 65
23 72
23 81
23 84
23 93
23 119
23 133
23 135
23 136
23 142
23 153
23 163
23 169
23 171
23 174
23 188
23 209
23 210
23 215
23 219
23 226
23 230
23 232
23 277
23 300
23 301
23 304
24 42
24 47
24 50
24 51
24 65
24 71
24 72
24 84
24 93
24 119
24 133
24 135
24 136
24 153
24 163
24 169
24 170
24 171
24 174
24 188
24 209
24 210
24 215
24 219
24 226
24 230
24 232
24 259
24 277
24 286
24 300
24 301
25 26
25 42
25 46
25 51
25 62
25 72
25 84
25 93
25 99
25 119
25 135
25 153
25 163
25 169
25 174
25 188
25 192
25 209
25 210
25 215
25 219
25 226
25 230
25 231
25 232
25 256
25 259
25 301
25 317
26 39
26 46
26 51
26 62
26 64
26 72
26 84
26 86
26 99
26 119
26 135
26 153
26 169
26 174
26 188
26 192
26 209
26 210
26 215
26 219
26 226
26 230
26 232
26 256
26 301
26 317
27 38
27 39
27 46
27 62
27 64
27 72
27 84
27 86
27 99
27 116
27 119
27 135
27 153
27 169
27 174
27 178
27 188
27 192
27 209
27 210
27 215
27 219
27 226
27 230
27 232
27 256
27 301
27 317
28 37
28 38
28 41
28 46
28 62
28 67
28 69
28 84
28 86
28 94
28 99
28 116
28 119
28 125
28 135
28 153
28 169
28 174
28 178
28 188
28 192
28 209
28 210
28 215
28 219
28 226
28 230
28 232
28 256
28 301
28 317
29 37
29 38
29 41
29 43
29 62
29 67
29 69
29 84
29 86
29 94
29 116
29 119
29 125
29 135
29 153
29 169
29 174
29 178
29 188
29 192
29 209
29 210
29 215
29 219
29 226
29 230
29 232
29 256
29 301
29 317
30 37
30 38
30 41
30 43
30 62
30 67
30 69
30 84
30 86
30 94
30 116
30 119
30 125
30 135
30 153
30 169
30 174
30 178
30 188
30 192
30 209
30 210
30 215
30 219
30 226
30 230
30 232
30 256
30 301
30 317
31 37
31 38
31 41
31 62
31 67
31 69
31 84
31 86
31 94
31 116
31 119
31 125
31 129
31 153
31 169
31 174
31 178
31 188
31 192
31 209
31 210
31 215
31 219
31 226
31 230
31 232
31 256
31 301
31 317
32 37
32 41
32 62
32 67
32 69
32 84
32 86
32 94
32 106
32 119
32 125
32 129
32 153
32 174
32 178
32 181
32 188
32 192
32 209
32 210
32 215
32 219
32 226
32 230
32 232
32 234
32 256
32 301
32 317
33 37
33 41
33 62
33 67
33 69
33 84
33 86
33 94
33 106
33 119
33 125
33 153
33 174
33 178
33 181
33 188
33 192
33 209
33 210
33 215
33 219
33 226
33 230
33 232
33 234
33 256
33 301
33 317
34 37
34 41
34 62
34 67
34 69
34 84
34 86
34 94
34 102
34 106
34 119
34 125
34 153
34 174
34 178
34 181
34 188
34 192
34 209
34 210
34 215
34 219
34 226
34 230
34 232
34 234
34 256
34 301
34 317
35 37
35 55
35 57
35 61
35 62
35 67
35 69
35 84
35 86
35 96
35 102
35 106
35 108
35 119
35 125
35 153
35 174
35 178
35 181
35 188
35 192
35 209
35 210
35 215
35 219
35 226
35 230
35 232
35 234
35 256
35 275
35 301
35 317
35 321
36 37
36 55
36 57
36 61
36 62
36 67
36 69
36 84
36 86
36 96
36 102
36 106
36 108
36 119
36 125
36 153
36 174
36 178
36 181
36 188
36 192
36 209
36 210
36 215
36 219
36 226
36 230
36 232
36 234
36 256
36 275
36 301
36 317
36 321
37 37
37 55
37 57
37 61
37 67
37 69
37 84
37 86
37 96
37 102
37 125
37 153
37 174
37 178
37 181
37 188
37 192
37 209
37 210
37 215
37 219
37 226
37 230
37 232
37 234
37 256
37 275
37 299
37 301
37 317
37 321
38 37
38 48
38 55
38 57
38 61
38 67
38 69
38 84
38 86
38 96
38 102
38 125
38 153
38 174
38 178
38 181
38 188
38 192
38 210
38 215
38 219
38 226
38 230
38 232
38 234
38 256
38 275
38 299
38 301
38 317
38 321
39 37
39 48
39 55
39 57
39 61
39 67
39 69
39 84
39 86
39 96
39 102
39 125
39 153
39 174
39 178
39 181
39 188
39 192
39 210
39 215
39 219
39 226
39 230
39 232
39 234
39 256
39 275
39 299
39 301
39 317
39 321
39 346
40 37
40 44
40 45
40 48
40 55
40 57
40 61
40 67
40 69
40 84
40 86
40 96
40 100
40 102
40 103
40 153
40 154
40 155
40 158
40 174
40 178
40 181
40 188
40 192
40 210
40 215
40 219
40 226
40 230
40 232
40 234
40 253
40 256
40 275
40 284
40 299
40 301
40 317
40 321
40 345
40 346
41 37
41 44
41 45
41 48
41 55
41 56
41 57
41 61
41 67
41 69
41 84
41 86
41 96
41 100
41 102
41 103
41 153
41 154
41 155
41 158
41 174
41 178
41 181
41 188
41 192
41 210
41 215
41 219
41 226
41 230
41 232
41 234
41 253
41 256
41 275
41 284
41 299
41 301
41 317
41 321
41 345
41 346
42 45
42 55
42 56
42 57
42 67
42 69
42 84
42 86
42 96
42 100
42 102
42 103
42 143
42 153
42 154
42 155
42 158
42 174
42 178
42 181
42 192
42 210
42 215
42 219
42 226
42 230
42 232
42 234
42 253
42 256
42 284
42 299
42 301
42 308
42 317
42 321
42 345
42 346
43 45
43 55
43 56
43 57
43 69
43 84
43 86
43 96
43 100
43 102
43 103
43 143
43 153
43 154
43 155
43 158
43 174
43 178
43 181
43 192
43 210
43 215
43 219
43 226
43 230
43 232
43 234
43 253
43 256
43 284
43 299
43 301
43 308
43 317
43 321
43 345
43 346
44 45
44 55
44 56
44 57
44 69
44 84
44 85
44 86
44 96
44 100
44 102
44 103
44 143
44 153
44 154
44 155
44 158
44 174
44 178
44 181
44 192
44 210
44 215
44 219
44 226
44 232
44 234
44 253
44 256
44 284
44 299
44 301
44 308
44 317
44 321
44 345
44 346
45 45
45 55
45 56
45 57
45 69
45 84
45 85
45 86
45 96
45 100
45 102
45 103
45 143
45 153
45 154
45 155
45 158
45 174
45 178
45 181
45 187
45 192
45 210
45 215
45 219
45 226
45 232
45 234
45 253
45 256
45 284
45 299
45 301
45 308
45 317
45 321
45 345
45 346
46 45
46 55
46 56
46 57
46 58
46 69
46 84
46 85
46 86
46 96
46 100
46 102
46 143
46 153
46 154
46 155
46 158
46 174
46 178
46 187
46 192
46 210
46 215
46 219
46 226
46 232
46 234
46 253
46 256
46 284
46 299
46 301
46 308
46 317
46 321
46 345
46 346
47 55
47 56
47 84
47 85
47 96
47 102
47 127
47 143
47 153
47 154
47 155
47 158
47 174
47 178
47 187
47 192
47 210
47 215
47 219
47 226
47 232
47 234
47 253
47 256
47 284
47 299
47 301
47 308
47 317
47 321
47 345
47 346
48 53
48 55
48 56
48 84
48 85
48 96
48 102
48 127
48 143
48 153
48 154
48 155
48 158
48 174
48 178
48 187
48 192
48 210
48 215
48 219
48 222
48 226
48 232
48 234
48 253
48 256
48 284
48 299
48 301
48 308
48 317
48 321
48 345
48 346
49 53
49 55
49 56
49 63
49 84
49 85
49 96
49 102
49 143
49 153
49 154
49 155
49 158
49 174
49 178
49 187
49 192
49 210
49 215
49 219
49 222
49 226
49 232
49 234
49 253
49 256
49 284
49 299
49 301
49 308
49 317
49 321
49 345
49 346
50 53
50 55
50 56
50 63
50 84
50 85
50 96
50 102
50 143
50 153
50 154
50 155
50 158
50 174
50 178
50 187
50 192
50 210
50 215
50 219
50 222
50 226
50 232
50 234
50 253
50 256
50 284
50 299
50 301
50 308
50 317
50 321
50 345
50 346
51 53
51 55
51 56
51 63
51 84
51 96
51 97
51 143
51 153
51 154
51 155
51 158
51 174
51 178
51 187
51 192
51 210
51 215
51 219
51 222
51 226
51 232
51 234
51 253
51 256
51 267
51 284
51 299
51 301
51 308
51 317
51 321
51 345
51 346
52 53
52 55
52 56
52 63
52 84
52 96
52 97
52 153
52 154
52 158
52 174
52 178
52 187
52 192
52 210
52 215
52 219
52 222
52 226
52 232
52 234
52 253
52 256
52 267
52 299
52 301
52 308
52 317
52 321
52 345
52 346
53 53
53 63
53 74
53 78
53 83
53 97
53 158
53 166
53 174
53 178
53 187
53 196
53 210
53 215
53 219
53 222
53 226
53 234
53 252
53 253
53 256
53 267
53 299
53 301
53 317
53 321
53 345
53 346
54 53
54 63
54 78
54 82
54 83
54 97
54 112
54 158
54 166
54 174
54 178
54 187
54 196
54 210
54 215
54 219
54 222
54 226
54 252
54 253
54 267
54 299
54 301
54 317
54 321
54 345
54 346
55 53
55 76
55 78
55 82
55 83
55 97
55 112
55 158
55 166
55 174
55 178
55 187
55 196
55 210
55 215
55 219
55 222
55 226
55 252
55 253
55 267
55 299
55 301
55 317
55 321
55 345
55 346
56 53
56 76
56 78
56 82
56 83
56 97
56 112
56 158
56 166
56 174
56 178
56 187
56 196
56 210
56 215
56 219
56 222
56 252
56 253
56 267
56 299
56 301
56 317
56 321
56 345
56 346
57 53
57 76
57 78
57 82
57 83
57 97
57 112
57 158
57 166
57 174
57 178
57 187
57 196
57 210
57 215
57 219
57 222
57 252
57 253
57 267
57 299
57 301
57 317
57 321
57 345
57 346
58 53
58 76
58 78
58 82
58 83
58 97
58 112
58 158
58 166
58 173
58 174
58 178
58 187
58 196
58 210
58 215
58 219
58 222
58 252
58 253
58 267
58 283
58 299
58 301
58 317
58 321
58 345
58 346
59 53
59 76
59 78
59 82
59 83
59 95
59 97
59 158
59 166
59 173
59 174
59 187
59 196
59 210
59 219
59 222
59 252
59 253
59 267
59 283
59 299
59 301
59 317
59 321
59 345
59 346
60 53
60 76
60 78
60 83
60 95
60 97
60 114
60 158
60 166
60 173
60 174
60 187
60 196
60 210
60 219
60 222
60 252
60 253
60 267
60 283
60 299
60 301
60 317
60 321
60 345
60 346
61 76
61 78
61 83
61 97
61 114
61 126
61 158
61 173
61 174
61 187
61 196
61 210
61 219
61 222
61 252
61 253
61 267
61 283
61 299
61 301
61 317
61 321
61 324
61 345
61 346
62 76
62 78
62 83
62 114
62 126
62 158
62 173
62 174
62 187
62 196
62 210
62 219
62 222
62 252
62 283
62 299
62 301
62 317
62 321
62 324
62 345
62 346
63 66
63 76
63 78
63 114
63 126
63 158
63 173
63 174
63 187
63 196
63 210
63 219
63 222
63 252
63 283
63 301
63 317
63 321
63 324
63 345
63 346
64 66
64 76
64 78
64 114
64 126
64 128
64 158
64 173
64 174
64 187
64 196
64 210
64 219
64 222
64 252
64 283
64 301
64 317
64 321
64 324
64 345
64 346
65 89
65 114
65 126
65 128
65 130
65 158
65 173
65 174
65 187
65 196
65 206
65 210
65 219
65 222
65 252
65 283
65 301
65 317
65 324
65 345
65 346
65 349
66 89
66 114
66 126
66 128
66 130
66 138
66 158
66 173
66 174
66 187
66 196
66 205
66 206
66 210
66 219
66 222
66 223
66 250
66 252
66 283
66 301
66 317
66 324
66 345
66 346
66 349
67 89
67 107
67 114
67 126
67 138
67 145
67 147
67 158
67 165
67 173
67 179
67 205
67 206
67 222
67 223
67 250
67 261
67 283
67 285
67 292
67 301
67 317
67 324
67 325
67 342
67 346
67 349
68 90
68 107
68 126
68 138
68 145
68 147
68 158
68 165
68 173
68 175
68 179
68 202
68 205
68 206
68 223
68 250
68 261
68 281
68 285
68 292
68 301
68 312
68 317
68 324
68 325
68 342
68 346
68 349
69 87
69 90
69 107
69 126
69 138
69 145
69 147
69 157
69 158
69 160
69 165
69 168
69 173
69 175
69 179
69 202
69 205
69 206
69 223
69 250
69 261
69 266
69 278
69 281
69 285
69 292
69 301
69 312
69 317
69 324
69 325
69 342
69 346
69 349
70 87
70 90
70 107
70 126
70 138
70 145
70 147
70 157
70 158
70 160
70 165
70 168
70 173
70 175
70 179
70 202
70 205
70 206
70 223
70 250
70 261
70 266
70 278
70 281
70 285
70 292
70 312
70 317
70 324
70 325
70 342
70 346
70 349
71 87
71 90
71 107
71 126
71 138
71 145
71 147
71 157
71 158
71 160
71 165
71 168
71 173
71 175
71 179
71 202
71 205
71 206
71 223
71 250
71 261
71 266
71 278
71 281
71 285
71 292
71 312
71 317
71 324
71 325
71 342
71 346
71 349
72 87
72 90
72 107
72 126
72 138
72 145
72 147
72 157
72 158
72 160
72 165
72 168
72 173
72 175
72 179
72 202
72 205
72 206
72 223
72 250
72 261
72 266
72 278
72 281
72 285
72 292
72 312
72 317
72 324
72 325
72 342
72 346
72 349
73 87
73 90
73 107
73 126
73 138
73 145
73 147
73 157
73 158
73 160
73 165
73 168
73 173
73 175
73 179
73 202
73 205
73 206
73 223
73 250
73 261
73 266
73 278
73 281
73 285
73 292
73 312
73 317
73 324
73 325
73 342
73 346
73 349
74 87
74 90
74 92
74 98
74 105
74 107
74 113
74 117
74 126
74 138
74 145
74 147
74 158
74 160
74 164
74 165
74 168
74 175
74 176
74 179
74 202
74 205
74 206
74 250
74 261
74 266
74 278
74 281
74 285
74 292
74 312
74 317
74 324
74 325
74 342
74 346
74 349
75 87
75 90
75 92
75 98
75 105
75 107
75 113
75 126
75 138
75 145
75 147
75 158
75 159
75 160
75 164
75 165
75 168
75 175
75 176
75 179
75 202
75 205
75 206
75 247
75 250
75 261
75 266
75 278
75 281
75 285
75 292
75 312
75 317
75 324
75 325
75 342
75 346
75 349
76 87
76 90
76 92
76 98
76 105
76 107
76 113
76 126
76 138
76 145
76 147
76 158
76 159
76 160
76 164
76 165
76 168
76 175
76 176
76 179
76 202
76 205
76 206
76 247
76 250
76 261
76 266
76 278
76 281
76 285
76 292
76 312
76 317
76 324
76 325
76 342
76 346
76 349
77 87
77 90
77 92
77 98
77 105
77 107
77 113
77 126
77 138
77 140
77 145
77 147
77 158
77 159
77 160
77 164
77 165
77 168
77 175
77 176
77 179
77 202
77 205
77 247
77 250
77 261
77 266
77 278
77 281
77 285
77 292
77 312
77 317
77 324
77 325
77 342
77 346
77 349
78 87
78 90
78 92
78 98
78 105
78 107
78 110
78 113
78 126
78 138
78 140
78 145
78 147
78 158
78 159
78 160
78 168
78 175
78 176
78 179
78 183
78 195
78 205
78 225
78 240
78 247
78 250
78 261
78 266
78 278
78 281
78 285
78 292
78 312
78 317
78 324
78 325
78 346
78 349
79 87
79 90
79 92
79 98
79 107
79 110
79 113
79 126
79 138
79 140
79 145
79 147
79 158
79 159
79 160
79 168
79 175
79 176
79 179
79 183
79 195
79 205
79 225
79 240
79 247
79 250
79 261
79 266
79 281
79 285
79 292
79 312
79 317
79 324
79 325
79 346
79 349
80 87
80 90
80 92
80 98
80 107
80 110
80 113
80 126
80 140
80 145
80 147
80 159
80 160
80 168
80 175
80 176
80 179
80 183
80 195
80 205
80 225
80 247
80 261
80 266
80 281
80 285
80 292
80 312
80 317
80 324
80 325
80 346
80 349
81 87
81 90
81 92
81 98
81 107
81 110
81 113
81 126
81 140
81 145
81 147
81 159
81 160
81 168
81 175
81 176
81 179
81 183
81 195
81 205
81 225
81 247
81 261
81 266
81 281
81 285
81 292
81 312
81 317
81 324
81 325
81 346
81 349
82 87
82 90
82 92
82 98
82 107
82 110
82 113
82 140
82 145
82 147
82 159
82 160
82 168
82 175
82 176
82 179
82 183
82 195
82 205
82 207
82 225
82 247
82 261
82 285
82 312
82 317
82 324
82 325
82 346
82 349
83 87
83 90
83 92
83 98
83 107
83 110
83 113
83 120
83 140
83 145
83 147
83 159
83 160
83 162
83 168
83 175
83 176
83 179
83 183
83 195
83 205
83 207
83 225
83 247
83 261
83 285
83 312
83 317
83 324
83 325
83 346
83 349
84 87
84 90
84 92
84 98
84 107
84 110
84 113
84 120
84 140
84 145
84 147
84 159
84 160
84 162
84 168
84 175
84 176
84 179
84 183
84 195
84 205
84 207
84 225
84 247
84 261
84 285
84 312
84 317
84 324
84 346
84 349
85 87
85 98
85 107
85 110
85 113
85 120
85 122
85 140
85 145
85 147
85 159
85 160
85 162
85 168
85 175
85 176
85 179
85 183
85 207
85 237
85 247
85 261
85 285
85 312
85 317
85 319
85 324
85 346
85 349
86 87
86 98
86 107
86 110
86 113
86 120
86 122
86 140
86 145
86 159
86 160
86 162
86 168
86 175
86 176
86 179
86 183
86 207
86 237
86 247
86 261
86 285
86 310
86 312
86 317
86 319
86 324
86 346
86 349
87 107
87 110
87 120
87 134
87 140
87 145
87 159
87 160
87 162
87 168
87 175
87 176
87 179
87 183
87 207
87 224
87 233
87 237
87 246
87 247
87 261
87 285
87 306
87 310
87 312
87 317
87 324
87 346
87 349
88 110
88 120
88 134
88 140
88 145
88 159
88 160
88 162
88 168
88 175
88 176
88 179
88 180
88 183
88 194
88 207
88 224
88 233
88 237
88 246
88 247
88 261
88 285
88 310
88 312
88 317
88 324
88 346
88 349
89 110
89 120
89 123
89 140
89 159
89 160
89 162
89 168
89 175
89 176
89 179
89 180
89 183
89 194
89 204
89 207
89 224
89 233
89 237
89 246
89 247
89 261
89 285
89 310
89 312
89 317
89 324
89 346
89 349
90 110
90 120
90 123
90 140
90 159
90 160
90 162
90 168
90 175
90 176
90 179
90 180
90 183
90 194
90 204
90 233
90 237
90 246
90 247
90 261
90 285
90 310
90 312
90 317
90 324
90 346
90 349
91 110
91 120
91 123
91 140
91 159
91 160
91 162
91 168
91 175
91 176
91 179
91 180
91 183
91 194
91 204
91 233
91 237
91 246
91 247
91 261
91 285
91 310
91 312
91 317
91 324
91 346
91 349
92 110
92 120
92 123
92 140
92 159
92 160
92 162
92 168
92 175
92 176
92 179
92 180
92 183
92 194
92 204
92 233
92 237
92 246
92 247
92 261
92 285
92 310
92 312
92 317
92 324
92 346
92 349
93 110
93 120
93 123
93 140
93 159
93 160
93 162
93 168
93 175
93 176
93 179
93 180
93 183
93 194
93 204
93 233
93 237
93 246
93 247
93 261
93 285
93 310
93 312
93 317
93 324
93 346
93 349
94 120
94 137
94 140
94 159
94 160
94 162
94 168
94 175
94 176
94 194
94 204
94 233
94 237
94 246
94 247
94 248
94 261
94 285
94 289
94 312
94 317
94 324
94 346
94 349
95 137
95 140
95 159
95 160
95 162
95 168
95 175
95 176
95 194
95 200
95 204
95 233
95 237
95 246
95 247
95 248
95 261
95 285
95 289
95 312
95 317
95 324
95 346
95 349
96 137
96 140
96 159
96 160
96 168
96 175
96 176
96 194
96 200
96 233
96 237
96 246
96 247
96 248
96 261
96 285
96 289
96 312
96 317
96 324
96 346
96 349
97 137
97 140
97 159
97 160
97 168
97 175
97 176
97 194
97 200
97 212
97 233
97 237
97 247
97 248
97 261
97 285
97 289
97 312
97 317
97 324
97 346
97 349
98 137
98 140
98 159
98 160
98 168
98 175
98 176
98 194
98 200
98 212
98 233
98 237
98 247
98 248
98 261
98 285
98 289
98 312
98 317
98 324
98 346
98 349
99 137
99 140
99 159
99 160
99 168
99 175
99 176
99 194
99 200
99 212
99 233
99 237
99 247
99 248
99 261
99 285
99 289
99 312
99 317
99 324
99 346
99 349
100 137
100 140
100 159
100 160
100 168
100 175
100 176
100 194
100 200
100 212
100 233
100 237
100 247
100 248
100 261
100 285
100 289
100 312
100 317
100 346
100 349
101 137
101 140
101 159
101 160
101 168
101 175
101 176
101 184
101 200
101 212
101 233
101 237
101 247
101 248
101 261
101 285
101 289
101 312
101 317
101 346
101 349
102 137
102 140
102 159
102 160
102 168
102 175
102 176
102 184
102 200
102 212
102 233
102 237
102 247
102 248
102 261
102 285
102 289
102 312
102 317
102 346
102 349
103 137
103 159
103 160
103 168
103 175
103 176
103 184
103 200
103 212
103 233
103 247
103 248
103 261
103 285
103 289
103 312
103 317
103 346
103 349
104 137
104 159
104 160
104 168
104 175
104 176
104 184
104 200
104 212
104 233
104 245
104 247
104 248
104 261
104 285
104 289
104 312
104 317
104 346
104 349
105 137
105 159
105 160
105 168
105 175
105 176
105 184
105 200
105 212
105 233
105 245
105 247
105 248
105 261
105 285
105 289
105 312
105 316
105 317
105 349
106 137
106 159
106 160
106 168
106 175
106 176
106 184
106 200
106 212
106 233
106 245
106 247
106 248
106 261
106 285
106 289
106 312
106 316
106 317
106 349
107 137
107 160
107 168
107 175
107 176
107 184
107 200
107 212
107 233
107 245
107 247
107 248
107 261
107 262
107 264
107 289
107 295
107 312
107 316
107 317
107 349
108 137
108 160
108 168
108 175
108 176
108 184
108 200
108 212
108 233
108 245
108 247
108 248
108 261
108 262
108 264
108 289
108 295
108 312
108 316
108 317
108 349
109 137
109 156
109 160
109 168
109 175
109 176
109 184
109 200
109 212
109 233
109 245
109 247
109 248
109 261
109 262
109 264
109 274
109 289
109 295
109 312
109 316
109 317
109 349
110 137
110 156
110 160
110 168
110 175
110 176
110 184
110 200
110 212
110 233
110 245
110 247
110 248
110 261
110 262
110 264
110 274
110 289
110 295
110 312
110 316
110 317
110 349
111 137
111 144
111 156
111 160
111 168
111 175
111 176
111 184
111 200
111 212
111 233
111 245
111 247
111 248
111 261
111 262
111 264
111 269
111 274
111 289
111 295
111 312
111 316
111 317
111 349
112 137
112 144
112 156
112 160
112 175
112 176
112 184
112 200
112 212
112 220
112 233
112 245
112 247
112 248
112 261
112 262
112 264
112 269
112 274
112 289
112 294
112 295
112 312
112 316
112 317
112 349
113 137
113 144
113 156
113 160
113 175
113 176
113 184
113 200
113 212
113 220
113 233
113 245
113 247
113 248
113 261
113 262
113 264
113 269
113 274
113 289
113 294
113 295
113 312
113 316
113 317
113 349
114 137
114 144
114 156
114 160
114 175
114 176
114 184
114 200
114 212
114 220
114 233
114 245
114 247
114 248
114 261
114 262
114 264
114 269
114 274
114 289
114 294
114 295
114 312
114 316
114 317
114 349
115 137
115 144
115 156
115 160
115 175
115 176
115 184
115 200
115 212
115 220
115 233
115 245
115 247
115 248
115 261
115 262
115 264
115 269
115 274
115 289
115 294
115 295
115 312
115 316
115 317
115 349
116 137
116 144
116 156
116 160
116 175
116 176
116 184
116 200
116 212
116 220
116 233
116 245
116 247
116 248
116 261
116 262
116 264
116 269
116 274
116 289
116 294
116 295
116 312
116 316
116 317
116 349
117 137
117 144
117 152
117 160
117 175
117 176
117 184
117 186
117 200
117 211
117 212
117 233
117 245
117 248
117 255
117 261
117 262
117 264
117 269
117 274
117 289
117 294
117 295
117 312
117 316
117 317
117 349
118 137
118 144
118 152
118 160
118 175
118 176
118 184
118 186
118 200
118 211
118 212
118 233
118 245
118 248
118 255
118 261
118 262
118 264
118 269
118 274
118 289
118 294
118 295
118 312
118 316
118 317
118 349
119 137
119 139
119 144
119 152
119 160
119 175
119 176
119 184
119 186
119 200
119 211
119 212
119 233
119 245
119 248
119 255
119 261
119 262
119 264
119 269
119 273
119 274
119 289
119 294
119 295
119 312
119 316
119 317
119 349
120 137
120 139
120 144
120 152
120 160
120 175
120 176
120 184
120 186
120 200
120 211
120 212
120 233
120 245
120 248
120 255
120 261
120 262
120 264
120 269
120 273
120 274
120 289
120 295
120 312
120 316
120 317
120 349
121 137
121 139
121 144
121 152
121 160
121 175
121 176
121 184
121 186
121 200
121 211
121 212
121 233
121 245
121 248
121 255
121 261
121 262
121 264
121 269
121 273
121 274
121 289
121 295
121 312
121 316
121 317
121 349
122 137
122 139
122 144
122 152
122 160
122 175
122 176
122 177
122 184
122 186
122 200
122 211
122 212
122 233
122 245
122 248
122 255
122 261
122 262
122 264
122 269
122 273
122 274
122 289
122 312
122 316
122 317
122 349
123 137
123 139
123 152
123 160
123 175
123 176
123 177
123 184
123 186
123 200
123 211
123 212
123 233
123 245
123 248
123 255
123 261
123 262
123 264
123 269
123 273
123 274
123 289
123 312
123 316
123 317
123 349
124 137
124 139
124 152
124 160
124 175
124 176
124 177
124 184
124 186
124 200
124 211
124 212
124 214
124 233
124 245
124 248
124 255
124 261
124 262
124 264
124 269
124 273
124 274
124 289
124 312
124 316
124 317
124 349
125 137
125 139
125 152
125 160
125 175
125 176
125 177
125 184
125 186
125 200
125 211
125 212
125 214
125 233
125 245
125 248
125 255
125 257
125 261
125 262
125 264
125 269
125 273
125 274
125 289
125 312
125 316
125 317
125 349
126 137
126 139
126 152
126 175
126 176
126 177
126 184
126 186
126 200
126 211
126 212
126 214
126 233
126 245
126 248
126 255
126 257
126 261
126 262
126 264
126 269
126 273
126 274
126 289
126 312
126 316
126 317
126 349
127 137
127 139
127 152
127 175
127 177
127 184
127 186
127 200
127 211
127 212
127 214
127 233
127 245
127 248
127 255
127 257
127 261
127 262
127 264
127 269
127 273
127 274
127 289
127 312
127 316
127 349
128 137
128 139
128 152
128 175
128 177
128 184
128 186
128 200
128 211
128 212
128 214
128 233
128 245
128 248
128 255
128 257
128 261
128 262
128 264
128 269
128 273
128 274
128 289
128 312
128 316
128 349
129 137
129 139
129 152
129 175
129 177
129 184
129 186
129 200
129 212
129 214
129 233
129 245
129 248
129 255
129 257
129 261
129 262
129 264
129 269
129 273
129 274
129 289
129 312
129 316
129 349
130 137
130 139
130 152
130 175
130 177
130 184
130 186
130 200
130 212
130 214
130 233
130 245
130 248
130 255
130 257
130 261
130 262
130 264
130 269
130 273
130 274
130 289
130 312
130 316
130 349
131 137
131 139
131 152
131 175
131 177
131 184
131 186
131 200
131 212
131 214
131 233
131 245
131 248
131 255
131 257
131 261
131 262
131 264
131 269
131 273
131 274
131 289
131 312
131 316
131 349
132 137
132 139
132 151
132 152
132 175
132 177
132 184
132 186
132 212
132 214
132 228
132 241
132 245
132 248
132 255
132 257
132 261
132 264
132 269
132 273
132 274
132 289
132 312
132 316
132 349
133 137
133 139
133 141
133 146
133 151
133 152
133 175
133 177
133 184
133 186
133 197
133 212
133 214
133 228
133 241
133 245
133 248
133 257
133 261
133 264
133 269
133 273
133 274
133 289
133 312
133 316
133 344
133 349
134 137
134 139
134 141
134 146
134 151
134 152
134 175
134 177
134 184
134 186
134 197
134 212
134 214
134 228
134 241
134 245
134 248
134 257
134 261
134 264
134 269
134 273
134 274
134 289
134 312
134 316
134 344
134 349
135 137
135 139
135 141
135 146
135 151
135 152
135 175
135 177
135 184
135 186
135 197
135 212
135 214
135 228
135 245
135 248
135 257
135 261
135 264
135 269
135 273
135 274
135 289
135 312
135 316
135 344
135 349
136 137
136 139
136 141
136 146
136 149
136 151
136 152
136 172
136 175
136 177
136 184
136 186
136 197
136 212
136 214
136 228
136 245
136 248
136 257
136 261
136 269
136 273
136 274
136 289
136 312
136 316
136 344
136 349
137 137
137 139
137 141
137 146
137 149
137 151
137 152
137 172
137 175
137 177
137 184
137 186
137 197
137 212
137 214
137 228
137 245
137 248
137 257
137 261
137 269
137 273
137 274
137 289
137 312
137 316
137 344
137 349
138 137
138 139
138 141
138 146
138 149
138 151
138 152
138 172
138 175
138 177
138 184
138 186
138 197
138 212
138 214
138 228
138 245
138 248
138 257
138 261
138 269
138 273
138 274
138 289
138 312
138 316
138 344
138 349
139 137
139 139
139 141
139 146
139 149
139 151
139 152
139 172
139 175
139 177
139 184
139 186
139 197
139 212
139 214
139 228
139 245
139 248
139 257
139 261
139 269
139 273
139 274
139 289
139 312
139 316
139 341
139 344
139 349
140 137
140 139
140 146
140 149
140 151
140 152
140 172
140 175
140 177
140 184
140 186
140 197
140 212
140 214
140 228
140 245
140 248
140 257
140 261
140 269
140 273
140 274
140 289
140 312
140 316
140 341
140 344
140 349
141 137
141 139
141 146
141 149
141 151
141 152
141 172
141 175
141 177
141 184
141 186
141 197
141 212
141 214
141 228
141 245
141 248
141 257
141 261
141 269
141 273
141 274
141 289
141 312
141 316
141 341
141 344
141 349
142 137
142 139
142 146
142 151
142 152
142 172
142 177
142 184
142 191
142 214
142 228
142 245
142 248
142 257
142 261
142 269
142 273
142 274
142 289
142 312
142 316
142 323
142 341
142 344
142 349
143 137
143 139
143 146
143 151
143 152
143 172
143 177
143 182
143 184
143 191
143 228
143 245
143 248
143 254
143 257
143 261
143 269
143 273
143 274
143 279
143 289
143 312
143 316
143 323
143 341
143 344
143 349
144 137
144 146
144 151
144 152
144 172
144 182
144 184
144 191
144 228
144 248
144 254
144 257
144 261
144 273
144 274
144 279
144 289
144 312
144 316
144 323
144 341
144 344
144 349
145 137
145 146
145 151
145 152
145 172
145 182
145 184
145 191
145 228
145 248
145 254
145 257
145 261
145 273
145 274
145 279
145 289
145 312
145 316
145 323
145 341
145 344
145 349
146 151
146 172
146 182
146 184
146 191
146 228
146 254
146 257
146 258
146 261
146 265
146 273
146 279
146 311
146 312
146 316
146 323
146 341
146 344
147 151
147 172
147 182
147 184
147 191
147 228
147 254
147 257
147 258
147 261
147 265
147 273
147 279
147 311
147 312
147 316
147 323
147 341
147 344
148 172
148 182
148 184
148 191
148 228
148 254
148 257
148 258
148 261
148 265
148 273
148 279
148 311
148 312
148 316
148 323
148 341
148 344
149 172
149 182
149 191
149 228
149 254
149 257
149 258
149 261
149 265
149 273
149 279
149 311
149 312
149 316
149 323
149 341
149 344
150 172
150 182
150 191
150 228
150 254
150 257
150 258
150 261
150 265
150 273
150 279
150 311
150 312
150 316
150 323
150 341
150 344
151 172
151 182
151 191
151 218
151 228
151 254
151 257
151 258
151 261
151 265
151 273
151 279
151 311
151 312
151 316
151 323
151 341
151 344
152 172
152 182
152 191
152 218
152 228
152 254
152 257
152 258
152 261
152 265
152 273
152 279
152 311
152 312
152 316
152 323
152 341
152 344
153 172
153 182
153 190
153 191
153 218
153 228
153 257
153 258
153 261
153 265
153 273
153 279
153 311
153 312
153 316
153 323
153 341
153 344
154 172
154 182
154 190
154 191
154 199
154 218
154 228
154 257
154 261
154 265
154 273
154 279
154 311
154 312
154 316
154 323
154 341
154 344
155 172
155 182
155 190
155 191
155 199
155 218
155 228
155 257
155 261
155 265
155 279
155 311
155 316
155 323
155 341
155 344
156 172
156 182
156 190
156 191
156 199
156 218
156 228
156 257
156 261
156 265
156 279
156 311
156 316
156 323
156 341
156 344
157 172
157 182
157 190
157 191
157 199
157 218
157 221
157 227
157 228
157 257
157 261
157 265
157 279
157 311
157 316
157 323
157 341
157 344
158 172
158 182
158 190
158 191
158 199
158 218
158 221
158 227
158 228
158 257
158 261
158 265
158 279
158 311
158 316
158 323
158 341
158 344
159 172
159 182
159 190
159 191
159 199
159 218
159 221
159 227
159 228
159 257
159 261
159 265
159 279
159 311
159 316
159 323
159 341
159 344
160 172
160 182
160 190
160 191
160 199
160 218
160 221
160 227
160 228
160 257
160 261
160 265
160 279
160 311
160 316
160 323
160 341
160 344
161 172
161 182
161 190
161 191
161 208
161 218
161 221
161 227
161 228
161 257
161 261
161 265
161 279
161 282
161 311
161 316
161 318
161 323
161 341
161 344
162 172
162 182
162 190
162 191
162 208
162 218
162 221
162 227
162 228
162 257
162 261
162 265
162 279
162 282
162 311
162 316
162 318
162 323
162 341
162 344
163 172
163 182
163 190
163 191
163 208
163 218
163 221
163 227
163 228
163 257
163 261
163 265
163 279
163 282
163 311
163 316
163 318
163 323
163 341
163 344
164 172
164 182
164 190
164 191
164 208
164 218
164 221
164 227
164 228
164 257
164 265
164 272
164 279
164 282
164 311
164 318
164 323
164 330
164 339
164 341
164 344
165 172
165 182
165 193
165 208
165 218
165 221
165 227
165 228
165 265
165 272
165 279
165 282
165 311
165 323
165 330
165 337
165 344
166 172
166 182
166 193
166 208
166 218
166 221
166 227
166 228
166 265
166 272
166 279
166 282
166 311
166 323
166 330
166 337
166 344
167 172
167 182
167 193
167 208
167 218
167 221
167 227
167 228
167 265
167 272
167 279
167 282
167 311
167 323
167 330
167 337
167 344
168 182
168 193
168 208
168 218
168 221
168 227
168 228
168 265
168 272
168 279
168 282
168 311
168 323
168 328
168 330
168 337
168 344
169 182
169 193
169 208
169 218
169 221
169 227
169 228
169 265
169 272
169 279
169 282
169 311
169 323
169 328
169 330
169 337
169 344
170 182
170 193
170 208
170 218
170 221
170 227
170 228
170 265
170 272
170 279
170 282
170 311
170 323
170 328
170 330
170 337
170 344
171 182
171 193
171 208
171 218
171 221
171 227
171 228
171 244
171 265
171 272
171 279
171 282
171 311
171 323
171 328
171 330
171 337
171 344
172 182
172 193
172 208
172 218
172 221
172 227
172 228
172 244
172 265
172 272
172 279
172 282
172 311
172 323
172 328
172 330
172 337
172 344
173 182
173 193
173 201
173 208
173 218
173 221
173 227
173 228
173 244
173 251
173 265
173 272
173 279
173 282
173 311
173 323
173 328
173 330
173 337
173 344
174 182
174 193
174 201
174 208
174 213
174 218
174 221
174 227
174 228
174 244
174 251
174 265
174 272
174 279
174 282
174 311
174 323
174 328
174 330
174 337
174 344
175 193
175 201
175 208
175 213
175 218
175 221
175 227
175 228
175 244
175 265
175 272
175 279
175 282
175 322
175 323
175 328
175 330
175 334
175 337
175 344
176 193
176 201
176 208
176 213
176 218
176 221
176 227
176 228
176 244
176 265
176 272
176 279
176 282
176 322
176 323
176 328
176 330
176 334
176 337
177 193
177 201
177 208
177 213
177 218
177 221
177 227
177 228
177 272
177 279
177 282
177 322
177 323
177 328
177 330
177 334
177 337
178 193
178 201
178 208
178 213
178 218
178 221
178 227
178 228
178 272
178 279
178 282
178 291
178 322
178 323
178 330
178 334
178 337
179 193
179 201
179 208
179 213
179 218
179 221
179 227
179 228
179 272
179 279
179 282
179 291
179 322
179 323
179 330
179 334
179 337
180 185
180 193
180 201
180 208
180 213
180 218
180 221
180 227
180 228
180 272
180 279
180 282
180 291
180 322
180 323
180 330
180 334
180 337
181 185
181 193
181 201
181 208
181 213
181 218
181 221
181 227
181 228
181 272
181 279
181 282
181 291
181 322
181 323
181 330
181 334
181 337
182 185
182 193
182 201
182 208
182 213
182 218
182 221
182 227
182 228
182 272
182 279
182 282
182 291
182 322
182 323
182 330
182 334
182 337
183 185
183 193
183 201
183 208
183 213
183 218
183 221
183 227
183 228
183 272
183 279
183 282
183 291
183 322
183 323
183 330
183 334
183 337
184 185
184 193
184 201
184 208
184 213
184 218
184 221
184 227
184 228
184 272
184 279
184 282
184 291
184 313
184 322
184 323
184 330
184 334
184 337
185 193
185 201
185 208
185 213
185 218
185 221
185 227
185 228
185 272
185 279
185 282
185 291
185 313
185 322
185 323
185 330
185 334
185 337
186 193
186 201
186 208
186 213
186 218
186 221
186 227
186 228
186 272
186 279
186 282
186 291
186 313
186 322
186 323
186 330
186 334
186 337
187 193
187 201
187 208
187 213
187 218
187 227
187 228
187 242
187 272
187 279
187 282
187 291
187 303
187 313
187 322
187 323
187 330
187 334
187 337
188 193
188 201
188 208
188 213
188 218
188 227
188 228
188 242
188 279
188 282
188 291
188 303
188 313
188 322
188 323
188 330
188 334
188 337
189 193
189 201
189 208
189 213
189 218
189 227
189 228
189 242
189 279
189 282
189 291
189 303
189 322
189 323
189 330
189 334
189 337
190 193
190 201
190 208
190 213
190 227
190 228
190 242
190 279
190 282
190 291
190 293
190 303
190 322
190 323
190 330
190 334
190 337
191 193
191 201
191 208
191 213
191 227
191 228
191 279
191 282
191 291
191 293
191 298
191 303
191 322
191 323
191 330
191 334
191 337
192 193
192 201
192 208
192 213
192 227
192 228
192 236
192 279
192 280
192 282
192 291
192 293
192 298
192 303
192 322
192 323
192 330
192 334
192 337
193 193
193 201
193 208
193 213
193 227
193 228
193 236
193 279
193 280
193 282
193 291
193 293
193 298
193 303
193 322
193 323
193 330
193 334
193 337
194 193
194 201
194 208
194 213
194 227
194 228
194 236
194 279
194 280
194 282
194 291
194 293
194 298
194 303
194 322
194 323
194 330
194 334
194 337
195 193
195 201
195 208
195 213
195 227
195 228
195 236
195 279
195 280
195 282
195 291
195 293
195 298
195 303
195 322
195 330
195 334
196 193
196 201
196 208
196 213
196 227
196 228
196 279
196 280
196 282
196 291
196 293
196 298
196 322
196 330
196 334
197 193
197 201
197 208
197 213
197 227
197 228
197 279
197 280
197 282
197 291
197 293
197 298
197 322
197 330
197 334
198 193
198 201
198 208
198 213
198 227
198 228
198 243
198 260
198 279
198 280
198 282
198 291
198 293
198 298
198 322
198 330
198 334
199 193
199 201
199 208
199 213
199 227
199 228
199 243
199 260
199 279
199 280
199 282
199 291
199 293
199 298
199 322
199 330
199 334
200 193
200 201
200 208
200 213
200 227
200 228
200 243
200 260
200 279
200 280
200 282
200 291
200 293
200 298
200 322
200 330
200 334
201 193
201 201
201 208
201 213
201 227
201 228
201 260
201 279
201 280
201 282
201 291
201 293
201 298
201 322
201 330
201 334
202 193
202 201
202 208
202 213
202 227
202 228
202 260
202 279
202 280
202 282
202 291
202 293
202 298
202 322
202 330
203 193
203 201
203 208
203 213
203 227
203 228
203 279
203 280
203 282
203 293
203 298
203 322
203 330
204 193
204 201
204 208
204 213
204 227
204 228
204 279
204 280
204 282
204 293
204 298
204 322
204 330
205 193
205 201
205 208
205 213
205 227
205 228
205 279
205 280
205 282
205 293
205 298
205 330
206 193
206 201
206 208
206 213
206 227
206 228
206 279
206 280
206 282
206 298
206 330
207 193
207 201
207 208
207 213
207 227
207 228
207 279
207 280
207 282
207 298
207 330
208 193
208 201
208 208
208 213
208 227
208 228
208 280
208 282
208 298
208 330
209 193
209 201
209 208
209 213
209 227
209 228
209 280
209 282
209 330
210 193
210 201
210 208
210 213
210 227
210 228
210 280
210 282
210 330
211 193
211 201
211 208
211 213
211 227
211 228
211 280
211 282
211 330
212 201
212 208
212 213
212 227
212 228
212 229
212 280
212 330
212 333
213 201
213 208
213 213
213 227
213 228
213 229
213 280
213 330
213 333
214 201
214 208
214 213
214 227
214 228
214 229
214 238
214 280
214 330
214 333
215 201
215 208
215 213
215 217
215 227
215 228
215 229
215 235
215 238
215 280
215 314
215 330
215 333
216 201
216 208
216 213
216 217
216 227
216 228
216 229
216 235
216 238
216 280
216 314
216 330
216 333
217 201
217 213
217 217
217 227
217 228
217 229
217 235
217 238
217 280
217 314
217 327
217 330
217 333
218 201
218 213
218 217
218 227
218 228
218 229
218 235
218 238
218 280
218 314
218 327
218 330
218 333
219 201
219 213
219 227
219 228
219 229
219 235
219 238
219 280
219 309
219 314
219 327
219 330
219 333
220 201
220 213
220 227
220 228
220 229
220 235
220 238
220 280
220 309
220 314
220 327
220 330
220 333
221 213
221 227
221 228
221 229
221 235
221 238
221 280
221 309
221 314
221 327
221 330
221 333
222 213
222 228
222 229
222 235
222 238
222 239
222 268
222 280
222 309
222 314
222 327
222 333
222 340
222 347
223 213
223 228
223 229
223 235
223 238
223 239
223 268
223 280
223 309
223 314
223 327
223 333
223 340
223 347
224 213
224 228
224 229
224 235
224 238
224 239
224 290
224 296
224 309
224 314
224 327
224 333
224 340
224 347
225 213
225 228
225 229
225 235
225 238
225 239
225 249
225 296
225 309
225 314
225 327
225 333
225 340
225 347
226 213
226 228
226 229
226 235
226 238
226 239
226 249
226 296
226 309
226 333
226 340
226 347
227 213
227 228
227 229
227 235
227 238
227 239
227 249
227 296
227 309
227 333
227 340
227 347
228 213
228 228
228 229
228 235
228 238
228 239
228 249
228 296
228 309
228 333
228 340
228 347
229 213
229 228
229 229
229 235
229 238
229 239
229 249
229 263
229 296
229 309
229 333
229 340
229 347
230 213
230 228
230 229
230 235
230 238
230 239
230 249
230 263
230 296
230 309
230 333
230 340
230 347
231 213
231 228
231 229
231 235
231 238
231 239
231 249
231 263
231 296
231 309
231 331
231 333
231 340
232 213
232 228
232 229
232 235
232 238
232 239
232 249
232 263
232 296
232 309
232 331
232 333
232 340
233 213
233 228
233 229
233 235
233 238
233 239
233 249
233 263
233 296
233 309
233 331
233 333
233 340
234 213
234 228
234 229
234 235
234 238
234 239
234 249
234 263
234 296
234 309
234 331
234 333
234 340
235 213
235 228
235 229
235 235
235 238
235 239
235 249
235 263
235 271
235 288
235 296
235 331
235 340
236 213
236 228
236 229
236 238
236 239
236 249
236 263
236 271
236 288
236 296
236 331
237 228
237 229
237 238
237 239
237 249
237 263
237 271
237 276
237 288
237 296
237 331
238 228
238 229
238 238
238 239
238 249
238 263
238 271
238 276
238 288
238 296
238 331
239 228
239 229
239 238
239 239
239 249
239 263
239 271
239 276
239 288
239 296
239 331
240 228
240 229
240 238
240 239
240 249
240 263
240 271
240 276
240 288
240 296
240 331
241 228
241 229
241 239
241 249
241 263
241 271
241 276
241 288
241 296
241 331
242 228
242 229
242 239
242 249
242 263
242 271
242 276
242 288
242 296
242 331
243 228
243 229
243 239
243 249
243 263
243 271
243 276
243 288
243 296
243 331
243 343
244 228
244 229
244 239
244 249
244 263
244 271
244 276
244 288
244 296
244 331
244 343
245 228
245 229
245 239
245 249
245 263
245 271
245 276
245 288
245 296
245 331
245 343
246 228
246 229
246 249
246 263
246 271
246 276
246 288
246 296
246 331
246 343
247 228
247 229
247 249
247 263
247 276
247 296
247 331
247 343
248 228
248 229
248 249
248 263
248 276
248 296
248 331
248 343
249 228
249 229
249 249
249 263
249 276
249 296
249 331
249 343
250 228
250 229
250 249
250 263
250 276
250 296
250 331
250 343
251 228
251 229
251 249
251 276
251 296
251 331
251 343
252 228
252 229
252 249
252 276
252 296
252 331
252 343
253 228
253 229
253 249
253 276
253 296
253 329
253 331
253 343
254 228
254 229
254 249
254 276
254 296
254 329
254 331
254 343
255 228
255 229
255 249
255 276
255 296
255 329
255 331
255 343
256 228
256 229
256 249
256 276
256 296
256 329
256 331
256 343
257 228
257 229
257 276
257 296
257 329
257 331
257 343
258 228
258 229
258 276
258 296
258 329
258 331
258 343
259 228
259 276
259 296
259 331
259 343
260 228
260 276
260 296
260 331
260 343
261 228
261 276
261 296
261 331
261 343
262 228
262 276
262 296
262 343
263 228
263 276
263 296
263 343
264 228
264 276
264 296
264 343
265 228
265 276
265 296
265 302
265 343
266 228
266 276
266 296
266 297
266 302
266 343
267 228
267 297
267 302
267 320
267 343
268 228
268 297
268 302
268 320
268 343
269 228
269 297
269 302
269 320
269 343
270 228
270 297
270 302
270 320
270 343
271 228
271 297
271 302
271 320
271 343
272 228
272 297
272 302
272 320
272 343
273 228
273 287
273 297
273 302
273 320
273 343
274 228
274 287
274 297
274 302
274 343
275 228
275 287
275 297
275 302
275 332
275 343
276 228
276 287
276 297
276 302
276 332
276 343
277 228
277 287
277 297
277 302
277 332
277 343
278 228
278 287
278 297
278 302
278 332
278 343
279 228
279 287
279 297
279 302
279 332
279 343
280 228
280 287
280 297
280 302
280 305
280 332
280 343
281 228
281 287
281 297
281 302
281 305
281 332
281 343
282 228
282 297
282 302
282 305
282 315
282 332
282 343
283 228
283 297
283 302
283 305
283 315
283 332
283 343
284 228
284 297
284 302
284 305
284 315
284 332
284 343
285 228
285 297
285 302
285 305
285 315
285 332
285 343
286 228
286 297
286 302
286 305
286 315
286 332
286 343
287 228
287 297
287 302
287 305
287 315
287 332
287 343
288 228
288 297
288 302
288 305
288 307
288 315
288 332
288 343
289 228
289 297
289 302
289 305
289 307
289 315
289 332
289 343
290 228
290 297
290 302
290 305
290 307
290 315
290 332
290 343
291 228
291 297
291 302
291 305
291 307
291 332
291 343
292 228
292 297
292 302
292 305
292 307
292 332
292 335
292 343
293 297
293 302
293 305
293 307
293 332
293 335
293 343
294 297
294 302
294 305
294 307
294 332
294 335
294 343
295 297
295 302
295 305
295 307
295 332
295 335
295 343
296 297
296 302
296 305
296 307
296 332
296 335
296 343
297 297
297 302
297 305
297 307
297 332
297 335
297 343
298 297
298 302
298 305
298 307
298 332
298 335
298 343
299 297
299 302
299 305
299 307
299 332
299 335
299 343
300 297
300 302
300 305
300 307
300 332
300 335
300 343
301 297
301 302
301 305
301 332
301 335
301 343
302 297
302 302
302 305
302 332
302 335
302 343
303 297
303 302
303 305
303 332
303 335
303 343
304 297
304 302
304 305
304 332
304 335
304 343
305 302
305 305
305 332
305 336
305 343
306 302
306 305
306 332
306 336
306 343
307 302
307 305
307 332
307 336
307 343
308 302
308 305
308 332
308 336
308 343
309 302
309 305
309 332
309 336
309 343
310 302
310 305
310 332
310 336
310 343
311 302
311 305
311 332
311 336
311 343
312 302
312 305
312 332
312 336
312 343
313 302
313 305
313 332
313 336
313 343
314 302
314 305
314 332
314 336
314 343
315 302
315 305
315 332
315 336
315 343
316 302
316 305
316 332
316 336
316 343
317 302
317 305
317 336
317 343
318 302
318 305
318 336
318 343
319 302
319 305
319 336
319 343
320 302
320 305
320 336
320 343
321 302
321 305
321 336
321 343
322 305
322 336
322 343
323 336
323 343
324 336
324 343
325 336
325 343
326 336
326 343
327 336
327 343
328 336
328 343
329 336
329 343
330 336
330 343
341 348
