1 14
1 25
1 35
1 46
1 57
1 61
1 100
1 151
1 157
2 25
2 35
2 46
2 57
2 61
2 63
2 100
2 151
2 157
3 19
3 20
3 25
3 46
3 61
3 62
3 63
3 100
3 105
3 120
3 122
3 151
3 157
3 233
4 5
4 19
4 20
4 25
4 46
4 61
4 62
4 63
4 100
4 105
4 115
4 118
4 120
4 122
4 151
4 157
4 233
4 339
5 7
5 20
5 25
5 46
5 51
5 61
5 62
5 63
5 100
5 105
5 115
5 118
5 120
5 122
5 151
5 157
5 233
5 339
6 25
6 46
6 51
6 61
6 62
6 63
6 105
6 115
6 118
6 120
6 122
6 151
6 157
6 233
6 339
7 25
7 46
7 51
7 61
7 62
7 63
7 105
7 115
7 118
7 120
7 122
7 151
7 157
7 233
7 339
8 10
8 25
8 45
8 46
8 51
8 61
8 62
8 105
8 118
8 120
8 122
8 141
8 151
8 157
8 217
8 277
8 281
8 339
9 17
9 43
9 45
9 61
9 62
9 65
9 68
9 71
9 86
9 105
9 118
9 132
9 141
9 147
9 151
9 157
9 198
9 201
9 217
9 262
9 277
9 281
9 339
10 17
10 43
10 45
10 61
10 62
10 65
10 68
10 86
10 105
10 118
10 132
10 141
10 147
10 151
10 157
10 198
10 201
10 217
10 262
10 277
10 281
10 339
11 17
11 43
11 45
11 50
11 61
11 65
11 68
11 86
11 105
11 132
11 141
11 147
11 151
11 157
11 198
11 201
11 217
11 262
11 277
11 281
11 339
12 17
12 18
12 44
12 45
12 50
12 65
12 68
12 86
12 105
12 132
12 141
12 147
12 151
12 157
12 198
12 201
12 217
12 262
12 277
12 281
12 311
12 339
13 16
13 17
13 18
13 44
13 45
13 50
13 65
13 68
13 86
13 105
13 132
13 139
13 141
13 147
13 151
13 157
13 198
13 201
13 217
13 262
13 277
13 281
13 311
13 339
14 16
14 17
14 44
14 45
14 50
14 65
14 68
14 86
14 105
14 132
14 139
14 141
14 147
14 151
14 198
14 201
14 217
14 262
14 277
14 281
14 311
14 339
15 44
15 45
15 50
15 65
15 68
15 86
15 105
15 132
15 139
15 141
15 147
15 151
15 198
15 201
15 217
15 262
15 275
15 277
15 281
15 311
15 339
16 44
16 45
16 50
16 65
16 68
16 86
16 105
16 132
16 139
16 141
16 147
16 151
16 201
16 217
16 262
16 275
16 277
16 281
16 311
16 339
17 44
17 45
17 50
17 65
17 68
17 86
17 105
17 117
17 132
17 139
17 141
17 147
17 151
17 201
17 217
17 262
17 275
17 277
17 281
17 311
17 339
18 24
18 36
18 50
18 68
18 86
18 92
18 105
18 117
18 132
18 139
18 147
18 151
18 201
18 217
18 262
18 275
18 277
18 281
18 311
18 339
19 24
19 50
19 56
19 68
19 86
19 105
19 117
19 132
19 139
19 147
19 151
19 201
19 217
19 262
19 270
19 275
19 277
19 281
19 311
19 339
20 22
20 49
20 50
20 56
20 68
20 69
20 86
20 103
20 105
20 117
20 132
20 139
20 147
20 151
20 201
20 217
20 243
20 249
20 262
20 270
20 277
20 281
20 286
20 311
20 339
21 49
21 50
21 56
21 68
21 69
21 86
21 105
21 117
21 132
21 147
21 151
21 183
21 201
21 217
21 243
21 249
21 262
21 270
21 277
21 281
21 286
21 311
21 339
22 49
22 68
22 69
22 86
22 105
22 117
22 132
22 147
22 151
22 183
22 201
22 217
22 243
22 249
22 262
22 270
22 277
22 281
22 286
22 311
22 339
23 27
23 31
23 33
23 34
23 68
23 82
23 86
23 105
23 129
23 132
23 147
23 151
23 201
23 243
23 249
23 254
23 262
23 270
23 277
23 281
23 286
23 311
23 331
23 339
23 345
24 27
24 31
24 33
24 34
24 68
24 72
24 74
24 82
24 86
24 105
24 106
24 129
24 132
24 147
24 151
24 201
24 243
24 249
24 254
24 262
24 270
24 277
24 281
24 286
24 311
24 331
24 339
24 345
25 27
25 31
25 33
25 34
25 41
25 68
25 72
25 74
25 82
25 86
25 105
25 106
25 107
25 112
25 129
25 147
25 151
25 173
25 201
25 243
25 249
25 254
25 262
25 270
25 277
25 281
25 286
25 311
25 331
25 339
25 345
26 29
26 31
26 34
26 41
26 68
26 72
26 74
26 82
26 86
26 106
26 107
26 112
26 129
26 147
26 151
26 173
26 197
26 201
26 243
26 249
26 254
26 262
26 270
26 277
26 281
26 286
26 311
26 331
26 335
26 345
27 29
27 31
27 34
27 41
27 68
27 72
27 74
27 82
27 86
27 106
27 107
27 112
27 147
27 151
27 173
27 197
27 201
27 243
27 249
27 254
27 262
27 270
27 277
27 281
27 286
27 311
27 331
27 335
27 345
28 32
28 34
28 41
28 82
28 86
28 95
28 106
28 107
28 112
28 147
28 151
28 172
28 173
28 197
28 238
28 243
28 249
28 254
28 262
28 270
28 277
28 286
28 311
28 331
28 335
28 345
29 32
29 34
29 41
29 82
29 86
29 89
29 95
29 106
29 107
29 112
29 147
29 151
29 172
29 173
29 197
29 238
29 243
29 249
29 254
29 262
29 270
29 277
29 286
29 311
29 328
29 331
29 335
29 345
30 32
30 34
30 41
30 82
30 86
30 89
30 95
30 106
30 107
30 112
30 147
30 151
30 172
30 173
30 197
30 238
30 243
30 249
30 254
30 262
30 270
30 277
30 284
30 286
30 311
30 328
30 331
30 335
30 345
31 32
31 34
31 40
31 41
31 82
31 86
31 89
31 95
31 106
31 107
31 112
31 147
31 151
31 172
31 173
31 197
31 238
31 243
31 249
31 254
31 262
31 270
31 277
31 284
31 286
31 311
31 328
31 331
31 335
31 345
32 32
32 34
32 40
32 41
32 82
32 85
32 86
32 89
32 95
32 106
32 107
32 112
32 147
32 151
32 173
32 197
32 238
32 243
32 249
32 254
32 262
32 270
32 277
32 284
32 286
32 311
32 328
32 331
32 335
32 345
33 32
33 34
33 40
33 41
33 73
33 82
33 85
33 86
33 89
33 95
33 106
33 107
33 147
33 151
33 173
33 197
33 238
33 243
33 249
33 254
33 262
33 270
33 277
33 284
33 286
33 311
33 328
33 331
33 335
33 345
34 34
34 41
34 82
34 95
34 106
34 107
34 136
34 143
34 147
34 173
34 197
34 206
34 238
34 243
34 249
34 262
34 270
34 277
34 284
34 286
34 303
34 311
34 328
34 331
34 335
34 345
35 41
35 95
35 106
35 107
35 134
35 136
35 147
35 173
35 197
35 206
35 238
35 243
35 249
35 262
35 270
35 277
35 284
35 286
35 303
35 311
35 328
35 331
35 335
35 345
36 41
36 95
36 106
36 107
36 134
36 136
36 147
36 173
36 197
36 206
36 238
36 243
36 249
36 262
36 270
36 277
36 284
36 286
36 303
36 311
36 328
36 331
36 335
36 345
37 41
37 58
37 95
37 106
37 107
37 134
37 136
37 147
37 173
37 197
37 206
37 238
37 243
37 249
37 262
37 270
37 277
37 284
37 286
37 303
37 311
37 328
37 331
37 335
37 345
38 41
38 58
38 95
38 106
38 107
38 136
38 173
38 197
38 206
38 234
38 238
38 243
38 249
38 262
38 270
38 277
38 284
38 286
38 303
38 311
38 328
38 331
38 335
38 345
39 41
39 58
39 66
39 70
39 84
39 95
39 125
39 136
39 153
39 164
39 173
39 196
39 197
39 206
39 234
39 238
39 243
39 249
39 264
39 270
39 277
39 284
39 286
39 288
39 303
39 311
39 328
39 331
39 335
39 345
40 41
40 47
40 64
40 70
40 84
40 95
40 125
40 136
40 164
40 173
40 196
40 197
40 206
40 234
40 238
40 243
40 249
40 264
40 270
40 277
40 284
40 286
40 288
40 294
40 303
40 311
40 328
40 331
40 345
41 41
41 42
41 47
41 48
41 60
41 64
41 70
41 77
41 84
41 91
41 93
41 95
41 125
41 136
41 173
41 178
41 196
41 197
41 206
41 234
41 238
41 243
41 249
41 264
41 270
41 277
41 284
41 286
41 288
41 294
41 303
41 311
41 325
41 328
41 331
41 345
42 41
42 47
42 48
42 60
42 64
42 70
42 77
42 84
42 91
42 93
42 95
42 125
42 136
42 173
42 178
42 196
42 197
42 206
42 234
42 238
42 243
42 249
42 264
42 270
42 277
42 284
42 286
42 288
42 294
42 303
42 311
42 325
42 328
42 331
42 345
43 47
43 60
43 64
43 77
43 84
43 95
43 125
43 136
43 173
43 178
43 196
43 197
43 204
43 206
43 234
43 243
43 264
43 277
43 283
43 284
43 286
43 288
43 294
43 303
43 311
43 324
43 325
43 328
43 331
43 345
44 47
44 54
44 60
44 64
44 77
44 95
44 125
44 136
44 173
44 178
44 196
44 197
44 204
44 206
44 234
44 237
44 243
44 264
44 277
44 283
44 284
44 286
44 288
44 294
44 303
44 311
44 324
44 325
44 328
44 331
44 345
45 47
45 54
45 60
45 64
45 77
45 95
45 125
45 136
45 173
45 178
45 197
45 204
45 206
45 234
45 237
45 243
45 264
45 277
45 283
45 284
45 286
45 288
45 294
45 303
45 311
45 324
45 325
45 328
45 331
45 345
46 47
46 54
46 59
46 60
46 64
46 77
46 95
46 125
46 136
46 173
46 197
46 204
46 206
46 234
46 237
46 243
46 261
46 264
46 277
46 283
46 284
46 286
46 288
46 294
46 303
46 311
46 324
46 325
46 328
46 331
46 345
47 47
47 54
47 60
47 64
47 77
47 95
47 125
47 136
47 173
47 197
47 204
47 206
47 234
47 237
47 243
47 261
47 264
47 277
47 283
47 284
47 286
47 288
47 294
47 303
47 311
47 324
47 325
47 328
47 331
47 345
48 47
48 60
48 64
48 77
48 95
48 125
48 136
48 173
48 197
48 204
48 234
48 237
48 243
48 253
48 261
48 264
48 277
48 283
48 284
48 286
48 288
48 294
48 303
48 311
48 324
48 325
48 328
48 331
48 345
49 47
49 60
49 83
49 95
49 125
49 136
49 160
49 173
49 197
49 204
49 234
49 237
49 243
49 253
49 261
49 264
49 284
49 286
49 288
49 294
49 303
49 311
49 324
49 325
49 328
49 331
49 345
50 47
50 83
50 90
50 95
50 136
50 144
50 160
50 173
50 197
50 204
50 234
50 237
50 243
50 253
50 261
50 264
50 284
50 286
50 288
50 294
50 303
50 311
50 321
50 324
50 325
50 331
50 345
51 83
51 87
51 90
51 99
51 113
51 144
51 160
51 173
51 197
51 204
51 215
51 234
51 237
51 243
51 250
51 253
51 261
51 263
51 264
51 284
51 285
51 286
51 288
51 303
51 311
51 321
51 324
51 325
51 331
52 80
52 87
52 99
52 113
52 144
52 160
52 173
52 197
52 204
52 215
52 234
52 237
52 243
52 246
52 250
52 253
52 261
52 263
52 284
52 285
52 286
52 288
52 303
52 311
52 321
52 324
52 325
52 331
53 80
53 87
53 99
53 113
53 144
53 160
53 173
53 197
53 204
53 215
53 234
53 237
53 246
53 253
53 261
53 263
53 284
53 285
53 286
53 288
53 303
53 311
53 321
53 324
53 325
53 331
54 80
54 87
54 99
54 113
54 144
54 160
54 173
54 197
54 204
54 215
54 234
54 237
54 246
54 253
54 261
54 263
54 284
54 285
54 286
54 288
54 303
54 311
54 321
54 324
54 325
54 331
55 80
55 87
55 99
55 113
55 144
55 160
55 173
55 197
55 204
55 215
55 234
55 237
55 246
55 253
55 261
55 263
55 284
55 285
55 286
55 288
55 303
55 311
55 321
55 324
55 325
55 331
56 80
56 87
56 99
56 113
56 144
56 160
56 173
56 197
56 204
56 205
56 215
56 234
56 246
56 253
56 261
56 263
56 284
56 285
56 286
56 288
56 303
56 311
56 321
56 324
56 325
56 331
57 80
57 81
57 99
57 113
57 144
57 160
57 173
57 197
57 204
57 205
57 215
57 234
57 246
57 253
57 261
57 263
57 284
57 285
57 286
57 288
57 303
57 311
57 321
57 324
57 325
57 331
58 80
58 81
58 99
58 113
58 144
58 160
58 173
58 197
58 204
58 205
58 215
58 234
58 246
58 253
58 261
58 263
58 284
58 285
58 286
58 288
58 303
58 311
58 321
58 324
58 325
58 331
59 80
59 81
59 99
59 113
59 144
59 160
59 173
59 197
59 204
59 205
59 215
59 234
59 246
59 253
59 261
59 263
59 284
59 285
59 286
59 288
59 303
59 311
59 321
59 324
59 325
59 331
60 80
60 81
60 99
60 113
60 144
60 160
60 173
60 197
60 204
60 205
60 215
60 234
60 246
60 253
60 261
60 263
60 284
60 285
60 286
60 288
60 303
60 311
60 321
60 324
60 325
60 331
61 75
61 76
61 80
61 81
61 99
61 113
61 131
61 144
61 161
61 173
61 197
61 204
61 205
61 215
61 228
61 234
61 246
61 253
61 263
61 284
61 285
61 288
61 303
61 308
61 311
61 321
61 324
61 325
61 331
62 75
62 76
62 80
62 81
62 99
62 113
62 131
62 144
62 161
62 173
62 197
62 204
62 205
62 215
62 228
62 234
62 246
62 253
62 263
62 284
62 285
62 288
62 303
62 308
62 311
62 321
62 324
62 325
62 331
63 75
63 76
63 79
63 80
63 94
63 99
63 113
63 144
63 161
63 173
63 189
63 197
63 204
63 215
63 228
63 229
63 246
63 253
63 263
63 284
63 285
63 288
63 303
63 308
63 311
63 321
63 324
63 325
63 331
64 75
64 76
64 79
64 80
64 94
64 99
64 109
64 113
64 144
64 161
64 173
64 189
64 197
64 204
64 215
64 228
64 229
64 246
64 253
64 263
64 284
64 285
64 288
64 303
64 308
64 311
64 321
64 324
64 325
64 331
65 75
65 76
65 79
65 80
65 88
65 94
65 97
65 99
65 109
65 113
65 128
65 161
65 173
65 189
65 197
65 204
65 215
65 220
65 228
65 229
65 246
65 247
65 253
65 263
65 284
65 285
65 288
65 303
65 308
65 311
65 321
65 324
65 325
66 75
66 76
66 79
66 80
66 88
66 94
66 97
66 99
66 109
66 113
66 128
66 161
66 173
66 189
66 197
66 204
66 215
66 220
66 228
66 229
66 246
66 247
66 253
66 263
66 284
66 285
66 288
66 303
66 308
66 311
66 321
66 324
66 325
67 75
67 76
67 79
67 80
67 88
67 94
67 97
67 99
67 109
67 113
67 161
67 173
67 189
67 197
67 204
67 215
67 220
67 228
67 229
67 246
67 247
67 253
67 263
67 284
67 285
67 288
67 303
67 308
67 311
67 321
67 324
67 325
67 326
68 75
68 80
68 88
68 94
68 97
68 99
68 109
68 113
68 121
68 133
68 173
68 189
68 197
68 204
68 215
68 228
68 229
68 246
68 247
68 253
68 263
68 285
68 288
68 308
68 311
68 321
68 325
69 94
69 97
69 99
69 109
69 121
69 133
69 173
69 197
69 204
69 215
69 228
69 229
69 246
69 247
69 263
69 285
69 288
69 308
69 311
69 321
69 325
70 94
70 97
70 109
70 121
70 133
70 155
70 173
70 197
70 204
70 215
70 228
70 229
70 246
70 247
70 263
70 288
70 308
70 311
70 321
70 325
71 94
71 97
71 109
71 121
71 133
71 173
71 197
71 204
71 215
71 228
71 229
71 246
71 247
71 263
71 288
71 308
71 311
71 321
72 94
72 97
72 109
72 121
72 126
72 133
72 173
72 197
72 204
72 215
72 228
72 229
72 246
72 263
72 288
72 308
72 311
72 321
73 94
73 97
73 109
73 121
73 126
73 133
73 173
73 197
73 204
73 215
73 228
73 229
73 246
73 263
73 288
73 308
73 311
73 321
74 94
74 97
74 108
74 109
74 126
74 133
74 173
74 197
74 204
74 215
74 227
74 228
74 229
74 246
74 263
74 288
74 308
74 311
74 321
75 94
75 108
75 109
75 126
75 133
75 173
75 197
75 204
75 215
75 227
75 228
75 229
75 246
75 263
75 288
75 308
75 311
75 321
76 94
76 108
76 109
76 126
76 133
76 173
76 186
76 197
76 204
76 215
76 227
76 228
76 229
76 246
76 263
76 288
76 308
76 311
76 321
77 94
77 109
77 111
77 126
77 133
77 173
77 186
77 192
77 197
77 204
77 215
77 227
77 228
77 229
77 245
77 246
77 263
77 288
77 308
77 311
77 321
78 94
78 109
78 111
78 126
78 133
78 173
78 186
78 192
78 197
78 204
78 215
78 227
78 228
78 229
78 245
78 246
78 263
78 288
78 308
78 311
78 321
79 94
79 109
79 126
79 169
79 173
79 180
79 186
79 192
79 197
79 199
79 204
79 215
79 227
79 228
79 229
79 245
79 246
79 288
79 300
79 308
79 311
80 94
80 109
80 126
80 169
80 173
80 180
80 186
80 192
80 199
80 204
80 215
80 227
80 228
80 229
80 242
80 245
80 246
80 259
80 288
80 290
80 300
80 308
80 311
81 94
81 109
81 126
81 169
81 173
81 180
81 186
81 192
81 199
81 204
81 215
81 227
81 228
81 229
81 242
81 245
81 246
81 259
81 288
81 290
81 300
81 308
81 311
82 94
82 109
82 126
82 169
82 173
82 180
82 186
82 192
82 199
82 204
82 215
82 227
82 228
82 229
82 232
82 242
82 245
82 246
82 259
82 288
82 290
82 300
82 308
82 311
83 94
83 109
83 137
83 142
83 169
83 173
83 179
83 180
83 186
83 192
83 199
83 204
83 227
83 228
83 229
83 232
83 242
83 245
83 246
83 259
83 288
83 290
83 300
83 308
83 311
84 94
84 109
84 116
84 137
84 142
84 169
84 173
84 179
84 180
84 186
84 192
84 199
84 204
84 227
84 228
84 229
84 232
84 242
84 245
84 246
84 259
84 288
84 290
84 300
84 308
84 311
85 94
85 101
85 109
85 116
85 130
85 137
85 142
85 169
85 173
85 179
85 180
85 186
85 192
85 199
85 204
85 227
85 228
85 229
85 242
85 245
85 246
85 259
85 276
85 288
85 290
85 300
85 301
85 308
85 311
85 316
86 94
86 101
86 109
86 116
86 130
86 137
86 142
86 150
86 169
86 173
86 179
86 180
86 186
86 192
86 199
86 204
86 211
86 227
86 228
86 229
86 242
86 245
86 246
86 259
86 276
86 288
86 290
86 300
86 301
86 308
86 311
86 316
87 94
87 109
87 116
87 130
87 137
87 142
87 150
87 169
87 173
87 179
87 180
87 186
87 192
87 199
87 204
87 211
87 227
87 228
87 229
87 242
87 245
87 246
87 259
87 276
87 288
87 290
87 300
87 301
87 308
87 311
87 315
87 316
88 94
88 109
88 116
88 130
88 142
88 150
88 169
88 173
88 179
88 180
88 192
88 199
88 204
88 211
88 227
88 228
88 229
88 242
88 245
88 246
88 259
88 276
88 288
88 290
88 300
88 301
88 308
88 311
88 315
88 316
89 94
89 96
89 109
89 116
89 130
89 140
89 142
89 150
89 169
89 173
89 179
89 180
89 192
89 199
89 204
89 227
89 228
89 229
89 242
89 245
89 246
89 259
89 276
89 288
89 290
89 300
89 301
89 307
89 308
89 311
89 315
89 316
90 94
90 96
90 116
90 130
90 140
90 142
90 169
90 173
90 179
90 180
90 181
90 192
90 195
90 199
90 203
90 204
90 227
90 228
90 229
90 242
90 245
90 246
90 259
90 276
90 288
90 290
90 300
90 301
90 307
90 308
90 311
90 315
90 316
91 94
91 116
91 130
91 142
91 169
91 173
91 179
91 180
91 181
91 192
91 195
91 199
91 204
91 227
91 228
91 229
91 242
91 245
91 246
91 259
91 276
91 288
91 290
91 300
91 301
91 307
91 308
91 311
91 315
91 316
92 94
92 116
92 130
92 142
92 169
92 173
92 179
92 180
92 181
92 192
92 195
92 199
92 227
92 228
92 229
92 242
92 245
92 246
92 259
92 276
92 288
92 290
92 300
92 301
92 307
92 308
92 311
92 315
92 316
93 94
93 116
93 130
93 142
93 169
93 173
93 179
93 180
93 181
93 192
93 195
93 199
93 227
93 228
93 229
93 242
93 245
93 246
93 259
93 276
93 288
93 290
93 300
93 301
93 307
93 308
93 311
93 315
93 316
94 94
94 116
94 124
94 130
94 138
94 142
94 163
94 169
94 173
94 174
94 179
94 180
94 181
94 192
94 195
94 199
94 228
94 229
94 245
94 265
94 276
94 288
94 300
94 301
94 307
94 308
94 311
94 315
94 316
95 102
95 116
95 130
95 138
95 142
95 163
95 169
95 173
95 174
95 179
95 180
95 181
95 192
95 195
95 199
95 228
95 229
95 245
95 265
95 276
95 288
95 300
95 301
95 307
95 308
95 311
95 315
95 316
96 102
96 116
96 130
96 138
96 142
96 163
96 169
96 171
96 173
96 174
96 179
96 180
96 181
96 192
96 195
96 199
96 228
96 229
96 245
96 265
96 276
96 288
96 300
96 301
96 307
96 308
96 311
96 315
96 316
97 102
97 116
97 130
97 138
97 142
97 163
97 169
97 171
97 173
97 174
97 179
97 180
97 181
97 192
97 195
97 199
97 228
97 229
97 245
97 265
97 276
97 288
97 300
97 301
97 307
97 308
97 311
97 315
97 316
98 102
98 110
98 116
98 130
98 138
98 142
98 148
98 154
98 163
98 166
98 169
98 171
98 174
98 179
98 180
98 181
98 192
98 195
98 199
98 228
98 229
98 245
98 265
98 276
98 288
98 300
98 301
98 307
98 308
98 311
98 312
98 315
98 316
99 102
99 110
99 114
99 116
99 138
99 142
99 154
99 163
99 166
99 169
99 171
99 174
99 179
99 180
99 181
99 192
99 195
99 199
99 228
99 229
99 245
99 265
99 276
99 288
99 300
99 301
99 307
99 308
99 311
99 312
99 315
99 316
100 102
100 110
100 114
100 116
100 138
100 142
100 163
100 166
100 169
100 171
100 174
100 179
100 180
100 181
100 192
100 195
100 199
100 228
100 229
100 245
100 265
100 276
100 288
100 300
100 301
100 307
100 308
100 311
100 312
100 315
100 316
101 102
101 110
101 114
101 116
101 138
101 142
101 163
101 166
101 169
101 171
101 174
101 179
101 180
101 181
101 192
101 195
101 199
101 228
101 229
101 245
101 258
101 265
101 276
101 288
101 300
101 301
101 307
101 308
101 311
101 312
101 315
101 316
102 110
102 114
102 116
102 138
102 142
102 163
102 166
102 169
102 171
102 174
102 179
102 180
102 181
102 192
102 195
102 199
102 228
102 229
102 245
102 258
102 265
102 276
102 288
102 300
102 301
102 308
102 311
102 312
102 315
102 316
103 110
103 114
103 116
103 119
103 138
103 142
103 158
103 166
103 169
103 171
103 174
103 179
103 180
103 181
103 192
103 195
103 199
103 228
103 229
103 245
103 265
103 276
103 288
103 300
103 301
103 308
103 311
103 312
103 315
103 316
104 110
104 114
104 116
104 119
104 138
104 142
104 158
104 166
104 169
104 171
104 174
104 179
104 180
104 181
104 192
104 195
104 199
104 228
104 229
104 245
104 265
104 276
104 288
104 300
104 301
104 308
104 311
104 312
104 315
104 316
105 110
105 114
105 116
105 119
105 138
105 142
105 158
105 166
105 169
105 171
105 174
105 179
105 180
105 181
105 192
105 195
105 199
105 228
105 229
105 245
105 265
105 276
105 288
105 300
105 301
105 308
105 311
105 312
105 315
105 316
106 110
106 114
106 116
106 135
106 138
106 142
106 158
106 165
106 166
106 169
106 174
106 179
106 180
106 194
106 195
106 199
106 228
106 229
106 265
106 276
106 280
106 288
106 300
106 301
106 308
106 311
106 312
106 315
106 316
107 110
107 114
107 116
107 135
107 138
107 142
107 158
107 165
107 166
107 169
107 174
107 179
107 180
107 193
107 194
107 195
107 199
107 228
107 229
107 265
107 276
107 280
107 288
107 301
107 308
107 311
107 312
107 315
107 316
108 110
108 114
108 116
108 135
108 142
108 158
108 165
108 166
108 169
108 174
108 180
108 193
108 194
108 195
108 199
108 228
108 229
108 265
108 276
108 280
108 288
108 301
108 308
108 311
108 315
108 316
109 110
109 114
109 116
109 135
109 142
109 158
109 165
109 166
109 169
109 174
109 180
109 193
109 194
109 195
109 199
109 228
109 229
109 265
109 276
109 280
109 288
109 301
109 308
109 311
109 315
109 316
110 110
110 114
110 116
110 135
110 142
110 158
110 165
110 166
110 169
110 174
110 180
110 193
110 194
110 195
110 228
110 229
110 265
110 276
110 280
110 288
110 301
110 308
110 311
110 315
110 316
111 110
111 114
111 116
111 135
111 142
111 158
111 165
111 166
111 169
111 174
111 180
111 193
111 194
111 195
111 228
111 229
111 265
111 276
111 280
111 288
111 301
111 308
111 311
111 315
111 316
112 110
112 114
112 116
112 135
112 142
112 158
112 165
112 166
112 174
112 180
112 193
112 194
112 195
112 228
112 229
112 265
112 276
112 280
112 288
112 301
112 308
112 311
112 315
112 316
113 110
113 114
113 116
113 135
113 142
113 165
113 166
113 174
113 180
113 193
113 194
113 195
113 228
113 229
113 265
113 276
113 280
113 288
113 301
113 308
113 311
113 315
113 316
114 110
114 114
114 116
114 135
114 142
114 165
114 166
114 174
114 180
114 193
114 194
114 195
114 228
114 229
114 265
114 276
114 280
114 288
114 301
114 308
114 311
114 315
114 316
115 110
115 114
115 116
115 123
115 135
115 142
115 165
115 166
115 174
115 180
115 193
115 194
115 195
115 228
115 229
115 265
115 276
115 280
115 288
115 301
115 308
115 311
115 315
115 316
116 110
116 116
116 123
116 135
116 142
116 166
116 174
116 193
116 194
116 228
116 229
116 265
116 271
116 273
116 276
116 280
116 292
116 293
116 301
116 308
116 311
116 315
116 316
117 116
117 123
117 135
117 142
117 166
117 174
117 193
117 194
117 228
117 229
117 256
117 265
117 271
117 273
117 276
117 280
117 292
117 293
117 301
117 308
117 311
117 315
117 316
118 116
118 123
118 135
118 142
118 166
118 174
118 193
118 194
118 228
118 229
118 256
118 265
118 271
118 273
118 276
118 280
118 292
118 293
118 301
118 308
118 311
118 315
118 316
119 116
119 123
119 135
119 142
119 156
119 166
119 174
119 193
119 194
119 228
119 229
119 256
119 265
119 271
119 273
119 276
119 280
119 292
119 293
119 301
119 308
119 311
119 315
119 316
120 116
120 123
120 135
120 142
120 156
120 166
120 174
120 193
120 194
120 228
120 229
120 256
120 265
120 271
120 273
120 276
120 280
120 292
120 293
120 299
120 301
120 308
120 311
120 315
120 316
121 116
121 123
121 135
121 142
121 156
121 166
121 174
121 193
121 194
121 228
121 229
121 256
121 265
121 271
121 273
121 276
121 280
121 292
121 293
121 299
121 301
121 308
121 311
121 315
121 316
122 116
122 123
122 135
122 142
122 156
122 166
122 174
122 193
122 194
122 228
122 229
122 256
122 265
122 271
122 273
122 276
122 280
122 292
122 293
122 299
122 301
122 308
122 311
122 315
122 316
123 116
123 123
123 135
123 142
123 156
123 166
123 174
123 193
123 194
123 228
123 229
123 240
123 256
123 271
123 273
123 276
123 280
123 292
123 293
123 299
123 301
123 308
123 311
123 315
123 316
124 116
124 123
124 135
124 142
124 156
124 166
124 174
124 176
124 193
124 194
124 228
124 229
124 240
124 256
124 271
124 273
124 276
124 280
124 292
124 293
124 299
124 301
124 308
124 311
124 315
124 316
125 116
125 123
125 135
125 142
125 156
125 159
125 166
125 174
125 176
125 193
125 194
125 228
125 229
125 240
125 256
125 271
125 273
125 276
125 280
125 292
125 293
125 299
125 301
125 308
125 311
125 315
125 316
126 116
126 123
126 135
126 156
126 159
126 166
126 168
126 174
126 176
126 193
126 194
126 212
126 228
126 229
126 240
126 256
126 271
126 273
126 276
126 280
126 292
126 293
126 299
126 301
126 308
126 311
126 315
126 316
127 116
127 123
127 135
127 156
127 159
127 166
127 168
127 174
127 176
127 193
127 194
127 212
127 228
127 229
127 256
127 266
127 271
127 273
127 276
127 280
127 292
127 293
127 299
127 301
127 308
127 311
127 315
127 316
128 116
128 123
128 135
128 156
128 159
128 166
128 168
128 174
128 176
128 193
128 194
128 212
128 228
128 229
128 256
128 266
128 271
128 273
128 276
128 280
128 292
128 293
128 299
128 301
128 308
128 311
128 315
128 316
129 123
129 135
129 156
129 159
129 166
129 168
129 174
129 176
129 193
129 194
129 212
129 228
129 229
129 256
129 266
129 271
129 273
129 276
129 280
129 292
129 301
129 308
129 311
129 315
129 316
130 123
130 135
130 156
130 159
130 166
130 168
130 174
130 176
130 193
130 194
130 212
130 228
130 229
130 256
130 266
130 271
130 273
130 276
130 280
130 292
130 301
130 308
130 311
130 315
130 316
131 123
131 135
131 156
131 159
131 166
131 168
131 174
131 176
131 193
131 194
131 212
131 228
131 229
131 256
131 266
131 271
131 273
131 276
131 292
131 301
131 308
131 311
131 315
131 316
132 123
132 135
132 156
132 159
132 166
132 167
132 168
132 174
132 176
132 193
132 194
132 212
132 228
132 229
132 256
132 266
132 271
132 273
132 292
132 301
132 308
132 311
132 315
132 316
133 123
133 135
133 156
133 159
133 166
133 167
133 168
133 174
133 176
133 193
133 194
133 212
133 228
133 229
133 256
133 266
133 271
133 273
133 292
133 301
133 308
133 311
133 315
133 316
134 123
134 135
134 156
134 159
134 166
134 167
134 168
134 174
134 176
134 193
134 212
134 228
134 229
134 256
134 266
134 271
134 273
134 292
134 301
134 308
134 311
134 315
134 316
135 135
135 156
135 159
135 166
135 167
135 168
135 174
135 176
135 193
135 212
135 228
135 229
135 256
135 266
135 267
135 271
135 273
135 292
135 301
135 308
135 311
135 315
135 316
136 135
136 156
136 159
136 166
136 167
136 168
136 174
136 176
136 193
136 212
136 229
136 256
136 266
136 267
136 271
136 273
136 292
136 301
136 308
136 311
136 315
136 316
137 149
137 159
137 166
137 167
137 168
137 174
137 176
137 193
137 212
137 229
137 256
137 260
137 266
137 267
137 271
137 273
137 292
137 301
137 302
137 308
137 311
137 315
137 316
138 149
138 159
138 166
138 167
138 168
138 174
138 176
138 193
138 212
138 229
138 256
138 260
138 266
138 267
138 271
138 273
138 292
138 301
138 302
138 308
138 311
138 315
138 316
139 149
139 159
139 166
139 167
139 168
139 174
139 176
139 193
139 212
139 229
139 256
139 260
139 266
139 267
139 271
139 273
139 292
139 301
139 302
139 308
139 311
139 315
139 316
140 149
140 159
140 162
140 166
140 167
140 168
140 174
140 176
140 193
140 212
140 229
140 256
140 260
140 266
140 267
140 271
140 273
140 292
140 301
140 302
140 308
140 311
140 315
140 316
141 149
141 159
141 162
141 166
141 167
141 168
141 174
141 193
141 212
141 226
141 229
141 256
141 266
141 267
141 271
141 273
141 292
141 302
141 308
141 316
141 322
141 336
142 149
142 159
142 162
142 166
142 167
142 168
142 174
142 193
142 212
142 226
142 229
142 256
142 266
142 267
142 271
142 273
142 292
142 302
142 308
142 316
142 322
142 336
143 145
143 162
143 166
143 167
143 168
143 174
143 193
143 212
143 226
143 229
143 256
143 266
143 267
143 271
143 273
143 292
143 302
143 308
143 316
143 322
143 336
144 145
144 152
144 166
144 167
144 174
144 193
144 212
144 226
144 229
144 256
144 266
144 267
144 271
144 273
144 292
144 298
144 302
144 308
144 316
144 322
144 336
145 145
145 152
145 166
145 167
145 174
145 193
145 212
145 226
145 229
145 251
145 256
145 266
145 271
145 273
145 292
145 298
145 302
145 308
145 316
145 322
145 336
146 152
146 166
146 167
146 175
146 193
146 212
146 229
146 251
146 256
146 266
146 271
146 273
146 292
146 298
146 302
146 308
146 316
146 322
146 336
147 152
147 166
147 167
147 170
147 175
147 193
147 212
147 229
147 251
147 256
147 266
147 271
147 273
147 292
147 298
147 302
147 308
147 316
147 322
147 336
148 152
148 166
148 170
148 185
148 188
148 193
148 212
148 229
148 251
148 266
148 271
148 273
148 292
148 298
148 302
148 322
148 336
149 152
149 170
149 182
149 185
149 188
149 193
149 212
149 251
149 266
149 271
149 273
149 292
149 298
149 302
149 322
149 334
149 336
150 152
150 170
150 182
150 185
150 188
150 193
150 212
150 251
150 266
150 271
150 273
150 292
150 298
150 302
150 322
150 334
150 336
151 152
151 170
151 182
151 185
151 188
151 193
151 212
151 251
151 266
151 271
151 273
151 292
151 298
151 302
151 322
151 334
151 336
151 338
152 152
152 170
152 182
152 185
152 188
152 193
152 212
152 251
152 266
152 271
152 273
152 292
152 298
152 302
152 322
152 334
152 336
152 338
153 152
153 170
153 182
153 185
153 188
153 193
153 212
153 251
153 266
153 271
153 273
153 292
153 298
153 302
153 322
153 334
153 336
153 338
154 152
154 170
154 182
154 185
154 188
154 193
154 200
154 212
154 251
154 266
154 271
154 273
154 292
154 298
154 302
154 322
154 334
154 336
155 152
155 170
155 182
155 185
155 188
155 193
155 200
155 212
155 251
155 266
155 271
155 273
155 292
155 298
155 302
155 322
155 334
155 336
156 152
156 170
156 182
156 185
156 188
156 193
156 200
156 212
156 251
156 266
156 271
156 273
156 292
156 298
156 302
156 322
156 334
156 336
157 152
157 170
157 177
157 182
157 185
157 188
157 193
157 200
157 212
157 251
157 266
157 271
157 292
157 298
157 302
157 322
157 334
158 152
158 170
158 182
158 185
158 188
158 193
158 200
158 212
158 251
158 266
158 271
158 292
158 298
158 302
158 313
158 334
159 152
159 170
159 182
159 185
159 188
159 193
159 200
159 212
159 251
159 266
159 271
159 292
159 298
159 302
159 313
159 334
160 152
160 170
160 182
160 185
160 188
160 193
160 200
160 212
160 251
160 266
160 271
160 292
160 298
160 302
160 313
160 334
161 152
161 170
161 182
161 185
161 188
161 193
161 200
161 212
161 251
161 266
161 271
161 292
161 298
161 302
161 313
161 334
162 152
162 170
162 182
162 188
162 193
162 200
162 212
162 251
162 266
162 271
162 298
162 302
162 313
162 334
163 152
163 170
163 182
163 190
163 193
163 200
163 212
163 266
163 271
163 298
163 302
163 309
163 313
163 334
164 152
164 170
164 182
164 190
164 193
164 200
164 212
164 266
164 271
164 298
164 302
164 309
164 313
164 334
165 152
165 170
165 182
165 190
165 191
165 193
165 200
165 207
165 212
165 266
165 271
165 298
165 302
165 309
165 313
165 334
165 343
166 152
166 170
166 182
166 190
166 191
166 193
166 200
166 207
166 212
166 266
166 271
166 298
166 302
166 309
166 313
166 334
166 343
167 170
167 182
167 190
167 191
167 193
167 212
167 266
167 271
167 289
167 298
167 302
167 309
167 313
167 334
167 343
168 170
168 182
168 190
168 191
168 193
168 212
168 266
168 271
168 289
168 298
168 302
168 309
168 313
168 334
168 343
169 170
169 182
169 190
169 193
169 212
169 225
169 241
169 266
169 268
169 271
169 289
169 298
169 302
169 309
169 313
169 334
169 343
170 170
170 182
170 190
170 193
170 212
170 225
170 241
170 266
170 268
170 271
170 289
170 298
170 302
170 309
170 313
170 334
170 343
171 170
171 182
171 187
171 190
171 193
171 212
171 225
171 241
171 266
171 268
171 271
171 289
171 298
171 302
171 309
171 313
171 334
171 343
172 170
172 182
172 187
172 190
172 193
172 212
172 225
172 241
172 266
172 268
172 271
172 289
172 298
172 302
172 306
172 309
172 313
172 334
172 343
173 170
173 182
173 187
173 202
173 225
173 241
173 266
173 268
173 271
173 289
173 298
173 302
173 306
173 309
173 313
173 334
173 343
174 170
174 182
174 202
174 225
174 241
174 266
174 268
174 271
174 289
174 298
174 302
174 306
174 309
174 313
174 334
174 343
175 170
175 182
175 202
175 225
175 241
175 266
175 268
175 271
175 289
175 298
175 306
175 309
175 313
175 334
175 343
176 170
176 182
176 202
176 225
176 241
176 266
176 268
176 271
176 289
176 298
176 306
176 309
176 313
176 334
176 343
177 170
177 182
177 202
177 225
177 241
177 266
177 268
177 271
177 289
177 298
177 306
177 309
177 313
177 334
177 343
178 170
178 182
178 184
178 202
178 214
178 223
178 225
178 230
178 241
178 266
178 271
178 289
178 298
178 306
178 313
178 334
178 343
179 170
179 182
179 184
179 202
179 214
179 223
179 225
179 230
179 266
179 271
179 289
179 298
179 306
179 313
179 334
179 343
180 170
180 182
180 184
180 202
180 214
180 223
180 225
180 230
180 266
180 271
180 289
180 298
180 306
180 313
180 334
180 343
181 170
181 182
181 184
181 202
181 214
181 219
181 225
181 266
181 271
181 289
181 298
181 306
181 313
181 334
181 343
182 170
182 182
182 184
182 202
182 214
182 219
182 225
182 266
182 271
182 289
182 298
182 306
182 313
182 334
182 343
183 170
183 182
183 184
183 202
183 214
183 219
183 225
183 266
183 271
183 289
183 298
183 306
183 313
183 334
183 343
184 170
184 182
184 214
184 225
184 266
184 271
184 298
184 306
184 310
184 313
184 334
184 343
185 170
185 182
185 214
185 225
185 266
185 271
185 298
185 306
185 310
185 313
185 332
185 334
185 343
186 170
186 182
186 214
186 225
186 266
186 271
186 298
186 306
186 310
186 313
186 332
186 334
186 343
187 170
187 182
187 214
187 225
187 266
187 271
187 298
187 306
187 310
187 313
187 332
187 334
187 343
188 170
188 182
188 214
188 225
188 266
188 271
188 298
188 306
188 310
188 313
188 332
188 334
188 343
189 170
189 182
189 214
189 225
189 266
189 271
189 298
189 306
189 310
189 313
189 332
189 334
189 343
190 170
190 182
190 214
190 225
190 266
190 271
190 279
190 298
190 306
190 310
190 313
190 332
190 334
190 343
191 182
191 214
191 225
191 266
191 271
191 279
191 298
191 306
191 310
191 313
191 332
191 334
191 343
192 214
192 225
192 266
192 271
192 279
192 298
192 306
192 310
192 313
192 332
192 334
192 341
192 343
193 214
193 225
193 239
193 266
193 271
193 279
193 298
193 306
193 310
193 314
193 318
193 332
193 343
194 214
194 225
194 239
194 266
194 271
194 279
194 298
194 306
194 310
194 314
194 318
194 332
194 343
195 214
195 225
195 239
195 266
195 271
195 279
195 298
195 306
195 310
195 314
195 318
195 332
195 343
196 214
196 225
196 239
196 266
196 271
196 279
196 298
196 306
196 314
196 318
196 332
196 343
196 348
197 214
197 239
197 266
197 271
197 279
197 306
197 314
197 318
197 332
197 343
197 348
198 214
198 239
198 266
198 271
198 279
198 306
198 314
198 318
198 330
198 332
198 343
198 348
199 210
199 214
199 221
199 239
199 271
199 279
199 306
199 314
199 318
199 330
199 332
199 343
199 348
200 210
200 214
200 271
200 279
200 314
200 318
200 330
200 332
200 343
200 348
201 214
201 216
201 279
201 314
201 318
201 329
201 330
201 343
201 348
202 214
202 216
202 279
202 314
202 318
202 329
202 330
202 343
202 348
203 214
203 218
203 279
203 314
203 318
203 329
203 330
203 343
203 348
204 214
204 218
204 272
204 279
204 304
204 314
204 317
204 318
204 329
204 330
204 343
204 348
205 214
205 218
205 272
205 279
205 304
205 314
205 317
205 318
205 329
205 330
205 343
205 348
206 214
206 218
206 272
206 279
206 304
206 314
206 318
206 329
206 330
206 343
206 348
207 213
207 214
207 218
207 272
207 279
207 297
207 304
207 314
207 318
207 329
207 343
208 213
208 214
208 218
208 272
208 279
208 297
208 304
208 314
208 318
208 329
208 343
209 213
209 214
209 218
209 235
209 272
209 279
209 304
209 314
209 318
209 329
209 343
209 347
210 213
210 214
210 218
210 235
210 269
210 272
210 279
210 304
210 314
210 318
210 329
210 343
210 347
211 213
211 214
211 224
211 235
211 269
211 272
211 279
211 304
211 314
211 318
211 329
211 343
211 347
212 213
212 214
212 224
212 235
212 269
212 272
212 274
212 279
212 304
212 314
212 318
212 329
212 343
212 347
213 213
213 214
213 224
213 235
213 269
213 272
213 274
213 279
213 304
213 314
213 318
213 329
213 343
213 347
214 213
214 214
214 224
214 235
214 269
214 272
214 279
214 304
214 314
214 318
214 343
214 347
214 349
215 213
215 214
215 224
215 235
215 269
215 272
215 279
215 304
215 314
215 318
215 343
215 347
215 349
216 214
216 224
216 235
216 269
216 272
216 279
216 304
216 314
216 318
216 342
216 343
216 347
216 349
217 214
217 224
217 235
217 269
217 272
217 279
217 304
217 314
217 318
217 342
217 343
217 347
217 349
218 214
218 224
218 235
218 269
218 272
218 279
218 304
218 314
218 318
218 342
218 343
218 347
218 349
219 214
219 224
219 235
219 236
219 269
219 272
219 279
219 304
219 314
219 318
219 342
219 343
219 347
219 349
220 214
220 224
220 235
220 236
220 269
220 272
220 279
220 304
220 314
220 318
220 342
220 343
220 347
220 349
221 214
221 224
221 235
221 236
221 248
221 269
221 272
221 279
221 304
221 314
221 318
221 327
221 342
221 349
222 214
222 224
222 235
222 236
222 248
222 269
222 272
222 279
222 304
222 314
222 318
222 327
222 342
222 349
223 214
223 224
223 235
223 236
223 248
223 269
223 272
223 279
223 304
223 314
223 318
223 327
223 342
223 349
224 214
224 224
224 235
224 236
224 248
224 269
224 272
224 279
224 304
224 314
224 318
224 327
224 342
224 349
225 214
225 224
225 235
225 236
225 269
225 272
225 279
225 304
225 314
225 318
225 327
225 342
225 349
226 214
226 224
226 235
226 236
226 269
226 272
226 279
226 304
226 314
226 318
226 327
226 342
226 349
227 214
227 224
227 235
227 269
227 272
227 279
227 304
227 314
227 318
227 327
227 342
227 349
228 214
228 224
228 231
228 235
228 244
228 269
228 272
228 279
228 295
228 304
228 314
228 318
228 342
229 214
229 224
229 231
229 235
229 244
229 257
229 269
229 272
229 279
229 295
229 304
229 314
229 318
229 342
230 224
230 231
230 235
230 244
230 257
230 269
230 272
230 279
230 295
230 314
230 318
230 342
231 224
231 231
231 235
231 244
231 257
231 269
231 272
231 279
231 295
231 314
231 318
231 342
232 224
232 231
232 235
232 244
232 257
232 269
232 272
232 279
232 295
232 314
232 318
232 342
233 224
233 231
233 235
233 244
233 257
233 269
233 272
233 279
233 295
233 314
233 342
234 224
234 231
234 235
234 244
234 257
234 269
234 272
234 279
234 295
234 314
234 342
235 231
235 235
235 269
235 272
235 279
235 282
235 295
235 314
235 319
235 342
236 269
236 272
236 279
236 282
236 295
236 314
236 342
236 344
237 269
237 272
237 279
237 282
237 295
237 296
237 314
237 342
237 344
238 269
238 272
238 279
238 295
238 296
238 314
238 344
239 269
239 272
239 278
239 279
239 295
239 296
239 314
239 344
240 269
240 272
240 278
240 279
240 295
240 296
240 314
240 344
241 269
241 272
241 278
241 279
241 295
241 296
241 314
241 344
242 269
242 272
242 278
242 279
242 295
242 296
242 314
242 344
243 269
243 272
243 278
243 279
243 295
243 296
243 314
243 320
243 344
244 269
244 272
244 278
244 279
244 295
244 296
244 314
244 320
244 344
245 269
245 272
245 278
245 279
245 295
245 296
245 314
245 320
245 344
246 269
246 272
246 278
246 279
246 295
246 296
246 314
246 320
246 344
247 269
247 272
247 278
247 279
247 295
247 296
247 314
247 320
247 344
248 269
248 272
248 278
248 279
248 296
248 314
248 320
248 344
249 252
249 269
249 272
249 278
249 279
249 296
249 314
249 320
249 344
250 252
250 269
250 272
250 278
250 279
250 296
250 314
250 320
250 323
250 344
251 252
251 269
251 272
251 278
251 279
251 296
251 314
251 320
251 323
251 344
252 269
252 272
252 296
252 314
252 320
252 323
252 344
253 269
253 272
253 296
253 314
253 320
253 323
253 344
254 269
254 272
254 296
254 314
254 320
254 323
254 344
255 269
255 272
255 296
255 314
255 320
255 323
255 344
256 269
256 272
256 296
256 320
256 323
256 344
257 269
257 272
257 296
257 320
257 323
257 344
258 269
258 272
258 296
258 320
258 323
258 344
259 269
259 272
259 296
259 320
259 323
259 344
260 269
260 272
260 296
260 320
260 323
260 344
261 269
261 272
261 287
261 296
261 320
261 323
261 344
262 272
262 287
262 296
262 320
262 323
263 272
263 287
263 291
263 296
263 320
263 340
264 272
264 291
264 296
264 320
264 340
265 272
265 291
265 296
265 320
265 340
266 272
266 291
266 296
266 320
266 340
267 272
267 291
267 296
267 320
267 340
268 272
268 291
268 296
268 320
268 340
269 272
269 291
269 320
269 340
270 272
270 291
270 320
270 340
271 272
271 291
271 320
271 340
272 272
272 291
272 320
272 340
273 272
273 291
273 320
273 340
274 272
274 291
274 340
275 272
275 291
275 340
276 272
276 291
276 340
277 272
277 291
277 340
278 272
278 291
278 340
279 340
280 333
280 340
281 305
281 333
281 340
282 305
282 333
282 340
283 305
283 333
283 340
284 305
284 333
284 340
285 305
285 333
285 340
286 305
286 333
286 340
287 305
287 333
287 340
288 305
288 333
288 340
289 305
289 333
289 340
290 305
290 333
290 340
291 305
291 333
291 340
292 305
292 333
292 340
293 305
293 333
293 340
294 305
294 333
294 340
295 305
295 333
295 337
295 340
296 305
296 333
296 337
296 340
297 305
297 333
297 337
297 340
298 305
298 333
298 337
298 340
299 305
299 333
299 337
299 340
300 305
300 333
300 337
300 340
301 305
301 333
301 337
301 340
302 305
302 333
302 337
302 340
303 305
303 333
303 337
303 340
304 305
304 333
304 337
304 340
305 305
305 333
305 337
305 340
306 305
306 333
306 337
307 305
307 333
307 337
308 305
308 333
308 337
309 305
309 333
309 337
310 305
310 333
310 337
311 305
311 333
311 337
312 305
312 333
312 337
313 305
313 333
313 337
314 305
314 333
314 337
315 305
315 333
315 337
316 333
316 337
317 333
317 337
318 333
318 337
319 333
319 337
320 333
320 337
321 333
321 337
322 337
323 337
324 337
330 346
331 346
332 346
333 346
334 346
335 346
336 346
337 346
338 346
339 346
340 346
341 346
342 346
343 346
344 346
345 346
346 346
347 346
348 346
349 346
