0 9
0 45
0 130
1 2
1 9
1 25
1 45
1 130
2 5
2 23
2 46
2 130
2 224
3 42
3 46
3 130
3 170
3 224
4 13
4 15
4 16
4 31
4 46
4 55
4 170
4 213
4 223
4 348
5 14
5 32
5 67
5 117
5 213
5 223
5 293
5 348
6 10
6 32
6 67
6 73
6 117
6 213
6 223
6 271
6 293
6 305
6 348
7 30
7 48
7 67
7 117
7 158
7 213
7 271
7 293
7 305
7 348
8 12
8 24
8 50
8 67
8 87
8 111
8 117
8 154
8 211
8 213
8 225
8 271
8 293
8 305
8 348
9 12
9 24
9 50
9 87
9 111
9 117
9 154
9 211
9 213
9 225
9 249
9 271
9 305
9 348
10 11
10 12
10 24
10 33
10 87
10 111
10 117
10 152
10 154
10 185
10 211
10 213
10 215
10 225
10 249
10 271
10 305
10 348
11 12
11 24
11 38
11 87
11 117
11 126
11 152
11 154
11 185
11 211
11 213
11 215
11 225
11 249
11 271
11 305
11 348
12 19
12 44
12 87
12 152
12 154
12 185
12 211
12 213
12 215
12 225
12 249
12 271
12 305
12 348
13 44
13 87
13 152
13 154
13 185
13 211
13 213
13 215
13 225
13 249
13 271
13 305
13 348
14 44
14 87
14 152
14 154
14 185
14 211
14 213
14 215
14 225
14 249
14 271
14 305
15 28
15 44
15 87
15 152
15 154
15 185
15 211
15 213
15 215
15 225
15 249
15 271
15 305
16 28
16 44
16 56
16 87
16 152
16 154
16 173
16 174
16 185
16 211
16 213
16 215
16 225
16 249
16 271
16 305
17 20
17 22
17 28
17 87
17 113
17 133
17 152
17 154
17 174
17 185
17 211
17 215
17 225
17 226
17 227
17 249
17 271
17 303
17 304
17 305
18 20
18 22
18 28
18 87
18 110
18 113
18 133
18 152
18 154
18 174
18 185
18 211
18 215
18 225
18 226
18 227
18 249
18 271
18 303
18 304
18 305
19 22
19 29
19 34
19 63
19 81
19 87
19 110
19 113
19 115
19 118
19 133
19 152
19 174
19 190
19 211
19 215
19 225
19 227
19 249
19 271
19 303
19 304
19 305
20 27
20 29
20 34
20 36
20 47
20 63
20 107
20 110
20 113
20 115
20 133
20 152
20 174
20 190
20 211
20 225
20 227
20 249
20 271
20 303
20 304
20 305
21 27
21 29
21 34
21 36
21 47
21 63
21 107
21 110
21 113
21 115
21 132
21 133
21 152
21 174
21 211
21 225
21 227
21 249
21 271
21 303
21 304
21 305
22 27
22 40
22 43
22 63
22 84
22 110
22 132
22 152
22 174
22 225
22 249
22 271
22 273
22 303
22 304
22 305
23 27
23 40
23 43
23 63
23 84
23 110
23 132
23 152
23 174
23 225
23 249
23 271
23 273
23 303
23 304
23 305
24 27
24 40
24 43
24 63
24 84
24 110
24 132
24 152
24 174
24 225
24 249
24 271
24 273
24 303
24 304
24 305
25 27
25 40
25 43
25 63
25 84
25 110
25 132
25 152
25 174
25 225
25 249
25 271
25 273
25 303
25 304
25 305
26 27
26 43
26 63
26 84
26 110
26 132
26 152
26 174
26 225
26 249
26 271
26 273
26 303
26 304
26 305
27 27
27 43
27 63
27 84
27 110
27 132
27 152
27 174
27 220
27 225
27 249
27 271
27 273
27 303
27 304
27 305
28 27
28 63
28 84
28 110
28 132
28 152
28 174
28 220
28 225
28 249
28 271
28 273
28 289
28 303
28 304
28 305
29 27
29 63
29 84
29 85
29 110
29 132
29 152
29 174
29 220
29 225
29 249
29 271
29 273
29 289
29 303
29 304
29 305
30 27
30 63
30 84
30 85
30 110
30 132
30 152
30 174
30 220
30 225
30 249
30 271
30 273
30 289
30 303
30 304
30 305
31 27
31 85
31 132
31 152
31 174
31 220
31 249
31 271
31 273
31 289
31 303
31 304
31 305
32 27
32 41
32 79
32 132
32 152
32 174
32 220
32 249
32 271
32 273
32 289
32 303
32 304
32 305
33 27
33 41
33 132
33 152
33 220
33 249
33 271
33 273
33 289
33 303
33 304
33 305
33 328
34 132
34 152
34 220
34 249
34 271
34 273
34 289
34 303
34 304
34 305
34 328
35 132
35 144
35 152
35 220
35 249
35 271
35 273
35 289
35 303
35 304
35 305
35 328
36 132
36 144
36 152
36 220
36 249
36 271
36 289
36 303
36 304
36 305
36 328
37 105
37 108
37 132
37 152
37 220
37 249
37 271
37 289
37 303
37 304
37 305
37 328
38 51
38 101
38 105
38 108
38 132
38 152
38 220
38 249
38 271
38 289
38 303
38 304
38 305
38 328
39 51
39 52
39 101
39 105
39 108
39 132
39 152
39 220
39 249
39 271
39 289
39 303
39 304
39 305
39 328
40 51
40 52
40 101
40 105
40 108
40 132
40 152
40 220
40 249
40 271
40 289
40 303
40 304
40 305
40 328
41 51
41 52
41 101
41 105
41 108
41 132
41 152
41 220
41 249
41 271
41 289
41 303
41 304
41 305
41 328
42 51
42 52
42 58
42 86
42 101
42 105
42 122
42 125
42 132
42 152
42 249
42 267
42 271
42 289
42 303
42 304
42 305
42 328
43 51
43 52
43 58
43 86
43 101
43 105
43 122
43 125
43 132
43 152
43 249
43 267
43 271
43 289
43 303
43 304
43 305
43 328
44 51
44 52
44 58
44 86
44 96
44 101
44 105
44 122
44 125
44 132
44 152
44 249
44 267
44 271
44 289
44 303
44 304
44 305
44 328
45 51
45 58
45 62
45 96
45 100
45 101
45 105
45 122
45 125
45 132
45 178
45 221
45 231
45 249
45 267
45 271
45 279
45 289
45 303
45 304
45 305
45 328
46 51
46 57
46 58
46 62
46 80
46 96
46 100
46 101
46 125
46 129
46 132
46 142
46 178
46 221
46 249
46 267
46 271
46 279
46 289
46 292
46 303
46 304
46 305
46 328
47 51
47 57
47 58
47 60
47 62
47 80
47 96
47 98
47 99
47 101
47 125
47 129
47 132
47 142
47 221
47 249
47 267
47 271
47 289
47 292
47 303
47 304
47 305
47 328
47 344
48 51
48 58
48 62
48 80
48 96
48 98
48 99
48 101
48 125
48 129
48 132
48 142
48 221
48 249
48 267
48 271
48 289
48 292
48 303
48 304
48 305
48 328
48 344
49 51
49 58
49 62
49 80
49 96
49 98
49 99
49 101
49 125
49 129
49 132
49 142
49 221
49 249
49 267
49 271
49 289
49 292
49 303
49 304
49 305
49 328
49 344
50 51
50 54
50 62
50 71
50 75
50 76
50 82
50 96
50 98
50 99
50 125
50 221
50 249
50 267
50 289
50 292
50 303
50 304
50 305
50 319
50 344
50 347
51 51
51 62
51 71
51 76
51 82
51 92
51 99
51 121
51 125
51 188
51 195
51 221
51 240
51 244
51 249
51 267
51 289
51 292
51 303
51 304
51 305
51 319
51 344
51 347
52 51
52 62
52 71
52 76
52 82
52 92
52 99
52 121
52 125
52 188
52 195
52 221
52 240
52 244
52 249
52 267
52 289
52 292
52 303
52 304
52 305
52 319
52 344
52 347
53 61
53 64
53 76
53 82
53 92
53 99
53 120
53 125
53 187
53 188
53 195
53 202
53 221
53 244
53 249
53 283
53 289
53 292
53 303
53 304
53 305
53 344
53 347
54 61
54 64
54 76
54 82
54 92
54 99
54 120
54 125
54 188
54 198
54 202
54 221
54 244
54 249
54 283
54 289
54 292
54 303
54 304
54 305
54 347
55 59
55 64
55 76
55 82
55 92
55 120
55 125
55 188
55 193
55 200
55 202
55 221
55 244
55 249
55 283
55 289
55 292
55 303
55 304
55 305
55 347
56 72
56 76
56 82
56 91
56 92
56 120
56 125
56 165
56 188
56 193
56 200
56 202
56 221
56 241
56 244
56 249
56 283
56 289
56 292
56 303
56 304
56 305
56 347
57 76
57 91
57 92
57 120
57 125
57 137
57 165
57 188
57 193
57 200
57 221
57 241
57 244
57 283
57 289
57 292
57 303
57 304
57 305
57 347
58 76
58 91
58 125
58 137
58 165
58 188
58 193
58 200
58 221
58 241
58 244
58 283
58 289
58 292
58 303
58 304
58 305
58 347
59 76
59 91
59 125
59 137
59 162
59 165
59 188
59 193
59 200
59 204
59 221
59 241
59 244
59 289
59 292
59 303
59 304
59 305
59 347
60 70
60 76
60 91
60 125
60 137
60 162
60 165
60 188
60 200
60 204
60 221
60 241
60 244
60 289
60 292
60 303
60 304
60 305
60 316
61 70
61 76
61 91
61 97
61 125
61 137
61 162
61 165
61 188
61 200
61 204
61 221
61 241
61 244
61 289
61 292
61 303
61 304
61 305
61 316
62 68
62 70
62 83
62 91
62 97
62 137
62 159
62 162
62 165
62 188
62 200
62 201
62 204
62 221
62 241
62 258
62 276
62 289
62 292
62 303
62 304
62 305
62 316
63 68
63 70
63 83
63 91
63 97
63 137
63 159
63 162
63 165
63 188
63 201
63 204
63 221
63 241
63 258
63 276
63 289
63 292
63 303
63 304
63 305
63 316
64 68
64 70
64 83
64 91
64 97
64 137
64 159
64 162
64 165
64 188
64 201
64 204
64 221
64 241
64 258
64 276
64 289
64 292
64 303
64 304
64 305
64 316
65 68
65 70
65 83
65 97
65 112
65 124
65 136
65 137
65 162
65 165
65 188
65 221
65 258
65 276
65 290
65 292
65 303
65 321
66 68
66 70
66 83
66 97
66 112
66 124
66 136
66 137
66 162
66 165
66 188
66 221
66 258
66 276
66 290
66 292
66 303
66 321
67 68
67 70
67 83
67 97
67 112
67 124
67 137
67 149
67 162
67 165
67 188
67 221
67 258
67 276
67 290
67 292
67 295
67 303
67 321
68 68
68 97
68 137
68 149
68 165
68 188
68 209
68 218
68 258
68 276
68 290
68 292
68 295
68 303
68 321
69 68
69 97
69 137
69 149
69 163
69 165
69 188
69 209
69 218
69 258
69 276
69 290
69 292
69 295
69 303
69 321
70 68
70 97
70 137
70 149
70 163
70 165
70 188
70 209
70 218
70 258
70 276
70 290
70 292
70 295
70 303
70 321
71 68
71 137
71 149
71 163
71 165
71 188
71 209
71 218
71 258
71 276
71 290
71 292
71 295
71 303
71 321
72 68
72 137
72 149
72 163
72 165
72 188
72 209
72 218
72 276
72 290
72 292
72 295
72 303
72 321
73 68
73 137
73 149
73 163
73 165
73 188
73 209
73 218
73 276
73 290
73 292
73 295
73 303
73 321
74 68
74 137
74 149
74 163
74 165
74 188
74 209
74 218
74 260
74 276
74 292
74 295
74 303
74 321
75 88
75 137
75 149
75 150
75 188
75 218
75 260
75 276
75 292
75 295
75 303
75 340
76 88
76 94
76 137
76 149
76 150
76 188
76 260
76 276
76 292
76 295
76 303
76 340
77 88
77 94
77 137
77 149
77 150
77 188
77 260
77 276
77 292
77 295
77 303
77 326
77 340
78 88
78 94
78 137
78 149
78 150
78 188
78 260
78 276
78 292
78 295
78 303
78 326
78 340
79 88
79 94
79 137
79 145
79 149
79 150
79 188
79 260
79 276
79 292
79 295
79 303
79 326
79 340
80 88
80 94
80 137
80 145
80 149
80 150
80 188
80 222
80 260
80 276
80 292
80 295
80 303
80 326
80 340
81 88
81 94
81 137
81 145
81 149
81 150
81 188
81 222
81 260
81 276
81 292
81 295
81 303
81 326
81 340
82 94
82 137
82 145
82 149
82 150
82 188
82 222
82 260
82 276
82 292
82 295
82 303
82 326
82 340
83 94
83 137
83 145
83 149
83 150
83 222
83 260
83 276
83 292
83 295
83 303
83 326
83 340
84 94
84 103
84 137
84 145
84 150
84 222
84 255
84 260
84 276
84 292
84 295
84 326
84 340
85 94
85 103
85 137
85 145
85 150
85 222
85 255
85 260
85 276
85 292
85 295
85 326
85 340
86 123
86 137
86 150
86 222
86 255
86 260
86 276
86 292
86 295
86 326
86 340
87 137
87 150
87 222
87 255
87 260
87 276
87 292
87 295
87 326
87 340
88 137
88 150
88 222
88 255
88 260
88 276
88 292
88 326
88 340
89 137
89 150
89 168
89 222
89 255
89 260
89 276
89 292
89 326
89 340
90 93
90 106
90 150
90 160
90 168
90 222
90 255
90 260
90 276
90 292
90 326
90 340
91 93
91 106
91 114
91 147
91 150
91 160
91 168
91 217
91 222
91 233
91 255
91 276
91 292
91 340
92 93
92 114
92 147
92 150
92 160
92 168
92 203
92 217
92 222
92 233
92 255
92 266
92 276
92 292
93 93
93 114
93 147
93 150
93 168
93 203
93 217
93 222
93 243
93 255
93 266
93 276
93 292
94 93
94 114
94 147
94 150
94 168
94 203
94 217
94 222
94 243
94 255
94 266
94 276
94 292
95 114
95 139
95 147
95 168
95 203
95 217
95 222
95 243
95 255
95 266
95 276
96 139
96 147
96 168
96 184
96 203
96 217
96 222
96 243
96 255
96 266
96 276
97 139
97 147
97 168
97 184
97 203
97 217
97 222
97 243
97 255
97 266
97 276
98 128
98 139
98 168
98 175
98 203
98 217
98 222
98 238
98 243
98 266
98 276
99 104
99 128
99 139
99 175
99 203
99 217
99 222
99 238
99 243
99 266
99 276
100 104
100 128
100 139
100 175
100 203
100 217
100 222
100 238
100 243
100 262
100 266
100 276
101 104
101 139
101 140
101 175
101 191
101 203
101 217
101 222
101 232
101 238
101 243
101 262
101 266
101 276
101 285
102 104
102 139
102 140
102 175
102 191
102 203
102 217
102 222
102 232
102 238
102 243
102 262
102 266
102 276
102 285
103 104
103 139
103 140
103 175
103 191
103 203
103 217
103 222
103 232
103 238
103 243
103 262
103 276
103 284
103 285
104 139
104 140
104 175
104 191
104 203
104 217
104 222
104 232
104 238
104 243
104 262
104 276
104 284
104 285
105 131
105 134
105 139
105 140
105 175
105 191
105 203
105 217
105 222
105 238
105 262
105 276
105 284
105 285
106 131
106 134
106 139
106 140
106 175
106 191
106 203
106 217
106 222
106 238
106 262
106 276
106 284
106 285
107 131
107 134
107 140
107 191
107 203
107 216
107 217
107 222
107 238
107 262
107 276
107 284
107 285
108 127
108 131
108 134
108 140
108 203
108 216
108 217
108 222
108 238
108 262
108 276
108 284
108 285
109 127
109 131
109 134
109 140
109 203
109 216
109 217
109 222
109 238
109 262
109 276
109 284
109 285
110 127
110 131
110 134
110 135
110 140
110 197
110 203
110 216
110 217
110 222
110 259
110 262
110 276
110 284
110 285
110 299
110 323
111 127
111 131
111 134
111 135
111 140
111 197
111 203
111 217
111 222
111 259
111 262
111 276
111 284
111 285
111 299
111 323
112 116
112 127
112 134
112 135
112 138
112 140
112 141
112 197
112 203
112 214
112 217
112 222
112 259
112 262
112 265
112 270
112 276
112 284
112 299
112 323
113 116
113 127
113 134
113 135
113 138
113 140
113 141
113 197
113 203
113 214
113 217
113 222
113 259
113 262
113 265
113 270
113 276
113 284
113 299
113 323
114 116
114 127
114 134
114 135
114 138
114 141
114 197
114 203
114 217
114 222
114 259
114 262
114 270
114 276
114 284
114 299
114 323
115 116
115 127
115 134
115 135
115 138
115 141
115 197
115 203
115 217
115 222
115 259
115 262
115 270
115 276
115 284
115 299
115 323
116 119
116 127
116 134
116 135
116 138
116 141
116 177
116 197
116 203
116 205
116 222
116 259
116 262
116 270
116 276
116 284
116 291
116 299
116 323
117 119
117 127
117 134
117 135
117 138
117 141
117 177
117 197
117 203
117 205
117 222
117 259
117 262
117 270
117 272
117 276
117 284
117 291
117 299
117 323
118 127
118 134
118 135
118 138
118 141
118 148
118 177
118 197
118 203
118 222
118 252
118 259
118 262
118 270
118 272
118 276
118 284
118 291
118 299
119 127
119 135
119 141
119 148
119 177
119 197
119 203
119 222
119 252
119 259
119 262
119 270
119 272
119 276
119 284
119 291
119 299
119 324
119 332
120 127
120 135
120 141
120 148
120 177
120 197
120 203
120 222
120 252
120 259
120 262
120 270
120 272
120 276
120 284
120 291
120 299
120 324
120 332
121 127
121 141
121 146
121 148
121 197
121 203
121 222
121 252
121 259
121 270
121 272
121 276
121 284
121 291
121 299
121 324
121 332
122 127
122 141
122 146
122 148
122 197
122 203
122 222
122 252
122 259
122 270
122 272
122 276
122 284
122 291
122 299
122 324
122 332
123 127
123 141
123 146
123 203
123 252
123 259
123 270
123 272
123 276
123 284
123 291
123 299
123 324
123 332
124 127
124 141
124 146
124 182
124 203
124 252
124 259
124 270
124 272
124 276
124 284
124 291
124 299
124 324
124 332
125 127
125 141
125 176
125 182
125 203
125 252
125 259
125 270
125 272
125 276
125 284
125 291
125 324
125 332
126 127
126 141
126 176
126 182
126 203
126 252
126 270
126 272
126 276
126 284
126 291
126 324
126 332
127 127
127 141
127 156
127 176
127 182
127 203
127 252
127 270
127 272
127 276
127 284
127 291
127 324
127 332
128 127
128 141
128 156
128 182
128 203
128 252
128 270
128 272
128 276
128 284
128 291
128 324
128 332
128 341
128 345
129 127
129 141
129 143
129 156
129 203
129 252
129 270
129 272
129 276
129 291
129 324
129 341
129 345
130 127
130 141
130 143
130 156
130 203
130 252
130 270
130 272
130 276
130 291
130 324
130 341
130 345
131 127
131 141
131 143
131 156
131 203
131 252
131 270
131 272
131 276
131 291
131 324
131 341
131 345
132 127
132 141
132 143
132 156
132 203
132 252
132 270
132 272
132 276
132 291
132 324
132 341
132 345
133 127
133 141
133 143
133 156
133 203
133 252
133 270
133 272
133 276
133 291
133 324
133 341
133 345
134 127
134 141
134 143
134 156
134 157
134 203
134 252
134 270
134 272
134 276
134 291
134 324
134 341
134 345
135 127
135 141
135 143
135 156
135 157
135 203
135 252
135 270
135 272
135 291
135 324
135 341
135 345
136 141
136 143
136 153
136 166
136 171
136 196
136 203
136 252
136 291
136 320
136 324
136 341
136 345
137 141
137 143
137 153
137 166
137 171
137 196
137 203
137 247
137 252
137 291
137 320
137 324
137 341
137 345
138 141
138 143
138 153
138 166
138 171
138 196
138 203
138 208
138 247
138 252
138 291
138 317
138 320
138 324
138 341
138 345
139 141
139 143
139 153
139 166
139 171
139 196
139 203
139 208
139 239
139 247
139 252
139 291
139 317
139 320
139 324
139 341
140 141
140 143
140 153
140 166
140 171
140 196
140 206
140 208
140 239
140 247
140 252
140 317
140 320
140 324
140 341
141 141
141 143
141 153
141 166
141 171
141 196
141 206
141 208
141 239
141 247
141 252
141 317
141 320
141 324
141 341
142 143
142 153
142 166
142 171
142 196
142 208
142 239
142 247
142 252
142 320
142 324
142 338
142 339
142 341
143 143
143 153
143 166
143 171
143 180
143 196
143 208
143 239
143 247
143 252
143 320
143 324
143 338
143 339
143 341
144 166
144 171
144 180
144 196
144 208
144 239
144 247
144 252
144 320
144 324
144 338
144 339
144 341
145 166
145 171
145 180
145 196
145 208
145 239
145 247
145 252
145 257
145 320
145 324
145 338
145 339
145 341
146 166
146 171
146 180
146 196
146 208
146 239
146 247
146 252
146 257
146 320
146 324
146 338
146 339
146 341
147 166
147 171
147 180
147 194
147 196
147 208
147 239
147 247
147 252
147 257
147 310
147 312
147 320
147 324
147 338
147 339
147 341
148 166
148 171
148 180
148 194
148 196
148 208
148 239
148 247
148 252
148 257
148 310
148 312
148 320
148 324
148 338
148 339
148 341
149 166
149 171
149 180
149 181
149 194
149 196
149 208
149 219
149 239
149 247
149 252
149 254
149 257
149 310
149 312
149 320
149 334
149 338
149 339
149 341
150 166
150 171
150 180
150 181
150 196
150 208
150 219
150 239
150 247
150 252
150 254
150 257
150 310
150 312
150 320
150 334
150 338
150 339
150 341
151 166
151 180
151 181
151 196
151 208
151 219
151 239
151 247
151 252
151 254
151 257
151 310
151 312
151 320
151 334
151 338
151 339
152 166
152 180
152 196
152 208
152 219
152 239
152 252
152 254
152 257
152 310
152 312
152 334
152 338
152 339
153 166
153 180
153 186
153 196
153 208
153 219
153 239
153 252
153 254
153 257
153 310
153 312
153 334
153 338
153 339
154 166
154 180
154 186
154 196
154 208
154 219
154 239
154 252
154 254
154 310
154 312
154 338
154 339
155 166
155 186
155 196
155 208
155 219
155 239
155 252
155 254
155 310
155 312
155 338
155 339
156 166
156 186
156 196
156 208
156 219
156 239
156 252
156 254
156 310
156 312
156 338
156 339
157 166
157 186
157 196
157 208
157 219
157 239
157 252
157 254
157 310
157 312
157 338
157 339
158 166
158 179
158 186
158 208
158 219
158 239
158 252
158 254
158 310
158 312
158 338
158 339
159 166
159 179
159 186
159 208
159 219
159 239
159 252
159 254
159 310
159 312
159 338
159 339
160 166
160 179
160 186
160 208
160 219
160 252
160 312
160 338
160 339
161 166
161 179
161 186
161 208
161 219
161 252
161 312
161 338
161 339
162 166
162 179
162 186
162 208
162 219
162 252
162 281
162 312
162 338
163 166
163 179
163 186
163 219
163 252
163 281
163 312
163 338
164 179
164 186
164 219
164 252
164 281
164 312
164 338
165 179
165 186
165 219
165 252
165 281
165 312
165 338
166 179
166 186
166 212
166 219
166 252
166 281
166 312
166 338
166 346
167 179
167 186
167 192
167 212
167 219
167 252
167 281
167 312
167 338
167 346
168 179
168 186
168 192
168 212
168 219
168 248
168 252
168 281
168 312
168 338
168 343
168 346
169 179
169 186
169 192
169 212
169 219
169 248
169 252
169 281
169 312
169 338
169 343
169 346
170 179
170 186
170 192
170 212
170 219
170 248
170 252
170 281
170 312
170 338
170 343
170 346
171 172
171 192
171 207
171 212
171 219
171 248
171 252
171 281
171 315
171 318
171 338
171 343
171 346
172 172
172 192
172 207
172 212
172 219
172 248
172 252
172 278
172 281
172 315
172 318
172 338
172 343
172 346
173 183
173 192
173 207
173 212
173 219
173 248
173 252
173 278
173 281
173 315
173 318
173 338
173 343
173 346
174 183
174 192
174 207
174 212
174 219
174 248
174 252
174 278
174 281
174 315
174 318
174 338
174 343
174 346
175 183
175 192
175 207
175 212
175 219
175 248
175 252
175 278
175 281
175 315
175 318
175 338
175 343
175 346
176 183
176 192
176 199
176 207
176 212
176 219
176 248
176 252
176 278
176 281
176 315
176 318
176 338
176 343
176 346
177 183
177 192
177 199
177 207
177 212
177 219
177 248
177 252
177 278
177 281
177 315
177 318
177 338
177 343
177 346
178 207
178 212
178 219
178 248
178 252
178 278
178 281
178 315
178 318
178 338
178 343
178 346
179 207
179 219
179 246
179 248
179 278
179 281
179 315
179 318
179 338
179 346
180 207
180 219
180 246
180 248
180 261
180 278
180 281
180 287
180 315
180 318
180 338
180 346
181 189
181 207
181 219
181 246
181 248
181 261
181 278
181 281
181 287
181 315
181 318
181 338
181 346
182 207
182 219
182 246
182 248
182 251
182 261
182 278
182 281
182 287
182 306
182 313
182 315
182 318
182 338
182 346
183 207
183 219
183 228
183 246
183 248
183 251
183 261
183 263
183 278
183 281
183 287
183 306
183 313
183 315
183 318
183 338
183 346
184 207
184 219
184 228
184 246
184 248
184 251
184 261
184 263
184 278
184 281
184 287
184 297
184 306
184 313
184 315
184 318
184 338
184 346
185 219
185 228
185 246
185 248
185 251
185 261
185 263
185 278
185 281
185 287
185 297
185 306
185 313
185 315
185 318
185 338
185 346
186 219
186 228
186 246
186 248
186 251
186 261
186 263
186 278
186 281
186 287
186 297
186 306
186 313
186 315
186 318
186 338
186 346
187 219
187 228
187 246
187 248
187 251
187 261
187 263
187 278
187 281
187 287
187 297
187 306
187 313
187 315
187 318
187 338
187 346
188 219
188 228
188 246
188 248
188 251
188 261
188 263
188 278
188 281
188 287
188 297
188 306
188 313
188 315
188 318
188 338
188 346
189 219
189 228
189 246
189 248
189 251
189 261
189 263
189 278
189 281
189 287
189 297
189 306
189 313
189 315
189 318
189 338
189 346
190 219
190 235
190 246
190 248
190 251
190 278
190 281
190 287
190 297
190 306
190 313
190 315
190 318
190 338
190 346
191 219
191 235
191 246
191 248
191 251
191 278
191 281
191 287
191 297
191 306
191 313
191 315
191 318
191 338
191 346
192 219
192 235
192 246
192 248
192 251
192 278
192 281
192 287
192 297
192 306
192 313
192 315
192 318
192 338
192 346
193 219
193 229
193 246
193 248
193 250
193 251
193 281
193 286
193 287
193 297
193 306
193 313
193 318
193 346
194 219
194 229
194 246
194 248
194 250
194 251
194 281
194 286
194 287
194 297
194 306
194 313
194 318
194 346
195 219
195 229
195 246
195 248
195 250
195 251
195 281
195 286
195 287
195 297
195 313
195 318
195 346
196 219
196 229
196 230
196 246
196 248
196 250
196 251
196 281
196 286
196 287
196 297
196 313
196 318
196 346
197 219
197 229
197 230
197 246
197 248
197 250
197 251
197 286
197 287
197 297
197 313
197 318
197 346
198 219
198 229
198 230
198 237
198 246
198 248
198 250
198 251
198 286
198 287
198 297
198 313
198 318
198 346
199 210
199 219
199 229
199 230
199 237
199 246
199 248
199 250
199 286
199 287
199 297
199 313
199 318
199 346
200 210
200 219
200 229
200 230
200 237
200 246
200 250
200 286
200 287
200 297
200 313
200 318
200 346
201 219
201 229
201 230
201 237
201 246
201 250
201 286
201 287
201 297
201 313
201 318
201 346
202 219
202 229
202 230
202 237
202 246
202 250
202 286
202 297
202 313
202 318
202 346
203 219
203 229
203 230
203 237
203 246
203 250
203 286
203 297
203 313
203 318
203 346
204 219
204 229
204 230
204 237
204 246
204 286
204 297
204 313
204 318
205 219
205 229
205 230
205 237
205 246
205 286
205 313
205 318
206 219
206 229
206 230
206 237
206 246
206 286
206 298
206 313
206 318
207 219
207 229
207 230
207 246
207 286
207 298
207 313
207 318
208 219
208 229
208 230
208 246
208 286
208 298
208 313
208 318
209 219
209 229
209 230
209 234
209 246
209 268
209 286
209 298
209 313
209 314
209 318
210 219
210 229
210 230
210 234
210 242
210 246
210 268
210 286
210 298
210 313
210 314
210 318
211 219
211 229
211 230
211 234
211 242
211 246
211 268
211 286
211 298
211 313
211 314
211 318
212 219
212 229
212 230
212 234
212 242
212 246
212 268
212 286
212 298
212 313
212 314
212 318
213 219
213 229
213 230
213 234
213 242
213 246
213 268
213 275
213 286
213 298
213 313
213 314
213 318
214 229
214 230
214 234
214 242
214 268
214 275
214 286
214 298
214 313
214 314
214 318
215 229
215 230
215 242
215 268
215 275
215 286
215 298
215 313
215 314
215 318
216 229
216 230
216 242
216 268
216 275
216 286
216 298
216 313
216 314
216 318
217 229
217 230
217 242
217 268
217 275
217 286
217 298
217 313
217 314
217 318
218 229
218 230
218 242
218 268
218 275
218 286
218 298
218 314
218 318
219 229
219 230
219 242
219 268
219 275
219 286
219 298
219 314
219 318
220 229
220 230
220 242
220 268
220 275
220 286
220 298
220 314
220 318
221 229
221 230
221 242
221 268
221 275
221 286
221 298
221 308
221 314
221 318
221 335
221 336
222 229
222 230
222 242
222 275
222 286
222 298
222 308
222 314
222 318
222 335
222 336
223 229
223 230
223 242
223 280
223 286
223 298
223 308
223 314
223 336
224 229
224 230
224 242
224 280
224 286
224 298
224 308
224 314
224 336
225 229
225 230
225 242
225 280
225 286
225 298
225 308
225 314
225 336
226 229
226 230
226 242
226 280
226 286
226 298
226 308
226 314
226 336
227 229
227 230
227 242
227 280
227 286
227 298
227 308
227 314
227 336
228 229
228 230
228 242
228 280
228 286
228 298
228 308
228 314
228 336
229 229
229 230
229 242
229 286
229 298
229 308
229 314
229 336
230 229
230 230
230 242
230 286
230 298
230 308
230 314
230 336
231 229
231 230
231 242
231 286
231 298
231 308
231 314
231 336
232 229
232 230
232 242
232 286
232 298
232 314
232 336
233 229
233 230
233 242
233 286
233 298
233 309
233 314
233 336
234 229
234 230
234 242
234 286
234 298
234 309
234 314
234 336
235 229
235 230
235 242
235 286
235 298
235 309
235 314
235 336
236 229
236 230
236 242
236 286
236 298
236 309
236 314
236 325
236 336
237 229
237 230
237 242
237 286
237 298
237 309
237 314
237 325
237 336
238 229
238 230
238 242
238 286
238 309
238 314
238 325
238 336
239 229
239 230
239 242
239 286
239 309
239 314
239 325
239 336
240 229
240 230
240 242
240 286
240 309
240 314
240 325
240 336
241 229
241 242
241 286
241 309
241 314
241 325
241 336
241 337
242 229
242 242
242 286
242 309
242 314
242 325
242 336
242 337
243 229
243 242
243 286
243 309
243 314
243 325
243 336
243 337
244 242
244 286
244 309
244 314
244 325
244 336
244 337
245 256
245 286
245 309
245 314
245 325
245 336
245 337
246 256
246 286
246 309
246 314
246 325
246 336
246 337
247 256
247 286
247 309
247 314
247 325
247 333
247 336
247 337
248 286
248 309
248 314
248 325
248 333
248 336
248 337
249 253
249 286
249 309
249 314
249 325
249 333
249 336
249 337
250 253
250 264
250 286
250 314
250 325
250 333
250 336
250 337
251 253
251 264
251 286
251 314
251 325
251 333
251 336
251 337
252 253
252 264
252 296
252 314
252 325
252 333
252 336
252 337
253 264
253 282
253 296
253 325
253 333
253 336
253 337
254 264
254 325
254 333
254 336
254 337
255 264
255 325
255 333
255 336
255 337
256 264
256 325
256 333
256 336
256 337
257 269
257 325
257 333
257 336
257 337
258 269
258 325
258 333
258 336
258 337
259 269
259 325
259 333
259 336
259 337
260 269
260 322
260 325
260 333
260 336
261 294
261 300
261 322
261 333
261 336
262 274
262 294
262 300
262 302
262 322
262 333
262 336
263 294
263 300
263 302
263 322
263 333
263 336
264 294
264 300
264 302
264 322
264 333
264 336
265 294
265 300
265 302
265 322
265 333
265 336
266 294
266 300
266 302
266 322
266 333
266 336
267 294
267 300
267 302
267 322
267 333
267 336
268 277
268 294
268 300
268 302
268 311
268 322
268 333
268 336
269 300
269 302
269 311
269 322
269 333
269 336
270 300
270 302
270 311
270 322
270 333
270 336
271 300
271 302
271 311
271 322
271 333
271 336
272 300
272 311
272 322
272 333
272 336
273 300
273 311
273 322
273 333
273 336
274 300
274 311
274 322
274 333
274 336
275 300
275 311
275 322
275 333
275 336
276 300
276 311
276 322
276 333
276 336
277 300
277 311
277 322
277 333
277 336
278 300
278 311
278 336
279 300
279 311
279 336
280 311
280 336
281 311
281 336
282 311
282 336
283 311
283 331
284 311
284 331
285 301
285 311
285 331
285 342
286 301
286 311
286 331
286 342
287 301
287 311
287 331
287 342
288 301
288 311
288 331
288 342
289 301
289 311
289 331
289 342
290 301
290 311
290 331
290 342
291 301
291 311
291 331
291 342
292 311
292 331
292 342
293 311
293 330
293 342
294 330
294 342
295 330
295 342
296 330
297 330
298 330
299 330
300 307
300 330
301 307
301 330
302 307
302 330
303 307
303 330
304 307
304 330
305 330
306 330
307 330
308 330
309 330
310 330
311 330
312 330
313 330
314 330
315 330
316 330
317 330
318 330
319 330
320 330
321 330
322 330
323 330
324 330
325 330
326 330
327 330
328 330
329 330
329 349
330 330
330 349
331 330
331 349
332 330
332 349
333 330
333 349
334 330
334 349
335 330
335 349
336 330
336 349
337 330
337 349
338 330
338 349
339 330
339 349
340 330
340 349
341 330
341 349
342 349
343 349
344 349
345 349
346 349
347 349
348 349
349 349
