0 104
1 2
1 56
1 88
1 104
1 142
1 164
1 180
1 213
1 238
1 243
1 276
2 18
2 31
2 47
2 56
2 88
2 104
2 180
2 213
2 225
2 238
2 243
2 276
3 18
3 31
3 38
3 47
3 56
3 88
3 104
3 180
3 213
3 225
3 233
3 238
3 243
3 276
4 38
4 47
4 56
4 88
4 104
4 180
4 213
4 225
4 226
4 238
4 243
4 276
5 15
5 47
5 50
5 56
5 59
5 71
5 85
5 93
5 94
5 96
5 104
5 130
5 146
5 180
5 208
5 213
5 225
5 226
5 238
5 337
6 46
6 47
6 50
6 54
6 59
6 85
6 93
6 94
6 96
6 130
6 144
6 180
6 208
6 213
6 225
6 226
6 238
6 337
7 46
7 47
7 50
7 54
7 59
7 85
7 93
7 94
7 96
7 130
7 144
7 180
7 196
7 208
7 213
7 225
7 226
7 238
7 309
7 337
8 46
8 47
8 50
8 54
8 59
8 85
8 93
8 94
8 96
8 130
8 144
8 180
8 196
8 208
8 213
8 225
8 226
8 238
8 309
8 337
9 24
9 26
9 48
9 54
9 59
9 85
9 93
9 96
9 130
9 144
9 153
9 156
9 166
9 180
9 196
9 213
9 225
9 226
9 238
9 279
9 309
9 337
10 12
10 24
10 26
10 28
10 48
10 54
10 85
10 93
10 96
10 107
10 130
10 144
10 153
10 156
10 166
10 180
10 196
10 213
10 225
10 226
10 238
10 309
10 337
11 12
11 28
11 36
11 48
11 55
11 85
11 93
11 96
11 130
11 144
11 153
11 156
11 157
11 166
11 180
11 196
11 213
11 225
11 226
11 238
11 247
11 309
11 337
12 25
12 28
12 36
12 48
12 55
12 85
12 93
12 96
12 130
12 144
12 153
12 156
12 157
12 166
12 180
12 196
12 213
12 225
12 226
12 238
12 247
12 309
12 337
13 16
13 20
13 25
13 28
13 36
13 48
13 49
13 55
13 85
13 96
13 99
13 130
13 144
13 153
13 156
13 157
13 166
13 180
13 196
13 213
13 225
13 226
13 238
13 247
13 309
13 337
14 16
14 20
14 22
14 25
14 28
14 36
14 48
14 49
14 55
14 85
14 96
14 99
14 130
14 144
14 153
14 156
14 157
14 166
14 180
14 196
14 213
14 225
14 226
14 238
14 247
14 309
14 337
15 22
15 25
15 28
15 49
15 55
15 67
15 96
15 99
15 130
15 144
15 153
15 156
15 157
15 166
15 180
15 196
15 226
15 246
15 247
15 293
15 309
15 334
15 337
16 22
16 25
16 28
16 49
16 55
16 67
16 96
16 99
16 130
16 144
16 153
16 156
16 157
16 166
16 180
16 196
16 226
16 246
16 247
16 293
16 309
16 334
16 337
17 22
17 25
17 28
17 49
17 55
17 67
17 96
17 99
17 130
17 144
17 153
17 156
17 157
17 166
17 180
17 196
17 226
17 246
17 247
17 293
17 309
17 334
17 337
18 25
18 28
18 49
18 55
18 67
18 96
18 99
18 130
18 144
18 153
18 157
18 166
18 196
18 226
18 231
18 246
18 247
18 252
18 267
18 293
18 309
18 334
18 337
19 40
19 41
19 49
19 67
19 68
19 99
19 144
19 157
19 166
19 170
19 196
19 226
19 239
19 246
19 247
19 263
19 267
19 293
19 334
19 337
20 35
20 40
20 41
20 49
20 67
20 68
20 99
20 124
20 127
20 144
20 157
20 166
20 170
20 196
20 216
20 226
20 239
20 246
20 247
20 263
20 267
20 293
20 334
20 337
21 35
21 40
21 41
21 49
21 67
21 68
21 99
21 124
21 127
21 144
21 157
21 166
21 196
21 216
21 226
21 239
21 246
21 247
21 263
21 267
21 293
21 334
21 337
22 27
22 35
22 40
22 49
22 67
22 68
22 99
22 144
22 157
22 166
22 196
22 216
22 226
22 239
22 246
22 247
22 263
22 267
22 278
22 293
22 334
22 337
23 27
23 35
23 40
23 49
23 67
23 99
23 144
23 157
23 166
23 196
23 216
23 226
23 239
23 246
23 247
23 263
23 267
23 278
23 293
23 334
23 337
24 30
24 40
24 44
24 45
24 49
24 73
24 82
24 91
24 99
24 148
24 157
24 166
24 177
24 184
24 191
24 203
24 216
24 226
24 239
24 246
24 247
24 263
24 267
24 278
24 334
25 30
25 40
25 44
25 45
25 49
25 73
25 82
25 91
25 99
25 148
25 166
25 177
25 184
25 191
25 203
25 216
25 226
25 239
25 246
25 247
25 263
25 267
25 278
25 334
26 30
26 40
26 44
26 45
26 49
26 73
26 82
26 91
26 99
26 148
26 166
26 177
26 184
26 191
26 203
26 216
26 226
26 239
26 246
26 247
26 263
26 267
26 278
26 334
27 30
27 40
27 44
27 45
27 49
27 73
27 82
27 91
27 99
27 148
27 166
27 177
27 184
27 191
27 203
27 216
27 226
27 239
27 246
27 247
27 263
27 267
27 278
27 334
28 29
28 30
28 40
28 44
28 45
28 49
28 73
28 82
28 91
28 99
28 148
28 166
28 177
28 184
28 191
28 203
28 216
28 226
28 239
28 246
28 247
28 263
28 267
28 278
28 334
29 30
29 40
29 45
29 49
29 53
29 73
29 74
29 82
29 91
29 99
29 133
29 148
29 166
29 177
29 184
29 191
29 203
29 216
29 226
29 239
29 246
29 247
29 263
29 267
29 278
29 334
30 30
30 40
30 49
30 53
30 73
30 74
30 82
30 91
30 102
30 133
30 148
30 166
30 177
30 184
30 191
30 203
30 216
30 226
30 239
30 246
30 247
30 263
30 267
30 278
30 303
30 334
31 40
31 49
31 53
31 73
31 74
31 82
31 91
31 102
31 110
31 133
31 148
31 166
31 177
31 184
31 191
31 203
31 216
31 226
31 239
31 246
31 247
31 263
31 267
31 278
31 303
31 334
32 40
32 53
32 73
32 74
32 82
32 91
32 102
32 110
32 112
32 133
32 148
32 150
32 166
32 171
32 177
32 184
32 203
32 216
32 226
32 239
32 246
32 247
32 267
32 278
32 303
32 334
33 40
33 53
33 74
33 82
33 91
33 102
33 110
33 112
33 133
33 148
33 150
33 166
33 171
33 177
33 184
33 203
33 216
33 226
33 239
33 246
33 247
33 267
33 278
33 303
33 334
34 43
34 63
34 74
34 82
34 89
34 92
34 110
34 112
34 118
34 133
34 148
34 150
34 166
34 171
34 177
34 184
34 203
34 216
34 226
34 239
34 246
34 247
34 267
34 278
34 292
34 303
34 334
35 43
35 63
35 74
35 82
35 89
35 92
35 110
35 112
35 118
35 133
35 135
35 148
35 150
35 166
35 171
35 177
35 184
35 203
35 216
35 226
35 239
35 246
35 247
35 267
35 278
35 292
35 303
35 334
36 43
36 63
36 74
36 78
36 82
36 89
36 92
36 110
36 111
36 112
36 118
36 133
36 135
36 148
36 150
36 166
36 171
36 177
36 184
36 203
36 216
36 226
36 239
36 246
36 247
36 267
36 278
36 292
36 303
36 334
37 43
37 63
37 74
37 82
37 89
37 92
37 110
37 111
37 112
37 118
37 133
37 135
37 148
37 150
37 166
37 171
37 177
37 184
37 203
37 216
37 226
37 239
37 246
37 247
37 267
37 278
37 292
37 303
37 334
38 43
38 63
38 74
38 82
38 89
38 92
38 110
38 111
38 112
38 118
38 133
38 135
38 148
38 150
38 166
38 171
38 177
38 184
38 203
38 216
38 226
38 239
38 246
38 247
38 267
38 278
38 292
38 303
38 334
39 43
39 74
39 77
39 82
39 89
39 92
39 110
39 111
39 118
39 120
39 133
39 135
39 148
39 150
39 166
39 171
39 177
39 184
39 203
39 216
39 226
39 239
39 246
39 247
39 267
39 278
39 292
39 303
39 334
40 43
40 61
40 72
40 74
40 82
40 89
40 92
40 110
40 111
40 118
40 120
40 133
40 135
40 148
40 150
40 166
40 171
40 177
40 203
40 216
40 217
40 226
40 239
40 246
40 247
40 267
40 278
40 303
40 334
41 61
41 72
41 74
41 89
41 92
41 110
41 111
41 118
41 133
41 135
41 148
41 150
41 166
41 171
41 177
41 203
41 216
41 217
41 226
41 239
41 246
41 247
41 267
41 278
41 303
41 320
41 334
42 61
42 72
42 87
42 89
42 92
42 110
42 111
42 118
42 133
42 135
42 148
42 150
42 152
42 166
42 171
42 203
42 216
42 217
42 226
42 239
42 246
42 247
42 267
42 278
42 280
42 303
42 320
42 334
43 57
43 58
43 62
43 72
43 83
43 87
43 110
43 118
43 133
43 135
43 138
43 150
43 152
43 155
43 166
43 195
43 203
43 211
43 217
43 226
43 239
43 246
43 247
43 267
43 278
43 280
43 303
43 320
43 334
44 57
44 58
44 62
44 72
44 83
44 87
44 110
44 118
44 133
44 135
44 138
44 150
44 152
44 155
44 166
44 195
44 203
44 211
44 217
44 226
44 239
44 246
44 247
44 267
44 278
44 280
44 303
44 320
44 334
45 57
45 58
45 62
45 72
45 83
45 87
45 110
45 118
45 133
45 135
45 150
45 152
45 155
45 166
45 195
45 203
45 217
45 226
45 239
45 246
45 247
45 267
45 278
45 299
45 303
45 320
45 334
45 339
46 57
46 72
46 76
46 79
46 83
46 87
46 110
46 133
46 135
46 150
46 152
46 166
46 188
46 193
46 195
46 203
46 226
46 239
46 246
46 247
46 262
46 278
46 299
46 303
46 313
46 320
46 332
46 334
46 339
47 51
47 57
47 72
47 76
47 79
47 80
47 83
47 87
47 110
47 133
47 135
47 150
47 152
47 166
47 188
47 193
47 195
47 203
47 226
47 239
47 246
47 247
47 260
47 262
47 278
47 299
47 303
47 313
47 320
47 332
47 334
47 339
48 51
48 57
48 76
48 79
48 83
48 87
48 110
48 133
48 135
48 150
48 152
48 166
48 169
48 188
48 193
48 195
48 203
48 226
48 239
48 246
48 247
48 260
48 262
48 278
48 299
48 303
48 313
48 320
48 332
48 334
48 339
49 51
49 57
49 76
49 79
49 83
49 87
49 97
49 110
49 133
49 135
49 150
49 152
49 166
49 169
49 188
49 193
49 195
49 203
49 226
49 239
49 246
49 247
49 254
49 260
49 262
49 278
49 283
49 299
49 303
49 313
49 320
49 332
49 334
49 339
50 51
50 52
50 57
50 76
50 79
50 83
50 87
50 97
50 110
50 114
50 133
50 135
50 139
50 150
50 152
50 166
50 169
50 188
50 193
50 203
50 226
50 239
50 242
50 246
50 254
50 260
50 262
50 278
50 283
50 297
50 299
50 303
50 313
50 320
50 332
50 334
50 339
51 52
51 57
51 76
51 83
51 87
51 97
51 110
51 114
51 133
51 135
51 139
51 150
51 152
51 166
51 169
51 188
51 193
51 203
51 226
51 239
51 242
51 246
51 254
51 260
51 262
51 278
51 283
51 297
51 299
51 303
51 313
51 320
51 332
51 334
51 339
52 57
52 66
52 76
52 87
52 97
52 110
52 114
52 133
52 135
52 147
52 150
52 152
52 160
52 166
52 169
52 188
52 193
52 203
52 218
52 226
52 239
52 242
52 246
52 254
52 255
52 260
52 262
52 278
52 283
52 297
52 303
52 313
52 320
52 332
52 334
52 339
53 57
53 66
53 76
53 87
53 97
53 106
53 110
53 114
53 133
53 135
53 147
53 150
53 160
53 166
53 169
53 188
53 193
53 203
53 218
53 226
53 239
53 242
53 246
53 254
53 255
53 260
53 278
53 283
53 303
53 313
53 320
53 332
53 334
53 339
54 57
54 66
54 76
54 87
54 97
54 106
54 110
54 114
54 133
54 135
54 147
54 150
54 160
54 166
54 169
54 188
54 193
54 203
54 218
54 226
54 239
54 242
54 246
54 254
54 255
54 260
54 278
54 283
54 303
54 313
54 320
54 332
54 334
54 339
55 57
55 66
55 76
55 87
55 97
55 106
55 110
55 114
55 133
55 135
55 147
55 150
55 160
55 166
55 169
55 188
55 193
55 218
55 226
55 239
55 242
55 246
55 254
55 255
55 260
55 278
55 283
55 303
55 313
55 320
55 332
55 334
55 339
56 57
56 66
56 87
56 90
56 97
56 106
56 110
56 114
56 133
56 147
56 150
56 160
56 166
56 188
56 193
56 218
56 226
56 239
56 242
56 246
56 254
56 255
56 260
56 278
56 283
56 313
56 320
56 332
56 334
56 339
57 57
57 66
57 87
57 90
57 97
57 106
57 110
57 114
57 133
57 147
57 150
57 160
57 188
57 193
57 218
57 226
57 239
57 242
57 246
57 254
57 255
57 260
57 278
57 283
57 313
57 320
57 332
57 334
57 339
58 57
58 66
58 86
58 87
58 90
58 97
58 106
58 110
58 114
58 133
58 150
58 160
58 188
58 193
58 218
58 226
58 239
58 242
58 246
58 254
58 255
58 260
58 278
58 283
58 313
58 320
58 332
58 334
58 335
58 339
59 65
59 66
59 86
59 87
59 90
59 106
59 110
59 114
59 133
59 150
59 160
59 188
59 193
59 197
59 218
59 226
59 239
59 242
59 254
59 260
59 278
59 283
59 313
59 320
59 332
59 334
59 335
59 339
60 64
60 65
60 66
60 84
60 87
60 90
60 106
60 114
60 115
60 123
60 129
60 137
60 150
60 160
60 188
60 193
60 197
60 226
60 242
60 254
60 260
60 278
60 283
60 320
60 334
60 335
60 339
61 64
61 65
61 66
61 84
61 87
61 90
61 106
61 114
61 115
61 123
61 129
61 137
61 150
61 160
61 188
61 193
61 197
61 226
61 242
61 254
61 260
61 278
61 283
61 320
61 334
61 335
61 339
62 65
62 66
62 70
62 84
62 90
62 106
62 114
62 123
62 129
62 131
62 137
62 150
62 160
62 161
62 188
62 193
62 226
62 242
62 254
62 260
62 278
62 281
62 283
62 320
62 334
62 335
62 339
63 65
63 66
63 84
63 90
63 106
63 114
63 123
63 129
63 131
63 137
63 150
63 160
63 161
63 188
63 193
63 226
63 242
63 254
63 260
63 278
63 281
63 283
63 320
63 334
63 335
63 339
64 66
64 84
64 90
64 106
64 114
64 123
64 129
64 131
64 137
64 150
64 160
64 161
64 163
64 188
64 193
64 226
64 242
64 254
64 260
64 278
64 281
64 283
64 317
64 320
64 334
64 335
64 339
65 66
65 84
65 90
65 106
65 114
65 123
65 129
65 131
65 137
65 150
65 160
65 161
65 163
65 188
65 193
65 226
65 242
65 254
65 260
65 278
65 281
65 283
65 317
65 320
65 330
65 334
65 335
65 339
66 66
66 84
66 90
66 103
66 123
66 129
66 131
66 137
66 150
66 160
66 161
66 163
66 188
66 193
66 226
66 242
66 254
66 260
66 278
66 281
66 283
66 317
66 320
66 330
66 334
66 335
66 339
67 66
67 84
67 90
67 103
67 123
67 129
67 131
67 137
67 150
67 160
67 161
67 163
67 188
67 193
67 226
67 242
67 254
67 260
67 278
67 281
67 283
67 317
67 320
67 330
67 334
67 335
67 339
68 66
68 84
68 90
68 95
68 103
68 131
68 137
68 158
68 160
68 163
68 188
68 193
68 226
68 242
68 254
68 260
68 278
68 281
68 283
68 320
68 330
68 334
68 335
68 339
69 66
69 84
69 90
69 95
69 103
69 131
69 137
69 158
69 160
69 163
69 167
69 188
69 193
69 226
69 242
69 254
69 260
69 278
69 281
69 283
69 320
69 330
69 334
69 335
69 339
70 66
70 84
70 103
70 121
70 131
70 137
70 158
70 160
70 163
70 167
70 182
70 188
70 242
70 254
70 260
70 278
70 283
70 320
70 330
70 334
70 335
70 339
70 346
71 66
71 84
71 103
71 121
71 131
71 137
71 158
71 160
71 163
71 167
71 182
71 188
71 242
71 254
71 260
71 278
71 283
71 320
71 330
71 334
71 335
71 339
71 346
72 66
72 84
72 121
72 131
72 158
72 160
72 163
72 167
72 182
72 188
72 242
72 254
72 260
72 278
72 283
72 320
72 330
72 334
72 335
72 339
72 346
73 66
73 84
73 121
73 131
73 158
73 160
73 163
73 167
73 182
73 188
73 242
73 254
73 260
73 278
73 283
73 320
73 330
73 334
73 335
73 339
73 346
74 66
74 84
74 105
74 131
74 134
74 160
74 163
74 167
74 182
74 186
74 188
74 242
74 254
74 260
74 283
74 319
74 320
74 334
74 335
74 339
74 346
75 66
75 84
75 105
75 131
75 134
75 160
75 163
75 167
75 182
75 186
75 188
75 242
75 254
75 260
75 283
75 319
75 320
75 334
75 335
75 339
75 346
76 66
76 84
76 105
76 131
76 134
76 163
76 167
76 168
76 182
76 186
76 188
76 242
76 254
76 260
76 283
76 319
76 320
76 334
76 335
76 339
76 346
77 66
77 84
77 105
77 131
77 134
77 163
77 167
77 168
77 182
77 186
77 188
77 220
77 242
77 254
77 260
77 283
77 319
77 320
77 334
77 335
77 339
77 346
78 66
78 105
78 131
78 134
78 141
78 163
78 167
78 168
78 182
78 186
78 188
78 220
78 242
78 254
78 260
78 270
78 283
78 319
78 320
78 334
78 335
78 339
78 346
79 66
79 105
79 131
79 134
79 141
79 163
79 167
79 168
79 174
79 179
79 182
79 186
79 188
79 220
79 254
79 260
79 270
79 283
79 319
79 320
79 334
79 335
79 339
79 346
80 66
80 105
80 131
80 134
80 141
80 163
80 167
80 168
80 174
80 179
80 182
80 186
80 188
80 220
80 254
80 260
80 270
80 283
80 319
80 320
80 334
80 335
80 339
80 346
81 66
81 105
81 131
81 134
81 141
81 163
81 167
81 168
81 174
81 179
81 182
81 186
81 188
81 220
81 254
81 260
81 270
81 283
81 319
81 320
81 334
81 335
81 339
81 346
82 66
82 105
82 131
82 134
82 141
82 163
82 167
82 168
82 174
82 179
82 182
82 186
82 188
82 220
82 254
82 260
82 270
82 283
82 319
82 320
82 334
82 335
82 339
82 346
83 66
83 105
83 131
83 134
83 136
83 141
83 163
83 167
83 168
83 174
83 179
83 182
83 186
83 188
83 220
83 254
83 260
83 270
83 283
83 319
83 320
83 334
83 335
83 339
83 346
84 66
84 105
84 113
84 131
84 134
84 136
84 141
84 145
84 163
84 167
84 168
84 174
84 179
84 186
84 188
84 254
84 260
84 270
84 283
84 306
84 319
84 320
84 334
84 335
84 339
84 343
84 346
85 105
85 113
85 131
85 134
85 136
85 141
85 145
85 163
85 167
85 168
85 174
85 179
85 186
85 188
85 248
85 254
85 260
85 270
85 283
85 306
85 319
85 320
85 334
85 335
85 343
86 105
86 113
86 131
86 134
86 136
86 141
86 145
86 163
86 167
86 168
86 174
86 179
86 186
86 188
86 248
86 254
86 260
86 270
86 283
86 306
86 319
86 320
86 334
86 335
86 343
87 105
87 113
87 131
87 134
87 136
87 141
87 145
87 163
87 167
87 168
87 174
87 179
87 186
87 188
87 248
87 254
87 260
87 270
87 283
87 306
87 319
87 334
87 335
87 343
88 105
88 113
88 131
88 134
88 136
88 141
88 145
88 163
88 167
88 168
88 174
88 179
88 186
88 188
88 248
88 254
88 260
88 270
88 283
88 306
88 319
88 334
88 335
88 343
89 105
89 113
89 131
89 134
89 136
89 141
89 145
89 163
89 167
89 168
89 174
89 179
89 186
89 188
89 248
89 254
89 260
89 270
89 283
89 305
89 306
89 319
89 334
89 335
89 343
90 105
90 113
90 131
90 134
90 136
90 141
90 145
90 163
90 167
90 168
90 174
90 179
90 186
90 188
90 248
90 254
90 260
90 270
90 283
90 305
90 306
90 319
90 334
90 335
90 343
91 105
91 113
91 131
91 134
91 136
91 141
91 145
91 163
91 167
91 168
91 174
91 179
91 186
91 188
91 248
91 254
91 260
91 270
91 283
91 305
91 306
91 319
91 334
91 335
91 343
91 347
92 105
92 113
92 131
92 134
92 136
92 141
92 145
92 167
92 168
92 174
92 179
92 186
92 188
92 248
92 254
92 260
92 270
92 283
92 305
92 306
92 319
92 334
92 335
92 343
92 347
93 105
93 113
93 131
93 134
93 136
93 141
93 145
93 167
93 168
93 174
93 179
93 186
93 188
93 199
93 248
93 254
93 260
93 270
93 283
93 305
93 306
93 319
93 324
93 334
93 335
93 343
93 347
94 105
94 113
94 134
94 136
94 141
94 145
94 167
94 168
94 174
94 179
94 186
94 188
94 199
94 248
94 254
94 260
94 270
94 283
94 285
94 305
94 306
94 319
94 324
94 334
94 335
94 343
94 347
95 105
95 113
95 134
95 136
95 141
95 143
95 145
95 159
95 167
95 168
95 174
95 179
95 186
95 188
95 199
95 248
95 254
95 260
95 270
95 283
95 285
95 306
95 319
95 324
95 334
95 335
95 343
95 347
96 105
96 113
96 134
96 136
96 141
96 143
96 145
96 159
96 167
96 168
96 174
96 179
96 186
96 188
96 199
96 248
96 254
96 260
96 270
96 283
96 285
96 306
96 319
96 324
96 334
96 335
96 343
96 347
97 105
97 113
97 134
97 136
97 140
97 141
97 143
97 145
97 159
97 167
97 168
97 174
97 179
97 186
97 188
97 199
97 248
97 254
97 260
97 270
97 283
97 285
97 301
97 306
97 319
97 324
97 334
97 335
97 343
97 347
98 105
98 113
98 134
98 136
98 140
98 141
98 143
98 145
98 159
98 167
98 168
98 174
98 179
98 186
98 188
98 199
98 248
98 254
98 260
98 283
98 285
98 301
98 306
98 319
98 324
98 335
98 343
98 347
99 105
99 113
99 116
99 134
99 136
99 140
99 141
99 143
99 145
99 159
99 167
99 168
99 174
99 179
99 186
99 188
99 199
99 248
99 254
99 260
99 283
99 285
99 301
99 306
99 319
99 324
99 343
99 347
100 109
100 113
100 116
100 134
100 136
100 140
100 141
100 143
100 145
100 159
100 167
100 168
100 174
100 179
100 186
100 188
100 199
100 248
100 254
100 260
100 283
100 285
100 287
100 301
100 306
100 319
100 324
100 343
100 347
101 109
101 113
101 116
101 134
101 136
101 140
101 141
101 145
101 167
101 168
101 174
101 179
101 186
101 188
101 192
101 199
101 248
101 254
101 260
101 261
101 283
101 285
101 287
101 301
101 306
101 319
101 324
101 343
101 347
102 109
102 113
102 116
102 134
102 136
102 140
102 141
102 145
102 162
102 167
102 168
102 174
102 179
102 186
102 188
102 192
102 199
102 248
102 254
102 260
102 261
102 283
102 285
102 287
102 301
102 306
102 319
102 324
102 343
102 347
103 108
103 109
103 113
103 116
103 134
103 140
103 141
103 162
103 168
103 174
103 179
103 186
103 188
103 192
103 199
103 205
103 248
103 254
103 260
103 261
103 274
103 285
103 287
103 301
103 306
103 319
103 322
103 343
103 347
104 108
104 109
104 113
104 116
104 134
104 140
104 141
104 162
104 168
104 174
104 179
104 186
104 188
104 192
104 199
104 205
104 248
104 254
104 260
104 261
104 274
104 285
104 287
104 301
104 306
104 319
104 322
104 343
104 347
105 108
105 109
105 113
105 116
105 134
105 140
105 162
105 168
105 174
105 179
105 186
105 188
105 190
105 192
105 199
105 205
105 248
105 254
105 261
105 264
105 274
105 285
105 287
105 301
105 306
105 319
105 322
105 343
105 347
106 108
106 109
106 113
106 116
106 134
106 162
106 168
106 174
106 179
106 186
106 188
106 190
106 192
106 199
106 205
106 230
106 248
106 254
106 261
106 264
106 274
106 285
106 287
106 301
106 306
106 319
106 343
106 347
107 108
107 113
107 116
107 162
107 168
107 174
107 179
107 186
107 188
107 190
107 192
107 199
107 205
107 230
107 248
107 254
107 261
107 264
107 274
107 285
107 287
107 301
107 306
107 319
107 333
107 343
107 347
108 108
108 113
108 116
108 162
108 168
108 174
108 179
108 186
108 188
108 190
108 192
108 199
108 205
108 230
108 248
108 254
108 261
108 264
108 274
108 285
108 287
108 301
108 306
108 319
108 333
108 343
108 347
109 108
109 116
109 162
109 168
109 174
109 179
109 186
109 188
109 190
109 192
109 199
109 205
109 230
109 248
109 254
109 261
109 264
109 274
109 285
109 287
109 301
109 306
109 319
109 333
109 343
109 347
110 108
110 116
110 122
110 162
110 168
110 179
110 186
110 188
110 190
110 192
110 199
110 230
110 254
110 261
110 264
110 274
110 285
110 287
110 301
110 306
110 314
110 319
110 333
110 343
110 347
111 108
111 116
111 117
111 122
111 162
111 165
111 168
111 173
111 179
111 186
111 188
111 190
111 192
111 199
111 230
111 254
111 257
111 261
111 264
111 274
111 285
111 287
111 301
111 306
111 314
111 333
111 343
111 347
112 108
112 116
112 117
112 122
112 162
112 165
112 168
112 173
112 179
112 186
112 188
112 190
112 192
112 199
112 230
112 254
112 257
112 261
112 264
112 274
112 285
112 287
112 301
112 306
112 314
112 333
112 343
112 347
113 116
113 117
113 122
113 165
113 168
113 173
113 179
113 186
113 188
113 190
113 192
113 199
113 257
113 264
113 274
113 285
113 287
113 289
113 301
113 306
113 314
113 333
113 343
113 347
114 116
114 117
114 122
114 125
114 165
114 168
114 173
114 179
114 186
114 188
114 190
114 192
114 199
114 257
114 264
114 274
114 285
114 287
114 301
114 306
114 314
114 333
114 343
114 347
115 116
115 117
115 122
115 125
115 165
115 173
115 179
115 186
115 188
115 190
115 192
115 199
115 257
115 264
115 274
115 285
115 287
115 301
115 306
115 314
115 333
115 343
115 347
116 116
116 117
116 122
116 125
116 165
116 173
116 179
116 186
116 188
116 190
116 192
116 199
116 257
116 264
116 274
116 285
116 287
116 301
116 306
116 314
116 333
116 343
116 347
117 116
117 117
117 122
117 125
117 165
117 173
117 186
117 188
117 190
117 192
117 199
117 257
117 264
117 274
117 285
117 287
117 301
117 306
117 314
117 333
117 343
117 347
118 116
118 122
118 125
118 165
118 173
118 186
118 188
118 190
118 192
118 199
118 257
118 264
118 274
118 285
118 287
118 301
118 306
118 314
118 333
118 343
118 347
119 116
119 122
119 125
119 165
119 173
119 186
119 188
119 190
119 192
119 199
119 257
119 264
119 274
119 285
119 287
119 301
119 306
119 314
119 333
119 343
119 347
120 116
120 122
120 125
120 165
120 173
120 188
120 190
120 192
120 199
120 204
120 274
120 285
120 287
120 301
120 306
120 314
120 333
120 343
120 347
121 116
121 122
121 125
121 165
121 173
121 188
121 190
121 192
121 199
121 204
121 274
121 285
121 287
121 301
121 306
121 314
121 333
121 343
121 347
122 116
122 122
122 125
122 128
122 165
122 173
122 190
122 199
122 204
122 274
122 285
122 287
122 301
122 302
122 306
122 314
122 343
122 347
123 116
123 122
123 125
123 128
123 165
123 173
123 190
123 199
123 204
123 274
123 285
123 287
123 301
123 302
123 306
123 343
123 347
124 116
124 128
124 165
124 173
124 183
124 190
124 199
124 204
124 274
124 285
124 287
124 301
124 302
124 306
124 343
124 347
125 116
125 128
125 173
125 183
125 190
125 199
125 204
125 274
125 287
125 301
125 302
125 306
125 343
125 347
126 128
126 173
126 183
126 190
126 199
126 204
126 274
126 277
126 287
126 301
126 302
126 306
126 347
127 128
127 173
127 183
127 190
127 199
127 204
127 274
127 277
127 287
127 301
127 302
127 306
127 347
128 128
128 173
128 183
128 190
128 204
128 268
128 274
128 277
128 287
128 301
128 302
128 306
128 347
129 128
129 173
129 183
129 190
129 229
129 268
129 274
129 277
129 287
129 301
129 302
129 308
129 347
130 128
130 173
130 183
130 190
130 268
130 277
130 287
130 301
130 302
130 308
130 347
131 128
131 173
131 181
131 183
131 190
131 265
131 268
131 277
131 287
131 301
131 308
131 347
132 173
132 181
132 183
132 190
132 236
132 265
132 268
132 277
132 287
132 301
132 308
132 347
133 173
133 181
133 183
133 190
133 235
133 236
133 265
133 268
133 277
133 287
133 301
133 308
133 347
134 173
134 176
134 181
134 183
134 190
134 235
134 236
134 268
134 277
134 287
134 301
134 308
134 347
135 173
135 176
135 183
135 190
135 222
135 235
135 236
135 268
135 277
135 287
135 301
135 308
135 347
136 173
136 176
136 183
136 190
136 222
136 235
136 236
136 268
136 277
136 287
136 301
136 308
136 347
137 173
137 176
137 183
137 190
137 215
137 222
137 235
137 236
137 268
137 277
137 287
137 301
137 308
137 347
138 173
138 176
138 183
138 190
138 215
138 222
138 235
138 236
138 268
138 277
138 287
138 301
138 308
138 347
139 173
139 176
139 183
139 190
139 215
139 222
139 235
139 236
139 241
139 268
139 277
139 301
139 308
139 347
140 173
140 176
140 183
140 190
140 215
140 222
140 235
140 236
140 241
140 268
140 277
140 301
140 308
140 347
141 173
141 176
141 183
141 190
141 215
141 222
141 235
141 236
141 241
141 268
141 277
141 301
141 308
141 347
142 173
142 176
142 183
142 190
142 215
142 222
142 235
142 236
142 241
142 268
142 277
142 301
142 308
142 347
143 173
143 176
143 183
143 190
143 198
143 215
143 222
143 235
143 236
143 241
143 268
143 277
143 301
143 308
143 347
144 173
144 176
144 183
144 190
144 198
144 215
144 222
144 235
144 241
144 268
144 277
144 301
144 308
144 347
145 173
145 176
145 183
145 190
145 198
145 215
145 222
145 235
145 241
145 268
145 277
145 301
145 308
145 347
146 173
146 176
146 190
146 198
146 235
146 237
146 241
146 268
146 277
146 301
146 308
146 311
146 328
146 347
147 173
147 175
147 176
147 190
147 198
147 235
147 237
147 241
147 268
147 277
147 301
147 308
147 311
147 328
147 347
148 173
148 176
148 190
148 198
148 235
148 237
148 241
148 268
148 277
148 301
148 308
148 311
148 328
148 347
149 173
149 176
149 187
149 190
149 198
149 219
149 235
149 237
149 241
149 268
149 275
149 277
149 301
149 308
149 311
149 328
149 347
150 176
150 187
150 190
150 198
150 219
150 235
150 237
150 241
150 268
150 275
150 277
150 301
150 308
150 311
150 328
150 347
151 176
151 187
151 190
151 198
151 219
151 235
151 237
151 241
151 268
151 275
151 277
151 301
151 308
151 311
151 328
151 347
152 176
152 187
152 190
152 198
152 200
152 219
152 235
152 237
152 241
152 268
152 275
152 277
152 301
152 308
152 311
152 328
152 347
153 176
153 187
153 190
153 198
153 200
153 219
153 235
153 237
153 241
153 268
153 275
153 277
153 301
153 308
153 311
153 328
153 347
154 176
154 187
154 190
154 198
154 200
154 219
154 235
154 237
154 241
154 268
154 275
154 277
154 301
154 308
154 311
154 328
154 347
155 176
155 187
155 190
155 198
155 200
155 219
155 235
155 237
155 241
155 268
155 269
155 275
155 277
155 301
155 308
155 311
155 328
155 347
156 176
156 187
156 190
156 198
156 200
156 219
156 235
156 237
156 241
156 268
156 269
156 275
156 277
156 296
156 301
156 308
156 311
156 328
156 347
157 176
157 187
157 190
157 198
157 219
157 227
157 235
157 237
157 241
157 268
157 269
157 275
157 277
157 296
157 301
157 308
157 310
157 311
157 328
157 347
158 176
158 187
158 190
158 198
158 219
158 227
158 235
158 237
158 241
158 268
158 269
158 275
158 277
158 296
158 301
158 308
158 310
158 311
158 328
158 347
159 176
159 187
159 190
159 198
159 219
159 227
159 232
159 235
159 237
159 241
159 268
159 269
159 271
159 275
159 277
159 296
159 301
159 308
159 310
159 311
159 328
159 347
160 172
160 176
160 185
160 198
160 207
160 219
160 232
160 235
160 237
160 241
160 268
160 271
160 275
160 277
160 296
160 301
160 308
160 310
160 311
160 328
160 347
161 185
161 207
161 219
161 232
161 235
161 241
161 268
161 271
161 275
161 277
161 296
161 301
161 308
161 310
161 311
161 328
161 347
162 185
162 202
162 207
162 219
162 232
162 235
162 241
162 249
162 268
162 271
162 277
162 288
162 294
162 296
162 301
162 308
162 311
162 327
162 328
162 331
162 347
163 185
163 207
163 221
163 232
163 235
163 241
163 249
163 251
163 268
163 271
163 277
163 288
163 294
163 296
163 301
163 308
163 311
163 327
163 328
163 331
163 347
164 185
164 207
164 221
164 232
164 235
164 241
164 249
164 251
164 268
164 271
164 288
164 294
164 296
164 301
164 308
164 311
164 327
164 328
164 331
165 185
165 189
165 207
165 221
165 232
165 235
165 241
165 249
165 251
165 268
165 271
165 288
165 294
165 296
165 301
165 308
165 311
165 328
165 331
166 185
166 189
166 207
166 210
166 221
166 232
166 235
166 241
166 249
166 251
166 268
166 271
166 288
166 294
166 296
166 301
166 308
166 311
166 328
166 331
167 185
167 189
167 207
167 210
167 221
167 232
167 235
167 241
167 249
167 251
167 268
167 271
167 288
167 294
167 296
167 301
167 308
167 311
167 328
167 331
168 185
168 189
168 207
168 210
168 221
168 232
168 235
168 241
168 249
168 251
168 268
168 271
168 288
168 294
168 296
168 301
168 308
168 311
168 323
168 331
169 185
169 189
169 207
169 221
169 232
169 235
169 241
169 249
169 251
169 268
169 271
169 288
169 294
169 296
169 301
169 308
169 311
169 323
169 331
170 185
170 189
170 207
170 221
170 232
170 235
170 241
170 249
170 251
170 268
170 271
170 288
170 294
170 296
170 301
170 308
170 311
170 323
170 331
171 178
171 185
171 189
171 201
171 207
171 221
171 224
171 232
171 235
171 241
171 249
171 251
171 268
171 271
171 288
171 294
171 296
171 308
171 311
171 323
171 331
172 178
172 185
172 189
172 201
172 207
172 221
172 224
172 232
172 235
172 241
172 249
172 251
172 268
172 271
172 288
172 294
172 296
172 308
172 311
172 323
172 331
173 178
173 185
173 189
173 201
173 207
173 221
173 224
173 232
173 235
173 241
173 249
173 251
173 268
173 271
173 288
173 294
173 296
173 308
173 311
173 323
173 331
174 178
174 185
174 189
174 201
174 207
174 221
174 224
174 232
174 235
174 241
174 249
174 251
174 268
174 271
174 288
174 294
174 296
174 308
174 311
174 323
174 331
175 178
175 185
175 189
175 201
175 207
175 221
175 224
175 232
175 235
175 240
175 241
175 249
175 251
175 268
175 271
175 288
175 294
175 296
175 308
175 311
175 323
175 331
176 178
176 185
176 189
176 201
176 207
176 221
176 232
176 240
176 241
176 249
176 251
176 268
176 271
176 288
176 294
176 295
176 296
176 308
176 311
176 323
176 331
177 185
177 189
177 201
177 207
177 221
177 232
177 240
177 241
177 249
177 251
177 268
177 271
177 288
177 294
177 295
177 296
177 308
177 323
177 331
178 185
178 189
178 201
178 207
178 221
178 232
178 240
178 241
178 249
178 251
178 268
178 271
178 288
178 294
178 295
178 296
178 308
178 323
178 331
179 185
179 189
179 201
179 207
179 221
179 232
179 240
179 241
179 249
179 251
179 268
179 271
179 288
179 294
179 295
179 296
179 308
179 323
179 331
180 185
180 189
180 201
180 207
180 221
180 232
180 240
180 241
180 249
180 251
180 268
180 271
180 288
180 294
180 295
180 296
180 308
180 323
180 331
181 185
181 201
181 207
181 221
181 232
181 240
181 241
181 249
181 250
181 251
181 268
181 271
181 288
181 294
181 295
181 296
181 308
181 323
181 331
182 185
182 201
182 207
182 221
182 232
182 240
182 241
182 249
182 250
182 251
182 268
182 271
182 288
182 294
182 295
182 296
182 308
182 323
182 331
183 185
183 201
183 207
183 221
183 232
183 240
183 241
183 249
183 250
183 251
183 268
183 271
183 288
183 294
183 295
183 296
183 308
183 323
183 331
184 185
184 201
184 207
184 214
184 221
184 232
184 240
184 241
184 249
184 250
184 251
184 268
184 271
184 286
184 288
184 294
184 295
184 296
184 308
184 318
184 323
184 331
185 201
185 207
185 214
185 221
185 223
185 240
185 241
185 249
185 250
185 251
185 268
185 271
185 286
185 288
185 294
185 295
185 296
185 308
185 318
185 323
185 331
186 201
186 207
186 214
186 221
186 223
186 240
186 249
186 250
186 251
186 268
186 271
186 272
186 286
186 288
186 294
186 295
186 296
186 308
186 318
186 323
186 331
186 349
187 201
187 207
187 214
187 221
187 240
187 249
187 250
187 251
187 253
187 268
187 271
187 272
187 286
187 288
187 294
187 295
187 308
187 315
187 318
187 323
187 331
187 349
188 201
188 207
188 214
188 240
188 249
188 250
188 251
188 253
188 271
188 272
188 286
188 288
188 294
188 295
188 308
188 315
188 318
188 323
188 331
188 349
189 201
189 207
189 214
189 240
189 250
189 251
189 253
189 271
189 272
189 286
189 288
189 294
189 295
189 308
189 315
189 318
189 323
189 331
189 349
190 201
190 212
190 214
190 240
190 250
190 251
190 253
190 271
190 272
190 286
190 294
190 295
190 308
190 315
190 318
190 323
190 331
190 349
191 201
191 212
191 214
191 240
191 250
191 251
191 253
191 271
191 272
191 286
191 290
191 294
191 295
191 308
191 315
191 318
191 323
191 331
191 349
192 201
192 212
192 214
192 228
192 250
192 251
192 271
192 272
192 286
192 290
192 294
192 295
192 308
192 315
192 318
192 323
192 331
192 349
193 201
193 212
193 214
193 228
193 250
193 251
193 271
193 272
193 290
193 294
193 295
193 308
193 315
193 318
193 323
193 331
193 349
194 201
194 212
194 214
194 228
194 250
194 271
194 272
194 290
194 294
194 295
194 308
194 315
194 318
194 323
194 331
194 349
195 201
195 212
195 214
195 228
195 250
195 271
195 272
195 290
195 294
195 295
195 308
195 315
195 318
195 323
195 331
195 349
196 201
196 206
196 212
196 214
196 228
196 250
196 272
196 290
196 295
196 308
196 315
196 323
196 331
196 349
197 201
197 206
197 212
197 214
197 228
197 250
197 272
197 290
197 295
197 308
197 315
197 323
197 331
197 349
198 206
198 214
198 228
198 244
198 250
198 272
198 290
198 295
198 308
198 315
198 323
198 331
198 349
199 206
199 214
199 228
199 244
199 250
199 272
199 290
199 295
199 308
199 315
199 323
199 331
199 349
200 206
200 214
200 228
200 244
200 272
200 290
200 295
200 308
200 315
200 323
200 331
200 349
201 206
201 214
201 228
201 244
201 272
201 290
201 295
201 308
201 315
201 323
201 331
201 349
202 206
202 214
202 228
202 244
202 272
202 290
202 295
202 315
202 321
202 323
202 342
202 349
203 206
203 214
203 228
203 244
203 272
203 290
203 295
203 315
203 321
203 323
203 342
203 349
204 206
204 214
204 228
204 244
204 272
204 290
204 295
204 315
204 321
204 323
204 342
204 349
205 206
205 244
205 272
205 290
205 295
205 315
205 321
205 325
205 342
205 349
206 206
206 244
206 272
206 290
206 295
206 315
206 321
206 325
206 342
206 349
207 206
207 244
207 272
207 290
207 295
207 315
207 321
207 325
207 342
207 349
208 206
208 244
208 272
208 290
208 295
208 315
208 321
208 325
208 342
208 349
209 206
209 244
209 272
209 290
209 295
209 315
209 321
209 325
209 342
209 348
209 349
210 206
210 244
210 259
210 266
210 272
210 290
210 295
210 315
210 321
210 325
210 342
210 348
210 349
211 206
211 244
211 259
211 266
211 272
211 290
211 295
211 315
211 321
211 325
211 342
211 348
211 349
212 206
212 244
212 259
212 266
212 272
212 290
212 295
212 315
212 321
212 325
212 342
212 348
212 349
213 244
213 245
213 258
213 259
213 266
213 272
213 290
213 295
213 315
213 321
213 325
213 349
214 244
214 245
214 258
214 259
214 266
214 272
214 290
214 295
214 315
214 321
214 325
214 349
215 244
215 245
215 258
215 259
215 266
215 272
215 290
215 295
215 315
215 321
215 325
215 349
216 244
216 245
216 258
216 259
216 266
216 290
216 315
216 321
216 325
216 341
216 349
217 244
217 245
217 258
217 259
217 266
217 290
217 315
217 321
217 325
217 341
217 349
218 244
218 245
218 258
218 259
218 266
218 290
218 315
218 321
218 325
218 341
218 349
219 244
219 245
219 258
219 259
219 266
219 290
219 315
219 321
219 325
219 341
219 349
220 244
220 245
220 258
220 259
220 266
220 290
220 315
220 321
220 325
220 341
220 349
221 244
221 245
221 258
221 259
221 266
221 290
221 315
221 321
221 325
221 341
221 349
222 244
222 245
222 258
222 259
222 266
222 315
222 321
222 325
222 341
222 349
223 244
223 245
223 258
223 259
223 266
223 315
223 321
223 325
223 341
223 349
224 244
224 245
224 258
224 259
224 266
224 315
224 321
224 325
224 341
224 349
225 234
225 244
225 245
225 258
225 259
225 266
225 315
225 321
225 325
225 341
225 349
226 234
226 244
226 245
226 258
226 259
226 266
226 315
226 321
226 325
226 341
226 349
227 234
227 244
227 245
227 258
227 259
227 266
227 273
227 315
227 321
227 325
227 341
227 349
228 234
228 244
228 245
228 258
228 259
228 266
228 273
228 315
228 321
228 325
228 341
228 349
229 234
229 244
229 245
229 258
229 259
229 266
229 273
229 315
229 321
229 325
229 341
229 349
230 234
230 244
230 245
230 258
230 259
230 266
230 273
230 315
230 321
230 325
230 341
230 349
231 244
231 245
231 258
231 259
231 266
231 315
231 321
231 325
231 341
231 349
232 244
232 245
232 258
232 259
232 266
232 315
232 321
232 325
232 341
232 349
233 244
233 245
233 258
233 259
233 266
233 315
233 321
233 325
233 341
233 349
234 244
234 245
234 258
234 259
234 266
234 321
234 325
234 341
234 349
235 244
235 245
235 258
235 266
235 321
235 325
235 341
235 349
236 244
236 245
236 256
236 258
236 266
236 312
236 321
236 325
236 341
236 349
237 244
237 245
237 256
237 258
237 266
237 312
237 321
237 325
237 341
237 349
238 244
238 245
238 256
238 258
238 266
238 312
238 321
238 325
238 329
238 341
238 349
239 244
239 245
239 256
239 258
239 266
239 312
239 321
239 325
239 329
239 341
239 349
240 244
240 245
240 256
240 258
240 266
240 298
240 312
240 321
240 325
240 329
240 341
240 349
241 244
241 245
241 256
241 258
241 266
241 298
241 312
241 321
241 325
241 329
241 341
241 349
242 244
242 245
242 256
242 258
242 266
242 298
242 312
242 321
242 325
242 329
242 341
243 244
243 245
243 256
243 258
243 266
243 298
243 312
243 321
243 325
243 329
243 341
244 245
244 256
244 258
244 266
244 312
244 321
244 325
244 329
244 340
244 341
245 245
245 256
245 258
245 266
245 312
245 321
245 325
245 340
245 341
246 245
246 256
246 258
246 266
246 312
246 321
246 325
246 340
246 341
247 245
247 256
247 258
247 266
247 284
247 312
247 321
247 325
247 340
247 341
248 245
248 256
248 258
248 266
248 284
248 312
248 321
248 325
248 340
248 341
249 245
249 256
249 258
249 266
249 284
249 312
249 321
249 325
249 340
249 341
250 258
250 266
250 312
250 321
250 325
250 340
250 341
251 258
251 312
251 321
251 325
251 340
251 341
252 258
252 312
252 321
252 325
252 340
252 341
253 258
253 312
253 321
253 325
253 340
253 341
254 258
254 312
254 321
254 325
254 340
254 341
255 258
255 312
255 321
255 325
255 340
255 341
256 258
256 307
256 312
256 321
256 325
256 340
256 341
257 258
257 307
257 312
257 321
257 325
257 341
258 258
258 307
258 312
258 325
258 341
258 345
259 258
259 307
259 312
259 325
259 341
259 345
260 258
260 300
260 304
260 307
260 312
260 325
260 345
261 258
261 300
261 304
261 307
261 312
261 325
261 338
261 345
262 258
262 300
262 304
262 307
262 325
262 338
262 345
263 258
263 300
263 304
263 307
263 325
263 338
263 345
264 258
264 300
264 304
264 307
264 325
264 338
264 345
265 258
265 300
265 304
265 307
265 325
265 338
266 300
266 304
266 307
266 325
266 338
267 300
267 304
267 307
267 325
267 338
268 300
268 304
268 307
268 325
268 338
269 300
269 304
269 307
269 325
269 338
270 300
270 304
270 307
270 325
270 338
271 300
271 304
271 307
271 325
271 338
272 300
272 304
272 307
272 325
272 338
272 344
273 300
273 304
273 307
273 325
273 338
273 344
274 300
274 304
274 325
274 338
274 344
275 300
275 304
275 325
275 338
275 344
276 300
276 304
276 325
276 338
276 344
277 300
277 304
277 325
277 336
277 338
277 344
278 300
278 304
278 325
278 336
278 338
278 344
279 300
279 304
279 325
279 338
279 344
280 300
280 304
280 325
280 338
280 344
281 300
281 304
281 325
281 338
281 344
282 300
282 304
282 325
282 338
282 344
283 300
283 304
283 325
283 338
283 344
284 300
284 304
284 325
284 338
284 344
285 300
285 304
285 325
285 338
285 344
286 300
286 304
286 325
286 338
286 344
287 300
287 304
287 325
287 338
287 344
288 304
288 338
288 344
289 304
289 338
289 344
290 304
290 338
290 344
291 304
291 344
292 304
292 344
293 304
293 344
294 304
295 304
296 304
297 304
298 304
299 304
300 304
301 304
302 304
303 304
304 304
305 304
306 304
307 304
308 304
309 304
309 316
310 304
310 316
311 304
311 316
312 304
312 316
313 304
313 316
314 304
314 316
315 304
315 316
316 304
316 316
317 304
