0 5
0 10
0 30
0 52
0 64
0 74
0 115
0 300
0 337
0 340
1 5
1 52
1 64
1 74
1 85
1 115
1 300
1 337
1 340
2 7
2 9
2 52
2 64
2 74
2 85
2 115
2 273
2 300
2 305
2 337
2 340
3 4
3 9
3 32
3 52
3 64
3 74
3 85
3 115
3 273
3 274
3 295
3 300
3 305
3 337
3 340
4 8
4 11
4 19
4 48
4 52
4 64
4 69
4 74
4 111
4 115
4 122
4 186
4 263
4 273
4 274
4 300
4 317
4 337
4 340
5 6
5 8
5 11
5 18
5 21
5 48
5 52
5 64
5 69
5 111
5 115
5 122
5 186
5 263
5 273
5 274
5 300
5 317
5 337
5 340
6 11
6 18
6 21
6 29
6 48
6 51
6 52
6 64
6 69
6 111
6 115
6 122
6 186
6 263
6 273
6 274
6 300
6 317
6 337
6 340
7 21
7 22
7 23
7 29
7 48
7 51
7 52
7 68
7 69
7 111
7 115
7 122
7 185
7 240
7 259
7 263
7 274
7 300
7 317
7 337
7 340
8 12
8 21
8 22
8 29
8 48
8 51
8 52
8 68
8 69
8 111
8 115
8 122
8 185
8 240
8 259
8 263
8 274
8 300
8 317
8 337
8 340
9 12
9 22
9 29
9 48
9 51
9 68
9 69
9 111
9 115
9 122
9 184
9 185
9 240
9 259
9 263
9 274
9 300
9 317
9 337
9 340
10 15
10 33
10 37
10 39
10 41
10 53
10 55
10 61
10 68
10 73
10 88
10 90
10 105
10 145
10 153
10 185
10 209
10 288
10 300
10 306
10 317
10 337
10 340
11 15
11 33
11 37
11 39
11 41
11 53
11 55
11 61
11 68
11 73
11 88
11 90
11 105
11 145
11 153
11 185
11 209
11 288
11 300
11 306
11 317
11 337
11 340
12 27
12 33
12 37
12 39
12 41
12 53
12 55
12 61
12 68
12 73
12 88
12 104
12 105
12 145
12 147
12 153
12 185
12 209
12 288
12 300
12 306
12 317
12 337
12 340
13 16
13 17
13 37
13 39
13 41
13 53
13 55
13 61
13 68
13 73
13 88
13 104
13 105
13 145
13 146
13 147
13 153
13 185
13 209
13 288
13 300
13 306
13 317
13 337
13 340
14 16
14 37
14 39
14 41
14 53
14 55
14 68
14 73
14 88
14 104
14 105
14 146
14 147
14 153
14 170
14 185
14 209
14 212
14 288
14 300
14 306
14 317
14 327
14 337
14 340
15 37
15 39
15 41
15 53
15 55
15 68
15 73
15 88
15 104
15 105
15 146
15 147
15 170
15 209
15 212
15 288
15 300
15 306
15 317
15 327
15 337
15 340
16 37
16 39
16 41
16 53
16 55
16 68
16 73
16 88
16 104
16 105
16 146
16 147
16 170
16 209
16 212
16 288
16 300
16 306
16 317
16 327
16 337
16 340
17 31
17 37
17 39
17 41
17 53
17 55
17 68
17 73
17 88
17 104
17 105
17 146
17 147
17 170
17 209
17 212
17 288
17 300
17 306
17 317
17 327
17 337
17 340
18 31
18 37
18 39
18 41
18 55
18 68
18 88
18 104
18 105
18 106
18 147
18 170
18 209
18 212
18 288
18 300
18 306
18 317
18 327
18 337
18 340
19 37
19 66
19 68
19 75
19 82
19 84
19 86
19 104
19 105
19 106
19 147
19 159
19 162
19 166
19 170
19 176
19 209
19 212
19 216
19 243
19 288
19 298
19 306
19 317
19 327
19 337
19 340
20 37
20 66
20 68
20 75
20 82
20 84
20 86
20 104
20 105
20 106
20 124
20 147
20 159
20 162
20 166
20 170
20 176
20 212
20 216
20 243
20 288
20 298
20 306
20 317
20 327
20 337
20 340
21 37
21 66
21 68
21 75
21 82
21 84
21 86
21 104
21 105
21 106
21 124
21 147
21 159
21 162
21 166
21 170
21 176
21 212
21 216
21 243
21 288
21 298
21 306
21 327
21 337
21 340
22 25
22 66
22 68
22 75
22 82
22 84
22 86
22 104
22 124
22 147
22 159
22 162
22 166
22 170
22 176
22 212
22 216
22 288
22 298
22 306
22 327
22 337
22 340
23 25
23 43
23 49
23 75
23 84
23 98
23 100
23 108
23 118
23 124
23 138
23 140
23 141
23 147
23 166
23 169
23 176
23 212
23 216
23 248
23 288
23 306
23 308
23 327
23 337
23 340
24 43
24 75
24 84
24 98
24 100
24 108
24 124
24 138
24 140
24 141
24 147
24 166
24 169
24 176
24 212
24 216
24 248
24 288
24 306
24 308
24 327
24 337
24 340
25 43
25 75
25 84
25 98
25 100
25 108
25 124
25 138
25 140
25 141
25 147
25 166
25 169
25 176
25 212
25 216
25 248
25 288
25 306
25 308
25 327
25 337
25 340
26 43
26 75
26 98
26 100
26 108
26 124
26 138
26 140
26 141
26 147
26 166
26 169
26 176
26 212
26 216
26 248
26 288
26 306
26 327
26 337
26 340
27 43
27 75
27 98
27 100
27 108
27 124
27 138
27 141
27 147
27 166
27 169
27 176
27 212
27 216
27 248
27 288
27 306
27 327
27 337
27 340
28 43
28 75
28 98
28 108
28 124
28 138
28 141
28 147
28 169
28 176
28 212
28 216
28 248
28 288
28 306
28 327
28 337
28 340
29 43
29 56
29 75
29 98
29 108
29 124
29 138
29 141
29 147
29 169
29 176
29 212
29 216
29 248
29 288
29 306
29 327
29 337
29 340
30 43
30 56
30 60
30 75
30 98
30 108
30 124
30 138
30 141
30 147
30 169
30 176
30 212
30 216
30 248
30 288
30 306
30 327
30 337
30 340
31 43
31 60
31 79
31 98
31 108
31 117
31 138
31 141
31 147
31 169
31 212
31 216
31 239
31 248
31 255
31 288
31 299
31 327
31 337
31 340
31 346
32 43
32 60
32 67
32 78
32 79
32 98
32 108
32 117
32 138
32 141
32 147
32 169
32 207
32 212
32 216
32 239
32 248
32 255
32 288
32 299
32 327
32 337
32 340
32 346
33 43
33 60
33 67
33 78
33 79
33 98
33 108
33 117
33 138
33 141
33 147
33 169
33 207
33 212
33 216
33 239
33 248
33 255
33 288
33 299
33 327
33 337
33 340
33 346
34 43
34 60
34 67
34 78
34 79
34 108
34 117
34 138
34 141
34 147
34 169
34 207
34 212
34 216
34 239
34 248
34 255
34 288
34 299
34 327
34 337
34 340
34 346
35 43
35 60
35 67
35 78
35 79
35 102
35 108
35 138
35 141
35 142
35 147
35 169
35 207
35 212
35 216
35 230
35 239
35 255
35 288
35 294
35 299
35 327
35 337
35 340
35 346
36 43
36 60
36 67
36 78
36 79
36 108
36 138
36 141
36 142
36 169
36 207
36 212
36 216
36 230
36 239
36 255
36 288
36 294
36 299
36 327
36 337
36 340
36 346
37 43
37 60
37 67
37 78
37 79
37 138
37 141
37 142
37 169
37 207
37 212
37 216
37 230
37 239
37 255
37 288
37 294
37 299
37 327
37 337
37 340
37 346
38 60
38 67
38 78
38 79
38 138
38 141
38 142
38 169
38 207
38 212
38 216
38 230
38 239
38 255
38 288
38 294
38 299
38 327
38 337
38 340
38 346
39 79
39 89
39 94
39 138
39 142
39 169
39 207
39 212
39 216
39 230
39 239
39 255
39 288
39 294
39 299
39 327
39 340
39 346
40 79
40 89
40 94
40 112
40 138
40 142
40 163
40 207
40 212
40 216
40 230
40 234
40 239
40 255
40 256
40 288
40 294
40 299
40 340
40 346
41 79
41 89
41 112
41 138
41 142
41 163
41 207
41 212
41 216
41 230
41 234
41 239
41 255
41 256
41 288
41 294
41 299
41 340
41 346
42 79
42 89
42 103
42 112
42 138
42 142
42 163
42 207
42 212
42 216
42 230
42 234
42 239
42 255
42 288
42 294
42 299
42 340
42 346
43 89
43 103
43 112
43 138
43 142
43 163
43 207
43 212
43 230
43 234
43 239
43 255
43 288
43 294
43 299
43 340
43 346
44 57
44 89
44 103
44 112
44 127
44 131
44 138
44 142
44 163
44 192
44 212
44 230
44 234
44 239
44 255
44 279
44 288
44 294
44 299
44 340
45 57
45 89
45 103
45 112
45 127
45 131
45 138
45 142
45 163
45 192
45 212
45 230
45 234
45 239
45 251
45 255
45 279
45 288
45 294
45 299
45 339
45 340
46 57
46 89
46 103
46 112
46 127
46 131
46 138
46 142
46 163
46 192
46 230
46 234
46 239
46 251
46 255
46 279
46 288
46 294
46 299
46 339
46 340
47 57
47 89
47 97
47 103
47 112
47 127
47 131
47 138
47 142
47 163
47 192
47 230
47 234
47 251
47 255
47 279
47 288
47 294
47 299
47 339
47 340
48 89
48 97
48 103
48 112
48 127
48 131
48 138
48 142
48 163
48 192
48 215
48 230
48 234
48 251
48 255
48 279
48 288
48 294
48 299
48 339
48 340
49 89
49 97
49 112
49 127
49 131
49 137
49 138
49 142
49 163
49 192
49 215
49 230
49 234
49 251
49 255
49 279
49 288
49 294
49 299
49 339
49 340
50 59
50 65
50 89
50 112
50 127
50 129
50 131
50 137
50 138
50 142
50 191
50 215
50 234
50 251
50 255
50 288
50 294
50 299
50 339
50 340
51 65
51 80
51 89
51 96
51 112
51 120
51 127
51 129
51 137
51 138
51 142
51 191
51 215
51 251
51 288
51 294
51 339
51 340
52 65
52 77
52 80
52 89
52 96
52 112
52 120
52 127
52 129
52 137
52 138
52 142
52 191
52 215
52 251
52 288
52 294
52 339
52 340
53 76
53 77
53 80
53 89
53 120
53 128
53 129
53 138
53 142
53 191
53 196
53 215
53 218
53 288
53 294
53 339
53 340
54 76
54 77
54 80
54 89
54 120
54 128
54 129
54 138
54 142
54 191
54 196
54 215
54 218
54 288
54 294
54 339
54 340
55 76
55 77
55 80
55 89
55 128
55 138
55 142
55 191
55 196
55 203
55 229
55 339
55 340
56 76
56 77
56 80
56 89
56 128
56 138
56 142
56 191
56 196
56 203
56 229
56 339
56 340
57 76
57 77
57 80
57 89
57 109
57 128
57 138
57 142
57 175
57 191
57 196
57 229
57 340
58 76
58 77
58 80
58 89
58 109
58 128
58 138
58 142
58 175
58 191
58 196
58 229
58 340
59 109
59 114
59 142
59 175
59 191
59 196
59 206
59 217
59 326
59 335
59 340
59 345
60 109
60 114
60 133
60 142
60 196
60 206
60 217
60 307
60 326
60 335
60 340
61 71
61 72
61 109
61 110
61 133
61 142
61 217
61 220
61 307
61 326
61 335
61 340
62 71
62 72
62 110
62 133
62 142
62 150
62 152
62 217
62 220
62 307
62 326
62 335
62 340
63 71
63 72
63 81
63 110
63 133
63 142
63 150
63 152
63 164
63 183
63 217
63 220
63 307
63 326
63 335
63 340
64 71
64 72
64 81
64 110
64 133
64 134
64 142
64 150
64 152
64 164
64 183
64 211
64 220
64 307
64 326
64 335
64 340
65 71
65 72
65 81
65 110
65 133
65 134
65 142
65 150
65 152
65 164
65 183
65 211
65 220
65 307
65 326
65 335
65 340
66 72
66 81
66 83
66 110
66 133
66 134
66 142
66 149
66 152
66 164
66 183
66 205
66 211
66 220
66 227
66 277
66 307
66 326
66 335
66 340
67 72
67 81
67 83
67 110
67 133
67 134
67 142
67 149
67 152
67 164
67 183
67 205
67 211
67 220
67 227
67 277
67 307
67 326
67 335
67 340
68 72
68 81
68 101
68 126
68 133
68 134
68 152
68 180
68 183
68 190
68 205
68 211
68 220
68 227
68 277
68 307
68 326
68 334
68 335
68 340
69 72
69 81
69 101
69 126
69 133
69 134
69 135
69 180
69 183
69 190
69 205
69 211
69 220
69 227
69 277
69 326
69 334
69 335
69 340
70 72
70 81
70 101
70 126
70 133
70 134
70 135
70 180
70 183
70 190
70 205
70 211
70 220
70 227
70 277
70 326
70 334
70 335
70 340
71 72
71 81
71 101
71 126
71 132
71 133
71 134
71 135
71 180
71 183
71 190
71 205
71 211
71 220
71 227
71 232
71 277
71 326
71 334
71 335
71 340
72 72
72 81
72 101
72 113
72 126
72 133
72 134
72 135
72 155
72 178
72 180
72 183
72 190
72 205
72 211
72 220
72 227
72 277
72 292
72 334
72 335
72 340
73 72
73 81
73 101
73 113
73 126
73 133
73 134
73 135
73 155
73 178
73 180
73 183
73 190
73 205
73 211
73 220
73 227
73 277
73 292
73 334
73 335
73 340
74 72
74 81
74 101
74 113
74 126
74 133
74 134
74 135
74 155
74 178
74 180
74 183
74 190
74 205
74 211
74 220
74 227
74 277
74 292
74 334
74 335
74 340
75 72
75 81
75 101
75 113
75 123
75 126
75 134
75 135
75 155
75 178
75 180
75 183
75 190
75 205
75 211
75 220
75 227
75 277
75 292
75 334
75 335
75 340
76 72
76 81
76 91
76 101
76 113
76 123
76 126
76 134
76 135
76 155
76 178
76 180
76 183
76 190
76 205
76 211
76 220
76 227
76 277
76 292
76 334
76 335
76 340
77 72
77 81
77 91
77 101
77 113
77 123
77 126
77 134
77 135
77 155
77 178
77 180
77 183
77 190
77 205
77 211
77 220
77 227
77 277
77 292
77 334
77 335
77 340
78 81
78 91
78 101
78 113
78 123
78 126
78 134
78 135
78 155
78 180
78 183
78 190
78 205
78 211
78 220
78 227
78 277
78 292
78 334
78 335
78 340
79 81
79 91
79 113
79 123
79 126
79 134
79 135
79 155
79 180
79 183
79 190
79 205
79 211
79 220
79 227
79 277
79 292
79 334
79 335
79 340
80 81
80 91
80 113
80 116
80 123
80 126
80 134
80 135
80 155
80 180
80 183
80 190
80 205
80 211
80 220
80 227
80 277
80 292
80 334
80 335
80 340
81 81
81 91
81 113
81 116
81 123
81 126
81 134
81 135
81 155
81 180
81 183
81 190
81 205
81 211
81 220
81 227
81 277
81 292
81 334
81 335
81 340
82 81
82 91
82 113
82 116
82 123
82 126
82 134
82 135
82 155
82 180
82 183
82 190
82 205
82 211
82 220
82 227
82 277
82 292
82 334
82 335
82 340
83 81
83 113
83 116
83 125
83 135
83 155
83 180
83 183
83 190
83 204
83 205
83 211
83 220
83 227
83 277
83 292
83 331
83 334
83 335
83 340
84 81
84 113
84 116
84 135
84 155
84 180
84 183
84 190
84 205
84 211
84 220
84 227
84 277
84 287
84 292
84 331
84 334
84 335
85 81
85 113
85 116
85 135
85 155
85 180
85 183
85 190
85 205
85 211
85 220
85 227
85 277
85 287
85 289
85 292
85 331
85 334
85 335
86 81
86 113
86 116
86 135
86 155
86 180
86 183
86 190
86 205
86 211
86 220
86 227
86 277
86 287
86 289
86 292
86 331
86 334
86 335
87 81
87 113
87 116
87 135
87 155
87 180
87 183
87 190
87 205
87 211
87 220
87 227
87 277
87 287
87 289
87 292
87 331
87 334
87 335
88 81
88 113
88 116
88 155
88 160
88 180
88 183
88 190
88 211
88 220
88 227
88 277
88 285
88 287
88 289
88 292
88 331
88 334
88 335
89 81
89 113
89 116
89 155
89 160
89 180
89 183
89 190
89 211
89 220
89 227
89 265
89 277
89 285
89 287
89 289
89 292
89 331
89 334
89 335
90 81
90 113
90 116
90 155
90 160
90 180
90 183
90 190
90 211
90 220
90 227
90 265
90 277
90 285
90 287
90 289
90 292
90 331
90 334
90 335
91 81
91 113
91 116
91 155
91 160
91 180
91 183
91 190
91 211
91 220
91 227
91 265
91 277
91 285
91 287
91 289
91 292
91 331
91 334
91 335
92 81
92 113
92 116
92 155
92 160
92 180
92 183
92 190
92 211
92 220
92 227
92 265
92 277
92 285
92 287
92 289
92 292
92 331
92 334
92 335
93 81
93 113
93 155
93 160
93 180
93 183
93 190
93 211
93 220
93 227
93 265
93 277
93 285
93 287
93 289
93 292
93 331
93 334
93 335
94 81
94 155
94 160
94 180
94 183
94 190
94 211
94 220
94 227
94 265
94 277
94 285
94 287
94 289
94 292
94 331
94 334
94 335
95 81
95 155
95 160
95 180
95 183
95 190
95 211
95 220
95 227
95 265
95 277
95 285
95 287
95 289
95 292
95 331
95 334
95 335
96 81
96 155
96 183
96 190
96 211
96 220
96 265
96 269
96 277
96 285
96 287
96 289
96 292
96 331
96 334
96 335
97 81
97 155
97 183
97 190
97 211
97 220
97 265
97 269
97 276
97 277
97 285
97 287
97 289
97 292
97 331
97 334
97 335
98 81
98 155
98 183
98 190
98 211
98 220
98 265
98 269
98 276
98 277
98 285
98 287
98 289
98 292
98 331
98 334
98 335
99 81
99 155
99 183
99 190
99 211
99 220
99 269
99 276
99 277
99 285
99 287
99 289
99 292
99 331
99 334
99 335
100 81
100 155
100 183
100 190
100 211
100 220
100 269
100 276
100 277
100 285
100 287
100 289
100 292
100 331
100 334
100 335
101 81
101 155
101 183
101 190
101 211
101 220
101 269
101 276
101 277
101 285
101 287
101 289
101 292
101 331
101 334
101 335
102 155
102 183
102 190
102 211
102 220
102 269
102 276
102 277
102 285
102 287
102 289
102 292
102 331
102 334
102 335
103 155
103 183
103 190
103 211
103 220
103 269
103 276
103 277
103 285
103 287
103 289
103 292
103 331
103 334
103 335
104 155
104 183
104 190
104 211
104 220
104 269
104 276
104 277
104 285
104 287
104 289
104 292
104 331
104 334
104 335
105 143
105 155
105 183
105 211
105 220
105 269
105 276
105 277
105 285
105 287
105 289
105 292
105 331
105 334
105 335
106 143
106 155
106 183
106 211
106 220
106 269
106 276
106 277
106 285
106 287
106 289
106 292
106 331
106 334
106 335
107 155
107 183
107 211
107 220
107 233
107 269
107 276
107 277
107 285
107 287
107 289
107 292
107 331
107 334
107 335
108 155
108 171
108 183
108 226
108 269
108 277
108 285
108 287
108 289
108 292
108 331
108 334
108 335
108 342
109 155
109 171
109 183
109 226
109 269
109 277
109 285
109 287
109 289
109 292
109 331
109 334
109 335
109 342
110 155
110 171
110 183
110 226
110 269
110 277
110 285
110 287
110 289
110 292
110 331
110 334
110 335
110 342
111 151
111 155
111 171
111 183
111 226
111 238
111 285
111 287
111 289
111 292
111 331
111 334
111 335
112 151
112 155
112 168
112 171
112 183
112 226
112 228
112 238
112 285
112 287
112 289
112 292
112 331
112 334
112 335
113 151
113 155
113 168
113 171
113 183
113 228
113 238
113 285
113 287
113 289
113 292
113 313
113 331
113 334
113 335
114 151
114 155
114 168
114 171
114 183
114 228
114 238
114 285
114 287
114 289
114 292
114 313
114 331
114 334
114 335
115 136
115 155
115 168
115 171
115 183
115 221
115 228
115 238
115 285
115 287
115 289
115 292
115 313
115 331
115 334
116 136
116 155
116 168
116 171
116 183
116 221
116 228
116 238
116 285
116 287
116 289
116 292
116 313
116 331
116 334
117 136
117 155
117 168
117 171
117 183
117 221
117 228
117 238
117 285
117 287
117 289
117 292
117 313
117 331
117 334
118 136
118 155
118 168
118 171
118 183
118 221
118 228
118 285
118 287
118 289
118 292
118 313
118 331
118 334
119 136
119 155
119 168
119 171
119 183
119 221
119 228
119 285
119 287
119 289
119 292
119 313
119 331
119 334
120 136
120 155
120 168
120 171
120 183
120 221
120 228
120 285
120 287
120 289
120 292
120 313
120 331
120 334
121 136
121 155
121 168
121 171
121 183
121 221
121 228
121 285
121 287
121 289
121 292
121 313
121 331
121 334
122 136
122 155
122 168
122 171
122 183
122 221
122 228
122 285
122 287
122 289
122 292
122 313
122 331
122 334
123 136
123 155
123 168
123 171
123 183
123 221
123 228
123 275
123 285
123 287
123 289
123 292
123 331
123 334
124 136
124 155
124 168
124 171
124 183
124 193
124 221
124 228
124 272
124 275
124 285
124 287
124 289
124 292
124 331
124 334
125 168
125 183
125 193
125 201
125 221
125 228
125 272
125 275
125 285
125 287
125 289
125 292
125 301
125 314
125 331
125 332
125 334
126 168
126 183
126 193
126 201
126 221
126 228
126 272
126 285
126 287
126 289
126 292
126 301
126 331
126 332
126 334
127 168
127 183
127 193
127 201
127 221
127 228
127 272
127 285
127 287
127 289
127 292
127 301
127 331
127 332
127 334
128 174
128 183
128 201
128 213
128 235
128 272
128 285
128 287
128 289
128 292
128 301
128 331
128 334
129 156
129 174
129 183
129 201
129 213
129 235
129 272
129 285
129 287
129 289
129 292
129 301
129 331
129 334
130 156
130 174
130 183
130 201
130 213
130 235
130 272
130 285
130 287
130 289
130 292
130 301
130 331
130 334
131 156
131 167
131 174
131 183
131 194
131 201
131 213
131 235
131 247
131 272
131 285
131 287
131 289
131 292
131 301
131 331
131 334
132 156
132 167
132 174
132 183
132 194
132 201
132 213
132 219
132 235
132 272
132 285
132 287
132 289
132 292
132 301
132 331
132 334
133 156
133 167
133 183
133 194
133 201
133 213
133 219
133 235
133 272
133 285
133 287
133 289
133 292
133 301
133 331
133 334
134 156
134 167
134 183
134 194
134 219
134 235
134 272
134 285
134 287
134 289
134 292
134 301
134 331
134 334
135 156
135 167
135 194
135 219
135 235
135 272
135 285
135 287
135 289
135 292
135 331
135 334
136 167
136 194
136 219
136 272
136 282
136 285
136 289
136 292
136 331
136 334
137 167
137 194
137 219
137 272
137 282
137 285
137 289
137 292
137 331
137 334
138 194
138 210
138 219
138 272
138 278
138 282
138 285
138 289
138 292
138 330
138 331
138 334
139 194
139 210
139 219
139 254
139 271
139 272
139 282
139 285
139 289
139 292
139 330
139 331
139 334
140 148
140 194
140 210
140 254
140 271
140 272
140 282
140 285
140 289
140 292
140 302
140 330
140 331
140 334
140 338
141 148
141 181
141 194
141 210
141 254
141 271
141 272
141 282
141 285
141 289
141 302
141 330
141 331
141 334
141 338
142 148
142 181
142 194
142 210
142 254
142 271
142 272
142 282
142 285
142 289
142 302
142 330
142 331
142 334
142 338
143 148
143 181
143 194
143 210
143 254
143 271
143 272
143 282
143 285
143 289
143 302
143 330
143 331
143 334
143 338
144 148
144 181
144 194
144 210
144 254
144 271
144 272
144 282
144 285
144 289
144 302
144 330
144 331
144 334
144 338
145 148
145 181
145 194
145 210
145 254
145 271
145 272
145 282
145 285
145 289
145 302
145 330
145 331
145 334
145 338
146 148
146 181
146 194
146 210
146 254
146 271
146 272
146 282
146 285
146 289
146 302
146 330
146 331
146 334
146 338
147 148
147 177
147 181
147 182
147 189
147 210
147 254
147 271
147 282
147 285
147 289
147 302
147 330
147 331
147 334
147 338
148 148
148 177
148 181
148 182
148 189
148 210
148 254
148 271
148 282
148 285
148 289
148 302
148 330
148 331
148 334
148 338
149 148
149 177
149 181
149 182
149 189
149 254
149 271
149 282
149 285
149 289
149 302
149 330
149 331
149 334
149 338
150 148
150 177
150 181
150 182
150 189
150 254
150 271
150 282
150 285
150 289
150 302
150 330
150 331
150 334
150 338
151 177
151 179
151 181
151 189
151 202
151 222
151 224
151 246
151 254
151 271
151 282
151 285
151 302
151 330
151 331
151 334
151 338
152 161
152 172
152 177
152 179
152 181
152 189
152 202
152 222
152 224
152 246
152 254
152 271
152 282
152 302
152 330
152 331
152 334
152 338
153 161
153 172
153 177
153 179
153 181
153 189
153 199
153 202
153 214
153 222
153 224
153 246
153 254
153 271
153 282
153 302
153 330
153 331
153 334
153 338
154 161
154 172
154 177
154 179
154 181
154 189
154 199
154 202
154 214
154 222
154 224
154 246
154 254
154 271
154 282
154 302
154 330
154 331
154 334
154 338
155 161
155 172
155 177
155 179
155 181
155 189
155 199
155 202
155 214
155 222
155 224
155 246
155 254
155 271
155 282
155 302
155 330
155 331
155 334
155 338
156 161
156 172
156 177
156 179
156 181
156 189
156 199
156 202
156 214
156 222
156 224
156 246
156 254
156 271
156 282
156 302
156 330
156 331
156 334
156 338
157 161
157 172
157 177
157 179
157 181
157 189
157 199
157 202
157 214
157 222
157 224
157 246
157 254
157 271
157 282
157 302
157 330
157 331
157 334
157 338
158 172
158 177
158 179
158 181
158 189
158 199
158 202
158 214
158 222
158 224
158 246
158 254
158 271
158 282
158 302
158 330
158 331
158 334
158 338
159 172
159 177
159 179
159 181
159 189
159 199
159 202
159 208
159 214
159 222
159 224
159 246
159 254
159 271
159 282
159 302
159 330
159 331
159 334
159 338
160 172
160 177
160 179
160 181
160 189
160 199
160 202
160 208
160 214
160 222
160 224
160 246
160 254
160 271
160 282
160 302
160 330
160 331
160 334
160 338
161 177
161 179
161 181
161 189
161 199
161 200
161 208
161 214
161 224
161 246
161 254
161 260
161 271
161 282
161 302
161 330
161 331
161 334
161 338
162 177
162 179
162 189
162 199
162 200
162 208
162 214
162 224
162 246
162 254
162 260
162 271
162 282
162 302
162 330
162 331
162 334
162 338
163 177
163 179
163 189
163 199
163 200
163 208
163 214
163 246
163 254
163 260
163 271
163 282
163 302
163 330
163 331
163 334
163 338
164 179
164 189
164 199
164 200
164 208
164 246
164 260
164 271
164 282
164 302
164 330
164 331
164 334
164 338
165 179
165 189
165 199
165 200
165 208
165 246
165 260
165 271
165 282
165 302
165 330
165 331
165 334
165 338
166 179
166 189
166 199
166 200
166 208
166 246
166 260
166 271
166 282
166 302
166 330
166 331
166 334
166 338
167 179
167 189
167 199
167 200
167 208
167 246
167 271
167 282
167 302
167 323
167 330
167 331
167 334
168 179
168 189
168 199
168 200
168 208
168 246
168 271
168 282
168 302
168 323
168 330
168 331
168 334
169 179
169 189
169 199
169 200
169 208
169 246
169 271
169 282
169 302
169 323
169 330
169 331
169 334
170 179
170 189
170 199
170 200
170 208
170 246
170 271
170 282
170 302
170 323
170 330
170 331
170 334
171 188
171 189
171 197
171 200
171 208
171 241
171 246
171 270
171 271
171 282
171 293
171 302
171 330
171 331
171 334
172 188
172 189
172 197
172 200
172 208
172 241
172 246
172 270
172 271
172 282
172 293
172 302
172 330
172 331
172 334
173 197
173 200
173 208
173 241
173 246
173 270
173 271
173 293
173 302
173 330
173 334
174 197
174 208
174 241
174 246
174 270
174 271
174 293
174 302
174 330
174 334
175 197
175 208
175 241
175 246
175 270
175 271
175 293
175 302
175 334
176 197
176 208
176 241
176 246
176 270
176 271
176 293
176 302
176 334
177 197
177 208
177 241
177 246
177 270
177 271
177 293
177 302
177 334
178 197
178 208
178 241
178 270
178 271
178 293
178 302
178 334
179 197
179 208
179 241
179 270
179 271
179 293
179 302
179 334
180 197
180 208
180 241
180 244
180 267
180 270
180 271
180 293
180 302
180 334
181 197
181 208
181 241
181 244
181 267
181 270
181 271
181 293
181 302
181 334
182 197
182 208
182 241
182 244
182 257
182 267
182 268
182 271
182 293
182 334
182 348
183 197
183 208
183 241
183 244
183 257
183 267
183 268
183 271
183 293
183 334
183 348
184 197
184 208
184 225
184 241
184 244
184 257
184 267
184 268
184 271
184 293
184 334
184 348
185 197
185 208
185 225
185 241
185 244
185 257
185 268
185 271
185 293
185 334
185 348
186 197
186 208
186 225
186 241
186 244
186 257
186 268
186 271
186 283
186 293
186 334
186 348
187 197
187 208
187 225
187 241
187 244
187 257
187 268
187 271
187 283
187 293
187 334
187 348
188 197
188 208
188 225
188 241
188 244
188 257
188 268
188 271
188 283
188 293
188 334
188 348
189 197
189 208
189 225
189 231
189 241
189 244
189 268
189 271
189 283
189 293
189 333
189 334
190 208
190 225
190 231
190 241
190 244
190 268
190 271
190 283
190 293
190 333
190 334
191 208
191 225
191 231
191 241
191 244
191 268
191 271
191 283
191 293
191 315
191 333
191 334
192 208
192 225
192 231
192 241
192 244
192 245
192 268
192 271
192 283
192 293
192 315
192 333
192 334
193 208
193 225
193 231
193 241
193 244
193 245
193 268
193 271
193 283
193 293
193 315
193 333
193 334
194 208
194 225
194 231
194 241
194 244
194 245
194 268
194 271
194 283
194 293
194 315
194 333
194 334
195 208
195 223
195 225
195 231
195 241
195 244
195 245
195 268
195 271
195 283
195 293
195 315
195 322
195 333
195 334
196 208
196 223
196 225
196 231
196 241
196 244
196 245
196 268
196 271
196 283
196 293
196 315
196 322
196 333
196 334
197 208
197 223
197 225
197 231
197 241
197 244
197 245
197 268
197 271
197 283
197 293
197 315
197 316
197 322
197 333
197 334
198 208
198 223
198 225
198 231
198 241
198 244
198 245
198 268
198 271
198 283
198 293
198 315
198 316
198 322
198 333
198 334
199 208
199 223
199 225
199 231
199 241
199 244
199 245
199 268
199 271
199 283
199 293
199 315
199 316
199 319
199 322
199 333
199 334
200 208
200 223
200 225
200 231
200 241
200 244
200 245
200 268
200 271
200 283
200 293
200 315
200 316
200 319
200 322
200 333
200 334
201 223
201 225
201 231
201 241
201 244
201 245
201 261
201 271
201 283
201 293
201 315
201 316
201 319
201 322
201 333
202 223
202 231
202 244
202 245
202 271
202 283
202 293
202 315
202 316
202 318
202 319
202 322
202 333
203 223
203 231
203 237
203 245
203 253
203 258
203 262
203 271
203 280
203 283
203 291
203 293
203 315
203 316
203 318
203 319
203 333
204 223
204 231
204 237
204 245
204 253
204 258
204 262
204 271
204 280
204 283
204 291
204 293
204 316
204 319
204 333
205 223
205 231
205 237
205 245
205 253
205 258
205 262
205 271
205 280
205 283
205 291
205 293
205 316
205 319
205 333
206 223
206 231
206 237
206 245
206 253
206 258
206 262
206 271
206 280
206 291
206 293
206 316
206 319
206 333
207 223
207 237
207 245
207 253
207 258
207 262
207 280
207 291
207 293
207 316
207 333
208 223
208 237
208 245
208 253
208 258
208 262
208 280
208 291
208 293
208 316
208 333
209 223
209 237
209 245
209 253
209 258
209 262
209 280
209 291
209 293
209 316
209 333
210 223
210 237
210 245
210 253
210 258
210 262
210 280
210 291
210 293
210 316
210 333
211 223
211 237
211 245
211 253
211 258
211 262
211 280
211 291
211 293
211 316
211 333
212 223
212 245
212 253
212 258
212 262
212 280
212 291
212 293
212 316
212 333
213 223
213 245
213 253
213 262
213 280
213 291
213 293
213 316
213 333
214 223
214 245
214 253
214 262
214 280
214 291
214 293
214 316
214 333
215 223
215 245
215 253
215 262
215 280
215 291
215 293
215 316
215 333
216 223
216 245
216 253
216 262
216 280
216 291
216 293
216 316
216 333
217 223
217 245
217 253
217 262
217 280
217 291
217 293
217 316
217 333
218 223
218 253
218 264
218 280
218 291
218 293
218 316
219 223
219 253
219 264
219 280
219 291
219 293
219 316
220 223
220 253
220 264
220 280
220 291
220 293
220 316
221 223
221 253
221 264
221 280
221 291
221 293
221 316
222 223
222 264
222 280
222 291
222 293
222 311
222 312
222 316
222 325
223 223
223 250
223 264
223 280
223 291
223 293
223 311
223 312
223 316
223 325
224 223
224 250
224 264
224 280
224 291
224 293
224 311
224 312
224 316
224 325
225 223
225 250
225 264
225 291
225 311
225 312
225 316
226 223
226 250
226 264
226 266
226 291
226 311
226 312
226 316
226 344
227 223
227 250
227 264
227 266
227 291
227 311
227 312
227 316
227 344
228 223
228 250
228 264
228 266
228 291
228 311
228 312
228 316
228 344
229 223
229 250
229 264
229 266
229 291
229 311
229 312
229 316
229 344
230 223
230 250
230 264
230 266
230 291
230 311
230 312
230 316
230 344
231 250
231 264
231 266
231 291
231 296
231 311
231 312
231 316
231 344
232 242
232 250
232 264
232 291
232 296
232 311
232 312
232 316
232 336
232 344
232 347
233 242
233 250
233 264
233 291
233 296
233 311
233 316
233 336
233 344
233 347
234 242
234 250
234 264
234 291
234 296
234 311
234 316
234 336
234 344
234 347
235 242
235 250
235 264
235 291
235 296
235 311
235 316
235 336
235 344
235 347
236 242
236 250
236 264
236 281
236 291
236 296
236 311
236 316
236 336
236 344
236 347
237 242
237 249
237 250
237 264
237 281
237 291
237 296
237 311
237 316
237 336
237 344
237 347
238 242
238 249
238 250
238 264
238 281
238 291
238 296
238 311
238 316
238 336
238 344
238 347
239 242
239 249
239 250
239 264
239 281
239 291
239 296
239 311
239 316
239 336
239 344
239 347
240 249
240 250
240 264
240 281
240 291
240 296
240 311
240 316
240 336
240 344
240 347
241 249
241 250
241 264
241 281
241 291
241 296
241 311
241 316
241 328
241 336
241 344
241 347
242 250
242 264
242 281
242 296
242 311
242 316
242 328
242 336
242 344
242 347
243 250
243 252
243 281
243 296
243 309
243 311
243 316
243 328
243 336
243 344
243 347
244 250
244 252
244 281
244 296
244 311
244 316
244 328
244 336
244 344
244 347
245 250
245 252
245 281
245 296
245 311
245 316
245 328
245 336
245 344
245 347
246 250
246 252
246 281
246 296
246 316
246 328
246 336
246 344
246 347
247 250
247 252
247 281
247 296
247 316
247 328
247 336
247 344
247 347
248 250
248 252
248 281
248 296
248 316
248 328
248 336
248 344
248 347
249 250
249 281
249 296
249 316
249 328
249 329
249 336
249 344
249 347
250 250
250 281
250 296
250 316
250 328
250 329
250 336
250 344
250 347
251 250
251 281
251 296
251 316
251 328
251 329
251 336
251 344
252 250
252 281
252 296
252 316
252 328
252 329
252 336
252 344
253 250
253 281
253 296
253 316
253 328
253 329
253 336
253 344
254 250
254 281
254 296
254 316
254 329
254 336
254 344
255 250
255 281
255 296
255 316
255 329
255 336
255 344
256 250
256 281
256 296
256 316
256 329
256 336
256 344
257 250
257 281
257 296
257 329
257 336
257 344
258 250
258 281
258 296
258 329
258 336
258 344
259 250
259 281
259 296
259 329
259 336
259 344
260 250
260 281
260 296
260 336
260 344
261 250
261 281
261 296
261 336
261 344
262 250
262 281
262 336
262 344
263 250
263 281
263 336
263 344
264 250
264 281
264 336
264 344
265 250
265 281
265 336
265 344
266 250
266 281
266 321
266 344
267 250
267 321
267 341
267 344
268 250
268 321
268 341
268 344
269 250
269 321
269 344
270 250
270 321
270 344
271 250
271 321
271 344
272 250
272 321
272 344
273 250
273 321
273 344
274 250
275 250
276 290
276 304
277 290
277 304
278 304
279 304
280 297
280 320
281 297
281 320
282 297
282 320
283 297
283 320
284 297
284 303
284 310
285 297
285 303
285 310
286 297
286 303
286 310
287 297
287 303
287 310
287 343
288 297
288 303
288 310
288 343
289 297
289 303
289 310
289 343
290 297
290 303
290 310
290 343
291 297
291 303
291 310
291 343
292 297
292 303
292 310
292 343
293 297
293 303
293 310
293 343
294 297
294 303
294 310
294 343
295 297
295 303
295 310
295 343
296 297
296 303
296 310
297 303
297 310
298 303
298 310
299 303
299 310
300 303
300 310
301 303
301 310
302 303
302 310
303 303
303 310
304 303
304 310
305 303
305 310
306 303
306 310
307 303
307 310
308 303
308 310
309 303
309 310
310 310
311 310
312 310
313 310
314 310
315 310
316 310
317 310
