0 3
0 14
0 22
0 25
0 35
0 38
0 69
0 97
0 125
0 130
1 14
1 22
1 25
1 35
1 38
1 69
1 97
1 125
1 130
1 186
2 6
2 9
2 14
2 22
2 23
2 35
2 38
2 69
2 82
2 97
2 125
2 130
2 186
2 217
3 6
3 9
3 14
3 22
3 23
3 35
3 38
3 69
3 82
3 97
3 125
3 130
3 186
3 217
4 14
4 22
4 23
4 35
4 38
4 82
4 97
4 111
4 125
4 130
4 186
4 217
5 11
5 14
5 22
5 23
5 35
5 38
5 82
5 97
5 111
5 125
5 130
5 186
5 217
6 11
6 14
6 22
6 23
6 35
6 38
6 82
6 97
6 111
6 125
6 130
6 186
6 217
6 255
7 23
7 35
7 38
7 82
7 97
7 111
7 125
7 130
7 186
7 217
7 255
7 332
8 10
8 23
8 35
8 38
8 82
8 97
8 111
8 125
8 127
8 130
8 186
8 217
8 255
8 332
9 10
9 23
9 35
9 38
9 82
9 97
9 111
9 125
9 127
9 130
9 186
9 217
9 255
9 332
10 23
10 35
10 82
10 97
10 111
10 125
10 127
10 161
10 186
10 217
10 255
10 332
11 23
11 35
11 41
11 75
11 82
11 111
11 125
11 127
11 161
11 186
11 217
11 255
11 332
12 15
12 17
12 18
12 23
12 27
12 35
12 45
12 48
12 61
12 81
12 82
12 111
12 125
12 127
12 137
12 161
12 179
12 186
12 217
12 255
12 309
12 332
13 18
13 23
13 27
13 28
13 35
13 40
13 45
13 48
13 61
13 81
13 82
13 111
13 125
13 127
13 137
13 157
13 161
13 179
13 186
13 217
13 255
13 309
13 332
14 19
14 24
14 28
14 40
14 48
14 50
14 61
14 68
14 81
14 82
14 85
14 111
14 125
14 127
14 132
14 134
14 137
14 150
14 157
14 161
14 166
14 179
14 186
14 217
14 255
14 309
14 332
15 28
15 40
15 48
15 50
15 51
15 61
15 68
15 81
15 82
15 86
15 111
15 123
15 125
15 127
15 132
15 134
15 137
15 150
15 157
15 161
15 166
15 179
15 186
15 217
15 255
15 309
15 332
16 20
16 28
16 33
16 40
16 42
16 50
16 51
16 61
16 67
16 68
16 81
16 82
16 86
16 111
16 123
16 125
16 127
16 132
16 134
16 137
16 150
16 152
16 157
16 161
16 166
16 179
16 186
16 217
16 255
16 309
16 332
17 21
17 26
17 28
17 30
17 33
17 50
17 51
17 61
17 62
17 68
17 82
17 86
17 111
17 123
17 125
17 127
17 132
17 134
17 137
17 144
17 150
17 152
17 157
17 161
17 166
17 179
17 186
17 188
17 217
17 255
17 309
17 332
18 21
18 26
18 28
18 33
18 34
18 50
18 56
18 62
18 82
18 86
18 111
18 116
18 123
18 125
18 127
18 132
18 134
18 137
18 144
18 150
18 152
18 157
18 161
18 166
18 179
18 186
18 188
18 217
18 236
18 255
18 309
18 332
19 21
19 26
19 34
19 50
19 52
19 56
19 62
19 82
19 86
19 111
19 116
19 123
19 124
19 125
19 127
19 132
19 134
19 137
19 144
19 150
19 152
19 157
19 161
19 179
19 186
19 188
19 216
19 217
19 236
19 255
19 309
19 332
20 21
20 26
20 34
20 37
20 50
20 52
20 56
20 62
20 82
20 86
20 111
20 116
20 123
20 124
20 125
20 127
20 132
20 134
20 137
20 144
20 150
20 152
20 157
20 161
20 179
20 186
20 188
20 216
20 217
20 236
20 255
20 309
20 332
21 21
21 34
21 37
21 50
21 52
21 56
21 62
21 82
21 111
21 116
21 123
21 124
21 125
21 127
21 132
21 134
21 137
21 144
21 150
21 152
21 155
21 157
21 161
21 186
21 188
21 217
21 236
21 255
21 309
21 332
22 34
22 50
22 52
22 62
22 72
22 111
22 116
22 123
22 124
22 125
22 127
22 132
22 134
22 137
22 144
22 150
22 152
22 155
22 157
22 186
22 217
22 236
22 255
22 309
22 332
23 34
23 52
23 62
23 83
23 111
23 116
23 123
23 124
23 125
23 127
23 129
23 132
23 134
23 137
23 144
23 152
23 155
23 157
23 186
23 217
23 236
23 255
23 276
23 309
23 332
24 34
24 44
24 52
24 62
24 83
24 111
24 116
24 123
24 124
24 125
24 127
24 129
24 132
24 134
24 137
24 144
24 152
24 155
24 157
24 186
24 217
24 236
24 255
24 276
24 309
24 332
25 44
25 52
25 62
25 77
25 83
25 111
25 116
25 123
25 125
25 126
25 129
25 132
25 134
25 137
25 144
25 152
25 155
25 157
25 186
25 217
25 236
25 255
25 276
25 282
25 309
25 332
26 44
26 52
26 62
26 77
26 83
26 111
26 116
26 123
26 125
26 126
26 129
26 132
26 137
26 144
26 152
26 155
26 157
26 186
26 217
26 236
26 255
26 276
26 282
26 309
26 332
27 44
27 52
27 62
27 77
27 83
27 111
27 116
27 123
27 125
27 126
27 129
27 132
27 137
27 144
27 152
27 155
27 157
27 186
27 217
27 236
27 255
27 276
27 282
27 309
27 332
28 44
28 52
28 83
28 111
28 116
28 123
28 125
28 126
28 129
28 132
28 137
28 144
28 152
28 155
28 157
28 186
28 217
28 236
28 255
28 276
28 282
28 309
28 332
29 44
29 47
29 52
29 55
29 58
29 83
29 111
29 116
29 123
29 125
29 126
29 129
29 132
29 137
29 144
29 152
29 155
29 157
29 186
29 217
29 236
29 255
29 276
29 282
29 309
29 332
30 44
30 47
30 52
30 55
30 58
30 83
30 111
30 116
30 123
30 125
30 126
30 129
30 132
30 137
30 144
30 152
30 155
30 157
30 186
30 217
30 236
30 255
30 276
30 282
30 309
30 332
31 44
31 47
31 52
31 55
31 58
31 83
31 111
31 116
31 123
31 126
31 129
31 132
31 137
31 144
31 152
31 155
31 157
31 186
31 217
31 236
31 255
31 276
31 282
31 309
31 332
32 47
32 52
32 55
32 58
32 101
32 111
32 116
32 123
32 126
32 129
32 137
32 144
32 152
32 155
32 157
32 176
32 186
32 217
32 236
32 255
32 276
32 309
32 332
32 343
33 47
33 52
33 55
33 58
33 101
33 111
33 116
33 123
33 126
33 129
33 137
33 144
33 152
33 155
33 157
33 176
33 186
33 217
33 236
33 255
33 276
33 309
33 332
33 343
34 47
34 58
34 96
34 101
34 111
34 116
34 123
34 126
34 129
34 137
34 144
34 152
34 157
34 176
34 186
34 236
34 255
34 276
34 309
34 332
34 343
35 47
35 58
35 63
35 96
35 101
35 111
35 116
35 123
35 126
35 129
35 137
35 144
35 152
35 157
35 176
35 186
35 236
35 255
35 276
35 309
35 332
35 343
36 47
36 57
36 58
36 66
36 96
36 101
36 104
36 111
36 114
36 116
36 123
36 129
36 137
36 157
36 176
36 186
36 236
36 255
36 276
36 309
36 332
36 343
37 47
37 57
37 58
37 66
37 96
37 101
37 104
37 111
37 114
37 116
37 123
37 129
37 137
37 157
37 176
37 186
37 236
37 255
37 276
37 309
37 332
37 343
38 47
38 57
38 58
38 66
38 96
38 101
38 104
38 111
38 114
38 116
38 123
38 129
38 137
38 157
38 176
38 186
38 236
38 255
38 276
38 309
38 332
38 343
39 47
39 57
39 58
39 66
39 96
39 101
39 104
39 111
39 114
39 116
39 123
39 129
39 137
39 157
39 176
39 186
39 236
39 255
39 276
39 309
39 332
39 343
40 58
40 96
40 101
40 104
40 111
40 114
40 116
40 123
40 129
40 137
40 157
40 176
40 186
40 225
40 236
40 255
40 276
40 309
40 332
40 343
41 58
41 96
41 101
41 104
41 111
41 114
41 116
41 123
41 129
41 137
41 157
41 176
41 186
41 225
41 236
41 255
41 276
41 309
41 332
41 343
42 46
42 58
42 101
42 111
42 114
42 116
42 123
42 129
42 137
42 157
42 176
42 186
42 213
42 225
42 236
42 255
42 276
42 309
42 332
42 343
43 46
43 58
43 101
43 111
43 114
43 116
43 123
43 129
43 137
43 157
43 176
43 186
43 213
43 225
43 236
43 255
43 276
43 309
43 332
43 343
44 46
44 49
44 58
44 114
44 116
44 120
44 123
44 129
44 137
44 157
44 176
44 186
44 203
44 207
44 213
44 225
44 236
44 255
44 276
44 309
44 332
44 337
44 343
45 46
45 49
45 58
45 114
45 116
45 120
45 123
45 129
45 137
45 157
45 176
45 186
45 203
45 207
45 213
45 225
45 236
45 255
45 276
45 309
45 332
45 337
45 343
46 49
46 114
46 116
46 120
46 123
46 129
46 137
46 157
46 176
46 180
46 186
46 203
46 207
46 213
46 225
46 236
46 255
46 261
46 276
46 309
46 332
46 337
46 343
47 49
47 114
47 116
47 120
47 123
47 129
47 137
47 157
47 176
47 180
47 186
47 203
47 207
47 213
47 225
47 236
47 255
47 261
47 276
47 309
47 332
47 337
47 343
48 49
48 59
48 114
48 116
48 120
48 123
48 129
48 137
48 157
48 176
48 180
48 186
48 203
48 207
48 213
48 225
48 236
48 245
48 255
48 261
48 276
48 309
48 332
48 337
48 343
49 49
49 59
49 114
49 116
49 120
49 123
49 129
49 137
49 157
49 176
49 180
49 186
49 199
49 203
49 207
49 213
49 225
49 236
49 245
49 255
49 261
49 276
49 309
49 332
49 337
49 343
50 53
50 59
50 114
50 116
50 118
50 120
50 123
50 129
50 137
50 157
50 176
50 180
50 186
50 199
50 201
50 213
50 225
50 236
50 240
50 245
50 255
50 261
50 276
50 309
50 332
50 337
50 343
50 344
51 53
51 59
51 114
51 116
51 118
51 120
51 123
51 129
51 133
51 137
51 157
51 176
51 180
51 186
51 199
51 201
51 213
51 225
51 236
51 240
51 245
51 255
51 261
51 265
51 276
51 309
51 332
51 337
51 343
51 344
52 53
52 59
52 114
52 116
52 118
52 120
52 123
52 129
52 133
52 137
52 157
52 176
52 180
52 186
52 199
52 201
52 213
52 225
52 236
52 240
52 245
52 255
52 261
52 265
52 276
52 309
52 332
52 337
52 343
52 344
53 54
53 64
53 65
53 84
53 116
53 122
53 133
53 172
53 180
53 186
53 195
53 201
53 236
53 238
53 245
53 255
53 265
53 276
53 309
53 332
53 337
53 339
53 343
53 344
54 54
54 64
54 84
54 116
54 122
54 133
54 172
54 180
54 186
54 195
54 201
54 236
54 238
54 245
54 255
54 265
54 276
54 309
54 332
54 337
54 339
54 343
54 344
55 54
55 64
55 84
55 116
55 122
55 133
55 172
55 180
55 186
55 195
55 201
55 236
55 238
55 245
55 255
55 265
55 276
55 309
55 332
55 337
55 339
55 343
55 344
56 84
56 98
56 116
56 122
56 133
56 172
56 180
56 186
56 201
56 236
56 238
56 245
56 250
56 256
56 262
56 265
56 276
56 309
56 332
56 339
56 343
56 344
57 84
57 98
57 99
57 106
57 116
57 133
57 172
57 180
57 186
57 194
57 201
57 226
57 236
57 238
57 245
57 250
57 256
57 262
57 276
57 309
57 332
57 339
57 343
57 344
58 84
58 98
58 99
58 106
58 116
58 172
58 180
58 186
58 194
58 201
58 226
58 236
58 238
58 245
58 250
58 251
58 256
58 262
58 276
58 309
58 332
58 339
58 343
58 344
59 84
59 98
59 99
59 106
59 116
59 172
59 180
59 186
59 194
59 201
59 226
59 236
59 238
59 250
59 251
59 256
59 262
59 276
59 309
59 332
59 339
59 343
59 344
60 70
60 84
60 98
60 99
60 106
60 116
60 172
60 180
60 186
60 194
60 201
60 226
60 234
60 236
60 238
60 250
60 251
60 256
60 262
60 276
60 309
60 332
60 339
60 343
60 344
61 70
61 84
61 98
61 99
61 106
61 116
61 121
61 135
61 172
61 180
61 186
61 194
61 201
61 226
61 234
61 236
61 238
61 250
61 251
61 256
61 262
61 276
61 309
61 332
61 339
61 343
61 344
62 70
62 84
62 98
62 99
62 106
62 116
62 121
62 135
62 143
62 172
62 180
62 186
62 194
62 201
62 226
62 229
62 232
62 234
62 236
62 238
62 250
62 251
62 256
62 262
62 276
62 309
62 332
62 339
62 343
62 344
63 70
63 84
63 98
63 99
63 106
63 116
63 121
63 135
63 143
63 172
63 180
63 186
63 194
63 201
63 226
63 229
63 232
63 234
63 236
63 238
63 250
63 251
63 256
63 262
63 276
63 309
63 332
63 339
63 343
63 344
64 76
64 84
64 98
64 99
64 106
64 112
64 116
64 135
64 143
64 172
64 180
64 186
64 194
64 201
64 226
64 229
64 232
64 234
64 236
64 238
64 250
64 251
64 256
64 262
64 276
64 309
64 329
64 332
64 339
64 343
64 344
65 76
65 80
65 84
65 98
65 99
65 106
65 112
65 116
65 135
65 143
65 172
65 180
65 194
65 201
65 226
65 229
65 232
65 234
65 236
65 238
65 250
65 251
65 256
65 262
65 276
65 309
65 329
65 332
65 339
65 343
65 344
66 80
66 84
66 98
66 99
66 106
66 112
66 113
66 116
66 135
66 143
66 172
66 180
66 194
66 201
66 226
66 229
66 232
66 234
66 236
66 238
66 250
66 251
66 256
66 262
66 276
66 309
66 329
66 332
66 339
66 343
66 344
67 71
67 74
67 79
67 84
67 98
67 99
67 100
67 112
67 113
67 128
67 135
67 143
67 172
67 180
67 194
67 201
67 226
67 229
67 232
67 234
67 236
67 238
67 251
67 256
67 262
67 276
67 309
67 329
67 332
67 339
67 343
67 344
68 71
68 74
68 79
68 84
68 98
68 99
68 100
68 112
68 113
68 128
68 135
68 143
68 172
68 180
68 194
68 201
68 226
68 229
68 232
68 234
68 236
68 238
68 251
68 256
68 262
68 276
68 309
68 329
68 332
68 339
68 343
68 344
69 71
69 74
69 79
69 84
69 98
69 99
69 100
69 112
69 113
69 128
69 135
69 143
69 172
69 180
69 194
69 201
69 226
69 229
69 232
69 234
69 236
69 238
69 251
69 256
69 262
69 276
69 309
69 329
69 339
69 343
69 344
70 71
70 74
70 79
70 84
70 98
70 99
70 100
70 112
70 113
70 128
70 135
70 143
70 172
70 180
70 194
70 201
70 226
70 229
70 232
70 234
70 236
70 238
70 251
70 256
70 262
70 276
70 309
70 329
70 339
70 343
70 344
71 71
71 74
71 79
71 84
71 98
71 99
71 100
71 112
71 128
71 135
71 143
71 172
71 180
71 194
71 201
71 226
71 229
71 232
71 234
71 236
71 238
71 256
71 262
71 276
71 309
71 329
71 339
71 343
71 344
72 71
72 74
72 79
72 84
72 98
72 99
72 100
72 112
72 128
72 135
72 143
72 172
72 180
72 194
72 201
72 226
72 229
72 232
72 234
72 236
72 238
72 256
72 262
72 276
72 309
72 329
72 339
72 343
72 344
73 71
73 74
73 79
73 98
73 99
73 100
73 103
73 112
73 128
73 143
73 172
73 177
73 180
73 194
73 201
73 226
73 229
73 232
73 234
73 236
73 238
73 262
73 276
73 309
73 329
73 343
73 344
74 71
74 74
74 79
74 98
74 99
74 100
74 103
74 112
74 128
74 143
74 145
74 177
74 180
74 194
74 201
74 226
74 229
74 232
74 234
74 236
74 238
74 254
74 262
74 276
74 309
74 329
74 343
74 344
75 74
75 79
75 98
75 99
75 100
75 103
75 112
75 117
75 128
75 143
75 145
75 177
75 180
75 194
75 201
75 226
75 229
75 232
75 234
75 236
75 238
75 254
75 262
75 276
75 309
75 329
75 343
75 344
76 74
76 79
76 91
76 98
76 99
76 100
76 103
76 112
76 117
76 128
76 143
76 145
76 177
76 180
76 194
76 201
76 226
76 229
76 232
76 234
76 236
76 238
76 254
76 262
76 276
76 309
76 329
76 343
76 344
77 74
77 79
77 89
77 90
77 91
77 98
77 99
77 100
77 103
77 105
77 112
77 117
77 128
77 141
77 143
77 145
77 180
77 201
77 226
77 229
77 232
77 234
77 236
77 238
77 254
77 262
77 276
77 289
77 309
77 321
77 343
77 344
78 79
78 90
78 91
78 98
78 99
78 100
78 103
78 112
78 117
78 128
78 143
78 145
78 178
78 180
78 201
78 226
78 229
78 232
78 234
78 238
78 254
78 262
78 276
78 289
78 309
78 321
78 343
78 344
79 79
79 90
79 91
79 98
79 99
79 100
79 103
79 112
79 117
79 128
79 131
79 143
79 145
79 178
79 180
79 201
79 226
79 229
79 232
79 234
79 238
79 254
79 262
79 276
79 289
79 309
79 321
79 343
79 344
80 79
80 90
80 91
80 98
80 99
80 100
80 103
80 112
80 117
80 128
80 131
80 143
80 145
80 178
80 180
80 201
80 226
80 229
80 232
80 234
80 238
80 254
80 262
80 276
80 289
80 309
80 321
80 343
80 344
81 79
81 90
81 91
81 98
81 99
81 100
81 103
81 112
81 117
81 128
81 131
81 143
81 145
81 178
81 180
81 201
81 226
81 229
81 232
81 234
81 238
81 254
81 262
81 276
81 289
81 309
81 321
81 343
81 344
82 79
82 88
82 90
82 91
82 103
82 112
82 117
82 131
82 143
82 145
82 158
82 178
82 180
82 193
82 198
82 201
82 212
82 226
82 229
82 232
82 234
82 254
82 262
82 289
82 298
82 309
82 321
82 343
82 344
83 79
83 88
83 90
83 91
83 103
83 112
83 117
83 131
83 143
83 145
83 158
83 178
83 180
83 193
83 198
83 201
83 212
83 226
83 229
83 232
83 234
83 254
83 259
83 262
83 289
83 298
83 309
83 312
83 321
83 343
83 344
84 79
84 88
84 90
84 91
84 92
84 103
84 112
84 117
84 131
84 143
84 145
84 158
84 193
84 198
84 200
84 201
84 212
84 226
84 229
84 234
84 254
84 257
84 259
84 262
84 289
84 298
84 303
84 309
84 312
84 321
84 343
84 344
85 79
85 88
85 90
85 91
85 92
85 103
85 112
85 117
85 131
85 143
85 145
85 158
85 193
85 198
85 200
85 201
85 212
85 226
85 229
85 234
85 254
85 257
85 259
85 262
85 289
85 298
85 303
85 309
85 312
85 321
85 343
85 344
86 79
86 90
86 91
86 92
86 103
86 112
86 117
86 131
86 143
86 145
86 158
86 193
86 198
86 200
86 201
86 212
86 224
86 226
86 229
86 234
86 254
86 257
86 259
86 262
86 269
86 289
86 298
86 303
86 312
86 321
86 343
86 344
87 90
87 91
87 92
87 103
87 108
87 112
87 117
87 131
87 143
87 145
87 158
87 164
87 193
87 198
87 200
87 201
87 212
87 226
87 254
87 257
87 259
87 269
87 274
87 289
87 298
87 303
87 312
87 321
87 343
87 344
88 90
88 91
88 92
88 95
88 103
88 108
88 112
88 117
88 131
88 136
88 143
88 145
88 159
88 164
88 193
88 198
88 200
88 201
88 212
88 226
88 257
88 259
88 269
88 274
88 289
88 298
88 303
88 312
88 321
88 343
88 344
89 91
89 92
89 95
89 103
89 108
89 112
89 117
89 131
89 136
89 143
89 145
89 149
89 159
89 164
89 200
89 201
89 212
89 226
89 257
89 259
89 269
89 274
89 285
89 289
89 298
89 303
89 312
89 321
89 343
89 344
90 91
90 95
90 103
90 108
90 110
90 112
90 117
90 136
90 140
90 143
90 145
90 149
90 159
90 200
90 201
90 212
90 226
90 257
90 259
90 269
90 274
90 284
90 285
90 289
90 303
90 312
90 321
90 343
90 344
91 95
91 103
91 110
91 117
91 136
91 140
91 143
91 145
91 149
91 159
91 200
91 201
91 212
91 226
91 243
91 257
91 259
91 269
91 274
91 284
91 285
91 288
91 289
91 303
91 321
91 343
91 344
92 95
92 103
92 110
92 117
92 136
92 140
92 143
92 145
92 149
92 159
92 200
92 201
92 212
92 226
92 243
92 257
92 259
92 269
92 274
92 285
92 288
92 289
92 303
92 343
92 344
93 95
93 103
93 110
93 117
93 136
93 140
93 143
93 145
93 149
93 159
93 200
93 201
93 212
93 226
93 243
93 257
93 259
93 269
93 274
93 285
93 288
93 289
93 303
93 343
93 344
94 95
94 103
94 117
94 136
94 140
94 145
94 148
94 149
94 159
94 200
94 201
94 212
94 226
94 243
94 259
94 269
94 274
94 285
94 288
94 289
94 303
94 305
94 343
94 344
95 103
95 109
95 117
95 136
95 138
95 140
95 145
95 146
95 148
95 149
95 159
95 200
95 201
95 226
95 242
95 243
95 259
95 269
95 274
95 285
95 288
95 289
95 303
95 305
95 322
95 343
95 344
96 103
96 109
96 115
96 136
96 138
96 145
96 146
96 147
96 148
96 159
96 200
96 201
96 226
96 242
96 243
96 259
96 267
96 269
96 274
96 285
96 289
96 303
96 305
96 322
96 334
96 343
96 344
97 103
97 107
97 109
97 115
97 136
97 138
97 145
97 146
97 147
97 148
97 159
97 173
97 200
97 201
97 226
97 228
97 242
97 259
97 267
97 269
97 274
97 285
97 289
97 303
97 305
97 322
97 334
97 343
97 344
98 103
98 107
98 109
98 115
98 136
98 138
98 145
98 146
98 147
98 148
98 159
98 173
98 192
98 200
98 201
98 226
98 228
98 242
98 252
98 259
98 267
98 274
98 285
98 289
98 303
98 305
98 322
98 334
98 343
98 344
99 103
99 109
99 115
99 136
99 145
99 147
99 148
99 159
99 173
99 192
99 200
99 201
99 205
99 226
99 228
99 242
99 252
99 259
99 267
99 274
99 285
99 289
99 303
99 305
99 322
99 334
99 343
99 344
100 103
100 109
100 115
100 136
100 145
100 147
100 148
100 159
100 173
100 192
100 200
100 201
100 205
100 226
100 228
100 242
100 252
100 259
100 267
100 274
100 285
100 289
100 303
100 305
100 322
100 334
100 343
100 344
101 103
101 109
101 115
101 136
101 145
101 147
101 148
101 159
101 173
101 192
101 200
101 201
101 205
101 226
101 228
101 242
101 252
101 259
101 267
101 274
101 285
101 289
101 303
101 305
101 322
101 334
101 343
101 344
102 103
102 109
102 115
102 142
102 145
102 147
102 148
102 159
102 192
102 200
102 201
102 205
102 226
102 228
102 242
102 252
102 267
102 274
102 285
102 289
102 303
102 322
102 334
102 343
102 344
103 103
103 109
103 115
103 142
103 145
103 147
103 148
103 159
103 192
103 200
103 201
103 205
103 226
103 228
103 242
103 252
103 267
103 274
103 285
103 289
103 303
103 322
103 334
103 343
103 344
104 103
104 109
104 115
104 142
104 147
104 148
104 159
104 192
104 200
104 201
104 205
104 226
104 228
104 242
104 252
104 267
104 274
104 285
104 289
104 303
104 322
104 334
104 343
104 344
105 103
105 109
105 115
105 142
105 147
105 148
105 153
105 184
105 192
105 200
105 201
105 205
105 226
105 228
105 242
105 252
105 260
105 267
105 274
105 285
105 289
105 303
105 311
105 324
105 334
105 344
105 345
105 346
106 103
106 109
106 115
106 142
106 147
106 148
106 153
106 184
106 192
106 200
106 201
106 205
106 226
106 228
106 242
106 252
106 260
106 267
106 274
106 285
106 289
106 303
106 311
106 324
106 334
106 344
106 345
106 346
107 109
107 115
107 142
107 147
107 148
107 153
107 192
107 200
107 201
107 205
107 219
107 226
107 228
107 242
107 252
107 260
107 267
107 274
107 277
107 285
107 289
107 303
107 311
107 324
107 334
107 344
107 345
108 109
108 115
108 142
108 147
108 148
108 153
108 192
108 200
108 201
108 205
108 219
108 226
108 228
108 242
108 252
108 260
108 267
108 274
108 277
108 285
108 289
108 303
108 311
108 324
108 334
108 344
108 345
109 109
109 115
109 142
109 147
109 148
109 153
109 192
109 200
109 201
109 205
109 219
109 226
109 228
109 242
109 252
109 260
109 267
109 274
109 277
109 285
109 289
109 303
109 311
109 324
109 334
109 344
109 345
110 109
110 115
110 142
110 147
110 148
110 153
110 192
110 200
110 201
110 205
110 219
110 226
110 228
110 242
110 252
110 260
110 267
110 274
110 277
110 285
110 289
110 303
110 311
110 324
110 334
110 344
110 345
111 109
111 115
111 142
111 147
111 148
111 153
111 192
111 200
111 201
111 205
111 219
111 226
111 228
111 242
111 252
111 260
111 267
111 274
111 277
111 285
111 289
111 303
111 311
111 324
111 334
111 344
111 345
112 109
112 115
112 142
112 147
112 148
112 153
112 192
112 200
112 201
112 205
112 219
112 226
112 228
112 242
112 252
112 260
112 267
112 274
112 277
112 285
112 289
112 303
112 311
112 324
112 334
112 344
112 345
113 109
113 115
113 142
113 147
113 148
113 153
113 192
113 200
113 201
113 205
113 219
113 226
113 228
113 242
113 252
113 260
113 267
113 274
113 277
113 285
113 289
113 303
113 311
113 324
113 334
113 344
113 345
114 109
114 115
114 142
114 147
114 148
114 153
114 156
114 192
114 200
114 201
114 205
114 219
114 226
114 228
114 242
114 252
114 260
114 267
114 274
114 277
114 285
114 289
114 303
114 304
114 311
114 324
114 334
114 344
114 345
115 109
115 142
115 147
115 148
115 153
115 156
115 200
115 205
115 219
115 226
115 228
115 242
115 252
115 260
115 267
115 274
115 277
115 285
115 289
115 303
115 311
115 324
115 334
115 344
115 345
116 109
116 142
116 147
116 148
116 153
116 156
116 170
116 200
116 205
116 219
116 228
116 242
116 260
116 267
116 274
116 277
116 279
116 285
116 289
116 303
116 311
116 324
116 334
116 344
116 345
117 142
117 147
117 148
117 153
117 156
117 163
117 170
117 200
117 205
117 219
117 227
117 228
117 242
117 260
117 267
117 274
117 277
117 279
117 285
117 289
117 303
117 311
117 324
117 334
117 344
117 345
117 349
118 142
118 147
118 148
118 153
118 156
118 163
118 170
118 200
118 205
118 219
118 227
118 228
118 242
118 260
118 267
118 274
118 277
118 279
118 285
118 289
118 303
118 311
118 324
118 334
118 344
118 345
118 349
119 142
119 147
119 148
119 153
119 156
119 163
119 170
119 200
119 205
119 220
119 227
119 228
119 242
119 260
119 267
119 274
119 277
119 279
119 285
119 289
119 303
119 311
119 324
119 334
119 344
119 349
120 142
120 148
120 153
120 156
120 163
120 170
120 200
120 220
120 227
120 228
120 242
120 260
120 267
120 274
120 277
120 279
120 285
120 289
120 303
120 311
120 324
120 334
120 344
120 349
121 142
121 148
121 153
121 156
121 163
121 167
121 170
121 171
121 200
121 220
121 227
121 228
121 260
121 267
121 274
121 277
121 279
121 285
121 289
121 295
121 303
121 308
121 311
121 324
121 334
121 344
121 349
122 139
122 142
122 148
122 153
122 156
122 163
122 167
122 170
122 171
122 174
122 200
122 208
122 220
122 227
122 228
122 260
122 267
122 274
122 277
122 279
122 285
122 289
122 295
122 303
122 308
122 311
122 324
122 334
122 344
122 349
123 139
123 142
123 148
123 153
123 156
123 163
123 167
123 168
123 170
123 171
123 174
123 200
123 208
123 220
123 227
123 228
123 260
123 267
123 270
123 274
123 277
123 279
123 285
123 289
123 295
123 302
123 303
123 308
123 311
123 324
123 334
123 344
123 349
124 139
124 142
124 148
124 153
124 156
124 163
124 167
124 168
124 170
124 171
124 174
124 200
124 208
124 220
124 223
124 227
124 228
124 260
124 267
124 270
124 274
124 277
124 279
124 285
124 289
124 295
124 302
124 303
124 308
124 311
124 324
124 334
124 344
124 349
125 139
125 142
125 148
125 153
125 156
125 163
125 167
125 168
125 170
125 171
125 174
125 200
125 208
125 220
125 223
125 227
125 228
125 260
125 267
125 270
125 274
125 277
125 279
125 285
125 289
125 295
125 302
125 303
125 308
125 311
125 324
125 334
125 344
125 349
126 139
126 142
126 148
126 153
126 156
126 163
126 167
126 168
126 170
126 171
126 174
126 200
126 208
126 220
126 223
126 227
126 228
126 260
126 267
126 270
126 274
126 277
126 279
126 285
126 289
126 295
126 302
126 303
126 308
126 324
126 334
126 344
126 349
127 139
127 142
127 148
127 153
127 156
127 163
127 167
127 168
127 170
127 171
127 174
127 200
127 208
127 220
127 223
127 227
127 228
127 260
127 267
127 270
127 272
127 274
127 277
127 279
127 285
127 289
127 295
127 302
127 308
127 324
127 334
127 344
127 349
128 139
128 142
128 148
128 153
128 156
128 163
128 167
128 168
128 170
128 171
128 174
128 187
128 200
128 208
128 220
128 223
128 227
128 228
128 246
128 260
128 267
128 270
128 272
128 274
128 277
128 279
128 285
128 289
128 295
128 302
128 308
128 324
128 334
129 139
129 142
129 148
129 153
129 163
129 167
129 168
129 170
129 171
129 174
129 200
129 208
129 220
129 223
129 227
129 228
129 246
129 260
129 267
129 270
129 272
129 274
129 277
129 279
129 285
129 289
129 295
129 302
129 308
129 324
129 334
130 139
130 142
130 153
130 163
130 167
130 170
130 171
130 174
130 200
130 208
130 220
130 223
130 227
130 228
130 244
130 246
130 260
130 267
130 270
130 272
130 274
130 277
130 279
130 285
130 289
130 295
130 302
130 308
130 316
130 318
130 324
130 334
131 139
131 142
131 153
131 163
131 167
131 170
131 171
131 174
131 200
131 208
131 220
131 223
131 228
131 244
131 246
131 260
131 267
131 270
131 272
131 274
131 277
131 279
131 285
131 289
131 295
131 302
131 308
131 316
131 318
131 324
131 334
132 139
132 142
132 153
132 163
132 167
132 170
132 171
132 174
132 200
132 208
132 220
132 223
132 228
132 244
132 246
132 260
132 267
132 270
132 272
132 274
132 277
132 279
132 289
132 295
132 302
132 308
132 316
132 318
132 324
132 334
133 139
133 142
133 153
133 160
133 163
133 167
133 170
133 171
133 174
133 200
133 208
133 220
133 223
133 228
133 244
133 246
133 260
133 267
133 270
133 272
133 274
133 277
133 279
133 289
133 295
133 302
133 308
133 316
133 318
133 324
133 334
134 139
134 142
134 153
134 160
134 163
134 170
134 171
134 174
134 200
134 220
134 223
134 228
134 246
134 260
134 270
134 272
134 274
134 277
134 279
134 289
134 295
134 302
134 308
134 315
134 316
134 318
134 324
134 334
135 139
135 142
135 153
135 160
135 163
135 170
135 171
135 174
135 200
135 210
135 220
135 223
135 228
135 246
135 260
135 270
135 272
135 274
135 277
135 279
135 289
135 295
135 302
135 308
135 315
135 316
135 318
135 324
135 334
136 139
136 142
136 153
136 160
136 163
136 170
136 174
136 200
136 218
136 220
136 223
136 228
136 246
136 260
136 270
136 272
136 274
136 277
136 279
136 289
136 295
136 302
136 308
136 315
136 316
136 318
136 324
136 334
137 139
137 142
137 153
137 160
137 162
137 163
137 170
137 174
137 200
137 218
137 220
137 223
137 228
137 246
137 260
137 270
137 272
137 274
137 277
137 279
137 289
137 295
137 302
137 308
137 315
137 316
137 318
137 324
137 334
138 139
138 142
138 153
138 160
138 162
138 165
138 174
138 200
138 218
138 220
138 223
138 228
138 246
138 260
138 270
138 272
138 274
138 277
138 279
138 289
138 302
138 308
138 315
138 316
138 318
138 324
138 334
139 139
139 142
139 153
139 162
139 165
139 169
139 174
139 181
139 218
139 222
139 223
139 228
139 260
139 270
139 272
139 274
139 277
139 279
139 289
139 299
139 302
139 315
139 316
139 318
139 324
140 139
140 142
140 153
140 162
140 165
140 169
140 174
140 181
140 218
140 222
140 223
140 228
140 260
140 270
140 272
140 274
140 277
140 279
140 289
140 299
140 302
140 315
140 316
140 318
140 324
141 139
141 142
141 153
141 162
141 165
141 169
141 181
141 191
141 222
141 223
141 228
141 233
141 253
141 272
141 274
141 277
141 279
141 289
141 299
141 302
141 315
141 318
141 324
141 328
142 139
142 142
142 153
142 162
142 165
142 169
142 181
142 222
142 223
142 228
142 233
142 253
142 272
142 274
142 277
142 279
142 289
142 299
142 302
142 315
142 318
142 324
142 328
143 139
143 142
143 153
143 162
143 165
143 169
143 181
143 222
143 223
143 228
143 233
143 253
143 272
143 274
143 277
143 279
143 289
143 299
143 302
143 310
143 318
143 324
143 328
144 142
144 153
144 162
144 165
144 169
144 181
144 222
144 223
144 228
144 233
144 249
144 253
144 272
144 274
144 277
144 279
144 289
144 299
144 302
144 306
144 310
144 318
144 324
144 328
144 331
145 142
145 153
145 162
145 165
145 169
145 181
145 185
145 222
145 223
145 228
145 233
145 249
145 272
145 274
145 277
145 279
145 289
145 299
145 302
145 318
145 320
145 324
145 328
145 331
146 142
146 153
146 162
146 165
146 169
146 181
146 183
146 185
146 222
146 223
146 228
146 233
146 247
146 249
146 272
146 274
146 277
146 279
146 299
146 302
146 318
146 320
146 328
146 331
147 142
147 153
147 162
147 165
147 169
147 181
147 183
147 185
147 222
147 223
147 228
147 233
147 247
147 249
147 272
147 274
147 277
147 279
147 299
147 302
147 318
147 320
147 328
147 331
148 142
148 153
148 162
148 165
148 169
148 181
148 183
148 185
148 222
148 223
148 228
148 233
148 247
148 249
148 272
148 274
148 277
148 279
148 299
148 302
148 318
148 320
148 328
148 331
149 153
149 162
149 165
149 169
149 181
149 183
149 185
149 222
149 223
149 228
149 233
149 247
149 249
149 272
149 274
149 277
149 279
149 299
149 302
149 318
149 320
149 328
149 331
150 153
150 162
150 165
150 169
150 181
150 183
150 185
150 223
150 228
150 233
150 247
150 249
150 272
150 274
150 277
150 299
150 302
150 318
150 320
150 328
150 331
151 153
151 162
151 165
151 169
151 181
151 183
151 185
151 223
151 228
151 233
151 247
151 249
151 272
151 274
151 277
151 299
151 302
151 318
151 320
151 328
151 331
152 153
152 162
152 165
152 169
152 181
152 183
152 185
152 223
152 228
152 233
152 247
152 249
152 272
152 274
152 277
152 299
152 302
152 318
152 320
152 328
152 331
153 153
153 162
153 165
153 169
153 183
153 185
153 223
153 228
153 233
153 247
153 249
153 272
153 274
153 277
153 299
153 302
153 318
153 320
153 328
153 331
154 153
154 162
154 165
154 169
154 183
154 185
154 202
154 223
154 228
154 233
154 247
154 249
154 272
154 274
154 277
154 299
154 302
154 318
154 320
154 328
154 331
155 153
155 162
155 165
155 169
155 183
155 202
155 223
155 228
155 233
155 235
155 247
155 272
155 274
155 277
155 299
155 302
155 318
155 320
155 328
155 331
156 153
156 162
156 165
156 169
156 183
156 202
156 223
156 228
156 231
156 233
156 235
156 247
156 272
156 274
156 277
156 299
156 302
156 318
156 320
156 328
156 331
157 153
157 162
157 165
157 169
157 183
157 202
157 223
157 228
157 231
157 233
157 235
157 247
157 272
157 274
157 277
157 299
157 302
157 318
157 320
157 328
157 331
157 333
158 153
158 162
158 165
158 169
158 183
158 202
158 223
158 228
158 231
158 233
158 235
158 247
158 272
158 274
158 277
158 299
158 302
158 318
158 320
158 328
158 331
158 333
159 153
159 162
159 165
159 169
159 183
159 202
159 223
159 228
159 231
159 233
159 235
159 247
159 272
159 274
159 277
159 299
159 302
159 318
159 320
159 328
159 331
159 333
160 153
160 162
160 165
160 169
160 183
160 202
160 223
160 228
160 231
160 233
160 235
160 241
160 247
160 272
160 274
160 299
160 302
160 318
160 320
160 328
160 331
161 153
161 162
161 165
161 169
161 183
161 202
161 223
161 228
161 231
161 233
161 235
161 241
161 247
161 272
161 274
161 299
161 302
161 318
161 320
161 328
161 331
162 153
162 165
162 169
162 183
162 202
162 223
162 228
162 231
162 233
162 235
162 241
162 247
162 272
162 274
162 299
162 302
162 318
162 320
162 328
162 331
163 153
163 165
163 169
163 183
163 202
163 211
163 223
163 228
163 231
163 233
163 235
163 241
163 247
163 272
163 274
163 299
163 302
163 318
163 320
163 328
163 331
164 153
164 165
164 169
164 183
164 202
164 211
164 223
164 228
164 231
164 233
164 235
164 241
164 247
164 272
164 274
164 299
164 302
164 318
164 320
164 328
164 331
165 165
165 169
165 183
165 202
165 211
165 223
165 228
165 231
165 233
165 235
165 241
165 247
165 274
165 299
165 302
165 318
165 328
165 331
166 165
166 169
166 183
166 202
166 211
166 223
166 228
166 231
166 233
166 235
166 241
166 247
166 274
166 299
166 302
166 318
166 328
166 331
167 165
167 169
167 183
167 202
167 211
167 223
167 228
167 231
167 233
167 235
167 241
167 247
167 274
167 299
167 302
167 318
167 328
167 331
168 165
168 169
168 182
168 183
168 202
168 211
168 223
168 228
168 231
168 233
168 235
168 241
168 247
168 274
168 299
168 302
168 318
168 328
168 331
169 175
169 182
169 183
169 196
169 209
169 211
169 221
169 223
169 228
169 231
169 233
169 241
169 247
169 274
169 299
169 302
169 318
169 328
169 331
169 335
170 175
170 182
170 183
170 196
170 209
170 211
170 221
170 223
170 228
170 231
170 233
170 241
170 247
170 274
170 299
170 302
170 318
170 328
170 331
170 335
171 175
171 182
171 183
171 196
171 209
171 211
171 221
171 223
171 228
171 231
171 233
171 241
171 247
171 274
171 299
171 302
171 328
171 331
171 335
172 175
172 182
172 183
172 196
172 209
172 211
172 221
172 223
172 228
172 231
172 233
172 241
172 247
172 274
172 299
172 302
172 328
172 331
172 335
173 175
173 182
173 183
173 196
173 209
173 211
173 215
173 221
173 223
173 228
173 230
173 231
173 233
173 239
173 241
173 247
173 274
173 299
173 302
173 328
173 331
173 335
174 175
174 182
174 183
174 196
174 209
174 211
174 215
174 221
174 223
174 228
174 230
174 231
174 233
174 239
174 241
174 247
174 274
174 299
174 302
174 328
174 331
174 335
175 175
175 182
175 183
175 196
175 209
175 211
175 215
175 221
175 223
175 228
175 230
175 231
175 233
175 239
175 241
175 247
175 274
175 299
175 328
175 331
175 335
176 175
176 182
176 196
176 204
176 209
176 211
176 223
176 228
176 230
176 231
176 239
176 247
176 299
176 328
176 331
177 182
177 190
177 196
177 197
177 204
177 211
177 223
177 228
177 230
177 231
177 239
177 247
177 299
177 319
177 328
177 331
177 341
177 347
178 182
178 190
178 196
178 197
178 204
178 211
178 223
178 228
178 230
178 239
178 247
178 299
178 319
178 328
178 331
178 341
178 347
179 190
179 196
179 197
179 204
179 211
179 223
179 228
179 230
179 239
179 247
179 278
179 292
179 294
179 296
179 299
179 319
179 328
179 331
179 341
179 347
180 190
180 196
180 197
180 204
180 211
180 223
180 228
180 230
180 239
180 247
180 278
180 292
180 294
180 296
180 299
180 319
180 328
180 331
180 341
180 347
181 190
181 196
181 197
181 204
181 211
181 223
181 228
181 230
181 239
181 247
181 278
181 292
181 294
181 296
181 299
181 319
181 328
181 331
181 341
181 347
182 190
182 196
182 197
182 204
182 211
182 223
182 228
182 230
182 239
182 247
182 278
182 290
182 292
182 294
182 296
182 299
182 319
182 328
182 331
182 347
183 190
183 196
183 197
183 204
183 211
183 223
183 228
183 230
183 239
183 247
183 278
183 290
183 292
183 294
183 296
183 299
183 319
183 328
183 331
183 347
184 190
184 196
184 197
184 204
184 211
184 223
184 228
184 230
184 239
184 247
184 278
184 290
184 292
184 294
184 296
184 299
184 319
184 328
184 331
184 347
185 190
185 196
185 197
185 204
185 211
185 223
185 228
185 230
185 239
185 247
185 278
185 290
185 292
185 294
185 296
185 299
185 319
185 328
185 331
185 347
186 190
186 196
186 197
186 204
186 211
186 223
186 228
186 230
186 239
186 247
186 278
186 290
186 292
186 294
186 296
186 299
186 319
186 325
186 328
186 331
186 347
187 190
187 204
187 211
187 223
187 228
187 247
187 271
187 278
187 290
187 292
187 293
187 294
187 296
187 299
187 319
187 325
187 328
187 331
187 347
188 190
188 204
188 211
188 223
188 228
188 247
188 271
188 278
188 290
188 293
188 294
188 296
188 299
188 313
188 325
188 328
188 331
188 347
189 190
189 204
189 211
189 223
189 228
189 247
189 271
189 278
189 290
189 293
189 294
189 296
189 299
189 313
189 325
189 328
189 331
189 347
190 190
190 204
190 211
190 223
190 247
190 271
190 278
190 290
190 293
190 294
190 296
190 299
190 313
190 325
190 328
190 331
190 347
191 190
191 204
191 211
191 223
191 247
191 271
191 278
191 290
191 296
191 299
191 313
191 325
191 328
191 331
191 347
192 190
192 204
192 211
192 223
192 247
192 271
192 278
192 290
192 296
192 299
192 313
192 325
192 328
192 331
192 347
193 190
193 204
193 211
193 223
193 271
193 278
193 290
193 296
193 299
193 313
193 325
193 328
193 331
193 347
194 190
194 204
194 211
194 223
194 271
194 278
194 290
194 296
194 299
194 313
194 325
194 328
194 331
194 347
195 204
195 211
195 223
195 271
195 290
195 296
195 299
195 313
195 325
195 328
195 331
195 347
196 211
196 223
196 258
196 271
196 290
196 296
196 299
196 313
196 325
196 328
196 331
196 347
197 211
197 258
197 271
197 273
197 290
197 296
197 299
197 313
197 325
197 328
197 331
197 347
198 211
198 258
198 271
198 273
198 290
198 296
198 299
198 307
198 313
198 325
198 328
198 331
198 348
199 211
199 258
199 271
199 273
199 290
199 296
199 299
199 307
199 313
199 325
199 328
199 331
199 348
200 211
200 258
200 271
200 273
200 290
200 296
200 299
200 307
200 313
200 325
200 328
200 331
200 348
201 211
201 258
201 271
201 273
201 290
201 296
201 299
201 307
201 313
201 325
201 328
201 331
201 348
202 258
202 271
202 273
202 290
202 296
202 297
202 299
202 307
202 313
202 325
202 328
202 331
202 348
203 258
203 271
203 273
203 290
203 296
203 297
203 299
203 307
203 313
203 325
203 328
203 331
203 348
204 258
204 271
204 273
204 290
204 296
204 297
204 299
204 307
204 313
204 325
204 328
204 331
204 348
205 258
205 271
205 273
205 290
205 296
205 297
205 299
205 307
205 313
205 325
205 328
205 331
205 348
206 258
206 271
206 273
206 290
206 297
206 299
206 307
206 313
206 331
206 348
207 258
207 271
207 273
207 290
207 297
207 299
207 307
207 313
207 331
207 348
208 258
208 271
208 273
208 290
208 297
208 299
208 307
208 313
208 331
208 348
209 258
209 271
209 273
209 290
209 297
209 299
209 307
209 313
209 331
209 348
210 258
210 271
210 273
210 290
210 297
210 299
210 307
210 313
210 331
210 348
211 258
211 271
211 273
211 290
211 297
211 299
211 307
211 313
211 331
211 348
212 271
212 273
212 290
212 297
212 299
212 307
212 313
212 331
212 348
213 271
213 273
213 290
213 297
213 299
213 307
213 313
213 331
213 348
214 271
214 273
214 290
214 297
214 299
214 307
214 313
214 331
214 348
215 271
215 273
215 290
215 297
215 299
215 307
215 313
215 331
215 348
216 263
216 271
216 273
216 290
216 297
216 299
216 307
216 313
216 331
216 348
217 263
217 271
217 273
217 290
217 297
217 299
217 307
217 313
217 331
217 348
218 263
218 271
218 273
218 275
218 290
218 297
218 299
218 307
218 313
218 331
218 348
219 263
219 271
219 273
219 275
219 290
219 297
219 299
219 307
219 313
219 331
219 348
220 263
220 271
220 273
220 275
220 290
220 297
220 307
220 313
220 317
220 331
220 348
221 263
221 271
221 273
221 275
221 290
221 307
221 313
221 317
221 331
221 348
222 263
222 271
222 273
222 275
222 290
222 307
222 313
222 317
222 331
222 348
223 263
223 271
223 273
223 275
223 290
223 307
223 313
223 317
223 331
223 348
224 263
224 271
224 273
224 275
224 290
224 307
224 313
224 317
224 331
224 348
225 263
225 271
225 273
225 275
225 290
225 307
225 313
225 317
225 331
225 348
226 263
226 271
226 273
226 275
226 290
226 313
226 317
226 331
226 348
227 263
227 271
227 273
227 275
227 290
227 313
227 317
227 331
227 348
228 263
228 271
228 273
228 275
228 290
228 313
228 317
228 331
228 348
229 263
229 273
229 275
229 290
229 313
229 317
229 331
229 348
230 237
230 263
230 268
230 275
230 290
230 313
230 317
230 331
230 348
231 237
231 263
231 268
231 275
231 290
231 313
231 317
231 331
231 348
232 237
232 263
232 268
232 275
232 283
232 290
232 313
232 317
232 331
232 348
233 237
233 268
233 275
233 283
233 290
233 313
233 317
233 331
233 348
234 237
234 268
234 275
234 283
234 290
234 313
234 317
234 331
234 348
235 237
235 268
235 275
235 283
235 290
235 313
235 317
235 331
235 348
236 237
236 248
236 268
236 275
236 283
236 290
236 313
236 317
236 331
236 348
237 237
237 248
237 275
237 283
237 290
237 313
237 317
237 331
237 348
238 237
238 248
238 275
238 283
238 290
238 313
238 317
238 331
238 348
239 248
239 275
239 283
239 290
239 291
239 313
239 317
239 331
239 342
239 348
240 248
240 275
240 283
240 290
240 291
240 313
240 317
240 331
240 342
240 348
241 248
241 275
241 283
241 290
241 291
241 313
241 317
241 331
241 342
241 348
242 248
242 275
242 283
242 290
242 291
242 313
242 317
242 331
242 342
242 348
243 248
243 275
243 283
243 290
243 291
243 317
243 331
243 348
244 248
244 275
244 283
244 290
244 291
244 317
244 331
244 348
245 248
245 275
245 283
245 290
245 291
245 317
245 331
245 348
246 248
246 275
246 283
246 290
246 291
246 317
246 331
246 348
247 248
247 275
247 283
247 290
247 291
247 317
247 331
247 348
248 248
248 275
248 283
248 290
248 291
248 317
248 331
248 348
249 248
249 275
249 283
249 290
249 291
249 317
249 348
250 248
250 275
250 283
250 290
250 291
250 317
250 348
251 248
251 275
251 283
251 290
251 291
251 317
251 348
252 248
252 275
252 283
252 290
252 291
252 317
252 348
253 248
253 275
253 283
253 286
253 290
253 291
253 317
253 323
253 348
254 248
254 275
254 283
254 286
254 290
254 291
254 317
254 323
254 348
255 248
255 275
255 283
255 286
255 290
255 291
255 317
255 323
255 348
256 275
256 283
256 286
256 290
256 291
256 317
256 323
256 348
257 266
257 275
257 283
257 286
257 290
257 291
257 317
257 323
257 348
258 266
258 275
258 283
258 286
258 290
258 291
258 317
258 323
258 348
259 266
259 275
259 283
259 287
259 290
259 291
259 317
259 323
259 338
259 348
260 266
260 275
260 283
260 287
260 290
260 291
260 317
260 323
260 338
260 348
261 266
261 275
261 283
261 287
261 290
261 291
261 317
261 323
261 338
261 348
262 266
262 275
262 283
262 287
262 290
262 291
262 317
262 323
262 338
262 348
263 266
263 275
263 287
263 290
263 291
263 317
263 323
263 338
263 348
264 266
264 275
264 281
264 290
264 291
264 317
264 323
264 338
264 348
265 266
265 275
265 281
265 290
265 291
265 317
265 323
265 338
266 266
266 275
266 281
266 290
266 291
266 317
266 323
266 338
267 266
267 275
267 281
267 290
267 291
267 317
267 323
267 338
268 266
268 275
268 281
268 290
268 291
268 317
268 323
268 338
269 266
269 275
269 281
269 290
269 291
269 317
269 323
269 338
270 266
270 275
270 281
270 290
270 291
270 317
270 323
270 338
271 266
271 275
271 281
271 290
271 291
271 317
271 323
271 338
272 266
272 275
272 281
272 290
272 291
272 317
272 323
272 336
272 338
273 266
273 275
273 281
273 290
273 291
273 317
273 323
273 336
273 338
274 266
274 275
274 281
274 290
274 291
274 317
274 323
274 336
274 338
275 266
275 275
275 281
275 290
275 291
275 314
275 317
275 323
275 336
275 338
276 275
276 280
276 281
276 290
276 291
276 314
276 317
276 323
276 336
277 275
277 280
277 290
277 291
277 314
277 317
277 323
277 336
277 340
278 275
278 280
278 290
278 291
278 314
278 317
278 323
278 336
278 340
279 275
279 290
279 291
279 314
279 317
279 323
279 336
279 340
280 275
280 290
280 291
280 314
280 317
280 323
280 336
280 340
281 275
281 290
281 291
281 314
281 317
281 323
281 336
281 340
282 275
282 290
282 291
282 314
282 317
282 326
282 336
282 340
283 275
283 290
283 291
283 314
283 317
283 326
283 336
283 340
284 275
284 290
284 291
284 314
284 317
284 326
284 336
284 340
285 275
285 290
285 291
285 314
285 317
285 326
285 336
285 340
286 275
286 290
286 291
286 300
286 314
286 326
286 336
286 340
287 275
287 290
287 291
287 300
287 314
287 326
287 336
287 340
288 275
288 290
288 291
288 300
288 314
288 326
288 336
288 340
289 275
289 290
289 291
289 300
289 314
289 326
289 336
289 340
290 275
290 290
290 291
290 300
290 314
290 326
290 336
290 340
291 275
291 290
291 291
291 300
291 314
291 326
291 336
291 340
292 275
292 290
292 291
292 300
292 314
292 326
292 336
293 275
293 290
293 291
293 300
293 314
293 326
293 336
294 275
294 290
294 291
294 300
294 314
294 326
294 336
295 275
295 290
295 291
295 300
295 314
295 336
296 275
296 290
296 291
296 300
296 314
296 336
297 275
297 290
297 291
297 300
297 336
298 275
298 290
298 291
298 300
298 336
299 275
299 290
299 291
299 300
299 336
300 275
300 291
300 300
300 336
301 275
301 291
301 300
301 336
302 275
302 291
302 300
302 336
303 291
303 300
303 336
304 291
304 336
305 291
305 336
306 291
306 336
307 291
307 336
308 291
308 327
308 336
309 291
309 327
309 336
310 291
310 327
310 336
311 291
311 327
311 336
312 291
312 327
312 336
313 336
314 336
315 336
316 336
317 336
318 336
319 336
320 336
321 336
322 336
323 336
324 336
325 330
325 336
326 336
327 336
328 336
329 336
330 336
331 336
332 336
333 336
334 336
335 336
336 336
337 336
338 336
339 336
340 336
341 336
342 336
343 336
344 336
345 336
346 336
347 336
348 336
349 336
