0 77
1 77
2 17
2 21
2 39
2 48
2 77
2 98
2 99
2 302
3 5
3 11
3 14
3 17
3 39
3 43
3 48
3 77
3 90
3 98
3 110
3 302
3 345
4 9
4 14
4 17
4 43
4 48
4 77
4 90
4 98
4 110
4 302
4 345
5 14
5 17
5 27
5 43
5 48
5 60
5 77
5 98
5 110
5 189
5 302
5 345
6 22
6 59
6 60
6 98
6 110
6 113
6 121
6 141
6 189
6 234
6 302
6 345
7 22
7 59
7 60
7 98
7 110
7 113
7 118
7 121
7 141
7 189
7 234
7 302
7 345
8 22
8 59
8 60
8 98
8 110
8 113
8 118
8 121
8 141
8 189
8 234
8 302
8 345
9 22
9 59
9 60
9 80
9 98
9 110
9 113
9 118
9 121
9 140
9 141
9 189
9 234
9 302
9 345
10 12
10 13
10 38
10 40
10 54
10 55
10 59
10 60
10 70
10 74
10 80
10 98
10 110
10 113
10 118
10 121
10 141
10 143
10 173
10 175
10 189
10 234
10 254
10 302
10 345
11 13
11 19
11 33
11 38
11 40
11 54
11 55
11 60
11 70
11 74
11 80
11 98
11 110
11 113
11 118
11 120
11 121
11 141
11 143
11 173
11 175
11 189
11 234
11 254
11 258
11 302
11 345
12 13
12 23
12 33
12 38
12 40
12 55
12 60
12 70
12 74
12 80
12 98
12 110
12 113
12 118
12 120
12 121
12 141
12 143
12 173
12 175
12 189
12 234
12 254
12 256
12 258
12 345
13 20
13 25
13 34
13 38
13 40
13 67
13 70
13 73
13 74
13 80
13 98
13 110
13 113
13 118
13 119
13 120
13 121
13 141
13 143
13 155
13 173
13 175
13 189
13 207
13 234
13 254
13 256
13 258
13 317
13 345
14 25
14 34
14 38
14 40
14 67
14 70
14 73
14 74
14 80
14 98
14 110
14 113
14 118
14 119
14 120
14 121
14 141
14 143
14 155
14 173
14 175
14 189
14 207
14 234
14 254
14 256
14 258
14 317
14 345
15 25
15 26
15 28
15 34
15 35
15 38
15 40
15 64
15 70
15 73
15 74
15 80
15 98
15 110
15 113
15 118
15 119
15 120
15 121
15 141
15 143
15 155
15 189
15 207
15 234
15 254
15 256
15 258
15 317
15 345
16 25
16 26
16 28
16 34
16 35
16 38
16 40
16 64
16 70
16 73
16 74
16 80
16 98
16 110
16 113
16 118
16 119
16 121
16 141
16 143
16 155
16 189
16 207
16 234
16 254
16 256
16 258
16 286
16 317
16 345
17 24
17 26
17 34
17 35
17 40
17 41
17 70
17 80
17 86
17 98
17 107
17 110
17 113
17 118
17 119
17 121
17 125
17 141
17 143
17 153
17 155
17 207
17 234
17 254
17 258
17 286
17 294
17 317
17 345
18 24
18 26
18 34
18 35
18 40
18 41
18 70
18 80
18 86
18 98
18 107
18 110
18 113
18 118
18 119
18 121
18 125
18 141
18 143
18 153
18 155
18 207
18 234
18 254
18 258
18 286
18 294
18 317
18 345
19 24
19 26
19 34
19 35
19 40
19 41
19 70
19 80
19 86
19 95
19 98
19 107
19 110
19 113
19 118
19 119
19 121
19 125
19 141
19 153
19 155
19 207
19 234
19 254
19 258
19 286
19 294
19 317
19 345
20 24
20 37
20 40
20 41
20 70
20 76
20 80
20 95
20 98
20 107
20 110
20 113
20 118
20 119
20 121
20 125
20 141
20 153
20 155
20 207
20 234
20 254
20 258
20 286
20 294
20 317
20 345
21 36
21 41
21 93
21 98
21 107
21 110
21 112
21 113
21 119
21 121
21 125
21 141
21 155
21 179
21 207
21 234
21 254
21 258
21 286
21 294
21 317
21 345
22 36
22 41
22 93
22 98
22 107
22 110
22 112
22 113
22 119
22 121
22 125
22 141
22 155
22 179
22 207
22 234
22 254
22 258
22 286
22 294
22 317
22 345
23 31
23 36
23 41
23 56
23 93
23 98
23 107
23 110
23 112
23 113
23 119
23 121
23 125
23 141
23 155
23 179
23 207
23 234
23 254
23 258
23 286
23 294
23 317
23 345
24 31
24 36
24 41
24 56
24 85
24 93
24 98
24 107
24 110
24 112
24 113
24 119
24 121
24 125
24 141
24 155
24 179
24 207
24 234
24 254
24 258
24 286
24 294
24 317
24 345
25 31
25 36
25 41
25 56
25 85
25 93
25 98
25 107
25 110
25 112
25 113
25 119
25 121
25 125
25 141
25 155
25 179
25 207
25 234
25 254
25 258
25 286
25 294
25 317
25 345
26 31
26 36
26 45
26 56
26 85
26 93
26 98
26 107
26 110
26 113
26 121
26 125
26 135
26 141
26 145
26 155
26 179
26 207
26 234
26 254
26 258
26 286
26 294
26 317
26 345
27 31
27 32
27 45
27 46
27 56
27 85
27 88
27 93
27 98
27 107
27 110
27 113
27 125
27 141
27 145
27 155
27 179
27 197
27 207
27 234
27 254
27 258
27 286
27 294
27 317
27 345
28 31
28 32
28 45
28 46
28 56
28 85
28 88
28 93
28 98
28 107
28 110
28 113
28 125
28 145
28 155
28 179
28 197
28 207
28 234
28 254
28 258
28 286
28 294
28 317
28 345
29 31
29 32
29 45
29 56
29 85
29 88
29 93
29 98
29 107
29 110
29 113
29 125
29 145
29 155
29 156
29 179
29 196
29 197
29 207
29 234
29 254
29 258
29 286
29 294
29 317
29 337
29 345
30 45
30 47
30 56
30 65
30 85
30 93
30 98
30 107
30 110
30 125
30 142
30 145
30 155
30 196
30 197
30 207
30 234
30 258
30 286
30 317
30 337
30 345
31 47
31 56
31 85
31 93
31 98
31 107
31 124
31 125
31 142
31 145
31 155
31 197
31 207
31 234
31 258
31 286
31 317
31 337
31 345
32 47
32 56
32 85
32 93
32 98
32 107
32 124
32 125
32 142
32 145
32 155
32 197
32 207
32 234
32 258
32 286
32 317
32 337
32 345
33 44
33 81
33 84
33 85
33 107
33 123
33 124
33 142
33 144
33 145
33 197
33 207
33 234
33 258
33 267
33 283
33 286
33 307
33 317
33 337
33 345
34 81
34 84
34 85
34 107
34 123
34 124
34 142
34 144
34 145
34 197
34 207
34 234
34 258
34 267
34 283
34 286
34 307
34 317
34 337
34 345
35 81
35 84
35 85
35 107
35 123
35 124
35 142
35 144
35 145
35 197
35 207
35 234
35 258
35 267
35 283
35 286
35 307
35 317
35 337
35 345
36 52
36 79
36 81
36 84
36 85
36 107
36 123
36 124
36 142
36 144
36 145
36 197
36 207
36 234
36 258
36 267
36 283
36 307
36 317
36 345
37 79
37 81
37 84
37 104
37 107
37 123
37 142
37 144
37 145
37 148
37 197
37 207
37 234
37 258
37 267
37 283
37 301
37 307
37 317
37 341
37 345
38 79
38 81
38 84
38 104
38 107
38 123
38 142
38 144
38 145
38 148
38 172
38 197
38 207
38 234
38 258
38 267
38 283
38 307
38 317
38 341
38 345
39 79
39 81
39 84
39 104
39 107
39 123
39 142
39 144
39 145
39 148
39 172
39 197
39 207
39 234
39 258
39 267
39 283
39 307
39 317
39 341
39 345
40 42
40 58
40 79
40 81
40 84
40 94
40 104
40 107
40 123
40 142
40 144
40 145
40 148
40 172
40 197
40 207
40 234
40 258
40 267
40 283
40 307
40 317
40 341
40 345
40 348
41 58
41 79
41 81
41 84
41 94
41 104
41 107
41 122
41 123
41 142
41 144
41 145
41 148
41 172
41 197
41 207
41 234
41 258
41 267
41 268
41 283
41 307
41 317
41 341
41 345
41 348
42 58
42 79
42 81
42 83
42 84
42 102
42 104
42 105
42 107
42 122
42 142
42 144
42 145
42 148
42 172
42 197
42 207
42 234
42 267
42 268
42 283
42 307
42 317
42 341
42 345
42 348
43 58
43 79
43 81
43 83
43 84
43 104
43 105
43 107
43 122
43 142
43 144
43 145
43 148
43 159
43 172
43 197
43 207
43 234
43 267
43 268
43 283
43 307
43 317
43 341
43 345
43 348
44 58
44 66
44 78
44 81
44 84
44 89
44 104
44 122
44 142
44 144
44 145
44 148
44 168
44 172
44 188
44 197
44 207
44 218
44 234
44 267
44 268
44 273
44 275
44 283
44 288
44 307
44 341
44 347
44 348
45 58
45 66
45 78
45 84
45 89
45 104
45 122
45 142
45 145
45 148
45 168
45 172
45 188
45 192
45 197
45 207
45 234
45 267
45 268
45 273
45 283
45 288
45 307
45 341
45 347
45 348
46 62
46 78
46 84
46 89
46 104
46 122
46 142
46 145
46 148
46 168
46 172
46 188
46 192
46 197
46 207
46 234
46 247
46 267
46 268
46 273
46 283
46 288
46 307
46 341
46 347
46 348
47 53
47 62
47 78
47 84
47 89
47 104
47 122
47 142
47 145
47 148
47 168
47 172
47 188
47 192
47 197
47 234
47 247
47 267
47 268
47 273
47 283
47 288
47 307
47 341
47 347
47 348
48 49
48 53
48 62
48 78
48 89
48 104
48 122
48 129
48 142
48 145
48 148
48 168
48 172
48 180
48 188
48 192
48 197
48 234
48 247
48 267
48 268
48 273
48 283
48 288
48 307
48 341
48 347
48 348
49 49
49 53
49 62
49 78
49 89
49 104
49 122
49 129
49 142
49 145
49 148
49 157
49 168
49 172
49 180
49 188
49 192
49 197
49 234
49 247
49 267
49 268
49 273
49 283
49 288
49 307
49 341
49 347
49 348
50 53
50 62
50 78
50 89
50 129
50 139
50 142
50 145
50 148
50 157
50 168
50 172
50 180
50 188
50 192
50 197
50 234
50 247
50 267
50 268
50 273
50 283
50 288
50 307
50 341
50 347
50 348
51 53
51 78
51 89
51 115
51 129
51 133
51 142
51 145
51 148
51 157
51 161
51 168
51 172
51 188
51 192
51 197
51 234
51 267
51 268
51 273
51 283
51 288
51 307
51 310
51 318
51 341
51 347
51 348
52 53
52 78
52 89
52 115
52 129
52 133
52 142
52 145
52 148
52 157
52 161
52 168
52 172
52 188
52 192
52 197
52 234
52 267
52 268
52 273
52 283
52 288
52 307
52 310
52 318
52 341
52 347
52 348
53 53
53 78
53 89
53 115
53 129
53 133
53 142
53 145
53 148
53 157
53 161
53 168
53 172
53 188
53 192
53 197
53 234
53 267
53 268
53 273
53 283
53 288
53 310
53 318
53 341
53 347
53 348
54 53
54 63
54 78
54 89
54 115
54 133
54 142
54 148
54 157
54 161
54 168
54 172
54 188
54 192
54 197
54 234
54 267
54 268
54 273
54 283
54 288
54 310
54 318
54 341
54 347
54 348
55 53
55 61
55 63
55 68
55 89
55 115
55 133
55 142
55 148
55 161
55 168
55 172
55 188
55 192
55 197
55 234
55 267
55 268
55 273
55 283
55 288
55 310
55 318
55 341
55 347
55 348
56 53
56 61
56 63
56 68
56 89
56 115
56 133
56 142
56 148
56 161
56 168
56 172
56 188
56 192
56 197
56 234
56 238
56 267
56 268
56 273
56 283
56 288
56 310
56 318
56 341
56 347
56 348
57 53
57 69
57 72
57 89
57 115
57 142
57 148
57 161
57 168
57 172
57 192
57 197
57 234
57 238
57 267
57 268
57 273
57 283
57 288
57 310
57 318
57 341
57 347
57 348
58 72
58 89
58 111
58 115
58 142
58 148
58 161
58 168
58 172
58 192
58 197
58 234
58 238
58 267
58 268
58 273
58 283
58 288
58 310
58 318
58 347
59 72
59 89
59 111
59 115
59 148
59 161
59 168
59 172
59 192
59 197
59 234
59 238
59 267
59 268
59 273
59 283
59 288
59 310
59 318
59 347
60 72
60 82
60 89
60 111
60 161
60 168
60 172
60 192
60 197
60 234
60 238
60 267
60 268
60 273
60 283
60 288
60 310
60 318
60 347
61 72
61 82
61 89
61 111
61 161
61 168
61 172
61 192
61 197
61 234
61 238
61 267
61 268
61 273
61 283
61 288
61 310
61 318
61 347
62 72
62 82
62 89
62 111
62 161
62 168
62 172
62 192
62 197
62 234
62 238
62 267
62 268
62 273
62 283
62 288
62 310
62 318
62 347
63 82
63 89
63 111
63 161
63 168
63 172
63 182
63 192
63 234
63 238
63 267
63 268
63 273
63 283
63 288
63 310
63 312
63 318
63 347
64 82
64 89
64 111
64 161
64 168
64 172
64 182
64 192
64 234
64 238
64 267
64 268
64 273
64 283
64 288
64 310
64 312
64 318
64 347
65 82
65 89
65 111
65 161
65 168
65 172
65 182
65 192
65 234
65 238
65 267
65 268
65 273
65 283
65 288
65 310
65 312
65 318
65 347
66 87
66 89
66 161
66 168
66 182
66 192
66 234
66 238
66 267
66 268
66 273
66 283
66 288
66 310
66 312
66 318
66 347
67 87
67 89
67 161
67 168
67 182
67 192
67 234
67 238
67 267
67 268
67 273
67 283
67 288
67 310
67 312
67 318
67 347
68 87
68 89
68 161
68 168
68 182
68 192
68 223
68 234
68 238
68 267
68 268
68 273
68 283
68 288
68 310
68 312
68 318
68 347
69 87
69 89
69 128
69 161
69 168
69 192
69 223
69 238
69 267
69 268
69 273
69 283
69 288
69 310
69 312
69 318
69 347
70 87
70 89
70 101
70 128
70 161
70 168
70 192
70 223
70 238
70 267
70 268
70 273
70 283
70 288
70 310
70 312
70 318
70 347
71 87
71 89
71 101
71 128
71 161
71 168
71 192
71 223
71 229
71 238
71 266
71 267
71 268
71 273
71 283
71 288
71 310
71 312
71 318
71 342
71 347
72 87
72 89
72 101
72 128
72 161
72 168
72 192
72 223
72 229
72 238
72 250
72 266
72 267
72 268
72 273
72 283
72 288
72 310
72 312
72 318
72 342
72 347
73 87
73 89
73 101
73 128
73 147
73 161
73 168
73 192
73 223
73 229
73 238
73 250
73 266
73 267
73 268
73 273
73 283
73 288
73 310
73 312
73 318
73 342
73 347
74 87
74 89
74 128
74 147
74 149
74 161
74 168
74 192
74 223
74 229
74 238
74 250
74 266
74 267
74 268
74 273
74 283
74 288
74 310
74 312
74 318
74 342
74 347
75 87
75 89
75 128
75 147
75 149
75 161
75 168
75 192
75 223
75 229
75 238
75 250
75 266
75 267
75 268
75 273
75 283
75 288
75 310
75 312
75 318
75 342
75 347
76 87
76 89
76 128
76 147
76 149
76 161
76 168
76 192
76 223
76 229
76 238
76 250
76 266
76 267
76 268
76 273
76 283
76 288
76 310
76 312
76 318
76 342
76 347
77 87
77 89
77 128
77 147
77 149
77 160
77 161
77 168
77 190
77 192
77 223
77 229
77 238
77 250
77 266
77 267
77 268
77 273
77 283
77 288
77 310
77 312
77 318
77 342
77 347
78 87
78 89
78 128
78 149
78 160
78 161
78 168
78 190
78 192
78 223
78 229
78 238
78 250
78 266
78 267
78 268
78 273
78 283
78 288
78 310
78 312
78 318
78 342
78 347
79 87
79 89
79 128
79 149
79 160
79 161
79 168
79 190
79 192
79 194
79 223
79 229
79 235
79 238
79 250
79 253
79 266
79 267
79 268
79 273
79 283
79 288
79 310
79 312
79 318
79 342
79 347
80 87
80 89
80 149
80 160
80 161
80 168
80 190
80 192
80 194
80 223
80 229
80 235
80 238
80 250
80 266
80 267
80 268
80 273
80 283
80 288
80 310
80 312
80 318
80 342
80 347
81 87
81 89
81 92
81 108
81 149
81 160
81 161
81 168
81 190
81 192
81 194
81 223
81 229
81 235
81 238
81 250
81 266
81 267
81 268
81 283
81 288
81 310
81 312
81 318
81 342
81 347
82 87
82 89
82 92
82 108
82 149
82 160
82 161
82 168
82 190
82 192
82 194
82 223
82 229
82 235
82 238
82 250
82 266
82 267
82 268
82 283
82 288
82 310
82 312
82 318
82 342
82 347
83 87
83 108
83 132
83 149
83 160
83 161
83 171
83 192
83 200
83 228
83 235
83 238
83 250
83 251
83 266
83 267
83 268
83 283
83 287
83 288
83 298
83 310
83 312
83 318
83 342
83 344
83 347
84 87
84 103
84 114
84 126
84 138
84 149
84 171
84 177
84 192
84 200
84 228
84 235
84 238
84 250
84 251
84 266
84 287
84 288
84 310
84 312
84 315
84 318
84 342
84 344
84 347
85 87
85 103
85 114
85 126
85 138
85 149
85 171
85 177
85 192
85 200
85 228
85 235
85 238
85 250
85 251
85 266
85 287
85 288
85 310
85 312
85 315
85 318
85 342
85 344
85 347
86 87
86 103
86 114
86 126
86 138
86 149
86 171
86 174
86 177
86 192
86 200
86 228
86 235
86 238
86 250
86 251
86 266
86 287
86 288
86 310
86 312
86 315
86 318
86 342
86 344
86 347
87 87
87 103
87 114
87 126
87 138
87 171
87 174
87 177
87 192
87 200
87 235
87 238
87 250
87 251
87 266
87 287
87 288
87 310
87 312
87 315
87 318
87 342
87 344
87 347
88 87
88 103
88 114
88 126
88 138
88 171
88 174
88 177
88 192
88 200
88 235
88 238
88 250
88 251
88 266
88 287
88 288
88 310
88 312
88 315
88 318
88 342
88 344
88 347
89 87
89 103
89 138
89 154
89 171
89 174
89 177
89 192
89 200
89 235
89 238
89 250
89 251
89 266
89 287
89 288
89 310
89 312
89 315
89 318
89 342
89 344
89 347
90 87
90 103
90 138
90 154
90 171
90 174
90 177
90 192
90 200
90 235
90 238
90 250
90 251
90 266
90 287
90 288
90 310
90 312
90 315
90 318
90 342
90 344
90 347
91 96
91 103
91 138
91 154
91 177
91 192
91 200
91 235
91 238
91 250
91 251
91 266
91 287
91 288
91 310
91 312
91 315
91 318
91 342
91 344
91 347
92 96
92 97
92 103
92 136
92 138
92 154
92 177
92 192
92 200
92 235
92 237
92 238
92 246
92 250
92 251
92 266
92 287
92 288
92 310
92 312
92 315
92 318
92 342
92 344
92 347
93 96
93 97
93 103
93 136
93 138
93 154
93 177
93 192
93 200
93 235
93 237
93 238
93 246
93 250
93 251
93 266
93 287
93 288
93 310
93 312
93 315
93 318
93 342
93 344
93 347
94 97
94 138
94 154
94 192
94 200
94 235
94 237
94 238
94 242
94 246
94 250
94 251
94 266
94 287
94 288
94 303
94 310
94 311
94 312
94 315
94 318
94 342
94 344
94 347
95 97
95 131
95 138
95 154
95 185
95 192
95 200
95 235
95 237
95 238
95 242
95 246
95 250
95 251
95 266
95 287
95 288
95 303
95 310
95 311
95 312
95 315
95 318
95 342
95 344
95 347
96 97
96 131
96 138
96 154
96 185
96 192
96 200
96 235
96 237
96 238
96 242
96 246
96 250
96 251
96 266
96 287
96 288
96 303
96 310
96 311
96 312
96 315
96 318
96 342
96 344
96 347
97 97
97 100
97 131
97 138
97 154
97 185
97 192
97 200
97 235
97 237
97 238
97 242
97 246
97 250
97 251
97 266
97 287
97 288
97 290
97 303
97 310
97 311
97 312
97 315
97 318
97 342
97 344
97 347
98 97
98 100
98 131
98 138
98 154
98 185
98 192
98 200
98 235
98 237
98 238
98 242
98 246
98 250
98 251
98 266
98 287
98 288
98 290
98 303
98 311
98 312
98 315
98 318
98 342
98 344
98 347
99 97
99 100
99 131
99 150
99 154
99 185
99 192
99 200
99 235
99 237
99 238
99 242
99 246
99 250
99 251
99 266
99 287
99 288
99 290
99 303
99 311
99 312
99 315
99 316
99 318
99 342
99 344
99 347
100 97
100 106
100 131
100 150
100 154
100 185
100 192
100 200
100 205
100 210
100 235
100 237
100 238
100 242
100 246
100 250
100 251
100 266
100 287
100 290
100 303
100 311
100 315
100 316
100 318
100 342
100 344
100 347
101 97
101 106
101 131
101 137
101 150
101 154
101 185
101 192
101 200
101 205
101 210
101 235
101 237
101 238
101 242
101 246
101 250
101 251
101 287
101 290
101 303
101 311
101 315
101 318
101 342
101 344
101 347
102 97
102 106
102 131
102 137
102 150
102 154
102 185
102 192
102 200
102 205
102 210
102 235
102 237
102 238
102 242
102 246
102 251
102 287
102 290
102 303
102 311
102 315
102 318
102 342
102 344
102 347
103 106
103 127
103 131
103 137
103 150
103 154
103 185
103 192
103 200
103 205
103 210
103 235
103 237
103 238
103 242
103 246
103 251
103 287
103 290
103 303
103 311
103 315
103 318
103 342
103 344
103 347
104 106
104 127
104 131
104 137
104 150
104 154
104 185
104 192
104 200
104 205
104 210
104 235
104 237
104 238
104 242
104 246
104 251
104 287
104 290
104 303
104 311
104 315
104 318
104 342
104 344
104 347
105 106
105 127
105 131
105 154
105 185
105 192
105 200
105 205
105 210
105 235
105 237
105 242
105 246
105 251
105 287
105 290
105 303
105 311
105 315
105 318
105 342
105 344
105 347
106 106
106 127
106 131
106 154
106 185
106 192
106 200
106 210
106 235
106 237
106 242
106 246
106 251
106 287
106 290
106 303
106 311
106 315
106 318
106 342
106 344
106 347
107 106
107 127
107 131
107 154
107 185
107 192
107 200
107 210
107 235
107 237
107 242
107 246
107 251
107 287
107 290
107 303
107 311
107 315
107 318
107 342
107 344
107 347
108 106
108 127
108 131
108 154
108 167
108 185
108 192
108 200
108 210
108 235
108 237
108 242
108 246
108 251
108 287
108 290
108 303
108 311
108 315
108 318
108 342
108 344
108 347
109 106
109 127
109 131
109 154
109 167
109 185
109 192
109 200
109 210
109 224
109 237
109 242
109 246
109 251
109 287
109 290
109 303
109 311
109 315
109 318
109 342
109 344
109 347
110 116
110 127
110 131
110 154
110 167
110 185
110 192
110 200
110 210
110 224
110 237
110 242
110 246
110 251
110 287
110 290
110 303
110 311
110 315
110 318
110 342
110 344
110 347
111 127
111 131
111 167
111 185
111 186
111 192
111 200
111 210
111 224
111 237
111 242
111 246
111 251
111 287
111 290
111 303
111 311
111 318
111 342
111 344
111 347
112 127
112 131
112 167
112 185
112 186
112 192
112 200
112 210
112 224
112 237
112 242
112 246
112 251
112 287
112 290
112 303
112 311
112 318
112 327
112 342
112 344
112 347
113 127
113 131
113 167
113 185
113 186
113 192
113 200
113 224
113 237
113 242
113 246
113 251
113 287
113 290
113 303
113 311
113 318
113 327
113 342
113 344
113 347
114 127
114 131
114 167
114 185
114 186
114 192
114 200
114 224
114 237
114 242
114 246
114 251
114 287
114 290
114 303
114 311
114 318
114 327
114 342
114 344
114 347
115 117
115 127
115 152
115 167
115 185
115 186
115 192
115 200
115 215
115 224
115 237
115 242
115 246
115 251
115 287
115 290
115 303
115 311
115 318
115 327
115 342
115 344
115 347
116 127
116 152
116 167
116 185
116 186
116 192
116 200
116 215
116 224
116 237
116 242
116 246
116 287
116 290
116 303
116 311
116 318
116 327
116 342
116 344
116 347
117 127
117 152
117 167
117 185
117 186
117 192
117 200
117 215
117 224
117 237
117 242
117 246
117 287
117 290
117 303
117 311
117 318
117 327
117 342
117 344
117 347
118 152
118 192
118 200
118 204
118 212
118 224
118 241
118 242
118 246
118 287
118 290
118 303
118 308
118 311
118 318
118 332
118 342
118 344
118 347
119 152
119 192
119 200
119 204
119 212
119 224
119 241
119 242
119 246
119 287
119 290
119 303
119 308
119 311
119 318
119 332
119 342
119 344
119 347
120 130
120 134
120 152
120 183
120 192
120 200
120 204
120 212
120 224
120 236
120 241
120 246
120 277
120 287
120 290
120 303
120 308
120 311
120 332
120 342
120 344
120 347
121 130
121 134
121 152
121 183
121 192
121 200
121 204
121 212
121 224
121 236
121 241
121 246
121 277
121 287
121 290
121 303
121 308
121 311
121 332
121 342
121 344
121 347
122 130
122 134
122 152
122 183
122 192
122 200
122 204
122 212
122 224
122 236
122 241
122 246
122 277
122 287
122 290
122 303
122 308
122 311
122 332
122 342
122 344
122 347
123 130
123 134
123 152
123 183
123 192
123 200
123 204
123 212
123 224
123 236
123 241
123 246
123 277
123 287
123 290
123 303
123 308
123 311
123 332
123 342
123 344
123 347
124 130
124 152
124 183
124 192
124 200
124 204
124 212
124 224
124 236
124 241
124 246
124 277
124 287
124 290
124 303
124 308
124 311
124 332
124 342
124 344
124 347
125 130
125 146
125 152
125 164
125 183
125 200
125 204
125 212
125 224
125 236
125 241
125 246
125 277
125 287
125 290
125 303
125 308
125 311
125 332
125 342
125 344
125 347
126 130
126 146
126 152
126 164
126 183
126 200
126 204
126 212
126 224
126 236
126 241
126 246
126 277
126 287
126 290
126 295
126 303
126 308
126 311
126 332
126 342
126 344
126 347
127 130
127 146
127 152
127 164
127 183
127 200
127 204
127 212
127 224
127 236
127 241
127 246
127 277
127 287
127 290
127 295
127 308
127 311
127 332
127 342
127 344
127 347
128 130
128 146
128 152
128 162
128 164
128 183
128 200
128 204
128 212
128 216
128 224
128 236
128 241
128 246
128 277
128 287
128 290
128 295
128 308
128 311
128 332
128 342
128 344
128 347
129 130
129 146
129 152
129 162
129 164
129 183
129 200
129 204
129 212
129 216
129 224
129 236
129 241
129 246
129 277
129 287
129 290
129 295
129 308
129 311
129 332
129 342
129 344
129 347
130 130
130 146
130 152
130 162
130 164
130 195
130 209
130 213
130 216
130 217
130 224
130 236
130 241
130 246
130 277
130 285
130 287
130 290
130 295
130 308
130 311
130 332
130 342
130 344
130 347
131 130
131 146
131 152
131 162
131 164
131 195
131 209
131 213
131 216
131 217
131 224
131 236
131 241
131 246
131 277
131 285
131 287
131 290
131 295
131 308
131 311
131 332
131 342
131 344
131 347
132 130
132 146
132 152
132 162
132 164
132 195
132 209
132 213
132 216
132 217
132 224
132 236
132 241
132 246
132 265
132 277
132 285
132 287
132 290
132 295
132 306
132 308
132 311
132 332
132 342
132 344
132 347
133 130
133 146
133 152
133 162
133 164
133 195
133 213
133 216
133 217
133 224
133 236
133 241
133 246
133 265
133 277
133 285
133 287
133 290
133 295
133 306
133 308
133 311
133 332
133 342
133 344
133 347
134 130
134 146
134 152
134 162
134 164
134 195
134 213
134 216
134 217
134 224
134 236
134 239
134 241
134 246
134 259
134 265
134 277
134 285
134 287
134 290
134 295
134 306
134 308
134 311
134 332
134 342
134 344
134 347
135 130
135 146
135 152
135 162
135 195
135 213
135 216
135 217
135 224
135 236
135 239
135 241
135 246
135 257
135 259
135 265
135 277
135 282
135 285
135 287
135 290
135 295
135 306
135 308
135 311
135 332
135 342
135 344
135 347
136 130
136 146
136 152
136 162
136 181
136 195
136 213
136 216
136 217
136 224
136 236
136 239
136 241
136 246
136 257
136 259
136 265
136 277
136 282
136 285
136 287
136 291
136 295
136 306
136 308
136 311
136 332
136 342
136 344
136 347
137 130
137 146
137 152
137 162
137 181
137 195
137 213
137 216
137 217
137 224
137 227
137 236
137 239
137 241
137 246
137 257
137 259
137 265
137 277
137 282
137 285
137 287
137 291
137 295
137 306
137 308
137 311
137 332
137 342
137 344
137 347
138 130
138 146
138 152
138 162
138 181
138 195
138 213
138 216
138 217
138 224
138 227
138 236
138 239
138 240
138 241
138 246
138 259
138 265
138 277
138 282
138 285
138 287
138 291
138 306
138 308
138 311
138 326
138 332
138 342
138 344
138 347
139 130
139 146
139 152
139 162
139 181
139 195
139 213
139 216
139 217
139 224
139 227
139 236
139 239
139 240
139 241
139 246
139 259
139 265
139 277
139 282
139 285
139 287
139 291
139 306
139 308
139 311
139 326
139 332
139 333
139 342
139 344
139 347
140 146
140 152
140 162
140 176
140 181
140 195
140 213
140 216
140 217
140 221
140 227
140 236
140 239
140 240
140 241
140 246
140 259
140 265
140 276
140 277
140 285
140 287
140 291
140 306
140 308
140 326
140 332
140 342
140 344
140 347
141 146
141 152
141 162
141 176
141 181
141 195
141 198
141 213
141 216
141 221
141 227
141 236
141 239
141 240
141 241
141 246
141 259
141 265
141 276
141 277
141 285
141 287
141 291
141 306
141 308
141 326
141 332
141 335
141 342
141 344
141 347
142 146
142 152
142 176
142 181
142 195
142 198
142 213
142 216
142 221
142 227
142 236
142 239
142 240
142 241
142 246
142 259
142 265
142 276
142 277
142 285
142 287
142 291
142 306
142 308
142 326
142 332
142 335
142 342
142 344
142 347
143 146
143 152
143 176
143 178
143 181
143 195
143 198
143 213
143 216
143 221
143 227
143 236
143 239
143 240
143 241
143 246
143 259
143 276
143 277
143 285
143 287
143 291
143 306
143 308
143 326
143 332
143 335
143 342
143 344
143 347
144 146
144 152
144 176
144 178
144 181
144 195
144 198
144 213
144 216
144 221
144 227
144 236
144 239
144 240
144 246
144 259
144 276
144 277
144 285
144 287
144 291
144 306
144 308
144 326
144 332
144 335
144 342
144 344
144 347
145 146
145 152
145 176
145 178
145 181
145 195
145 198
145 213
145 216
145 221
145 227
145 236
145 239
145 240
145 246
145 259
145 276
145 277
145 285
145 287
145 291
145 306
145 308
145 326
145 332
145 335
145 342
145 344
145 347
146 146
146 152
146 176
146 178
146 181
146 195
146 198
146 213
146 216
146 221
146 227
146 236
146 239
146 240
146 246
146 259
146 276
146 277
146 285
146 287
146 291
146 306
146 308
146 326
146 332
146 335
146 342
146 344
146 347
147 146
147 152
147 176
147 178
147 181
147 195
147 198
147 213
147 216
147 221
147 227
147 236
147 239
147 240
147 246
147 259
147 276
147 277
147 285
147 287
147 291
147 306
147 308
147 326
147 332
147 335
147 342
147 344
147 347
148 146
148 152
148 176
148 178
148 181
148 195
148 198
148 213
148 216
148 221
148 227
148 236
148 239
148 240
148 246
148 259
148 276
148 277
148 285
148 287
148 291
148 306
148 308
148 326
148 332
148 335
148 342
148 344
148 347
149 146
149 152
149 176
149 178
149 181
149 195
149 198
149 213
149 216
149 221
149 227
149 236
149 239
149 240
149 246
149 259
149 276
149 277
149 285
149 287
149 291
149 306
149 308
149 326
149 332
149 335
149 344
149 347
150 152
150 176
150 178
150 181
150 195
150 198
150 211
150 213
150 216
150 221
150 227
150 236
150 239
150 240
150 246
150 259
150 276
150 277
150 285
150 287
150 291
150 306
150 308
150 326
150 332
150 335
150 344
150 347
151 165
151 176
151 178
151 181
151 195
151 213
151 216
151 221
151 239
151 240
151 246
151 252
151 259
151 274
151 276
151 287
151 291
151 308
151 326
151 332
151 347
152 165
152 176
152 178
152 181
152 195
152 213
152 221
152 239
152 240
152 246
152 252
152 259
152 274
152 276
152 287
152 291
152 308
152 326
152 332
152 347
153 176
153 178
153 181
153 184
153 195
153 213
153 221
153 233
153 240
153 246
153 252
153 259
153 276
153 287
153 291
153 308
153 326
153 332
153 347
154 176
154 178
154 181
154 184
154 195
154 201
154 213
154 221
154 233
154 240
154 246
154 252
154 259
154 276
154 287
154 291
154 305
154 308
154 326
154 332
154 338
154 347
155 166
155 176
155 178
155 181
155 184
155 195
155 201
155 213
155 221
155 233
155 240
155 246
155 252
155 259
155 276
155 287
155 291
155 305
155 308
155 326
155 332
155 338
155 347
156 166
156 176
156 178
156 181
156 184
156 195
156 199
156 201
156 213
156 221
156 233
156 240
156 246
156 252
156 259
156 276
156 287
156 291
156 305
156 308
156 322
156 326
156 332
156 338
156 347
157 166
157 170
157 176
157 178
157 181
157 195
157 199
157 201
157 221
157 233
157 240
157 246
157 252
157 259
157 276
157 287
157 291
157 305
157 308
157 322
157 326
157 332
157 338
157 347
158 166
158 170
158 176
158 178
158 181
158 195
158 199
158 201
158 221
158 233
158 240
158 246
158 252
158 259
158 276
158 287
158 291
158 305
158 308
158 322
158 326
158 332
158 338
158 347
159 166
159 170
159 176
159 178
159 181
159 195
159 199
159 201
159 202
159 214
159 221
159 233
159 240
159 246
159 252
159 259
159 276
159 284
159 287
159 291
159 305
159 308
159 322
159 326
159 332
159 338
159 347
160 166
160 170
160 176
160 178
160 181
160 195
160 199
160 201
160 202
160 214
160 221
160 233
160 240
160 246
160 252
160 259
160 272
160 276
160 284
160 287
160 291
160 305
160 308
160 322
160 326
160 332
160 338
160 347
161 166
161 170
161 176
161 178
161 181
161 195
161 199
161 201
161 202
161 214
161 221
161 233
161 240
161 246
161 252
161 259
161 272
161 276
161 284
161 287
161 291
161 305
161 308
161 322
161 326
161 332
161 338
161 347
162 166
162 170
162 176
162 178
162 181
162 195
162 199
162 201
162 202
162 214
162 221
162 233
162 240
162 246
162 252
162 259
162 272
162 276
162 284
162 287
162 291
162 305
162 308
162 322
162 326
162 332
162 338
163 166
163 170
163 176
163 178
163 181
163 195
163 199
163 201
163 202
163 214
163 221
163 233
163 240
163 246
163 252
163 259
163 272
163 276
163 284
163 287
163 291
163 305
163 308
163 322
163 326
163 332
163 338
164 170
164 176
164 178
164 181
164 187
164 195
164 199
164 201
164 202
164 214
164 221
164 233
164 240
164 246
164 252
164 259
164 272
164 276
164 284
164 287
164 291
164 305
164 308
164 322
164 325
164 326
164 332
164 338
165 170
165 176
165 178
165 181
165 195
165 199
165 201
165 202
165 214
165 221
165 230
165 233
165 240
165 246
165 252
165 259
165 272
165 276
165 284
165 287
165 291
165 305
165 308
165 322
165 325
165 326
165 332
165 338
166 170
166 176
166 178
166 181
166 193
166 195
166 199
166 201
166 202
166 214
166 221
166 230
166 233
166 240
166 246
166 249
166 252
166 259
166 272
166 276
166 284
166 287
166 291
166 305
166 308
166 322
166 325
166 326
166 332
166 338
167 170
167 178
167 181
167 193
167 195
167 199
167 201
167 202
167 203
167 214
167 221
167 230
167 233
167 240
167 246
167 249
167 252
167 259
167 272
167 276
167 284
167 287
167 305
167 308
167 322
167 325
167 326
167 332
167 338
168 170
168 178
168 181
168 193
168 195
168 199
168 201
168 202
168 203
168 214
168 221
168 230
168 233
168 240
168 246
168 249
168 252
168 259
168 272
168 276
168 284
168 287
168 305
168 308
168 322
168 325
168 326
168 332
168 338
169 170
169 178
169 193
169 199
169 201
169 202
169 203
169 214
169 230
169 233
169 240
169 246
169 249
169 252
169 259
169 272
169 284
169 287
169 325
169 332
169 338
170 170
170 178
170 193
170 199
170 201
170 202
170 214
170 230
170 233
170 240
170 246
170 249
170 252
170 261
170 272
170 284
170 287
170 325
170 332
170 338
171 170
171 178
171 193
171 199
171 201
171 202
171 214
171 230
171 233
171 240
171 246
171 249
171 252
171 261
171 272
171 284
171 287
171 325
171 332
171 338
172 170
172 178
172 193
172 199
172 201
172 202
172 230
172 233
172 240
172 243
172 246
172 249
172 252
172 261
172 272
172 284
172 287
172 325
172 332
172 338
173 170
173 178
173 193
173 199
173 201
173 202
173 230
173 233
173 240
173 243
173 246
173 249
173 252
173 261
173 272
173 284
173 287
173 325
173 332
173 338
174 170
174 178
174 193
174 199
174 201
174 202
174 230
174 233
174 240
174 243
174 246
174 249
174 252
174 261
174 272
174 284
174 287
174 325
174 332
174 338
175 170
175 178
175 193
175 199
175 201
175 202
175 230
175 233
175 240
175 243
175 246
175 252
175 261
175 272
175 284
175 287
175 325
175 332
175 338
176 170
176 178
176 193
176 199
176 201
176 202
176 230
176 231
176 233
176 240
176 243
176 246
176 252
176 261
176 272
176 284
176 287
176 325
176 332
176 338
177 170
177 178
177 193
177 199
177 201
177 202
177 230
177 231
177 233
177 240
177 243
177 246
177 261
177 272
177 284
177 287
177 325
177 332
177 338
178 170
178 178
178 193
178 199
178 201
178 202
178 230
178 231
178 233
178 240
178 243
178 246
178 261
178 272
178 284
178 287
178 325
178 332
178 338
179 170
179 178
179 193
179 199
179 201
179 202
179 230
179 231
179 233
179 240
179 243
179 246
179 261
179 272
179 280
179 287
179 325
179 332
179 338
180 178
180 193
180 199
180 201
180 202
180 230
180 231
180 233
180 240
180 243
180 246
180 261
180 272
180 280
180 287
180 325
180 332
180 338
181 178
181 193
181 201
181 202
181 230
181 231
181 240
181 243
181 246
181 261
181 272
181 280
181 287
181 325
181 332
181 338
182 178
182 193
182 201
182 202
182 230
182 231
182 240
182 243
182 246
182 261
182 272
182 280
182 281
182 287
182 325
182 332
182 338
183 178
183 193
183 201
183 202
183 230
183 231
183 240
183 243
183 246
183 261
183 272
183 280
183 281
183 287
183 325
183 332
183 338
184 178
184 193
184 201
184 202
184 230
184 231
184 240
184 243
184 246
184 261
184 272
184 280
184 281
184 287
184 325
184 338
185 178
185 193
185 201
185 202
185 230
185 231
185 240
185 243
185 246
185 261
185 272
185 280
185 281
185 287
185 325
185 338
186 178
186 193
186 201
186 202
186 230
186 231
186 240
186 243
186 246
186 261
186 272
186 280
186 281
186 325
186 338
187 178
187 201
187 202
187 206
187 230
187 231
187 240
187 243
187 261
187 262
187 272
187 280
187 281
187 325
187 338
188 178
188 201
188 202
188 206
188 230
188 231
188 240
188 243
188 261
188 262
188 272
188 280
188 281
188 325
188 338
189 178
189 201
189 202
189 230
189 240
189 243
189 245
189 261
189 262
189 272
189 280
189 281
189 325
189 338
189 349
190 178
190 201
190 202
190 230
190 240
190 243
190 245
190 261
190 264
190 280
190 281
190 292
190 325
190 338
190 340
190 349
191 178
191 201
191 202
191 230
191 232
191 240
191 243
191 245
191 261
191 264
191 269
191 280
191 281
191 292
191 304
191 325
191 338
191 340
191 349
192 178
192 201
192 208
192 230
192 232
192 243
192 245
192 261
192 264
192 269
192 280
192 281
192 292
192 304
192 325
192 338
192 340
193 178
193 201
193 208
193 225
193 230
193 232
193 243
193 245
193 261
193 264
193 269
193 280
193 281
193 292
193 304
193 325
193 338
193 340
194 178
194 201
194 208
194 225
194 230
194 232
194 243
194 245
194 261
194 264
194 269
194 280
194 281
194 292
194 304
194 325
194 338
194 340
195 178
195 201
195 208
195 225
195 230
195 232
195 243
195 245
195 261
195 264
195 269
195 280
195 281
195 292
195 304
195 325
195 338
195 340
196 178
196 201
196 208
196 225
196 230
196 232
196 243
196 245
196 261
196 264
196 269
196 280
196 281
196 292
196 304
196 338
196 340
197 178
197 201
197 208
197 225
197 230
197 232
197 243
197 245
197 261
197 264
197 269
197 280
197 292
197 304
197 338
197 340
198 178
198 201
198 208
198 225
198 230
198 232
198 243
198 245
198 261
198 264
198 269
198 280
198 292
198 304
198 338
198 340
199 178
199 201
199 208
199 220
199 225
199 230
199 232
199 243
199 245
199 264
199 269
199 280
199 292
199 304
199 309
199 338
199 340
199 346
200 178
200 201
200 208
200 220
200 230
200 232
200 243
200 245
200 264
200 269
200 280
200 292
200 304
200 338
200 340
200 346
201 201
201 208
201 220
201 230
201 232
201 243
201 245
201 264
201 269
201 280
201 292
201 304
201 338
201 340
201 346
202 201
202 208
202 220
202 230
202 232
202 243
202 245
202 264
202 269
202 280
202 292
202 304
202 338
202 340
202 346
203 201
203 208
203 220
203 226
203 230
203 232
203 243
203 245
203 264
203 269
203 280
203 292
203 304
203 338
203 340
203 346
204 201
204 208
204 220
204 226
204 230
204 232
204 243
204 245
204 264
204 269
204 280
204 292
204 304
204 338
204 340
204 346
205 201
205 208
205 220
205 226
205 230
205 232
205 243
205 245
205 264
205 269
205 280
205 292
205 304
205 320
205 338
205 340
205 346
206 201
206 208
206 220
206 226
206 230
206 232
206 243
206 245
206 264
206 269
206 280
206 292
206 304
206 338
206 346
207 201
207 208
207 220
207 226
207 230
207 232
207 243
207 245
207 264
207 269
207 280
207 292
207 304
207 338
207 346
208 201
208 208
208 220
208 226
208 230
208 232
208 243
208 245
208 264
208 269
208 280
208 292
208 304
208 338
208 346
209 201
209 208
209 226
209 230
209 232
209 243
209 245
209 264
209 269
209 292
209 304
209 338
209 346
210 201
210 208
210 226
210 230
210 232
210 243
210 245
210 264
210 269
210 292
210 304
210 338
210 346
211 201
211 208
211 226
211 230
211 232
211 243
211 245
211 264
211 269
211 304
211 338
211 346
212 201
212 208
212 219
212 226
212 230
212 232
212 243
212 245
212 264
212 304
212 338
212 346
213 201
213 208
213 219
213 226
213 230
213 232
213 243
213 245
213 264
213 304
213 338
213 346
214 201
214 208
214 219
214 226
214 230
214 232
214 243
214 245
214 264
214 304
214 338
214 346
215 201
215 208
215 219
215 226
215 230
215 232
215 243
215 245
215 264
215 304
215 338
215 346
216 201
216 208
216 219
216 226
216 230
216 232
216 243
216 245
216 264
216 304
216 338
216 346
217 201
217 208
217 219
217 226
217 230
217 232
217 243
217 245
217 264
217 304
217 338
217 346
218 201
218 208
218 219
218 226
218 230
218 232
218 243
218 245
218 264
218 304
218 313
218 338
218 346
219 201
219 208
219 226
219 230
219 232
219 243
219 245
219 264
219 304
219 313
219 338
219 346
220 201
220 208
220 226
220 230
220 232
220 243
220 245
220 304
220 313
220 346
221 201
221 208
221 226
221 230
221 232
221 243
221 245
221 304
221 313
221 346
222 201
222 208
222 226
222 230
222 232
222 243
222 245
222 304
222 313
222 346
223 201
223 208
223 226
223 230
223 232
223 243
223 304
223 313
223 346
224 201
224 230
224 232
224 243
224 304
224 313
224 346
225 201
225 230
225 232
225 243
225 304
225 313
225 346
226 201
226 232
226 243
226 304
226 313
226 346
227 201
227 232
227 243
227 304
227 346
228 201
228 243
228 304
228 346
229 201
229 243
229 304
229 346
230 201
230 243
230 304
230 346
231 201
231 243
231 304
231 346
232 201
232 243
232 293
232 297
232 304
232 346
233 243
233 279
233 293
233 297
233 304
233 324
233 346
234 243
234 279
234 293
234 297
234 299
234 304
234 324
234 346
235 243
235 279
235 293
235 297
235 299
235 304
235 324
235 346
236 243
236 263
236 279
236 293
236 297
236 299
236 304
236 324
236 346
237 243
237 263
237 279
237 293
237 297
237 299
237 304
237 324
237 346
238 243
238 255
238 263
238 279
238 293
238 297
238 299
238 304
238 324
238 346
239 243
239 255
239 263
239 279
239 293
239 297
239 299
239 304
239 324
239 346
240 243
240 255
240 263
240 279
240 297
240 299
240 324
240 346
241 243
241 255
241 263
241 270
241 271
241 279
241 297
241 299
241 324
241 346
242 243
242 255
242 260
242 263
242 270
242 271
242 279
242 297
242 299
242 324
242 334
242 346
243 243
243 255
243 260
243 263
243 270
243 271
243 279
243 297
243 299
243 324
243 334
243 346
244 243
244 255
244 260
244 263
244 270
244 271
244 279
244 297
244 299
244 324
244 334
244 346
245 243
245 255
245 260
245 263
245 270
245 271
245 279
245 297
245 299
245 324
245 334
245 346
246 243
246 255
246 260
246 263
246 270
246 271
246 279
246 297
246 299
246 324
246 334
246 346
247 243
247 255
247 260
247 263
247 270
247 271
247 279
247 297
247 299
247 324
247 334
247 346
248 243
248 255
248 260
248 263
248 270
248 271
248 278
248 279
248 297
248 324
248 334
248 346
249 243
249 255
249 260
249 263
249 270
249 271
249 278
249 279
249 297
249 324
249 334
249 346
250 243
250 255
250 260
250 263
250 270
250 271
250 278
250 279
250 297
250 324
250 334
250 346
251 243
251 255
251 260
251 270
251 271
251 278
251 279
251 297
251 324
251 334
251 346
252 243
252 255
252 260
252 270
252 271
252 278
252 279
252 297
252 324
252 334
252 346
253 243
253 255
253 260
253 270
253 271
253 278
253 279
253 297
253 324
253 334
253 346
254 243
254 255
254 260
254 270
254 271
254 278
254 279
254 297
254 324
254 334
254 346
255 243
255 255
255 260
255 270
255 271
255 278
255 279
255 297
255 324
255 334
255 346
256 243
256 255
256 260
256 270
256 271
256 278
256 279
256 297
256 324
256 334
256 346
257 243
257 255
257 260
257 270
257 271
257 278
257 279
257 297
257 324
257 334
257 346
258 243
258 255
258 260
258 270
258 271
258 278
258 279
258 297
258 323
258 324
258 334
258 346
259 243
259 255
259 260
259 270
259 271
259 278
259 279
259 297
259 323
259 324
259 334
259 346
260 243
260 255
260 260
260 270
260 271
260 278
260 279
260 297
260 324
260 334
260 346
261 243
261 255
261 260
261 270
261 271
261 278
261 279
261 297
261 324
261 334
261 346
262 243
262 255
262 260
262 270
262 271
262 278
262 279
262 297
262 324
262 334
262 346
263 243
263 255
263 260
263 270
263 271
263 279
263 297
263 328
263 334
263 346
264 243
264 255
264 270
264 297
264 328
264 334
264 346
265 243
265 255
265 270
265 297
265 300
265 328
265 334
265 346
266 243
266 255
266 270
266 297
266 300
266 328
266 334
266 346
267 243
267 255
267 270
267 297
267 300
267 328
267 334
267 346
268 243
268 255
268 270
268 297
268 300
268 328
268 334
268 346
269 243
269 255
269 270
269 297
269 300
269 319
269 328
269 334
269 346
270 243
270 255
270 270
270 297
270 300
270 319
270 328
270 334
271 243
271 270
271 289
271 297
271 300
271 319
271 328
271 334
271 339
272 243
272 270
272 289
272 297
272 300
272 319
272 328
272 334
272 339
273 243
273 270
273 289
273 297
273 300
273 319
273 328
273 334
273 339
274 243
274 270
274 289
274 300
274 319
274 328
274 334
274 339
275 243
275 270
275 289
275 300
275 319
275 328
275 334
275 339
276 243
276 270
276 289
276 300
276 328
276 334
276 339
277 243
277 270
277 289
277 300
277 328
277 334
277 339
278 243
278 270
278 289
278 300
278 328
278 334
278 339
279 243
279 270
279 289
279 300
279 328
279 334
279 339
280 243
280 289
280 300
280 328
280 334
280 339
281 243
281 289
281 300
281 328
281 334
281 339
282 243
282 289
282 300
282 328
282 334
282 339
283 243
283 289
283 300
283 328
283 334
283 339
284 243
284 289
284 300
284 328
284 334
284 339
285 243
285 289
285 300
285 328
285 334
285 339
286 243
286 289
286 296
286 300
286 314
286 328
286 334
286 339
286 343
287 296
287 328
287 334
287 343
288 296
288 328
288 334
288 343
289 296
289 328
289 334
289 343
290 296
290 328
290 334
290 343
291 296
291 328
291 334
291 343
292 296
292 328
292 329
292 331
292 334
293 296
293 328
293 329
293 331
293 334
294 296
294 328
294 329
294 331
294 334
295 296
295 328
295 329
295 331
295 334
296 296
296 328
296 329
296 331
296 334
297 296
297 328
297 329
297 331
297 334
298 296
298 328
298 331
298 334
299 296
299 328
299 331
299 334
300 296
300 328
300 331
300 334
301 296
301 328
301 331
301 334
302 296
302 328
302 331
302 334
303 296
303 328
303 331
303 334
304 296
304 328
304 331
304 334
305 296
305 328
305 331
305 334
306 328
306 331
306 334
307 328
307 331
307 334
308 328
308 331
308 334
309 328
309 331
309 334
310 328
310 331
310 334
311 328
311 331
311 334
312 334
313 334
314 334
315 334
315 336
316 334
316 336
317 334
317 336
318 334
318 336
319 334
319 336
320 334
320 336
321 334
321 336
322 334
322 336
323 334
323 336
324 334
324 336
325 334
325 336
326 334
326 336
327 334
327 336
328 334
328 336
329 334
329 336
330 334
330 336
331 334
331 336
332 334
332 336
333 334
333 336
334 334
334 336
335 334
335 336
336 334
336 336
337 334
337 336
338 334
338 336
339 334
339 336
340 334
340 336
341 336
342 336
