0 28
0 42
0 65
1 11
1 13
1 28
1 40
1 42
1 44
1 150
1 202
2 5
2 13
2 28
2 40
2 42
2 44
2 73
2 88
2 150
2 158
2 202
2 307
3 5
3 13
3 28
3 40
3 42
3 44
3 73
3 88
3 150
3 158
3 202
3 307
4 9
4 13
4 28
4 40
4 42
4 44
4 73
4 88
4 150
4 158
4 202
4 307
5 9
5 13
5 28
5 40
5 42
5 44
5 73
5 88
5 150
5 158
5 202
5 307
6 9
6 13
6 23
6 25
6 28
6 40
6 42
6 43
6 44
6 73
6 88
6 150
6 158
6 202
6 307
6 334
7 14
7 15
7 17
7 28
7 33
7 40
7 51
7 73
7 88
7 158
7 196
7 202
7 244
7 307
7 334
8 14
8 15
8 17
8 33
8 40
8 51
8 68
8 73
8 88
8 158
8 196
8 202
8 244
8 307
8 334
9 14
9 15
9 17
9 33
9 40
9 51
9 68
9 73
9 88
9 158
9 196
9 202
9 244
9 307
9 334
10 19
10 20
10 21
10 37
10 41
10 59
10 68
10 69
10 70
10 73
10 100
10 119
10 136
10 176
10 202
10 215
10 244
10 307
10 334
11 19
11 20
11 21
11 37
11 41
11 59
11 68
11 69
11 70
11 73
11 100
11 119
11 136
11 176
11 202
11 215
11 244
11 307
11 334
12 21
12 31
12 41
12 54
12 59
12 68
12 70
12 90
12 100
12 119
12 136
12 176
12 202
12 215
12 244
12 307
12 334
13 21
13 22
13 31
13 34
13 41
13 54
13 56
13 70
13 90
13 100
13 119
13 136
13 176
13 202
13 215
13 244
13 307
13 334
14 21
14 22
14 31
14 34
14 41
14 54
14 56
14 70
14 90
14 100
14 119
14 136
14 142
14 176
14 202
14 215
14 244
14 307
14 334
15 22
15 31
15 34
15 54
15 56
15 70
15 87
15 90
15 100
15 119
15 136
15 142
15 176
15 202
15 215
15 244
15 307
15 334
16 31
16 34
16 56
16 70
16 82
16 87
16 90
16 100
16 119
16 126
16 136
16 142
16 180
16 202
16 244
16 268
16 307
16 334
17 24
17 31
17 56
17 70
17 82
17 90
17 100
17 109
17 119
17 123
17 136
17 137
17 152
17 180
17 202
17 244
17 268
17 307
17 328
17 334
18 24
18 31
18 56
18 70
18 82
18 90
18 100
18 109
18 119
18 123
18 136
18 137
18 152
18 180
18 202
18 244
18 268
18 307
18 328
18 334
19 32
19 70
19 82
19 90
19 109
19 123
19 133
19 136
19 152
19 202
19 212
19 244
19 251
19 268
19 290
19 328
19 334
20 32
20 70
20 82
20 90
20 109
20 123
20 133
20 136
20 152
20 202
20 212
20 244
20 251
20 268
20 290
20 328
20 334
21 29
21 53
21 62
21 70
21 82
21 90
21 94
21 109
21 123
21 133
21 152
21 212
21 244
21 251
21 268
21 290
21 328
21 334
22 29
22 53
22 62
22 70
22 82
22 90
22 94
22 106
22 109
22 123
22 133
22 152
22 212
22 244
22 251
22 268
22 290
22 328
22 334
23 29
23 53
23 70
23 82
23 84
23 94
23 106
23 109
23 123
23 133
23 152
23 212
23 244
23 251
23 268
23 290
23 334
24 29
24 53
24 70
24 82
24 84
24 94
24 99
24 106
24 109
24 123
24 133
24 205
24 212
24 244
24 251
24 268
24 290
24 334
25 29
25 45
25 50
25 70
25 82
25 84
25 94
25 133
25 212
25 244
25 251
25 268
25 290
25 297
25 334
26 29
26 45
26 50
26 70
26 82
26 84
26 94
26 133
26 212
26 244
26 251
26 290
26 297
26 334
27 29
27 45
27 50
27 70
27 82
27 84
27 94
27 133
27 212
27 244
27 251
27 290
27 297
27 334
28 29
28 45
28 50
28 70
28 82
28 94
28 133
28 212
28 244
28 251
28 290
28 297
28 334
29 29
29 45
29 50
29 70
29 82
29 94
29 133
29 212
29 244
29 251
29 290
29 297
29 334
30 29
30 50
30 70
30 82
30 94
30 133
30 212
30 244
30 251
30 290
30 297
30 334
31 46
31 70
31 82
31 94
31 131
31 133
31 212
31 244
31 251
31 290
31 297
31 334
32 36
32 46
32 63
32 70
32 82
32 86
32 94
32 131
32 133
32 212
32 244
32 251
32 290
32 297
32 334
33 46
33 63
33 70
33 86
33 94
33 102
33 131
33 133
33 212
33 244
33 251
33 290
33 297
33 334
34 38
34 63
34 70
34 94
34 102
34 131
34 133
34 212
34 244
34 290
34 297
34 331
34 334
35 38
35 63
35 64
35 70
35 94
35 102
35 131
35 133
35 212
35 244
35 290
35 297
35 331
35 334
36 38
36 39
36 63
36 64
36 70
36 94
36 102
36 104
36 131
36 133
36 212
36 244
36 290
36 297
36 331
36 334
37 38
37 39
37 63
37 64
37 70
37 94
37 102
37 104
37 131
37 132
37 133
37 212
37 244
37 290
37 297
37 331
37 334
38 38
38 39
38 63
38 64
38 70
38 94
38 102
38 104
38 131
38 132
38 133
38 212
38 244
38 290
38 297
38 331
38 334
39 39
39 63
39 64
39 102
39 104
39 131
39 132
39 133
39 185
39 212
39 244
39 278
39 290
39 297
39 331
39 334
40 39
40 64
40 71
40 102
40 131
40 132
40 133
40 185
40 212
40 244
40 254
40 278
40 290
40 297
40 331
40 334
41 39
41 64
41 71
41 102
41 131
41 132
41 133
41 185
41 212
41 244
41 254
41 278
41 290
41 297
41 331
41 334
42 39
42 64
42 71
42 102
42 131
42 132
42 133
42 185
42 212
42 244
42 254
42 271
42 278
42 290
42 297
42 331
42 334
43 47
43 64
43 67
43 71
43 102
43 128
43 131
43 132
43 133
43 185
43 212
43 254
43 271
43 290
43 297
43 331
43 334
43 335
44 47
44 64
44 67
44 71
44 102
44 128
44 131
44 132
44 133
44 185
44 254
44 271
44 290
44 297
44 331
44 334
44 335
45 47
45 64
45 67
45 71
45 102
45 128
45 131
45 132
45 133
45 185
45 254
45 271
45 290
45 297
45 331
45 334
45 335
46 47
46 71
46 128
46 131
46 132
46 185
46 254
46 271
46 290
46 297
46 331
46 334
46 335
47 71
47 77
47 96
47 97
47 128
47 131
47 132
47 185
47 218
47 231
47 254
47 271
47 288
47 290
47 297
47 331
47 334
47 335
48 71
48 96
48 97
48 128
48 131
48 132
48 185
48 218
48 231
48 254
48 271
48 288
48 297
48 331
48 334
48 335
49 71
49 96
49 128
49 131
49 132
49 185
49 218
49 231
49 254
49 271
49 288
49 297
49 331
49 334
49 335
50 61
50 74
50 96
50 112
50 128
50 129
50 131
50 132
50 172
50 185
50 210
50 218
50 231
50 254
50 271
50 288
50 297
50 331
50 334
50 335
51 61
51 74
51 80
51 96
51 112
51 128
51 131
51 132
51 172
51 185
51 210
51 231
51 254
51 271
51 288
51 297
51 331
51 334
51 335
52 61
52 74
52 80
52 96
52 112
52 128
52 131
52 132
52 172
52 185
52 210
52 228
52 254
52 271
52 288
52 297
52 331
52 334
52 335
53 61
53 80
53 96
53 128
53 131
53 132
53 162
53 172
53 185
53 210
53 228
53 254
53 271
53 288
53 297
53 331
53 334
53 335
54 61
54 80
54 96
54 128
54 131
54 132
54 162
54 172
54 185
54 210
54 228
54 254
54 271
54 288
54 297
54 331
54 334
54 335
55 60
55 61
55 80
55 96
55 128
55 131
55 132
55 162
55 172
55 185
55 192
55 210
55 228
55 232
55 254
55 271
55 288
55 297
55 331
55 334
55 335
56 60
56 61
56 80
56 96
56 128
56 131
56 132
56 162
56 172
56 185
56 192
56 210
56 228
56 232
56 254
56 271
56 288
56 297
56 331
56 334
56 335
57 60
57 80
57 96
57 98
57 110
57 128
57 131
57 132
57 162
57 172
57 185
57 192
57 210
57 228
57 232
57 254
57 262
57 288
57 289
57 297
57 331
57 334
57 335
58 60
58 80
58 96
58 98
58 110
58 128
58 131
58 132
58 162
58 172
58 185
58 192
58 210
58 228
58 232
58 254
58 262
58 288
58 289
58 297
58 334
58 335
59 60
59 80
59 96
59 98
59 110
59 128
59 131
59 132
59 162
59 172
59 185
59 192
59 210
59 228
59 232
59 254
59 262
59 288
59 289
59 297
59 334
59 335
60 60
60 75
60 80
60 89
60 91
60 96
60 98
60 110
60 128
60 131
60 132
60 138
60 141
60 162
60 170
60 172
60 185
60 192
60 208
60 210
60 228
60 254
60 262
60 288
60 289
60 297
60 334
60 335
61 60
61 75
61 80
61 89
61 91
61 96
61 98
61 110
61 128
61 131
61 132
61 138
61 141
61 162
61 170
61 172
61 185
61 192
61 208
61 210
61 228
61 254
61 262
61 288
61 289
61 297
61 334
61 335
62 60
62 75
62 78
62 80
62 91
62 96
62 98
62 110
62 128
62 131
62 132
62 138
62 141
62 162
62 170
62 172
62 185
62 192
62 208
62 210
62 228
62 254
62 256
62 262
62 288
62 289
62 297
62 334
62 335
63 60
63 75
63 78
63 80
63 91
63 96
63 98
63 110
63 128
63 131
63 132
63 138
63 141
63 162
63 170
63 172
63 185
63 192
63 208
63 210
63 228
63 254
63 256
63 259
63 262
63 288
63 289
63 297
63 334
63 335
64 60
64 66
64 72
64 75
64 78
64 79
64 80
64 91
64 96
64 98
64 110
64 121
64 128
64 131
64 132
64 138
64 141
64 162
64 170
64 172
64 185
64 192
64 208
64 210
64 228
64 254
64 256
64 259
64 262
64 288
64 289
64 297
64 334
64 335
64 349
65 60
65 72
65 75
65 78
65 79
65 80
65 91
65 96
65 98
65 110
65 121
65 128
65 131
65 132
65 138
65 141
65 162
65 170
65 172
65 185
65 192
65 208
65 210
65 228
65 254
65 256
65 259
65 262
65 288
65 289
65 297
65 334
65 335
65 349
66 60
66 72
66 75
66 78
66 79
66 80
66 91
66 96
66 98
66 110
66 121
66 128
66 131
66 132
66 138
66 141
66 162
66 170
66 172
66 185
66 192
66 208
66 210
66 228
66 254
66 256
66 259
66 262
66 288
66 289
66 297
66 334
66 335
66 349
67 60
67 72
67 75
67 78
67 79
67 80
67 91
67 96
67 98
67 110
67 121
67 128
67 131
67 132
67 138
67 141
67 162
67 170
67 172
67 185
67 192
67 208
67 210
67 228
67 254
67 256
67 259
67 262
67 288
67 289
67 297
67 334
67 335
67 349
68 60
68 72
68 75
68 78
68 80
68 91
68 96
68 98
68 110
68 121
68 128
68 131
68 132
68 138
68 141
68 162
68 169
68 170
68 172
68 185
68 192
68 208
68 228
68 254
68 256
68 259
68 262
68 288
68 289
68 297
68 334
68 335
68 349
69 72
69 75
69 78
69 96
69 98
69 110
69 121
69 128
69 131
69 132
69 138
69 141
69 162
69 169
69 170
69 172
69 185
69 192
69 208
69 228
69 254
69 256
69 259
69 262
69 288
69 289
69 297
69 323
69 334
69 335
69 349
70 72
70 75
70 78
70 96
70 98
70 110
70 121
70 128
70 131
70 132
70 138
70 141
70 162
70 169
70 170
70 172
70 185
70 192
70 208
70 228
70 254
70 256
70 259
70 262
70 288
70 297
70 323
70 334
70 335
70 349
71 75
71 78
71 92
71 96
71 98
71 110
71 121
71 128
71 131
71 132
71 138
71 141
71 162
71 169
71 170
71 172
71 185
71 192
71 208
71 228
71 254
71 256
71 259
71 262
71 288
71 297
71 323
71 334
71 335
71 349
72 75
72 78
72 92
72 96
72 98
72 110
72 121
72 128
72 131
72 132
72 138
72 141
72 162
72 169
72 170
72 172
72 185
72 192
72 208
72 228
72 254
72 256
72 259
72 262
72 288
72 297
72 323
72 335
72 349
73 75
73 78
73 92
73 96
73 98
73 110
73 121
73 128
73 131
73 132
73 138
73 141
73 162
73 169
73 170
73 172
73 181
73 185
73 192
73 208
73 228
73 254
73 259
73 262
73 288
73 297
73 323
73 335
73 349
74 75
74 78
74 83
74 92
74 96
74 98
74 101
74 110
74 120
74 121
74 128
74 131
74 132
74 138
74 141
74 162
74 169
74 170
74 171
74 172
74 175
74 181
74 185
74 192
74 208
74 213
74 228
74 254
74 259
74 262
74 288
74 297
74 303
74 323
74 335
75 75
75 78
75 83
75 92
75 96
75 98
75 101
75 110
75 120
75 121
75 128
75 131
75 132
75 138
75 141
75 162
75 169
75 170
75 171
75 172
75 175
75 181
75 185
75 192
75 208
75 213
75 228
75 254
75 259
75 262
75 288
75 297
75 303
75 323
75 335
76 78
76 83
76 85
76 92
76 93
76 96
76 98
76 101
76 110
76 120
76 121
76 131
76 132
76 141
76 162
76 169
76 170
76 171
76 172
76 175
76 181
76 192
76 199
76 208
76 213
76 228
76 254
76 259
76 262
76 288
76 297
76 303
76 323
76 335
76 348
77 78
77 83
77 85
77 92
77 93
77 101
77 110
77 120
77 121
77 124
77 132
77 141
77 144
77 145
77 162
77 169
77 170
77 171
77 172
77 175
77 181
77 182
77 192
77 199
77 208
77 213
77 228
77 254
77 259
77 262
77 288
77 303
77 323
77 335
77 336
77 348
78 78
78 83
78 85
78 92
78 93
78 101
78 110
78 115
78 120
78 124
78 132
78 141
78 144
78 145
78 162
78 169
78 170
78 171
78 172
78 175
78 181
78 182
78 192
78 199
78 208
78 213
78 216
78 228
78 254
78 259
78 262
78 288
78 303
78 323
78 335
78 336
78 348
79 78
79 83
79 85
79 92
79 93
79 101
79 110
79 115
79 120
79 124
79 132
79 141
79 144
79 145
79 162
79 169
79 170
79 171
79 172
79 175
79 181
79 182
79 192
79 199
79 208
79 213
79 216
79 228
79 254
79 259
79 262
79 288
79 303
79 323
79 335
79 336
79 348
80 78
80 83
80 85
80 92
80 93
80 110
80 115
80 120
80 124
80 132
80 141
80 144
80 145
80 162
80 169
80 170
80 171
80 172
80 175
80 181
80 182
80 192
80 199
80 208
80 213
80 216
80 228
80 238
80 254
80 259
80 262
80 288
80 303
80 323
80 335
80 336
80 340
80 348
81 78
81 83
81 92
81 93
81 110
81 115
81 120
81 124
81 132
81 141
81 144
81 145
81 162
81 167
81 169
81 170
81 171
81 172
81 175
81 181
81 182
81 192
81 199
81 208
81 213
81 216
81 228
81 238
81 254
81 259
81 262
81 288
81 303
81 323
81 335
81 336
81 340
81 348
82 78
82 83
82 92
82 93
82 110
82 115
82 120
82 124
82 132
82 141
82 144
82 145
82 162
82 167
82 169
82 170
82 171
82 172
82 175
82 181
82 182
82 192
82 199
82 208
82 213
82 216
82 228
82 238
82 254
82 259
82 262
82 288
82 303
82 323
82 335
82 336
82 340
82 348
83 107
83 115
83 116
83 120
83 124
83 125
83 141
83 144
83 169
83 170
83 172
83 181
83 182
83 186
83 192
83 199
83 208
83 211
83 213
83 220
83 226
83 228
83 238
83 254
83 262
83 288
83 303
83 323
83 335
83 336
83 339
83 340
83 347
84 107
84 115
84 116
84 120
84 124
84 125
84 141
84 144
84 170
84 172
84 182
84 186
84 192
84 199
84 208
84 211
84 213
84 220
84 226
84 228
84 238
84 254
84 262
84 288
84 303
84 309
84 323
84 335
84 336
84 339
84 340
84 347
85 103
85 105
85 107
85 116
85 117
85 120
85 124
85 125
85 141
85 144
85 182
85 186
85 188
85 192
85 199
85 206
85 208
85 211
85 213
85 220
85 226
85 238
85 254
85 262
85 291
85 309
85 323
85 335
85 336
85 339
85 340
86 103
86 105
86 107
86 113
86 116
86 117
86 120
86 124
86 125
86 141
86 144
86 182
86 186
86 188
86 192
86 199
86 206
86 208
86 211
86 213
86 220
86 226
86 238
86 254
86 262
86 291
86 309
86 323
86 335
86 336
86 339
86 340
87 103
87 105
87 113
87 116
87 117
87 120
87 124
87 125
87 144
87 182
87 186
87 188
87 192
87 199
87 206
87 208
87 211
87 213
87 220
87 226
87 238
87 254
87 262
87 291
87 309
87 323
87 335
87 336
87 339
87 340
88 103
88 105
88 113
88 116
88 117
88 120
88 124
88 125
88 144
88 182
88 186
88 188
88 192
88 199
88 206
88 208
88 211
88 213
88 220
88 226
88 238
88 254
88 262
88 291
88 309
88 323
88 335
88 336
88 339
88 340
89 103
89 105
89 113
89 117
89 120
89 124
89 125
89 144
89 182
89 186
89 188
89 192
89 199
89 206
89 208
89 211
89 213
89 220
89 226
89 238
89 254
89 262
89 291
89 309
89 323
89 335
89 336
89 339
89 340
90 105
90 113
90 117
90 120
90 124
90 125
90 144
90 182
90 186
90 188
90 192
90 199
90 206
90 208
90 213
90 220
90 226
90 238
90 254
90 262
90 291
90 309
90 323
90 335
90 336
90 339
90 340
91 105
91 113
91 117
91 120
91 124
91 125
91 144
91 182
91 186
91 188
91 192
91 199
91 206
91 208
91 213
91 220
91 226
91 238
91 254
91 262
91 291
91 309
91 323
91 335
91 336
91 339
91 340
92 113
92 117
92 120
92 124
92 125
92 144
92 182
92 186
92 188
92 190
92 192
92 199
92 206
92 208
92 213
92 220
92 226
92 238
92 254
92 262
92 291
92 309
92 323
92 336
92 339
92 340
93 113
93 120
93 124
93 125
93 134
93 144
93 156
93 168
93 178
93 186
93 188
93 190
93 192
93 195
93 199
93 206
93 208
93 213
93 226
93 238
93 246
93 254
93 262
93 291
93 309
93 323
93 336
93 339
93 340
94 113
94 120
94 124
94 125
94 134
94 144
94 156
94 168
94 178
94 186
94 188
94 190
94 192
94 195
94 199
94 206
94 208
94 213
94 226
94 238
94 246
94 254
94 262
94 291
94 309
94 323
94 336
94 339
94 340
95 113
95 120
95 124
95 125
95 134
95 144
95 156
95 168
95 178
95 186
95 188
95 190
95 192
95 195
95 199
95 206
95 208
95 213
95 226
95 238
95 246
95 254
95 262
95 291
95 309
95 323
95 336
95 339
95 340
96 120
96 124
96 125
96 140
96 144
96 168
96 178
96 186
96 188
96 190
96 192
96 195
96 199
96 206
96 208
96 213
96 226
96 238
96 246
96 254
96 262
96 291
96 309
96 323
96 336
96 339
96 340
97 120
97 124
97 140
97 144
97 168
97 178
97 186
97 188
97 190
97 192
97 195
97 199
97 206
97 213
97 226
97 238
97 246
97 254
97 262
97 291
97 309
97 323
97 336
97 339
97 340
98 120
98 122
98 140
98 144
98 168
98 178
98 186
98 188
98 190
98 192
98 195
98 199
98 206
98 213
98 226
98 238
98 246
98 254
98 262
98 291
98 309
98 323
98 336
98 340
99 114
99 120
99 122
99 140
99 144
99 163
99 168
99 178
99 186
99 188
99 190
99 192
99 195
99 199
99 206
99 213
99 226
99 238
99 246
99 254
99 257
99 262
99 270
99 291
99 306
99 309
99 323
99 336
99 340
100 114
100 120
100 122
100 140
100 144
100 163
100 178
100 186
100 188
100 190
100 192
100 195
100 199
100 206
100 213
100 226
100 238
100 246
100 254
100 257
100 262
100 270
100 291
100 306
100 309
100 323
100 336
100 340
101 114
101 120
101 122
101 140
101 144
101 163
101 178
101 186
101 188
101 190
101 192
101 195
101 199
101 206
101 213
101 226
101 238
101 246
101 254
101 257
101 262
101 270
101 291
101 306
101 309
101 323
101 336
101 340
102 114
102 120
102 122
102 140
102 144
102 163
102 178
102 186
102 188
102 190
102 192
102 195
102 199
102 206
102 213
102 226
102 238
102 246
102 254
102 257
102 262
102 270
102 291
102 306
102 309
102 323
102 336
102 340
103 114
103 120
103 122
103 140
103 144
103 163
103 178
103 186
103 188
103 190
103 192
103 195
103 199
103 206
103 213
103 226
103 238
103 246
103 254
103 257
103 262
103 270
103 291
103 306
103 309
103 323
103 336
103 340
104 114
104 120
104 122
104 140
104 144
104 151
104 160
104 163
104 166
104 178
104 186
104 187
104 188
104 190
104 192
104 195
104 199
104 206
104 213
104 226
104 238
104 246
104 254
104 257
104 262
104 270
104 291
104 306
104 309
104 323
104 336
104 340
105 111
105 114
105 118
105 120
105 122
105 139
105 140
105 151
105 160
105 163
105 166
105 178
105 186
105 187
105 188
105 190
105 192
105 195
105 199
105 206
105 213
105 226
105 238
105 246
105 254
105 257
105 262
105 270
105 272
105 291
105 309
105 336
105 340
106 114
106 118
106 120
106 122
106 139
106 140
106 151
106 160
106 163
106 166
106 178
106 186
106 187
106 188
106 190
106 192
106 195
106 199
106 206
106 213
106 230
106 238
106 254
106 257
106 262
106 272
106 275
106 276
106 291
106 309
106 336
106 340
107 114
107 118
107 120
107 122
107 139
107 140
107 151
107 160
107 163
107 166
107 178
107 186
107 187
107 188
107 190
107 192
107 195
107 199
107 206
107 213
107 230
107 238
107 254
107 257
107 262
107 272
107 275
107 276
107 291
107 309
107 336
107 340
108 114
108 118
108 120
108 122
108 139
108 140
108 151
108 160
108 163
108 166
108 178
108 186
108 187
108 188
108 190
108 192
108 195
108 199
108 206
108 213
108 230
108 238
108 254
108 257
108 262
108 272
108 275
108 276
108 291
108 309
108 336
108 340
109 114
109 118
109 120
109 122
109 139
109 140
109 151
109 160
109 163
109 166
109 178
109 186
109 187
109 188
109 190
109 192
109 199
109 206
109 213
109 230
109 238
109 254
109 257
109 262
109 272
109 275
109 291
109 309
109 336
109 340
110 114
110 118
110 120
110 122
110 139
110 140
110 151
110 160
110 163
110 166
110 178
110 186
110 187
110 188
110 190
110 192
110 199
110 206
110 213
110 238
110 254
110 257
110 262
110 272
110 275
110 291
110 309
110 336
110 340
111 118
111 120
111 149
111 151
111 160
111 163
111 173
111 178
111 183
111 186
111 187
111 188
111 190
111 192
111 213
111 238
111 254
111 257
111 262
111 272
111 275
111 291
111 309
111 336
111 340
111 345
112 118
112 120
112 148
112 149
112 151
112 160
112 173
112 178
112 183
112 186
112 187
112 188
112 209
112 213
112 219
112 238
112 254
112 257
112 262
112 272
112 275
112 291
112 309
112 336
112 340
112 345
113 120
113 148
113 149
113 151
113 160
113 173
113 178
113 183
113 187
113 188
113 209
113 213
113 219
113 238
113 254
113 257
113 262
113 272
113 275
113 291
113 336
113 340
113 345
114 120
114 148
114 149
114 151
114 160
114 173
114 178
114 183
114 187
114 188
114 209
114 213
114 219
114 238
114 254
114 257
114 262
114 272
114 275
114 291
114 336
114 340
114 345
115 120
115 148
115 149
115 151
115 160
115 161
115 173
115 178
115 183
115 187
115 188
115 209
115 213
115 219
115 238
115 254
115 257
115 262
115 272
115 275
115 291
115 336
115 340
115 345
116 120
116 148
116 149
116 151
116 160
116 161
116 173
116 178
116 183
116 187
116 188
116 209
116 213
116 219
116 221
116 238
116 254
116 257
116 262
116 272
116 275
116 291
116 336
116 340
116 345
117 120
117 148
117 149
117 151
117 160
117 161
117 173
117 178
117 183
117 187
117 188
117 209
117 213
117 219
117 221
117 238
117 254
117 257
117 262
117 272
117 275
117 291
117 336
117 340
117 345
118 120
118 148
118 149
118 153
118 160
118 161
118 173
118 178
118 179
118 187
118 188
118 209
118 213
118 219
118 221
118 255
118 257
118 262
118 264
118 272
118 275
118 283
118 314
118 322
118 336
118 338
118 340
118 345
119 120
119 143
119 148
119 149
119 153
119 160
119 161
119 173
119 178
119 179
119 187
119 188
119 209
119 213
119 219
119 221
119 225
119 255
119 257
119 262
119 264
119 272
119 273
119 275
119 283
119 314
119 322
119 336
119 338
119 340
119 345
120 120
120 135
120 143
120 148
120 149
120 160
120 161
120 173
120 179
120 187
120 188
120 209
120 213
120 219
120 221
120 225
120 233
120 255
120 257
120 262
120 264
120 273
120 275
120 283
120 314
120 322
120 336
120 338
120 340
120 345
121 120
121 135
121 143
121 148
121 149
121 160
121 161
121 173
121 179
121 187
121 188
121 209
121 213
121 219
121 221
121 225
121 233
121 255
121 257
121 262
121 264
121 273
121 275
121 283
121 314
121 322
121 336
121 338
121 340
121 345
122 120
122 135
122 143
122 148
122 149
122 160
122 161
122 173
122 179
122 187
122 188
122 209
122 213
122 219
122 221
122 225
122 233
122 255
122 257
122 262
122 264
122 273
122 275
122 283
122 314
122 322
122 336
122 338
122 340
122 341
122 345
123 135
123 149
123 157
123 161
123 187
123 188
123 198
123 213
123 219
123 221
123 225
123 233
123 255
123 257
123 262
123 264
123 266
123 275
123 283
123 302
123 314
123 322
123 326
123 336
123 338
123 341
123 345
124 127
124 135
124 149
124 157
124 161
124 198
124 213
124 219
124 221
124 225
124 233
124 255
124 257
124 262
124 266
124 283
124 295
124 302
124 305
124 314
124 322
124 326
124 336
124 338
124 341
124 345
125 127
125 135
125 149
125 157
125 198
125 203
125 204
125 213
125 219
125 223
125 233
125 249
125 255
125 257
125 262
125 266
125 283
125 295
125 310
125 314
125 322
125 326
125 336
125 338
125 341
125 345
126 127
126 135
126 149
126 157
126 198
126 203
126 204
126 213
126 219
126 223
126 233
126 249
126 255
126 257
126 262
126 266
126 283
126 295
126 310
126 314
126 322
126 326
126 336
126 338
126 341
126 345
127 127
127 149
127 157
127 198
127 203
127 204
127 213
127 219
127 223
127 234
127 245
127 249
127 255
127 257
127 262
127 266
127 283
127 295
127 310
127 314
127 326
127 336
127 338
127 341
127 345
128 127
128 149
128 155
128 157
128 198
128 203
128 204
128 213
128 219
128 223
128 234
128 249
128 255
128 257
128 262
128 266
128 283
128 295
128 310
128 314
128 326
128 336
128 338
128 341
128 345
129 127
129 146
129 149
129 155
129 157
129 198
129 203
129 204
129 213
129 219
129 223
129 234
129 236
129 249
129 255
129 257
129 262
129 266
129 283
129 295
129 310
129 316
129 326
129 336
129 338
129 341
129 345
130 127
130 149
130 155
130 157
130 198
130 203
130 204
130 213
130 219
130 223
130 234
130 235
130 236
130 249
130 255
130 257
130 262
130 265
130 266
130 283
130 295
130 310
130 316
130 326
130 336
130 338
130 341
130 345
131 127
131 149
131 155
131 157
131 198
131 203
131 204
131 213
131 219
131 223
131 234
131 235
131 236
131 237
131 249
131 255
131 257
131 262
131 265
131 266
131 283
131 295
131 310
131 316
131 326
131 336
131 338
131 341
131 345
132 127
132 149
132 155
132 157
132 198
132 203
132 204
132 207
132 213
132 219
132 223
132 234
132 235
132 236
132 237
132 249
132 255
132 257
132 262
132 265
132 266
132 283
132 295
132 310
132 316
132 326
132 336
132 338
132 341
132 345
133 127
133 149
133 155
133 157
133 198
133 203
133 204
133 207
133 213
133 219
133 223
133 234
133 235
133 236
133 237
133 249
133 255
133 257
133 262
133 265
133 266
133 283
133 295
133 310
133 316
133 326
133 336
133 338
133 341
133 345
134 127
134 149
134 155
134 157
134 198
134 203
134 204
134 207
134 213
134 219
134 223
134 234
134 235
134 236
134 237
134 249
134 255
134 257
134 262
134 265
134 266
134 283
134 295
134 310
134 316
134 326
134 336
134 338
134 341
135 127
135 149
135 155
135 157
135 198
135 203
135 204
135 207
135 213
135 219
135 223
135 234
135 235
135 236
135 237
135 249
135 255
135 257
135 262
135 265
135 266
135 283
135 295
135 310
135 316
135 326
135 336
135 338
135 341
136 127
136 149
136 155
136 157
136 198
136 203
136 204
136 207
136 213
136 223
136 227
136 234
136 235
136 237
136 249
136 255
136 257
136 262
136 265
136 266
136 283
136 295
136 310
136 316
136 326
136 336
136 338
136 341
137 127
137 149
137 155
137 157
137 198
137 203
137 204
137 207
137 213
137 217
137 223
137 227
137 234
137 235
137 237
137 249
137 255
137 257
137 262
137 263
137 265
137 266
137 283
137 295
137 310
137 316
137 326
137 336
137 338
137 341
138 149
138 155
138 157
138 198
138 203
138 204
138 207
138 213
138 217
138 222
138 223
138 227
138 234
138 237
138 249
138 255
138 257
138 262
138 263
138 265
138 266
138 283
138 295
138 310
138 316
138 326
138 336
138 338
138 341
139 149
139 155
139 157
139 165
139 198
139 203
139 204
139 207
139 213
139 217
139 222
139 223
139 227
139 237
139 249
139 255
139 257
139 262
139 263
139 265
139 266
139 283
139 295
139 310
139 316
139 326
139 336
139 338
139 341
140 149
140 155
140 157
140 165
140 198
140 203
140 204
140 207
140 213
140 217
140 222
140 223
140 227
140 249
140 255
140 257
140 262
140 263
140 265
140 266
140 283
140 295
140 310
140 316
140 326
140 338
140 341
141 149
141 155
141 157
141 159
141 165
141 198
141 203
141 204
141 207
141 213
141 217
141 222
141 223
141 227
141 255
141 257
141 262
141 263
141 265
141 283
141 295
141 310
141 316
141 326
141 338
141 341
142 149
142 155
142 157
142 159
142 165
142 198
142 203
142 204
142 207
142 213
142 217
142 222
142 223
142 227
142 255
142 257
142 262
142 263
142 265
142 283
142 295
142 310
142 316
142 326
142 338
142 341
143 149
143 155
143 157
143 159
143 165
143 198
143 203
143 204
143 207
143 213
143 217
143 222
143 223
143 227
143 255
143 257
143 262
143 263
143 265
143 283
143 310
143 316
143 326
143 338
143 341
144 157
144 165
144 198
144 203
144 207
144 213
144 217
144 222
144 223
144 227
144 239
144 255
144 257
144 263
144 265
144 283
144 310
144 326
144 338
144 341
145 154
145 165
145 197
145 198
145 203
145 207
145 213
145 217
145 222
145 223
145 227
145 239
145 255
145 257
145 263
145 265
145 281
145 283
145 310
145 326
145 338
145 341
146 154
146 165
146 197
146 203
146 207
146 213
146 217
146 222
146 223
146 227
146 239
146 255
146 257
146 263
146 265
146 281
146 283
146 310
146 326
146 338
146 341
147 154
147 164
147 165
147 197
147 203
147 207
147 213
147 217
147 222
147 223
147 239
147 255
147 257
147 263
147 265
147 281
147 283
147 310
147 326
147 338
147 341
148 154
148 164
148 165
148 197
148 203
148 207
148 213
148 217
148 222
148 223
148 239
148 255
148 263
148 265
148 281
148 283
148 310
148 326
148 338
148 341
149 154
149 164
149 165
149 197
149 203
149 207
149 213
149 217
149 222
149 223
149 239
149 255
149 263
149 265
149 281
149 283
149 310
149 326
149 338
149 341
150 154
150 164
150 193
150 197
150 203
150 207
150 213
150 217
150 222
150 223
150 239
150 255
150 263
150 265
150 281
150 283
150 310
150 326
150 338
151 154
151 164
151 193
151 197
151 203
151 207
151 213
151 217
151 222
151 223
151 239
151 255
151 263
151 265
151 281
151 283
151 310
151 326
151 338
152 154
152 164
152 193
152 197
152 203
152 207
152 213
152 217
152 222
152 223
152 239
152 255
152 263
152 265
152 280
152 281
152 283
152 310
152 326
152 338
153 154
153 164
153 177
153 193
153 197
153 203
153 217
153 222
153 223
153 239
153 255
153 263
153 265
153 280
153 281
153 283
153 308
153 326
153 338
154 154
154 177
154 193
154 197
154 203
154 217
154 222
154 223
154 239
154 255
154 263
154 265
154 280
154 281
154 283
154 308
154 326
154 338
155 154
155 177
155 193
155 197
155 203
155 217
155 222
155 223
155 239
155 255
155 263
155 265
155 280
155 281
155 283
155 308
155 326
155 338
156 193
156 197
156 203
156 217
156 222
156 239
156 255
156 263
156 280
156 281
156 283
156 308
156 326
156 338
157 203
157 217
157 222
157 239
157 255
157 263
157 280
157 281
157 283
157 308
157 326
157 338
158 203
158 217
158 222
158 239
158 255
158 263
158 280
158 281
158 283
158 308
158 326
158 338
159 203
159 217
159 222
159 239
159 255
159 263
159 280
159 281
159 283
159 308
159 326
159 338
160 203
160 217
160 222
160 239
160 255
160 263
160 280
160 281
160 283
160 308
160 326
160 338
161 203
161 217
161 222
161 239
161 255
161 263
161 280
161 281
161 283
161 308
161 326
161 338
162 203
162 217
162 222
162 239
162 255
162 263
162 280
162 281
162 283
162 308
162 338
163 174
163 203
163 217
163 222
163 239
163 255
163 263
163 274
163 277
163 280
163 281
163 282
163 287
163 308
163 338
164 174
164 203
164 217
164 222
164 239
164 255
164 263
164 274
164 277
164 280
164 281
164 282
164 287
164 308
164 338
165 174
165 203
165 217
165 222
165 239
165 255
165 263
165 274
165 277
165 280
165 281
165 282
165 287
165 308
165 338
166 174
166 203
166 217
166 222
166 239
166 255
166 263
166 274
166 277
166 280
166 281
166 282
166 287
166 308
166 318
166 338
167 174
167 203
167 217
167 222
167 239
167 255
167 263
167 274
167 277
167 280
167 281
167 282
167 287
167 308
167 318
167 338
168 174
168 203
168 217
168 222
168 239
168 255
168 263
168 274
168 277
168 280
168 281
168 282
168 287
168 308
168 318
168 338
169 174
169 203
169 217
169 222
169 239
169 255
169 263
169 274
169 277
169 280
169 281
169 282
169 287
169 308
169 318
169 338
170 174
170 203
170 217
170 222
170 239
170 255
170 263
170 274
170 277
170 280
170 281
170 287
170 308
170 318
170 338
171 174
171 203
171 217
171 222
171 239
171 255
171 263
171 274
171 277
171 280
171 281
171 287
171 308
171 318
171 338
172 174
172 217
172 224
172 239
172 252
172 255
172 263
172 274
172 277
172 280
172 281
172 287
172 308
172 318
172 338
173 174
173 217
173 224
173 239
173 252
173 255
173 263
173 274
173 277
173 280
173 281
173 287
173 308
173 318
173 338
174 174
174 184
174 217
174 224
174 239
174 252
174 255
174 263
174 274
174 277
174 280
174 281
174 287
174 308
174 318
174 338
175 184
175 224
175 239
175 255
175 274
175 277
175 280
175 281
175 287
175 308
175 311
175 318
175 338
176 184
176 224
176 239
176 255
176 274
176 277
176 280
176 281
176 287
176 308
176 311
176 318
176 338
177 184
177 224
177 239
177 255
177 274
177 277
177 280
177 281
177 287
177 308
177 311
177 318
177 338
178 189
178 214
178 224
178 239
178 255
178 274
178 277
178 280
178 281
178 287
178 308
178 311
178 318
178 338
179 189
179 214
179 224
179 239
179 255
179 274
179 277
179 280
179 281
179 287
179 308
179 311
179 318
179 338
180 189
180 194
180 214
180 224
180 239
180 247
180 274
180 277
180 280
180 281
180 287
180 304
180 308
180 311
180 318
180 338
181 194
181 214
181 224
181 247
181 274
181 277
181 280
181 281
181 287
181 304
181 308
181 311
181 318
181 338
182 194
182 214
182 224
182 247
182 253
182 274
182 277
182 280
182 281
182 287
182 304
182 308
182 311
182 318
182 338
183 194
183 214
183 224
183 240
183 247
183 253
183 274
183 277
183 281
183 284
183 287
183 304
183 308
183 311
183 318
184 194
184 214
184 240
184 247
184 253
184 274
184 277
184 279
184 281
184 284
184 287
184 304
184 311
184 318
185 191
185 194
185 214
185 240
185 247
185 253
185 277
185 279
185 281
185 284
185 287
185 294
185 304
185 311
185 318
186 191
186 194
186 214
186 240
186 247
186 253
186 277
186 279
186 281
186 284
186 287
186 294
186 304
186 311
186 318
187 191
187 194
187 214
187 240
187 243
187 247
187 253
187 277
187 281
187 284
187 287
187 294
187 304
187 311
187 318
188 191
188 194
188 214
188 240
188 243
188 247
188 253
188 277
188 281
188 284
188 287
188 294
188 304
188 311
188 318
189 194
189 240
189 243
189 247
189 253
189 281
189 284
189 287
189 294
189 304
189 311
189 318
190 194
190 240
190 243
190 247
190 253
190 281
190 284
190 287
190 294
190 304
190 311
190 318
191 194
191 240
191 243
191 247
191 253
191 281
191 284
191 287
191 294
191 304
191 311
191 318
192 194
192 240
192 243
192 247
192 253
192 281
192 284
192 287
192 294
192 304
192 311
192 318
193 194
193 240
193 243
193 247
193 253
193 281
193 284
193 287
193 294
193 304
193 311
193 318
194 194
194 240
194 243
194 247
194 253
194 281
194 284
194 287
194 294
194 304
194 311
194 318
195 194
195 240
195 243
195 247
195 253
195 281
195 284
195 287
195 294
195 304
195 311
195 318
196 194
196 240
196 243
196 247
196 253
196 281
196 284
196 287
196 294
196 304
196 311
196 318
197 194
197 240
197 243
197 247
197 253
197 281
197 284
197 287
197 294
197 304
197 311
197 318
198 194
198 200
198 240
198 243
198 247
198 250
198 253
198 281
198 284
198 287
198 294
198 304
198 311
198 318
199 194
199 200
199 240
199 243
199 247
199 250
199 253
199 281
199 284
199 287
199 294
199 304
199 311
199 318
200 194
200 200
200 240
200 243
200 247
200 250
200 253
200 281
200 284
200 287
200 294
200 304
200 311
200 318
201 194
201 200
201 240
201 243
201 247
201 250
201 253
201 281
201 284
201 287
201 294
201 304
201 311
201 318
202 194
202 200
202 240
202 243
202 247
202 250
202 253
202 281
202 284
202 287
202 294
202 304
202 311
202 318
203 194
203 200
203 240
203 243
203 247
203 250
203 253
203 281
203 284
203 287
203 294
203 304
203 311
203 318
204 194
204 200
204 240
204 243
204 247
204 250
204 253
204 281
204 284
204 287
204 294
204 304
204 311
204 318
205 194
205 240
205 243
205 247
205 250
205 253
205 281
205 284
205 287
205 294
205 304
205 311
205 318
205 319
206 194
206 240
206 243
206 247
206 250
206 253
206 281
206 284
206 287
206 294
206 304
206 311
206 318
206 319
207 194
207 240
207 243
207 247
207 250
207 253
207 281
207 284
207 287
207 294
207 296
207 304
207 311
207 318
207 319
207 343
208 194
208 240
208 243
208 247
208 250
208 253
208 281
208 284
208 287
208 294
208 296
208 299
208 304
208 311
208 318
208 319
208 343
209 194
209 240
209 243
209 248
209 250
209 253
209 281
209 284
209 287
209 294
209 296
209 299
209 304
209 311
209 318
209 319
209 343
209 344
210 194
210 240
210 243
210 248
210 250
210 253
210 281
210 284
210 296
210 299
210 300
210 311
210 318
210 319
210 343
210 344
211 194
211 240
211 243
211 248
211 250
211 253
211 260
211 284
211 296
211 299
211 300
211 311
211 318
211 319
211 343
211 344
212 194
212 240
212 243
212 248
212 250
212 253
212 260
212 284
212 296
212 299
212 300
212 311
212 318
212 319
212 343
212 344
213 229
213 240
213 243
213 248
213 250
213 253
213 260
213 284
213 292
213 296
213 299
213 300
213 311
213 315
213 318
213 319
213 343
213 344
214 229
214 240
214 243
214 248
214 250
214 253
214 260
214 284
214 292
214 296
214 299
214 300
214 311
214 315
214 318
214 319
214 343
214 344
215 229
215 240
215 248
215 253
215 260
215 284
215 292
215 296
215 299
215 300
215 311
215 315
215 318
215 319
215 343
215 344
216 229
216 240
216 248
216 253
216 260
216 284
216 292
216 296
216 299
216 300
216 311
216 315
216 318
216 319
216 343
216 344
217 229
217 240
217 248
217 253
217 260
217 284
217 292
217 296
217 299
217 300
217 311
217 315
217 318
217 319
217 343
217 344
218 229
218 240
218 241
218 248
218 253
218 260
218 269
218 284
218 292
218 296
218 299
218 300
218 311
218 313
218 315
218 318
218 319
218 343
218 344
219 229
219 248
219 253
219 260
219 284
219 296
219 298
219 299
219 300
219 311
219 313
219 315
219 318
219 319
219 343
219 344
220 229
220 248
220 253
220 260
220 284
220 298
220 299
220 300
220 311
220 313
220 315
220 318
220 343
220 344
221 229
221 248
221 253
221 260
221 284
221 298
221 299
221 300
221 311
221 313
221 315
221 318
221 343
221 344
222 229
222 248
222 253
222 260
222 284
222 298
222 300
222 313
222 315
222 318
222 343
222 344
223 229
223 242
223 248
223 253
223 260
223 284
223 298
223 300
223 313
223 315
223 318
223 343
223 344
224 229
224 242
224 248
224 253
224 260
224 284
224 298
224 300
224 313
224 315
224 318
224 343
224 344
225 229
225 242
225 248
225 253
225 260
225 284
225 298
225 300
225 313
225 315
225 318
225 343
225 344
226 229
226 242
226 248
226 253
226 260
226 284
226 298
226 300
226 313
226 315
226 318
226 343
226 344
227 229
227 242
227 248
227 253
227 260
227 284
227 298
227 300
227 313
227 315
227 318
227 343
227 344
228 229
228 242
228 248
228 253
228 260
228 284
228 286
228 293
228 298
228 300
228 313
228 315
228 318
228 343
229 229
229 242
229 248
229 253
229 260
229 284
229 286
229 293
229 298
229 300
229 313
229 315
229 318
230 229
230 242
230 248
230 253
230 260
230 284
230 286
230 293
230 298
230 300
230 313
230 315
230 318
231 229
231 242
231 248
231 253
231 260
231 284
231 286
231 293
231 298
231 300
231 313
231 315
231 318
232 229
232 242
232 248
232 253
232 260
232 284
232 286
232 293
232 298
232 300
232 313
232 315
233 229
233 242
233 248
233 253
233 260
233 284
233 286
233 293
233 298
233 300
233 313
233 315
234 229
234 242
234 248
234 253
234 258
234 260
234 284
234 286
234 293
234 298
234 300
234 313
234 315
234 332
235 242
235 248
235 253
235 258
235 260
235 284
235 286
235 293
235 298
235 300
235 313
235 315
235 332
236 242
236 248
236 253
236 258
236 260
236 284
236 286
236 293
236 298
236 300
236 313
236 315
236 332
237 242
237 248
237 253
237 258
237 260
237 284
237 286
237 293
237 298
237 300
237 313
237 315
237 332
238 242
238 248
238 253
238 258
238 260
238 284
238 286
238 293
238 298
238 300
238 313
238 315
238 332
239 242
239 248
239 253
239 258
239 260
239 284
239 286
239 293
239 298
239 300
239 313
239 315
239 320
239 332
240 242
240 248
240 253
240 258
240 260
240 284
240 286
240 293
240 298
240 300
240 313
240 315
240 320
240 332
241 248
241 253
241 258
241 284
241 286
241 293
241 298
241 300
241 313
241 320
241 332
242 253
242 258
242 284
242 286
242 293
242 298
242 300
242 313
242 320
242 332
243 253
243 258
243 284
243 286
243 293
243 298
243 300
243 313
243 332
243 337
244 253
244 258
244 284
244 286
244 293
244 298
244 300
244 313
244 332
244 337
245 253
245 258
245 284
245 286
245 293
245 298
245 300
245 313
245 332
245 337
246 253
246 258
246 284
246 286
246 293
246 298
246 300
246 313
246 332
246 337
247 253
247 258
247 284
247 286
247 293
247 298
247 300
247 313
247 332
247 337
248 253
248 258
248 284
248 286
248 293
248 298
248 300
248 313
248 332
248 337
249 253
249 258
249 284
249 286
249 293
249 298
249 300
249 313
249 324
249 332
249 337
250 253
250 258
250 284
250 286
250 293
250 298
250 300
250 313
250 324
250 332
250 337
251 253
251 258
251 284
251 286
251 293
251 298
251 300
251 313
251 324
251 332
251 337
252 253
252 258
252 284
252 286
252 293
252 298
252 300
252 313
252 324
252 327
252 332
252 337
253 258
253 284
253 286
253 293
253 298
253 300
253 313
253 324
253 327
253 332
253 337
254 258
254 284
254 286
254 293
254 298
254 300
254 313
254 324
254 327
254 332
254 337
255 284
255 286
255 293
255 298
255 300
255 313
255 324
255 327
255 332
255 337
256 284
256 286
256 293
256 298
256 300
256 313
256 324
256 327
256 332
256 337
257 284
257 293
257 298
257 300
257 313
257 324
257 327
257 332
257 337
258 284
258 293
258 298
258 300
258 313
258 324
258 327
258 332
258 337
259 284
259 293
259 298
259 300
259 313
259 324
259 327
259 332
259 337
260 284
260 293
260 298
260 300
260 313
260 324
260 327
260 332
260 337
261 284
261 293
261 298
261 300
261 313
261 324
261 327
261 332
261 337
262 284
262 293
262 298
262 300
262 313
262 324
262 327
262 332
262 337
263 284
263 298
263 300
263 313
263 327
263 332
263 337
264 284
264 298
264 300
264 313
264 327
264 332
264 337
265 284
265 298
265 300
265 313
265 327
265 332
265 337
266 284
266 298
266 300
266 313
266 321
266 327
266 332
266 337
267 284
267 298
267 300
267 313
267 321
267 327
267 332
267 337
268 284
268 298
268 300
268 313
268 321
268 327
268 332
268 337
269 284
269 298
269 300
269 313
269 321
269 327
269 332
269 337
270 284
270 298
270 300
270 313
270 321
270 327
270 332
270 337
271 284
271 298
271 300
271 313
271 321
271 327
271 332
271 337
272 284
272 298
272 313
272 321
272 327
272 332
272 337
273 298
273 313
273 321
273 327
273 332
273 337
274 298
274 313
274 321
274 327
274 332
274 337
275 298
275 313
275 321
275 327
275 332
275 337
276 298
276 313
276 321
276 327
276 332
276 337
277 298
277 313
277 321
277 327
277 332
277 337
278 298
278 313
278 321
278 327
278 337
279 298
279 313
279 321
279 327
279 337
280 298
280 313
280 321
280 327
280 337
281 298
281 313
281 321
281 327
281 337
282 298
282 313
282 321
282 337
283 313
283 321
283 337
284 313
284 321
284 337
285 312
285 321
285 337
286 312
286 321
286 337
287 312
287 321
287 337
288 312
288 321
288 337
289 312
289 321
289 337
290 321
290 337
291 321
291 337
292 321
292 337
293 321
293 337
294 301
294 321
294 337
295 301
295 321
295 337
296 301
296 321
296 337
297 301
297 333
297 337
298 301
298 337
299 301
299 337
300 301
300 337
301 301
301 337
302 301
302 337
303 301
303 317
303 337
304 301
304 317
304 337
305 301
305 317
305 337
306 317
306 337
307 317
307 337
308 317
308 337
309 317
309 330
309 337
310 317
310 329
310 330
310 337
311 317
311 329
311 330
312 317
312 329
312 330
313 329
313 330
313 346
314 329
314 330
314 346
315 329
315 330
315 346
316 329
316 330
316 346
317 329
317 330
317 346
318 329
318 330
318 346
319 329
319 330
319 346
320 329
320 330
320 346
321 329
321 330
321 346
322 329
322 330
322 346
323 329
323 330
323 346
324 329
324 330
324 346
325 329
325 330
325 346
326 329
326 330
326 346
327 329
327 330
327 346
328 329
328 330
328 346
329 329
329 346
330 329
330 346
331 329
331 346
332 329
332 346
333 329
333 346
334 329
334 346
335 329
335 346
336 329
336 346
337 329
337 346
338 329
338 346
339 329
339 346
340 329
340 346
341 346
342 346
343 346
344 346
345 346
346 346
347 346
348 346
349 346
