0 19
0 211
1 18
1 27
1 67
1 74
1 109
1 192
1 204
1 209
1 211
1 220
1 233
1 331
2 17
2 18
2 26
2 27
2 67
2 74
2 109
2 192
2 204
2 209
2 211
2 220
2 233
2 331
3 17
3 18
3 26
3 27
3 67
3 74
3 109
3 192
3 204
3 209
3 211
3 220
3 233
3 331
4 18
4 26
4 27
4 42
4 67
4 74
4 103
4 109
4 192
4 204
4 209
4 211
4 220
4 233
4 331
5 18
5 26
5 27
5 42
5 67
5 74
5 103
5 109
5 192
5 204
5 209
5 211
5 220
5 233
5 331
6 26
6 42
6 67
6 74
6 95
6 103
6 109
6 126
6 192
6 195
6 204
6 209
6 211
6 220
6 233
6 331
7 14
7 26
7 42
7 67
7 74
7 95
7 103
7 109
7 126
7 135
7 192
7 195
7 204
7 209
7 211
7 220
7 233
7 331
8 61
8 67
8 75
8 95
8 103
8 109
8 120
8 126
8 135
8 180
8 192
8 204
8 209
8 211
8 220
8 233
8 250
8 331
9 44
9 61
9 67
9 75
9 103
9 109
9 120
9 126
9 135
9 180
9 192
9 204
9 209
9 211
9 220
9 233
9 250
9 331
10 12
10 21
10 34
10 44
10 53
10 67
10 88
10 103
10 109
10 126
10 135
10 180
10 186
10 192
10 204
10 209
10 211
10 220
10 243
10 250
10 331
11 12
11 21
11 34
11 44
11 53
11 67
11 88
11 103
11 109
11 126
11 135
11 180
11 186
11 192
11 204
11 209
11 211
11 220
11 243
11 250
11 331
12 34
12 44
12 53
12 67
12 88
12 103
12 109
12 126
12 135
12 147
12 180
12 186
12 192
12 204
12 211
12 220
12 243
12 250
12 303
12 331
13 34
13 44
13 53
13 67
13 88
13 103
13 109
13 126
13 135
13 147
13 180
13 186
13 192
13 204
13 211
13 220
13 243
13 250
13 303
13 331
14 29
14 34
14 43
14 46
14 67
14 88
14 103
14 109
14 135
14 147
14 180
14 186
14 192
14 211
14 243
14 250
14 303
14 331
15 29
15 34
15 43
15 46
15 67
15 88
15 103
15 109
15 135
15 147
15 180
15 186
15 192
15 211
15 243
15 250
15 303
15 331
16 29
16 43
16 46
16 67
16 88
16 103
16 109
16 135
16 147
16 180
16 186
16 192
16 211
16 243
16 250
16 303
16 331
17 29
17 43
17 45
17 46
17 67
17 88
17 103
17 109
17 147
17 148
17 180
17 186
17 192
17 211
17 243
17 250
17 303
17 317
17 331
18 20
18 22
18 24
18 29
18 43
18 46
18 88
18 103
18 109
18 144
18 147
18 148
18 180
18 186
18 192
18 211
18 243
18 250
18 303
18 317
18 331
18 346
19 20
19 22
19 24
19 29
19 43
19 46
19 88
19 103
19 108
19 109
19 144
19 147
19 148
19 180
19 186
19 192
19 211
19 243
19 250
19 303
19 317
19 331
19 346
20 20
20 29
20 37
20 39
20 43
20 46
20 62
20 87
20 88
20 103
20 108
20 109
20 144
20 147
20 180
20 191
20 192
20 211
20 215
20 243
20 250
20 303
20 317
20 346
21 25
21 37
21 43
21 46
21 62
21 86
21 87
21 88
21 103
21 109
21 144
21 147
21 175
21 180
21 192
21 211
21 215
21 243
21 250
21 275
21 303
21 317
21 340
21 346
22 25
22 33
22 37
22 62
22 66
22 86
22 87
22 109
22 144
22 147
22 175
22 180
22 192
22 211
22 215
22 243
22 250
22 254
22 275
22 303
22 317
22 340
22 346
23 25
23 37
23 62
23 66
23 86
23 87
23 147
23 159
23 175
23 180
23 192
23 211
23 215
23 219
23 243
23 250
23 254
23 275
23 317
23 340
23 346
24 25
24 50
24 62
24 66
24 86
24 87
24 147
24 159
24 171
24 175
24 180
24 192
24 211
24 215
24 219
24 232
24 243
24 250
24 254
24 275
24 317
24 340
24 346
25 25
25 30
25 32
25 35
25 40
25 50
25 62
25 66
25 83
25 87
25 90
25 147
25 159
25 171
25 175
25 180
25 192
25 194
25 215
25 232
25 243
25 250
25 254
25 275
25 300
25 340
25 346
26 25
26 30
26 32
26 35
26 40
26 50
26 62
26 66
26 83
26 90
26 147
26 159
26 171
26 175
26 180
26 192
26 194
26 215
26 232
26 243
26 250
26 254
26 275
26 300
26 340
26 346
27 30
27 32
27 35
27 36
27 40
27 50
27 62
27 66
27 83
27 90
27 147
27 159
27 171
27 175
27 180
27 192
27 194
27 215
27 224
27 232
27 243
27 250
27 254
27 275
27 300
27 340
27 346
28 30
28 32
28 35
28 36
28 40
28 50
28 62
28 66
28 83
28 90
28 147
28 159
28 171
28 175
28 180
28 192
28 194
28 215
28 224
28 232
28 243
28 250
28 254
28 275
28 300
28 340
28 346
29 30
29 32
29 35
29 36
29 40
29 50
29 62
29 66
29 83
29 90
29 147
29 159
29 171
29 175
29 180
29 192
29 194
29 215
29 224
29 232
29 243
29 250
29 254
29 275
29 300
29 340
29 346
30 30
30 32
30 35
30 36
30 40
30 62
30 66
30 83
30 90
30 147
30 159
30 171
30 175
30 180
30 192
30 194
30 215
30 224
30 232
30 243
30 250
30 254
30 275
30 300
30 340
30 346
31 30
31 32
31 35
31 40
31 62
31 66
31 83
31 90
31 101
31 147
31 159
31 171
31 175
31 180
31 192
31 194
31 215
31 224
31 232
31 243
31 250
31 254
31 275
31 300
31 340
31 346
32 32
32 35
32 41
32 47
32 62
32 66
32 81
32 83
32 90
32 101
32 142
32 147
32 159
32 171
32 175
32 180
32 192
32 194
32 215
32 224
32 232
32 243
32 250
32 254
32 267
32 284
32 300
32 322
32 340
32 346
33 32
33 35
33 41
33 47
33 62
33 66
33 81
33 83
33 90
33 101
33 142
33 147
33 159
33 171
33 175
33 180
33 192
33 194
33 215
33 224
33 232
33 243
33 250
33 254
33 267
33 284
33 300
33 322
33 340
33 346
34 32
34 41
34 47
34 49
34 62
34 66
34 81
34 83
34 90
34 101
34 142
34 147
34 159
34 171
34 175
34 180
34 192
34 194
34 215
34 224
34 232
34 243
34 250
34 254
34 267
34 284
34 300
34 322
34 340
34 346
35 32
35 41
35 47
35 49
35 62
35 66
35 81
35 83
35 90
35 101
35 142
35 147
35 159
35 171
35 175
35 180
35 192
35 194
35 215
35 224
35 232
35 243
35 250
35 254
35 267
35 284
35 300
35 322
35 340
35 346
36 32
36 41
36 47
36 49
36 60
36 62
36 66
36 81
36 83
36 90
36 101
36 142
36 147
36 159
36 171
36 175
36 180
36 192
36 194
36 215
36 224
36 232
36 243
36 250
36 254
36 267
36 284
36 300
36 322
36 340
36 346
37 38
37 41
37 47
37 49
37 51
37 52
37 57
37 60
37 62
37 64
37 66
37 77
37 81
37 90
37 101
37 142
37 147
37 159
37 171
37 180
37 184
37 192
37 194
37 215
37 224
37 228
37 232
37 243
37 250
37 254
37 267
37 284
37 300
37 322
37 340
37 346
38 47
38 52
38 56
38 62
38 66
38 81
38 82
38 96
38 98
38 132
38 147
38 159
38 165
38 171
38 180
38 184
38 194
38 215
38 228
38 231
38 232
38 243
38 254
38 267
38 284
38 300
38 337
38 340
38 346
38 348
39 47
39 52
39 56
39 58
39 62
39 66
39 81
39 82
39 96
39 98
39 132
39 147
39 159
39 165
39 171
39 180
39 184
39 194
39 215
39 228
39 231
39 232
39 243
39 254
39 267
39 284
39 300
39 337
39 340
39 346
39 348
40 47
40 52
40 58
40 59
40 62
40 66
40 81
40 82
40 96
40 98
40 130
40 132
40 147
40 159
40 165
40 171
40 180
40 184
40 194
40 215
40 228
40 231
40 232
40 243
40 254
40 267
40 284
40 300
40 337
40 340
40 348
41 47
41 52
41 58
41 59
41 66
41 81
41 82
41 96
41 98
41 130
41 132
41 147
41 159
41 164
41 165
41 171
41 180
41 184
41 194
41 215
41 221
41 228
41 231
41 232
41 243
41 254
41 267
41 284
41 300
41 337
41 340
41 348
42 47
42 52
42 58
42 59
42 66
42 81
42 82
42 96
42 98
42 130
42 132
42 147
42 159
42 164
42 165
42 171
42 180
42 184
42 194
42 215
42 221
42 228
42 231
42 232
42 243
42 254
42 267
42 284
42 300
42 337
42 340
42 348
43 47
43 52
43 58
43 59
43 66
43 81
43 82
43 96
43 98
43 132
43 139
43 147
43 159
43 164
43 165
43 171
43 180
43 184
43 194
43 215
43 228
43 231
43 232
43 243
43 254
43 267
43 284
43 300
43 337
43 340
43 348
44 47
44 52
44 58
44 59
44 66
44 82
44 96
44 98
44 132
44 139
44 147
44 159
44 164
44 165
44 171
44 180
44 184
44 194
44 215
44 228
44 231
44 232
44 243
44 254
44 267
44 284
44 300
44 337
44 340
44 348
45 47
45 52
45 58
45 59
45 66
45 82
45 96
45 98
45 132
45 139
45 147
45 159
45 164
45 165
45 171
45 180
45 184
45 194
45 215
45 228
45 231
45 232
45 243
45 254
45 267
45 284
45 300
45 337
45 340
45 348
46 47
46 52
46 58
46 59
46 66
46 82
46 96
46 98
46 132
46 139
46 147
46 150
46 159
46 164
46 165
46 171
46 180
46 184
46 194
46 215
46 228
46 231
46 232
46 243
46 254
46 267
46 284
46 300
46 337
46 340
46 348
47 47
47 52
47 58
47 59
47 65
47 66
47 79
47 82
47 132
47 139
47 147
47 150
47 159
47 160
47 164
47 165
47 171
47 180
47 184
47 208
47 215
47 228
47 231
47 232
47 243
47 254
47 264
47 267
47 284
47 300
47 318
47 332
47 337
47 340
47 348
48 47
48 52
48 58
48 59
48 65
48 66
48 79
48 82
48 132
48 139
48 147
48 150
48 159
48 160
48 164
48 165
48 171
48 180
48 184
48 208
48 228
48 231
48 232
48 243
48 254
48 257
48 261
48 264
48 267
48 284
48 300
48 318
48 332
48 337
48 340
48 348
49 47
49 52
49 58
49 59
49 66
49 79
49 82
49 84
49 132
49 139
49 147
49 150
49 159
49 160
49 164
49 165
49 174
49 177
49 180
49 182
49 228
49 231
49 232
49 243
49 254
49 257
49 261
49 264
49 267
49 284
49 332
49 337
49 339
49 340
49 348
50 47
50 52
50 58
50 59
50 66
50 79
50 82
50 84
50 132
50 139
50 146
50 147
50 150
50 159
50 160
50 164
50 165
50 174
50 177
50 180
50 182
50 228
50 231
50 232
50 243
50 254
50 257
50 261
50 264
50 267
50 284
50 332
50 337
50 340
51 47
51 52
51 58
51 59
51 66
51 79
51 82
51 84
51 132
51 139
51 146
51 147
51 150
51 159
51 160
51 164
51 165
51 174
51 177
51 180
51 182
51 228
51 231
51 232
51 242
51 243
51 254
51 257
51 261
51 264
51 267
51 284
51 332
51 337
51 340
52 52
52 66
52 79
52 82
52 84
52 137
52 139
52 146
52 147
52 150
52 159
52 160
52 164
52 165
52 174
52 177
52 180
52 222
52 225
52 228
52 231
52 232
52 242
52 243
52 254
52 257
52 261
52 264
52 267
52 284
52 332
52 337
52 340
53 52
53 66
53 82
53 84
53 137
53 139
53 146
53 147
53 150
53 159
53 160
53 164
53 165
53 174
53 177
53 180
53 222
53 225
53 228
53 231
53 232
53 242
53 243
53 254
53 257
53 261
53 264
53 267
53 284
53 332
53 337
53 340
54 55
54 82
54 84
54 105
54 117
54 146
54 150
54 159
54 160
54 164
54 174
54 177
54 180
54 222
54 228
54 231
54 232
54 242
54 243
54 254
54 257
54 261
54 264
54 267
54 284
54 332
54 337
54 340
55 55
55 73
55 78
55 82
55 84
55 105
55 117
55 146
55 150
55 159
55 160
55 174
55 177
55 180
55 222
55 228
55 231
55 232
55 242
55 243
55 254
55 257
55 261
55 264
55 267
55 284
55 299
55 332
55 337
55 340
56 55
56 73
56 78
56 82
56 84
56 105
56 117
56 146
56 150
56 159
56 160
56 174
56 177
56 180
56 222
56 228
56 231
56 232
56 242
56 243
56 254
56 257
56 261
56 264
56 267
56 284
56 299
56 332
56 337
56 340
57 55
57 69
57 73
57 78
57 82
57 84
57 105
57 117
57 141
57 146
57 150
57 159
57 174
57 177
57 180
57 222
57 228
57 231
57 232
57 242
57 243
57 254
57 257
57 261
57 264
57 267
57 284
57 299
57 332
57 337
57 340
58 55
58 69
58 73
58 78
58 82
58 84
58 105
58 117
58 141
58 146
58 150
58 159
58 174
58 177
58 180
58 222
58 228
58 231
58 232
58 242
58 243
58 254
58 257
58 261
58 264
58 267
58 284
58 299
58 332
58 337
58 340
59 55
59 69
59 73
59 78
59 82
59 84
59 105
59 117
59 141
59 146
59 150
59 159
59 174
59 177
59 180
59 222
59 228
59 231
59 232
59 242
59 243
59 254
59 257
59 261
59 264
59 267
59 284
59 299
59 332
59 337
59 340
60 55
60 69
60 73
60 78
60 82
60 84
60 105
60 117
60 141
60 146
60 150
60 159
60 174
60 177
60 180
60 222
60 228
60 231
60 232
60 242
60 243
60 254
60 257
60 261
60 264
60 267
60 284
60 299
60 332
60 337
60 340
61 55
61 73
61 82
61 84
61 91
61 125
61 141
61 146
61 150
61 154
61 159
61 162
61 174
61 177
61 180
61 181
61 222
61 228
61 231
61 232
61 242
61 243
61 254
61 257
61 261
61 264
61 267
61 284
61 299
61 332
61 337
61 340
62 73
62 82
62 84
62 91
62 125
62 141
62 146
62 150
62 154
62 162
62 174
62 177
62 181
62 217
62 222
62 228
62 231
62 242
62 243
62 254
62 257
62 259
62 261
62 264
62 267
62 284
62 299
62 332
62 337
62 340
63 76
63 82
63 84
63 91
63 94
63 113
63 146
63 150
63 154
63 162
63 168
63 174
63 177
63 181
63 217
63 222
63 228
63 231
63 242
63 243
63 254
63 257
63 259
63 261
63 264
63 267
63 284
63 299
63 307
63 332
63 337
63 340
63 343
64 76
64 82
64 84
64 91
64 94
64 113
64 146
64 154
64 162
64 168
64 174
64 177
64 181
64 217
64 222
64 228
64 231
64 242
64 243
64 254
64 257
64 259
64 261
64 264
64 267
64 284
64 299
64 307
64 332
64 337
64 340
64 343
65 76
65 91
65 97
65 113
65 146
65 149
65 154
65 162
65 167
65 168
65 174
65 177
65 181
65 217
65 222
65 231
65 243
65 254
65 257
65 259
65 261
65 264
65 267
65 299
65 307
65 332
65 337
65 340
65 343
66 76
66 91
66 97
66 113
66 119
66 146
66 162
66 167
66 168
66 174
66 181
66 217
66 222
66 231
66 243
66 254
66 257
66 259
66 261
66 264
66 267
66 299
66 302
66 307
66 332
66 337
66 340
66 343
67 76
67 85
67 91
67 97
67 113
67 119
67 146
67 162
67 167
67 168
67 174
67 181
67 217
67 222
67 231
67 243
67 254
67 257
67 259
67 261
67 264
67 267
67 299
67 302
67 307
67 332
67 340
67 343
68 85
68 91
68 97
68 113
68 119
68 146
68 156
68 161
68 162
68 167
68 168
68 174
68 181
68 217
68 222
68 231
68 243
68 253
68 254
68 257
68 259
68 261
68 264
68 267
68 299
68 307
68 332
68 340
68 343
69 85
69 91
69 97
69 113
69 119
69 146
69 156
69 161
69 162
69 167
69 168
69 174
69 181
69 217
69 222
69 231
69 243
69 253
69 254
69 257
69 259
69 261
69 264
69 267
69 299
69 307
69 332
69 340
69 343
70 85
70 91
70 97
70 113
70 119
70 146
70 156
70 161
70 162
70 167
70 168
70 174
70 181
70 217
70 222
70 231
70 243
70 253
70 254
70 257
70 259
70 261
70 264
70 267
70 299
70 307
70 332
70 340
70 343
71 85
71 91
71 97
71 111
71 113
71 119
71 146
71 152
71 156
71 161
71 162
71 167
71 168
71 174
71 181
71 217
71 222
71 231
71 243
71 253
71 254
71 257
71 259
71 261
71 264
71 267
71 299
71 307
71 332
71 340
71 343
72 85
72 91
72 97
72 111
72 113
72 119
72 146
72 152
72 156
72 161
72 162
72 167
72 168
72 174
72 181
72 217
72 222
72 231
72 243
72 253
72 254
72 257
72 259
72 261
72 264
72 267
72 299
72 307
72 332
72 340
72 343
73 85
73 97
73 100
73 111
73 113
73 114
73 119
73 146
73 152
73 156
73 161
73 162
73 168
73 174
73 178
73 181
73 217
73 222
73 231
73 243
73 253
73 254
73 257
73 259
73 261
73 264
73 266
73 267
73 299
73 307
73 309
73 332
73 340
73 343
73 344
74 85
74 97
74 100
74 111
74 113
74 114
74 119
74 146
74 152
74 156
74 161
74 162
74 168
74 174
74 178
74 181
74 217
74 222
74 231
74 237
74 243
74 253
74 254
74 257
74 259
74 261
74 264
74 266
74 267
74 299
74 307
74 309
74 332
74 340
74 343
74 344
75 85
75 97
75 100
75 111
75 113
75 114
75 119
75 146
75 152
75 161
75 162
75 168
75 174
75 178
75 181
75 217
75 222
75 231
75 237
75 243
75 253
75 254
75 257
75 259
75 261
75 264
75 266
75 267
75 299
75 307
75 309
75 332
75 340
75 343
75 344
76 85
76 100
76 111
76 113
76 114
76 119
76 146
76 152
76 161
76 162
76 168
76 174
76 178
76 181
76 217
76 222
76 231
76 237
76 243
76 253
76 254
76 257
76 259
76 261
76 264
76 266
76 267
76 299
76 307
76 309
76 332
76 340
76 343
76 344
77 85
77 111
77 114
77 119
77 146
77 152
77 161
77 162
77 168
77 174
77 178
77 217
77 222
77 231
77 237
77 243
77 253
77 254
77 257
77 259
77 264
77 266
77 267
77 299
77 307
77 309
77 332
77 340
77 343
77 344
78 92
78 111
78 119
78 123
78 146
78 152
78 158
78 161
78 162
78 174
78 178
78 217
78 222
78 231
78 237
78 243
78 253
78 254
78 257
78 259
78 264
78 266
78 267
78 299
78 307
78 309
78 332
78 340
79 92
79 111
79 119
79 123
79 146
79 152
79 158
79 161
79 162
79 174
79 178
79 217
79 222
79 231
79 237
79 243
79 253
79 254
79 257
79 259
79 264
79 266
79 267
79 299
79 307
79 309
79 332
79 340
80 92
80 111
80 119
80 123
80 146
80 152
80 158
80 161
80 162
80 174
80 178
80 217
80 222
80 231
80 237
80 243
80 253
80 254
80 257
80 259
80 264
80 266
80 267
80 299
80 307
80 309
80 332
80 340
81 92
81 111
81 119
81 123
81 146
81 152
81 158
81 161
81 162
81 174
81 178
81 217
81 222
81 231
81 237
81 243
81 253
81 254
81 257
81 259
81 264
81 266
81 267
81 299
81 307
81 309
81 332
81 340
82 92
82 111
82 123
82 146
82 152
82 158
82 161
82 162
82 174
82 178
82 217
82 222
82 231
82 237
82 243
82 253
82 254
82 257
82 259
82 264
82 266
82 267
82 299
82 307
82 309
82 332
82 340
83 92
83 111
83 123
83 127
83 134
83 146
83 152
83 158
83 161
83 162
83 174
83 178
83 217
83 222
83 231
83 237
83 243
83 253
83 254
83 257
83 259
83 264
83 266
83 267
83 299
83 307
83 309
83 332
83 340
84 92
84 111
84 123
84 134
84 146
84 152
84 153
84 158
84 161
84 162
84 174
84 178
84 217
84 222
84 231
84 237
84 243
84 253
84 254
84 257
84 259
84 264
84 266
84 299
84 307
84 309
84 332
84 340
85 92
85 110
85 111
85 146
85 152
85 153
85 158
85 161
85 174
85 178
85 217
85 222
85 231
85 237
85 243
85 253
85 255
85 257
85 259
85 264
85 266
85 281
85 299
85 301
85 307
85 309
85 332
85 340
85 342
86 92
86 110
86 111
86 146
86 152
86 153
86 158
86 161
86 174
86 178
86 207
86 217
86 222
86 231
86 237
86 243
86 253
86 255
86 259
86 264
86 266
86 281
86 299
86 301
86 307
86 309
86 332
86 340
86 342
87 92
87 110
87 111
87 133
87 146
87 152
87 153
87 158
87 161
87 174
87 178
87 207
87 217
87 222
87 231
87 237
87 243
87 253
87 255
87 259
87 264
87 266
87 281
87 299
87 301
87 307
87 309
87 316
87 332
87 340
87 342
88 92
88 110
88 111
88 133
88 146
88 153
88 158
88 161
88 170
88 174
88 178
88 207
88 217
88 222
88 231
88 237
88 243
88 253
88 255
88 259
88 264
88 266
88 281
88 299
88 301
88 307
88 309
88 316
88 332
88 340
88 342
89 92
89 110
89 111
89 128
89 133
89 146
89 153
89 158
89 161
89 170
89 174
89 178
89 207
89 217
89 222
89 237
89 243
89 253
89 255
89 259
89 264
89 266
89 271
89 281
89 299
89 301
89 307
89 309
89 316
89 332
89 340
89 342
90 92
90 110
90 111
90 128
90 133
90 146
90 153
90 158
90 161
90 170
90 174
90 178
90 197
90 207
90 217
90 222
90 237
90 243
90 253
90 255
90 259
90 264
90 266
90 281
90 299
90 301
90 307
90 309
90 316
90 332
90 340
90 342
91 111
91 112
91 128
91 133
91 146
91 153
91 158
91 161
91 170
91 174
91 178
91 207
91 217
91 222
91 237
91 243
91 255
91 259
91 264
91 266
91 281
91 299
91 301
91 307
91 309
91 316
91 332
91 340
91 342
92 111
92 112
92 128
92 133
92 146
92 153
92 158
92 161
92 170
92 174
92 178
92 207
92 217
92 222
92 237
92 243
92 255
92 259
92 264
92 266
92 281
92 299
92 301
92 307
92 309
92 316
92 332
92 340
92 342
93 111
93 128
93 133
93 146
93 153
93 158
93 161
93 170
93 174
93 178
93 207
93 217
93 222
93 237
93 243
93 255
93 259
93 264
93 266
93 281
93 299
93 301
93 309
93 316
93 332
93 340
93 342
94 102
94 111
94 128
94 133
94 146
94 153
94 158
94 161
94 170
94 174
94 178
94 201
94 207
94 217
94 222
94 237
94 243
94 255
94 259
94 264
94 266
94 281
94 295
94 299
94 301
94 309
94 316
94 332
94 340
94 342
94 347
95 102
95 111
95 124
95 133
95 146
95 153
95 161
95 170
95 174
95 178
95 185
95 201
95 207
95 217
95 222
95 237
95 243
95 255
95 259
95 264
95 266
95 295
95 299
95 301
95 309
95 316
95 332
95 340
95 342
95 347
96 102
96 111
96 124
96 133
96 146
96 153
96 161
96 174
96 178
96 185
96 201
96 207
96 217
96 222
96 237
96 243
96 255
96 259
96 264
96 266
96 295
96 299
96 301
96 309
96 316
96 332
96 340
96 342
96 347
97 102
97 111
97 121
97 122
97 124
97 133
97 136
97 138
97 146
97 153
97 161
97 174
97 178
97 185
97 201
97 207
97 217
97 222
97 237
97 243
97 255
97 259
97 264
97 266
97 283
97 295
97 299
97 301
97 309
97 316
97 332
97 340
97 342
97 347
98 102
98 111
98 121
98 122
98 124
98 133
98 136
98 138
98 146
98 153
98 161
98 174
98 178
98 185
98 201
98 207
98 217
98 222
98 237
98 243
98 255
98 259
98 264
98 266
98 283
98 295
98 299
98 301
98 309
98 316
98 332
98 340
98 342
98 347
99 102
99 107
99 121
99 122
99 124
99 133
99 136
99 138
99 146
99 153
99 174
99 178
99 185
99 201
99 207
99 217
99 222
99 237
99 243
99 255
99 259
99 264
99 283
99 295
99 299
99 301
99 309
99 316
99 332
99 340
99 342
99 347
100 102
100 121
100 122
100 124
100 133
100 136
100 138
100 146
100 153
100 174
100 185
100 207
100 217
100 222
100 237
100 243
100 255
100 259
100 264
100 283
100 295
100 299
100 301
100 309
100 332
100 338
100 340
100 342
100 347
101 102
101 122
101 124
101 133
101 136
101 138
101 146
101 153
101 174
101 185
101 190
101 217
101 222
101 237
101 243
101 255
101 259
101 264
101 283
101 289
101 295
101 299
101 301
101 332
101 338
101 340
101 342
101 347
102 122
102 124
102 136
102 138
102 145
102 146
102 153
102 174
102 185
102 190
102 217
102 222
102 237
102 243
102 255
102 259
102 264
102 283
102 289
102 295
102 299
102 301
102 310
102 332
102 338
102 340
102 347
103 122
103 124
103 138
103 145
103 146
103 153
103 174
103 185
103 190
103 217
103 222
103 237
103 255
103 259
103 264
103 283
103 289
103 294
103 295
103 299
103 301
103 310
103 311
103 332
103 338
103 340
103 347
104 116
104 122
104 124
104 138
104 145
104 146
104 153
104 174
104 185
104 190
104 217
104 222
104 237
104 255
104 259
104 264
104 283
104 289
104 294
104 295
104 299
104 301
104 310
104 311
104 332
104 338
104 340
104 347
105 116
105 122
105 124
105 138
105 145
105 146
105 153
105 174
105 185
105 190
105 216
105 217
105 222
105 237
105 255
105 259
105 264
105 283
105 289
105 294
105 295
105 301
105 310
105 311
105 315
105 332
105 338
105 340
105 347
106 115
106 116
106 122
106 124
106 138
106 145
106 146
106 153
106 174
106 185
106 190
106 216
106 217
106 222
106 237
106 255
106 259
106 264
106 283
106 289
106 294
106 295
106 301
106 310
106 311
106 315
106 332
106 338
106 340
106 347
107 115
107 116
107 122
107 145
107 146
107 151
107 153
107 174
107 185
107 190
107 216
107 217
107 222
107 255
107 259
107 264
107 283
107 289
107 294
107 295
107 301
107 310
107 311
107 315
107 332
107 338
107 340
107 347
108 115
108 145
108 155
108 190
108 205
108 216
108 217
108 222
108 234
108 255
108 259
108 264
108 274
108 283
108 289
108 294
108 295
108 301
108 310
108 311
108 312
108 332
108 338
108 340
108 347
109 115
109 145
109 155
109 190
109 205
109 216
109 217
109 222
109 234
109 255
109 259
109 264
109 274
109 283
109 289
109 294
109 295
109 301
109 310
109 311
109 312
109 332
109 338
109 340
109 347
110 115
110 129
110 131
110 145
110 172
110 190
110 205
110 216
110 217
110 222
110 234
110 255
110 259
110 264
110 274
110 283
110 289
110 294
110 295
110 301
110 310
110 311
110 312
110 321
110 332
110 338
110 340
110 347
111 115
111 129
111 131
111 145
111 172
111 190
111 205
111 206
111 216
111 217
111 222
111 234
111 255
111 259
111 264
111 274
111 283
111 289
111 292
111 294
111 295
111 301
111 310
111 311
111 312
111 321
111 332
111 338
111 340
111 347
112 115
112 131
112 143
112 145
112 172
112 190
112 205
112 206
112 216
112 217
112 222
112 234
112 255
112 259
112 264
112 274
112 283
112 289
112 292
112 294
112 295
112 301
112 310
112 311
112 312
112 332
112 338
112 340
112 347
113 115
113 131
113 143
113 145
113 172
113 190
113 205
113 206
113 216
113 217
113 222
113 234
113 255
113 259
113 264
113 274
113 289
113 292
113 294
113 295
113 301
113 310
113 311
113 312
113 332
113 338
113 340
113 347
114 115
114 131
114 143
114 145
114 172
114 190
114 205
114 206
114 216
114 222
114 230
114 234
114 255
114 259
114 264
114 274
114 289
114 292
114 294
114 295
114 301
114 310
114 311
114 312
114 323
114 332
114 340
114 347
115 115
115 131
115 143
115 145
115 172
115 190
115 205
115 206
115 216
115 222
115 230
115 234
115 255
115 259
115 264
115 274
115 289
115 292
115 294
115 295
115 301
115 310
115 311
115 312
115 323
115 332
115 340
115 347
116 115
116 131
116 143
116 145
116 172
116 189
116 190
116 199
116 205
116 206
116 216
116 222
116 230
116 234
116 255
116 259
116 264
116 274
116 286
116 289
116 292
116 294
116 295
116 301
116 310
116 311
116 312
116 323
116 332
116 340
116 347
117 115
117 131
117 143
117 145
117 172
117 189
117 190
117 199
117 205
117 206
117 216
117 222
117 230
117 234
117 255
117 259
117 264
117 274
117 286
117 289
117 292
117 294
117 295
117 301
117 310
117 311
117 312
117 323
117 332
117 340
117 347
118 115
118 131
118 143
118 145
118 172
118 189
118 199
118 205
118 206
118 216
118 222
118 230
118 234
118 255
118 259
118 264
118 274
118 286
118 289
118 292
118 294
118 295
118 301
118 310
118 311
118 312
118 323
118 332
118 340
119 115
119 131
119 143
119 145
119 172
119 189
119 199
119 205
119 206
119 216
119 222
119 230
119 234
119 255
119 259
119 264
119 274
119 286
119 289
119 292
119 294
119 295
119 301
119 310
119 311
119 312
119 323
119 332
119 340
120 115
120 131
120 143
120 145
120 172
120 189
120 199
120 205
120 206
120 216
120 222
120 230
120 234
120 255
120 259
120 264
120 274
120 279
120 286
120 289
120 292
120 294
120 295
120 301
120 310
120 311
120 312
120 323
120 332
121 143
121 145
121 172
121 189
121 199
121 205
121 206
121 216
121 222
121 230
121 234
121 255
121 259
121 262
121 264
121 274
121 277
121 279
121 286
121 289
121 294
121 295
121 301
121 310
121 311
121 312
121 323
121 332
122 143
122 145
122 172
122 189
122 199
122 205
122 206
122 216
122 222
122 230
122 234
122 255
122 259
122 262
122 264
122 274
122 277
122 279
122 286
122 289
122 295
122 301
122 310
122 311
122 312
122 323
122 332
123 143
123 145
123 172
123 189
123 199
123 205
123 206
123 216
123 222
123 230
123 255
123 259
123 264
123 274
123 277
123 279
123 286
123 289
123 295
123 301
123 310
123 311
123 312
123 323
123 332
124 140
124 143
124 145
124 172
124 189
124 199
124 206
124 218
124 222
124 255
124 259
124 264
124 274
124 279
124 286
124 289
124 295
124 301
124 310
124 311
124 312
124 323
124 332
125 140
125 143
125 145
125 189
125 199
125 206
125 218
125 222
125 255
125 259
125 264
125 274
125 279
125 286
125 289
125 295
125 301
125 310
125 311
125 312
125 323
125 332
126 140
126 143
126 145
126 189
126 199
126 206
126 218
126 222
126 259
126 264
126 274
126 279
126 286
126 289
126 295
126 301
126 310
126 311
126 312
126 323
126 332
127 140
127 143
127 189
127 193
127 199
127 213
127 218
127 222
127 259
127 264
127 274
127 279
127 286
127 289
127 295
127 301
127 310
127 311
127 312
127 323
127 332
128 140
128 143
128 189
128 193
128 199
128 213
128 218
128 222
128 259
128 264
128 274
128 279
128 286
128 289
128 295
128 301
128 310
128 311
128 312
128 323
128 332
129 140
129 143
129 157
129 189
129 193
129 199
129 213
129 218
129 222
129 259
129 264
129 274
129 279
129 286
129 289
129 295
129 301
129 310
129 311
129 312
129 323
129 332
130 140
130 143
130 157
130 183
130 189
130 193
130 199
130 218
130 222
130 238
130 256
130 259
130 264
130 270
130 273
130 274
130 279
130 286
130 289
130 295
130 301
130 310
130 311
130 312
130 323
130 332
130 335
131 140
131 143
131 157
131 183
131 189
131 193
131 199
131 218
131 222
131 238
131 256
131 259
131 264
131 270
131 273
131 274
131 279
131 286
131 289
131 295
131 301
131 310
131 311
131 312
131 323
131 332
131 335
132 140
132 143
132 157
132 183
132 189
132 193
132 199
132 218
132 222
132 238
132 256
132 259
132 264
132 270
132 273
132 274
132 279
132 286
132 289
132 295
132 301
132 310
132 311
132 312
132 323
132 332
132 335
132 349
133 140
133 143
133 157
133 183
133 189
133 193
133 199
133 218
133 222
133 238
133 247
133 256
133 259
133 264
133 270
133 273
133 274
133 279
133 285
133 286
133 289
133 295
133 301
133 310
133 311
133 312
133 323
133 332
133 335
133 349
134 140
134 143
134 157
134 183
134 189
134 193
134 199
134 218
134 222
134 238
134 247
134 256
134 259
134 264
134 270
134 273
134 274
134 279
134 285
134 286
134 289
134 295
134 301
134 310
134 311
134 312
134 323
134 332
134 335
134 349
135 140
135 143
135 157
135 163
135 183
135 189
135 193
135 199
135 218
135 222
135 238
135 247
135 256
135 259
135 264
135 270
135 273
135 274
135 279
135 285
135 286
135 289
135 295
135 301
135 310
135 311
135 312
135 323
135 332
135 335
135 349
136 140
136 157
136 163
136 183
136 193
136 199
136 210
136 222
136 238
136 244
136 247
136 259
136 264
136 270
136 273
136 274
136 279
136 285
136 286
136 289
136 295
136 301
136 310
136 311
136 312
136 320
136 323
136 332
136 349
137 140
137 157
137 163
137 183
137 193
137 199
137 210
137 238
137 244
137 247
137 259
137 269
137 270
137 273
137 286
137 288
137 289
137 295
137 301
137 310
137 311
137 312
137 320
137 323
137 332
137 349
138 140
138 157
138 163
138 183
138 193
138 199
138 210
138 223
138 238
138 244
138 247
138 259
138 270
138 273
138 286
138 288
138 289
138 295
138 301
138 310
138 311
138 312
138 320
138 323
138 332
138 349
139 140
139 157
139 163
139 183
139 193
139 199
139 210
139 223
139 238
139 244
139 247
139 259
139 270
139 273
139 286
139 288
139 289
139 295
139 301
139 310
139 311
139 312
139 320
139 323
139 332
139 349
140 140
140 157
140 163
140 173
140 179
140 183
140 198
140 199
140 210
140 212
140 223
140 238
140 244
140 247
140 249
140 259
140 270
140 273
140 286
140 288
140 290
140 295
140 301
140 310
140 311
140 312
140 323
140 332
140 349
141 140
141 157
141 163
141 179
141 183
141 198
141 199
141 212
141 223
141 238
141 244
141 247
141 249
141 259
141 270
141 273
141 286
141 288
141 290
141 295
141 301
141 310
141 311
141 312
141 323
141 332
141 349
142 140
142 157
142 163
142 179
142 183
142 196
142 198
142 199
142 212
142 223
142 238
142 244
142 247
142 249
142 259
142 270
142 273
142 286
142 288
142 290
142 295
142 301
142 310
142 311
142 312
142 323
142 332
142 349
143 140
143 157
143 163
143 179
143 183
143 196
143 198
143 199
143 212
143 223
143 238
143 244
143 247
143 249
143 259
143 270
143 273
143 286
143 288
143 290
143 295
143 301
143 310
143 311
143 312
143 323
143 332
143 349
144 140
144 157
144 163
144 179
144 183
144 196
144 198
144 199
144 212
144 223
144 238
144 244
144 247
144 249
144 259
144 270
144 273
144 286
144 288
144 290
144 295
144 301
144 310
144 311
144 312
144 323
144 332
144 349
145 140
145 157
145 163
145 179
145 183
145 196
145 198
145 199
145 212
145 223
145 238
145 244
145 249
145 259
145 270
145 273
145 286
145 288
145 290
145 295
145 301
145 310
145 311
145 312
145 323
145 332
145 349
146 140
146 157
146 163
146 179
146 183
146 196
146 198
146 199
146 212
146 223
146 238
146 244
146 249
146 259
146 270
146 273
146 286
146 288
146 290
146 295
146 301
146 310
146 311
146 312
146 323
146 332
146 349
147 140
147 163
147 179
147 183
147 196
147 198
147 199
147 212
147 223
147 238
147 244
147 249
147 259
147 270
147 273
147 286
147 288
147 290
147 295
147 301
147 310
147 311
147 312
147 323
147 332
147 349
148 140
148 163
148 169
148 179
148 183
148 196
148 198
148 199
148 212
148 223
148 238
148 244
148 249
148 259
148 270
148 273
148 286
148 288
148 290
148 295
148 310
148 311
148 312
148 323
148 332
148 349
149 163
149 169
149 179
149 183
149 196
149 198
149 199
149 212
149 223
149 238
149 249
149 259
149 270
149 273
149 286
149 288
149 290
149 295
149 310
149 311
149 312
149 323
149 332
149 349
150 163
150 169
150 179
150 183
150 196
150 198
150 199
150 212
150 223
150 238
150 249
150 259
150 270
150 273
150 286
150 288
150 290
150 295
150 297
150 310
150 311
150 312
150 323
150 332
150 349
151 163
151 169
151 179
151 183
151 196
151 198
151 199
151 238
151 249
151 259
151 270
151 273
151 286
151 288
151 290
151 296
151 297
151 310
151 311
151 323
151 332
151 336
151 349
152 169
152 179
152 183
152 196
152 198
152 199
152 238
152 249
152 259
152 270
152 273
152 286
152 288
152 290
152 296
152 297
152 310
152 311
152 323
152 336
152 349
153 166
153 169
153 179
153 183
153 196
153 198
153 199
153 238
153 249
153 259
153 270
153 273
153 286
153 288
153 290
153 296
153 297
153 310
153 311
153 323
153 336
153 349
154 169
154 179
154 183
154 196
154 198
154 199
154 238
154 249
154 259
154 270
154 273
154 286
154 288
154 290
154 296
154 297
154 310
154 311
154 323
154 336
154 349
155 169
155 183
155 196
155 198
155 199
155 238
155 249
155 259
155 270
155 273
155 286
155 288
155 290
155 296
155 297
155 310
155 311
155 323
155 336
155 349
156 169
156 176
156 183
156 196
156 199
156 238
156 249
156 270
156 273
156 286
156 288
156 290
156 296
156 297
156 310
156 311
156 323
156 336
156 349
157 169
157 176
157 183
157 196
157 199
157 238
157 249
157 270
157 273
157 286
157 288
157 290
157 296
157 297
157 310
157 311
157 323
157 336
157 349
158 169
158 176
158 183
158 199
158 238
158 249
158 270
158 273
158 278
158 286
158 288
158 290
158 296
158 297
158 310
158 311
158 323
158 336
158 349
159 169
159 176
159 183
159 199
159 238
159 249
159 270
159 273
159 278
159 286
159 288
159 290
159 296
159 297
159 310
159 311
159 323
159 336
159 349
160 169
160 176
160 183
160 199
160 214
160 226
160 238
160 249
160 270
160 273
160 278
160 286
160 288
160 290
160 296
160 297
160 310
160 323
160 326
160 336
161 169
161 176
161 183
161 199
161 214
161 226
161 238
161 249
161 270
161 273
161 278
161 286
161 288
161 290
161 296
161 297
161 310
161 323
161 326
161 336
162 169
162 176
162 183
162 199
162 214
162 226
162 238
162 249
162 270
162 273
162 278
162 286
162 288
162 290
162 296
162 297
162 310
162 323
162 326
162 336
163 169
163 176
163 183
163 199
163 214
163 226
163 238
163 249
163 270
163 273
163 278
163 286
163 288
163 290
163 296
163 297
163 310
163 323
163 326
163 336
164 169
164 176
164 199
164 214
164 226
164 238
164 249
164 252
164 270
164 273
164 278
164 286
164 288
164 290
164 296
164 297
164 310
164 323
164 326
164 328
164 336
165 169
165 176
165 199
165 214
165 226
165 238
165 249
165 252
165 270
165 273
165 278
165 282
165 286
165 288
165 290
165 296
165 297
165 310
165 323
165 326
165 328
165 336
166 169
166 176
166 199
166 214
166 226
166 238
166 240
166 249
166 252
166 270
166 273
166 278
166 282
166 286
166 288
166 290
166 296
166 306
166 310
166 323
166 326
166 328
166 336
167 169
167 176
167 214
167 226
167 238
167 240
167 249
167 252
167 270
167 273
167 278
167 282
167 286
167 290
167 296
167 304
167 306
167 310
167 323
167 324
167 326
167 328
167 336
168 169
168 176
168 214
168 226
168 238
168 240
168 249
168 252
168 270
168 273
168 278
168 282
168 286
168 290
168 296
168 304
168 306
168 310
168 323
168 326
168 328
168 336
169 169
169 176
169 202
169 214
169 226
169 238
169 240
169 249
169 252
169 270
169 273
169 278
169 282
169 286
169 290
169 296
169 304
169 306
169 310
169 323
169 326
169 336
170 169
170 176
170 202
170 214
170 226
170 238
170 240
170 249
170 252
170 270
170 273
170 278
170 282
170 286
170 290
170 296
170 304
170 306
170 310
170 323
170 326
170 336
171 169
171 202
171 226
171 227
171 238
171 240
171 246
171 249
171 252
171 270
171 273
171 278
171 282
171 286
171 290
171 296
171 304
171 306
171 310
171 323
171 326
171 336
172 226
172 238
172 240
172 246
172 249
172 252
172 270
172 273
172 278
172 282
172 290
172 296
172 304
172 306
172 310
172 323
172 326
172 336
173 226
173 238
173 240
173 246
173 249
173 252
173 270
173 273
173 278
173 282
173 290
173 296
173 304
173 306
173 310
173 323
173 326
173 336
174 187
174 200
174 226
174 238
174 240
174 246
174 249
174 252
174 270
174 273
174 276
174 278
174 282
174 290
174 296
174 304
174 306
174 310
174 323
174 326
174 336
175 187
175 200
175 226
175 238
175 240
175 246
175 249
175 252
175 273
175 276
175 278
175 282
175 290
175 296
175 304
175 306
175 310
175 323
175 326
175 336
176 187
176 200
176 226
176 238
176 240
176 246
176 252
176 273
176 276
176 278
176 282
176 290
176 296
176 304
176 306
176 310
176 323
176 326
176 336
177 187
177 200
177 226
177 238
177 240
177 246
177 252
177 273
177 276
177 278
177 282
177 290
177 296
177 304
177 306
177 310
177 323
177 326
177 336
178 187
178 200
178 226
178 238
178 240
178 246
178 252
178 273
178 276
178 278
178 282
178 290
178 296
178 306
178 310
178 323
178 326
178 336
179 187
179 200
179 203
179 226
179 238
179 240
179 246
179 252
179 273
179 276
179 278
179 282
179 290
179 296
179 306
179 310
179 323
179 326
179 336
180 187
180 200
180 203
180 226
180 238
180 240
180 246
180 252
180 273
180 276
180 278
180 282
180 290
180 296
180 306
180 310
180 323
180 326
180 336
181 187
181 200
181 203
181 226
181 238
181 240
181 252
181 273
181 276
181 278
181 282
181 290
181 296
181 306
181 310
181 323
181 326
181 336
182 187
182 200
182 203
182 226
182 238
182 240
182 252
182 273
182 276
182 278
182 282
182 290
182 296
182 306
182 310
182 323
182 326
182 336
183 187
183 200
183 203
183 226
183 238
183 240
183 252
183 273
183 276
183 278
183 282
183 290
183 296
183 306
183 310
183 323
183 326
183 336
184 187
184 200
184 203
184 226
184 238
184 240
184 252
184 273
184 276
184 278
184 282
184 290
184 296
184 306
184 310
184 323
184 336
185 187
185 203
185 226
185 238
185 240
185 252
185 273
185 276
185 278
185 282
185 290
185 296
185 323
185 325
185 336
186 187
186 203
186 226
186 240
186 252
186 273
186 276
186 278
186 282
186 290
186 296
186 319
186 323
186 325
186 336
187 187
187 203
187 226
187 236
187 240
187 252
187 273
187 276
187 278
187 282
187 290
187 291
187 296
187 319
187 323
187 325
187 336
188 203
188 226
188 235
188 236
188 240
188 252
188 273
188 276
188 278
188 282
188 290
188 291
188 296
188 319
188 323
188 325
188 336
188 341
189 203
189 226
189 235
189 236
189 240
189 252
189 273
189 276
189 278
189 282
189 290
189 291
189 296
189 319
189 323
189 325
189 336
189 341
190 203
190 226
190 235
190 236
190 240
190 252
190 268
190 273
190 276
190 278
190 282
190 290
190 291
190 296
190 319
190 323
190 325
190 336
190 341
191 203
191 226
191 235
191 236
191 240
191 252
191 268
191 273
191 276
191 278
191 282
191 290
191 291
191 296
191 319
191 323
191 325
191 336
191 341
192 203
192 226
192 236
192 240
192 252
192 268
192 273
192 276
192 278
192 290
192 291
192 296
192 305
192 319
192 323
192 325
192 336
192 341
193 226
193 236
193 240
193 252
193 265
193 268
193 273
193 276
193 290
193 291
193 296
193 305
193 319
193 323
193 336
193 341
194 226
194 236
194 240
194 252
194 265
194 268
194 273
194 276
194 290
194 291
194 296
194 305
194 319
194 323
194 336
194 341
195 226
195 236
195 240
195 252
195 265
195 268
195 273
195 276
195 290
195 291
195 296
195 305
195 319
195 323
195 336
195 341
196 226
196 236
196 240
196 252
196 265
196 268
196 273
196 276
196 290
196 291
196 296
196 305
196 319
196 323
196 336
196 341
197 226
197 236
197 240
197 252
197 265
197 268
197 273
197 276
197 290
197 291
197 296
197 305
197 319
197 323
197 336
197 341
198 226
198 236
198 240
198 248
198 252
198 265
198 268
198 273
198 276
198 290
198 291
198 296
198 305
198 313
198 319
198 323
198 336
198 341
199 226
199 236
199 240
199 248
199 252
199 265
199 273
199 276
199 290
199 291
199 296
199 305
199 313
199 319
199 323
199 336
199 341
200 226
200 236
200 240
200 248
200 252
200 265
200 273
200 276
200 290
200 291
200 296
200 305
200 313
200 319
200 323
200 336
200 341
201 236
201 240
201 248
201 252
201 265
201 273
201 276
201 290
201 291
201 296
201 305
201 313
201 319
201 323
201 336
201 341
202 236
202 240
202 248
202 252
202 265
202 273
202 276
202 290
202 291
202 296
202 305
202 313
202 319
202 323
202 336
202 341
203 236
203 240
203 248
203 252
203 265
203 276
203 290
203 291
203 296
203 305
203 313
203 319
203 323
203 336
203 341
204 236
204 240
204 248
204 252
204 265
204 276
204 290
204 291
204 296
204 305
204 313
204 319
204 323
204 336
204 341
205 236
205 240
205 248
205 252
205 276
205 290
205 291
205 296
205 305
205 313
205 319
205 323
205 336
205 341
206 236
206 240
206 248
206 252
206 276
206 290
206 291
206 296
206 305
206 313
206 319
206 323
206 336
206 341
207 236
207 240
207 248
207 252
207 276
207 290
207 291
207 296
207 305
207 313
207 319
207 323
207 336
207 341
208 236
208 240
208 248
208 252
208 276
208 290
208 291
208 296
208 305
208 313
208 319
208 323
208 336
208 341
209 236
209 240
209 252
209 276
209 290
209 291
209 296
209 305
209 313
209 319
209 323
209 336
209 341
210 236
210 240
210 252
210 276
210 290
210 291
210 296
210 305
210 313
210 319
210 323
210 336
210 341
211 236
211 240
211 252
211 276
211 290
211 291
211 296
211 305
211 313
211 319
211 323
211 336
211 341
212 236
212 251
212 252
212 276
212 290
212 291
212 296
212 305
212 313
212 319
212 323
212 336
212 341
213 236
213 251
213 252
213 276
213 290
213 291
213 305
213 313
213 319
213 323
213 336
213 341
214 236
214 239
214 252
214 276
214 290
214 291
214 305
214 313
214 319
214 323
214 341
215 236
215 239
215 252
215 276
215 290
215 291
215 305
215 313
215 319
215 323
215 341
216 236
216 239
216 252
216 276
216 290
216 291
216 305
216 313
216 319
216 323
216 341
217 236
217 239
217 252
217 276
217 290
217 291
217 305
217 313
217 319
217 341
218 236
218 239
218 252
218 276
218 291
218 298
218 305
218 313
218 319
218 341
219 236
219 239
219 252
219 276
219 291
219 298
219 305
219 313
219 319
219 341
220 236
220 239
220 252
220 276
220 291
220 298
220 305
220 313
220 319
220 341
221 236
221 239
221 252
221 276
221 291
221 298
221 305
221 313
221 319
221 341
222 236
222 239
222 252
222 276
222 291
222 298
222 305
222 313
222 319
222 341
223 236
223 239
223 252
223 272
223 276
223 291
223 298
223 305
223 313
223 319
223 341
224 239
224 252
224 272
224 276
224 280
224 291
224 298
224 305
224 313
224 319
224 341
225 239
225 252
225 272
225 276
225 280
225 291
225 298
225 305
225 313
225 319
225 341
226 239
226 252
226 260
226 272
226 276
226 280
226 291
226 298
226 305
226 313
226 319
226 341
227 239
227 252
227 260
227 272
227 276
227 291
227 298
227 305
227 313
227 319
227 341
228 239
228 252
228 260
228 272
228 276
228 291
228 305
228 313
228 319
228 341
229 239
229 252
229 260
229 272
229 276
229 291
229 305
229 313
229 319
229 341
230 239
230 252
230 260
230 272
230 276
230 291
230 305
230 313
230 319
231 239
231 252
231 260
231 272
231 276
231 291
231 305
231 313
231 319
232 239
232 252
232 260
232 272
232 276
232 291
232 305
232 313
232 319
233 239
233 252
233 260
233 272
233 276
233 305
233 313
233 319
234 252
234 260
234 272
234 276
234 305
234 313
234 319
235 252
235 260
235 272
235 276
235 305
235 313
235 319
236 252
236 260
236 272
236 276
236 305
236 313
236 319
237 252
237 260
237 272
237 276
237 305
237 313
237 319
238 252
238 260
238 272
238 276
238 305
238 313
238 319
239 252
239 260
239 272
239 276
239 305
239 313
239 319
240 252
240 260
240 272
240 276
240 305
240 313
240 319
241 252
241 260
241 272
241 276
241 305
241 313
241 319
242 252
242 260
242 272
242 276
242 305
242 313
242 319
243 252
243 260
243 272
243 276
243 305
243 313
243 319
244 252
244 260
244 272
244 276
244 305
244 313
244 319
245 252
245 260
245 272
245 276
245 305
245 313
245 319
246 252
246 260
246 272
246 276
246 305
246 313
246 319
247 252
247 263
247 272
247 276
247 305
247 313
247 314
248 252
248 263
248 272
248 276
248 305
248 313
248 314
249 252
249 263
249 272
249 276
249 305
249 313
249 314
250 252
250 263
250 272
250 276
250 305
250 313
250 314
251 252
251 263
251 272
251 276
251 305
251 313
251 314
252 252
252 263
252 272
252 276
252 305
252 313
252 314
253 252
253 263
253 272
253 276
253 305
253 313
253 314
254 252
254 263
254 272
254 276
254 305
254 313
254 314
255 252
255 263
255 272
255 276
255 305
255 313
255 314
256 252
256 263
256 272
256 276
256 305
256 313
256 314
257 252
257 263
257 272
257 276
257 305
257 313
257 314
258 252
258 263
258 272
258 276
258 305
258 313
258 314
259 252
259 263
259 272
259 276
259 305
259 313
259 314
260 252
260 263
260 272
260 276
260 305
260 313
260 314
261 252
261 263
261 272
261 276
261 305
261 313
261 314
262 252
262 263
262 272
262 276
262 305
262 313
262 314
263 252
263 263
263 272
263 276
263 305
263 313
263 314
264 252
264 263
264 272
264 276
264 305
264 313
264 314
265 252
265 263
265 272
265 276
265 305
265 313
265 314
266 252
266 263
266 272
266 276
266 305
266 313
266 314
267 252
267 263
267 272
267 276
267 305
267 313
267 314
268 252
268 263
268 272
268 276
268 305
268 313
268 314
269 252
269 263
269 272
269 276
269 305
269 313
269 314
270 272
270 276
270 305
270 313
270 314
271 272
271 276
271 305
271 313
271 314
272 272
272 276
272 305
272 314
273 272
273 276
273 305
273 314
274 272
274 276
274 305
274 314
275 272
275 276
275 305
275 314
276 272
276 276
276 305
276 314
277 272
277 276
277 293
277 305
277 314
277 327
278 272
278 276
278 305
278 314
278 327
279 272
279 276
279 287
279 305
279 314
279 327
280 272
280 276
280 287
280 305
280 314
280 327
281 272
281 276
281 287
281 305
281 314
281 327
282 272
282 276
282 287
282 305
282 314
282 327
283 272
283 276
283 287
283 305
283 314
283 327
284 272
284 276
284 287
284 305
284 314
284 327
285 272
285 276
285 287
285 305
285 314
285 327
286 276
286 314
286 327
287 276
287 314
287 327
288 276
288 314
288 327
289 276
289 314
289 327
290 276
290 314
290 327
290 329
291 276
291 314
291 327
291 329
292 276
292 314
292 327
292 329
292 345
293 276
293 314
293 327
293 329
293 345
294 276
294 314
294 327
294 329
294 345
295 276
295 314
295 327
295 329
295 345
296 314
296 327
296 329
296 345
297 314
297 327
297 329
297 345
298 314
298 327
298 329
298 345
299 314
299 327
299 329
299 345
300 314
300 327
300 329
300 345
301 314
301 327
301 329
301 345
302 314
302 327
302 329
302 345
303 314
303 327
303 329
303 345
304 314
304 327
304 329
304 345
305 314
305 327
305 329
305 345
306 327
306 329
306 345
307 329
307 345
308 329
308 345
309 329
309 345
310 329
310 345
311 329
311 345
312 329
312 345
313 329
313 345
314 329
314 345
315 329
315 345
316 329
316 345
317 345
318 345
319 334
319 345
320 333
320 334
320 345
321 333
321 334
321 345
322 333
322 334
322 345
323 333
323 334
323 345
324 333
324 334
324 345
325 333
325 334
325 345
326 333
326 334
326 345
327 333
327 334
327 345
328 333
328 334
328 345
329 333
329 334
329 345
330 333
330 334
330 345
331 333
331 334
331 345
332 333
332 334
332 345
333 333
333 334
333 345
334 333
334 334
334 345
335 333
335 334
335 345
336 333
336 334
336 345
337 333
337 345
338 333
338 345
339 333
339 345
340 345
341 345
342 345
343 345
