0 4
1 11
1 25
1 66
1 77
1 91
1 102
1 111
1 178
1 236
1 306
1 320
2 5
2 25
2 26
2 41
2 65
2 71
2 77
2 91
2 111
2 120
2 153
2 178
2 236
2 306
2 320
3 13
3 29
3 41
3 65
3 70
3 71
3 91
3 111
3 120
3 153
3 178
3 229
3 236
3 241
3 306
3 320
4 13
4 41
4 65
4 70
4 71
4 91
4 111
4 120
4 153
4 178
4 218
4 229
4 236
4 241
4 306
4 320
5 13
5 41
5 65
5 70
5 71
5 91
5 111
5 120
5 153
5 178
5 218
5 229
5 236
5 241
5 306
5 320
6 13
6 41
6 65
6 70
6 71
6 91
6 110
6 111
6 120
6 153
6 178
6 218
6 229
6 236
6 241
6 306
6 320
7 13
7 41
7 65
7 70
7 71
7 91
7 110
7 111
7 120
7 153
7 178
7 218
7 229
7 236
7 241
7 306
7 320
8 13
8 40
8 41
8 65
8 71
8 85
8 91
8 105
8 110
8 111
8 120
8 153
8 178
8 218
8 229
8 236
8 241
8 306
8 320
9 14
9 18
9 20
9 22
9 65
9 71
9 84
9 91
9 110
9 111
9 120
9 126
9 153
9 178
9 182
9 218
9 224
9 229
9 236
9 241
9 306
9 312
9 320
10 14
10 18
10 20
10 43
10 65
10 71
10 84
10 91
10 101
10 110
10 111
10 120
10 126
10 153
10 178
10 182
10 218
10 224
10 229
10 236
10 241
10 306
10 312
10 320
11 18
11 43
11 65
11 71
11 84
11 91
11 101
11 110
11 111
11 120
11 126
11 153
11 163
11 178
11 182
11 197
11 218
11 224
11 229
11 236
11 241
11 306
11 312
11 320
12 42
12 43
12 60
12 65
12 71
12 72
12 84
12 98
12 101
12 110
12 111
12 120
12 126
12 153
12 163
12 182
12 197
12 218
12 224
12 229
12 236
12 241
12 306
12 310
12 312
12 320
12 344
13 42
13 43
13 60
13 65
13 71
13 72
13 84
13 101
13 110
13 111
13 120
13 126
13 153
13 163
13 182
13 197
13 218
13 224
13 229
13 236
13 241
13 306
13 310
13 312
13 320
13 344
14 32
14 36
14 42
14 60
14 65
14 71
14 72
14 84
14 101
14 110
14 111
14 120
14 126
14 153
14 163
14 182
14 197
14 218
14 224
14 229
14 236
14 241
14 306
14 310
14 312
14 320
14 344
15 32
15 36
15 42
15 60
15 65
15 71
15 72
15 101
15 110
15 111
15 120
15 126
15 153
15 182
15 197
15 218
15 224
15 229
15 236
15 241
15 306
15 310
15 312
15 320
15 344
16 32
16 36
16 60
16 65
16 72
16 101
16 110
16 111
16 120
16 126
16 153
16 182
16 197
16 209
16 224
16 229
16 236
16 241
16 293
16 306
16 310
16 312
16 320
16 344
17 32
17 36
17 44
17 60
17 65
17 72
17 101
17 110
17 111
17 120
17 126
17 130
17 182
17 197
17 209
17 224
17 229
17 236
17 241
17 293
17 306
17 310
17 312
17 320
17 344
18 31
18 32
18 33
18 44
18 46
18 56
18 60
18 65
18 72
18 101
18 110
18 111
18 120
18 126
18 167
18 182
18 197
18 209
18 224
18 229
18 236
18 241
18 264
18 293
18 306
18 310
18 312
18 320
18 344
19 23
19 31
19 32
19 33
19 44
19 60
19 65
19 72
19 73
19 101
19 109
19 110
19 111
19 125
19 126
19 167
19 171
19 182
19 197
19 209
19 224
19 229
19 236
19 241
19 247
19 255
19 264
19 293
19 306
19 310
19 320
19 344
20 23
20 31
20 32
20 33
20 44
20 60
20 65
20 73
20 101
20 109
20 110
20 111
20 125
20 126
20 167
20 171
20 182
20 209
20 224
20 229
20 236
20 241
20 247
20 255
20 264
20 293
20 306
20 310
20 320
20 344
21 24
21 27
21 33
21 44
21 47
21 53
21 60
21 65
21 101
21 109
21 110
21 111
21 125
21 126
21 167
21 171
21 182
21 209
21 224
21 229
21 236
21 241
21 247
21 255
21 258
21 264
21 293
21 306
21 310
21 318
21 320
21 344
22 24
22 27
22 33
22 44
22 47
22 60
22 65
22 101
22 109
22 110
22 111
22 125
22 167
22 171
22 182
22 209
22 224
22 229
22 236
22 241
22 247
22 255
22 258
22 264
22 293
22 306
22 310
22 318
22 320
22 344
23 27
23 33
23 44
23 60
23 65
23 87
23 101
23 109
23 110
23 111
23 125
23 167
23 171
23 182
23 209
23 224
23 229
23 236
23 241
23 247
23 255
23 258
23 264
23 293
23 306
23 310
23 318
23 320
23 344
24 27
24 33
24 44
24 60
24 65
24 87
24 101
24 110
24 111
24 121
24 125
24 165
24 167
24 171
24 182
24 209
24 224
24 229
24 236
24 241
24 247
24 255
24 258
24 264
24 293
24 306
24 310
24 318
24 320
24 344
25 27
25 35
25 60
25 76
25 87
25 101
25 103
25 111
25 128
25 129
25 138
25 165
25 167
25 182
25 209
25 224
25 236
25 241
25 242
25 249
25 255
25 258
25 293
25 310
25 318
26 35
26 50
26 60
26 74
26 80
26 97
26 101
26 103
26 114
26 128
26 129
26 138
26 140
26 165
26 167
26 182
26 194
26 236
26 242
26 255
26 258
26 272
26 293
26 310
26 318
27 30
27 35
27 50
27 60
27 74
27 97
27 101
27 103
27 114
27 128
27 138
27 140
27 165
27 167
27 182
27 188
27 194
27 201
27 236
27 242
27 255
27 258
27 272
27 293
27 310
27 318
28 38
28 50
28 60
28 74
28 97
28 101
28 103
28 106
28 128
28 138
28 140
28 165
28 167
28 182
28 186
28 194
28 201
28 204
28 236
28 242
28 258
28 272
28 293
28 303
28 310
29 50
29 59
29 60
29 74
29 101
29 103
29 106
29 128
29 138
29 140
29 165
29 167
29 181
29 182
29 186
29 194
29 201
29 204
29 215
29 236
29 242
29 258
29 272
29 293
29 303
29 310
30 50
30 59
30 60
30 74
30 101
30 103
30 106
30 128
30 138
30 140
30 165
30 167
30 181
30 182
30 186
30 194
30 201
30 204
30 215
30 236
30 242
30 258
30 272
30 293
30 303
30 310
31 50
31 59
31 60
31 74
31 101
31 103
31 106
31 128
31 138
31 140
31 165
31 167
31 181
31 182
31 186
31 194
31 201
31 204
31 215
31 236
31 242
31 258
31 272
31 293
31 303
31 310
32 37
32 59
32 60
32 74
32 101
32 103
32 106
32 128
32 138
32 140
32 165
32 167
32 181
32 182
32 186
32 194
32 201
32 204
32 236
32 242
32 258
32 272
32 293
32 303
32 310
33 37
33 52
33 59
33 60
33 74
33 101
33 103
33 106
33 128
33 138
33 140
33 165
33 167
33 181
33 182
33 186
33 194
33 201
33 204
33 236
33 242
33 258
33 272
33 293
33 303
33 310
34 52
34 59
34 60
34 74
34 101
34 103
34 106
34 128
34 138
34 140
34 165
34 167
34 181
34 182
34 186
34 194
34 201
34 204
34 236
34 242
34 258
34 272
34 293
34 303
34 310
35 52
35 59
35 60
35 74
35 101
35 103
35 106
35 128
35 138
35 140
35 165
35 167
35 181
35 182
35 186
35 194
35 201
35 204
35 236
35 242
35 258
35 272
35 293
35 303
35 310
36 49
36 57
36 59
36 74
36 75
36 101
36 103
36 106
36 116
36 128
36 135
36 140
36 165
36 167
36 181
36 182
36 186
36 190
36 194
36 201
36 234
36 236
36 242
36 258
36 272
36 293
36 303
36 310
37 49
37 59
37 74
37 75
37 101
37 103
37 106
37 116
37 128
37 135
37 140
37 165
37 167
37 181
37 182
37 186
37 190
37 194
37 201
37 234
37 236
37 242
37 258
37 272
37 293
37 303
37 310
38 49
38 59
38 74
38 75
38 101
38 103
38 106
38 116
38 128
38 135
38 140
38 165
38 167
38 181
38 182
38 186
38 190
38 194
38 201
38 234
38 236
38 242
38 258
38 272
38 293
38 303
38 310
39 49
39 59
39 74
39 75
39 101
39 103
39 106
39 116
39 128
39 135
39 140
39 165
39 167
39 181
39 182
39 186
39 190
39 194
39 201
39 234
39 236
39 242
39 258
39 272
39 293
39 303
39 310
40 49
40 61
40 74
40 101
40 103
40 106
40 116
40 128
40 135
40 140
40 165
40 167
40 181
40 182
40 186
40 190
40 194
40 201
40 234
40 236
40 242
40 293
40 303
40 310
41 49
41 61
41 74
41 101
41 103
41 106
41 116
41 128
41 135
41 140
41 165
41 167
41 181
41 182
41 186
41 190
41 194
41 201
41 234
41 236
41 242
41 293
41 303
41 310
42 45
42 49
42 62
42 74
42 96
42 101
42 106
42 116
42 128
42 165
42 181
42 182
42 186
42 190
42 194
42 207
42 234
42 236
42 242
42 293
42 303
42 310
42 315
43 45
43 49
43 96
43 116
43 128
43 165
43 181
43 186
43 190
43 194
43 207
43 234
43 236
43 242
43 303
43 310
43 315
44 45
44 49
44 96
44 116
44 128
44 165
44 181
44 186
44 190
44 194
44 207
44 234
44 236
44 242
44 262
44 303
44 310
44 315
45 49
45 94
45 96
45 116
45 128
45 165
45 181
45 186
45 190
45 194
45 207
45 234
45 236
45 242
45 262
45 303
45 310
45 315
46 68
46 94
46 96
46 128
46 133
46 149
46 165
46 170
46 181
46 185
46 186
46 190
46 194
46 207
46 234
46 236
46 242
46 262
46 274
46 303
46 310
46 315
47 68
47 69
47 93
47 128
47 149
47 165
47 170
47 181
47 185
47 186
47 190
47 194
47 205
47 207
47 234
47 236
47 242
47 262
47 274
47 303
47 310
47 315
48 68
48 69
48 93
48 112
48 149
48 162
48 165
48 170
48 181
48 185
48 186
48 190
48 194
48 205
48 234
48 236
48 242
48 262
48 274
48 303
48 315
49 54
49 68
49 69
49 93
49 118
49 149
49 162
49 165
49 170
49 181
49 185
49 186
49 190
49 194
49 205
49 234
49 236
49 242
49 262
49 274
49 303
49 315
50 54
50 68
50 69
50 93
50 118
50 149
50 162
50 165
50 170
50 181
50 185
50 186
50 190
50 194
50 205
50 234
50 236
50 242
50 262
50 274
50 303
50 315
51 54
51 68
51 69
51 93
51 118
51 149
51 162
51 165
51 170
51 181
51 185
51 186
51 190
51 194
51 205
51 234
51 236
51 242
51 262
51 274
51 303
51 315
52 54
52 68
52 69
52 93
52 118
52 149
52 162
52 165
52 170
52 181
52 185
52 186
52 190
52 194
52 205
52 234
52 236
52 242
52 262
52 274
52 303
52 315
53 54
53 68
53 69
53 93
53 118
53 149
53 162
53 165
53 170
53 181
53 185
53 186
53 190
53 194
53 205
53 234
53 236
53 242
53 274
53 303
53 315
54 54
54 68
54 69
54 93
54 118
54 149
54 162
54 165
54 170
54 181
54 185
54 186
54 190
54 194
54 205
54 234
54 236
54 242
54 274
54 303
54 315
55 64
55 68
55 69
55 86
55 93
55 162
55 165
55 170
55 173
55 177
55 181
55 185
55 186
55 194
55 205
55 236
55 242
55 274
55 297
55 303
55 315
56 64
56 68
56 69
56 86
56 93
56 162
56 165
56 170
56 173
56 177
56 181
56 185
56 186
56 194
56 205
56 236
56 242
56 274
56 297
56 303
56 315
57 64
57 68
57 69
57 86
57 93
57 162
57 165
57 170
57 173
57 177
57 181
57 185
57 186
57 194
57 205
57 236
57 242
57 274
57 280
57 297
57 303
57 315
58 64
58 68
58 69
58 86
58 93
58 162
58 165
58 170
58 173
58 177
58 181
58 185
58 186
58 194
58 205
58 236
58 242
58 274
58 280
58 297
58 303
58 315
59 64
59 68
59 69
59 86
59 93
59 162
59 165
59 170
59 173
59 177
59 181
59 185
59 186
59 194
59 205
59 214
59 236
59 242
59 274
59 280
59 297
59 303
59 315
60 64
60 68
60 69
60 86
60 93
60 162
60 165
60 170
60 173
60 177
60 181
60 185
60 186
60 194
60 205
60 214
60 236
60 242
60 274
60 280
60 297
60 303
60 315
61 64
61 68
61 69
61 86
61 93
61 162
61 165
61 170
61 173
61 177
61 181
61 185
61 186
61 194
61 205
61 214
61 236
61 242
61 274
61 280
61 297
61 303
61 315
62 64
62 68
62 69
62 86
62 93
62 162
62 165
62 170
62 173
62 177
62 181
62 185
62 186
62 194
62 205
62 214
62 236
62 242
62 274
62 280
62 297
62 303
62 315
63 64
63 68
63 69
63 86
63 93
63 107
63 162
63 165
63 170
63 173
63 177
63 181
63 185
63 186
63 194
63 205
63 214
63 236
63 242
63 274
63 280
63 297
63 303
63 315
64 64
64 68
64 69
64 86
64 93
64 107
64 162
64 165
64 170
64 173
64 181
64 185
64 186
64 194
64 205
64 214
64 236
64 242
64 274
64 280
64 297
64 303
64 315
65 64
65 68
65 69
65 81
65 83
65 86
65 93
65 107
65 162
65 170
65 173
65 179
65 181
65 185
65 186
65 194
65 205
65 214
65 236
65 242
65 274
65 280
65 297
65 303
65 315
66 64
66 68
66 69
66 81
66 83
66 86
66 93
66 107
66 162
66 173
66 179
66 181
66 185
66 186
66 194
66 205
66 236
66 242
66 274
66 280
66 297
66 303
66 315
67 68
67 82
67 83
67 86
67 107
67 162
67 173
67 179
67 181
67 185
67 186
67 194
67 205
67 236
67 242
67 274
67 280
67 297
67 303
67 315
68 68
68 82
68 83
68 86
68 107
68 162
68 173
68 179
68 181
68 185
68 186
68 194
68 205
68 216
68 231
68 236
68 242
68 269
68 274
68 280
68 297
68 303
68 315
69 68
69 82
69 83
69 86
69 107
69 162
69 173
69 179
69 181
69 185
69 186
69 194
69 205
69 216
69 231
69 236
69 242
69 269
69 274
69 280
69 297
69 303
69 315
70 68
70 82
70 83
70 100
70 107
70 113
70 161
70 162
70 164
70 173
70 179
70 181
70 185
70 186
70 205
70 216
70 231
70 236
70 242
70 269
70 274
70 280
70 297
70 303
70 315
71 68
71 82
71 100
71 107
71 113
71 161
71 162
71 164
71 173
71 179
71 181
71 185
71 186
71 216
71 231
71 236
71 242
71 254
71 269
71 274
71 280
71 297
71 303
71 315
72 68
72 82
72 100
72 107
72 113
72 161
72 162
72 164
72 173
72 179
72 181
72 185
72 186
72 216
72 236
72 242
72 246
72 254
72 269
72 274
72 280
72 297
72 303
72 315
73 68
73 82
73 100
73 107
73 113
73 144
73 162
73 164
73 173
73 179
73 181
73 185
73 186
73 216
73 236
73 242
73 246
73 254
73 269
73 274
73 276
73 280
73 297
73 303
73 315
74 68
74 82
74 100
74 107
74 113
74 144
74 162
74 164
74 173
74 179
74 181
74 185
74 186
74 216
74 236
74 242
74 246
74 254
74 269
74 274
74 276
74 280
74 297
74 303
74 315
75 68
75 82
75 100
75 107
75 113
75 144
75 162
75 164
75 173
75 179
75 186
75 213
75 216
75 236
75 242
75 246
75 254
75 269
75 273
75 274
75 276
75 280
75 297
75 303
75 315
76 78
76 82
76 90
76 107
76 113
76 142
76 144
76 162
76 173
76 179
76 186
76 213
76 236
76 242
76 245
76 246
76 254
76 273
76 274
76 276
76 294
76 297
76 303
76 315
76 322
77 78
77 82
77 88
77 90
77 107
77 113
77 142
77 144
77 151
77 162
77 173
77 179
77 186
77 213
77 236
77 239
77 242
77 245
77 246
77 254
77 273
77 276
77 294
77 297
77 303
77 315
77 322
78 82
78 88
78 90
78 92
78 107
78 113
78 122
78 142
78 144
78 151
78 162
78 173
78 179
78 186
78 213
78 236
78 239
78 242
78 245
78 246
78 254
78 273
78 276
78 294
78 297
78 303
78 315
78 322
79 82
79 88
79 90
79 92
79 107
79 113
79 122
79 142
79 144
79 151
79 162
79 173
79 179
79 186
79 213
79 219
79 236
79 239
79 242
79 245
79 246
79 254
79 273
79 276
79 294
79 297
79 303
79 315
79 322
80 82
80 88
80 90
80 92
80 107
80 113
80 122
80 142
80 144
80 151
80 162
80 173
80 179
80 186
80 213
80 219
80 236
80 239
80 242
80 245
80 246
80 254
80 273
80 276
80 294
80 297
80 303
80 315
80 322
81 82
81 88
81 90
81 92
81 107
81 113
81 122
81 124
81 142
81 144
81 151
81 162
81 173
81 179
81 186
81 200
81 213
81 219
81 236
81 239
81 242
81 245
81 246
81 254
81 273
81 276
81 294
81 297
81 303
81 315
81 322
82 88
82 90
82 92
82 107
82 113
82 122
82 124
82 142
82 144
82 158
82 162
82 173
82 186
82 200
82 213
82 219
82 236
82 239
82 242
82 245
82 246
82 254
82 273
82 276
82 294
82 297
82 303
82 315
82 322
83 88
83 90
83 92
83 107
83 113
83 122
83 124
83 142
83 144
83 158
83 162
83 173
83 186
83 200
83 213
83 219
83 236
83 239
83 242
83 245
83 246
83 254
83 273
83 276
83 294
83 297
83 303
83 315
83 322
84 90
84 92
84 107
84 113
84 122
84 124
84 142
84 144
84 158
84 162
84 173
84 186
84 200
84 213
84 219
84 236
84 237
84 239
84 242
84 245
84 246
84 254
84 273
84 276
84 283
84 294
84 297
84 303
84 315
84 322
85 90
85 92
85 107
85 113
85 122
85 124
85 142
85 144
85 158
85 162
85 173
85 186
85 213
85 219
85 236
85 237
85 239
85 242
85 245
85 246
85 254
85 273
85 276
85 283
85 294
85 297
85 303
85 315
85 322
86 90
86 99
86 107
86 113
86 117
86 122
86 124
86 142
86 144
86 150
86 162
86 173
86 186
86 213
86 219
86 236
86 237
86 239
86 245
86 246
86 254
86 260
86 267
86 273
86 276
86 283
86 294
86 297
86 303
86 315
86 322
87 90
87 107
87 113
87 117
87 122
87 124
87 142
87 144
87 150
87 173
87 213
87 219
87 236
87 237
87 239
87 245
87 246
87 254
87 260
87 267
87 273
87 276
87 283
87 294
87 297
87 303
87 315
87 322
88 90
88 107
88 113
88 117
88 122
88 124
88 142
88 144
88 150
88 173
88 213
88 219
88 236
88 237
88 239
88 245
88 246
88 254
88 260
88 267
88 273
88 276
88 283
88 294
88 297
88 303
88 315
88 322
89 90
89 107
89 113
89 117
89 122
89 124
89 142
89 144
89 150
89 173
89 213
89 219
89 236
89 237
89 239
89 245
89 246
89 254
89 260
89 267
89 273
89 276
89 283
89 294
89 297
89 303
89 315
89 322
90 90
90 122
90 124
90 144
90 150
90 154
90 173
90 213
90 219
90 236
90 237
90 239
90 245
90 246
90 254
90 260
90 267
90 273
90 276
90 281
90 283
90 288
90 294
90 297
90 303
90 315
90 316
90 322
91 90
91 122
91 124
91 143
91 144
91 150
91 154
91 173
91 213
91 219
91 236
91 237
91 239
91 245
91 246
91 254
91 260
91 267
91 273
91 276
91 281
91 283
91 285
91 288
91 294
91 297
91 303
91 315
91 316
91 322
92 90
92 104
92 122
92 124
92 143
92 144
92 150
92 154
92 173
92 213
92 219
92 236
92 237
92 239
92 245
92 246
92 254
92 260
92 267
92 273
92 276
92 281
92 283
92 285
92 288
92 294
92 297
92 303
92 315
92 316
92 322
93 104
93 122
93 124
93 143
93 144
93 150
93 154
93 173
93 213
93 219
93 236
93 237
93 239
93 245
93 246
93 260
93 267
93 273
93 276
93 281
93 283
93 285
93 288
93 294
93 297
93 303
93 315
93 316
93 322
94 104
94 122
94 124
94 143
94 144
94 150
94 154
94 173
94 213
94 219
94 236
94 237
94 239
94 245
94 246
94 260
94 267
94 273
94 276
94 281
94 283
94 285
94 288
94 294
94 297
94 303
94 315
94 316
94 328
95 104
95 115
95 122
95 124
95 143
95 144
95 150
95 154
95 173
95 213
95 219
95 236
95 237
95 239
95 245
95 246
95 260
95 267
95 273
95 276
95 281
95 283
95 285
95 288
95 294
95 297
95 303
95 308
95 315
95 316
95 328
96 104
96 115
96 122
96 124
96 143
96 144
96 150
96 154
96 173
96 174
96 219
96 237
96 239
96 245
96 246
96 260
96 267
96 273
96 276
96 281
96 282
96 283
96 285
96 288
96 294
96 297
96 303
96 308
96 315
96 316
96 328
97 104
97 115
97 122
97 124
97 143
97 144
97 150
97 154
97 173
97 174
97 219
97 237
97 239
97 245
97 246
97 260
97 267
97 273
97 276
97 281
97 282
97 283
97 285
97 288
97 294
97 297
97 303
97 308
97 315
97 316
97 328
98 104
98 115
98 122
98 124
98 143
98 144
98 150
98 154
98 173
98 174
98 219
98 237
98 239
98 245
98 246
98 260
98 267
98 273
98 276
98 278
98 281
98 282
98 283
98 285
98 288
98 294
98 297
98 303
98 308
98 315
98 316
98 328
99 104
99 115
99 122
99 143
99 144
99 150
99 154
99 173
99 174
99 219
99 237
99 239
99 245
99 246
99 260
99 267
99 273
99 276
99 278
99 281
99 282
99 283
99 285
99 288
99 294
99 297
99 303
99 308
99 315
99 316
99 328
100 104
100 108
100 115
100 122
100 143
100 144
100 150
100 154
100 155
100 219
100 237
100 239
100 245
100 246
100 260
100 273
100 275
100 278
100 281
100 282
100 283
100 288
100 297
100 303
100 308
100 315
100 328
101 115
101 122
101 139
101 143
101 144
101 150
101 154
101 155
101 198
101 219
101 237
101 239
101 245
101 246
101 260
101 273
101 275
101 281
101 282
101 283
101 288
101 297
101 303
101 308
101 315
101 328
101 334
102 115
102 122
102 123
102 139
102 143
102 144
102 150
102 154
102 155
102 198
102 219
102 237
102 239
102 245
102 246
102 260
102 273
102 275
102 281
102 282
102 283
102 288
102 297
102 303
102 308
102 315
102 328
102 334
103 115
103 122
103 123
103 139
103 143
103 144
103 150
103 154
103 155
103 198
103 219
103 237
103 239
103 245
103 246
103 260
103 273
103 275
103 281
103 282
103 283
103 288
103 297
103 303
103 308
103 315
103 328
103 334
104 115
104 122
104 123
104 139
104 143
104 144
104 150
104 154
104 155
104 198
104 219
104 237
104 239
104 245
104 246
104 260
104 273
104 275
104 281
104 282
104 283
104 288
104 297
104 303
104 308
104 315
104 328
104 334
105 115
105 122
105 123
105 136
105 139
105 144
105 150
105 154
105 155
105 175
105 184
105 198
105 219
105 237
105 239
105 245
105 246
105 252
105 260
105 273
105 275
105 281
105 282
105 283
105 288
105 297
105 303
105 308
105 315
105 328
105 334
105 346
106 115
106 122
106 123
106 136
106 139
106 144
106 150
106 154
106 155
106 175
106 184
106 198
106 219
106 237
106 239
106 245
106 246
106 252
106 260
106 273
106 275
106 281
106 282
106 283
106 288
106 297
106 303
106 308
106 315
106 328
106 334
106 346
107 115
107 122
107 123
107 136
107 139
107 150
107 154
107 155
107 175
107 184
107 198
107 219
107 237
107 239
107 245
107 246
107 252
107 260
107 273
107 275
107 281
107 282
107 283
107 288
107 297
107 303
107 308
107 315
107 328
107 334
107 346
108 115
108 122
108 123
108 136
108 139
108 150
108 154
108 155
108 175
108 184
108 198
108 219
108 237
108 239
108 245
108 246
108 252
108 260
108 273
108 275
108 281
108 282
108 283
108 288
108 297
108 303
108 308
108 315
108 328
108 334
108 346
109 115
109 122
109 123
109 136
109 139
109 150
109 154
109 155
109 175
109 184
109 198
109 202
109 219
109 237
109 239
109 245
109 246
109 252
109 260
109 273
109 275
109 281
109 282
109 283
109 288
109 297
109 303
109 308
109 315
109 328
109 334
109 346
110 115
110 123
110 136
110 139
110 150
110 154
110 175
110 184
110 198
110 202
110 219
110 237
110 239
110 245
110 246
110 252
110 260
110 273
110 275
110 281
110 282
110 283
110 288
110 297
110 303
110 308
110 315
110 328
110 334
110 346
111 115
111 123
111 136
111 150
111 154
111 175
111 184
111 198
111 202
111 219
111 233
111 237
111 239
111 245
111 246
111 252
111 260
111 273
111 275
111 281
111 282
111 283
111 288
111 297
111 303
111 308
111 314
111 315
111 328
111 334
111 346
112 115
112 123
112 136
112 150
112 154
112 175
112 184
112 198
112 202
112 219
112 233
112 237
112 239
112 245
112 246
112 252
112 260
112 273
112 275
112 281
112 282
112 283
112 288
112 297
112 303
112 308
112 314
112 315
112 328
112 334
112 346
113 115
113 123
113 136
113 150
113 154
113 175
113 184
113 198
113 202
113 219
113 233
113 239
113 245
113 246
113 252
113 260
113 273
113 275
113 281
113 282
113 283
113 288
113 297
113 303
113 304
113 308
113 314
113 315
113 328
113 334
113 346
114 123
114 136
114 150
114 154
114 175
114 184
114 198
114 202
114 219
114 239
114 245
114 246
114 252
114 260
114 273
114 275
114 281
114 282
114 283
114 288
114 297
114 304
114 314
114 315
114 328
114 334
114 346
115 123
115 136
115 150
115 154
115 175
115 184
115 198
115 202
115 219
115 239
115 245
115 246
115 252
115 260
115 273
115 275
115 281
115 282
115 283
115 288
115 297
115 304
115 314
115 315
115 328
115 334
115 346
116 123
116 136
116 150
116 154
116 175
116 184
116 187
116 191
116 198
116 202
116 219
116 232
116 239
116 245
116 246
116 260
116 273
116 275
116 281
116 282
116 283
116 288
116 297
116 314
116 315
116 328
116 334
116 346
117 123
117 131
117 136
117 150
117 154
117 175
117 184
117 187
117 191
117 198
117 202
117 219
117 232
117 239
117 246
117 260
117 273
117 275
117 281
117 282
117 288
117 297
117 314
117 315
117 328
117 334
117 346
118 123
118 131
118 136
118 150
118 175
118 184
118 187
118 191
118 198
118 202
118 219
118 232
118 239
118 246
118 260
118 273
118 275
118 281
118 282
118 288
118 297
118 314
118 315
118 328
118 334
118 346
119 123
119 127
119 132
119 134
119 136
119 166
119 175
119 184
119 187
119 191
119 198
119 202
119 219
119 232
119 273
119 275
119 281
119 282
119 288
119 297
119 300
119 314
119 315
119 328
119 346
120 127
120 132
120 134
120 136
120 166
120 175
120 184
120 187
120 191
120 198
120 202
120 219
120 232
120 273
120 275
120 281
120 282
120 288
120 297
120 300
120 314
120 315
120 346
121 127
121 132
121 134
121 136
121 166
121 175
121 184
121 187
121 191
121 198
121 202
121 219
121 232
121 273
121 275
121 281
121 282
121 288
121 297
121 300
121 314
121 315
121 346
122 127
122 132
122 134
122 136
122 157
122 166
122 175
122 184
122 187
122 191
122 198
122 202
122 219
122 220
122 232
122 275
122 281
122 282
122 288
122 297
122 300
122 314
122 315
122 346
123 127
123 132
123 134
123 136
123 152
123 157
123 166
123 175
123 184
123 187
123 191
123 198
123 202
123 219
123 220
123 232
123 275
123 281
123 282
123 288
123 297
123 300
123 314
123 315
123 346
124 132
124 134
124 145
124 147
124 157
124 166
124 175
124 176
124 187
124 191
124 198
124 202
124 220
124 232
124 275
124 281
124 288
124 297
124 300
124 314
124 315
124 346
125 132
125 134
125 145
125 147
125 157
125 166
125 176
125 187
125 191
125 198
125 202
125 220
125 232
125 281
125 288
125 297
125 300
125 314
125 315
125 346
126 134
126 145
126 147
126 157
126 166
126 176
126 187
126 191
126 198
126 202
126 212
126 220
126 232
126 281
126 288
126 297
126 300
126 314
126 315
126 346
127 134
127 145
127 147
127 176
127 187
127 191
127 198
127 202
127 220
127 232
127 281
127 297
127 300
127 314
127 315
127 346
128 134
128 145
128 147
128 159
128 176
128 187
128 198
128 202
128 220
128 232
128 281
128 297
128 300
128 314
128 346
129 134
129 145
129 147
129 159
129 176
129 187
129 198
129 202
129 220
129 232
129 281
129 297
129 300
129 314
129 346
130 134
130 145
130 147
130 148
130 159
130 176
130 187
130 195
130 198
130 202
130 203
130 220
130 232
130 281
130 297
130 300
130 314
130 346
131 134
131 145
131 147
131 148
131 159
131 176
131 187
131 195
131 198
131 202
131 203
131 220
131 232
131 281
131 297
131 300
131 314
131 346
132 134
132 145
132 146
132 147
132 148
132 159
132 176
132 195
132 198
132 202
132 203
132 220
132 232
132 281
132 297
132 300
132 314
132 346
133 134
133 145
133 146
133 147
133 148
133 159
133 176
133 195
133 198
133 202
133 203
133 220
133 232
133 281
133 297
133 300
133 314
133 346
134 134
134 145
134 146
134 147
134 148
134 159
134 176
134 195
134 198
134 202
134 203
134 220
134 232
134 268
134 281
134 297
134 300
134 314
134 326
134 346
135 134
135 145
135 146
135 147
135 148
135 159
135 176
135 195
135 198
135 203
135 232
135 268
135 281
135 297
135 300
135 314
135 326
135 346
136 134
136 145
136 146
136 147
136 148
136 159
136 176
136 195
136 198
136 203
136 232
136 268
136 281
136 297
136 300
136 314
136 326
136 346
137 134
137 145
137 146
137 147
137 148
137 159
137 176
137 195
137 198
137 203
137 232
137 268
137 281
137 297
137 300
137 314
137 326
137 346
138 134
138 145
138 146
138 147
138 148
138 159
138 176
138 195
138 198
138 203
138 232
138 268
138 281
138 297
138 300
138 314
138 326
138 346
139 134
139 145
139 146
139 147
139 148
139 159
139 176
139 195
139 198
139 203
139 232
139 268
139 281
139 297
139 300
139 314
139 326
139 346
140 134
140 141
140 146
140 147
140 148
140 159
140 176
140 195
140 198
140 203
140 232
140 261
140 268
140 281
140 297
140 300
140 314
140 326
140 333
140 346
141 146
141 148
141 156
141 159
141 189
141 195
141 198
141 203
141 232
141 261
141 281
141 300
141 326
141 340
141 346
142 146
142 148
142 156
142 159
142 189
142 195
142 198
142 203
142 232
142 261
142 281
142 300
142 326
142 340
142 346
143 146
143 148
143 156
143 159
143 189
143 195
143 198
143 203
143 228
143 232
143 261
143 281
143 300
143 326
143 336
143 340
143 346
144 146
144 148
144 156
144 159
144 189
144 195
144 196
144 198
144 203
144 228
144 230
144 232
144 261
144 281
144 300
144 326
144 336
144 340
144 346
145 146
145 148
145 156
145 159
145 189
145 193
145 195
145 196
145 198
145 203
145 228
145 230
145 232
145 261
145 281
145 300
145 326
145 336
145 340
145 346
146 146
146 148
146 156
146 159
146 189
146 193
146 195
146 196
146 198
146 203
146 228
146 230
146 232
146 261
146 281
146 300
146 326
146 336
146 340
146 346
147 146
147 148
147 156
147 159
147 160
147 172
147 183
147 189
147 193
147 195
147 196
147 198
147 203
147 228
147 230
147 232
147 261
147 281
147 300
147 326
147 336
147 340
147 346
148 146
148 148
148 156
148 159
148 160
148 172
148 183
148 189
148 193
148 195
148 196
148 198
148 203
148 228
148 230
148 232
148 261
148 281
148 300
148 326
148 336
148 340
148 346
149 146
149 148
149 156
149 159
149 160
149 172
149 183
149 189
149 193
149 195
149 196
149 198
149 203
149 227
149 228
149 230
149 232
149 261
149 281
149 300
149 326
149 336
149 340
149 346
150 146
150 148
150 159
150 160
150 172
150 183
150 189
150 193
150 195
150 196
150 203
150 227
150 228
150 230
150 232
150 261
150 281
150 300
150 326
150 336
150 340
150 346
151 146
151 148
151 159
151 160
151 172
151 183
151 189
151 193
151 195
151 196
151 203
151 227
151 228
151 230
151 232
151 261
151 281
151 300
151 326
151 336
151 339
151 340
151 346
151 348
152 146
152 148
152 159
152 160
152 172
152 183
152 189
152 193
152 195
152 196
152 203
152 227
152 228
152 230
152 232
152 261
152 281
152 300
152 326
152 336
152 339
152 340
152 346
152 348
153 146
153 148
153 159
153 160
153 172
153 183
153 189
153 193
153 195
153 196
153 203
153 223
153 225
153 227
153 228
153 230
153 232
153 261
153 281
153 300
153 326
153 336
153 339
153 340
153 346
153 348
154 146
154 148
154 159
154 160
154 172
154 183
154 189
154 193
154 195
154 196
154 203
154 223
154 225
154 227
154 228
154 230
154 232
154 261
154 281
154 300
154 326
154 336
154 339
154 340
154 346
154 348
155 146
155 148
155 159
155 160
155 172
155 183
155 189
155 193
155 195
155 196
155 203
155 223
155 225
155 227
155 228
155 230
155 232
155 261
155 281
155 300
155 326
155 336
155 339
155 340
155 346
155 348
156 148
156 159
156 160
156 172
156 180
156 183
156 189
156 193
156 195
156 199
156 223
156 225
156 227
156 228
156 230
156 232
156 251
156 261
156 281
156 300
156 336
156 340
156 346
156 348
157 148
157 159
157 160
157 172
157 180
157 183
157 189
157 193
157 195
157 199
157 223
157 225
157 227
157 228
157 230
157 232
157 251
157 261
157 281
157 300
157 336
157 340
157 346
157 348
158 148
158 159
158 160
158 172
158 180
158 183
158 189
158 193
158 195
158 199
158 223
158 225
158 227
158 228
158 230
158 232
158 251
158 261
158 281
158 300
158 336
158 340
158 346
158 348
159 148
159 159
159 168
159 172
159 180
159 183
159 189
159 193
159 195
159 199
159 223
159 225
159 227
159 228
159 230
159 232
159 251
159 261
159 281
159 286
159 300
159 336
159 340
159 346
159 348
160 148
160 159
160 168
160 172
160 180
160 183
160 189
160 193
160 195
160 199
160 223
160 225
160 227
160 228
160 230
160 232
160 251
160 261
160 281
160 286
160 300
160 336
160 340
160 346
160 348
161 148
161 159
161 168
161 172
161 180
161 183
161 189
161 195
161 199
161 223
161 225
161 227
161 228
161 230
161 232
161 251
161 261
161 281
161 286
161 300
161 336
161 340
161 346
161 348
162 148
162 159
162 168
162 172
162 180
162 183
162 189
162 195
162 199
162 223
162 225
162 227
162 228
162 230
162 232
162 251
162 261
162 281
162 286
162 300
162 309
162 336
162 340
162 346
162 348
163 148
163 159
163 168
163 172
163 180
163 189
163 195
163 199
163 223
163 225
163 227
163 228
163 230
163 232
163 251
163 261
163 286
163 300
163 309
163 336
163 340
163 346
163 348
164 148
164 159
164 168
164 172
164 180
164 189
164 195
164 199
164 223
164 225
164 227
164 228
164 230
164 232
164 251
164 261
164 286
164 300
164 309
164 336
164 340
164 346
164 348
165 148
165 159
165 168
165 172
165 180
165 189
165 195
165 199
165 223
165 225
165 228
165 230
165 251
165 261
165 263
165 286
165 300
165 309
165 311
165 336
165 340
165 346
165 348
166 148
166 159
166 168
166 172
166 180
166 189
166 195
166 199
166 223
166 225
166 228
166 230
166 251
166 261
166 263
166 286
166 300
166 309
166 311
166 336
166 340
166 346
166 348
167 172
167 189
167 199
167 206
167 223
167 228
167 230
167 251
167 261
167 263
167 286
167 300
167 309
167 311
167 340
167 346
167 348
168 172
168 189
168 199
168 206
168 223
168 228
168 230
168 251
168 261
168 263
168 286
168 300
168 309
168 311
168 340
168 346
168 348
169 172
169 189
169 199
169 206
169 223
169 228
169 251
169 261
169 263
169 286
169 300
169 309
169 311
169 332
169 340
169 346
169 348
170 172
170 189
170 199
170 206
170 223
170 228
170 251
170 261
170 263
170 266
170 286
170 300
170 309
170 311
170 332
170 340
170 346
170 348
171 172
171 189
171 199
171 206
171 223
171 228
171 251
171 261
171 263
171 266
171 286
171 300
171 309
171 311
171 332
171 340
171 346
171 348
172 172
172 189
172 199
172 206
172 223
172 228
172 235
172 251
172 261
172 263
172 266
172 300
172 309
172 311
172 325
172 332
172 340
172 346
172 348
173 172
173 189
173 206
173 223
173 228
173 235
173 251
173 261
173 263
173 266
173 300
173 309
173 311
173 323
173 325
173 332
173 340
173 346
173 348
174 172
174 189
174 206
174 223
174 228
174 235
174 251
174 261
174 263
174 266
174 300
174 309
174 323
174 325
174 332
174 340
174 346
175 172
175 206
175 211
175 223
175 228
175 235
175 251
175 261
175 263
175 266
175 300
175 309
175 323
175 325
175 332
175 335
175 340
175 346
176 172
176 206
176 211
176 223
176 228
176 235
176 251
176 261
176 263
176 266
176 300
176 309
176 323
176 325
176 332
176 335
176 340
176 346
177 172
177 206
177 211
177 223
177 228
177 235
177 251
177 261
177 263
177 266
177 300
177 309
177 323
177 325
177 332
177 335
177 340
177 346
178 172
178 206
178 211
178 223
178 228
178 235
178 251
178 256
178 261
178 263
178 266
178 300
178 309
178 323
178 325
178 332
178 335
178 340
178 346
179 172
179 206
179 211
179 223
179 228
179 235
179 251
179 256
179 261
179 263
179 266
179 290
179 300
179 309
179 323
179 325
179 332
179 335
179 340
179 346
180 172
180 206
180 211
180 223
180 228
180 235
180 251
180 256
180 261
180 263
180 266
180 290
180 300
180 309
180 323
180 325
180 332
180 335
180 340
180 346
181 172
181 206
181 211
181 223
181 228
181 235
181 251
181 256
181 261
181 263
181 266
181 290
181 300
181 309
181 323
181 325
181 332
181 335
181 340
181 346
182 172
182 206
182 211
182 223
182 228
182 235
182 251
182 256
182 261
182 263
182 266
182 309
182 323
182 325
182 332
182 335
182 340
182 346
183 172
183 206
183 211
183 223
183 228
183 235
183 251
183 256
183 261
183 263
183 266
183 309
183 323
183 325
183 332
183 335
183 340
183 346
184 172
184 192
184 206
184 211
184 223
184 228
184 235
184 251
184 256
184 261
184 263
184 266
184 309
184 323
184 325
184 332
184 335
184 340
184 346
185 172
185 192
185 206
185 211
185 223
185 228
185 235
185 251
185 256
185 261
185 263
185 266
185 309
185 323
185 325
185 332
185 335
185 340
185 346
186 172
186 192
186 206
186 211
186 223
186 235
186 244
186 256
186 261
186 263
186 309
186 313
186 323
186 325
186 332
186 335
186 340
186 346
187 172
187 192
187 211
187 223
187 235
187 244
187 256
187 261
187 263
187 309
187 313
187 323
187 325
187 332
187 335
187 340
187 346
188 172
188 192
188 211
188 223
188 235
188 244
188 256
188 261
188 263
188 309
188 313
188 323
188 325
188 332
188 335
188 340
188 346
189 192
189 211
189 223
189 235
189 244
189 256
189 261
189 263
189 309
189 313
189 323
189 325
189 332
189 335
189 340
189 346
190 223
190 235
190 244
190 253
190 256
190 261
190 263
190 309
190 313
190 323
190 325
190 332
190 335
190 346
191 223
191 235
191 244
191 253
191 256
191 261
191 263
191 309
191 313
191 323
191 325
191 332
191 335
191 346
192 223
192 235
192 244
192 253
192 256
192 261
192 263
192 309
192 313
192 323
192 325
192 332
192 335
192 346
193 223
193 235
193 244
193 253
193 256
193 261
193 263
193 309
193 313
193 323
193 325
193 332
193 335
193 346
194 223
194 226
194 235
194 253
194 256
194 261
194 263
194 309
194 313
194 323
194 325
194 332
194 335
194 346
195 223
195 226
195 235
195 253
195 256
195 261
195 263
195 309
195 313
195 323
195 325
195 332
195 335
195 346
196 223
196 226
196 235
196 253
196 256
196 261
196 263
196 309
196 313
196 323
196 325
196 332
196 335
196 346
197 223
197 226
197 235
197 253
197 256
197 261
197 263
197 309
197 313
197 323
197 325
197 332
197 335
197 346
198 223
198 226
198 235
198 253
198 256
198 261
198 263
198 309
198 313
198 323
198 325
198 332
198 335
198 346
199 223
199 226
199 235
199 253
199 256
199 261
199 263
199 309
199 313
199 323
199 325
199 332
199 335
199 346
200 223
200 226
200 235
200 253
200 256
200 261
200 263
200 309
200 313
200 323
200 325
200 332
200 335
200 346
201 223
201 226
201 235
201 253
201 256
201 261
201 263
201 309
201 313
201 323
201 325
201 332
201 335
201 346
202 223
202 226
202 235
202 253
202 256
202 263
202 291
202 305
202 309
202 313
202 323
202 325
202 332
202 335
202 346
203 223
203 226
203 235
203 253
203 256
203 263
203 291
203 305
203 309
203 313
203 323
203 325
203 332
203 335
203 346
204 223
204 226
204 235
204 253
204 256
204 263
204 291
204 305
204 309
204 313
204 323
204 325
204 332
204 335
204 346
205 208
205 223
205 226
205 235
205 256
205 263
205 271
205 291
205 305
205 309
205 313
205 323
205 325
205 332
205 335
205 346
205 349
206 208
206 223
206 226
206 235
206 256
206 263
206 271
206 291
206 305
206 309
206 313
206 323
206 325
206 332
206 335
206 346
206 349
207 208
207 223
207 226
207 235
207 256
207 263
207 271
207 291
207 305
207 309
207 313
207 323
207 325
207 332
207 335
207 346
207 349
208 208
208 223
208 226
208 235
208 243
208 256
208 263
208 271
208 291
208 305
208 309
208 313
208 323
208 325
208 332
208 335
208 346
208 349
209 208
209 223
209 226
209 235
209 243
209 256
209 263
209 271
209 291
209 305
209 309
209 313
209 323
209 325
209 332
209 335
209 346
209 349
210 208
210 221
210 223
210 226
210 235
210 243
210 256
210 263
210 271
210 291
210 305
210 309
210 313
210 323
210 325
210 332
210 346
210 349
211 217
211 221
211 223
211 226
211 238
211 243
211 263
211 271
211 291
211 305
211 309
211 313
211 323
211 325
211 332
211 346
211 349
212 217
212 221
212 223
212 226
212 238
212 243
212 263
212 271
212 291
212 305
212 309
212 313
212 323
212 325
212 332
212 346
212 349
213 217
213 221
213 223
213 226
213 238
213 243
213 263
213 271
213 291
213 305
213 309
213 313
213 323
213 325
213 332
213 346
213 349
214 217
214 221
214 223
214 226
214 238
214 243
214 263
214 271
214 291
214 305
214 309
214 313
214 323
214 325
214 332
214 346
214 349
215 217
215 221
215 223
215 226
215 238
215 243
215 263
215 271
215 287
215 291
215 305
215 307
215 309
215 313
215 323
215 325
215 332
215 337
215 346
215 349
216 217
216 221
216 223
216 226
216 238
216 243
216 263
216 271
216 287
216 291
216 305
216 307
216 309
216 313
216 323
216 325
216 332
216 337
216 346
216 349
217 217
217 223
217 226
217 238
217 263
217 271
217 287
217 291
217 305
217 307
217 309
217 313
217 323
217 325
217 332
217 337
217 346
217 349
218 222
218 223
218 238
218 248
218 263
218 271
218 287
218 296
218 307
218 309
218 313
218 323
218 332
218 337
218 346
218 349
219 222
219 223
219 238
219 248
219 263
219 270
219 271
219 287
219 296
219 307
219 309
219 313
219 323
219 332
219 337
219 349
220 222
220 223
220 238
220 248
220 263
220 270
220 271
220 287
220 296
220 307
220 309
220 313
220 323
220 332
220 337
220 349
221 222
221 223
221 238
221 248
221 263
221 270
221 271
221 287
221 296
221 307
221 309
221 323
221 332
221 337
221 349
222 222
222 223
222 238
222 248
222 270
222 271
222 287
222 296
222 307
222 309
222 323
222 332
222 337
222 349
223 222
223 223
223 238
223 248
223 270
223 271
223 287
223 289
223 296
223 307
223 309
223 323
223 332
223 337
223 349
224 222
224 223
224 238
224 248
224 270
224 271
224 287
224 289
224 296
224 307
224 309
224 323
224 332
224 337
224 349
225 222
225 223
225 238
225 248
225 270
225 271
225 287
225 289
225 296
225 307
225 309
225 323
225 332
225 337
225 349
226 223
226 270
226 271
226 287
226 289
226 296
226 307
226 309
226 323
226 332
226 349
227 223
227 270
227 271
227 287
227 289
227 296
227 307
227 309
227 323
227 332
227 349
228 223
228 270
228 271
228 284
228 287
228 296
228 299
228 307
228 309
228 321
228 323
228 332
228 349
229 223
229 270
229 271
229 279
229 284
229 287
229 296
229 299
229 307
229 309
229 321
229 323
229 332
229 349
230 223
230 270
230 271
230 279
230 284
230 287
230 296
230 299
230 307
230 309
230 321
230 323
230 332
230 349
231 223
231 270
231 271
231 279
231 284
231 287
231 296
231 299
231 307
231 309
231 321
231 323
231 332
231 349
232 223
232 270
232 271
232 279
232 284
232 287
232 296
232 299
232 307
232 309
232 321
232 323
232 332
232 349
233 223
233 259
233 270
233 271
233 279
233 284
233 287
233 296
233 299
233 307
233 309
233 321
233 332
233 349
234 223
234 259
234 270
234 271
234 279
234 284
234 287
234 296
234 299
234 307
234 309
234 319
234 321
234 332
234 349
235 223
235 259
235 270
235 271
235 279
235 284
235 287
235 296
235 299
235 307
235 309
235 319
235 321
235 332
235 349
236 223
236 259
236 270
236 271
236 279
236 284
236 287
236 296
236 299
236 302
236 307
236 309
236 332
236 349
237 223
237 270
237 271
237 279
237 284
237 287
237 296
237 299
237 302
237 307
237 309
237 332
237 349
238 223
238 257
238 270
238 271
238 279
238 284
238 287
238 296
238 299
238 302
238 307
238 309
238 332
238 349
239 223
239 257
239 270
239 279
239 284
239 287
239 296
239 299
239 302
239 307
239 309
239 332
240 223
240 257
240 279
240 284
240 287
240 296
240 299
240 302
240 307
240 309
240 332
241 223
241 257
241 279
241 284
241 287
241 296
241 299
241 302
241 307
241 309
241 332
242 223
242 257
242 279
242 284
242 287
242 296
242 299
242 302
242 307
242 309
242 332
243 223
243 257
243 279
243 284
243 287
243 296
243 299
243 302
243 307
243 309
243 332
244 223
244 257
244 279
244 284
244 287
244 296
244 299
244 302
244 307
244 309
244 332
245 223
245 257
245 279
245 284
245 287
245 296
245 299
245 302
245 307
245 309
245 332
246 223
246 257
246 279
246 284
246 287
246 296
246 299
246 302
246 307
246 309
246 324
246 332
247 223
247 257
247 279
247 284
247 287
247 296
247 299
247 302
247 307
247 309
247 324
247 332
248 223
248 257
248 279
248 284
248 287
248 296
248 299
248 302
248 307
248 309
248 324
248 332
249 223
249 279
249 284
249 287
249 296
249 299
249 302
249 307
249 309
249 324
249 332
250 223
250 277
250 279
250 284
250 287
250 296
250 299
250 302
250 307
250 309
250 324
250 332
251 223
251 277
251 279
251 284
251 287
251 296
251 299
251 302
251 307
251 309
251 324
251 332
252 223
252 277
252 279
252 284
252 287
252 296
252 299
252 302
252 307
252 309
252 324
252 332
253 223
253 277
253 279
253 284
253 287
253 296
253 299
253 302
253 307
253 309
253 324
253 332
254 223
254 277
254 279
254 284
254 287
254 296
254 299
254 301
254 302
254 307
254 309
254 324
254 332
255 223
255 277
255 279
255 284
255 287
255 296
255 299
255 301
255 302
255 307
255 309
255 324
255 332
256 223
256 277
256 279
256 284
256 287
256 296
256 299
256 301
256 302
256 307
256 309
256 324
256 332
257 223
257 277
257 279
257 284
257 287
257 296
257 299
257 301
257 302
257 307
257 309
257 324
257 332
258 223
258 277
258 279
258 284
258 287
258 296
258 299
258 301
258 302
258 307
258 309
258 324
258 332
259 223
259 277
259 279
259 284
259 287
259 296
259 299
259 301
259 302
259 307
259 309
259 324
259 332
260 223
260 277
260 279
260 284
260 287
260 296
260 299
260 301
260 302
260 307
260 309
260 324
260 332
261 223
261 277
261 279
261 284
261 287
261 296
261 299
261 301
261 302
261 307
261 309
261 324
261 332
262 223
262 277
262 284
262 287
262 296
262 299
262 301
262 302
262 307
262 309
262 324
262 330
262 332
263 223
263 277
263 284
263 287
263 296
263 299
263 301
263 302
263 307
263 309
263 324
263 330
263 332
264 223
264 277
264 284
264 287
264 296
264 299
264 302
264 307
264 309
264 324
264 330
264 332
265 223
265 277
265 284
265 287
265 296
265 299
265 302
265 307
265 309
265 324
265 330
265 332
266 223
266 284
266 287
266 296
266 299
266 302
266 307
266 309
266 324
266 330
266 332
267 223
267 284
267 287
267 296
267 299
267 302
267 307
267 309
267 324
267 330
268 223
268 284
268 287
268 296
268 299
268 302
268 307
268 309
268 324
268 330
269 223
269 284
269 299
269 302
269 307
269 309
269 324
269 330
270 223
270 284
270 299
270 302
270 307
270 309
270 324
270 330
271 223
271 284
271 299
271 302
271 307
271 309
271 324
271 330
272 223
272 284
272 299
272 302
272 307
272 309
272 324
272 330
273 223
273 284
273 299
273 302
273 307
273 309
273 324
273 330
274 223
274 295
274 298
274 299
274 302
274 307
274 309
274 324
274 330
274 347
275 223
275 295
275 298
275 299
275 302
275 307
275 309
275 324
275 330
275 347
276 223
276 295
276 298
276 299
276 302
276 307
276 309
276 324
276 330
276 347
277 223
277 295
277 298
277 299
277 302
277 307
277 309
277 324
277 330
277 343
277 347
278 223
278 295
278 298
278 302
278 307
278 309
278 324
278 330
278 343
278 347
279 223
279 295
279 298
279 302
279 307
279 309
279 324
279 330
279 343
279 347
280 223
280 295
280 298
280 302
280 307
280 309
280 324
280 330
280 343
280 347
281 223
281 295
281 298
281 302
281 307
281 309
281 324
281 330
281 343
281 347
282 223
282 295
282 298
282 302
282 307
282 309
282 324
282 330
282 343
282 347
283 295
283 298
283 302
283 307
283 309
283 324
283 330
283 343
283 347
284 295
284 298
284 302
284 307
284 309
284 324
284 330
284 343
284 347
285 295
285 298
285 302
285 307
285 309
285 324
285 330
285 343
285 347
286 295
286 298
286 302
286 309
286 330
286 338
286 343
286 347
287 295
287 298
287 302
287 330
287 338
287 343
287 347
288 295
288 298
288 302
288 330
288 338
288 343
288 347
289 295
289 298
289 302
289 330
289 338
289 343
289 347
290 295
290 298
290 302
290 329
290 330
290 338
290 343
290 347
291 295
291 298
291 302
291 329
291 330
291 338
291 343
291 347
292 295
292 298
292 302
292 329
292 330
292 338
292 343
292 347
293 295
293 298
293 302
293 329
293 330
293 338
293 343
293 347
294 295
294 298
294 302
294 329
294 330
294 338
294 343
294 347
295 295
295 298
295 302
295 329
295 330
295 338
295 343
295 347
296 295
296 298
296 302
296 329
296 330
296 338
296 343
296 347
297 295
297 298
297 302
297 329
297 330
297 338
297 343
297 347
298 295
298 298
298 302
298 329
298 330
298 338
298 343
298 347
299 295
299 298
299 302
299 329
299 330
299 338
299 343
299 347
300 295
300 298
300 302
300 329
300 330
300 338
300 343
301 298
301 302
301 330
301 341
301 343
302 298
302 302
302 330
302 341
302 343
303 298
303 302
303 330
303 341
304 298
304 302
304 330
304 341
305 298
305 302
305 330
305 341
306 298
306 302
306 330
306 341
307 302
307 330
307 341
307 342
308 302
308 330
308 341
308 342
309 302
309 330
309 341
309 342
310 302
310 330
310 341
310 342
311 302
311 341
311 342
312 302
312 341
312 342
313 302
313 341
313 342
314 302
314 341
314 342
315 302
315 341
315 342
316 302
316 341
316 342
317 302
317 341
317 342
318 302
318 341
318 342
319 302
319 341
319 342
320 302
320 341
321 302
321 341
322 302
322 341
323 302
323 341
323 345
324 302
324 341
324 345
325 302
325 341
325 345
326 302
326 341
326 345
327 302
327 341
327 345
328 302
328 341
328 345
329 302
329 341
329 345
330 302
330 341
330 345
331 302
331 341
331 345
332 302
332 341
332 345
333 302
333 341
333 345
334 302
334 341
334 345
335 302
335 341
335 345
336 302
336 341
336 345
337 302
337 341
337 345
338 302
338 341
338 345
339 341
339 345
340 341
340 345
341 341
341 345
342 341
342 345
343 341
343 345
344 341
344 345
345 341
345 345
346 341
347 341
348 341
