0 49
0 58
0 88
0 159
0 296
1 5
1 15
1 296
2 15
2 21
2 71
2 181
2 296
3 15
3 21
3 71
3 86
3 181
3 296
4 21
4 86
4 174
4 181
4 296
5 10
5 25
5 86
5 142
5 174
5 181
5 245
5 296
6 9
6 10
6 25
6 45
6 86
6 142
6 174
6 181
6 245
6 296
6 342
7 27
7 97
7 124
7 137
7 142
7 151
7 174
7 229
7 284
7 296
7 348
8 20
8 76
8 97
8 124
8 137
8 142
8 151
8 174
8 229
8 241
8 284
8 296
8 310
8 348
9 20
9 76
9 97
9 124
9 142
9 151
9 235
9 241
9 284
9 310
9 348
10 19
10 20
10 97
10 124
10 142
10 151
10 235
10 241
10 284
10 310
10 348
11 19
11 20
11 97
11 124
11 142
11 151
11 235
11 241
11 284
11 310
11 348
12 20
12 44
12 77
12 97
12 124
12 142
12 150
12 151
12 200
12 201
12 235
12 241
12 284
12 294
12 295
12 310
12 319
12 348
13 16
13 36
13 44
13 77
13 97
13 121
13 124
13 142
13 150
13 151
13 179
13 200
13 201
13 222
13 235
13 241
13 284
13 294
13 295
13 310
13 319
13 348
14 16
14 36
14 44
14 77
14 97
14 121
14 124
14 142
14 150
14 151
14 155
14 179
14 200
14 201
14 222
14 235
14 241
14 284
14 294
14 295
14 310
14 319
14 348
15 36
15 44
15 97
15 121
15 124
15 142
15 150
15 151
15 155
15 179
15 200
15 201
15 222
15 235
15 241
15 284
15 294
15 295
15 310
15 319
15 348
16 36
16 44
16 68
16 97
16 121
16 124
16 142
16 150
16 151
16 155
16 179
16 200
16 201
16 222
16 235
16 241
16 284
16 294
16 295
16 310
16 319
16 348
17 36
17 44
17 68
17 97
17 121
17 124
17 142
17 150
17 151
17 179
17 200
17 201
17 222
17 224
17 235
17 241
17 284
17 294
17 295
17 310
17 319
17 348
18 36
18 44
18 52
18 68
18 97
18 121
18 124
18 142
18 150
18 151
18 179
18 200
18 201
18 222
18 224
18 235
18 241
18 284
18 294
18 295
18 310
18 319
18 326
18 348
19 36
19 44
19 52
19 68
19 97
19 121
19 124
19 142
19 150
19 151
19 179
19 200
19 201
19 222
19 224
19 235
19 241
19 284
19 294
19 295
19 310
19 319
19 326
19 348
20 29
20 36
20 44
20 52
20 55
20 56
20 68
20 87
20 97
20 112
20 121
20 124
20 127
20 130
20 141
20 142
20 151
20 179
20 200
20 201
20 224
20 241
20 284
20 294
20 310
20 319
20 326
20 348
21 29
21 30
21 44
21 55
21 56
21 68
21 87
21 112
21 121
21 124
21 127
21 130
21 141
21 142
21 151
21 179
21 201
21 224
21 241
21 284
21 294
21 310
21 319
21 326
21 348
22 29
22 38
22 47
22 87
22 124
22 125
22 127
22 130
22 142
22 143
22 151
22 179
22 201
22 209
22 224
22 241
22 276
22 284
22 294
22 310
22 319
22 326
22 348
23 28
23 29
23 35
23 61
23 94
23 124
23 127
23 130
23 142
23 178
23 201
23 209
23 240
23 241
23 276
23 284
23 294
23 326
23 348
24 28
24 34
24 61
24 94
24 127
24 130
24 142
24 178
24 201
24 209
24 240
24 241
24 254
24 284
24 294
24 326
24 348
25 28
25 34
25 61
25 94
25 127
25 130
25 142
25 144
25 178
25 201
25 209
25 240
25 241
25 254
25 284
25 294
25 326
25 348
26 28
26 43
26 61
26 94
26 127
26 130
26 144
26 178
26 201
26 209
26 228
26 240
26 280
26 284
27 28
27 40
27 46
27 61
27 79
27 117
27 127
27 130
27 131
27 144
27 178
27 201
27 204
27 209
27 228
27 240
27 256
27 268
27 280
27 283
28 28
28 40
28 46
28 61
28 79
28 117
28 127
28 130
28 131
28 144
28 178
28 201
28 204
28 209
28 228
28 240
28 256
28 268
28 280
28 283
29 28
29 40
29 54
29 78
29 80
29 91
29 92
29 117
29 130
29 144
29 162
29 164
29 171
29 201
29 204
29 209
29 228
29 240
29 256
29 268
29 280
29 281
29 283
30 28
30 40
30 54
30 90
30 91
30 92
30 98
30 117
30 130
30 144
30 162
30 164
30 168
30 171
30 201
30 204
30 209
30 228
30 240
30 256
30 268
30 280
30 281
30 283
30 297
31 28
31 40
31 54
31 90
31 91
31 92
31 98
31 117
31 130
31 144
31 162
31 164
31 168
31 171
31 201
31 204
31 209
31 228
31 240
31 256
31 268
31 280
31 281
31 283
31 297
32 28
32 40
32 67
32 90
32 91
32 92
32 98
32 119
32 130
32 144
32 164
32 171
32 201
32 204
32 208
32 209
32 228
32 240
32 256
32 280
32 281
32 283
32 297
32 337
33 40
33 60
33 67
33 90
33 91
33 98
33 119
33 130
33 134
33 144
33 164
33 171
33 201
33 204
33 208
33 209
33 228
33 240
33 256
33 280
33 281
33 283
33 297
33 337
34 40
34 60
34 65
34 67
34 74
34 83
34 91
34 98
34 116
34 119
34 130
34 134
34 164
34 201
34 208
34 209
34 228
34 240
34 256
34 279
34 280
34 281
34 283
34 297
34 303
34 337
35 40
35 60
35 65
35 67
35 72
35 74
35 83
35 91
35 98
35 116
35 119
35 130
35 134
35 164
35 201
35 208
35 209
35 228
35 240
35 256
35 279
35 280
35 281
35 283
35 297
35 303
35 337
36 40
36 60
36 65
36 67
36 72
36 74
36 83
36 91
36 98
36 116
36 119
36 130
36 134
36 164
36 201
36 208
36 209
36 228
36 240
36 256
36 279
36 280
36 281
36 283
36 297
36 303
36 337
37 40
37 65
37 67
37 72
37 74
37 83
37 91
37 98
37 116
37 119
37 130
37 164
37 201
37 208
37 209
37 228
37 240
37 256
37 279
37 280
37 281
37 283
37 297
37 303
37 337
38 41
38 65
38 67
38 72
38 74
38 81
38 83
38 91
38 98
38 116
38 119
38 130
38 166
38 172
38 201
38 208
38 217
38 228
38 240
38 256
38 262
38 263
38 279
38 280
38 281
38 283
38 297
38 303
38 337
39 41
39 65
39 67
39 72
39 74
39 81
39 83
39 91
39 98
39 113
39 116
39 119
39 130
39 166
39 172
39 201
39 208
39 217
39 228
39 240
39 256
39 263
39 279
39 281
39 283
39 297
39 303
39 333
39 337
40 65
40 72
40 74
40 81
40 83
40 91
40 98
40 113
40 116
40 119
40 129
40 130
40 166
40 172
40 201
40 208
40 217
40 228
40 240
40 256
40 279
40 281
40 283
40 297
40 303
40 333
40 337
41 62
41 65
41 69
41 72
41 81
41 83
41 91
41 113
41 119
41 129
41 130
41 166
41 172
41 201
41 208
41 217
41 228
41 240
41 256
41 279
41 281
41 283
41 297
41 303
41 333
42 48
42 65
42 69
42 72
42 81
42 91
42 95
42 113
42 119
42 129
42 130
42 166
42 201
42 208
42 217
42 228
42 256
42 279
42 281
42 283
42 297
42 303
42 333
43 48
43 69
43 72
43 81
43 84
43 91
43 95
43 109
43 113
43 129
43 130
43 166
43 201
43 208
43 217
43 228
43 279
43 281
43 297
43 333
44 48
44 73
44 81
44 84
44 91
44 95
44 106
44 109
44 122
44 129
44 130
44 166
44 201
44 208
44 217
44 228
44 279
44 281
44 286
44 297
44 333
45 48
45 73
45 84
45 91
45 95
45 106
45 109
45 122
45 129
45 130
45 166
45 201
45 208
45 217
45 228
45 279
45 281
45 286
45 297
45 333
46 48
46 66
46 91
46 95
46 106
46 109
46 129
46 130
46 139
46 166
46 201
46 208
46 217
46 219
46 228
46 246
46 281
46 286
46 297
46 309
47 48
47 66
47 91
47 95
47 106
47 109
47 129
47 130
47 139
47 166
47 201
47 208
47 217
47 219
47 228
47 246
47 281
47 286
47 297
47 309
48 48
48 66
48 91
48 95
48 106
48 129
48 130
48 139
48 166
48 194
48 201
48 208
48 217
48 219
48 228
48 246
48 281
48 286
48 297
48 309
49 66
49 91
49 95
49 106
49 129
49 166
49 194
49 201
49 208
49 217
49 219
49 228
49 246
49 271
49 281
49 286
49 297
49 309
49 327
50 66
50 91
50 95
50 106
50 129
50 166
50 194
50 201
50 208
50 217
50 219
50 228
50 246
50 271
50 281
50 286
50 297
50 309
50 327
51 66
51 91
51 95
51 106
51 129
51 166
51 194
51 201
51 208
51 217
51 219
51 228
51 246
51 271
51 281
51 286
51 297
51 309
51 327
52 66
52 89
52 91
52 95
52 106
52 129
52 166
52 194
52 208
52 212
52 217
52 219
52 228
52 246
52 271
52 281
52 286
52 297
52 309
52 327
52 328
53 66
53 89
53 91
53 95
53 106
53 129
53 166
53 194
53 208
53 212
53 217
53 219
53 228
53 246
53 271
53 281
53 286
53 297
53 309
53 327
53 328
54 66
54 89
54 91
54 95
54 106
54 129
54 166
54 194
54 208
54 212
54 217
54 219
54 228
54 246
54 271
54 281
54 286
54 297
54 309
54 327
54 328
55 66
55 91
55 95
55 106
55 152
55 166
55 194
55 208
55 212
55 217
55 219
55 225
55 228
55 246
55 271
55 281
55 286
55 297
55 309
55 327
55 328
56 59
56 91
56 95
56 106
56 152
56 166
56 194
56 208
56 212
56 217
56 219
56 225
56 228
56 246
56 271
56 281
56 286
56 309
56 327
56 328
57 91
57 101
57 114
57 145
57 152
57 166
57 207
57 212
57 217
57 225
57 246
57 271
57 281
57 286
57 309
57 328
57 339
58 70
58 91
58 101
58 110
58 145
58 152
58 166
58 182
58 207
58 212
58 217
58 225
58 242
58 246
58 271
58 281
58 286
58 309
58 328
58 339
59 70
59 91
59 101
59 110
59 145
59 152
59 166
59 182
59 207
59 212
59 217
59 225
59 242
59 246
59 271
59 281
59 286
59 309
59 328
59 339
60 70
60 91
60 101
60 105
60 110
60 145
60 152
60 166
60 182
60 207
60 212
60 217
60 225
60 242
60 246
60 271
60 281
60 286
60 309
60 328
60 339
61 63
61 70
61 91
61 105
61 145
61 146
61 152
61 166
61 182
61 207
61 212
61 217
61 225
61 242
61 271
61 281
61 286
61 309
61 328
61 339
62 63
62 70
62 91
62 105
62 145
62 146
62 152
62 166
62 182
62 207
62 212
62 217
62 225
62 242
62 271
62 278
62 281
62 286
62 309
62 328
62 339
63 63
63 91
63 105
63 107
63 146
63 152
63 166
63 177
63 182
63 207
63 212
63 217
63 225
63 242
63 271
63 278
63 281
63 286
63 309
63 328
63 339
64 63
64 91
64 105
64 107
64 146
64 152
64 166
64 177
64 182
64 207
64 212
64 217
64 225
64 242
64 271
64 278
64 281
64 286
64 309
64 328
64 339
65 91
65 105
65 107
65 128
65 146
65 152
65 166
65 177
65 182
65 207
65 212
65 217
65 225
65 242
65 271
65 278
65 281
65 286
65 309
65 328
65 339
66 91
66 105
66 107
66 128
66 146
66 152
66 166
66 177
66 182
66 207
66 212
66 217
66 225
66 242
66 271
66 278
66 281
66 286
66 309
66 328
66 339
67 105
67 107
67 128
67 146
67 152
67 166
67 177
67 212
67 217
67 225
67 242
67 278
67 281
67 286
67 328
67 330
67 339
68 100
68 105
68 120
68 128
68 132
68 146
68 152
68 166
68 177
68 212
68 216
68 217
68 225
68 242
68 270
68 278
68 281
68 286
68 328
68 330
68 339
69 82
69 100
69 105
69 120
69 128
69 132
69 146
69 163
69 177
69 187
69 212
69 216
69 225
69 242
69 270
69 278
69 281
69 286
69 330
69 339
70 82
70 93
70 96
70 100
70 105
70 120
70 128
70 132
70 146
70 163
70 177
70 187
70 212
70 216
70 225
70 242
70 270
70 278
70 281
70 286
70 330
70 339
71 82
71 93
71 96
71 100
71 105
71 120
71 128
71 132
71 146
71 163
71 165
71 177
71 187
71 212
71 216
71 225
71 230
71 242
71 270
71 278
71 281
71 286
71 330
71 339
72 82
72 93
72 96
72 100
72 105
72 120
72 128
72 146
72 163
72 165
72 177
72 187
72 212
72 225
72 230
72 242
72 270
72 278
72 281
72 286
72 325
72 330
73 82
73 93
73 96
73 100
73 105
73 120
73 128
73 146
73 163
73 165
73 177
73 187
73 212
73 225
73 230
73 242
73 270
73 278
73 281
73 325
73 330
74 82
74 93
74 96
74 100
74 102
74 105
74 128
74 163
74 165
74 177
74 187
74 212
74 225
74 230
74 242
74 270
74 278
74 281
74 330
74 349
75 82
75 93
75 96
75 100
75 102
75 105
75 128
75 163
75 165
75 177
75 187
75 212
75 225
75 230
75 242
75 270
75 278
75 281
75 330
75 349
76 82
76 85
76 93
76 96
76 100
76 102
76 105
76 128
76 133
76 163
76 165
76 177
76 187
76 212
76 225
76 230
76 242
76 270
76 278
76 281
76 330
76 349
77 82
77 85
77 93
77 96
77 100
77 102
77 105
77 128
77 133
77 163
77 165
77 177
77 187
77 212
77 225
77 230
77 242
77 270
77 278
77 281
77 330
77 349
78 82
78 85
78 96
78 100
78 102
78 105
78 128
78 133
78 158
78 163
78 165
78 177
78 187
78 212
78 225
78 230
78 242
78 270
78 274
78 278
78 281
78 330
78 349
79 82
79 85
79 96
79 100
79 102
79 105
79 128
79 133
79 158
79 163
79 165
79 177
79 187
79 212
79 225
79 230
79 242
79 270
79 274
79 278
79 281
79 330
79 349
80 82
80 85
80 96
80 100
80 105
80 128
80 133
80 158
80 163
80 165
80 177
80 187
80 212
80 225
80 230
80 242
80 270
80 274
80 278
80 281
80 330
80 349
81 82
81 85
81 96
81 100
81 105
81 128
81 133
81 158
81 163
81 165
81 177
81 187
81 212
81 225
81 230
81 242
81 270
81 274
81 278
81 281
81 330
81 349
82 82
82 85
82 96
82 99
82 100
82 105
82 128
82 133
82 135
82 158
82 165
82 177
82 185
82 187
82 212
82 225
82 230
82 242
82 270
82 274
82 278
82 281
82 330
82 349
83 85
83 99
83 100
83 105
83 128
83 133
83 135
83 158
83 165
83 177
83 185
83 187
83 191
83 212
83 225
83 232
83 242
83 270
83 274
83 278
83 281
83 306
83 330
83 349
84 85
84 99
84 100
84 105
84 128
84 133
84 135
84 158
84 165
84 177
84 185
84 191
84 212
84 225
84 232
84 242
84 270
84 274
84 278
84 281
84 306
84 330
84 349
85 85
85 99
85 100
85 105
85 128
85 133
85 135
85 154
85 158
85 165
85 177
85 185
85 191
85 212
85 225
85 232
85 242
85 270
85 274
85 278
85 281
85 330
85 349
86 100
86 105
86 133
86 154
86 158
86 165
86 177
86 185
86 210
86 212
86 225
86 232
86 242
86 270
86 274
86 278
86 287
86 349
87 100
87 105
87 133
87 148
87 154
87 158
87 165
87 177
87 185
87 210
87 212
87 232
87 242
87 270
87 274
87 287
87 349
88 100
88 105
88 123
88 133
88 148
88 154
88 158
88 165
88 177
88 185
88 210
88 212
88 232
88 239
88 242
88 270
88 274
88 287
88 349
89 100
89 105
89 123
89 133
89 148
89 154
89 158
89 165
89 177
89 185
89 212
89 232
89 239
89 242
89 274
89 287
89 349
90 100
90 104
90 115
90 133
90 154
90 158
90 160
90 165
90 177
90 185
90 212
90 234
90 239
90 242
90 244
90 274
90 287
90 349
91 100
91 104
91 115
91 133
91 154
91 158
91 160
91 165
91 177
91 185
91 212
91 234
91 236
91 239
91 242
91 274
91 282
91 287
91 349
92 100
92 104
92 115
92 133
92 154
92 160
92 165
92 177
92 185
92 212
92 234
92 236
92 239
92 242
92 274
92 282
92 287
92 349
93 100
93 104
93 115
93 133
93 154
93 160
93 165
93 177
93 185
93 212
93 234
93 236
93 239
93 242
93 274
93 282
93 287
93 349
94 100
94 104
94 115
94 133
94 154
94 160
94 165
94 177
94 185
94 212
94 234
94 236
94 239
94 242
94 274
94 282
94 287
94 349
95 100
95 104
95 115
95 133
95 154
95 160
95 165
95 177
95 185
95 234
95 236
95 239
95 242
95 274
95 282
95 287
95 349
96 100
96 104
96 115
96 133
96 154
96 160
96 165
96 177
96 185
96 190
96 234
96 236
96 239
96 242
96 266
96 274
96 282
96 287
96 349
97 100
97 104
97 154
97 165
97 177
97 185
97 234
97 236
97 238
97 239
97 242
97 266
97 274
97 282
97 287
97 349
98 100
98 104
98 154
98 165
98 177
98 185
98 234
98 236
98 238
98 239
98 242
98 266
98 274
98 282
98 287
98 349
99 100
99 104
99 154
99 165
99 177
99 185
99 234
99 236
99 238
99 239
99 242
99 266
99 274
99 282
99 287
99 349
100 100
100 104
100 154
100 165
100 177
100 185
100 234
100 236
100 238
100 239
100 242
100 266
100 274
100 282
100 287
100 349
101 100
101 108
101 154
101 165
101 177
101 185
101 234
101 236
101 238
101 239
101 242
101 266
101 274
101 282
101 287
101 291
101 332
101 349
102 100
102 108
102 154
102 165
102 177
102 218
102 231
102 234
102 236
102 238
102 239
102 242
102 266
102 282
102 288
102 291
102 332
102 341
102 345
102 349
103 100
103 108
103 154
103 165
103 177
103 218
103 231
103 234
103 236
103 238
103 239
103 242
103 266
103 282
103 288
103 291
103 332
103 341
103 345
103 349
104 100
104 126
104 154
104 165
104 177
104 188
104 218
104 234
104 236
104 238
104 242
104 266
104 282
104 288
104 291
104 332
104 341
104 345
104 349
105 100
105 126
105 154
105 165
105 177
105 188
105 218
105 234
105 236
105 238
105 242
105 266
105 282
105 288
105 291
105 311
105 332
105 341
105 345
105 349
106 100
106 126
106 154
106 165
106 177
106 188
106 218
106 234
106 236
106 238
106 242
106 266
106 282
106 288
106 291
106 311
106 332
106 341
106 345
106 349
107 126
107 154
107 165
107 169
107 177
107 188
107 218
107 234
107 236
107 242
107 266
107 282
107 291
107 311
107 332
107 341
107 345
107 349
108 154
108 157
108 165
108 169
108 177
108 188
108 218
108 234
108 236
108 242
108 250
108 266
108 282
108 291
108 311
108 332
108 341
108 344
108 349
109 154
109 156
109 157
109 169
109 177
109 188
109 218
109 234
109 236
109 242
109 250
109 266
109 282
109 291
109 311
109 332
109 341
109 344
109 349
110 154
110 156
110 157
110 169
110 177
110 188
110 218
110 234
110 236
110 242
110 250
110 266
110 282
110 291
110 311
110 332
110 341
110 344
110 349
111 154
111 156
111 157
111 169
111 177
111 188
111 218
111 234
111 236
111 242
111 250
111 266
111 282
111 291
111 311
111 332
111 341
111 344
111 349
112 154
112 156
112 157
112 169
112 177
112 188
112 218
112 234
112 236
112 242
112 250
112 264
112 266
112 282
112 291
112 311
112 332
112 341
112 344
112 349
113 154
113 156
113 157
113 169
113 177
113 188
113 218
113 234
113 236
113 242
113 248
113 250
113 264
113 266
113 282
113 291
113 311
113 332
113 341
113 344
113 349
114 154
114 156
114 169
114 177
114 188
114 218
114 234
114 236
114 242
114 248
114 250
114 264
114 282
114 291
114 311
114 332
114 341
114 344
115 154
115 156
115 169
115 177
115 188
115 218
115 234
115 236
115 242
115 248
115 250
115 264
115 282
115 291
115 311
115 332
115 341
115 344
116 140
116 154
116 156
116 169
116 177
116 188
116 218
116 234
116 236
116 242
116 248
116 264
116 282
116 291
116 311
116 332
116 341
116 344
117 140
117 154
117 156
117 169
117 177
117 188
117 218
117 234
117 236
117 248
117 264
117 282
117 291
117 311
117 332
117 341
117 344
118 140
118 154
118 169
118 177
118 188
118 218
118 234
118 236
118 248
118 264
118 282
118 291
118 311
118 332
118 341
118 344
119 140
119 154
119 169
119 177
119 188
119 218
119 234
119 236
119 248
119 264
119 282
119 291
119 311
119 332
119 341
119 344
120 140
120 154
120 169
120 177
120 188
120 218
120 234
120 236
120 248
120 264
120 282
120 291
120 305
120 311
120 332
120 341
120 344
121 140
121 154
121 169
121 177
121 188
121 192
121 218
121 234
121 236
121 248
121 264
121 282
121 291
121 305
121 311
121 332
121 341
121 344
122 140
122 161
122 188
122 192
122 218
122 236
122 248
122 264
122 282
122 291
122 311
122 332
122 341
122 344
123 140
123 161
123 176
123 188
123 192
123 218
123 236
123 248
123 264
123 282
123 291
123 311
123 332
123 341
123 344
124 138
124 140
124 161
124 176
124 188
124 192
124 236
124 248
124 264
124 282
124 291
124 311
124 332
124 344
125 138
125 140
125 161
125 176
125 188
125 192
125 236
125 248
125 264
125 282
125 291
125 311
125 332
125 344
126 138
126 140
126 161
126 176
126 188
126 192
126 236
126 264
126 282
126 291
126 311
126 332
126 344
127 138
127 140
127 161
127 176
127 188
127 192
127 236
127 247
127 264
127 282
127 291
127 311
127 332
127 344
128 138
128 140
128 161
128 170
128 176
128 188
128 192
128 236
128 247
128 264
128 273
128 282
128 291
128 311
128 320
128 332
128 335
128 344
129 138
129 140
129 161
129 176
129 188
129 192
129 236
129 247
129 264
129 273
129 282
129 291
129 311
129 320
129 332
129 335
129 344
130 138
130 161
130 176
130 188
130 192
130 236
130 247
130 264
130 273
130 282
130 291
130 311
130 313
130 320
130 332
130 335
130 343
130 344
131 138
131 161
131 176
131 188
131 192
131 205
131 236
131 247
131 264
131 273
131 282
131 291
131 293
131 311
131 313
131 320
131 332
131 335
131 343
131 344
132 138
132 161
132 176
132 188
132 205
132 236
132 247
132 264
132 282
132 291
132 293
132 311
132 313
132 320
132 332
132 335
132 343
132 344
133 138
133 161
133 176
133 188
133 205
133 236
133 247
133 264
133 282
133 291
133 293
133 311
133 313
133 320
133 332
133 335
133 343
133 344
134 138
134 161
134 176
134 188
134 205
134 236
134 247
134 264
134 282
134 291
134 293
134 311
134 313
134 320
134 332
134 335
134 343
134 344
135 138
135 161
135 176
135 186
135 188
135 205
135 247
135 260
135 264
135 282
135 291
135 293
135 311
135 313
135 320
135 332
135 335
135 344
136 138
136 161
136 176
136 186
136 188
136 205
136 247
136 255
136 260
136 264
136 267
136 282
136 293
136 311
136 313
136 320
136 335
136 344
137 138
137 161
137 176
137 186
137 188
137 205
137 247
137 255
137 260
137 264
137 267
137 282
137 293
137 311
137 313
137 320
137 335
137 344
138 138
138 153
138 161
138 176
138 186
138 205
138 247
138 260
138 264
138 267
138 282
138 293
138 311
138 313
138 320
138 335
138 344
139 138
139 153
139 161
139 176
139 186
139 205
139 227
139 260
139 264
139 267
139 282
139 311
139 313
139 320
139 335
139 344
140 153
140 161
140 176
140 205
140 227
140 260
140 267
140 282
140 313
140 320
140 335
140 344
141 153
141 161
141 176
141 205
141 227
141 260
141 267
141 282
141 313
141 320
141 335
141 344
142 153
142 161
142 176
142 205
142 214
142 227
142 260
142 267
142 282
142 313
142 315
142 320
142 335
142 344
143 153
143 161
143 176
143 205
143 206
143 214
143 227
143 260
143 267
143 282
143 313
143 315
143 320
143 335
143 344
144 153
144 161
144 176
144 202
144 203
144 205
144 206
144 214
144 227
144 260
144 267
144 282
144 313
144 315
144 320
144 335
144 344
145 153
145 161
145 176
145 202
145 203
145 205
145 206
145 214
145 227
145 260
145 267
145 282
145 313
145 315
145 320
145 335
145 344
146 161
146 176
146 202
146 203
146 205
146 206
146 214
146 227
146 260
146 267
146 282
146 313
146 315
146 320
146 335
146 344
147 161
147 176
147 203
147 205
147 214
147 227
147 260
147 282
147 313
147 315
147 318
147 320
147 335
147 344
148 161
148 176
148 203
148 205
148 214
148 227
148 260
148 261
148 282
148 315
148 318
148 320
148 335
148 344
149 161
149 176
149 203
149 205
149 214
149 227
149 260
149 261
149 282
149 315
149 318
149 320
149 335
149 344
150 161
150 176
150 203
150 205
150 214
150 227
150 260
150 261
150 282
150 315
150 318
150 320
150 335
150 344
151 176
151 183
151 184
151 203
151 205
151 214
151 227
151 260
151 261
151 282
151 315
151 318
151 335
152 176
152 183
152 203
152 205
152 214
152 227
152 260
152 315
152 318
152 335
153 176
153 183
153 203
153 205
153 214
153 227
153 260
153 315
153 318
153 335
154 176
154 183
154 203
154 205
154 214
154 227
154 260
154 315
154 318
154 335
155 176
155 183
155 203
155 205
155 214
155 227
155 260
155 315
155 335
156 176
156 183
156 205
156 214
156 227
156 260
156 315
156 335
157 176
157 183
157 205
157 214
157 243
157 260
157 315
157 335
158 176
158 183
158 199
158 205
158 214
158 243
158 260
158 315
158 335
159 176
159 183
159 199
159 205
159 214
159 243
159 260
159 315
159 335
160 176
160 183
160 199
160 205
160 214
160 243
160 260
160 315
160 335
161 176
161 183
161 199
161 205
161 214
161 243
161 260
161 315
161 335
162 176
162 183
162 199
162 205
162 214
162 243
162 260
162 315
162 335
163 176
163 183
163 199
163 205
163 214
163 243
163 260
163 315
163 329
163 335
164 176
164 183
164 205
164 214
164 243
164 260
164 315
164 329
164 335
165 175
165 176
165 183
165 205
165 214
165 243
165 260
165 315
165 329
165 335
166 175
166 176
166 205
166 214
166 243
166 260
166 315
166 329
166 335
167 175
167 176
167 205
167 214
167 243
167 260
167 315
167 329
167 335
168 175
168 176
168 205
168 214
168 243
168 260
168 329
168 335
169 175
169 176
169 205
169 214
169 243
169 260
169 329
169 335
170 176
170 205
170 221
170 243
170 260
170 300
170 329
170 335
171 176
171 205
171 221
171 243
171 260
171 300
171 329
171 335
172 176
172 221
172 258
172 260
172 292
172 300
172 304
172 329
172 335
173 176
173 198
173 213
173 221
173 258
173 260
173 292
173 300
173 304
173 329
173 335
174 176
174 198
174 213
174 220
174 258
174 260
174 292
174 300
174 304
174 335
175 176
175 198
175 213
175 220
175 258
175 260
175 292
175 300
175 304
175 335
176 176
176 198
176 213
176 220
176 258
176 260
176 292
176 300
176 304
176 335
177 176
177 198
177 213
177 220
177 258
177 260
177 292
177 300
177 304
177 335
178 176
178 198
178 220
178 258
178 260
178 300
178 304
178 335
179 176
179 198
179 220
179 258
179 260
179 300
179 304
179 335
180 176
180 195
180 198
180 220
180 258
180 260
180 275
180 300
180 304
180 335
181 176
181 195
181 198
181 220
181 258
181 260
181 275
181 300
181 304
181 335
182 176
182 195
182 198
182 220
182 258
182 260
182 275
182 300
182 304
182 335
183 176
183 198
183 258
183 260
183 275
183 300
183 304
183 335
184 176
184 198
184 251
184 258
184 260
184 275
184 300
184 304
184 335
185 176
185 197
185 198
185 251
185 258
185 260
185 275
185 300
185 304
185 335
186 176
186 197
186 198
186 251
186 253
186 258
186 260
186 275
186 300
186 304
186 335
187 176
187 197
187 198
187 251
187 253
187 258
187 260
187 275
187 300
187 304
187 335
188 176
188 197
188 198
188 251
188 253
188 258
188 260
188 275
188 300
188 304
188 335
189 197
189 198
189 233
189 251
189 253
189 258
189 260
189 275
189 300
189 304
189 335
190 197
190 198
190 233
190 251
190 253
190 258
190 260
190 275
190 300
190 304
190 335
191 197
191 198
191 215
191 233
191 237
191 251
191 253
191 258
191 260
191 265
191 275
191 300
191 304
191 331
191 335
192 197
192 198
192 215
192 233
192 237
192 251
192 253
192 258
192 260
192 265
192 275
192 300
192 304
192 331
192 335
193 197
193 198
193 215
193 233
193 251
193 253
193 258
193 265
193 275
193 300
193 331
194 197
194 215
194 233
194 251
194 253
194 258
194 265
194 275
194 277
194 300
195 197
195 215
195 233
195 251
195 253
195 258
195 265
195 275
195 277
195 300
196 197
196 211
196 215
196 233
196 251
196 253
196 258
196 265
196 275
196 277
196 300
197 233
197 251
197 258
197 265
197 275
197 277
197 300
198 233
198 251
198 258
198 275
198 277
198 300
199 233
199 251
199 258
199 275
199 277
199 300
200 233
200 251
200 258
200 275
200 277
200 300
201 226
201 233
201 251
201 258
201 275
201 277
201 300
202 226
202 233
202 251
202 258
202 275
202 277
202 300
203 226
203 233
203 251
203 258
203 277
203 300
204 226
204 251
204 258
204 277
204 300
205 226
205 251
205 258
205 277
205 300
206 226
206 251
206 258
206 277
206 300
207 226
207 251
207 258
207 277
207 300
208 226
208 251
208 258
208 277
208 300
209 226
209 251
209 258
209 277
209 300
210 226
210 251
210 258
210 277
210 300
210 334
211 226
211 258
211 277
211 300
211 334
212 226
212 258
212 277
212 300
212 334
213 226
213 258
213 277
213 300
213 334
214 226
214 258
214 277
214 300
214 334
215 226
215 258
215 277
215 300
215 334
216 223
216 258
216 277
216 285
216 300
216 322
216 334
216 338
217 223
217 258
217 277
217 285
217 300
217 322
217 334
217 338
218 223
218 258
218 277
218 285
218 300
218 322
218 334
218 338
219 223
219 258
219 277
219 285
219 300
219 322
219 334
219 338
220 223
220 277
220 285
220 300
220 322
220 334
220 338
221 223
221 277
221 285
221 300
221 322
222 223
222 252
222 277
222 285
222 300
222 322
223 252
223 277
223 285
223 300
223 322
224 252
224 277
224 285
224 300
224 322
225 252
225 277
225 285
225 300
225 322
226 252
226 277
226 285
226 289
226 300
226 322
227 252
227 277
227 285
227 289
227 300
227 322
228 252
228 277
228 285
228 289
228 300
228 322
229 252
229 277
229 285
229 289
229 300
229 322
230 252
230 277
230 285
230 289
230 300
230 322
231 252
231 277
231 285
231 289
231 300
231 322
232 277
232 285
232 289
232 300
232 322
233 277
233 285
233 289
233 300
233 322
234 277
234 285
234 289
234 300
234 322
235 277
235 285
235 289
235 300
235 322
236 277
236 285
236 289
236 300
236 301
236 322
236 347
237 277
237 285
237 289
237 300
237 301
237 322
237 347
238 277
238 285
238 289
238 300
238 301
238 322
238 347
239 277
239 285
239 289
239 300
239 301
239 322
239 347
240 277
240 285
240 289
240 301
240 322
240 347
241 277
241 285
241 289
241 301
241 322
241 347
242 277
242 285
242 289
242 301
242 322
242 347
243 277
243 285
243 289
243 301
243 322
243 347
244 277
244 285
244 289
244 301
244 322
244 347
245 277
245 285
245 289
245 301
245 322
245 347
246 277
246 285
246 289
246 301
246 322
246 347
247 249
247 277
247 285
247 289
247 301
247 322
247 347
248 249
248 277
248 285
248 289
248 301
248 322
248 347
249 277
249 285
249 301
249 322
249 347
250 277
250 285
250 301
250 322
250 347
251 277
251 285
251 301
251 322
251 347
252 277
252 285
252 301
252 322
252 347
253 259
253 277
253 285
253 301
253 322
253 347
254 285
254 301
254 322
254 347
255 285
255 301
255 322
255 347
256 285
256 301
256 322
256 347
257 285
257 301
257 322
257 347
258 285
258 301
258 322
258 347
259 285
259 301
259 317
259 322
259 347
260 285
260 301
260 317
260 322
260 347
261 285
261 301
261 317
261 322
261 347
262 285
262 301
262 317
262 322
262 347
263 285
263 301
263 317
263 322
263 347
264 285
264 301
264 317
264 322
264 347
265 285
265 301
265 317
265 322
265 347
266 285
266 301
266 317
266 322
266 347
267 285
267 301
267 317
267 322
267 347
268 285
268 301
268 317
268 322
268 347
269 285
269 301
269 317
269 322
269 347
270 285
270 301
270 317
270 322
270 340
270 347
271 285
271 301
271 317
271 322
271 340
271 347
272 285
272 301
272 317
272 322
272 340
272 347
273 285
273 317
273 322
273 340
273 347
274 285
274 317
274 322
274 340
274 347
275 285
275 317
275 322
275 340
275 347
276 285
276 317
276 322
276 340
276 347
277 285
277 317
277 322
277 340
277 346
277 347
278 285
278 317
278 322
278 340
278 346
278 347
279 308
279 322
279 346
279 347
280 308
280 322
280 346
280 347
281 308
281 322
281 346
281 347
282 322
283 322
284 322
285 298
285 299
285 307
285 312
285 322
285 324
285 336
286 298
286 299
286 307
286 312
286 322
286 324
286 336
287 298
287 299
287 307
287 312
287 322
287 324
287 336
288 298
288 299
288 307
288 312
288 322
288 324
288 336
289 299
289 307
289 312
289 322
289 324
289 336
290 299
290 307
290 312
290 322
290 324
290 336
291 299
291 307
291 312
291 322
291 324
291 336
292 299
292 307
292 312
292 322
292 324
292 336
293 299
293 307
293 312
293 322
293 324
293 336
294 299
294 307
294 312
294 322
294 324
294 336
295 299
295 307
295 312
295 322
295 324
295 336
296 299
296 307
296 312
296 322
296 324
296 336
297 299
297 307
297 312
297 322
297 324
297 336
298 299
298 307
298 312
298 322
298 324
298 336
299 299
299 307
299 312
299 322
299 324
299 336
300 299
300 307
300 312
300 322
300 324
300 336
301 299
301 307
301 312
301 322
301 324
301 336
302 299
302 307
302 312
302 322
302 324
302 336
303 299
303 307
303 312
303 316
303 323
303 324
303 336
304 299
304 307
304 312
304 316
304 323
304 324
304 336
305 299
305 307
305 312
305 316
305 323
305 324
305 336
306 299
306 307
306 312
306 316
306 323
306 324
306 336
307 312
307 314
307 316
307 323
307 324
307 336
308 312
308 323
308 324
308 336
309 312
309 323
309 324
309 336
310 312
310 323
310 324
310 336
311 312
311 323
311 324
311 336
312 312
312 323
312 324
312 336
313 312
313 323
313 324
313 336
314 312
314 324
314 336
315 312
315 324
315 336
316 312
316 324
316 336
317 312
317 324
317 336
318 312
318 324
318 336
319 312
319 324
319 336
320 312
320 324
320 336
321 324
321 336
322 324
322 336
323 324
324 324
325 324
326 324
327 324
328 324
329 324
330 324
331 324
332 324
333 324
334 324
335 324
336 324
337 324
338 324
339 324
340 324
341 324
342 324
343 324
344 324
345 324
