2 11
2 16
2 44
2 57
2 217
2 318
3 11
3 16
3 20
3 44
3 47
3 57
3 135
3 217
3 242
3 318
4 6
4 16
4 20
4 21
4 44
4 47
4 91
4 98
4 135
4 217
4 239
4 242
4 301
4 318
4 328
5 10
5 22
5 25
5 36
5 44
5 69
5 91
5 98
5 120
5 125
5 135
5 159
5 172
5 196
5 198
5 239
5 242
5 301
5 318
5 328
6 10
6 22
6 25
6 36
6 51
6 69
6 91
6 98
6 120
6 125
6 135
6 159
6 172
6 196
6 198
6 216
6 242
6 258
6 301
6 318
6 328
7 22
7 36
7 59
7 64
7 69
7 91
7 98
7 120
7 125
7 135
7 159
7 172
7 196
7 198
7 210
7 216
7 242
7 258
7 301
7 318
7 328
8 9
8 35
8 59
8 64
8 65
8 68
8 69
8 91
8 120
8 125
8 135
8 159
8 172
8 196
8 198
8 210
8 216
8 230
8 242
8 258
8 281
8 301
8 318
8 328
9 28
9 32
9 35
9 52
9 59
9 64
9 65
9 68
9 69
9 70
9 73
9 91
9 120
9 125
9 135
9 172
9 196
9 198
9 210
9 216
9 230
9 242
9 258
9 281
9 301
9 318
9 328
9 332
10 28
10 32
10 35
10 52
10 59
10 64
10 68
10 69
10 70
10 73
10 91
10 101
10 112
10 119
10 120
10 125
10 135
10 172
10 196
10 198
10 210
10 216
10 230
10 242
10 258
10 281
10 298
10 301
10 318
10 328
10 332
11 19
11 24
11 32
11 33
11 59
11 64
11 68
11 69
11 70
11 91
11 101
11 112
11 119
11 120
11 125
11 135
11 172
11 196
11 198
11 216
11 230
11 242
11 260
11 281
11 298
11 301
11 318
11 328
11 332
12 19
12 24
12 31
12 32
12 33
12 59
12 64
12 68
12 69
12 70
12 91
12 101
12 112
12 119
12 120
12 125
12 135
12 172
12 196
12 198
12 216
12 230
12 242
12 260
12 281
12 298
12 301
12 318
12 328
12 332
13 19
13 24
13 32
13 33
13 59
13 64
13 69
13 70
13 91
13 101
13 112
13 119
13 120
13 125
13 135
13 172
13 196
13 198
13 216
13 230
13 242
13 260
13 281
13 298
13 301
13 318
13 328
13 332
14 15
14 23
14 27
14 32
14 33
14 43
14 53
14 56
14 59
14 64
14 70
14 71
14 91
14 101
14 112
14 119
14 120
14 123
14 125
14 135
14 196
14 198
14 216
14 230
14 235
14 242
14 260
14 281
14 289
14 298
14 301
14 318
14 328
14 332
15 15
15 23
15 43
15 53
15 56
15 59
15 64
15 70
15 71
15 79
15 84
15 88
15 91
15 101
15 112
15 122
15 123
15 125
15 135
15 196
15 198
15 216
15 230
15 235
15 242
15 260
15 263
15 281
15 289
15 298
15 301
15 318
15 328
15 332
16 15
16 23
16 39
16 43
16 53
16 56
16 59
16 64
16 70
16 71
16 79
16 84
16 88
16 91
16 101
16 112
16 122
16 123
16 125
16 135
16 196
16 198
16 216
16 230
16 235
16 242
16 260
16 263
16 281
16 289
16 298
16 301
16 318
16 328
16 332
17 23
17 39
17 43
17 53
17 56
17 59
17 71
17 79
17 84
17 88
17 91
17 101
17 112
17 122
17 123
17 135
17 196
17 198
17 216
17 230
17 235
17 242
17 260
17 263
17 281
17 289
17 298
17 301
17 318
17 328
17 332
17 344
18 23
18 43
18 53
18 56
18 59
18 60
18 71
18 72
18 79
18 84
18 88
18 91
18 101
18 112
18 122
18 123
18 135
18 145
18 196
18 198
18 216
18 230
18 235
18 242
18 260
18 263
18 281
18 289
18 298
18 301
18 318
18 328
18 332
18 344
19 41
19 45
19 53
19 56
19 59
19 60
19 66
19 71
19 72
19 79
19 84
19 85
19 88
19 91
19 101
19 112
19 122
19 123
19 135
19 145
19 196
19 198
19 208
19 216
19 230
19 235
19 242
19 260
19 263
19 281
19 289
19 298
19 301
19 318
19 328
19 332
19 344
20 41
20 45
20 53
20 56
20 59
20 60
20 63
20 66
20 71
20 72
20 79
20 85
20 88
20 91
20 101
20 112
20 122
20 123
20 145
20 170
20 196
20 198
20 208
20 230
20 235
20 242
20 260
20 263
20 281
20 289
20 298
20 301
20 318
20 328
20 332
20 344
21 41
21 45
21 53
21 56
21 59
21 60
21 63
21 66
21 71
21 72
21 79
21 85
21 88
21 91
21 101
21 111
21 112
21 122
21 123
21 145
21 196
21 198
21 208
21 230
21 235
21 260
21 263
21 281
21 289
21 298
21 301
21 318
21 328
21 332
21 344
22 41
22 45
22 53
22 56
22 59
22 60
22 63
22 66
22 71
22 72
22 79
22 85
22 88
22 91
22 101
22 111
22 112
22 122
22 123
22 145
22 196
22 198
22 208
22 230
22 235
22 260
22 263
22 281
22 289
22 298
22 301
22 318
22 328
22 332
22 344
23 41
23 45
23 53
23 56
23 59
23 60
23 63
23 66
23 71
23 72
23 79
23 85
23 88
23 91
23 101
23 111
23 112
23 122
23 123
23 145
23 196
23 198
23 208
23 230
23 235
23 260
23 263
23 281
23 289
23 298
23 301
23 318
23 328
23 332
23 344
24 45
24 53
24 56
24 59
24 60
24 63
24 66
24 71
24 79
24 85
24 91
24 111
24 112
24 122
24 123
24 145
24 174
24 196
24 198
24 208
24 230
24 235
24 260
24 263
24 281
24 289
24 298
24 301
24 318
24 328
24 332
24 344
25 45
25 50
25 53
25 56
25 59
25 60
25 63
25 66
25 71
25 79
25 85
25 91
25 111
25 112
25 122
25 123
25 145
25 174
25 196
25 198
25 208
25 230
25 235
25 260
25 263
25 281
25 289
25 298
25 301
25 318
25 328
25 332
25 344
26 50
26 53
26 56
26 59
26 60
26 71
26 79
26 85
26 91
26 111
26 112
26 122
26 123
26 145
26 174
26 176
26 196
26 198
26 208
26 230
26 235
26 238
26 260
26 281
26 289
26 298
26 301
26 318
26 328
26 332
26 344
27 50
27 56
27 59
27 60
27 71
27 79
27 85
27 91
27 112
27 122
27 123
27 145
27 154
27 174
27 176
27 196
27 198
27 208
27 230
27 235
27 238
27 260
27 281
27 289
27 298
27 301
27 318
27 328
27 332
27 344
28 50
28 56
28 59
28 60
28 71
28 79
28 85
28 91
28 112
28 122
28 123
28 145
28 154
28 174
28 176
28 196
28 198
28 208
28 230
28 235
28 238
28 260
28 281
28 289
28 298
28 301
28 318
28 328
28 332
28 344
29 34
29 50
29 56
29 59
29 60
29 71
29 79
29 85
29 91
29 112
29 122
29 123
29 145
29 154
29 174
29 176
29 196
29 198
29 208
29 230
29 235
29 238
29 260
29 281
29 289
29 298
29 301
29 318
29 328
29 332
29 344
30 50
30 56
30 60
30 71
30 74
30 79
30 85
30 91
30 104
30 112
30 122
30 145
30 154
30 176
30 196
30 198
30 208
30 230
30 235
30 238
30 281
30 289
30 298
30 301
30 318
30 328
30 332
30 344
31 50
31 56
31 60
31 71
31 74
31 79
31 85
31 91
31 104
31 112
31 122
31 145
31 154
31 176
31 196
31 198
31 208
31 230
31 235
31 238
31 281
31 289
31 298
31 301
31 318
31 328
31 332
31 344
32 37
32 50
32 60
32 71
32 74
32 78
32 85
32 87
32 91
32 104
32 112
32 122
32 145
32 154
32 176
32 196
32 198
32 208
32 230
32 235
32 238
32 240
32 281
32 289
32 298
32 301
32 318
32 328
32 332
32 344
32 348
33 37
33 60
33 71
33 82
33 87
33 91
33 104
33 112
33 113
33 122
33 167
33 176
33 196
33 208
33 230
33 235
33 240
33 281
33 289
33 298
33 301
33 318
33 328
33 332
33 341
33 344
33 348
34 71
34 76
34 82
34 91
34 112
34 113
34 122
34 167
34 176
34 196
34 208
34 230
34 235
34 240
34 247
34 281
34 298
34 318
34 328
34 341
34 344
34 348
35 71
35 76
35 82
35 91
35 112
35 113
35 122
35 167
35 176
35 196
35 208
35 230
35 235
35 240
35 247
35 281
35 298
35 318
35 328
35 341
35 344
35 348
36 76
36 82
36 83
36 91
36 112
36 113
36 122
36 167
36 176
36 196
36 208
36 230
36 235
36 240
36 247
36 298
36 318
36 328
36 341
36 344
36 348
37 76
37 82
37 83
37 91
37 112
37 113
37 122
37 150
37 167
37 176
37 196
37 208
37 230
37 235
37 240
37 247
37 298
37 318
37 328
37 341
37 344
37 348
38 82
38 83
38 91
38 112
38 113
38 122
38 150
38 167
38 176
38 196
38 208
38 230
38 235
38 240
38 247
38 298
38 318
38 328
38 341
38 344
38 348
39 82
39 83
39 91
39 97
39 118
39 122
39 150
39 167
39 176
39 178
39 230
39 235
39 240
39 251
39 298
39 318
39 328
39 341
39 344
39 348
40 82
40 83
40 118
40 122
40 133
40 143
40 176
40 178
40 222
40 235
40 240
40 251
40 316
40 318
40 328
40 341
40 344
40 348
41 83
41 118
41 122
41 133
41 143
41 161
41 176
41 178
41 222
41 235
41 240
41 251
41 316
41 318
41 328
41 341
41 344
41 348
42 83
42 118
42 122
42 133
42 161
42 176
42 178
42 222
42 235
42 240
42 251
42 268
42 316
42 318
42 328
42 341
42 344
42 348
43 46
43 118
43 122
43 161
43 176
43 178
43 222
43 226
43 240
43 251
43 268
43 286
43 316
43 318
43 328
43 341
43 344
44 46
44 118
44 122
44 146
44 161
44 176
44 178
44 222
44 226
44 240
44 251
44 268
44 284
44 286
44 316
44 318
44 327
44 328
44 341
44 344
44 347
45 46
45 62
45 118
45 122
45 141
45 146
45 155
45 161
45 176
45 177
45 178
45 222
45 226
45 240
45 251
45 268
45 284
45 286
45 287
45 316
45 318
45 327
45 328
45 329
45 341
45 344
45 347
46 48
46 49
46 61
46 62
46 92
46 93
46 99
46 118
46 122
46 141
46 146
46 155
46 161
46 176
46 177
46 178
46 222
46 223
46 226
46 240
46 251
46 268
46 284
46 286
46 287
46 300
46 316
46 318
46 327
46 328
46 329
46 341
46 344
46 347
47 48
47 49
47 61
47 62
47 92
47 93
47 99
47 118
47 122
47 141
47 146
47 155
47 161
47 176
47 177
47 178
47 201
47 222
47 223
47 226
47 240
47 251
47 268
47 284
47 286
47 287
47 300
47 316
47 318
47 327
47 328
47 329
47 341
47 344
47 347
48 48
48 49
48 61
48 62
48 92
48 93
48 99
48 118
48 122
48 141
48 146
48 155
48 161
48 176
48 177
48 178
48 201
48 222
48 223
48 226
48 240
48 251
48 268
48 284
48 286
48 287
48 300
48 316
48 318
48 327
48 328
48 329
48 341
48 344
48 347
49 61
49 62
49 92
49 93
49 99
49 118
49 122
49 141
49 146
49 155
49 161
49 176
49 177
49 178
49 201
49 222
49 223
49 226
49 229
49 240
49 251
49 268
49 284
49 286
49 287
49 300
49 316
49 318
49 327
49 328
49 329
49 341
49 344
49 347
50 61
50 62
50 92
50 99
50 118
50 122
50 141
50 146
50 155
50 161
50 176
50 177
50 178
50 201
50 222
50 223
50 226
50 229
50 240
50 251
50 268
50 284
50 286
50 287
50 300
50 316
50 318
50 327
50 328
50 329
50 341
50 344
50 347
51 62
51 67
51 75
51 92
51 99
51 118
51 122
51 128
51 137
51 141
51 146
51 155
51 176
51 177
51 178
51 201
51 222
51 223
51 226
51 229
51 233
51 240
51 251
51 268
51 284
51 286
51 287
51 300
51 316
51 318
51 326
51 327
51 328
51 329
51 341
51 344
51 347
52 62
52 67
52 89
52 99
52 118
52 122
52 128
52 137
52 146
52 155
52 163
52 176
52 177
52 178
52 201
52 214
52 222
52 223
52 226
52 229
52 233
52 240
52 251
52 268
52 284
52 286
52 287
52 300
52 316
52 318
52 326
52 327
52 328
52 329
52 341
52 344
52 347
53 67
53 89
53 118
53 128
53 137
53 146
53 155
53 163
53 168
53 176
53 177
53 178
53 201
53 214
53 222
53 223
53 226
53 229
53 232
53 233
53 240
53 251
53 268
53 284
53 286
53 287
53 300
53 318
53 326
53 327
53 328
53 329
53 341
53 344
53 347
54 67
54 89
54 118
54 128
54 137
54 146
54 155
54 163
54 168
54 176
54 177
54 178
54 201
54 214
54 222
54 223
54 226
54 229
54 232
54 233
54 240
54 251
54 268
54 284
54 286
54 287
54 300
54 318
54 326
54 327
54 328
54 329
54 341
54 344
54 347
55 67
55 89
55 94
55 118
55 124
55 128
55 137
55 146
55 155
55 163
55 168
55 176
55 177
55 178
55 201
55 214
55 222
55 223
55 226
55 229
55 232
55 233
55 240
55 251
55 268
55 284
55 286
55 300
55 318
55 326
55 327
55 328
55 329
55 341
55 344
55 347
56 67
56 89
56 94
56 105
56 124
56 128
56 137
56 146
56 148
56 155
56 163
56 168
56 176
56 177
56 178
56 201
56 222
56 223
56 226
56 229
56 232
56 233
56 240
56 251
56 268
56 284
56 286
56 300
56 318
56 326
56 327
56 328
56 329
56 341
56 344
56 347
57 67
57 89
57 94
57 105
57 106
57 110
57 124
57 128
57 137
57 146
57 148
57 155
57 163
57 168
57 176
57 177
57 178
57 191
57 201
57 222
57 223
57 226
57 229
57 232
57 233
57 240
57 251
57 268
57 284
57 286
57 300
57 318
57 326
57 327
57 328
57 329
57 341
57 344
57 347
58 67
58 89
58 94
58 105
58 106
58 110
58 124
58 137
58 146
58 148
58 155
58 163
58 168
58 177
58 178
58 191
58 201
58 222
58 223
58 229
58 232
58 233
58 240
58 251
58 268
58 284
58 286
58 300
58 318
58 326
58 327
58 329
58 344
58 346
58 347
59 67
59 89
59 94
59 105
59 106
59 110
59 124
59 137
59 146
59 148
59 155
59 163
59 168
59 177
59 178
59 191
59 201
59 222
59 223
59 229
59 232
59 233
59 240
59 251
59 268
59 284
59 286
59 300
59 318
59 326
59 327
59 329
59 344
59 346
59 347
60 67
60 89
60 94
60 105
60 106
60 110
60 124
60 137
60 146
60 148
60 155
60 163
60 168
60 177
60 178
60 191
60 201
60 222
60 223
60 229
60 232
60 233
60 251
60 268
60 284
60 286
60 300
60 318
60 326
60 327
60 329
60 344
60 346
60 347
61 67
61 89
61 94
61 105
61 106
61 110
61 124
61 137
61 146
61 148
61 155
61 163
61 168
61 177
61 178
61 191
61 201
61 222
61 223
61 229
61 232
61 233
61 251
61 268
61 284
61 286
61 300
61 318
61 326
61 327
61 329
61 344
61 346
61 347
62 67
62 89
62 94
62 105
62 106
62 110
62 124
62 137
62 146
62 148
62 163
62 168
62 177
62 178
62 191
62 201
62 222
62 223
62 229
62 232
62 233
62 251
62 254
62 268
62 284
62 286
62 300
62 318
62 326
62 327
62 329
62 344
62 346
62 347
63 86
63 89
63 94
63 106
63 110
63 124
63 137
63 146
63 148
63 163
63 168
63 177
63 178
63 191
63 201
63 222
63 223
63 229
63 232
63 233
63 241
63 251
63 254
63 268
63 284
63 286
63 300
63 307
63 318
63 326
63 327
63 329
63 344
63 346
63 347
64 86
64 89
64 94
64 106
64 110
64 124
64 137
64 146
64 148
64 163
64 168
64 177
64 178
64 191
64 201
64 222
64 223
64 229
64 232
64 233
64 241
64 251
64 254
64 268
64 284
64 286
64 300
64 307
64 318
64 327
64 329
64 344
64 346
64 347
65 86
65 89
65 94
65 106
65 110
65 124
65 137
65 146
65 148
65 163
65 168
65 177
65 178
65 191
65 201
65 222
65 223
65 229
65 232
65 233
65 241
65 251
65 254
65 268
65 284
65 286
65 300
65 307
65 318
65 327
65 329
65 344
65 346
65 347
66 86
66 89
66 94
66 106
66 110
66 124
66 137
66 146
66 148
66 163
66 168
66 177
66 178
66 191
66 201
66 222
66 223
66 229
66 232
66 233
66 241
66 251
66 254
66 268
66 284
66 286
66 300
66 307
66 318
66 327
66 329
66 344
66 346
66 347
67 86
67 89
67 94
67 106
67 110
67 124
67 137
67 146
67 148
67 163
67 168
67 177
67 178
67 191
67 201
67 222
67 223
67 229
67 232
67 233
67 241
67 251
67 254
67 268
67 284
67 286
67 300
67 307
67 318
67 327
67 329
67 344
67 346
67 347
68 86
68 89
68 94
68 106
68 110
68 124
68 137
68 146
68 148
68 163
68 168
68 177
68 178
68 191
68 201
68 222
68 223
68 229
68 232
68 233
68 241
68 251
68 254
68 268
68 284
68 286
68 300
68 307
68 318
68 327
68 329
68 344
68 346
68 347
69 86
69 89
69 94
69 106
69 110
69 124
69 137
69 146
69 148
69 163
69 168
69 177
69 178
69 191
69 201
69 222
69 223
69 229
69 232
69 233
69 241
69 251
69 254
69 268
69 284
69 286
69 300
69 307
69 318
69 327
69 329
69 344
69 346
69 347
70 81
70 86
70 89
70 94
70 106
70 110
70 124
70 131
70 137
70 146
70 148
70 163
70 168
70 177
70 178
70 191
70 201
70 222
70 223
70 229
70 232
70 233
70 241
70 251
70 254
70 259
70 268
70 284
70 286
70 300
70 307
70 318
70 327
70 344
70 346
71 81
71 86
71 89
71 94
71 106
71 110
71 124
71 131
71 137
71 146
71 148
71 163
71 168
71 177
71 178
71 191
71 201
71 222
71 223
71 229
71 232
71 233
71 241
71 251
71 254
71 259
71 268
71 284
71 286
71 300
71 307
71 318
71 327
71 344
71 346
72 81
72 86
72 89
72 94
72 106
72 109
72 110
72 124
72 131
72 137
72 146
72 148
72 168
72 177
72 178
72 191
72 201
72 222
72 223
72 229
72 232
72 233
72 241
72 251
72 254
72 259
72 268
72 270
72 284
72 286
72 300
72 307
72 318
72 327
72 344
72 346
73 81
73 89
73 94
73 96
73 106
73 109
73 110
73 124
73 130
73 137
73 146
73 177
73 178
73 191
73 201
73 222
73 223
73 229
73 232
73 233
73 241
73 248
73 251
73 254
73 259
73 268
73 270
73 284
73 286
73 294
73 300
73 307
73 318
73 327
73 333
73 344
73 346
74 81
74 89
74 94
74 96
74 106
74 109
74 110
74 124
74 130
74 137
74 146
74 177
74 178
74 191
74 201
74 222
74 223
74 229
74 232
74 233
74 241
74 248
74 251
74 254
74 259
74 268
74 270
74 284
74 286
74 294
74 300
74 307
74 318
74 327
74 333
74 344
74 346
75 89
75 106
75 109
75 110
75 124
75 130
75 137
75 146
75 177
75 178
75 191
75 201
75 218
75 222
75 223
75 229
75 232
75 241
75 248
75 251
75 254
75 259
75 268
75 270
75 284
75 286
75 294
75 300
75 307
75 318
75 327
75 333
75 344
75 346
76 89
76 109
76 115
76 124
76 130
76 137
76 146
76 177
76 178
76 191
76 201
76 218
76 222
76 223
76 229
76 232
76 241
76 248
76 251
76 254
76 259
76 270
76 284
76 286
76 294
76 300
76 307
76 318
76 327
76 333
76 344
76 346
76 349
77 89
77 109
77 115
77 124
77 130
77 137
77 146
77 177
77 178
77 191
77 201
77 218
77 222
77 223
77 229
77 232
77 241
77 248
77 251
77 254
77 259
77 270
77 284
77 286
77 294
77 307
77 318
77 327
77 333
77 344
77 346
77 349
78 89
78 109
78 115
78 124
78 130
78 137
78 146
78 177
78 178
78 191
78 201
78 218
78 222
78 223
78 229
78 232
78 248
78 251
78 254
78 259
78 270
78 284
78 286
78 294
78 307
78 318
78 327
78 333
78 344
78 346
78 349
79 89
79 109
79 115
79 124
79 126
79 130
79 137
79 146
79 177
79 178
79 191
79 201
79 218
79 222
79 223
79 229
79 232
79 248
79 251
79 254
79 259
79 270
79 284
79 286
79 294
79 307
79 318
79 327
79 333
79 344
79 346
79 349
80 89
80 109
80 115
80 124
80 126
80 130
80 137
80 146
80 177
80 178
80 191
80 201
80 218
80 222
80 223
80 232
80 248
80 251
80 254
80 259
80 270
80 284
80 286
80 294
80 307
80 318
80 327
80 333
80 344
80 349
81 89
81 103
81 109
81 115
81 124
81 126
81 130
81 137
81 175
81 177
81 178
81 191
81 201
81 203
81 218
81 222
81 223
81 232
81 248
81 251
81 254
81 270
81 284
81 286
81 294
81 307
81 318
81 327
81 333
81 344
82 89
82 103
82 109
82 115
82 124
82 126
82 130
82 132
82 137
82 175
82 177
82 178
82 182
82 191
82 201
82 203
82 218
82 222
82 223
82 232
82 248
82 251
82 254
82 255
82 270
82 284
82 286
82 294
82 307
82 327
82 333
82 344
83 89
83 100
83 109
83 115
83 124
83 126
83 130
83 132
83 152
83 162
83 165
83 175
83 177
83 182
83 186
83 191
83 201
83 203
83 222
83 223
83 225
83 232
83 248
83 251
83 254
83 255
83 270
83 284
83 286
83 294
83 307
83 311
83 327
83 333
83 338
83 344
84 89
84 100
84 109
84 115
84 124
84 126
84 132
84 140
84 152
84 162
84 165
84 175
84 177
84 182
84 186
84 191
84 201
84 203
84 222
84 223
84 225
84 232
84 248
84 251
84 254
84 255
84 270
84 284
84 286
84 294
84 307
84 311
84 327
84 333
84 338
84 344
85 89
85 100
85 109
85 115
85 124
85 126
85 132
85 140
85 152
85 162
85 165
85 175
85 177
85 182
85 186
85 191
85 201
85 203
85 222
85 223
85 225
85 232
85 248
85 251
85 254
85 255
85 270
85 284
85 286
85 294
85 307
85 311
85 327
85 333
85 338
85 344
86 89
86 100
86 109
86 115
86 124
86 126
86 132
86 140
86 152
86 162
86 165
86 175
86 177
86 182
86 186
86 191
86 201
86 203
86 222
86 223
86 225
86 232
86 248
86 251
86 254
86 255
86 270
86 284
86 286
86 307
86 311
86 327
86 333
86 338
86 344
87 89
87 100
87 109
87 115
87 124
87 126
87 132
87 140
87 152
87 162
87 165
87 175
87 177
87 182
87 186
87 191
87 201
87 203
87 222
87 223
87 225
87 232
87 248
87 251
87 254
87 255
87 270
87 284
87 286
87 307
87 311
87 327
87 333
87 338
87 344
88 89
88 109
88 115
88 124
88 126
88 132
88 140
88 152
88 162
88 165
88 175
88 177
88 186
88 201
88 203
88 222
88 223
88 224
88 225
88 232
88 248
88 251
88 254
88 255
88 270
88 284
88 286
88 293
88 307
88 311
88 327
88 333
88 338
88 344
89 89
89 109
89 115
89 124
89 126
89 132
89 140
89 152
89 165
89 175
89 177
89 186
89 201
89 203
89 222
89 223
89 224
89 225
89 232
89 248
89 251
89 254
89 255
89 270
89 284
89 286
89 293
89 307
89 311
89 321
89 333
89 338
89 344
90 109
90 115
90 124
90 126
90 132
90 140
90 152
90 165
90 175
90 177
90 186
90 201
90 203
90 222
90 223
90 224
90 225
90 232
90 248
90 251
90 254
90 255
90 270
90 284
90 286
90 293
90 307
90 311
90 321
90 333
90 338
90 344
91 109
91 115
91 116
91 124
91 126
91 132
91 140
91 152
91 165
91 175
91 177
91 186
91 201
91 203
91 222
91 223
91 224
91 225
91 232
91 248
91 251
91 254
91 255
91 270
91 284
91 286
91 293
91 307
91 311
91 321
91 333
91 338
91 344
92 95
92 109
92 115
92 116
92 124
92 126
92 129
92 132
92 140
92 152
92 165
92 201
92 203
92 222
92 223
92 224
92 225
92 232
92 248
92 251
92 254
92 255
92 270
92 284
92 286
92 293
92 307
92 311
92 321
92 333
92 338
92 344
93 95
93 109
93 115
93 116
93 124
93 126
93 129
93 132
93 140
93 152
93 165
93 201
93 203
93 222
93 223
93 224
93 225
93 232
93 248
93 251
93 254
93 255
93 270
93 284
93 286
93 293
93 307
93 311
93 321
93 333
93 338
93 344
94 95
94 109
94 115
94 116
94 124
94 126
94 129
94 132
94 140
94 152
94 165
94 201
94 203
94 222
94 223
94 224
94 225
94 232
94 248
94 251
94 254
94 255
94 270
94 284
94 286
94 293
94 307
94 311
94 321
94 333
94 338
94 344
95 109
95 115
95 116
95 117
95 124
95 126
95 129
95 132
95 140
95 152
95 165
95 201
95 203
95 222
95 223
95 224
95 225
95 232
95 248
95 251
95 254
95 255
95 270
95 284
95 286
95 293
95 307
95 311
95 321
95 333
95 338
95 344
96 102
96 108
96 114
96 115
96 116
96 117
96 126
96 129
96 165
96 189
96 195
96 201
96 203
96 222
96 223
96 225
96 232
96 248
96 251
96 254
96 255
96 261
96 270
96 284
96 286
96 293
96 307
96 311
96 319
96 321
96 333
96 338
96 344
97 102
97 108
97 114
97 116
97 117
97 126
97 129
97 165
97 189
97 195
97 201
97 203
97 222
97 223
97 225
97 232
97 248
97 251
97 254
97 255
97 261
97 270
97 284
97 286
97 293
97 307
97 311
97 319
97 321
97 333
97 338
97 344
98 102
98 108
98 114
98 116
98 117
98 126
98 129
98 165
98 189
98 195
98 201
98 203
98 222
98 223
98 225
98 232
98 248
98 251
98 254
98 255
98 261
98 270
98 284
98 286
98 293
98 307
98 311
98 319
98 321
98 333
98 338
98 344
99 102
99 108
99 114
99 116
99 117
99 126
99 129
99 165
99 189
99 195
99 201
99 203
99 222
99 223
99 225
99 232
99 248
99 251
99 254
99 255
99 261
99 270
99 284
99 286
99 293
99 307
99 311
99 319
99 321
99 333
99 338
99 344
100 102
100 108
100 114
100 116
100 117
100 126
100 127
100 129
100 151
100 165
100 189
100 195
100 201
100 203
100 222
100 223
100 225
100 232
100 248
100 251
100 254
100 255
100 261
100 270
100 284
100 286
100 293
100 307
100 311
100 319
100 321
100 333
100 338
100 344
101 102
101 107
101 108
101 114
101 116
101 117
101 126
101 127
101 129
101 151
101 165
101 189
101 195
101 201
101 212
101 222
101 223
101 225
101 232
101 248
101 251
101 254
101 255
101 261
101 270
101 284
101 286
101 293
101 307
101 311
101 319
101 321
101 333
101 344
102 107
102 114
102 116
102 117
102 126
102 129
102 142
102 151
102 165
102 189
102 195
102 201
102 212
102 222
102 223
102 225
102 232
102 248
102 251
102 254
102 255
102 261
102 270
102 284
102 286
102 293
102 307
102 311
102 319
102 321
102 333
103 107
103 114
103 116
103 117
103 126
103 129
103 142
103 149
103 151
103 165
103 189
103 195
103 201
103 212
103 219
103 222
103 223
103 225
103 231
103 232
103 248
103 251
103 255
103 261
103 270
103 286
103 293
103 307
103 311
103 319
103 321
103 333
104 107
104 114
104 116
104 117
104 126
104 129
104 142
104 149
104 165
104 173
104 189
104 195
104 201
104 212
104 219
104 222
104 223
104 225
104 231
104 232
104 251
104 255
104 261
104 270
104 286
104 293
104 307
104 311
104 319
104 321
104 333
105 107
105 114
105 116
105 117
105 126
105 129
105 142
105 149
105 165
105 173
105 189
105 195
105 201
105 212
105 219
105 222
105 223
105 225
105 231
105 232
105 251
105 255
105 261
105 270
105 286
105 293
105 307
105 311
105 319
105 321
105 333
106 107
106 114
106 117
106 126
106 129
106 142
106 149
106 153
106 165
106 173
106 179
106 189
106 195
106 201
106 219
106 222
106 223
106 225
106 231
106 232
106 251
106 255
106 261
106 270
106 286
106 293
106 307
106 311
106 319
106 321
106 333
107 107
107 114
107 126
107 129
107 142
107 147
107 149
107 153
107 179
107 188
107 189
107 195
107 201
107 219
107 222
107 223
107 225
107 231
107 251
107 255
107 261
107 270
107 282
107 286
107 293
107 307
107 311
107 319
107 321
107 333
108 107
108 114
108 129
108 142
108 147
108 149
108 153
108 179
108 188
108 189
108 195
108 201
108 219
108 222
108 223
108 225
108 231
108 251
108 255
108 261
108 270
108 282
108 286
108 293
108 307
108 311
108 319
108 321
108 333
109 114
109 129
109 142
109 147
109 149
109 153
109 179
109 188
109 189
109 195
109 219
109 222
109 223
109 225
109 231
109 251
109 255
109 261
109 270
109 282
109 286
109 293
109 307
109 311
109 319
109 321
109 333
110 114
110 121
110 129
110 142
110 147
110 149
110 153
110 179
110 188
110 189
110 195
110 219
110 222
110 223
110 225
110 227
110 231
110 251
110 255
110 261
110 270
110 282
110 286
110 293
110 307
110 311
110 319
110 321
110 333
111 114
111 121
111 129
111 134
111 142
111 147
111 149
111 179
111 188
111 189
111 195
111 202
111 219
111 222
111 223
111 225
111 227
111 231
111 251
111 255
111 261
111 270
111 282
111 286
111 293
111 307
111 311
111 319
111 333
112 114
112 121
112 129
112 134
112 142
112 147
112 149
112 179
112 188
112 189
112 195
112 202
112 219
112 222
112 223
112 225
112 227
112 231
112 251
112 255
112 261
112 270
112 282
112 286
112 293
112 307
112 311
112 319
112 333
113 114
113 121
113 129
113 134
113 142
113 147
113 149
113 179
113 188
113 189
113 195
113 202
113 219
113 222
113 223
113 225
113 227
113 231
113 237
113 251
113 270
113 282
113 293
113 307
113 311
113 319
113 333
114 114
114 121
114 129
114 134
114 142
114 147
114 149
114 179
114 188
114 189
114 195
114 202
114 219
114 222
114 223
114 225
114 227
114 231
114 237
114 251
114 270
114 282
114 293
114 307
114 311
114 319
114 333
115 114
115 121
115 129
115 134
115 139
115 142
115 147
115 149
115 179
115 188
115 189
115 195
115 202
115 204
115 219
115 222
115 223
115 225
115 227
115 231
115 237
115 250
115 251
115 270
115 282
115 307
115 311
115 319
115 333
116 114
116 121
116 129
116 134
116 139
116 147
116 149
116 179
116 188
116 189
116 195
116 202
116 204
116 219
116 222
116 223
116 225
116 231
116 237
116 250
116 251
116 270
116 282
116 307
116 311
116 319
116 333
117 114
117 121
117 129
117 134
117 144
117 147
117 149
117 160
117 179
117 188
117 189
117 202
117 204
117 219
117 222
117 223
117 225
117 231
117 237
117 243
117 250
117 251
117 270
117 282
117 307
117 311
117 319
117 333
118 114
118 129
118 134
118 144
118 147
118 149
118 160
118 179
118 188
118 189
118 202
118 204
118 219
118 222
118 223
118 225
118 231
118 237
118 243
118 250
118 251
118 270
118 282
118 307
118 311
118 319
118 333
118 342
119 114
119 129
119 134
119 144
119 147
119 149
119 160
119 179
119 189
119 202
119 204
119 219
119 222
119 223
119 225
119 231
119 237
119 243
119 250
119 251
119 270
119 278
119 282
119 307
119 311
119 319
119 333
119 342
120 114
120 129
120 134
120 144
120 147
120 149
120 156
120 160
120 179
120 189
120 190
120 202
120 204
120 219
120 222
120 223
120 225
120 231
120 237
120 243
120 250
120 251
120 270
120 278
120 282
120 307
120 311
120 319
120 333
120 342
121 129
121 134
121 144
121 147
121 149
121 156
121 160
121 171
121 179
121 189
121 190
121 202
121 204
121 219
121 222
121 223
121 225
121 231
121 237
121 243
121 250
121 270
121 278
121 282
121 307
121 311
121 319
121 333
121 342
122 129
122 134
122 144
122 147
122 149
122 156
122 160
122 171
122 179
122 189
122 190
122 202
122 204
122 219
122 222
122 223
122 225
122 231
122 237
122 243
122 250
122 270
122 278
122 282
122 307
122 311
122 319
122 333
122 342
123 129
123 134
123 144
123 147
123 149
123 156
123 160
123 171
123 189
123 190
123 202
123 204
123 219
123 222
123 225
123 231
123 237
123 243
123 250
123 270
123 278
123 282
123 307
123 311
123 319
123 333
123 342
123 345
124 129
124 134
124 144
124 149
124 156
124 160
124 171
124 189
124 190
124 202
124 204
124 219
124 222
124 225
124 231
124 237
124 243
124 250
124 270
124 278
124 282
124 307
124 311
124 319
124 333
124 342
124 345
125 129
125 144
125 149
125 156
125 160
125 171
125 189
125 190
125 202
125 204
125 219
125 222
125 225
125 231
125 237
125 243
125 250
125 270
125 272
125 278
125 282
125 307
125 311
125 319
125 333
125 342
125 345
126 129
126 144
126 149
126 156
126 160
126 171
126 189
126 190
126 202
126 204
126 219
126 222
126 225
126 231
126 237
126 243
126 250
126 270
126 272
126 278
126 282
126 307
126 311
126 319
126 333
126 342
126 345
127 129
127 144
127 149
127 156
127 160
127 171
127 189
127 190
127 202
127 204
127 219
127 225
127 231
127 237
127 243
127 250
127 270
127 272
127 278
127 282
127 307
127 311
127 319
127 333
127 342
127 345
128 129
128 138
128 144
128 149
128 156
128 160
128 171
128 189
128 190
128 202
128 219
128 225
128 231
128 237
128 243
128 250
128 257
128 269
128 270
128 272
128 282
128 307
128 311
128 319
128 333
128 342
128 345
129 138
129 144
129 149
129 156
129 160
129 171
129 181
129 189
129 190
129 202
129 219
129 225
129 231
129 237
129 243
129 250
129 257
129 269
129 270
129 272
129 282
129 307
129 311
129 319
129 333
129 342
129 345
130 138
130 144
130 149
130 156
130 160
130 171
130 181
130 189
130 190
130 202
130 219
130 225
130 231
130 237
130 243
130 250
130 257
130 269
130 270
130 272
130 282
130 307
130 311
130 319
130 333
130 342
130 345
131 138
131 144
131 149
131 156
131 160
131 171
131 181
131 189
131 190
131 202
131 219
131 225
131 231
131 237
131 243
131 250
131 257
131 269
131 270
131 272
131 282
131 307
131 311
131 319
131 333
131 342
131 345
132 138
132 144
132 149
132 156
132 160
132 181
132 189
132 190
132 202
132 219
132 225
132 231
132 237
132 243
132 250
132 257
132 269
132 270
132 272
132 282
132 307
132 311
132 319
132 333
132 342
132 345
133 144
133 149
133 156
133 160
133 181
133 189
133 190
133 202
133 219
133 225
133 231
133 237
133 243
133 250
133 257
133 269
133 270
133 272
133 282
133 307
133 311
133 319
133 333
133 342
133 345
134 144
134 149
134 156
134 160
134 181
134 189
134 190
134 202
134 219
134 225
134 231
134 237
134 243
134 250
134 269
134 270
134 272
134 282
134 307
134 311
134 319
134 333
134 342
134 345
135 144
135 149
135 156
135 160
135 181
135 189
135 190
135 202
135 206
135 219
135 225
135 231
135 237
135 243
135 250
135 269
135 270
135 272
135 282
135 285
135 307
135 319
135 333
135 339
135 342
135 345
136 144
136 149
136 156
136 160
136 181
136 189
136 190
136 202
136 206
136 225
136 231
136 237
136 243
136 250
136 269
136 270
136 272
136 282
136 285
136 307
136 319
136 333
136 339
136 342
136 345
137 144
137 149
137 156
137 160
137 181
137 189
137 190
137 202
137 206
137 207
137 225
137 231
137 237
137 243
137 250
137 269
137 270
137 272
137 282
137 285
137 307
137 319
137 333
137 339
137 342
137 345
138 144
138 156
138 160
138 181
138 189
138 190
138 192
138 197
138 202
138 207
138 231
138 237
138 243
138 250
138 266
138 269
138 270
138 272
138 282
138 285
138 307
138 324
138 333
138 339
138 342
138 345
139 144
139 156
139 160
139 181
139 189
139 190
139 192
139 197
139 202
139 207
139 231
139 237
139 243
139 250
139 266
139 269
139 270
139 272
139 282
139 285
139 307
139 324
139 333
139 339
139 342
139 345
140 144
140 156
140 160
140 181
140 184
140 189
140 190
140 192
140 197
140 202
140 207
140 231
140 237
140 250
140 266
140 269
140 270
140 272
140 282
140 285
140 307
140 324
140 333
140 339
140 342
140 345
141 144
141 156
141 160
141 181
141 184
141 189
141 190
141 192
141 197
141 202
141 207
141 231
141 237
141 250
141 266
141 269
141 272
141 282
141 285
141 307
141 322
141 324
141 333
141 339
141 342
141 345
142 144
142 156
142 160
142 181
142 184
142 189
142 190
142 192
142 197
142 202
142 207
142 231
142 237
142 250
142 266
142 269
142 272
142 282
142 285
142 307
142 322
142 324
142 333
142 339
142 342
142 345
143 144
143 156
143 157
143 158
143 160
143 181
143 184
143 189
143 190
143 192
143 197
143 202
143 207
143 231
143 237
143 250
143 266
143 269
143 272
143 282
143 285
143 307
143 322
143 324
143 333
143 339
143 342
143 345
144 156
144 157
144 158
144 160
144 181
144 184
144 189
144 190
144 192
144 197
144 202
144 207
144 231
144 237
144 250
144 266
144 269
144 272
144 282
144 285
144 307
144 322
144 324
144 333
144 339
144 342
144 345
145 156
145 157
145 158
145 160
145 181
145 184
145 189
145 190
145 192
145 197
145 207
145 231
145 237
145 250
145 266
145 269
145 272
145 282
145 307
145 322
145 324
145 333
145 339
145 342
146 157
146 158
146 160
146 181
146 184
146 189
146 190
146 192
146 197
146 207
146 231
146 237
146 250
146 266
146 269
146 272
146 282
146 307
146 322
146 324
146 333
146 336
146 339
146 342
147 157
147 158
147 160
147 181
147 184
147 189
147 190
147 192
147 193
147 197
147 207
147 231
147 237
147 250
147 266
147 269
147 272
147 282
147 307
147 322
147 324
147 333
147 336
147 339
147 342
148 157
148 158
148 160
148 181
148 184
148 189
148 190
148 192
148 193
148 197
148 207
148 231
148 237
148 250
148 266
148 269
148 272
148 282
148 307
148 322
148 324
148 333
148 336
148 339
148 342
149 157
149 158
149 160
149 181
149 184
149 189
149 190
149 192
149 193
149 197
149 207
149 231
149 237
149 250
149 269
149 272
149 282
149 307
149 322
149 324
149 333
149 336
149 339
149 342
150 157
150 158
150 160
150 181
150 184
150 189
150 190
150 192
150 193
150 197
150 207
150 231
150 237
150 250
150 269
150 272
150 282
150 307
150 322
150 324
150 333
150 336
150 339
150 342
151 157
151 158
151 160
151 164
151 166
151 181
151 184
151 189
151 190
151 192
151 193
151 197
151 207
151 231
151 250
151 269
151 272
151 282
151 307
151 322
151 324
151 331
151 333
151 336
151 339
151 342
152 158
152 160
152 164
152 166
152 180
152 181
152 184
152 189
152 190
152 192
152 193
152 207
152 231
152 250
152 269
152 272
152 282
152 307
152 322
152 324
152 331
152 333
152 336
152 339
152 342
153 158
153 160
153 164
153 166
153 180
153 181
153 184
153 189
153 190
153 192
153 193
153 207
153 213
153 250
153 269
153 272
153 282
153 307
153 322
153 324
153 331
153 333
153 336
153 339
153 342
154 158
154 160
154 164
154 166
154 180
154 181
154 184
154 189
154 190
154 192
154 193
154 207
154 215
154 250
154 269
154 272
154 282
154 307
154 322
154 324
154 331
154 333
154 336
154 339
154 342
155 158
155 160
155 164
155 166
155 180
155 184
155 189
155 190
155 192
155 193
155 207
155 215
155 250
155 269
155 272
155 282
155 307
155 322
155 324
155 331
155 333
155 336
155 339
155 342
156 158
156 160
156 164
156 166
156 180
156 184
156 189
156 190
156 192
156 193
156 207
156 215
156 250
156 269
156 272
156 282
156 307
156 322
156 324
156 331
156 333
156 336
156 339
156 342
157 158
157 160
157 164
157 166
157 180
157 184
157 189
157 190
157 192
157 193
157 207
157 215
157 250
157 269
157 272
157 282
157 307
157 322
157 324
157 331
157 333
157 336
157 339
157 342
158 158
158 164
158 166
158 180
158 184
158 189
158 190
158 192
158 207
158 209
158 215
158 250
158 269
158 272
158 282
158 295
158 307
158 317
158 322
158 324
158 331
158 333
158 336
158 339
158 342
159 158
159 164
159 166
159 180
159 184
159 189
159 190
159 192
159 207
159 209
159 215
159 246
159 250
159 269
159 272
159 282
159 295
159 307
159 317
159 322
159 324
159 331
159 333
159 336
159 339
159 342
160 158
160 164
160 166
160 180
160 184
160 189
160 190
160 192
160 207
160 209
160 215
160 246
160 250
160 269
160 272
160 282
160 295
160 307
160 317
160 322
160 324
160 331
160 333
160 336
160 339
160 342
161 158
161 164
161 166
161 180
161 184
161 189
161 190
161 192
161 207
161 209
161 215
161 246
161 250
161 269
161 272
161 282
161 295
161 307
161 317
161 322
161 324
161 331
161 333
161 336
161 339
161 342
162 158
162 164
162 166
162 180
162 184
162 189
162 192
162 207
162 209
162 215
162 246
162 250
162 269
162 272
162 282
162 295
162 307
162 317
162 322
162 324
162 331
162 333
162 336
162 339
162 342
163 158
163 164
163 166
163 180
163 184
163 189
163 192
163 207
163 209
163 215
163 246
163 250
163 269
163 272
163 282
163 295
163 307
163 317
163 322
163 324
163 331
163 333
163 336
163 339
163 342
164 164
164 180
164 184
164 192
164 194
164 207
164 209
164 236
164 246
164 250
164 269
164 272
164 282
164 295
164 307
164 317
164 322
164 324
164 331
164 333
164 336
164 339
165 164
165 180
165 184
165 192
165 194
165 207
165 209
165 236
165 246
165 250
165 269
165 272
165 282
165 295
165 307
165 317
165 322
165 324
165 331
165 333
165 336
165 339
166 164
166 180
166 184
166 194
166 207
166 209
166 236
166 246
166 250
166 269
166 272
166 282
166 295
166 307
166 317
166 322
166 324
166 331
166 333
166 336
166 339
167 164
167 180
167 184
167 194
167 207
167 209
167 236
167 246
167 250
167 269
167 272
167 282
167 295
167 307
167 317
167 322
167 324
167 331
167 333
167 336
167 339
168 164
168 180
168 184
168 194
168 207
168 209
168 234
168 236
168 246
168 250
168 267
168 269
168 272
168 282
168 295
168 307
168 317
168 322
168 324
168 331
168 336
168 339
169 164
169 180
169 184
169 194
169 207
169 209
169 234
169 236
169 246
169 250
169 267
169 269
169 272
169 282
169 295
169 307
169 317
169 322
169 324
169 331
169 336
169 339
170 164
170 180
170 184
170 194
170 207
170 209
170 234
170 236
170 246
170 250
170 267
170 269
170 272
170 282
170 295
170 307
170 317
170 322
170 324
170 331
170 336
170 339
171 180
171 194
171 207
171 209
171 234
171 246
171 250
171 267
171 269
171 295
171 307
171 317
171 322
171 324
171 331
171 336
171 339
172 180
172 183
172 194
172 207
172 209
172 234
172 245
172 246
172 250
172 267
172 269
172 295
172 307
172 317
172 324
172 331
172 336
172 339
173 180
173 183
173 194
173 207
173 209
173 234
173 245
173 246
173 250
173 267
173 269
173 295
173 307
173 317
173 324
173 331
173 336
173 339
174 180
174 183
174 194
174 207
174 209
174 245
174 246
174 250
174 267
174 295
174 307
174 317
174 324
174 331
174 336
174 339
175 180
175 183
175 185
175 199
175 207
175 209
175 246
175 295
175 307
175 314
175 317
175 331
175 336
175 339
176 180
176 183
176 185
176 199
176 209
176 246
176 295
176 307
176 317
176 331
176 336
176 339
177 180
177 183
177 185
177 199
177 246
177 295
177 307
177 317
177 331
177 336
178 180
178 183
178 185
178 199
178 244
178 273
178 295
178 307
178 317
178 331
178 336
179 180
179 183
179 185
179 199
179 228
179 244
179 273
179 307
179 317
179 331
179 336
180 180
180 183
180 185
180 199
180 228
180 244
180 273
180 307
180 317
180 331
180 336
181 180
181 183
181 199
181 228
181 244
181 273
181 307
181 317
181 331
181 336
182 180
182 199
182 228
182 244
182 273
182 307
182 317
182 331
182 336
183 180
183 199
183 228
183 244
183 249
183 273
183 307
183 317
183 331
183 336
184 180
184 199
184 228
184 244
184 249
184 273
184 307
184 317
184 331
184 336
185 180
185 199
185 228
185 244
185 249
185 273
185 307
185 317
185 331
185 336
186 180
186 199
186 228
186 244
186 249
186 273
186 307
186 317
186 331
186 336
186 340
187 180
187 199
187 228
187 244
187 249
187 273
187 307
187 317
187 330
187 331
187 336
187 340
188 180
188 199
188 228
188 244
188 249
188 273
188 307
188 317
188 330
188 331
188 336
188 340
189 180
189 199
189 228
189 244
189 249
189 273
189 307
189 317
189 330
189 331
189 336
189 340
190 199
190 200
190 228
190 244
190 249
190 262
190 273
190 307
190 317
190 330
190 331
190 336
190 340
191 199
191 200
191 228
191 244
191 249
191 262
191 273
191 307
191 317
191 330
191 331
191 336
191 340
192 199
192 200
192 228
192 244
192 249
192 262
192 273
192 277
192 307
192 317
192 330
192 331
192 336
192 340
193 199
193 200
193 228
193 244
193 249
193 273
193 277
193 307
193 317
193 330
193 331
193 335
193 336
193 340
194 199
194 200
194 228
194 244
194 249
194 273
194 277
194 307
194 317
194 330
194 331
194 335
194 336
194 340
195 200
195 228
195 244
195 249
195 273
195 277
195 304
195 307
195 317
195 330
195 331
195 335
195 336
195 340
196 200
196 228
196 244
196 249
196 273
196 277
196 304
196 307
196 317
196 330
196 331
196 335
196 336
196 340
197 200
197 228
197 244
197 249
197 273
197 276
197 277
197 304
197 305
197 307
197 317
197 330
197 331
197 335
197 336
197 340
198 200
198 211
198 221
198 228
198 244
198 249
198 256
198 264
198 271
198 273
198 276
198 277
198 297
198 305
198 307
198 313
198 317
198 331
198 335
198 336
198 340
199 200
199 211
199 221
199 228
199 244
199 249
199 256
199 264
199 271
199 273
199 276
199 277
199 297
199 305
199 307
199 313
199 317
199 331
199 335
199 336
199 340
200 200
200 211
200 221
200 228
200 244
200 249
200 256
200 264
200 271
200 273
200 276
200 277
200 297
200 305
200 307
200 313
200 317
200 331
200 335
200 336
200 340
201 200
201 211
201 221
201 228
201 244
201 249
201 264
201 271
201 273
201 276
201 277
201 296
201 297
201 305
201 307
201 313
201 317
201 331
201 335
201 336
201 340
202 200
202 211
202 221
202 228
202 244
202 249
202 264
202 271
202 273
202 276
202 277
202 296
202 297
202 305
202 307
202 309
202 313
202 317
202 331
202 335
202 336
202 340
203 200
203 211
203 221
203 228
203 244
203 249
203 264
203 271
203 273
203 276
203 277
203 296
203 297
203 305
203 307
203 309
203 313
203 317
203 331
203 335
203 336
203 340
204 200
204 211
204 221
204 228
204 244
204 249
204 264
204 271
204 273
204 275
204 276
204 277
204 296
204 297
204 305
204 307
204 309
204 313
204 317
204 331
204 335
204 336
204 340
205 200
205 211
205 221
205 228
205 244
205 249
205 264
205 271
205 273
205 275
205 276
205 277
205 296
205 297
205 305
205 307
205 309
205 313
205 317
205 331
205 335
205 336
205 340
206 200
206 211
206 221
206 228
206 244
206 249
206 264
206 273
206 275
206 276
206 277
206 296
206 297
206 305
206 307
206 309
206 313
206 317
206 331
206 335
206 336
206 340
207 200
207 211
207 220
207 221
207 228
207 244
207 249
207 264
207 273
207 275
207 276
207 277
207 296
207 297
207 305
207 307
207 309
207 313
207 317
207 331
207 335
207 336
207 340
208 200
208 211
208 220
208 221
208 228
208 244
208 264
208 273
208 275
208 276
208 277
208 296
208 297
208 305
208 307
208 309
208 313
208 317
208 331
208 335
208 336
208 340
209 211
209 220
209 221
209 228
209 244
209 264
209 273
209 277
209 296
209 297
209 305
209 307
209 309
209 313
209 317
209 331
209 335
209 340
210 211
210 220
210 221
210 228
210 244
210 264
210 273
210 277
210 296
210 297
210 305
210 307
210 309
210 313
210 317
210 331
210 335
210 340
211 211
211 220
211 221
211 228
211 244
211 264
211 273
211 277
211 296
211 297
211 305
211 307
211 313
211 317
211 331
211 335
211 340
212 211
212 220
212 221
212 228
212 244
212 264
212 273
212 277
212 296
212 297
212 305
212 307
212 317
212 331
212 335
212 340
213 211
213 220
213 228
213 244
213 264
213 273
213 277
213 296
213 297
213 305
213 307
213 317
213 335
213 340
214 211
214 220
214 228
214 244
214 264
214 273
214 277
214 296
214 297
214 305
214 307
214 317
214 335
214 340
215 211
215 220
215 228
215 244
215 264
215 273
215 277
215 296
215 297
215 305
215 307
215 317
215 335
215 340
216 211
216 220
216 228
216 244
216 264
216 273
216 277
216 296
216 297
216 305
216 317
216 335
216 340
217 211
217 220
217 228
217 244
217 264
217 273
217 277
217 296
217 297
217 305
217 317
217 335
217 340
218 211
218 220
218 228
218 244
218 264
218 273
218 277
218 296
218 297
218 305
218 317
218 335
218 340
219 211
219 220
219 228
219 244
219 264
219 273
219 277
219 296
219 297
219 305
219 317
219 335
219 340
220 220
220 228
220 244
220 264
220 273
220 277
220 296
220 297
220 305
220 317
220 335
220 340
221 220
221 228
221 244
221 273
221 296
221 297
221 303
221 305
221 312
221 315
221 317
221 335
221 340
222 220
222 228
222 244
222 273
222 292
222 296
222 297
222 303
222 305
222 312
222 315
222 317
222 335
222 340
223 228
223 244
223 253
223 273
223 283
223 288
223 292
223 296
223 297
223 303
223 305
223 312
223 315
223 317
223 335
223 340
224 228
224 244
224 253
224 273
224 283
224 288
224 290
224 296
224 297
224 305
224 312
224 317
224 335
224 340
225 228
225 244
225 273
225 280
225 283
225 288
225 290
225 296
225 297
225 305
225 312
225 317
225 334
225 335
225 340
226 228
226 244
226 273
226 280
226 283
226 288
226 290
226 296
226 297
226 305
226 310
226 312
226 317
226 334
226 335
226 340
227 228
227 244
227 273
227 280
227 283
227 288
227 290
227 296
227 297
227 305
227 310
227 312
227 317
227 334
227 335
227 340
228 228
228 244
228 273
228 274
228 280
228 283
228 288
228 290
228 296
228 297
228 305
228 310
228 312
228 317
228 325
228 334
228 335
228 340
229 228
229 244
229 273
229 274
229 280
229 283
229 288
229 296
229 297
229 299
229 310
229 312
229 317
229 325
229 334
229 340
230 244
230 273
230 274
230 280
230 283
230 288
230 296
230 297
230 299
230 310
230 312
230 317
230 325
230 334
230 340
231 244
231 273
231 274
231 280
231 283
231 288
231 296
231 297
231 299
231 310
231 312
231 317
231 325
231 334
231 340
232 244
232 273
232 274
232 280
232 283
232 288
232 296
232 297
232 299
232 310
232 312
232 325
232 334
232 340
233 244
233 252
233 273
233 274
233 280
233 283
233 288
233 296
233 297
233 299
233 310
233 312
233 325
233 334
233 340
234 244
234 252
234 273
234 274
234 280
234 283
234 288
234 296
234 297
234 299
234 310
234 312
234 325
234 334
234 340
235 244
235 252
235 273
235 274
235 280
235 283
235 288
235 296
235 297
235 299
235 310
235 312
235 325
235 334
235 340
236 244
236 273
236 274
236 280
236 283
236 288
236 296
236 297
236 299
236 310
236 312
236 325
236 334
236 340
237 244
237 273
237 274
237 280
237 283
237 288
237 296
237 297
237 299
237 310
237 312
237 325
237 334
237 340
238 244
238 273
238 274
238 280
238 283
238 288
238 296
238 297
238 299
238 310
238 312
238 325
238 334
238 340
239 244
239 273
239 274
239 280
239 283
239 288
239 296
239 297
239 299
239 310
239 312
239 325
239 334
239 340
240 244
240 273
240 274
240 279
240 280
240 283
240 288
240 296
240 297
240 299
240 310
240 312
240 325
240 334
240 340
241 244
241 273
241 274
241 279
241 280
241 283
241 296
241 297
241 299
241 310
241 312
241 325
241 334
241 340
242 244
242 273
242 274
242 279
242 280
242 283
242 296
242 297
242 299
242 310
242 312
242 325
242 334
242 340
243 244
243 273
243 274
243 279
243 280
243 283
243 296
243 297
243 299
243 306
243 310
243 312
243 325
243 334
243 340
244 244
244 273
244 274
244 279
244 280
244 283
244 296
244 297
244 299
244 306
244 310
244 312
244 325
244 334
244 340
245 244
245 273
245 274
245 279
245 280
245 283
245 296
245 297
245 299
245 306
245 310
245 312
245 325
245 334
245 340
246 244
246 273
246 274
246 279
246 280
246 283
246 296
246 297
246 299
246 306
246 310
246 312
246 325
246 334
246 340
247 244
247 273
247 274
247 279
247 280
247 283
247 296
247 299
247 306
247 310
247 312
247 325
247 334
247 340
248 244
248 273
248 274
248 279
248 280
248 283
248 296
248 299
248 306
248 310
248 312
248 320
248 325
248 334
248 340
248 343
249 244
249 273
249 274
249 279
249 280
249 283
249 296
249 299
249 306
249 310
249 312
249 320
249 325
249 334
249 340
249 343
250 244
250 273
250 274
250 279
250 280
250 283
250 296
250 299
250 306
250 310
250 312
250 320
250 325
250 334
250 343
251 244
251 273
251 274
251 279
251 280
251 283
251 299
251 306
251 310
251 312
251 320
251 325
251 334
251 343
252 244
252 265
252 273
252 279
252 280
252 283
252 299
252 306
252 310
252 312
252 320
252 325
252 343
253 244
253 265
253 273
253 279
253 280
253 283
253 299
253 306
253 310
253 312
253 320
253 325
253 343
254 244
254 265
254 273
254 279
254 280
254 283
254 299
254 306
254 312
254 320
254 325
254 343
255 244
255 265
255 273
255 279
255 280
255 283
255 299
255 306
255 312
255 320
255 325
255 343
256 265
256 273
256 279
256 280
256 299
256 306
256 312
256 320
256 325
256 343
257 265
257 273
257 279
257 280
257 299
257 306
257 312
257 320
257 325
257 343
258 265
258 273
258 279
258 280
258 299
258 306
258 312
258 320
258 325
258 343
259 265
259 273
259 279
259 280
259 299
259 306
259 308
259 312
259 320
259 325
259 343
260 265
260 273
260 279
260 280
260 299
260 306
260 308
260 312
260 320
260 325
260 343
261 265
261 273
261 279
261 280
261 299
261 306
261 308
261 312
261 320
261 325
261 343
262 265
262 273
262 279
262 280
262 299
262 306
262 308
262 312
262 320
262 325
262 343
263 265
263 273
263 279
263 280
263 299
263 306
263 312
263 320
263 325
264 265
264 273
264 279
264 280
264 299
264 306
264 312
264 320
264 325
265 265
265 273
265 279
265 280
265 299
265 306
265 312
265 320
265 325
266 273
266 299
266 306
266 312
266 320
266 323
266 325
267 273
267 299
267 306
267 312
267 320
267 323
267 325
268 273
268 299
268 306
268 312
268 320
268 323
268 325
269 273
269 299
269 306
269 312
269 320
269 323
269 325
270 273
270 299
270 306
270 312
270 320
270 323
270 325
271 273
271 299
271 306
271 312
271 320
271 323
271 325
272 273
272 299
272 306
272 312
272 320
272 323
272 325
273 273
273 299
273 306
273 312
273 320
273 323
273 325
274 273
274 299
274 306
274 312
274 320
274 323
274 325
275 273
275 299
275 306
275 312
275 320
275 323
276 273
276 299
276 306
276 312
276 320
276 323
277 273
277 299
277 306
277 312
277 320
277 323
278 273
278 299
278 306
278 312
278 320
278 323
279 273
279 299
279 306
279 312
279 320
279 323
280 273
280 299
280 306
280 312
280 320
280 323
281 273
281 291
281 299
281 306
281 312
281 320
281 323
282 273
282 291
282 299
282 306
282 312
282 320
282 323
283 273
283 291
283 299
283 306
283 312
283 320
283 323
284 273
284 291
284 299
284 306
284 312
284 320
284 323
284 337
285 273
285 291
285 299
285 306
285 312
285 320
285 323
285 337
286 273
286 291
286 299
286 306
286 312
286 320
286 323
286 337
287 273
287 291
287 299
287 306
287 312
287 320
287 323
287 337
288 273
288 291
288 299
288 306
288 312
288 320
288 323
288 337
289 273
289 291
289 299
289 306
289 312
289 320
289 323
289 337
290 273
290 299
290 306
290 312
290 320
290 337
291 273
291 299
291 306
291 312
291 320
291 337
292 273
292 306
292 312
292 320
293 273
293 306
293 312
293 320
294 273
294 306
294 312
294 320
295 273
295 306
295 320
296 306
296 320
297 306
297 320
298 302
298 306
298 320
299 302
299 306
299 320
300 302
300 306
300 320
301 302
301 306
301 320
302 302
302 306
302 320
303 302
303 306
303 320
304 302
304 306
304 320
305 302
305 306
305 320
306 302
306 306
306 320
307 302
307 306
307 320
308 302
308 306
308 320
309 302
309 306
309 320
310 306
310 320
311 306
311 320
312 306
312 320
313 306
313 320
314 306
314 320
315 306
315 320
316 306
316 320
317 306
317 320
318 306
318 320
319 306
319 320
320 306
320 320
321 320
322 320
323 320
324 320
325 320
326 320
