0 18
0 25
0 35
0 103
0 107
1 4
1 8
1 13
1 31
1 33
1 35
1 61
1 64
1 87
1 103
1 107
1 109
1 113
1 130
1 141
1 248
2 31
2 33
2 35
2 58
2 61
2 64
2 87
2 103
2 107
2 113
2 130
2 141
2 198
2 223
2 248
3 31
3 33
3 35
3 54
3 61
3 64
3 87
3 103
3 107
3 113
3 130
3 141
3 198
3 223
3 273
4 12
4 16
4 31
4 33
4 51
4 54
4 61
4 64
4 87
4 95
4 103
4 107
4 113
4 130
4 141
4 198
4 223
4 273
4 332
5 12
5 23
5 31
5 33
5 51
5 54
5 55
5 61
5 64
5 87
5 107
5 113
5 130
5 141
5 198
5 213
5 222
5 223
5 273
5 325
5 332
6 10
6 12
6 21
6 23
6 31
6 33
6 51
6 55
6 61
6 64
6 87
6 107
6 113
6 130
6 141
6 198
6 213
6 222
6 223
6 273
6 325
6 332
7 12
7 21
7 23
7 31
7 33
7 51
7 55
7 61
7 64
7 87
7 107
7 113
7 130
7 141
7 198
7 213
7 222
7 223
7 325
7 332
8 12
8 21
8 23
8 31
8 33
8 51
8 55
8 61
8 64
8 87
8 107
8 113
8 130
8 141
8 198
8 213
8 222
8 223
8 325
8 332
9 21
9 51
9 55
9 61
9 64
9 87
9 107
9 113
9 130
9 141
9 198
9 213
9 222
9 223
9 325
9 332
10 21
10 55
10 61
10 64
10 77
10 87
10 104
10 107
10 113
10 130
10 141
10 198
10 213
10 222
10 223
10 325
10 332
11 21
11 28
11 41
11 55
11 62
11 64
11 77
11 87
11 98
11 104
11 107
11 113
11 130
11 141
11 193
11 198
11 213
11 222
11 223
11 240
11 325
11 332
12 21
12 28
12 41
12 55
12 62
12 64
12 77
12 87
12 98
12 104
12 107
12 130
12 141
12 193
12 198
12 213
12 222
12 223
12 240
12 325
12 332
13 19
13 21
13 28
13 41
13 55
13 62
13 64
13 77
13 87
13 98
13 104
13 107
13 130
13 141
13 193
13 198
13 213
13 222
13 223
13 240
13 325
13 332
14 19
14 22
14 28
14 55
14 62
14 64
14 77
14 87
14 98
14 104
14 107
14 130
14 141
14 163
14 193
14 198
14 213
14 222
14 223
14 240
14 325
14 332
15 19
15 28
15 55
15 62
15 64
15 77
15 87
15 98
15 104
15 107
15 130
15 141
15 163
15 193
15 198
15 213
15 222
15 223
15 240
15 325
15 332
16 19
16 28
16 55
16 62
16 64
16 77
16 87
16 98
16 104
16 107
16 130
16 141
16 163
16 193
16 198
16 213
16 222
16 223
16 240
16 325
16 332
17 19
17 28
17 32
17 55
17 62
17 87
17 98
17 104
17 107
17 130
17 163
17 193
17 198
17 213
17 222
17 223
17 240
17 325
17 332
18 19
18 20
18 32
18 34
18 55
18 62
18 87
18 98
18 104
18 107
18 130
18 162
18 163
18 193
18 198
18 213
18 222
18 223
18 240
18 325
18 332
19 24
19 32
19 62
19 70
19 82
19 87
19 97
19 98
19 104
19 107
19 132
19 162
19 163
19 173
19 193
19 198
19 213
19 222
19 223
19 240
19 325
19 332
20 24
20 32
20 62
20 70
20 82
20 87
20 97
20 104
20 107
20 132
20 137
20 162
20 163
20 173
20 193
20 198
20 211
20 213
20 222
20 223
20 240
20 294
20 325
20 332
21 32
21 62
21 70
21 74
21 82
21 87
21 97
21 104
21 107
21 132
21 137
21 162
21 163
21 173
21 175
21 193
21 198
21 211
21 213
21 222
21 223
21 240
21 255
21 294
21 325
21 332
22 32
22 57
22 62
22 70
22 74
22 82
22 87
22 97
22 104
22 107
22 132
22 137
22 162
22 163
22 173
22 175
22 193
22 198
22 211
22 213
22 222
22 223
22 255
22 294
22 325
22 332
23 26
23 32
23 57
23 62
23 70
23 74
23 82
23 97
23 104
23 107
23 122
23 132
23 137
23 162
23 163
23 173
23 175
23 193
23 198
23 211
23 213
23 222
23 223
23 253
23 294
23 325
23 332
24 26
24 32
24 44
24 57
24 62
24 70
24 74
24 82
24 97
24 104
24 107
24 122
24 132
24 137
24 162
24 163
24 173
24 193
24 198
24 211
24 213
24 222
24 223
24 253
24 294
24 325
24 332
25 26
25 32
25 62
25 70
25 74
25 82
25 97
25 104
25 107
25 122
25 132
25 137
25 162
25 163
25 173
25 193
25 198
25 211
25 213
25 222
25 223
25 253
25 294
25 325
25 332
26 26
26 32
26 36
26 49
26 62
26 70
26 74
26 82
26 97
26 104
26 107
26 114
26 119
26 122
26 132
26 135
26 137
26 162
26 163
26 173
26 193
26 198
26 211
26 222
26 223
26 253
26 294
26 325
26 332
27 32
27 37
27 60
27 62
27 72
27 74
27 76
27 82
27 97
27 104
27 107
27 114
27 119
27 122
27 132
27 135
27 137
27 162
27 163
27 173
27 193
27 198
27 206
27 211
27 222
27 223
27 253
27 294
27 325
27 332
28 32
28 37
28 60
28 62
28 72
28 74
28 76
28 97
28 104
28 107
28 114
28 119
28 132
28 137
28 162
28 163
28 173
28 193
28 198
28 206
28 211
28 222
28 223
28 253
28 294
28 325
28 332
29 39
29 48
29 60
29 74
29 75
29 97
29 104
29 107
29 114
29 119
29 132
29 137
29 162
29 163
29 173
29 193
29 198
29 211
29 216
29 222
29 223
29 253
29 294
29 325
29 332
30 39
30 48
30 67
30 74
30 75
30 97
30 104
30 107
30 114
30 115
30 119
30 132
30 137
30 162
30 163
30 173
30 193
30 198
30 211
30 216
30 222
30 223
30 253
30 325
30 332
31 39
31 43
31 48
31 67
31 75
31 97
31 107
31 114
31 115
31 119
31 132
31 137
31 163
31 173
31 193
31 198
31 211
31 216
31 222
31 223
31 253
31 325
31 332
32 46
32 48
32 67
32 79
32 107
32 110
32 114
32 115
32 119
32 132
32 137
32 163
32 173
32 193
32 198
32 211
32 222
32 223
32 253
32 287
32 318
32 325
32 332
33 48
33 59
33 65
33 79
33 107
33 114
33 115
33 119
33 163
33 173
33 190
33 193
33 198
33 211
33 222
33 223
33 236
33 287
33 318
33 325
33 331
33 332
34 45
34 47
34 48
34 59
34 65
34 79
34 99
34 107
34 114
34 115
34 119
34 126
34 163
34 173
34 190
34 193
34 198
34 211
34 222
34 223
34 236
34 238
34 276
34 287
34 318
34 325
34 331
34 332
35 38
35 45
35 47
35 48
35 65
35 69
35 79
35 84
35 99
35 107
35 114
35 115
35 119
35 126
35 163
35 173
35 190
35 193
35 198
35 211
35 222
35 223
35 236
35 238
35 276
35 287
35 318
35 325
35 331
35 332
36 38
36 47
36 48
36 50
36 65
36 79
36 84
36 99
36 107
36 114
36 115
36 119
36 126
36 163
36 173
36 190
36 193
36 198
36 211
36 222
36 223
36 236
36 238
36 276
36 282
36 287
36 318
36 325
36 331
36 332
37 38
37 47
37 48
37 50
37 65
37 79
37 84
37 99
37 107
37 114
37 115
37 119
37 126
37 163
37 173
37 190
37 193
37 198
37 211
37 222
37 223
37 236
37 238
37 276
37 282
37 287
37 318
37 325
37 331
37 332
38 38
38 65
38 79
38 84
38 99
38 107
38 114
38 115
38 119
38 163
38 173
38 190
38 193
38 198
38 211
38 222
38 223
38 236
38 238
38 276
38 282
38 287
38 317
38 318
38 325
38 331
38 349
39 38
39 52
39 65
39 78
39 79
39 84
39 90
39 93
39 99
39 102
39 114
39 119
39 151
39 163
39 173
39 190
39 193
39 198
39 211
39 222
39 223
39 236
39 238
39 276
39 282
39 287
39 317
39 318
39 331
39 349
40 65
40 78
40 79
40 84
40 90
40 93
40 99
40 102
40 114
40 119
40 151
40 163
40 173
40 190
40 193
40 198
40 202
40 211
40 222
40 223
40 236
40 238
40 276
40 282
40 287
40 317
40 318
40 331
40 349
41 65
41 78
41 79
41 84
41 90
41 93
41 99
41 102
41 114
41 119
41 151
41 163
41 173
41 190
41 193
41 198
41 202
41 211
41 222
41 223
41 236
41 238
41 276
41 282
41 287
41 317
41 318
41 331
41 349
42 65
42 78
42 79
42 84
42 90
42 93
42 99
42 102
42 114
42 119
42 151
42 163
42 173
42 190
42 193
42 198
42 202
42 211
42 222
42 223
42 236
42 238
42 276
42 282
42 287
42 317
42 318
42 331
42 349
43 78
43 79
43 84
43 90
43 93
43 99
43 102
43 114
43 119
43 151
43 173
43 190
43 193
43 198
43 202
43 211
43 222
43 223
43 236
43 238
43 276
43 282
43 287
43 317
43 318
43 331
43 349
44 78
44 79
44 84
44 90
44 93
44 99
44 102
44 114
44 119
44 151
44 173
44 190
44 193
44 198
44 202
44 211
44 222
44 223
44 236
44 238
44 276
44 282
44 287
44 317
44 318
44 331
44 349
45 78
45 79
45 84
45 90
45 93
45 99
45 102
45 114
45 119
45 151
45 173
45 190
45 193
45 198
45 202
45 211
45 222
45 223
45 236
45 238
45 276
45 282
45 287
45 317
45 318
45 331
45 349
46 78
46 79
46 84
46 90
46 93
46 99
46 102
46 114
46 119
46 151
46 173
46 190
46 193
46 198
46 202
46 211
46 222
46 223
46 236
46 238
46 276
46 282
46 287
46 301
46 317
46 318
46 331
46 349
47 63
47 78
47 79
47 84
47 90
47 93
47 99
47 102
47 108
47 114
47 151
47 173
47 190
47 193
47 198
47 211
47 222
47 223
47 236
47 238
47 276
47 282
47 287
47 301
47 317
47 318
47 331
47 349
48 63
48 78
48 79
48 84
48 90
48 93
48 99
48 102
48 108
48 114
48 151
48 173
48 190
48 193
48 198
48 211
48 222
48 223
48 236
48 238
48 276
48 282
48 287
48 301
48 317
48 318
48 331
48 349
49 78
49 79
49 84
49 90
49 99
49 102
49 108
49 114
49 140
49 151
49 173
49 190
49 193
49 198
49 211
49 222
49 223
49 236
49 238
49 276
49 282
49 287
49 301
49 317
49 318
49 331
49 349
50 78
50 79
50 90
50 99
50 102
50 108
50 114
50 140
50 151
50 173
50 190
50 193
50 198
50 211
50 222
50 223
50 236
50 238
50 276
50 282
50 287
50 301
50 317
50 318
50 331
50 349
51 71
51 78
51 90
51 99
51 102
51 108
51 140
51 151
51 173
51 190
51 193
51 198
51 211
51 222
51 223
51 236
51 238
51 282
51 287
51 301
51 317
51 318
51 331
51 349
52 71
52 78
52 90
52 99
52 102
52 105
52 108
52 140
52 151
52 173
52 190
52 193
52 198
52 211
52 222
52 223
52 236
52 238
52 282
52 287
52 301
52 317
52 318
52 331
52 349
53 71
53 78
53 90
53 99
53 102
53 105
53 108
53 140
53 151
53 173
53 190
53 193
53 198
53 211
53 222
53 223
53 236
53 238
53 282
53 287
53 301
53 317
53 318
53 331
53 349
54 73
54 78
54 90
54 99
54 102
54 105
54 108
54 140
54 151
54 173
54 190
54 193
54 198
54 211
54 222
54 223
54 236
54 238
54 282
54 287
54 301
54 317
54 318
54 331
54 336
54 349
55 78
55 90
55 99
55 102
55 105
55 108
55 140
55 151
55 173
55 190
55 198
55 211
55 222
55 223
55 236
55 238
55 282
55 287
55 301
55 317
55 318
55 331
55 336
55 349
56 78
56 90
56 99
56 102
56 105
56 108
56 140
56 151
56 173
56 190
56 198
56 211
56 222
56 223
56 236
56 238
56 282
56 287
56 301
56 317
56 318
56 331
56 336
56 349
57 78
57 90
57 99
57 102
57 105
57 108
57 140
57 151
57 173
57 190
57 198
57 211
57 222
57 223
57 236
57 238
57 282
57 287
57 301
57 317
57 318
57 331
57 336
57 349
58 78
58 86
58 88
58 90
58 99
58 102
58 105
58 151
58 166
58 173
58 190
58 194
58 198
58 211
58 222
58 223
58 236
58 238
58 263
58 270
58 282
58 287
58 301
58 317
58 318
58 336
58 349
59 78
59 86
59 88
59 90
59 91
59 99
59 102
59 105
59 151
59 166
59 169
59 173
59 190
59 194
59 198
59 211
59 222
59 223
59 236
59 238
59 263
59 270
59 282
59 287
59 301
59 317
59 318
59 336
59 349
60 78
60 86
60 88
60 90
60 91
60 99
60 102
60 151
60 166
60 169
60 173
60 190
60 194
60 198
60 211
60 222
60 223
60 236
60 238
60 263
60 270
60 282
60 287
60 293
60 301
60 317
60 318
60 321
60 336
60 349
61 78
61 86
61 88
61 90
61 91
61 99
61 102
61 151
61 166
61 169
61 173
61 190
61 194
61 198
61 211
61 222
61 223
61 236
61 238
61 263
61 270
61 282
61 287
61 293
61 301
61 317
61 318
61 321
61 336
61 349
62 78
62 86
62 88
62 90
62 91
62 99
62 102
62 136
62 151
62 166
62 173
62 190
62 194
62 198
62 211
62 222
62 223
62 236
62 238
62 263
62 270
62 282
62 287
62 293
62 301
62 317
62 318
62 321
62 336
62 349
63 66
63 86
63 88
63 91
63 99
63 102
63 136
63 151
63 166
63 173
63 185
63 190
63 194
63 198
63 211
63 223
63 236
63 238
63 263
63 270
63 282
63 287
63 293
63 317
63 318
63 321
63 336
63 349
64 66
64 86
64 88
64 91
64 99
64 102
64 136
64 151
64 166
64 173
64 185
64 190
64 194
64 198
64 211
64 223
64 236
64 238
64 263
64 270
64 282
64 287
64 293
64 317
64 318
64 321
64 336
64 349
65 86
65 88
65 91
65 99
65 102
65 136
65 151
65 152
65 166
65 173
65 185
65 190
65 194
65 198
65 223
65 236
65 263
65 270
65 282
65 284
65 287
65 293
65 315
65 317
65 318
65 321
65 336
65 349
66 86
66 88
66 91
66 99
66 102
66 151
66 152
66 166
66 173
66 185
66 190
66 194
66 223
66 236
66 263
66 270
66 282
66 284
66 287
66 293
66 315
66 317
66 318
66 321
66 336
66 349
67 86
67 91
67 99
67 151
67 152
67 166
67 173
67 185
67 190
67 194
67 217
67 223
67 236
67 263
67 270
67 282
67 284
67 293
67 315
67 317
67 318
67 321
67 336
67 349
68 86
68 91
68 99
68 151
68 152
68 166
68 173
68 185
68 190
68 194
68 217
68 223
68 236
68 263
68 270
68 282
68 284
68 293
68 315
68 317
68 318
68 321
68 336
68 349
69 81
69 86
69 91
69 144
69 151
69 152
69 166
69 173
69 185
69 190
69 194
69 217
69 223
69 236
69 263
69 270
69 282
69 284
69 293
69 315
69 317
69 318
69 321
69 336
69 349
70 81
70 86
70 91
70 144
70 151
70 152
70 166
70 173
70 185
70 190
70 194
70 217
70 223
70 236
70 263
70 270
70 282
70 284
70 293
70 315
70 317
70 318
70 321
70 336
70 349
71 81
71 85
71 86
71 91
71 144
71 151
71 152
71 166
71 173
71 185
71 190
71 194
71 217
71 223
71 236
71 259
71 263
71 270
71 282
71 284
71 293
71 315
71 317
71 318
71 321
71 336
71 349
72 81
72 86
72 91
72 144
72 151
72 152
72 166
72 173
72 185
72 190
72 194
72 217
72 223
72 236
72 259
72 263
72 270
72 282
72 284
72 293
72 315
72 317
72 318
72 321
72 336
72 349
73 81
73 86
73 89
73 91
73 106
73 120
73 144
73 152
73 166
73 173
73 181
73 184
73 185
73 190
73 194
73 217
73 223
73 236
73 259
73 263
73 270
73 282
73 284
73 293
73 299
73 313
73 315
73 318
73 336
73 339
73 349
74 80
74 81
74 86
74 89
74 91
74 106
74 120
74 144
74 166
74 173
74 181
74 184
74 185
74 190
74 194
74 196
74 217
74 223
74 236
74 259
74 263
74 270
74 282
74 284
74 293
74 297
74 299
74 313
74 315
74 318
74 336
74 339
74 349
75 80
75 81
75 86
75 89
75 91
75 106
75 117
75 118
75 120
75 128
75 144
75 166
75 173
75 181
75 184
75 185
75 190
75 194
75 196
75 203
75 204
75 217
75 223
75 226
75 236
75 237
75 259
75 263
75 270
75 282
75 284
75 293
75 297
75 299
75 313
75 315
75 336
75 339
75 349
76 80
76 81
76 89
76 91
76 100
76 106
76 117
76 118
76 120
76 123
76 128
76 144
76 166
76 173
76 181
76 184
76 185
76 190
76 194
76 196
76 203
76 204
76 217
76 223
76 226
76 236
76 237
76 259
76 263
76 270
76 282
76 284
76 293
76 297
76 299
76 313
76 315
76 336
76 339
76 349
77 81
77 89
77 91
77 100
77 117
77 123
77 128
77 144
77 173
77 181
77 184
77 185
77 190
77 194
77 196
77 203
77 204
77 217
77 223
77 236
77 237
77 259
77 261
77 263
77 270
77 282
77 284
77 293
77 297
77 299
77 306
77 313
77 315
77 336
77 339
77 349
78 81
78 89
78 91
78 100
78 117
78 123
78 128
78 144
78 173
78 181
78 184
78 185
78 190
78 194
78 196
78 203
78 204
78 217
78 223
78 236
78 237
78 259
78 261
78 263
78 270
78 282
78 284
78 293
78 297
78 299
78 306
78 313
78 336
78 339
78 349
79 81
79 89
79 91
79 100
79 117
79 123
79 128
79 144
79 173
79 181
79 184
79 185
79 190
79 194
79 196
79 203
79 204
79 217
79 223
79 237
79 261
79 263
79 270
79 282
79 284
79 293
79 297
79 298
79 299
79 306
79 310
79 313
79 336
79 339
79 349
80 81
80 89
80 91
80 100
80 112
80 117
80 123
80 128
80 173
80 181
80 184
80 185
80 190
80 194
80 203
80 204
80 217
80 223
80 235
80 237
80 261
80 263
80 270
80 282
80 284
80 293
80 297
80 298
80 299
80 306
80 310
80 313
80 349
81 89
81 91
81 117
81 123
81 128
81 129
81 173
81 181
81 184
81 185
81 194
81 203
81 204
81 217
81 223
81 235
81 237
81 261
81 263
81 270
81 280
81 282
81 284
81 293
81 297
81 298
81 306
81 310
81 312
81 313
81 349
82 89
82 91
82 117
82 123
82 128
82 129
82 173
82 181
82 184
82 185
82 194
82 203
82 204
82 217
82 223
82 235
82 237
82 261
82 263
82 270
82 280
82 282
82 284
82 293
82 297
82 298
82 306
82 310
82 312
82 313
82 349
83 89
83 91
83 117
83 123
83 128
83 129
83 173
83 181
83 184
83 185
83 194
83 203
83 204
83 217
83 223
83 235
83 237
83 261
83 263
83 270
83 280
83 282
83 293
83 297
83 298
83 306
83 310
83 312
83 313
83 349
84 89
84 91
84 117
84 123
84 128
84 129
84 173
84 181
84 184
84 185
84 194
84 203
84 204
84 217
84 223
84 235
84 237
84 261
84 263
84 270
84 280
84 282
84 293
84 297
84 298
84 306
84 310
84 312
84 313
84 349
85 89
85 91
85 96
85 117
85 121
85 123
85 128
85 129
85 149
85 173
85 181
85 184
85 185
85 203
85 204
85 217
85 223
85 235
85 261
85 263
85 270
85 280
85 282
85 293
85 297
85 298
85 306
85 310
85 312
85 313
85 349
86 89
86 91
86 96
86 117
86 121
86 123
86 128
86 129
86 149
86 173
86 181
86 184
86 185
86 203
86 204
86 217
86 223
86 235
86 261
86 263
86 270
86 280
86 282
86 293
86 297
86 298
86 306
86 310
86 312
86 313
86 349
87 89
87 91
87 96
87 117
87 121
87 123
87 128
87 129
87 138
87 181
87 184
87 185
87 203
87 204
87 217
87 223
87 235
87 250
87 261
87 263
87 270
87 280
87 293
87 297
87 298
87 306
87 310
87 312
87 313
87 349
88 89
88 91
88 96
88 101
88 116
88 117
88 121
88 123
88 124
88 128
88 129
88 138
88 181
88 184
88 185
88 203
88 204
88 217
88 223
88 235
88 250
88 261
88 263
88 270
88 280
88 293
88 297
88 298
88 306
88 310
88 349
89 89
89 91
89 96
89 101
89 116
89 117
89 121
89 123
89 124
89 129
89 138
89 181
89 184
89 185
89 203
89 204
89 217
89 223
89 250
89 261
89 263
89 270
89 275
89 280
89 293
89 297
89 298
89 306
89 310
89 349
90 89
90 91
90 96
90 101
90 116
90 117
90 121
90 123
90 124
90 129
90 138
90 181
90 184
90 185
90 203
90 204
90 217
90 223
90 250
90 261
90 263
90 270
90 275
90 280
90 293
90 297
90 298
90 306
90 310
91 89
91 91
91 96
91 101
91 116
91 117
91 121
91 123
91 124
91 129
91 138
91 181
91 184
91 185
91 203
91 204
91 217
91 223
91 250
91 261
91 263
91 270
91 275
91 280
91 293
91 297
91 298
91 306
91 310
92 89
92 91
92 96
92 101
92 116
92 121
92 123
92 124
92 129
92 138
92 154
92 167
92 181
92 184
92 185
92 203
92 204
92 207
92 217
92 223
92 250
92 263
92 270
92 275
92 280
92 293
92 297
92 306
92 310
93 89
93 91
93 96
93 101
93 111
93 116
93 121
93 123
93 124
93 129
93 138
93 154
93 167
93 181
93 185
93 203
93 204
93 207
93 217
93 223
93 250
93 263
93 275
93 280
93 293
93 297
93 306
93 310
94 89
94 91
94 96
94 101
94 111
94 116
94 121
94 123
94 124
94 129
94 138
94 154
94 167
94 181
94 185
94 203
94 204
94 207
94 217
94 223
94 250
94 263
94 275
94 280
94 293
94 297
94 306
94 310
95 91
95 101
95 111
95 116
95 121
95 123
95 124
95 133
95 138
95 154
95 167
95 185
95 203
95 204
95 207
95 208
95 217
95 223
95 250
95 263
95 275
95 280
95 293
95 297
95 306
95 310
96 91
96 101
96 111
96 116
96 121
96 123
96 124
96 133
96 138
96 154
96 185
96 203
96 204
96 207
96 208
96 217
96 223
96 250
96 263
96 275
96 280
96 293
96 297
96 306
96 310
97 91
97 101
97 111
97 116
97 121
97 123
97 124
97 133
97 138
97 154
97 158
97 185
97 203
97 204
97 207
97 208
97 217
97 223
97 250
97 263
97 275
97 280
97 293
97 297
97 306
97 310
98 101
98 111
98 116
98 121
98 124
98 133
98 138
98 154
98 158
98 160
98 203
98 204
98 208
98 217
98 223
98 250
98 258
98 263
98 275
98 280
98 293
98 295
98 297
98 306
98 310
98 342
99 101
99 111
99 116
99 121
99 124
99 133
99 138
99 154
99 158
99 160
99 203
99 204
99 208
99 217
99 223
99 250
99 258
99 263
99 275
99 280
99 293
99 295
99 297
99 306
99 310
99 342
100 111
100 121
100 124
100 134
100 138
100 148
100 154
100 158
100 160
100 179
100 203
100 204
100 208
100 217
100 250
100 258
100 263
100 275
100 280
100 293
100 295
100 297
100 300
100 306
100 310
100 326
101 111
101 121
101 124
101 134
101 138
101 148
101 154
101 158
101 159
101 160
101 161
101 179
101 203
101 204
101 208
101 217
101 250
101 258
101 263
101 275
101 280
101 285
101 293
101 295
101 297
101 300
101 306
101 310
101 326
102 111
102 121
102 124
102 134
102 138
102 145
102 148
102 154
102 158
102 159
102 160
102 161
102 179
102 203
102 204
102 208
102 217
102 250
102 258
102 263
102 264
102 275
102 280
102 285
102 293
102 295
102 297
102 300
102 306
102 310
102 326
103 111
103 121
103 124
103 134
103 138
103 145
103 148
103 154
103 158
103 159
103 160
103 161
103 179
103 203
103 204
103 208
103 217
103 250
103 258
103 263
103 264
103 275
103 280
103 285
103 293
103 295
103 297
103 300
103 306
103 310
103 326
104 111
104 121
104 124
104 134
104 138
104 145
104 148
104 154
104 158
104 159
104 160
104 161
104 179
104 192
104 203
104 204
104 208
104 217
104 250
104 258
104 263
104 264
104 275
104 280
104 285
104 293
104 295
104 297
104 300
104 306
104 310
104 326
105 121
105 124
105 134
105 138
105 145
105 154
105 159
105 160
105 179
105 187
105 203
105 204
105 208
105 217
105 250
105 258
105 263
105 264
105 280
105 285
105 293
105 295
105 297
105 310
105 326
106 121
106 124
106 134
106 138
106 145
106 154
106 159
106 160
106 179
106 187
106 203
106 204
106 208
106 217
106 250
106 258
106 263
106 264
106 280
106 285
106 293
106 295
106 297
106 310
106 326
107 121
107 134
107 138
107 145
107 147
107 154
107 159
107 160
107 179
107 187
107 203
107 204
107 208
107 217
107 250
107 258
107 280
107 285
107 293
107 295
107 297
107 310
107 326
107 338
108 121
108 134
108 138
108 145
108 147
108 154
108 159
108 160
108 179
108 187
108 203
108 204
108 208
108 217
108 250
108 258
108 280
108 285
108 293
108 295
108 297
108 310
108 326
108 338
109 145
109 159
109 160
109 165
109 179
109 187
109 203
109 204
109 208
109 217
109 230
109 242
109 247
109 250
109 258
109 280
109 293
109 295
109 297
109 322
109 330
109 346
110 145
110 159
110 160
110 165
110 179
110 187
110 203
110 204
110 208
110 217
110 230
110 242
110 247
110 250
110 258
110 280
110 293
110 295
110 297
110 322
110 330
110 346
111 145
111 159
111 160
111 179
111 187
111 203
111 204
111 208
111 217
111 242
111 247
111 250
111 258
111 280
111 293
111 295
111 297
111 322
111 330
111 346
112 145
112 159
112 160
112 179
112 187
112 203
112 204
112 208
112 217
112 242
112 247
112 250
112 258
112 280
112 293
112 295
112 322
112 330
112 337
112 346
112 348
113 145
113 159
113 187
113 203
113 204
113 208
113 210
113 217
113 242
113 247
113 250
113 258
113 280
113 293
113 295
113 322
113 330
113 337
113 346
113 348
114 145
114 159
114 187
114 203
114 204
114 208
114 210
114 217
114 242
114 247
114 250
114 258
114 269
114 280
114 290
114 293
114 295
114 322
114 330
114 337
114 346
114 348
115 145
115 159
115 187
115 203
115 204
115 208
115 210
115 217
115 242
115 247
115 250
115 258
115 269
115 280
115 290
115 293
115 295
115 322
115 330
115 337
115 346
115 348
116 145
116 159
116 187
116 203
116 204
116 208
116 210
116 217
116 225
116 242
116 247
116 250
116 258
116 269
116 280
116 290
116 293
116 295
116 322
116 330
116 337
116 346
116 348
117 145
117 159
117 177
117 187
117 204
117 208
117 210
117 217
117 225
117 242
117 247
117 250
117 258
117 269
117 280
117 290
117 293
117 322
117 330
117 337
117 346
117 348
118 145
118 159
118 177
118 187
118 195
118 199
118 204
118 208
118 210
118 217
118 225
118 228
118 242
118 247
118 250
118 258
118 269
118 280
118 290
118 293
118 322
118 327
118 330
118 337
118 346
118 348
119 159
119 177
119 187
119 195
119 199
119 204
119 208
119 210
119 225
119 228
119 242
119 247
119 250
119 258
119 269
119 280
119 290
119 293
119 322
119 327
119 330
119 337
119 346
119 348
120 159
120 177
120 187
120 195
120 199
120 204
120 208
120 210
120 225
120 228
120 242
120 247
120 250
120 258
120 269
120 280
120 290
120 293
120 322
120 327
120 330
120 337
120 346
120 348
121 159
121 177
121 186
121 187
121 195
121 199
121 204
121 208
121 210
121 225
121 228
121 242
121 250
121 258
121 269
121 280
121 290
121 293
121 322
121 327
121 330
121 337
121 346
121 348
122 127
122 159
122 177
122 186
122 187
122 195
122 199
122 204
122 208
122 210
122 225
122 228
122 242
122 250
122 258
122 269
122 280
122 290
122 293
122 322
122 327
122 330
122 337
122 346
122 348
123 127
123 159
123 177
123 186
123 187
123 195
123 199
123 204
123 208
123 210
123 225
123 228
123 242
123 250
123 258
123 269
123 280
123 290
123 293
123 322
123 327
123 330
123 333
123 337
123 346
123 348
124 127
124 139
124 142
124 177
124 188
124 195
124 204
124 208
124 210
124 225
124 228
124 242
124 250
124 258
124 269
124 280
124 290
124 293
124 322
124 327
124 330
124 333
124 337
124 346
124 348
125 139
125 142
125 177
125 182
125 188
125 195
125 204
125 208
125 210
125 225
125 228
125 242
125 250
125 258
125 269
125 271
125 280
125 290
125 293
125 322
125 327
125 330
125 333
125 337
125 346
125 348
126 139
126 142
126 157
126 177
126 182
126 188
126 191
126 195
126 204
126 208
126 210
126 225
126 228
126 250
126 258
126 267
126 269
126 271
126 280
126 283
126 290
126 292
126 293
126 322
126 327
126 333
126 337
126 346
126 348
127 139
127 142
127 157
127 177
127 182
127 188
127 191
127 195
127 204
127 208
127 210
127 225
127 228
127 250
127 258
127 267
127 269
127 271
127 280
127 283
127 290
127 292
127 293
127 322
127 327
127 333
127 337
127 346
127 348
128 139
128 142
128 177
128 182
128 188
128 191
128 195
128 204
128 208
128 210
128 221
128 225
128 228
128 250
128 258
128 267
128 269
128 280
128 283
128 290
128 292
128 293
128 322
128 327
128 333
128 337
128 346
128 347
128 348
129 139
129 142
129 155
129 168
129 177
129 182
129 191
129 195
129 204
129 208
129 210
129 221
129 225
129 228
129 250
129 258
129 267
129 269
129 280
129 283
129 290
129 292
129 293
129 322
129 327
129 333
129 337
129 346
129 347
129 348
130 139
130 142
130 155
130 168
130 177
130 182
130 191
130 195
130 204
130 208
130 210
130 221
130 225
130 228
130 250
130 258
130 267
130 269
130 277
130 280
130 283
130 290
130 292
130 293
130 322
130 327
130 333
130 337
130 346
130 347
130 348
131 142
131 155
131 168
131 177
131 191
131 195
131 204
131 208
131 210
131 221
131 225
131 228
131 250
131 258
131 267
131 269
131 277
131 280
131 283
131 290
131 292
131 293
131 322
131 327
131 333
131 337
131 346
131 347
131 348
132 142
132 155
132 168
132 177
132 191
132 195
132 204
132 208
132 210
132 221
132 225
132 228
132 250
132 258
132 267
132 269
132 277
132 280
132 283
132 290
132 292
132 293
132 322
132 327
132 333
132 337
132 346
132 347
132 348
133 142
133 155
133 168
133 177
133 191
133 195
133 201
133 204
133 208
133 210
133 221
133 225
133 228
133 250
133 258
133 266
133 267
133 269
133 277
133 280
133 283
133 290
133 292
133 293
133 322
133 327
133 333
133 337
133 346
133 347
133 348
134 142
134 143
134 146
134 155
134 168
134 191
134 195
134 201
134 204
134 208
134 210
134 218
134 225
134 228
134 250
134 258
134 266
134 267
134 277
134 280
134 283
134 290
134 292
134 293
134 322
134 327
134 333
134 337
134 346
134 347
134 348
135 142
135 143
135 146
135 155
135 168
135 191
135 195
135 201
135 204
135 208
135 210
135 218
135 225
135 228
135 250
135 258
135 266
135 267
135 277
135 280
135 283
135 290
135 292
135 293
135 322
135 327
135 333
135 337
135 346
135 347
135 348
136 142
136 143
136 146
136 155
136 176
136 191
136 195
136 201
136 204
136 208
136 210
136 218
136 225
136 228
136 250
136 258
136 266
136 267
136 277
136 278
136 280
136 283
136 292
136 293
136 322
136 327
136 333
136 337
136 346
136 347
136 348
137 142
137 143
137 146
137 176
137 191
137 195
137 201
137 208
137 210
137 218
137 225
137 228
137 250
137 251
137 258
137 266
137 277
137 278
137 280
137 292
137 293
137 319
137 322
137 327
137 333
137 337
137 346
137 347
137 348
138 142
138 143
138 146
138 176
138 191
138 195
138 201
138 208
138 210
138 218
138 225
138 228
138 250
138 251
138 258
138 266
138 277
138 278
138 280
138 292
138 293
138 319
138 322
138 327
138 333
138 337
138 346
138 347
138 348
139 142
139 143
139 146
139 153
139 170
139 176
139 180
139 189
139 195
139 201
139 210
139 218
139 228
139 250
139 251
139 258
139 265
139 266
139 277
139 278
139 280
139 292
139 293
139 302
139 319
139 327
139 333
139 337
139 346
139 347
139 348
140 142
140 143
140 146
140 150
140 153
140 170
140 176
140 180
140 189
140 195
140 201
140 210
140 218
140 228
140 250
140 251
140 258
140 265
140 266
140 277
140 278
140 280
140 292
140 293
140 302
140 319
140 327
140 333
140 337
140 346
140 347
140 348
141 142
141 143
141 146
141 150
141 153
141 170
141 176
141 180
141 189
141 195
141 201
141 210
141 218
141 228
141 250
141 251
141 258
141 265
141 266
141 277
141 278
141 280
141 292
141 293
141 302
141 319
141 333
141 337
141 346
141 347
141 348
142 142
142 143
142 146
142 150
142 153
142 178
142 180
142 189
142 195
142 200
142 218
142 228
142 232
142 250
142 251
142 265
142 266
142 277
142 278
142 291
142 292
142 293
142 302
142 319
142 333
142 346
142 347
142 348
143 142
143 143
143 146
143 150
143 153
143 178
143 180
143 189
143 195
143 200
143 218
143 228
143 232
143 250
143 251
143 265
143 266
143 277
143 278
143 291
143 292
143 293
143 302
143 319
143 333
143 346
143 347
143 348
144 143
144 146
144 150
144 153
144 178
144 180
144 189
144 195
144 200
144 218
144 228
144 232
144 233
144 250
144 251
144 257
144 265
144 266
144 277
144 278
144 291
144 292
144 293
144 302
144 319
144 333
144 346
144 347
144 348
145 143
145 146
145 150
145 153
145 178
145 180
145 189
145 195
145 200
145 218
145 228
145 232
145 233
145 250
145 254
145 257
145 265
145 266
145 277
145 278
145 291
145 292
145 293
145 302
145 333
145 346
145 347
145 348
146 143
146 146
146 150
146 153
146 178
146 180
146 189
146 195
146 200
146 218
146 228
146 232
146 233
146 250
146 254
146 257
146 265
146 266
146 277
146 278
146 291
146 292
146 293
146 302
146 333
146 346
146 347
146 348
147 143
147 146
147 150
147 153
147 178
147 180
147 189
147 195
147 200
147 218
147 228
147 232
147 233
147 250
147 254
147 257
147 265
147 266
147 277
147 278
147 291
147 292
147 293
147 302
147 333
147 346
147 347
147 348
148 146
148 150
148 153
148 180
148 189
148 200
148 218
148 228
148 232
148 233
148 250
148 254
148 257
148 266
148 277
148 278
148 291
148 292
148 293
148 302
148 333
148 346
148 347
148 348
149 146
149 150
149 153
149 180
149 189
149 200
149 218
149 228
149 232
149 233
149 250
149 254
149 257
149 266
149 277
149 278
149 291
149 292
149 302
149 304
149 333
149 346
149 347
149 348
150 146
150 150
150 153
150 180
150 189
150 200
150 218
150 228
150 232
150 233
150 250
150 254
150 257
150 266
150 277
150 278
150 291
150 292
150 302
150 304
150 333
150 346
150 347
150 348
151 146
151 164
151 180
151 189
151 200
151 220
151 228
151 232
151 233
151 250
151 254
151 260
151 266
151 277
151 291
151 292
151 302
151 304
151 333
151 346
151 348
152 164
152 172
152 180
152 189
152 200
152 219
152 220
152 228
152 232
152 233
152 234
152 254
152 260
152 266
152 277
152 291
152 292
152 302
152 304
152 314
152 324
152 333
152 346
152 348
153 164
153 172
153 180
153 189
153 200
153 219
153 220
153 228
153 232
153 233
153 234
153 260
153 266
153 277
153 291
153 292
153 302
153 304
153 314
153 324
153 333
153 346
153 348
154 164
154 172
154 180
154 189
154 200
154 219
154 220
154 228
154 232
154 233
154 234
154 260
154 266
154 277
154 291
154 292
154 304
154 314
154 324
154 333
154 346
154 348
155 164
155 172
155 189
155 197
155 200
155 219
155 227
155 228
155 232
155 234
155 245
155 260
155 266
155 277
155 291
155 292
155 304
155 314
155 324
155 333
155 346
155 348
156 164
156 172
156 189
156 197
156 200
156 219
156 227
156 228
156 232
156 234
156 245
156 260
156 262
156 266
156 277
156 291
156 292
156 304
156 324
156 333
156 346
156 348
157 164
157 172
157 174
157 189
157 197
157 200
157 219
157 227
157 228
157 232
157 234
157 245
157 260
157 266
157 277
157 291
157 292
157 304
157 324
157 333
157 346
157 348
158 164
158 172
158 174
158 189
158 197
158 200
158 219
158 227
158 228
158 232
158 234
158 245
158 260
158 266
158 277
158 291
158 292
158 304
158 324
158 333
158 346
158 348
159 164
159 172
159 174
159 183
159 189
159 197
159 200
159 205
159 212
159 219
159 227
159 228
159 232
159 234
159 243
159 245
159 260
159 266
159 277
159 289
159 292
159 304
159 324
159 333
159 346
159 348
160 164
160 172
160 174
160 183
160 189
160 197
160 200
160 205
160 212
160 214
160 219
160 227
160 228
160 232
160 234
160 243
160 245
160 260
160 266
160 277
160 289
160 292
160 304
160 324
160 333
160 346
160 348
161 164
161 172
161 174
161 183
161 189
161 197
161 200
161 205
161 212
161 214
161 219
161 227
161 228
161 232
161 234
161 243
161 245
161 260
161 266
161 277
161 289
161 292
161 324
161 333
161 346
161 348
162 164
162 172
162 174
162 183
162 189
162 197
162 200
162 205
162 212
162 214
162 219
162 227
162 228
162 234
162 243
162 245
162 260
162 266
162 277
162 289
162 292
162 324
162 333
162 346
162 348
163 164
163 172
163 174
163 183
163 189
163 197
163 200
163 205
163 212
163 214
163 219
163 227
163 228
163 234
163 243
163 245
163 260
163 266
163 277
163 289
163 292
163 324
163 333
163 346
163 348
164 164
164 172
164 174
164 183
164 189
164 197
164 200
164 205
164 212
164 214
164 219
164 227
164 228
164 234
164 243
164 245
164 260
164 266
164 277
164 289
164 292
164 324
164 333
164 346
164 348
165 164
165 172
165 174
165 183
165 189
165 197
165 200
165 205
165 212
165 214
165 219
165 227
165 228
165 231
165 234
165 239
165 243
165 245
165 260
165 266
165 277
165 289
165 292
165 324
165 333
165 346
165 348
166 164
166 172
166 174
166 183
166 189
166 197
166 200
166 205
166 212
166 214
166 219
166 227
166 228
166 231
166 234
166 239
166 243
166 245
166 260
166 266
166 277
166 289
166 292
166 324
166 333
166 346
166 348
167 164
167 172
167 174
167 183
167 189
167 197
167 200
167 205
167 214
167 219
167 227
167 228
167 231
167 234
167 239
167 243
167 245
167 260
167 266
167 277
167 289
167 292
167 324
167 333
167 346
167 348
168 164
168 172
168 174
168 183
168 189
168 197
168 200
168 205
168 214
168 219
168 228
168 231
168 234
168 239
168 243
168 244
168 245
168 260
168 266
168 277
168 279
168 289
168 292
168 324
168 333
168 348
169 164
169 172
169 174
169 183
169 189
169 197
169 200
169 205
169 214
169 219
169 228
169 231
169 234
169 239
169 243
169 244
169 245
169 260
169 266
169 277
169 279
169 289
169 292
169 324
169 333
169 348
170 164
170 172
170 174
170 183
170 189
170 197
170 200
170 205
170 214
170 219
170 228
170 231
170 234
170 239
170 243
170 244
170 245
170 260
170 266
170 277
170 279
170 289
170 292
170 324
170 333
170 348
171 164
171 172
171 174
171 183
171 189
171 197
171 214
171 228
171 231
171 234
171 239
171 243
171 244
171 245
171 260
171 279
171 292
171 324
171 333
171 348
172 164
172 172
172 174
172 183
172 189
172 197
172 214
172 228
172 231
172 239
172 243
172 244
172 245
172 260
172 279
172 292
172 320
172 324
172 333
172 348
173 164
173 189
173 197
173 209
173 214
173 228
173 231
173 239
173 243
173 244
173 245
173 256
173 260
173 279
173 292
173 311
173 320
173 324
173 333
173 348
174 164
174 189
174 197
174 209
174 214
174 231
174 239
174 243
174 244
174 245
174 256
174 260
174 279
174 292
174 311
174 320
174 324
174 333
174 348
175 164
175 189
175 197
175 209
175 214
175 229
175 231
175 239
175 243
175 244
175 245
175 256
175 260
175 279
175 292
175 311
175 320
175 324
175 333
175 348
176 164
176 189
176 197
176 209
176 214
176 229
176 231
176 239
176 243
176 244
176 245
176 256
176 260
176 279
176 292
176 311
176 320
176 324
176 333
177 197
177 209
177 214
177 229
177 231
177 239
177 243
177 244
177 245
177 260
177 279
177 292
177 311
177 320
177 324
177 333
178 197
178 209
178 214
178 229
178 231
178 239
178 243
178 244
178 245
178 260
178 279
178 292
178 311
178 320
178 324
178 333
179 197
179 209
179 214
179 229
179 231
179 239
179 243
179 244
179 245
179 260
179 279
179 292
179 311
179 320
179 324
179 333
180 197
180 209
180 214
180 224
180 229
180 231
180 239
180 243
180 244
180 245
180 260
180 279
180 292
180 311
180 320
180 324
180 333
181 197
181 209
181 214
181 224
181 229
181 231
181 239
181 243
181 244
181 245
181 260
181 279
181 292
181 311
181 320
181 324
181 333
182 197
182 209
182 214
182 224
182 229
182 231
182 239
182 243
182 244
182 245
182 260
182 279
182 292
182 311
182 320
182 324
182 333
183 197
183 209
183 214
183 224
183 229
183 231
183 239
183 243
183 244
183 245
183 260
183 279
183 292
183 311
183 320
183 324
183 329
183 333
184 197
184 209
184 214
184 224
184 229
184 231
184 239
184 243
184 244
184 245
184 260
184 279
184 292
184 311
184 320
184 324
184 329
184 333
185 197
185 209
185 214
185 224
185 229
185 231
185 239
185 243
185 245
185 260
185 292
185 311
185 320
185 324
185 329
185 333
186 197
186 209
186 214
186 224
186 229
186 231
186 239
186 243
186 245
186 260
186 292
186 311
186 320
186 324
186 329
186 333
187 197
187 209
187 214
187 224
187 229
187 231
187 239
187 243
187 245
187 260
187 274
187 292
187 311
187 320
187 324
187 329
187 333
188 197
188 209
188 214
188 224
188 229
188 231
188 239
188 243
188 245
188 260
188 274
188 292
188 311
188 320
188 324
188 329
188 333
189 197
189 209
189 214
189 224
189 229
189 231
189 239
189 243
189 245
189 260
189 274
189 292
189 311
189 320
189 324
189 329
189 333
190 197
190 209
190 214
190 224
190 229
190 231
190 239
190 243
190 245
190 260
190 274
190 292
190 311
190 320
190 324
190 329
190 333
191 197
191 209
191 214
191 224
191 229
191 231
191 239
191 243
191 245
191 260
191 274
191 292
191 305
191 311
191 320
191 324
191 329
191 333
192 197
192 209
192 214
192 224
192 229
192 231
192 239
192 243
192 245
192 260
192 274
192 292
192 305
192 311
192 320
192 324
192 329
192 333
193 197
193 209
193 214
193 224
193 229
193 231
193 239
193 243
193 245
193 260
193 274
193 292
193 305
193 309
193 311
193 324
193 329
193 333
194 197
194 209
194 214
194 224
194 229
194 231
194 239
194 243
194 245
194 260
194 274
194 292
194 305
194 309
194 311
194 324
194 329
194 333
195 197
195 209
195 243
195 260
195 274
195 292
195 305
195 309
195 311
195 329
195 333
195 340
196 197
196 209
196 243
196 260
196 274
196 288
196 292
196 305
196 309
196 311
196 329
196 333
196 340
197 197
197 209
197 243
197 260
197 274
197 288
197 292
197 309
197 311
197 329
197 333
197 340
198 197
198 209
198 243
198 260
198 274
198 288
198 292
198 309
198 311
198 329
198 333
198 340
199 197
199 209
199 243
199 260
199 274
199 288
199 292
199 309
199 311
199 329
199 333
199 340
200 197
200 209
200 243
200 260
200 274
200 288
200 309
200 311
200 329
200 333
200 340
201 197
201 209
201 243
201 274
201 288
201 309
201 311
201 329
201 333
201 340
202 197
202 209
202 243
202 274
202 288
202 309
202 311
202 329
202 333
202 340
202 344
203 197
203 209
203 241
203 243
203 274
203 288
203 309
203 311
203 329
203 333
203 340
203 344
204 197
204 209
204 241
204 243
204 274
204 288
204 309
204 311
204 329
204 333
204 340
204 344
205 197
205 209
205 241
205 243
205 274
205 288
205 309
205 311
205 329
205 333
205 340
205 344
206 197
206 209
206 241
206 243
206 274
206 288
206 309
206 311
206 329
206 333
206 340
206 344
207 197
207 209
207 241
207 243
207 274
207 288
207 309
207 311
207 329
207 333
207 340
207 344
208 197
208 209
208 241
208 243
208 274
208 288
208 309
208 311
208 329
208 333
208 340
208 344
209 197
209 209
209 241
209 243
209 274
209 288
209 309
209 311
209 329
209 333
209 340
209 344
210 197
210 209
210 241
210 243
210 274
210 288
210 309
210 311
210 329
210 333
210 340
210 344
211 197
211 209
211 241
211 243
211 274
211 288
211 309
211 311
211 329
211 333
211 340
211 344
212 197
212 209
212 241
212 243
212 274
212 288
212 309
212 311
212 329
212 333
212 340
212 344
213 197
213 209
213 241
213 243
213 274
213 288
213 309
213 311
213 329
213 333
213 340
213 344
214 197
214 209
214 241
214 243
214 249
214 274
214 288
214 309
214 311
214 329
214 333
214 340
214 344
215 197
215 209
215 241
215 243
215 249
215 274
215 288
215 309
215 311
215 329
215 333
215 340
215 344
216 197
216 209
216 241
216 243
216 249
216 274
216 288
216 296
216 309
216 311
216 329
216 333
216 340
216 344
217 197
217 209
217 241
217 243
217 249
217 274
217 288
217 296
217 309
217 311
217 329
217 333
217 340
217 344
218 197
218 209
218 241
218 243
218 249
218 274
218 288
218 296
218 309
218 311
218 329
218 333
218 340
218 344
219 197
219 241
219 243
219 249
219 274
219 288
219 296
219 309
219 311
219 329
219 333
219 340
219 344
220 197
220 241
220 243
220 249
220 274
220 288
220 296
220 309
220 311
220 329
220 333
220 340
220 344
221 197
221 241
221 243
221 249
221 288
221 296
221 309
221 311
221 329
221 333
221 340
221 344
222 197
222 241
222 243
222 249
222 288
222 296
222 309
222 311
222 329
222 333
222 340
223 197
223 241
223 243
223 249
223 288
223 296
223 309
223 311
223 329
223 333
223 340
224 197
224 241
224 246
224 249
224 288
224 296
224 309
224 311
224 333
224 340
225 197
225 241
225 246
225 249
225 288
225 296
225 309
225 311
225 333
225 340
226 197
226 241
226 246
226 249
226 288
226 296
226 309
226 311
226 333
226 340
227 197
227 241
227 246
227 249
227 288
227 296
227 309
227 311
227 333
227 340
228 197
228 241
228 246
228 249
228 288
228 296
228 309
228 311
228 333
228 340
229 197
229 241
229 246
229 249
229 288
229 296
229 309
229 311
229 333
229 340
230 197
230 241
230 246
230 249
230 288
230 296
230 309
230 333
230 340
231 197
231 241
231 246
231 252
231 288
231 296
231 309
231 333
231 340
232 197
232 241
232 246
232 252
232 288
232 296
232 308
232 309
232 333
232 340
233 197
233 241
233 246
233 252
233 288
233 296
233 308
233 309
233 333
233 340
234 197
234 241
234 246
234 252
234 288
234 296
234 308
234 309
234 333
234 340
235 197
235 241
235 246
235 252
235 288
235 296
235 308
235 309
235 333
235 340
236 197
236 241
236 246
236 252
236 288
236 296
236 308
236 309
236 333
236 340
237 197
237 241
237 246
237 252
237 288
237 296
237 308
237 309
237 333
237 340
238 197
238 246
238 252
238 288
238 296
238 308
238 309
238 333
238 340
239 197
239 246
239 252
239 288
239 296
239 308
239 309
239 333
239 340
240 197
240 246
240 252
240 288
240 296
240 308
240 309
240 333
240 340
241 197
241 246
241 252
241 288
241 296
241 308
241 309
241 333
241 340
242 197
242 246
242 252
242 288
242 296
242 308
242 309
242 333
242 340
243 197
243 246
243 252
243 288
243 296
243 308
243 309
243 333
243 340
244 197
244 246
244 252
244 288
244 296
244 308
244 309
244 333
244 340
245 246
245 252
245 288
245 296
245 309
245 333
246 246
246 252
246 281
246 288
246 309
246 333
247 246
247 252
247 281
247 288
247 309
247 333
248 252
248 281
248 288
248 309
248 333
249 252
249 281
249 288
249 309
249 333
249 345
250 252
250 281
250 288
250 309
250 333
250 345
251 252
251 281
251 288
251 309
251 333
251 345
252 252
252 281
252 288
252 309
252 333
252 345
253 272
253 281
253 288
253 309
253 341
253 345
254 272
254 281
254 288
254 309
254 341
255 272
255 281
255 288
255 309
255 341
256 272
256 281
256 288
256 309
256 341
257 281
257 288
257 309
257 341
258 288
258 341
259 288
259 341
260 288
260 341
260 343
261 288
261 341
261 343
262 288
262 341
262 343
263 288
263 341
263 343
264 288
264 341
264 343
265 288
265 341
265 343
266 288
266 341
266 343
267 288
267 341
267 343
268 288
268 341
268 343
269 288
269 341
269 343
270 288
270 316
270 335
270 341
270 343
271 288
271 316
271 335
271 341
271 343
272 288
272 316
272 335
272 341
272 343
273 288
273 316
273 335
273 341
273 343
274 288
274 316
274 335
274 341
274 343
275 288
275 316
275 335
275 341
275 343
276 288
276 316
276 335
276 341
276 343
277 288
277 316
277 335
277 341
277 343
278 288
278 316
278 335
278 341
278 343
279 288
279 316
279 335
279 341
279 343
280 286
280 288
280 335
280 341
280 343
281 286
281 288
281 335
281 341
281 343
282 286
282 288
282 335
282 341
282 343
283 286
283 288
283 335
283 341
283 343
284 286
284 288
284 335
284 341
284 343
285 286
285 288
285 335
285 341
285 343
286 286
286 288
286 335
286 341
286 343
287 286
287 288
287 335
287 341
287 343
288 286
288 288
288 335
288 341
288 343
289 286
289 288
289 335
289 341
289 343
290 286
290 288
290 341
290 343
291 286
291 288
291 303
291 341
291 343
292 288
292 303
292 341
292 343
293 288
293 303
293 341
293 343
294 288
294 303
294 341
294 343
295 288
295 303
295 341
295 343
296 288
296 303
296 341
296 343
297 288
297 303
297 341
297 343
298 288
298 303
298 328
298 341
298 343
299 288
299 303
299 323
299 341
299 343
300 288
300 303
300 323
300 341
300 343
301 288
301 303
301 323
301 341
301 343
302 288
302 303
302 323
302 341
302 343
303 303
303 323
303 341
303 343
304 303
304 323
304 341
304 343
305 303
305 323
305 341
305 343
306 303
306 323
306 341
306 343
307 303
307 323
307 341
307 343
308 323
308 341
308 343
309 323
309 341
309 343
310 323
310 343
311 323
311 334
311 343
312 323
312 334
312 343
313 323
313 334
313 343
314 323
314 334
314 343
315 323
315 334
315 343
316 323
316 334
316 343
317 323
317 334
317 343
318 323
318 343
319 323
319 343
320 323
320 343
321 323
321 343
322 323
322 343
323 323
323 343
324 323
324 343
325 323
325 343
326 323
326 343
327 323
327 343
328 323
328 343
329 343
330 343
331 343
332 343
333 343
334 343
335 343
336 343
337 343
338 343
339 343
340 343
341 343
342 343
343 343
344 343
345 343
346 343
347 343
348 343
349 343
