0 1
0 2
0 8
0 36
0 177
1 4
1 8
1 36
1 177
2 4
2 36
2 177
2 264
3 36
3 97
3 177
3 264
4 21
4 35
4 49
4 53
4 97
4 181
4 188
4 264
5 21
5 35
5 49
5 53
5 97
5 181
5 188
5 264
6 9
6 13
6 21
6 25
6 33
6 35
6 49
6 67
6 97
6 117
6 148
6 186
6 188
6 264
6 342
7 9
7 13
7 21
7 25
7 33
7 35
7 49
7 67
7 97
7 117
7 148
7 186
7 188
7 264
7 342
8 9
8 21
8 25
8 33
8 35
8 49
8 67
8 97
8 117
8 148
8 186
8 188
8 215
8 264
8 342
9 21
9 33
9 35
9 48
9 49
9 67
9 97
9 117
9 148
9 186
9 188
9 215
9 258
9 264
9 342
10 12
10 33
10 35
10 47
10 48
10 49
10 97
10 117
10 148
10 186
10 188
10 215
10 258
10 264
10 342
11 12
11 35
11 48
11 49
11 95
11 97
11 117
11 182
11 186
11 188
11 215
11 258
11 264
11 342
12 15
12 46
12 48
12 49
12 95
12 97
12 117
12 182
12 186
12 188
12 215
12 258
12 264
12 342
13 20
13 22
13 34
13 37
13 46
13 48
13 49
13 78
13 95
13 97
13 117
13 182
13 186
13 188
13 215
13 258
13 264
13 317
13 340
13 342
14 19
14 20
14 22
14 34
14 46
14 48
14 49
14 78
14 95
14 97
14 117
14 182
14 186
14 188
14 215
14 258
14 264
14 317
14 340
15 19
15 22
15 34
15 46
15 48
15 49
15 78
15 95
15 97
15 117
15 182
15 186
15 188
15 215
15 258
15 264
15 317
15 340
16 19
16 22
16 34
16 46
16 48
16 49
16 78
16 95
16 97
16 117
16 182
16 186
16 188
16 215
16 258
16 264
16 317
16 340
17 22
17 34
17 48
17 49
17 70
17 78
17 97
17 117
17 176
17 182
17 186
17 188
17 215
17 258
17 264
17 317
17 331
17 340
18 22
18 34
18 48
18 49
18 70
18 78
18 97
18 117
18 176
18 182
18 186
18 188
18 215
18 258
18 264
18 317
18 331
18 340
19 26
19 48
19 70
19 78
19 97
19 106
19 117
19 176
19 182
19 186
19 188
19 215
19 258
19 264
19 277
19 317
19 331
20 26
20 48
20 70
20 78
20 97
20 106
20 117
20 176
20 182
20 186
20 188
20 215
20 258
20 264
20 277
20 317
20 331
21 27
21 63
21 70
21 78
21 85
21 97
21 100
21 106
21 117
21 123
21 132
21 161
21 182
21 186
21 188
21 190
21 215
21 254
21 264
21 277
21 317
21 331
22 23
22 29
22 30
22 40
22 42
22 43
22 70
22 75
22 78
22 85
22 97
22 100
22 117
22 161
22 182
22 186
22 188
22 190
22 241
22 264
22 277
22 331
23 29
23 30
23 32
23 42
23 43
23 64
23 69
23 70
23 75
23 78
23 85
23 97
23 100
23 117
23 127
23 161
23 182
23 186
23 188
23 190
23 231
23 241
23 264
23 277
23 331
24 30
24 32
24 39
24 42
24 43
24 60
24 64
24 68
24 69
24 70
24 75
24 78
24 85
24 97
24 100
24 117
24 127
24 161
24 182
24 188
24 190
24 201
24 231
24 235
24 241
24 264
24 277
24 312
24 313
24 331
25 32
25 39
25 42
25 43
25 60
25 64
25 68
25 69
25 70
25 75
25 78
25 85
25 97
25 100
25 117
25 127
25 161
25 182
25 188
25 190
25 201
25 231
25 235
25 241
25 264
25 277
25 312
25 313
25 331
26 32
26 39
26 42
26 43
26 60
26 64
26 68
26 69
26 70
26 75
26 78
26 85
26 97
26 100
26 117
26 127
26 161
26 182
26 190
26 201
26 231
26 235
26 241
26 264
26 277
26 312
26 313
26 331
27 32
27 39
27 42
27 43
27 60
27 64
27 68
27 69
27 70
27 75
27 78
27 85
27 97
27 100
27 101
27 117
27 127
27 161
27 182
27 190
27 201
27 231
27 235
27 241
27 264
27 277
27 312
27 313
27 331
28 32
28 39
28 42
28 43
28 60
28 64
28 68
28 69
28 70
28 73
28 80
28 85
28 97
28 100
28 101
28 117
28 127
28 161
28 182
28 190
28 201
28 231
28 235
28 241
28 264
28 265
28 277
28 312
28 313
28 331
29 32
29 39
29 42
29 43
29 60
29 64
29 68
29 69
29 70
29 73
29 80
29 85
29 97
29 100
29 101
29 109
29 117
29 122
29 127
29 161
29 182
29 190
29 201
29 231
29 235
29 241
29 264
29 265
29 277
29 312
29 313
29 331
30 31
30 39
30 43
30 64
30 68
30 85
30 100
30 109
30 117
30 122
30 127
30 161
30 182
30 190
30 201
30 230
30 231
30 235
30 241
30 277
30 312
30 313
30 331
31 31
31 39
31 43
31 64
31 68
31 85
31 100
31 109
31 117
31 122
31 127
31 130
31 171
31 182
31 190
31 201
31 230
31 231
31 235
31 241
31 312
31 313
31 331
32 31
32 39
32 43
32 50
32 64
32 68
32 85
32 100
32 109
32 117
32 122
32 127
32 130
32 134
32 171
32 182
32 190
32 201
32 230
32 231
32 235
32 241
32 312
32 313
32 331
33 39
33 43
33 50
33 64
33 68
33 85
33 100
33 109
33 117
33 122
33 127
33 130
33 134
33 171
33 182
33 190
33 201
33 230
33 231
33 235
33 241
33 312
33 313
33 331
34 39
34 43
34 50
34 52
34 64
34 68
34 85
34 100
34 109
34 117
34 122
34 127
34 130
34 134
34 171
34 182
34 190
34 201
34 230
34 231
34 235
34 241
34 244
34 312
34 313
34 331
35 38
35 43
35 50
35 52
35 68
35 85
35 100
35 109
35 110
35 117
35 122
35 127
35 130
35 134
35 171
35 182
35 190
35 225
35 231
35 235
35 241
35 244
35 312
35 313
35 331
36 38
36 50
36 52
36 55
36 68
36 85
36 100
36 109
36 110
36 117
36 122
36 127
36 130
36 134
36 171
36 182
36 190
36 225
36 231
36 235
36 241
36 244
36 312
36 313
36 331
37 38
37 41
37 44
37 52
37 55
37 68
37 72
37 85
37 100
37 109
37 110
37 117
37 122
37 127
37 130
37 134
37 171
37 182
37 190
37 225
37 231
37 235
37 241
37 244
37 312
37 313
37 331
38 41
38 44
38 52
38 65
38 68
38 72
38 85
38 100
38 110
38 120
38 122
38 125
38 130
38 154
38 171
38 190
38 225
38 231
38 235
38 241
38 244
38 302
38 311
38 312
38 313
38 318
38 331
38 332
39 41
39 44
39 52
39 65
39 68
39 72
39 85
39 100
39 110
39 120
39 122
39 125
39 130
39 154
39 171
39 190
39 225
39 231
39 235
39 241
39 244
39 302
39 311
39 312
39 313
39 318
39 331
39 332
40 44
40 52
40 56
40 65
40 72
40 85
40 100
40 110
40 120
40 122
40 130
40 133
40 154
40 171
40 190
40 225
40 231
40 235
40 241
40 244
40 252
40 302
40 311
40 312
40 313
40 318
40 331
40 332
41 44
41 52
41 56
41 59
41 65
41 72
41 85
41 100
41 110
41 120
41 122
41 130
41 133
41 154
41 171
41 190
41 225
41 231
41 233
41 235
41 241
41 244
41 252
41 302
41 311
41 312
41 313
41 318
41 331
41 332
42 44
42 45
42 51
42 56
42 59
42 72
42 85
42 100
42 110
42 120
42 122
42 130
42 133
42 154
42 171
42 190
42 225
42 231
42 233
42 235
42 244
42 252
42 311
42 312
42 313
42 318
42 331
42 332
43 44
43 45
43 51
43 56
43 59
43 66
43 72
43 85
43 100
43 103
43 110
43 120
43 122
43 130
43 133
43 154
43 171
43 190
43 207
43 225
43 231
43 233
43 235
43 244
43 252
43 311
43 312
43 313
43 318
43 331
43 332
44 44
44 45
44 51
44 56
44 59
44 66
44 72
44 85
44 100
44 103
44 110
44 120
44 122
44 130
44 133
44 151
44 154
44 171
44 190
44 207
44 225
44 231
44 233
44 235
44 244
44 252
44 281
44 311
44 312
44 313
44 318
44 331
44 332
45 51
45 54
45 59
45 61
45 66
45 72
45 85
45 87
45 88
45 100
45 103
45 110
45 115
45 120
45 122
45 126
45 151
45 154
45 171
45 190
45 207
45 218
45 225
45 231
45 233
45 235
45 244
45 252
45 281
45 311
45 312
45 313
45 318
45 331
45 332
46 51
46 54
46 59
46 61
46 66
46 72
46 85
46 87
46 88
46 100
46 102
46 103
46 110
46 115
46 120
46 122
46 126
46 151
46 154
46 171
46 190
46 207
46 218
46 225
46 231
46 233
46 235
46 244
46 252
46 281
46 311
46 312
46 313
46 318
46 331
46 332
47 51
47 54
47 59
47 61
47 66
47 72
47 85
47 88
47 100
47 102
47 110
47 115
47 120
47 122
47 126
47 151
47 154
47 171
47 183
47 190
47 207
47 212
47 218
47 225
47 227
47 231
47 235
47 244
47 252
47 281
47 311
47 312
47 313
47 318
47 331
47 332
48 51
48 54
48 57
48 61
48 66
48 72
48 76
48 85
48 88
48 100
48 102
48 105
48 110
48 115
48 119
48 120
48 122
48 126
48 151
48 154
48 167
48 171
48 183
48 190
48 207
48 212
48 214
48 218
48 225
48 227
48 231
48 235
48 244
48 252
48 311
48 312
48 313
48 318
48 331
48 332
49 51
49 54
49 61
49 66
49 72
49 76
49 85
49 88
49 100
49 102
49 105
49 110
49 114
49 115
49 119
49 120
49 122
49 126
49 154
49 167
49 171
49 183
49 190
49 207
49 212
49 214
49 218
49 225
49 227
49 231
49 235
49 244
49 252
49 309
49 311
49 312
49 318
49 331
49 332
50 51
50 54
50 61
50 66
50 72
50 76
50 85
50 88
50 100
50 102
50 105
50 110
50 114
50 115
50 119
50 120
50 122
50 126
50 154
50 167
50 171
50 183
50 190
50 207
50 212
50 214
50 218
50 225
50 227
50 231
50 244
50 252
50 309
50 311
50 312
50 318
50 331
50 332
51 51
51 54
51 61
51 66
51 72
51 76
51 85
51 88
51 100
51 102
51 105
51 110
51 114
51 115
51 119
51 120
51 122
51 126
51 154
51 167
51 171
51 183
51 190
51 207
51 212
51 214
51 218
51 225
51 227
51 231
51 244
51 252
51 309
51 311
51 312
51 318
51 331
51 332
52 51
52 61
52 66
52 76
52 79
52 88
52 100
52 102
52 105
52 107
52 110
52 115
52 120
52 126
52 139
52 154
52 167
52 171
52 185
52 190
52 196
52 207
52 212
52 213
52 214
52 218
52 225
52 231
52 244
52 252
52 266
52 309
52 311
52 312
52 318
52 331
52 332
52 337
53 51
53 61
53 66
53 76
53 79
53 88
53 100
53 102
53 105
53 107
53 110
53 115
53 120
53 126
53 139
53 154
53 171
53 185
53 190
53 196
53 212
53 213
53 214
53 218
53 225
53 231
53 244
53 252
53 266
53 309
53 311
53 312
53 318
53 331
53 332
53 337
54 51
54 61
54 66
54 76
54 79
54 88
54 100
54 102
54 105
54 107
54 110
54 115
54 120
54 126
54 139
54 154
54 171
54 185
54 190
54 196
54 212
54 213
54 214
54 218
54 225
54 231
54 244
54 252
54 266
54 309
54 311
54 318
54 331
54 332
54 337
55 51
55 61
55 66
55 76
55 79
55 88
55 100
55 102
55 105
55 107
55 110
55 115
55 120
55 126
55 139
55 154
55 171
55 185
55 190
55 196
55 212
55 213
55 214
55 218
55 225
55 231
55 244
55 252
55 266
55 309
55 311
55 318
55 331
55 332
55 337
56 51
56 61
56 66
56 76
56 79
56 88
56 100
56 102
56 105
56 107
56 110
56 115
56 120
56 126
56 139
56 171
56 185
56 190
56 196
56 212
56 213
56 214
56 218
56 225
56 231
56 244
56 252
56 266
56 309
56 311
56 318
56 331
56 332
56 337
57 51
57 61
57 66
57 76
57 79
57 81
57 88
57 100
57 102
57 105
57 107
57 110
57 115
57 120
57 126
57 139
57 156
57 171
57 185
57 190
57 196
57 212
57 213
57 214
57 218
57 225
57 231
57 244
57 252
57 266
57 309
57 311
57 318
57 331
57 332
57 337
58 51
58 61
58 66
58 81
58 88
58 96
58 105
58 107
58 110
58 115
58 120
58 139
58 156
58 185
58 190
58 196
58 200
58 212
58 213
58 214
58 218
58 225
58 231
58 244
58 252
58 309
58 311
58 318
58 331
58 332
59 51
59 61
59 62
59 66
59 88
59 96
59 105
59 107
59 110
59 115
59 120
59 139
59 156
59 190
59 196
59 200
59 212
59 213
59 214
59 218
59 225
59 231
59 244
59 252
59 309
59 311
59 318
59 331
59 332
60 61
60 66
60 96
60 105
60 110
60 115
60 120
60 136
60 139
60 156
60 190
60 196
60 200
60 212
60 213
60 214
60 218
60 225
60 231
60 244
60 252
60 257
60 275
60 309
60 311
60 318
60 331
60 332
61 61
61 66
61 96
61 105
61 110
61 115
61 120
61 136
61 139
61 156
61 190
61 196
61 200
61 212
61 213
61 214
61 218
61 225
61 231
61 244
61 252
61 257
61 275
61 309
61 311
61 318
61 331
61 332
62 66
62 77
62 94
62 96
62 105
62 110
62 115
62 120
62 136
62 137
62 139
62 156
62 190
62 196
62 200
62 213
62 214
62 218
62 225
62 231
62 244
62 252
62 257
62 275
62 309
62 311
62 318
62 331
62 332
63 66
63 77
63 94
63 96
63 110
63 115
63 120
63 136
63 137
63 139
63 156
63 190
63 196
63 200
63 213
63 214
63 218
63 225
63 231
63 244
63 252
63 257
63 275
63 309
63 311
63 318
63 331
63 332
64 66
64 77
64 94
64 96
64 110
64 115
64 120
64 136
64 137
64 139
64 156
64 190
64 196
64 200
64 213
64 214
64 218
64 225
64 231
64 244
64 252
64 257
64 275
64 309
64 311
64 318
64 331
64 332
65 66
65 77
65 94
65 96
65 110
65 115
65 120
65 136
65 137
65 139
65 156
65 190
65 196
65 200
65 213
65 214
65 218
65 225
65 231
65 244
65 252
65 257
65 275
65 309
65 311
65 318
65 331
65 332
66 66
66 77
66 94
66 96
66 110
66 115
66 120
66 136
66 137
66 139
66 156
66 190
66 196
66 200
66 213
66 214
66 218
66 225
66 231
66 244
66 252
66 257
66 275
66 309
66 311
66 318
66 331
66 332
67 77
67 94
67 96
67 110
67 120
67 136
67 137
67 139
67 156
67 170
67 196
67 200
67 213
67 214
67 218
67 225
67 231
67 246
67 247
67 252
67 257
67 275
67 309
67 311
67 331
67 332
68 77
68 83
68 94
68 96
68 110
68 120
68 136
68 137
68 139
68 156
68 170
68 196
68 200
68 213
68 214
68 218
68 225
68 231
68 246
68 247
68 252
68 257
68 275
68 309
68 311
68 331
68 332
69 77
69 83
69 94
69 96
69 110
69 120
69 136
69 137
69 139
69 156
69 170
69 196
69 200
69 213
69 214
69 218
69 225
69 231
69 246
69 247
69 252
69 257
69 275
69 309
69 311
69 331
69 332
70 77
70 83
70 94
70 96
70 108
70 110
70 120
70 121
70 136
70 137
70 139
70 156
70 170
70 196
70 200
70 213
70 214
70 218
70 221
70 225
70 231
70 246
70 247
70 252
70 257
70 275
70 309
70 311
70 331
70 332
70 335
71 77
71 83
71 94
71 96
71 108
71 110
71 120
71 121
71 136
71 137
71 139
71 156
71 170
71 196
71 200
71 213
71 214
71 218
71 221
71 225
71 231
71 246
71 247
71 252
71 257
71 275
71 309
71 311
71 323
71 331
71 332
71 335
72 77
72 83
72 94
72 96
72 108
72 110
72 120
72 121
72 136
72 137
72 139
72 156
72 170
72 196
72 200
72 213
72 214
72 218
72 221
72 231
72 246
72 247
72 252
72 253
72 257
72 275
72 309
72 311
72 323
72 331
72 332
72 335
73 77
73 83
73 94
73 96
73 108
73 110
73 120
73 121
73 136
73 137
73 139
73 156
73 170
73 196
73 200
73 213
73 214
73 218
73 221
73 231
73 246
73 247
73 252
73 253
73 257
73 275
73 309
73 311
73 323
73 331
73 332
73 335
74 77
74 83
74 96
74 108
74 110
74 121
74 136
74 139
74 156
74 170
74 196
74 200
74 213
74 214
74 221
74 231
74 246
74 247
74 252
74 253
74 257
74 275
74 288
74 311
74 323
74 331
74 332
74 335
75 77
75 92
75 99
75 110
75 121
75 136
75 139
75 146
75 156
75 157
75 170
75 200
75 213
75 214
75 221
75 242
75 246
75 247
75 248
75 252
75 253
75 257
75 275
75 288
75 323
75 331
75 332
75 335
76 77
76 92
76 99
76 110
76 121
76 136
76 139
76 146
76 156
76 157
76 170
76 200
76 213
76 214
76 221
76 242
76 246
76 247
76 248
76 252
76 253
76 257
76 275
76 288
76 323
76 331
76 332
76 335
77 77
77 92
77 99
77 110
77 121
77 136
77 139
77 146
77 156
77 157
77 170
77 200
77 213
77 214
77 221
77 242
77 246
77 247
77 248
77 252
77 253
77 257
77 275
77 288
77 323
77 331
77 332
77 335
78 77
78 92
78 98
78 99
78 110
78 118
78 121
78 136
78 139
78 140
78 146
78 156
78 157
78 170
78 200
78 213
78 214
78 221
78 242
78 246
78 247
78 248
78 252
78 253
78 257
78 275
78 288
78 323
78 331
78 332
78 335
79 77
79 82
79 92
79 118
79 121
79 136
79 139
79 156
79 157
79 170
79 172
79 173
79 200
79 213
79 242
79 246
79 247
79 252
79 253
79 257
79 288
79 323
79 331
79 332
79 333
79 335
80 82
80 92
80 118
80 121
80 136
80 139
80 157
80 170
80 172
80 173
80 200
80 242
80 246
80 247
80 252
80 253
80 257
80 288
80 323
80 331
80 332
80 333
80 335
81 82
81 84
81 92
81 111
81 118
81 121
81 136
81 170
81 172
81 173
81 200
81 242
81 246
81 247
81 252
81 253
81 257
81 288
81 323
81 331
81 332
81 333
81 335
82 82
82 84
82 92
82 111
82 118
82 121
82 136
82 160
82 170
82 172
82 173
82 200
82 242
82 246
82 247
82 252
82 253
82 257
82 288
82 323
82 331
82 332
82 333
82 335
83 82
83 84
83 91
83 92
83 111
83 118
83 121
83 160
83 170
83 172
83 173
83 200
83 242
83 245
83 246
83 252
83 253
83 257
83 288
83 323
83 325
83 331
83 332
83 333
83 335
84 84
84 89
84 92
84 111
84 112
84 118
84 160
84 170
84 172
84 173
84 200
84 242
84 245
84 246
84 252
84 253
84 257
84 288
84 323
84 325
84 331
84 332
84 333
84 335
84 347
85 84
85 89
85 92
85 111
85 112
85 118
85 160
85 170
85 172
85 173
85 200
85 242
85 245
85 246
85 252
85 253
85 257
85 288
85 323
85 325
85 331
85 332
85 333
85 335
85 347
86 84
86 89
86 92
86 111
86 112
86 118
86 160
86 170
86 172
86 173
86 200
86 242
86 245
86 246
86 252
86 253
86 257
86 288
86 323
86 325
86 331
86 332
86 333
86 335
86 347
87 84
87 89
87 92
87 111
87 112
87 118
87 160
87 170
87 172
87 173
87 200
87 242
87 245
87 246
87 252
87 253
87 257
87 288
87 323
87 325
87 331
87 332
87 333
87 335
87 347
88 84
88 92
88 111
88 112
88 118
88 143
88 160
88 170
88 172
88 173
88 200
88 242
88 246
88 252
88 253
88 257
88 288
88 323
88 325
88 331
88 332
88 333
88 335
88 347
89 93
89 111
89 112
89 118
89 143
89 160
89 170
89 172
89 173
89 200
89 242
89 246
89 252
89 253
89 257
89 288
89 323
89 325
89 331
89 332
89 333
89 335
89 347
90 93
90 111
90 112
90 118
90 143
90 155
90 160
90 170
90 172
90 173
90 200
90 209
90 242
90 246
90 253
90 257
90 288
90 323
90 325
90 331
90 333
90 335
90 347
91 93
91 111
91 112
91 118
91 143
91 155
91 160
91 170
91 172
91 173
91 200
91 209
91 242
91 246
91 253
91 257
91 288
91 323
91 325
91 331
91 333
91 335
91 347
92 93
92 111
92 112
92 118
92 131
92 143
92 152
92 155
92 160
92 170
92 172
92 173
92 198
92 200
92 209
92 237
92 246
92 253
92 257
92 288
92 303
92 323
92 325
92 331
92 333
92 335
92 347
93 93
93 104
93 111
93 112
93 118
93 143
93 152
93 155
93 170
93 172
93 173
93 198
93 200
93 209
93 237
93 246
93 253
93 257
93 288
93 303
93 323
93 325
93 331
93 333
93 335
93 347
94 93
94 104
94 111
94 112
94 118
94 143
94 152
94 155
94 170
94 172
94 173
94 198
94 200
94 209
94 237
94 246
94 253
94 257
94 288
94 303
94 323
94 325
94 331
94 333
94 335
94 347
95 104
95 112
95 143
95 152
95 155
95 170
95 172
95 173
95 198
95 203
95 209
95 237
95 246
95 253
95 257
95 288
95 303
95 324
95 325
95 331
95 333
95 335
95 347
96 104
96 112
96 143
96 152
96 155
96 158
96 170
96 172
96 173
96 174
96 198
96 203
96 209
96 237
96 246
96 253
96 288
96 303
96 324
96 325
96 331
96 333
96 335
96 347
97 112
97 143
97 152
97 155
97 158
97 170
97 172
97 173
97 174
97 198
97 203
97 209
97 237
97 246
97 253
97 288
97 303
97 324
97 325
97 331
97 333
97 335
97 347
98 112
98 143
98 152
98 155
98 158
98 170
98 172
98 173
98 174
98 198
98 203
98 209
98 237
98 246
98 253
98 288
98 303
98 324
98 325
98 331
98 333
98 335
98 347
99 112
99 143
99 152
99 155
99 158
99 170
99 172
99 173
99 174
99 198
99 203
99 209
99 237
99 246
99 253
99 288
99 303
99 324
99 325
99 331
99 333
99 335
99 347
100 112
100 143
100 152
100 155
100 158
100 166
100 170
100 172
100 173
100 174
100 198
100 203
100 209
100 237
100 246
100 253
100 288
100 301
100 303
100 324
100 325
100 331
100 333
100 347
101 112
101 143
101 152
101 155
101 158
101 166
101 170
101 172
101 173
101 174
101 198
101 203
101 209
101 237
101 246
101 253
101 288
101 301
101 303
101 324
101 325
101 331
101 333
101 347
102 112
102 124
102 143
102 152
102 155
102 158
102 166
102 170
102 172
102 173
102 174
102 198
102 203
102 209
102 237
102 246
102 253
102 288
102 301
102 303
102 324
102 325
102 331
102 333
102 347
103 112
103 124
103 143
103 152
103 155
103 158
103 166
103 170
103 172
103 173
103 174
103 198
103 203
103 209
103 211
103 237
103 246
103 253
103 288
103 301
103 303
103 324
103 325
103 331
103 333
103 347
104 112
104 143
104 152
104 158
104 166
104 170
104 172
104 173
104 187
104 198
104 209
104 211
104 246
104 253
104 290
104 301
104 324
104 325
104 331
104 333
104 347
105 112
105 143
105 150
105 152
105 166
105 170
105 172
105 173
105 198
105 209
105 246
105 253
105 301
105 324
105 325
105 331
105 333
105 347
106 112
106 143
106 150
106 152
106 166
106 170
106 172
106 173
106 198
106 209
106 223
106 246
106 253
106 301
106 324
106 325
106 331
106 333
106 347
107 112
107 143
107 150
107 152
107 166
107 170
107 172
107 173
107 198
107 209
107 223
107 246
107 253
107 301
107 324
107 325
107 331
107 333
107 347
108 112
108 143
108 150
108 152
108 159
108 166
108 170
108 172
108 173
108 198
108 209
108 223
108 246
108 253
108 284
108 301
108 324
108 325
108 331
108 333
108 347
109 112
109 143
109 150
109 152
109 159
109 166
109 170
109 172
109 173
109 198
109 209
109 223
109 246
109 253
109 284
109 301
109 324
109 325
109 331
109 333
109 347
110 112
110 143
110 150
110 152
110 159
110 166
110 170
110 172
110 173
110 198
110 209
110 223
110 246
110 253
110 284
110 301
110 324
110 325
110 331
110 333
110 347
111 116
111 143
111 150
111 152
111 159
111 162
111 166
111 172
111 173
111 198
111 209
111 223
111 246
111 251
111 253
111 262
111 284
111 301
111 324
111 325
111 331
111 333
111 347
112 143
112 152
112 159
112 162
112 172
112 173
112 198
112 209
112 223
112 234
112 246
112 251
112 253
112 255
112 262
112 284
112 301
112 324
112 331
112 333
112 347
113 143
113 152
113 159
113 162
113 172
113 173
113 198
113 209
113 223
113 234
113 246
113 251
113 253
113 255
113 262
113 284
113 301
113 324
113 331
113 333
113 347
114 143
114 152
114 159
114 162
114 172
114 173
114 198
114 209
114 223
114 234
114 246
114 251
114 253
114 255
114 262
114 272
114 284
114 301
114 324
114 331
114 333
114 347
115 143
115 152
115 159
115 162
115 172
115 173
115 198
115 209
115 223
115 234
115 246
115 251
115 253
115 255
115 262
115 272
115 284
115 301
115 324
115 331
115 333
115 347
116 135
116 147
116 152
116 162
116 173
116 198
116 209
116 223
116 224
116 234
116 253
116 255
116 256
116 262
116 272
116 284
116 297
116 324
116 333
116 347
117 135
117 147
117 152
117 162
117 173
117 198
117 209
117 223
117 224
117 234
117 253
117 255
117 256
117 262
117 272
117 284
117 297
117 324
117 333
117 347
118 128
118 135
118 147
118 152
118 162
118 173
118 198
118 209
118 223
118 224
118 234
118 253
118 255
118 256
118 262
118 272
118 284
118 297
118 324
118 333
118 347
119 128
119 135
119 147
119 152
119 162
119 173
119 198
119 209
119 223
119 224
119 234
119 253
119 255
119 256
119 284
119 297
119 324
119 333
119 347
120 128
120 135
120 147
120 152
120 162
120 173
120 192
120 198
120 209
120 223
120 224
120 234
120 253
120 256
120 260
120 284
120 297
120 324
120 333
120 347
121 128
121 135
121 147
121 173
121 192
121 198
121 209
121 223
121 234
121 253
121 256
121 260
121 297
121 324
121 333
121 347
122 128
122 135
122 147
122 173
122 175
122 192
122 198
122 209
122 223
122 234
122 253
122 256
122 260
122 297
122 324
122 333
122 347
123 128
123 135
123 147
123 153
123 164
123 173
123 175
123 192
123 198
123 223
123 229
123 234
123 253
123 260
123 297
123 324
123 333
124 128
124 135
124 147
124 153
124 164
124 173
124 175
124 192
124 198
124 223
124 234
124 253
124 260
124 297
124 324
124 333
125 128
125 147
125 153
125 164
125 173
125 175
125 192
125 198
125 208
125 223
125 234
125 253
125 260
125 297
125 324
125 333
126 128
126 147
126 153
126 164
126 173
126 175
126 192
126 198
126 208
126 223
126 234
126 253
126 260
126 297
126 324
126 333
127 128
127 147
127 149
127 153
127 164
127 168
127 173
127 175
127 192
127 198
127 208
127 223
127 234
127 253
127 260
127 297
127 324
127 333
127 341
128 128
128 147
128 149
128 164
128 168
128 173
128 175
128 192
128 198
128 208
128 223
128 234
128 253
128 260
128 324
128 333
128 341
129 128
129 149
129 164
129 168
129 173
129 192
129 198
129 208
129 234
129 260
129 299
129 308
129 324
129 333
129 341
130 128
130 138
130 149
130 164
130 168
130 173
130 192
130 198
130 208
130 234
130 260
130 267
130 299
130 308
130 324
130 333
130 341
131 128
131 138
131 164
131 168
131 173
131 192
131 198
131 204
131 208
131 234
131 239
131 260
131 267
131 299
131 308
131 324
131 333
131 341
132 128
132 138
132 164
132 168
132 173
132 192
132 198
132 204
132 208
132 234
132 239
132 260
132 267
132 299
132 308
132 324
132 333
132 341
133 138
133 164
133 168
133 173
133 192
133 198
133 199
133 204
133 208
133 219
133 234
133 260
133 267
133 299
133 306
133 308
133 324
133 333
133 341
134 138
134 164
134 168
134 173
134 192
134 198
134 199
134 202
134 204
134 208
134 219
134 234
134 260
134 267
134 269
134 299
134 306
134 308
134 324
134 333
134 341
135 138
135 144
135 164
135 168
135 173
135 192
135 198
135 199
135 204
135 208
135 219
135 234
135 260
135 267
135 269
135 299
135 306
135 308
135 324
135 333
135 341
136 138
136 144
136 164
136 168
136 173
136 192
136 198
136 199
136 204
136 208
136 219
136 234
136 260
136 267
136 269
136 299
136 306
136 307
136 308
136 324
136 333
136 341
137 144
137 163
137 164
137 168
137 169
137 192
137 198
137 199
137 204
137 208
137 219
137 234
137 260
137 267
137 269
137 280
137 299
137 305
137 306
137 307
137 308
137 324
137 333
137 341
138 144
138 163
138 164
138 168
138 169
138 192
138 198
138 199
138 204
138 208
138 234
138 267
138 269
138 280
138 299
138 305
138 306
138 307
138 308
138 324
138 333
138 341
139 144
139 163
139 164
139 168
139 169
139 192
139 198
139 199
139 204
139 208
139 234
139 267
139 269
139 280
139 299
139 305
139 306
139 307
139 308
139 324
139 333
139 341
140 144
140 163
140 164
140 168
140 169
140 192
140 199
140 204
140 222
140 234
140 267
140 269
140 280
140 299
140 305
140 306
140 308
140 324
140 333
140 341
140 349
141 144
141 163
141 164
141 165
141 168
141 169
141 192
141 199
141 204
141 222
141 234
141 267
141 269
141 280
141 299
141 305
141 306
141 308
141 324
141 341
141 349
142 144
142 163
142 164
142 165
142 168
142 169
142 192
142 199
142 204
142 222
142 234
142 267
142 269
142 280
142 299
142 305
142 306
142 308
142 324
142 341
142 349
143 144
143 163
143 164
143 165
143 168
143 184
143 192
143 197
143 199
143 222
143 234
143 267
143 269
143 280
143 299
143 305
143 308
143 321
143 324
143 341
143 346
143 349
144 163
144 164
144 165
144 168
144 184
144 192
144 197
144 199
144 222
144 234
144 267
144 269
144 280
144 299
144 305
144 308
144 320
144 321
144 324
144 341
144 346
144 349
145 163
145 164
145 165
145 168
145 184
145 192
145 197
145 199
145 222
145 234
145 267
145 269
145 280
145 299
145 305
145 308
145 320
145 321
145 324
145 341
145 346
145 349
146 163
146 164
146 165
146 168
146 184
146 192
146 197
146 199
146 222
146 234
146 267
146 269
146 280
146 299
146 305
146 308
146 320
146 321
146 324
146 341
146 346
146 349
147 163
147 164
147 165
147 168
147 184
147 192
147 197
147 199
147 222
147 234
147 267
147 269
147 280
147 299
147 305
147 308
147 320
147 321
147 324
147 341
147 346
147 349
148 163
148 164
148 165
148 168
148 184
148 192
148 197
148 199
148 222
148 234
148 267
148 269
148 280
148 299
148 305
148 308
148 320
148 321
148 324
148 341
148 346
148 349
149 163
149 164
149 165
149 168
149 184
149 192
149 197
149 199
149 222
149 234
149 267
149 269
149 280
149 299
149 305
149 308
149 324
149 341
149 346
149 349
150 163
150 164
150 165
150 168
150 184
150 192
150 197
150 199
150 222
150 234
150 267
150 269
150 280
150 299
150 305
150 308
150 324
150 341
150 346
150 349
151 163
151 164
151 165
151 168
151 184
151 192
151 197
151 199
151 222
151 234
151 267
151 269
151 280
151 299
151 305
151 308
151 324
151 341
151 346
151 349
152 163
152 164
152 165
152 168
152 184
152 192
152 197
152 199
152 222
152 234
152 267
152 269
152 280
152 299
152 305
152 308
152 324
152 341
152 346
152 349
153 164
153 165
153 168
153 184
153 192
153 197
153 199
153 222
153 267
153 269
153 280
153 305
153 308
153 324
153 341
153 346
153 349
154 164
154 165
154 168
154 184
154 192
154 197
154 199
154 222
154 267
154 269
154 280
154 287
154 305
154 308
154 324
154 341
154 346
154 349
155 164
155 165
155 168
155 184
155 192
155 197
155 199
155 222
155 267
155 269
155 280
155 287
155 305
155 308
155 324
155 341
155 346
155 349
156 164
156 168
156 184
156 192
156 197
156 243
156 267
156 269
156 280
156 287
156 305
156 308
156 324
156 341
156 346
156 349
157 164
157 168
157 184
157 192
157 197
157 243
157 267
157 269
157 280
157 287
157 305
157 308
157 324
157 341
157 346
157 349
158 164
158 168
158 184
158 192
158 197
158 243
158 267
158 269
158 280
158 287
158 305
158 308
158 324
158 341
158 346
158 349
159 164
159 168
159 184
159 192
159 197
159 243
159 267
159 269
159 280
159 287
159 305
159 308
159 324
159 341
159 346
159 349
160 164
160 168
160 184
160 192
160 197
160 243
160 267
160 269
160 280
160 287
160 305
160 308
160 324
160 341
160 346
160 349
161 164
161 168
161 184
161 192
161 197
161 267
161 269
161 280
161 287
161 305
161 308
161 324
161 341
161 346
161 349
162 164
162 168
162 179
162 184
162 192
162 197
162 267
162 269
162 280
162 287
162 305
162 308
162 324
162 341
162 346
162 349
163 164
163 168
163 179
163 184
163 192
163 197
163 267
163 269
163 280
163 287
163 305
163 308
163 324
163 341
163 346
163 349
164 164
164 168
164 179
164 184
164 192
164 197
164 267
164 269
164 280
164 287
164 305
164 308
164 324
164 341
164 346
164 349
165 164
165 168
165 184
165 192
165 197
165 267
165 269
165 280
165 287
165 300
165 305
165 324
165 346
165 349
166 164
166 184
166 197
166 267
166 269
166 280
166 287
166 296
166 300
166 305
166 324
166 327
166 346
166 349
167 164
167 184
167 193
167 197
167 267
167 269
167 280
167 287
167 296
167 300
167 305
167 324
167 327
167 346
167 349
168 164
168 184
168 197
168 267
168 269
168 280
168 287
168 296
168 300
168 305
168 324
168 327
168 346
168 349
169 164
169 184
169 197
169 267
169 269
169 280
169 287
169 296
169 300
169 305
169 324
169 327
169 346
169 349
170 164
170 184
170 197
170 267
170 269
170 279
170 280
170 287
170 296
170 300
170 305
170 324
170 327
170 346
170 349
171 164
171 184
171 197
171 267
171 269
171 279
171 280
171 287
171 296
171 300
171 305
171 324
171 327
171 346
171 349
172 164
172 184
172 197
172 267
172 269
172 279
172 280
172 287
172 300
172 305
172 324
172 327
172 339
172 349
173 164
173 184
173 197
173 267
173 269
173 279
173 280
173 287
173 300
173 305
173 324
173 327
173 339
173 349
174 164
174 184
174 197
174 267
174 269
174 271
174 279
174 280
174 287
174 300
174 305
174 324
174 327
174 339
174 349
175 184
175 197
175 267
175 269
175 271
175 279
175 280
175 287
175 300
175 305
175 324
175 327
175 339
175 349
176 184
176 197
176 267
176 269
176 271
176 279
176 280
176 287
176 300
176 305
176 324
176 327
176 339
177 197
177 250
177 267
177 269
177 271
177 279
177 280
177 287
177 298
177 300
177 305
177 324
177 327
177 339
178 189
178 197
178 250
178 267
178 269
178 271
178 279
178 280
178 287
178 298
178 300
178 305
178 324
178 339
179 189
179 197
179 250
179 267
179 269
179 271
179 279
179 280
179 287
179 298
179 300
179 305
179 339
180 189
180 197
180 250
180 267
180 269
180 271
180 279
180 287
180 298
180 300
180 305
180 339
181 189
181 195
181 197
181 250
181 269
181 271
181 279
181 287
181 298
181 300
181 305
181 339
182 189
182 195
182 197
182 232
182 250
182 269
182 271
182 279
182 287
182 298
182 300
182 305
182 339
182 344
183 191
183 195
183 197
183 232
183 250
183 269
183 271
183 279
183 287
183 298
183 339
183 344
184 191
184 194
184 195
184 232
184 236
184 250
184 271
184 287
184 298
184 339
184 344
185 191
185 194
185 195
185 232
185 236
185 250
185 271
185 283
185 287
185 298
185 339
186 195
186 206
186 232
186 236
186 250
186 271
186 283
186 287
186 298
186 339
187 195
187 206
187 232
187 250
187 271
187 283
187 287
187 298
187 339
188 206
188 210
188 232
188 250
188 283
188 287
188 293
188 298
188 339
189 206
189 210
189 226
189 232
189 240
189 250
189 283
189 287
189 293
189 298
189 339
190 206
190 210
190 226
190 232
190 240
190 250
190 270
190 283
190 287
190 293
190 298
190 339
191 206
191 210
191 226
191 232
191 240
191 250
191 270
191 283
191 287
191 293
191 298
191 339
192 206
192 210
192 226
192 232
192 240
192 250
192 270
192 283
192 287
192 293
192 298
192 339
193 206
193 210
193 226
193 232
193 240
193 250
193 270
193 283
193 287
193 293
193 298
193 339
194 206
194 210
194 226
194 232
194 240
194 250
194 270
194 283
194 287
194 293
194 294
194 298
194 339
195 206
195 210
195 226
195 232
195 240
195 250
195 270
195 283
195 287
195 293
195 294
195 298
195 339
196 206
196 210
196 226
196 232
196 240
196 250
196 270
196 283
196 287
196 293
196 294
196 298
196 339
197 206
197 210
197 226
197 232
197 240
197 250
197 270
197 283
197 287
197 293
197 294
197 298
197 339
198 206
198 210
198 226
198 232
198 240
198 250
198 270
198 283
198 287
198 293
198 294
198 298
198 339
199 206
199 226
199 232
199 240
199 250
199 270
199 283
199 287
199 293
199 294
199 298
199 339
200 206
200 226
200 232
200 240
200 250
200 270
200 283
200 287
200 293
200 294
200 298
200 339
201 206
201 226
201 232
201 240
201 250
201 270
201 283
201 287
201 293
201 294
201 298
201 339
202 206
202 226
202 232
202 240
202 250
202 270
202 283
202 287
202 293
202 294
202 298
202 339
203 206
203 226
203 232
203 240
203 250
203 270
203 283
203 287
203 293
203 294
203 298
203 339
204 226
204 232
204 240
204 250
204 270
204 283
204 287
204 289
204 293
204 294
204 298
204 339
205 226
205 232
205 240
205 250
205 270
205 283
205 287
205 289
205 293
205 294
205 298
205 339
206 226
206 232
206 240
206 250
206 270
206 283
206 287
206 289
206 293
206 294
206 298
206 339
207 226
207 228
207 232
207 240
207 250
207 270
207 283
207 287
207 289
207 293
207 294
207 298
207 339
208 226
208 228
208 232
208 250
208 283
208 287
208 289
208 293
208 294
208 298
208 339
209 220
209 226
209 228
209 232
209 250
209 283
209 287
209 289
209 293
209 294
209 298
209 339
210 220
210 226
210 228
210 232
210 250
210 287
210 289
210 293
210 294
210 298
210 339
211 220
211 226
211 228
211 250
211 287
211 289
211 293
211 294
211 298
211 339
212 220
212 226
212 228
212 250
212 287
212 289
212 293
212 294
212 298
212 339
213 226
213 228
213 250
213 287
213 289
213 293
213 294
213 298
213 339
214 226
214 228
214 250
214 287
214 289
214 293
214 294
214 298
214 339
215 226
215 228
215 250
215 287
215 289
215 293
215 294
215 298
215 339
216 226
216 228
216 250
216 287
216 289
216 293
216 294
216 298
216 339
217 226
217 228
217 250
217 287
217 289
217 293
217 294
217 298
217 339
218 226
218 228
218 250
218 263
218 287
218 289
218 293
218 294
218 298
218 334
218 339
219 226
219 228
219 250
219 263
219 287
219 289
219 293
219 294
219 298
219 334
219 339
220 226
220 228
220 250
220 263
220 287
220 289
220 293
220 294
220 298
220 334
220 339
221 226
221 228
221 250
221 263
221 287
221 289
221 293
221 294
221 298
221 334
221 339
222 226
222 250
222 263
222 274
222 287
222 289
222 293
222 294
222 295
222 298
222 304
222 339
223 226
223 250
223 263
223 274
223 287
223 289
223 293
223 294
223 295
223 298
223 304
223 339
224 226
224 250
224 259
224 263
224 274
224 289
224 293
224 294
224 295
224 298
224 304
224 339
225 226
225 250
225 259
225 263
225 274
225 289
225 293
225 294
225 295
225 298
225 304
225 339
226 226
226 250
226 259
226 263
226 274
226 289
226 293
226 294
226 295
226 298
226 304
226 339
227 226
227 250
227 259
227 263
227 274
227 289
227 293
227 294
227 295
227 298
227 304
227 339
228 226
228 250
228 259
228 263
228 274
228 289
228 293
228 294
228 298
228 304
228 322
228 339
229 226
229 250
229 259
229 263
229 274
229 289
229 293
229 294
229 298
229 304
229 322
229 339
230 226
230 250
230 259
230 263
230 274
230 289
230 293
230 294
230 298
230 304
230 322
230 339
231 226
231 250
231 259
231 263
231 274
231 289
231 293
231 294
231 298
231 304
231 322
231 339
232 226
232 250
232 263
232 274
232 289
232 293
232 294
232 298
232 304
232 322
233 226
233 250
233 263
233 274
233 289
233 293
233 294
233 298
233 304
233 322
234 226
234 250
234 263
234 274
234 289
234 293
234 294
234 298
234 304
234 322
235 226
235 250
235 263
235 274
235 289
235 293
235 294
235 298
235 304
235 322
236 226
236 250
236 263
236 274
236 293
236 294
236 298
236 304
236 322
237 226
237 250
237 263
237 274
237 293
237 294
237 298
237 304
237 322
238 226
238 250
238 263
238 274
238 293
238 294
238 298
238 304
238 322
239 226
239 250
239 263
239 274
239 293
239 294
239 298
239 304
239 322
239 328
240 226
240 250
240 263
240 274
240 276
240 286
240 291
240 293
240 294
240 298
240 304
240 322
240 328
240 343
241 226
241 250
241 274
241 276
241 286
241 291
241 293
241 294
241 298
241 304
241 322
241 328
241 343
242 226
242 250
242 274
242 276
242 286
242 291
242 293
242 294
242 298
242 304
242 322
242 328
242 343
243 226
243 250
243 261
243 273
243 274
243 276
243 286
243 291
243 293
243 294
243 298
243 304
243 322
243 328
243 343
244 226
244 250
244 261
244 273
244 274
244 276
244 286
244 291
244 293
244 294
244 298
244 304
244 322
244 328
244 343
245 226
245 250
245 261
245 273
245 274
245 276
245 286
245 291
245 293
245 294
245 298
245 304
245 322
245 328
245 343
246 226
246 250
246 261
246 273
246 274
246 276
246 286
246 291
246 293
246 294
246 298
246 322
246 328
246 343
247 226
247 250
247 261
247 273
247 274
247 276
247 286
247 291
247 293
247 294
247 298
247 322
247 328
247 343
248 226
248 250
248 261
248 273
248 274
248 276
248 286
248 291
248 293
248 294
248 298
248 322
248 328
248 343
249 226
249 250
249 261
249 273
249 274
249 276
249 286
249 291
249 293
249 294
249 298
249 322
249 343
250 226
250 250
250 261
250 273
250 274
250 276
250 286
250 291
250 293
250 294
250 298
250 322
250 343
251 226
251 250
251 261
251 273
251 274
251 276
251 285
251 286
251 291
251 293
251 298
251 322
251 343
252 226
252 250
252 261
252 273
252 274
252 276
252 285
252 286
252 291
252 293
252 298
252 322
252 343
253 226
253 250
253 268
253 273
253 274
253 286
253 291
253 293
253 298
253 316
253 322
253 343
254 226
254 250
254 268
254 273
254 274
254 286
254 291
254 293
254 298
254 316
254 322
254 343
255 226
255 250
255 274
255 286
255 291
255 293
255 298
255 316
255 322
255 343
256 226
256 250
256 274
256 286
256 291
256 293
256 298
256 316
256 322
256 343
257 274
257 282
257 286
257 291
257 293
257 298
257 316
257 322
257 343
258 274
258 282
258 286
258 291
258 293
258 298
258 316
258 322
258 343
259 274
259 282
259 286
259 291
259 293
259 298
259 316
259 322
259 338
259 343
260 274
260 282
260 286
260 291
260 293
260 298
260 316
260 322
260 338
260 343
261 274
261 286
261 291
261 293
261 298
261 316
261 322
261 338
261 343
262 274
262 286
262 291
262 293
262 298
262 316
262 322
262 338
262 343
263 274
263 286
263 291
263 293
263 298
263 316
263 322
263 338
263 343
264 274
264 286
264 291
264 293
264 298
264 316
264 322
264 326
264 338
264 343
265 274
265 286
265 291
265 293
265 298
265 316
265 322
265 326
265 338
265 343
266 274
266 278
266 286
266 291
266 293
266 298
266 316
266 322
266 326
266 338
266 343
267 274
267 278
267 291
267 293
267 298
267 316
267 322
267 326
267 338
267 343
268 274
268 278
268 291
268 293
268 298
268 316
268 322
268 326
268 338
268 343
269 274
269 278
269 291
269 293
269 298
269 316
269 322
269 326
269 338
269 343
270 274
270 278
270 291
270 293
270 298
270 316
270 322
270 326
270 338
270 343
271 274
271 278
271 291
271 293
271 298
271 316
271 322
271 326
271 338
271 343
272 274
272 278
272 291
272 293
272 298
272 316
272 322
272 326
272 338
272 343
273 274
273 278
273 291
273 293
273 298
273 316
273 322
273 326
273 338
273 343
274 274
274 278
274 291
274 293
274 316
274 322
274 326
274 338
274 343
275 274
275 278
275 291
275 293
275 310
275 316
275 322
275 326
275 338
275 343
276 274
276 278
276 291
276 293
276 310
276 316
276 322
276 326
276 338
276 343
277 274
277 278
277 291
277 293
277 310
277 316
277 322
277 326
277 338
277 343
278 274
278 278
278 291
278 293
278 310
278 316
278 322
278 326
278 338
278 343
279 274
279 278
279 291
279 292
279 293
279 310
279 316
279 322
279 326
279 338
279 343
280 274
280 278
280 291
280 292
280 293
280 310
280 316
280 322
280 326
280 338
280 343
281 274
281 278
281 291
281 292
281 293
281 310
281 316
281 322
281 326
281 338
281 343
282 274
282 278
282 291
282 292
282 293
282 310
282 316
282 322
282 326
282 338
282 343
283 274
283 278
283 291
283 292
283 293
283 310
283 316
283 322
283 326
283 338
283 343
284 274
284 278
284 291
284 292
284 293
284 310
284 316
284 322
284 326
284 338
284 343
284 348
285 274
285 278
285 291
285 292
285 293
285 310
285 316
285 319
285 326
285 338
285 343
285 348
286 274
286 278
286 291
286 292
286 293
286 310
286 316
286 319
286 326
286 338
286 343
286 348
287 274
287 278
287 291
287 292
287 293
287 310
287 316
287 319
287 326
287 338
287 343
287 348
288 274
288 291
288 292
288 293
288 310
288 316
288 319
288 326
288 338
288 343
288 348
289 274
289 291
289 292
289 293
289 310
289 316
289 319
289 326
289 338
289 343
289 348
290 274
290 291
290 292
290 293
290 310
290 316
290 319
290 326
290 338
290 343
290 348
291 274
291 291
291 292
291 293
291 310
291 316
291 326
291 338
291 343
291 348
292 274
292 291
292 292
292 293
292 310
292 316
292 326
292 338
292 343
292 348
293 291
293 292
293 293
293 310
293 326
293 338
293 343
294 291
294 293
294 310
294 326
294 338
294 343
295 291
295 293
295 310
295 326
295 338
295 343
296 291
296 293
296 310
296 326
296 338
296 343
297 291
297 293
297 310
297 326
297 329
297 338
297 343
298 291
298 293
298 310
298 326
298 329
298 338
298 343
299 291
299 310
299 326
299 329
299 338
299 343
300 291
300 310
300 326
300 329
300 338
300 343
301 291
301 310
301 326
301 329
301 338
301 343
302 291
302 310
302 326
302 329
302 338
302 343
303 291
303 310
303 326
303 329
303 338
303 343
304 291
304 310
304 326
304 329
304 338
304 343
305 291
305 310
305 326
305 329
305 338
305 343
306 291
306 310
306 326
306 329
306 338
306 343
307 291
307 310
307 326
307 329
307 338
307 343
308 291
308 310
308 326
308 329
308 338
308 343
309 291
309 310
309 326
309 329
309 338
309 343
310 291
310 310
310 326
310 329
310 338
310 343
311 291
311 310
311 326
311 329
311 338
311 343
312 310
312 326
312 338
312 343
313 310
313 326
313 338
313 343
314 310
314 326
314 338
315 310
315 326
315 338
316 310
316 326
316 338
317 310
317 326
317 338
318 310
318 326
318 338
319 310
319 326
319 336
319 338
320 310
320 326
320 336
320 338
321 310
321 326
321 336
321 338
322 310
322 326
322 336
322 338
323 326
323 336
323 338
324 326
324 336
324 338
325 336
325 338
326 338
327 338
328 338
329 338
330 338
331 338
332 338
333 338
334 338
335 338
336 338
337 338
338 338
339 338
340 338
341 338
342 338
343 338
344 338
345 338
346 338
347 338
