0 9
0 13
0 18
0 28
0 33
0 41
0 129
0 231
0 285
0 286
1 8
1 13
1 18
1 33
1 41
1 44
1 129
1 231
1 285
1 286
2 8
2 13
2 18
2 33
2 41
2 44
2 129
2 231
2 285
2 286
3 13
3 18
3 33
3 41
3 44
3 129
3 231
3 285
3 286
4 7
4 16
4 18
4 41
4 44
4 46
4 52
4 129
4 149
4 154
4 231
4 285
4 286
5 7
5 41
5 46
5 52
5 129
5 149
5 154
5 231
5 285
5 286
6 31
6 41
6 46
6 52
6 129
6 149
6 154
6 231
6 285
6 286
7 21
7 52
7 54
7 129
7 154
7 171
7 231
7 285
7 286
8 10
8 52
8 54
8 56
8 129
8 154
8 171
8 231
8 285
8 286
9 10
9 52
9 54
9 56
9 129
9 154
9 171
9 231
9 285
9 286
10 10
10 11
10 30
10 40
10 52
10 54
10 56
10 129
10 154
10 171
10 231
10 285
10 286
11 10
11 11
11 24
11 30
11 40
11 52
11 54
11 56
11 129
11 154
11 171
11 231
11 285
11 286
12 10
12 24
12 30
12 40
12 52
12 54
12 56
12 129
12 154
12 171
12 231
12 285
12 286
13 24
13 30
13 40
13 52
13 54
13 56
13 129
13 154
13 171
13 231
13 285
13 286
14 15
14 27
14 30
14 54
14 56
14 129
14 154
14 171
14 215
14 231
14 275
14 285
14 286
14 295
15 54
15 56
15 121
15 154
15 163
15 165
15 171
15 215
15 231
15 275
15 285
15 286
15 295
15 302
16 54
16 56
16 121
16 154
16 163
16 165
16 171
16 215
16 231
16 275
16 285
16 286
16 295
16 302
17 37
17 54
17 63
17 121
17 146
17 154
17 163
17 165
17 171
17 215
17 231
17 275
17 285
17 286
17 295
17 302
18 37
18 54
18 63
18 121
18 146
18 154
18 163
18 165
18 171
18 215
18 231
18 275
18 285
18 286
18 295
18 302
19 23
19 37
19 54
19 63
19 96
19 121
19 146
19 154
19 163
19 165
19 171
19 215
19 231
19 275
19 286
19 295
19 302
20 36
20 54
20 58
20 63
20 88
20 96
20 121
20 146
20 154
20 163
20 165
20 171
20 215
20 231
20 275
20 286
20 295
20 302
21 34
21 36
21 58
21 68
21 88
21 96
21 121
21 146
21 154
21 163
21 165
21 171
21 215
21 231
21 275
21 276
21 286
21 295
21 302
22 36
22 68
22 96
22 136
22 154
22 163
22 165
22 171
22 215
22 231
22 275
22 276
22 286
22 295
22 302
22 328
23 38
23 43
23 68
23 96
23 136
23 154
23 163
23 165
23 171
23 231
23 275
23 276
23 286
23 295
23 302
23 328
23 347
24 26
24 43
24 68
24 69
24 96
24 105
24 136
24 145
24 154
24 161
24 163
24 165
24 171
24 229
24 231
24 275
24 276
24 286
24 295
24 302
24 328
24 347
25 26
25 43
25 68
25 69
25 96
25 105
25 136
25 145
25 154
25 161
25 163
25 165
25 171
25 229
25 231
25 275
25 276
25 286
25 295
25 302
25 328
25 347
26 39
26 43
26 50
26 68
26 69
26 96
26 105
26 108
26 119
26 136
26 145
26 154
26 160
26 161
26 163
26 165
26 171
26 191
26 229
26 237
26 249
26 275
26 276
26 286
26 295
26 302
26 309
26 328
26 347
27 39
27 43
27 68
27 69
27 96
27 105
27 108
27 119
27 145
27 152
27 154
27 160
27 161
27 163
27 165
27 171
27 191
27 229
27 237
27 249
27 276
27 286
27 292
27 295
27 302
27 309
27 328
27 347
28 68
28 69
28 96
28 105
28 108
28 119
28 145
28 152
28 154
28 160
28 161
28 163
28 165
28 171
28 191
28 229
28 237
28 249
28 276
28 286
28 292
28 295
28 302
28 309
28 328
28 347
29 35
29 59
29 68
29 69
29 76
29 92
29 96
29 119
29 145
29 152
29 154
29 161
29 163
29 165
29 171
29 191
29 201
29 229
29 237
29 249
29 276
29 286
29 292
29 295
29 302
29 309
29 328
29 334
29 347
30 35
30 59
30 66
30 68
30 69
30 76
30 92
30 96
30 119
30 145
30 152
30 154
30 161
30 163
30 165
30 171
30 191
30 201
30 229
30 237
30 249
30 276
30 286
30 292
30 295
30 302
30 309
30 328
30 332
30 334
30 347
31 35
31 65
31 66
31 68
31 69
31 84
31 89
31 92
31 96
31 119
31 125
31 132
31 145
31 152
31 154
31 161
31 163
31 165
31 171
31 191
31 197
31 201
31 229
31 237
31 249
31 276
31 286
31 292
31 295
31 309
31 328
31 332
31 334
32 35
32 65
32 66
32 68
32 69
32 83
32 84
32 89
32 92
32 96
32 112
32 119
32 125
32 132
32 145
32 152
32 154
32 161
32 163
32 165
32 171
32 191
32 197
32 201
32 227
32 229
32 237
32 249
32 276
32 286
32 292
32 295
32 309
32 320
32 328
32 332
32 334
33 35
33 65
33 66
33 67
33 68
33 69
33 83
33 84
33 89
33 92
33 96
33 112
33 119
33 125
33 132
33 145
33 152
33 154
33 161
33 162
33 163
33 165
33 171
33 191
33 197
33 201
33 227
33 228
33 229
33 237
33 249
33 272
33 276
33 286
33 292
33 295
33 309
33 320
33 328
33 332
33 334
34 35
34 65
34 66
34 67
34 68
34 69
34 83
34 84
34 89
34 92
34 96
34 112
34 119
34 125
34 132
34 145
34 152
34 154
34 161
34 162
34 163
34 165
34 171
34 191
34 197
34 201
34 227
34 228
34 229
34 237
34 249
34 272
34 276
34 286
34 292
34 295
34 309
34 320
34 328
34 332
34 334
35 65
35 66
35 67
35 68
35 69
35 83
35 89
35 92
35 96
35 112
35 113
35 119
35 125
35 132
35 145
35 152
35 154
35 161
35 162
35 163
35 165
35 171
35 191
35 197
35 201
35 227
35 228
35 229
35 237
35 249
35 272
35 276
35 286
35 292
35 295
35 309
35 320
35 328
35 332
35 334
36 65
36 66
36 67
36 68
36 69
36 83
36 89
36 92
36 96
36 112
36 113
36 119
36 125
36 132
36 145
36 152
36 154
36 161
36 162
36 163
36 165
36 171
36 191
36 197
36 201
36 227
36 228
36 229
36 237
36 249
36 272
36 276
36 286
36 292
36 295
36 309
36 320
36 328
36 332
36 334
37 62
37 65
37 66
37 67
37 68
37 69
37 81
37 83
37 89
37 92
37 96
37 112
37 113
37 125
37 145
37 152
37 154
37 155
37 161
37 162
37 163
37 171
37 191
37 197
37 201
37 227
37 228
37 229
37 237
37 249
37 272
37 276
37 286
37 292
37 295
37 309
37 320
37 328
37 332
37 334
38 55
38 57
38 60
38 62
38 68
38 70
38 81
38 92
38 96
38 112
38 113
38 125
38 145
38 152
38 154
38 155
38 161
38 162
38 163
38 171
38 190
38 191
38 197
38 201
38 227
38 228
38 237
38 265
38 272
38 276
38 292
38 295
38 309
38 314
38 320
38 328
38 332
38 334
39 55
39 57
39 60
39 62
39 68
39 70
39 81
39 92
39 96
39 112
39 113
39 125
39 145
39 152
39 154
39 155
39 161
39 162
39 163
39 171
39 190
39 191
39 197
39 201
39 227
39 228
39 237
39 265
39 272
39 276
39 292
39 295
39 309
39 314
39 320
39 328
39 332
39 334
40 55
40 57
40 60
40 62
40 68
40 80
40 81
40 92
40 96
40 112
40 113
40 125
40 145
40 152
40 154
40 155
40 161
40 162
40 163
40 171
40 190
40 191
40 201
40 222
40 227
40 228
40 237
40 265
40 272
40 276
40 292
40 295
40 309
40 314
40 320
40 328
40 332
40 334
41 47
41 51
41 55
41 60
41 68
41 80
41 92
41 96
41 112
41 113
41 120
41 125
41 145
41 152
41 154
41 155
41 161
41 162
41 163
41 171
41 190
41 191
41 201
41 222
41 227
41 228
41 265
41 272
41 276
41 288
41 295
41 309
41 314
41 320
41 328
41 332
41 334
42 47
42 51
42 55
42 68
42 80
42 92
42 96
42 112
42 125
42 145
42 148
42 152
42 154
42 155
42 161
42 162
42 163
42 171
42 190
42 191
42 201
42 222
42 227
42 228
42 265
42 272
42 276
42 288
42 295
42 314
42 320
42 328
42 332
42 334
43 47
43 51
43 68
43 80
43 92
43 96
43 112
43 125
43 145
43 148
43 152
43 154
43 155
43 161
43 162
43 163
43 171
43 190
43 191
43 201
43 222
43 227
43 228
43 265
43 272
43 276
43 288
43 295
43 314
43 320
43 328
43 332
43 334
44 47
44 51
44 68
44 77
44 80
44 92
44 96
44 112
44 125
44 148
44 152
44 154
44 155
44 162
44 171
44 190
44 191
44 201
44 222
44 227
44 228
44 265
44 272
44 276
44 288
44 295
44 314
44 328
44 332
44 334
45 47
45 51
45 68
45 77
45 80
45 92
45 96
45 112
45 125
45 148
45 152
45 154
45 155
45 162
45 171
45 190
45 191
45 201
45 222
45 227
45 228
45 265
45 272
45 276
45 288
45 295
45 314
45 328
45 332
45 334
46 47
46 51
46 68
46 74
46 77
46 80
46 96
46 125
46 148
46 152
46 154
46 155
46 162
46 171
46 190
46 201
46 222
46 227
46 228
46 265
46 272
46 276
46 288
46 295
46 314
46 328
46 332
46 334
47 47
47 51
47 68
47 74
47 77
47 80
47 85
47 96
47 125
47 148
47 152
47 154
47 155
47 162
47 171
47 190
47 201
47 222
47 227
47 228
47 265
47 272
47 276
47 288
47 295
47 314
47 328
47 332
47 334
48 47
48 51
48 68
48 74
48 77
48 80
48 85
48 96
48 125
48 131
48 148
48 152
48 154
48 155
48 162
48 171
48 190
48 201
48 222
48 227
48 228
48 265
48 272
48 276
48 288
48 295
48 314
48 328
48 332
48 334
49 51
49 53
49 75
49 79
49 110
49 125
49 126
49 131
49 135
49 148
49 152
49 154
49 158
49 162
49 171
49 184
49 189
49 222
49 227
49 228
49 236
49 265
49 272
49 276
49 288
49 295
49 314
49 328
50 51
50 53
50 75
50 79
50 110
50 125
50 126
50 131
50 135
50 148
50 152
50 154
50 158
50 171
50 176
50 184
50 189
50 217
50 222
50 227
50 228
50 236
50 265
50 272
50 276
50 288
50 295
50 298
50 311
50 314
50 321
50 328
51 51
51 53
51 75
51 79
51 110
51 125
51 126
51 135
51 152
51 154
51 158
51 171
51 176
51 184
51 189
51 217
51 222
51 227
51 228
51 236
51 265
51 272
51 276
51 288
51 295
51 298
51 311
51 314
51 321
51 328
52 51
52 53
52 75
52 79
52 110
52 125
52 126
52 135
52 152
52 154
52 158
52 171
52 176
52 184
52 189
52 217
52 222
52 227
52 236
52 265
52 272
52 276
52 288
52 298
52 311
52 314
52 321
52 328
53 51
53 53
53 75
53 79
53 125
53 135
53 152
53 154
53 158
53 171
53 176
53 184
53 189
53 217
53 222
53 227
53 236
53 265
53 272
53 276
53 288
53 298
53 311
53 314
53 321
53 328
54 51
54 53
54 75
54 79
54 125
54 135
54 152
54 154
54 158
54 171
54 176
54 184
54 189
54 217
54 222
54 227
54 236
54 265
54 272
54 276
54 288
54 298
54 311
54 314
54 321
54 328
55 51
55 75
55 79
55 125
55 135
55 152
55 154
55 158
55 171
55 176
55 184
55 189
55 217
55 222
55 227
55 236
55 261
55 265
55 272
55 276
55 288
55 298
55 311
55 314
55 321
55 328
56 51
56 75
56 79
56 125
56 135
56 152
56 154
56 158
56 171
56 176
56 184
56 189
56 217
56 222
56 227
56 236
56 261
56 265
56 272
56 276
56 288
56 298
56 311
56 314
56 321
56 328
57 51
57 75
57 79
57 125
57 135
57 138
57 152
57 154
57 158
57 171
57 176
57 184
57 189
57 217
57 222
57 227
57 236
57 261
57 265
57 272
57 276
57 288
57 298
57 314
57 321
57 328
58 51
58 75
58 79
58 135
58 138
58 152
58 154
58 158
58 171
58 176
58 184
58 217
58 222
58 227
58 236
58 261
58 265
58 272
58 276
58 288
58 298
58 314
58 321
58 328
59 51
59 75
59 79
59 135
59 138
59 141
59 151
59 152
59 154
59 158
59 176
59 177
59 184
59 187
59 200
59 217
59 222
59 227
59 236
59 261
59 265
59 272
59 276
59 288
59 298
59 314
59 321
59 328
59 338
60 51
60 75
60 79
60 97
60 135
60 138
60 141
60 151
60 152
60 154
60 158
60 176
60 177
60 184
60 187
60 200
60 217
60 222
60 227
60 236
60 261
60 265
60 272
60 276
60 288
60 298
60 314
60 321
60 328
60 338
61 51
61 75
61 79
61 90
61 97
61 103
61 127
61 135
61 141
61 151
61 154
61 158
61 176
61 177
61 184
61 187
61 200
61 217
61 222
61 227
61 236
61 261
61 265
61 266
61 272
61 276
61 288
61 298
61 314
61 321
61 328
61 338
62 51
62 75
62 78
62 79
62 90
62 103
62 135
62 141
62 151
62 154
62 158
62 176
62 177
62 184
62 187
62 200
62 217
62 222
62 227
62 236
62 261
62 265
62 266
62 268
62 272
62 276
62 288
62 298
62 314
62 321
62 328
62 338
63 51
63 75
63 78
63 79
63 90
63 99
63 103
63 116
63 135
63 151
63 154
63 176
63 177
63 180
63 184
63 187
63 192
63 200
63 217
63 222
63 236
63 261
63 265
63 266
63 268
63 272
63 276
63 288
63 298
63 314
63 321
63 328
64 78
64 79
64 90
64 98
64 99
64 103
64 116
64 135
64 151
64 176
64 177
64 180
64 184
64 187
64 192
64 200
64 217
64 222
64 236
64 261
64 265
64 266
64 268
64 272
64 276
64 288
64 298
64 314
64 321
64 328
65 72
65 79
65 91
65 98
65 99
65 135
65 151
65 159
65 184
65 192
65 200
65 217
65 222
65 261
65 265
65 266
65 268
65 291
65 298
65 321
65 328
66 79
66 91
66 98
66 99
66 135
66 151
66 159
66 184
66 192
66 200
66 217
66 222
66 261
66 265
66 266
66 268
66 291
66 298
66 321
66 328
67 91
67 98
67 99
67 135
67 151
67 159
67 184
67 192
67 200
67 203
67 221
67 222
67 261
67 265
67 266
67 268
67 282
67 291
67 298
67 321
67 328
68 91
68 98
68 99
68 135
68 151
68 159
68 184
68 192
68 200
68 203
68 221
68 222
68 261
68 265
68 266
68 268
68 282
68 291
68 298
68 321
68 328
68 340
69 91
69 98
69 99
69 135
69 151
69 159
69 184
69 192
69 200
69 203
69 211
69 221
69 222
69 261
69 265
69 266
69 268
69 282
69 291
69 298
69 321
69 328
69 340
70 91
70 98
70 99
70 135
70 151
70 159
70 184
70 192
70 200
70 203
70 211
70 221
70 222
70 261
70 265
70 266
70 268
70 273
70 282
70 291
70 298
70 321
70 328
70 340
71 91
71 98
71 99
71 135
71 151
71 159
71 181
71 184
71 200
71 203
71 211
71 221
71 222
71 261
71 265
71 266
71 268
71 273
71 282
71 291
71 298
71 321
71 328
71 340
72 91
72 98
72 99
72 135
72 151
72 159
72 181
72 184
72 200
72 203
72 211
72 221
72 222
72 223
72 261
72 265
72 266
72 268
72 273
72 282
72 291
72 298
72 321
72 328
72 340
73 91
73 98
73 99
73 135
73 151
73 159
73 181
73 184
73 196
73 200
73 203
73 211
73 222
73 223
73 261
73 265
73 266
73 268
73 273
73 282
73 291
73 298
73 321
73 328
73 340
74 91
74 94
74 99
74 135
74 137
74 151
74 159
74 181
74 184
74 196
74 200
74 203
74 222
74 223
74 261
74 265
74 266
74 268
74 269
74 273
74 282
74 291
74 298
74 308
74 321
74 328
74 340
75 82
75 94
75 100
75 101
75 102
75 122
75 124
75 135
75 137
75 142
75 151
75 159
75 181
75 184
75 196
75 200
75 222
75 223
75 261
75 265
75 268
75 269
75 282
75 291
75 321
75 328
76 94
76 100
76 101
76 102
76 122
76 124
76 135
76 137
76 142
76 151
76 181
76 184
76 196
76 200
76 222
76 223
76 261
76 265
76 268
76 269
76 282
76 291
76 321
76 328
77 94
77 100
77 101
77 122
77 124
77 137
77 142
77 151
77 173
77 181
77 184
77 196
77 200
77 222
77 223
77 261
77 265
77 268
77 282
77 291
77 321
77 328
78 93
78 101
78 104
78 117
78 124
78 137
78 142
78 170
78 173
78 181
78 184
78 200
78 222
78 223
78 261
78 265
78 268
78 282
78 291
78 317
78 321
78 328
79 87
79 93
79 101
79 104
79 117
79 124
79 137
79 142
79 170
79 173
79 181
79 184
79 200
79 222
79 223
79 261
79 265
79 268
79 282
79 291
79 317
79 321
79 328
80 87
80 101
80 117
80 124
80 137
80 142
80 167
80 173
80 181
80 184
80 200
80 222
80 223
80 251
80 261
80 265
80 268
80 282
80 291
80 317
80 321
80 328
81 87
81 101
81 117
81 124
81 137
81 142
81 167
81 173
81 181
81 184
81 200
81 222
81 223
81 251
81 261
81 265
81 268
81 282
81 291
81 317
81 321
81 328
82 87
82 101
82 117
82 124
82 137
82 142
82 167
82 173
82 181
82 184
82 195
82 200
82 222
82 223
82 251
82 261
82 265
82 268
82 282
82 291
82 317
82 321
82 328
83 87
83 101
83 117
83 124
83 137
83 142
83 167
83 173
83 181
83 184
83 195
83 200
83 222
83 223
83 251
83 261
83 265
83 268
83 282
83 291
83 317
83 321
83 328
84 87
84 101
84 117
84 124
84 142
84 167
84 173
84 181
84 184
84 195
84 200
84 222
84 223
84 251
84 261
84 265
84 268
84 282
84 291
84 317
84 321
84 328
85 87
85 101
85 117
85 124
85 142
85 167
85 173
85 181
85 184
85 195
85 200
85 222
85 223
85 251
85 261
85 265
85 268
85 282
85 291
85 317
85 321
85 328
86 95
86 101
86 117
86 124
86 142
86 167
86 173
86 181
86 184
86 195
86 199
86 200
86 222
86 223
86 246
86 261
86 265
86 268
86 291
86 317
87 101
87 117
87 124
87 139
87 142
87 167
87 173
87 181
87 184
87 188
87 195
87 199
87 200
87 222
87 223
87 246
87 261
87 265
87 268
87 291
87 317
87 333
88 117
88 133
88 139
88 142
88 167
88 173
88 181
88 184
88 188
88 194
88 199
88 200
88 208
88 222
88 224
88 246
88 261
88 262
88 265
88 268
88 271
88 278
88 291
88 317
88 333
89 115
89 117
89 133
89 139
89 167
89 173
89 181
89 184
89 188
89 194
89 199
89 200
89 208
89 222
89 224
89 246
89 254
89 261
89 265
89 268
89 271
89 278
89 291
89 317
89 333
90 115
90 133
90 139
90 167
90 173
90 181
90 184
90 188
90 194
90 199
90 200
90 208
90 222
90 224
90 246
90 254
90 261
90 265
90 268
90 271
90 278
90 291
90 317
90 333
91 106
91 115
91 133
91 139
91 167
91 173
91 181
91 184
91 194
91 199
91 200
91 208
91 222
91 224
91 245
91 246
91 261
91 265
91 268
91 271
91 290
91 291
91 317
91 324
91 333
92 106
92 115
92 133
92 139
92 167
92 173
92 181
92 184
92 194
92 199
92 200
92 208
92 224
92 245
92 246
92 261
92 265
92 268
92 271
92 290
92 291
92 317
92 324
92 333
93 106
93 115
93 133
93 139
93 167
93 173
93 174
93 181
93 184
93 194
93 199
93 200
93 207
93 208
93 224
93 245
93 246
93 261
93 265
93 268
93 271
93 290
93 291
93 317
93 324
93 333
94 106
94 115
94 130
94 133
94 139
94 167
94 173
94 174
94 181
94 184
94 194
94 199
94 200
94 207
94 208
94 224
94 245
94 246
94 261
94 265
94 268
94 271
94 290
94 291
94 317
94 324
94 333
95 107
95 115
95 130
95 133
95 139
95 167
95 173
95 174
95 181
95 184
95 194
95 199
95 200
95 202
95 207
95 224
95 245
95 260
95 261
95 265
95 268
95 271
95 290
95 317
95 324
95 333
96 107
96 115
96 130
96 133
96 139
96 167
96 173
96 174
96 181
96 184
96 194
96 199
96 200
96 202
96 207
96 224
96 245
96 260
96 261
96 265
96 268
96 271
96 290
96 317
96 324
96 333
97 111
97 118
97 130
97 133
97 139
97 168
97 174
97 181
97 184
97 186
97 194
97 200
97 207
97 224
97 245
97 261
97 264
97 265
97 268
97 271
97 290
97 317
97 324
97 333
98 111
98 118
98 130
98 133
98 139
98 168
98 174
98 181
98 186
98 194
98 200
98 207
98 224
98 245
98 261
98 264
98 265
98 268
98 271
98 290
98 317
98 324
98 333
99 111
99 118
99 130
99 133
99 139
99 168
99 174
99 181
99 182
99 186
99 194
99 207
99 224
99 245
99 261
99 264
99 265
99 268
99 271
99 290
99 317
99 324
99 333
100 111
100 118
100 130
100 133
100 134
100 139
100 168
100 174
100 181
100 182
100 186
100 194
100 207
100 224
100 245
100 261
100 264
100 265
100 268
100 271
100 290
100 317
100 324
100 333
101 111
101 118
101 130
101 133
101 134
101 139
101 168
101 174
101 181
101 182
101 186
101 194
101 207
101 224
101 245
101 261
101 264
101 265
101 268
101 271
101 290
101 317
101 324
101 333
102 111
102 118
102 130
102 133
102 134
102 139
102 168
102 174
102 181
102 186
102 194
102 207
102 224
102 245
102 261
102 264
102 265
102 268
102 271
102 290
102 317
102 324
102 333
103 111
103 118
103 130
103 133
103 134
103 139
103 168
103 174
103 181
103 186
103 194
103 207
103 224
103 245
103 261
103 264
103 265
103 268
103 271
103 290
103 317
103 324
103 333
104 111
104 130
104 134
104 139
104 157
104 168
104 174
104 181
104 186
104 194
104 207
104 213
104 224
104 245
104 261
104 264
104 265
104 268
104 271
104 290
104 317
104 324
104 333
104 337
105 111
105 130
105 134
105 139
105 157
105 168
105 174
105 179
105 181
105 186
105 194
105 207
105 224
105 245
105 261
105 264
105 265
105 268
105 271
105 290
105 317
105 324
105 333
105 337
106 111
106 130
106 134
106 139
106 157
106 168
106 174
106 179
106 181
106 186
106 194
106 207
106 224
106 245
106 261
106 264
106 268
106 271
106 290
106 317
106 324
106 333
106 337
107 111
107 130
107 139
107 157
107 168
107 174
107 179
107 181
107 186
107 194
107 207
107 224
107 245
107 261
107 264
107 271
107 290
107 317
107 324
107 333
107 337
108 111
108 130
108 139
108 157
108 168
108 174
108 179
108 181
108 186
108 194
108 204
108 207
108 224
108 245
108 261
108 264
108 271
108 290
108 313
108 317
108 324
108 333
108 337
109 130
109 139
109 157
109 168
109 174
109 179
109 181
109 194
109 204
109 207
109 224
109 245
109 261
109 264
109 270
109 271
109 290
109 313
109 317
109 324
109 333
109 337
110 130
110 139
110 157
110 168
110 174
110 179
110 181
110 193
110 194
110 204
110 207
110 224
110 245
110 261
110 264
110 270
110 271
110 290
110 313
110 317
110 324
110 333
110 337
111 130
111 139
111 157
111 168
111 174
111 179
111 181
111 193
111 194
111 204
111 207
111 224
111 245
111 261
111 264
111 270
111 271
111 290
111 313
111 317
111 324
111 333
111 337
112 130
112 139
112 157
112 166
112 174
112 179
112 181
112 193
112 194
112 204
112 207
112 224
112 245
112 261
112 264
112 270
112 271
112 290
112 313
112 317
112 324
112 337
113 130
113 139
113 157
113 166
113 174
113 179
113 181
113 193
113 194
113 204
113 207
113 224
113 245
113 261
113 264
113 270
113 271
113 290
113 313
113 317
113 324
113 337
114 130
114 139
114 157
114 166
114 174
114 179
114 181
114 193
114 194
114 204
114 207
114 224
114 234
114 245
114 261
114 264
114 270
114 271
114 290
114 313
114 317
114 324
114 337
115 130
115 139
115 157
115 166
115 174
115 179
115 181
115 193
115 194
115 204
115 207
115 224
115 234
115 245
115 261
115 264
115 271
115 290
115 313
115 317
115 324
115 337
116 130
116 139
116 157
116 166
116 174
116 179
116 181
116 193
116 194
116 204
116 207
116 224
116 234
116 245
116 261
116 264
116 271
116 290
116 313
116 317
116 324
116 337
117 130
117 139
117 147
117 157
117 166
117 174
117 179
117 181
117 193
117 194
117 204
117 207
117 224
117 234
117 245
117 261
117 264
117 271
117 290
117 313
117 317
117 324
117 337
118 130
118 139
118 147
118 157
118 166
118 174
118 179
118 193
118 194
118 204
118 207
118 218
118 224
118 234
118 261
118 264
118 271
118 290
118 313
118 317
118 324
118 337
119 130
119 139
119 147
119 157
119 166
119 174
119 179
119 193
119 194
119 204
119 207
119 218
119 224
119 234
119 261
119 264
119 271
119 290
119 313
119 317
119 324
119 337
120 130
120 139
120 147
120 157
120 166
120 174
120 178
120 179
120 193
120 194
120 204
120 207
120 218
120 224
120 234
120 261
120 264
120 267
120 271
120 290
120 312
120 313
120 317
120 324
120 337
121 130
121 139
121 147
121 157
121 166
121 174
121 178
121 179
121 193
121 194
121 204
121 207
121 218
121 224
121 234
121 261
121 264
121 267
121 271
121 290
121 312
121 313
121 317
121 324
121 337
122 130
122 139
122 147
122 153
122 157
122 166
122 174
122 178
122 179
122 193
122 194
122 204
122 207
122 218
122 224
122 234
122 261
122 264
122 267
122 271
122 290
122 312
122 313
122 317
122 324
122 337
123 130
123 139
123 147
123 153
123 157
123 166
123 174
123 178
123 179
123 193
123 194
123 204
123 207
123 218
123 224
123 226
123 234
123 261
123 264
123 267
123 271
123 290
123 312
123 313
123 317
123 324
123 337
124 130
124 139
124 147
124 153
124 157
124 166
124 174
124 178
124 179
124 193
124 194
124 204
124 207
124 218
124 224
124 226
124 234
124 261
124 264
124 267
124 271
124 290
124 312
124 313
124 317
124 324
124 337
125 130
125 139
125 147
125 153
125 157
125 174
125 178
125 179
125 193
125 194
125 204
125 207
125 218
125 224
125 226
125 234
125 261
125 264
125 267
125 271
125 290
125 312
125 313
125 317
125 324
125 337
125 343
126 130
126 139
126 147
126 153
126 157
126 174
126 178
126 179
126 193
126 194
126 204
126 207
126 218
126 224
126 226
126 234
126 261
126 264
126 267
126 271
126 290
126 312
126 313
126 317
126 324
126 337
126 343
127 130
127 139
127 147
127 153
127 157
127 174
127 178
127 179
127 193
127 194
127 204
127 207
127 218
127 224
127 226
127 234
127 261
127 264
127 267
127 271
127 290
127 293
127 312
127 313
127 317
127 324
127 337
127 343
128 130
128 147
128 153
128 172
128 178
128 179
128 193
128 194
128 204
128 218
128 224
128 225
128 226
128 234
128 239
128 261
128 264
128 267
128 271
128 290
128 293
128 312
128 313
128 317
128 319
128 324
128 343
129 130
129 147
129 153
129 172
129 178
129 179
129 193
129 204
129 218
129 224
129 225
129 226
129 234
129 239
129 261
129 264
129 267
129 271
129 290
129 293
129 301
129 312
129 313
129 317
129 319
129 324
129 343
130 130
130 147
130 153
130 172
130 178
130 179
130 193
130 204
130 218
130 224
130 225
130 226
130 234
130 239
130 261
130 264
130 267
130 271
130 290
130 293
130 301
130 312
130 313
130 317
130 319
130 324
130 343
131 130
131 147
131 153
131 169
131 172
131 178
131 179
131 193
131 204
131 218
131 224
131 225
131 226
131 234
131 239
131 261
131 264
131 267
131 271
131 290
131 293
131 301
131 312
131 313
131 317
131 319
131 324
131 343
132 130
132 147
132 169
132 172
132 178
132 179
132 193
132 204
132 218
132 224
132 225
132 226
132 234
132 239
132 261
132 264
132 267
132 271
132 290
132 293
132 301
132 312
132 313
132 317
132 319
132 324
132 343
133 130
133 140
133 147
133 169
133 172
133 178
133 179
133 204
133 218
133 226
133 234
133 239
133 250
133 261
133 267
133 271
133 290
133 293
133 301
133 312
133 313
133 317
133 319
133 324
133 343
134 130
134 140
134 147
134 169
134 172
134 178
134 179
134 204
134 218
134 226
134 234
134 239
134 250
134 261
134 267
134 271
134 290
134 293
134 301
134 312
134 313
134 317
134 319
134 324
134 343
135 130
135 140
135 147
135 169
135 172
135 178
135 179
135 204
135 218
135 226
135 234
135 239
135 250
135 261
135 267
135 290
135 293
135 301
135 312
135 313
135 317
135 319
135 324
135 343
136 130
136 140
136 147
136 169
136 172
136 178
136 179
136 204
136 218
136 226
136 234
136 239
136 261
136 267
136 290
136 293
136 301
136 312
136 313
136 317
136 319
136 324
136 343
137 130
137 140
137 147
137 169
137 172
137 178
137 179
137 218
137 226
137 234
137 239
137 261
137 267
137 290
137 293
137 301
137 312
137 313
137 317
137 319
137 324
137 343
138 130
138 140
138 169
138 172
138 178
138 179
138 218
138 226
138 234
138 239
138 261
138 267
138 290
138 293
138 301
138 312
138 313
138 317
138 319
138 324
138 343
139 130
139 140
139 169
139 172
139 178
139 179
139 218
139 226
139 234
139 239
139 261
139 267
139 290
139 293
139 301
139 312
139 313
139 317
139 319
139 324
139 343
140 130
140 140
140 172
140 178
140 179
140 218
140 226
140 234
140 239
140 267
140 290
140 293
140 301
140 312
140 313
140 317
140 319
140 322
140 324
140 327
140 343
141 130
141 140
141 156
141 172
141 178
141 179
141 185
141 218
141 226
141 234
141 235
141 239
141 267
141 290
141 293
141 301
141 312
141 313
141 317
141 319
141 322
141 324
141 327
141 343
141 349
142 130
142 140
142 156
142 172
142 178
142 179
142 212
142 218
142 226
142 234
142 235
142 239
142 267
142 293
142 301
142 312
142 313
142 317
142 319
142 322
142 324
142 325
142 327
142 343
142 349
143 130
143 140
143 156
143 172
143 178
143 179
143 212
143 218
143 226
143 234
143 235
143 239
143 267
143 293
143 301
143 312
143 313
143 317
143 319
143 322
143 324
143 325
143 327
143 343
143 349
144 130
144 140
144 156
144 172
144 175
144 178
144 179
144 212
144 218
144 219
144 232
144 234
144 235
144 239
144 267
144 293
144 301
144 312
144 317
144 319
144 322
144 324
144 325
144 327
144 330
144 343
144 349
145 130
145 140
145 156
145 172
145 175
145 178
145 179
145 212
145 218
145 219
145 232
145 234
145 235
145 239
145 267
145 293
145 301
145 312
145 317
145 322
145 325
145 327
145 330
145 343
145 349
146 130
146 140
146 156
146 172
146 175
146 178
146 179
146 212
146 219
146 232
146 234
146 235
146 239
146 267
146 293
146 301
146 312
146 317
146 322
146 325
146 327
146 330
146 343
146 349
147 130
147 140
147 156
147 175
147 178
147 179
147 212
147 219
147 232
147 234
147 235
147 239
147 267
147 293
147 301
147 312
147 317
147 322
147 325
147 327
147 330
147 343
147 349
148 130
148 140
148 156
148 175
148 178
148 179
148 212
148 219
148 232
148 234
148 235
148 239
148 267
148 293
148 301
148 312
148 317
148 322
148 325
148 327
148 330
148 343
148 349
149 130
149 156
149 175
149 179
149 205
149 212
149 219
149 232
149 234
149 235
149 239
149 267
149 293
149 301
149 312
149 317
149 322
149 325
149 327
149 330
149 343
149 349
150 130
150 156
150 175
150 179
150 205
150 212
150 219
150 232
150 234
150 235
150 239
150 267
150 293
150 301
150 312
150 316
150 322
150 325
150 327
150 330
150 343
150 349
151 130
151 156
151 175
151 179
151 205
151 212
151 219
151 232
151 235
151 239
151 267
151 293
151 301
151 312
151 316
151 325
151 327
151 330
151 343
151 349
152 130
152 156
152 164
152 175
152 179
152 205
152 212
152 219
152 220
152 232
152 235
152 239
152 267
152 293
152 301
152 312
152 316
152 325
152 327
152 330
152 343
152 349
153 130
153 156
153 164
153 175
153 179
153 205
153 212
153 216
153 219
153 220
153 232
153 235
153 239
153 267
153 293
153 296
153 301
153 312
153 316
153 325
153 327
153 330
153 343
153 349
154 130
154 164
154 175
154 179
154 205
154 212
154 216
154 219
154 220
154 232
154 235
154 239
154 243
154 267
154 293
154 296
154 301
154 312
154 316
154 325
154 327
154 330
154 343
155 130
155 164
155 175
155 179
155 205
155 212
155 216
155 219
155 220
155 232
155 235
155 239
155 243
155 267
155 293
155 296
155 301
155 312
155 316
155 325
155 327
155 330
155 343
156 130
156 164
156 179
156 205
156 212
156 216
156 219
156 220
156 232
156 235
156 239
156 267
156 293
156 296
156 301
156 312
156 316
156 325
156 326
156 327
156 330
156 343
157 130
157 164
157 179
157 212
157 216
157 219
157 220
157 232
157 235
157 239
157 267
157 293
157 301
157 312
157 316
157 325
157 326
157 327
157 330
158 130
158 164
158 179
158 183
158 212
158 216
158 220
158 232
158 235
158 239
158 267
158 283
158 293
158 301
158 312
158 316
158 325
158 326
158 327
158 330
158 346
159 130
159 164
159 179
159 183
159 212
159 216
159 220
159 232
159 235
159 239
159 267
159 283
159 293
159 301
159 312
159 316
159 325
159 326
159 327
159 330
159 346
160 130
160 164
160 179
160 183
160 212
160 216
160 220
160 232
160 235
160 239
160 256
160 267
160 283
160 293
160 301
160 312
160 316
160 323
160 326
160 327
160 330
160 346
161 179
161 183
161 212
161 216
161 220
161 230
161 232
161 235
161 239
161 256
161 263
161 267
161 283
161 293
161 301
161 316
161 323
161 326
161 327
161 330
161 346
162 179
162 183
162 212
162 216
162 220
162 230
162 232
162 235
162 239
162 248
162 256
162 263
162 267
162 283
162 293
162 300
162 301
162 316
162 323
162 326
162 327
162 346
163 183
163 212
163 216
163 220
163 230
163 232
163 235
163 239
163 248
163 263
163 267
163 283
163 293
163 300
163 301
163 316
163 323
163 326
163 327
163 346
164 183
164 198
164 212
164 216
164 220
164 230
164 232
164 235
164 239
164 248
164 263
164 267
164 283
164 293
164 300
164 301
164 316
164 323
164 326
164 327
164 346
165 183
165 198
165 212
165 216
165 220
165 230
165 232
165 235
165 239
165 248
165 263
165 267
165 283
165 293
165 300
165 301
165 316
165 323
165 326
165 327
165 346
166 183
166 198
166 212
166 216
166 220
166 230
166 232
166 235
166 239
166 248
166 263
166 267
166 283
166 293
166 300
166 301
166 316
166 323
166 326
166 327
166 346
167 183
167 198
167 212
167 216
167 220
167 230
167 232
167 235
167 248
167 263
167 267
167 283
167 293
167 300
167 301
167 316
167 323
167 326
167 327
167 346
168 183
168 198
168 212
168 216
168 220
168 230
168 232
168 235
168 248
168 263
168 267
168 283
168 293
168 300
168 301
168 316
168 323
168 326
168 327
168 346
169 183
169 198
169 212
169 216
169 220
169 230
169 232
169 235
169 248
169 263
169 267
169 283
169 293
169 300
169 301
169 316
169 323
169 326
169 327
169 346
170 183
170 198
170 212
170 216
170 220
170 230
170 232
170 235
170 248
170 263
170 267
170 283
170 293
170 300
170 301
170 306
170 316
170 323
170 326
170 327
170 346
171 183
171 198
171 210
171 212
171 216
171 220
171 230
171 232
171 235
171 248
171 263
171 283
171 293
171 300
171 301
171 306
171 316
171 323
171 326
171 327
171 346
172 183
172 198
172 212
172 216
172 220
172 230
172 232
172 248
172 263
172 283
172 293
172 300
172 306
172 316
172 323
172 326
172 327
172 346
173 183
173 198
173 212
173 216
173 230
173 232
173 238
173 248
173 263
173 283
173 293
173 300
173 306
173 316
173 323
173 326
173 327
173 346
174 183
174 198
174 212
174 216
174 230
174 232
174 238
174 248
174 263
174 283
174 293
174 300
174 306
174 316
174 323
174 326
174 327
174 346
175 183
175 198
175 212
175 216
175 230
175 232
175 238
175 248
175 263
175 283
175 293
175 300
175 306
175 316
175 323
175 326
175 327
175 346
176 183
176 198
176 212
176 216
176 230
176 232
176 238
176 248
176 263
176 283
176 293
176 300
176 306
176 316
176 323
176 326
176 327
176 346
177 183
177 198
177 212
177 216
177 230
177 232
177 238
177 248
177 263
177 281
177 283
177 293
177 300
177 306
177 316
177 323
177 326
177 327
177 346
178 183
178 198
178 212
178 216
178 238
178 248
178 263
178 281
178 283
178 293
178 300
178 306
178 316
178 323
178 326
178 327
178 346
179 183
179 198
179 212
179 216
179 238
179 248
179 263
179 281
179 283
179 293
179 300
179 306
179 316
179 323
179 326
179 327
179 346
180 183
180 198
180 212
180 216
180 238
180 248
180 263
180 281
180 283
180 293
180 300
180 306
180 316
180 323
180 326
180 327
180 346
181 183
181 198
181 212
181 216
181 238
181 248
181 263
181 281
181 283
181 293
181 300
181 306
181 316
181 323
181 326
181 327
181 346
182 183
182 198
182 212
182 216
182 238
182 248
182 263
182 281
182 283
182 293
182 300
182 306
182 316
182 326
182 327
182 346
183 198
183 212
183 216
183 238
183 247
183 248
183 263
183 281
183 283
183 293
183 300
183 306
183 316
183 326
183 327
183 346
184 198
184 212
184 214
184 216
184 238
184 247
184 248
184 263
184 281
184 283
184 293
184 300
184 306
184 316
184 326
184 327
184 346
185 198
185 212
185 214
185 216
185 238
185 247
185 248
185 263
185 281
185 283
185 293
185 300
185 306
185 316
185 326
185 327
185 346
186 198
186 212
186 214
186 216
186 238
186 247
186 248
186 263
186 281
186 283
186 293
186 297
186 300
186 306
186 316
186 326
186 327
186 339
186 346
187 198
187 212
187 214
187 216
187 238
187 247
187 248
187 263
187 281
187 283
187 293
187 297
187 300
187 306
187 316
187 326
187 327
187 339
187 346
188 198
188 212
188 214
188 216
188 238
188 247
188 248
188 263
188 281
188 283
188 289
188 293
188 297
188 300
188 306
188 326
188 327
188 339
188 346
189 198
189 212
189 214
189 238
189 247
189 248
189 263
189 281
189 283
189 289
189 297
189 300
189 306
189 326
189 327
189 339
189 346
190 198
190 212
190 214
190 238
190 247
190 248
190 263
190 281
190 283
190 289
190 297
190 300
190 306
190 326
190 327
190 339
190 346
191 198
191 214
191 238
191 242
191 247
191 248
191 281
191 283
191 289
191 297
191 300
191 304
191 306
191 326
191 327
191 339
191 341
191 346
192 198
192 214
192 238
192 242
192 247
192 248
192 281
192 283
192 289
192 297
192 300
192 304
192 306
192 326
192 327
192 339
192 341
192 346
193 198
193 214
193 238
193 242
193 247
193 248
193 281
193 283
193 289
193 297
193 300
193 304
193 306
193 326
193 327
193 339
193 341
193 346
194 198
194 214
194 238
194 242
194 281
194 283
194 289
194 297
194 300
194 304
194 306
194 326
194 327
194 339
194 341
194 346
195 198
195 214
195 238
195 242
195 281
195 283
195 289
195 297
195 300
195 304
195 306
195 326
195 327
195 339
195 341
195 346
196 198
196 214
196 242
196 281
196 283
196 289
196 297
196 300
196 304
196 306
196 326
196 327
196 339
196 341
196 346
197 198
197 214
197 242
197 257
197 258
197 283
197 289
197 297
197 300
197 304
197 306
197 326
197 327
197 339
197 341
198 198
198 242
198 257
198 258
198 259
198 283
198 289
198 297
198 300
198 304
198 306
198 327
198 339
198 341
199 198
199 242
199 257
199 258
199 259
199 283
199 289
199 297
199 300
199 304
199 306
199 327
199 339
199 341
200 198
200 242
200 257
200 258
200 259
200 283
200 289
200 297
200 300
200 304
200 306
200 327
200 339
200 341
201 198
201 242
201 257
201 258
201 259
201 283
201 289
201 297
201 300
201 304
201 306
201 327
201 339
201 341
202 198
202 242
202 257
202 258
202 259
202 283
202 289
202 294
202 300
202 304
202 306
202 327
202 335
202 339
202 341
203 198
203 242
203 257
203 258
203 259
203 279
203 283
203 289
203 294
203 300
203 304
203 305
203 306
203 327
203 335
203 339
203 341
204 198
204 240
204 242
204 257
204 258
204 259
204 283
204 289
204 294
204 304
204 305
204 306
204 327
204 335
204 339
204 341
205 198
205 233
205 240
205 242
205 257
205 258
205 283
205 289
205 294
205 304
205 305
205 306
205 327
205 335
205 339
205 341
206 198
206 233
206 240
206 242
206 257
206 258
206 283
206 289
206 294
206 304
206 305
206 306
206 327
206 335
206 339
206 341
207 198
207 233
207 240
207 242
207 257
207 258
207 283
207 289
207 294
207 304
207 305
207 306
207 327
207 335
207 339
207 341
208 198
208 233
208 240
208 242
208 253
208 257
208 258
208 283
208 289
208 294
208 304
208 305
208 306
208 327
208 335
208 339
208 341
209 198
209 233
209 240
209 242
209 253
209 257
209 258
209 283
209 289
209 294
209 304
209 305
209 306
209 327
209 335
209 339
209 341
210 198
210 233
210 240
210 242
210 253
210 257
210 258
210 283
210 289
210 294
210 304
210 305
210 306
210 327
210 335
210 339
210 341
211 233
211 240
211 242
211 253
211 257
211 258
211 283
211 289
211 294
211 303
211 304
211 305
211 306
211 327
211 335
211 339
211 341
212 233
212 240
212 242
212 253
212 257
212 258
212 283
212 289
212 294
212 303
212 304
212 305
212 306
212 327
212 335
212 339
212 341
213 233
213 240
213 242
213 257
213 258
213 283
213 289
213 294
213 303
213 304
213 305
213 306
213 327
213 335
213 339
213 341
214 233
214 240
214 242
214 257
214 258
214 283
214 287
214 289
214 294
214 303
214 304
214 306
214 315
214 335
214 339
215 233
215 242
215 255
215 257
215 258
215 283
215 287
215 289
215 294
215 303
215 304
215 306
215 335
215 336
215 339
216 233
216 242
216 255
216 257
216 258
216 283
216 287
216 289
216 294
216 303
216 304
216 306
216 335
216 336
216 339
217 233
217 242
217 255
217 257
217 258
217 283
217 287
217 289
217 294
217 303
217 304
217 306
217 335
217 336
217 339
218 233
218 242
218 255
218 257
218 258
218 283
218 287
218 289
218 294
218 303
218 304
218 306
218 307
218 335
218 336
218 339
219 233
219 242
219 255
219 257
219 258
219 283
219 287
219 294
219 303
219 304
219 306
219 307
219 335
219 336
219 339
220 233
220 242
220 255
220 258
220 283
220 287
220 294
220 303
220 304
220 306
220 307
220 335
220 336
220 339
221 233
221 242
221 255
221 258
221 283
221 287
221 294
221 303
221 304
221 306
221 307
221 335
221 336
221 339
222 233
222 242
222 255
222 258
222 283
222 287
222 294
222 303
222 304
222 306
222 307
222 335
222 336
222 339
223 233
223 242
223 255
223 258
223 283
223 287
223 294
223 303
223 304
223 306
223 307
223 335
223 336
223 339
224 233
224 242
224 255
224 258
224 283
224 287
224 294
224 303
224 304
224 306
224 307
224 335
224 336
224 339
225 233
225 242
225 255
225 258
225 283
225 287
225 294
225 303
225 304
225 306
225 307
225 335
225 336
225 339
226 233
226 241
226 242
226 244
226 255
226 258
226 283
226 287
226 294
226 303
226 304
226 306
226 307
226 335
226 336
226 339
227 233
227 241
227 242
227 244
227 255
227 258
227 283
227 287
227 294
227 303
227 304
227 306
227 307
227 335
227 336
227 339
228 233
228 241
228 242
228 244
228 255
228 258
228 283
228 287
228 294
228 303
228 304
228 306
228 307
228 335
228 336
228 339
229 233
229 241
229 242
229 244
229 255
229 258
229 283
229 287
229 294
229 303
229 304
229 306
229 307
229 335
229 336
229 339
230 233
230 241
230 242
230 244
230 255
230 258
230 283
230 287
230 294
230 303
230 304
230 306
230 307
230 335
230 336
230 339
231 233
231 241
231 242
231 244
231 255
231 258
231 274
231 283
231 287
231 294
231 303
231 304
231 306
231 307
231 335
231 336
231 339
232 233
232 241
232 242
232 244
232 255
232 258
232 274
232 283
232 287
232 294
232 303
232 304
232 306
232 307
232 335
232 336
232 339
233 233
233 241
233 242
233 255
233 258
233 274
233 283
233 287
233 294
233 303
233 304
233 306
233 307
233 335
233 336
233 339
234 233
234 241
234 242
234 255
234 258
234 274
234 283
234 287
234 294
234 303
234 306
234 307
234 335
234 336
234 339
235 233
235 241
235 242
235 255
235 258
235 274
235 280
235 283
235 287
235 294
235 306
235 307
235 335
235 336
235 339
236 233
236 241
236 242
236 255
236 258
236 274
236 280
236 283
236 287
236 294
236 306
236 307
236 335
236 336
236 339
237 241
237 242
237 258
237 274
237 280
237 283
237 284
237 306
237 307
237 335
237 336
237 339
238 241
238 242
238 258
238 274
238 280
238 283
238 306
238 307
238 335
238 336
238 339
239 241
239 242
239 258
239 274
239 280
239 283
239 306
239 307
239 335
239 336
239 339
240 241
240 242
240 258
240 274
240 280
240 283
240 306
240 307
240 335
240 336
240 339
241 241
241 242
241 258
241 274
241 280
241 283
241 306
241 307
241 335
241 336
241 339
242 241
242 242
242 258
242 274
242 280
242 283
242 306
242 307
242 335
242 336
242 339
242 344
243 241
243 242
243 258
243 274
243 280
243 283
243 306
243 307
243 335
243 336
243 339
243 344
244 241
244 242
244 258
244 274
244 280
244 283
244 306
244 307
244 335
244 336
244 339
244 344
245 241
245 242
245 258
245 274
245 280
245 283
245 306
245 307
245 335
245 336
245 339
245 344
246 241
246 242
246 252
246 258
246 274
246 280
246 283
246 306
246 307
246 335
246 336
246 339
246 344
247 241
247 242
247 252
247 258
247 274
247 280
247 283
247 306
247 307
247 335
247 336
247 339
247 344
248 241
248 252
248 274
248 280
248 306
248 307
248 329
248 335
248 336
248 339
248 344
249 241
249 252
249 274
249 280
249 299
249 306
249 307
249 329
249 335
249 336
249 339
249 344
250 241
250 252
250 274
250 280
250 299
250 306
250 307
250 329
250 335
250 336
250 339
250 344
251 241
251 274
251 280
251 299
251 306
251 307
251 329
251 335
251 336
251 339
251 344
252 241
252 274
252 280
252 299
252 306
252 307
252 329
252 335
252 336
252 339
252 344
253 241
253 274
253 280
253 299
253 306
253 307
253 329
253 335
253 336
253 339
253 344
254 241
254 274
254 280
254 299
254 306
254 307
254 329
254 335
254 336
254 339
254 344
255 241
255 274
255 280
255 299
255 306
255 307
255 329
255 335
255 336
255 339
255 344
256 241
256 274
256 280
256 299
256 306
256 307
256 329
256 335
256 336
256 339
256 344
257 241
257 274
257 280
257 299
257 306
257 307
257 329
257 335
257 336
257 339
257 344
258 241
258 274
258 280
258 299
258 306
258 307
258 329
258 335
258 336
258 339
258 344
259 241
259 274
259 280
259 299
259 306
259 307
259 329
259 335
259 336
259 339
259 344
260 241
260 274
260 280
260 306
260 307
260 329
260 335
260 336
260 339
260 344
261 241
261 274
261 280
261 306
261 307
261 329
261 335
261 336
261 339
261 344
262 241
262 274
262 280
262 306
262 307
262 329
262 335
262 336
262 339
262 344
263 274
263 280
263 306
263 307
263 329
263 335
263 336
263 339
263 344
264 274
264 277
264 280
264 306
264 307
264 329
264 335
264 336
264 339
264 344
265 274
265 277
265 280
265 306
265 307
265 329
265 335
265 336
265 339
265 344
266 274
266 277
266 280
266 306
266 307
266 329
266 335
266 336
266 339
266 344
267 274
267 277
267 280
267 306
267 307
267 329
267 335
267 336
267 339
267 344
268 274
268 277
268 280
268 306
268 307
268 329
268 335
268 336
268 339
268 344
269 274
269 277
269 280
269 306
269 307
269 329
269 335
269 336
269 339
269 344
270 274
270 277
270 280
270 306
270 307
270 329
270 335
270 344
271 274
271 277
271 280
271 306
271 307
271 329
271 335
271 344
272 274
272 277
272 280
272 306
272 307
272 329
272 335
272 344
273 274
273 277
273 280
273 306
273 307
273 329
273 335
273 344
274 274
274 277
274 280
274 306
274 307
274 329
274 335
274 344
275 274
275 277
275 280
275 306
275 307
275 329
275 335
275 344
276 274
276 277
276 280
276 306
276 307
276 329
276 335
276 344
277 274
277 277
277 280
277 306
277 307
277 329
277 335
277 344
278 274
278 277
278 280
278 306
278 307
278 329
278 335
278 344
279 274
279 277
279 280
279 306
279 307
279 329
279 335
279 344
280 274
280 277
280 280
280 306
280 307
280 329
280 335
280 344
281 274
281 277
281 280
281 306
281 307
281 329
281 335
281 344
282 274
282 277
282 280
282 306
282 307
282 329
282 335
282 344
283 274
283 277
283 280
283 306
283 307
283 329
283 335
283 344
283 345
284 274
284 277
284 280
284 306
284 307
284 329
284 335
284 344
284 345
285 274
285 277
285 280
285 306
285 307
285 329
285 335
285 344
285 345
286 274
286 277
286 280
286 306
286 307
286 329
286 335
286 344
286 345
287 274
287 277
287 280
287 306
287 307
287 329
287 335
287 344
287 345
288 274
288 277
288 280
288 306
288 307
288 329
288 335
288 344
288 345
289 274
289 280
289 306
289 307
289 329
289 335
289 344
289 345
290 274
290 280
290 306
290 307
290 329
290 335
290 344
290 345
291 274
291 280
291 306
291 307
291 329
291 335
291 344
291 345
292 274
292 280
292 306
292 307
292 329
292 335
292 344
292 345
293 274
293 280
293 306
293 307
293 329
293 344
293 345
294 274
294 280
294 306
294 307
294 329
294 344
294 345
295 280
295 306
295 307
295 329
295 344
295 345
296 280
296 306
296 307
296 329
296 344
296 345
296 348
297 280
297 306
297 329
297 344
297 345
297 348
298 280
298 306
298 329
298 344
298 345
298 348
299 280
299 306
299 329
299 344
299 345
299 348
300 280
300 306
300 329
300 344
300 345
300 348
301 280
301 306
301 329
301 344
301 345
301 348
302 280
302 306
302 329
302 344
302 345
302 348
303 280
303 306
303 329
303 344
303 345
303 348
304 280
304 306
304 329
304 344
304 345
304 348
305 280
305 306
305 310
305 329
305 345
305 348
306 280
306 306
306 310
306 345
306 348
307 306
307 310
307 345
307 348
308 306
308 310
308 345
308 348
309 306
309 310
309 345
309 348
310 306
310 310
310 345
310 348
311 306
311 310
311 345
311 348
312 306
312 310
312 345
312 348
313 306
313 345
313 348
314 306
314 345
314 348
315 306
315 345
315 348
316 306
316 345
316 348
317 306
317 345
317 348
318 306
318 345
318 348
319 306
319 345
319 348
320 306
320 345
320 348
321 306
321 345
321 348
322 306
322 345
322 348
323 306
323 345
323 348
324 306
324 345
324 348
325 306
325 345
325 348
326 306
326 345
326 348
327 306
327 345
327 348
328 306
328 345
328 348
329 306
329 345
329 348
330 306
330 345
330 348
331 345
331 348
332 345
332 348
333 345
333 348
334 345
334 348
335 345
335 348
336 345
336 348
337 345
337 348
338 345
338 348
339 345
339 348
340 345
340 348
341 345
341 348
342 345
342 348
343 345
343 348
344 345
344 348
345 345
345 348
346 345
346 348
347 348
348 348
349 348
