1 3
1 29
1 31
1 32
1 84
1 101
1 132
1 143
1 293
2 29
2 31
2 32
2 84
2 101
2 132
2 143
2 293
3 4
3 9
3 16
3 84
3 85
3 101
3 122
3 132
3 143
3 293
4 9
4 25
4 38
4 49
4 84
4 85
4 95
4 101
4 122
4 132
4 143
4 213
4 293
5 25
5 38
5 49
5 84
5 85
5 95
5 101
5 122
5 132
5 143
5 213
5 293
5 316
6 7
6 20
6 35
6 38
6 45
6 83
6 95
6 108
6 132
6 139
6 143
6 150
6 213
6 293
6 316
6 318
6 328
7 7
7 13
7 20
7 35
7 38
7 45
7 95
7 139
7 143
7 150
7 213
7 293
7 297
7 316
7 318
7 328
8 20
8 27
8 30
8 38
8 45
8 65
8 109
8 123
8 139
8 143
8 198
8 213
8 226
8 248
8 287
8 293
8 297
8 316
8 318
8 328
9 11
9 17
9 24
9 27
9 30
9 38
9 47
9 88
9 109
9 112
9 123
9 139
9 143
9 184
9 198
9 213
9 248
9 287
9 293
9 297
9 316
9 318
9 328
10 17
10 24
10 27
10 30
10 47
10 88
10 109
10 112
10 123
10 139
10 143
10 184
10 198
10 213
10 248
10 293
10 297
10 318
10 328
10 342
11 19
11 39
11 47
11 51
11 69
11 86
11 88
11 90
11 98
11 109
11 112
11 123
11 124
11 143
11 158
11 184
11 187
11 198
11 248
11 293
11 297
11 318
11 323
11 328
11 337
11 342
12 19
12 39
12 47
12 51
12 69
12 86
12 88
12 90
12 98
12 109
12 112
12 123
12 124
12 143
12 158
12 184
12 187
12 198
12 248
12 293
12 297
12 318
12 323
12 328
12 337
12 342
13 39
13 47
13 51
13 69
13 86
13 88
13 90
13 98
13 109
13 112
13 123
13 124
13 143
13 158
13 184
13 187
13 198
13 248
13 293
13 297
13 318
13 323
13 328
13 337
13 342
14 34
14 39
14 47
14 51
14 69
14 77
14 86
14 88
14 90
14 98
14 106
14 109
14 112
14 116
14 123
14 143
14 152
14 158
14 184
14 187
14 198
14 248
14 293
14 297
14 318
14 323
14 328
14 337
14 342
15 39
15 47
15 51
15 69
15 77
15 86
15 88
15 90
15 98
15 109
15 112
15 116
15 123
15 143
15 152
15 158
15 184
15 187
15 188
15 198
15 248
15 293
15 297
15 318
15 323
15 328
15 337
15 342
16 23
16 40
16 47
16 51
16 64
16 77
16 86
16 88
16 90
16 109
16 112
16 116
16 123
16 140
16 143
16 152
16 166
16 184
16 186
16 187
16 188
16 198
16 248
16 293
16 297
16 298
16 317
16 318
16 323
16 328
16 337
16 342
17 23
17 47
17 51
17 64
17 77
17 86
17 88
17 92
17 112
17 116
17 123
17 140
17 143
17 152
17 166
17 184
17 186
17 187
17 188
17 198
17 248
17 293
17 298
17 317
17 318
17 323
17 328
17 337
17 342
18 23
18 47
18 51
18 55
18 64
18 77
18 86
18 92
18 112
18 116
18 123
18 140
18 143
18 152
18 166
18 184
18 186
18 187
18 188
18 198
18 248
18 293
18 298
18 317
18 318
18 323
18 328
18 337
18 342
19 47
19 51
19 55
19 64
19 77
19 86
19 92
19 112
19 116
19 123
19 140
19 143
19 152
19 166
19 184
19 186
19 187
19 188
19 193
19 198
19 248
19 293
19 298
19 317
19 318
19 323
19 328
19 337
19 342
20 37
20 47
20 51
20 77
20 86
20 92
20 103
20 116
20 143
20 152
20 166
20 186
20 187
20 188
20 193
20 235
20 248
20 255
20 292
20 293
20 298
20 317
20 318
20 328
20 337
20 342
21 47
21 51
21 75
21 77
21 86
21 92
21 96
21 107
21 116
21 143
21 147
21 152
21 186
21 187
21 188
21 193
21 216
21 219
21 235
21 242
21 248
21 255
21 292
21 293
21 298
21 318
21 328
21 337
21 342
22 22
22 47
22 48
22 51
22 75
22 77
22 92
22 96
22 107
22 116
22 147
22 152
22 186
22 187
22 188
22 216
22 219
22 232
22 235
22 242
22 248
22 255
22 292
22 293
22 328
22 337
22 342
23 22
23 47
23 48
23 51
23 75
23 77
23 92
23 96
23 107
23 116
23 147
23 152
23 186
23 187
23 188
23 216
23 219
23 232
23 235
23 242
23 248
23 255
23 292
23 293
23 328
23 337
23 342
24 22
24 47
24 48
24 75
24 77
24 92
24 96
24 107
24 116
24 147
24 152
24 186
24 187
24 188
24 219
24 232
24 235
24 242
24 248
24 255
24 292
24 293
24 328
24 337
24 342
25 22
25 47
25 48
25 75
25 77
25 92
25 96
25 107
25 116
25 147
25 152
25 186
25 187
25 188
25 219
25 232
25 235
25 242
25 248
25 255
25 292
25 293
25 328
25 337
25 342
26 22
26 47
26 48
26 75
26 77
26 92
26 96
26 107
26 116
26 147
26 152
26 186
26 187
26 188
26 219
26 232
26 235
26 242
26 248
26 255
26 292
26 293
26 328
26 337
26 342
27 47
27 48
27 75
27 77
27 92
27 96
27 107
27 116
27 147
27 152
27 186
27 187
27 188
27 219
27 232
27 235
27 242
27 248
27 255
27 292
27 293
27 328
27 337
27 342
28 47
28 48
28 74
28 75
28 77
28 92
28 96
28 107
28 110
28 116
28 147
28 152
28 186
28 187
28 188
28 219
28 232
28 235
28 242
28 248
28 255
28 292
28 293
28 309
28 328
28 337
28 342
29 47
29 48
29 74
29 75
29 77
29 92
29 96
29 107
29 110
29 116
29 147
29 152
29 186
29 188
29 219
29 232
29 235
29 242
29 248
29 255
29 292
29 293
29 309
29 328
29 337
29 342
30 75
30 96
30 107
30 110
30 116
30 147
30 152
30 186
30 188
30 219
30 232
30 235
30 242
30 248
30 255
30 292
30 293
30 328
30 337
30 342
31 75
31 96
31 107
31 110
31 116
31 147
31 152
31 186
31 188
31 219
31 232
31 235
31 242
31 248
31 255
31 292
31 293
31 328
31 337
31 342
32 75
32 96
32 107
32 110
32 116
32 117
32 147
32 152
32 186
32 188
32 219
32 232
32 242
32 248
32 255
32 292
32 293
32 328
32 337
32 342
33 75
33 96
33 107
33 110
33 116
33 117
33 147
33 152
33 188
33 219
33 232
33 242
33 248
33 255
33 292
33 293
33 328
33 337
33 342
34 75
34 96
34 107
34 110
34 116
34 117
34 147
34 152
34 188
34 219
34 232
34 242
34 248
34 255
34 292
34 293
34 328
34 337
34 342
34 346
35 41
35 52
35 63
35 75
35 96
35 110
35 116
35 117
35 147
35 152
35 156
35 168
35 188
35 219
35 232
35 242
35 248
35 255
35 289
35 292
35 293
35 328
35 337
35 342
36 41
36 50
36 52
36 75
36 96
36 110
36 116
36 117
36 147
36 152
36 156
36 168
36 171
36 188
36 219
36 232
36 242
36 248
36 255
36 289
36 292
36 293
36 328
36 337
36 342
37 41
37 50
37 52
37 75
37 96
37 110
37 116
37 117
37 147
37 152
37 156
37 168
37 171
37 188
37 219
37 232
37 242
37 248
37 255
37 290
37 292
37 293
37 328
37 337
37 342
38 46
38 52
38 58
38 61
38 66
38 75
38 96
38 99
38 110
38 116
38 117
38 147
38 152
38 156
38 168
38 171
38 219
38 232
38 242
38 248
38 255
38 290
38 292
38 293
38 328
38 337
38 338
38 342
39 46
39 58
39 61
39 66
39 75
39 78
39 96
39 99
39 116
39 117
39 147
39 152
39 156
39 168
39 171
39 219
39 232
39 242
39 248
39 255
39 290
39 292
39 293
39 328
39 337
39 338
39 342
40 46
40 58
40 61
40 66
40 75
40 78
40 96
40 99
40 116
40 117
40 147
40 152
40 156
40 168
40 171
40 219
40 232
40 242
40 248
40 255
40 290
40 292
40 293
40 328
40 337
40 338
40 342
41 46
41 61
41 66
41 75
41 81
41 82
41 96
41 117
41 152
41 156
41 168
41 171
41 219
41 232
41 242
41 248
41 255
41 290
41 292
41 293
41 328
41 337
41 338
42 46
42 61
42 66
42 75
42 81
42 82
42 96
42 117
42 152
42 156
42 168
42 171
42 207
42 219
42 232
42 242
42 248
42 255
42 290
42 292
42 293
42 328
42 337
42 338
43 46
43 61
43 66
43 81
43 82
43 96
43 117
43 130
43 152
43 156
43 168
43 171
43 207
43 219
43 232
43 242
43 248
43 255
43 290
43 292
43 293
43 328
43 337
43 338
44 53
44 61
44 66
44 76
44 81
44 96
44 118
44 130
44 155
44 171
44 219
44 240
44 248
44 255
44 269
44 290
44 293
44 328
44 337
44 338
45 53
45 61
45 66
45 76
45 81
45 96
45 118
45 130
45 155
45 171
45 219
45 240
45 248
45 255
45 269
45 290
45 293
45 328
45 337
45 338
46 53
46 61
46 66
46 76
46 81
46 96
46 118
46 130
46 155
46 171
46 219
46 240
46 248
46 255
46 269
46 290
46 293
46 328
46 337
46 338
47 53
47 66
47 76
47 81
47 96
47 118
47 130
47 155
47 171
47 219
47 240
47 248
47 255
47 269
47 290
47 293
47 328
47 337
47 338
48 53
48 66
48 81
48 96
48 100
48 118
48 130
48 155
48 171
48 219
48 240
48 248
48 255
48 269
48 290
48 293
48 328
48 337
48 338
49 53
49 66
49 81
49 96
49 100
49 118
49 130
49 155
49 171
49 219
49 240
49 248
49 255
49 269
49 290
49 293
49 328
49 337
49 338
50 81
50 96
50 100
50 111
50 113
50 127
50 130
50 159
50 171
50 219
50 240
50 248
50 255
50 269
50 290
50 293
50 328
50 337
50 338
51 81
51 96
51 100
51 111
51 113
51 127
51 130
51 159
51 171
51 219
51 240
51 248
51 255
51 269
51 290
51 293
51 328
51 337
51 338
52 81
52 96
52 100
52 111
52 113
52 127
52 130
52 159
52 171
52 219
52 240
52 248
52 255
52 269
52 290
52 293
52 328
52 337
52 338
53 81
53 96
53 100
53 111
53 113
53 127
53 130
53 159
53 171
53 219
53 248
53 255
53 269
53 290
53 293
53 328
53 337
53 338
54 68
54 70
54 81
54 96
54 100
54 113
54 127
54 130
54 159
54 171
54 219
54 248
54 255
54 269
54 290
54 293
54 328
54 337
54 338
55 68
55 70
55 81
55 96
55 100
55 113
55 127
55 130
55 159
55 171
55 219
55 248
55 255
55 290
55 293
55 328
55 337
55 338
56 68
56 70
56 81
56 96
56 100
56 113
56 120
56 127
56 130
56 159
56 219
56 248
56 255
56 290
56 293
56 328
56 337
56 338
57 68
57 70
57 81
57 96
57 100
57 113
57 120
57 127
57 130
57 159
57 219
57 248
57 255
57 290
57 293
57 328
57 337
57 338
58 68
58 70
58 81
58 96
58 100
58 113
58 119
58 120
58 127
58 130
58 159
58 219
58 248
58 255
58 290
58 293
58 328
58 337
58 338
59 68
59 70
59 81
59 96
59 100
59 113
59 119
59 120
59 127
59 130
59 159
59 219
59 248
59 255
59 290
59 293
59 328
59 337
59 338
60 68
60 70
60 81
60 96
60 100
60 113
60 119
60 120
60 127
60 130
60 159
60 219
60 248
60 255
60 290
60 293
60 328
60 337
60 338
61 68
61 70
61 81
61 96
61 100
61 113
61 119
61 120
61 127
61 130
61 159
61 219
61 248
61 255
61 290
61 293
61 328
61 337
61 338
62 68
62 70
62 81
62 93
62 100
62 119
62 120
62 130
62 144
62 210
62 219
62 255
62 272
62 290
62 293
62 328
62 337
62 338
62 343
63 68
63 70
63 81
63 93
63 100
63 119
63 120
63 130
63 142
63 144
63 210
63 219
63 255
63 272
63 290
63 293
63 328
63 337
63 338
63 343
64 67
64 68
64 81
64 93
64 100
64 105
64 119
64 120
64 130
64 142
64 144
64 210
64 219
64 233
64 255
64 272
64 290
64 293
64 328
64 337
64 338
64 343
65 67
65 68
65 81
65 93
65 100
65 105
65 120
65 130
65 142
65 144
65 189
65 200
65 210
65 219
65 233
65 255
65 272
65 290
65 293
65 328
65 337
65 338
65 343
66 79
66 93
66 100
66 102
66 104
66 120
66 130
66 133
66 142
66 144
66 157
66 189
66 200
66 210
66 219
66 233
66 244
66 255
66 272
66 293
66 301
66 328
66 337
66 338
66 343
67 79
67 93
67 100
67 120
67 133
67 134
67 142
67 144
67 157
67 185
67 189
67 191
67 200
67 210
67 219
67 233
67 244
67 255
67 266
67 272
67 293
67 301
67 328
67 337
67 338
67 343
68 79
68 93
68 100
68 120
68 133
68 134
68 144
68 157
68 185
68 191
68 195
68 200
68 210
68 219
68 233
68 244
68 252
68 255
68 293
68 301
68 306
68 328
68 337
68 338
68 343
69 79
69 87
69 93
69 120
69 133
69 134
69 144
69 185
69 191
69 195
69 200
69 210
69 219
69 233
69 244
69 252
69 255
69 258
69 293
69 301
69 306
69 325
69 328
69 337
69 338
69 343
70 79
70 87
70 93
70 120
70 133
70 134
70 144
70 185
70 191
70 195
70 200
70 210
70 219
70 220
70 233
70 244
70 252
70 255
70 258
70 293
70 301
70 306
70 325
70 328
70 337
70 338
70 343
71 79
71 87
71 89
71 93
71 133
71 134
71 185
71 191
71 195
71 200
71 210
71 219
71 220
71 233
71 244
71 252
71 255
71 258
71 270
71 293
71 301
71 306
71 325
71 328
71 337
71 338
71 343
72 87
72 89
72 93
72 134
72 185
72 191
72 195
72 200
72 210
72 220
72 233
72 244
72 252
72 255
72 258
72 270
72 293
72 301
72 306
72 325
72 328
72 337
72 338
73 87
73 89
73 93
73 134
73 181
73 185
73 191
73 200
73 210
73 220
73 233
73 244
73 252
73 255
73 258
73 270
73 293
73 301
73 302
73 306
73 325
73 328
73 337
73 338
74 80
74 87
74 89
74 93
74 114
74 128
74 134
74 169
74 181
74 185
74 191
74 210
74 220
74 233
74 244
74 252
74 255
74 258
74 270
74 293
74 301
74 302
74 306
74 325
74 328
74 337
74 338
75 80
75 87
75 89
75 91
75 93
75 114
75 128
75 134
75 169
75 181
75 185
75 210
75 220
75 233
75 244
75 252
75 255
75 258
75 263
75 270
75 293
75 301
75 302
75 306
75 325
75 328
75 337
75 338
76 80
76 87
76 89
76 91
76 114
76 128
76 169
76 211
76 220
76 233
76 244
76 252
76 255
76 258
76 263
76 270
76 282
76 293
76 301
76 302
76 306
76 315
76 325
76 328
76 338
77 80
77 87
77 89
77 91
77 128
77 169
77 172
77 211
77 220
77 233
77 244
77 252
77 255
77 258
77 263
77 270
77 274
77 280
77 282
77 293
77 301
77 302
77 315
77 325
77 328
77 338
78 80
78 87
78 89
78 128
78 154
78 169
78 172
78 211
78 220
78 233
78 244
78 252
78 255
78 258
78 263
78 270
78 274
78 280
78 282
78 293
78 301
78 302
78 315
78 325
78 328
78 338
79 87
79 89
79 128
79 138
79 154
79 169
79 172
79 211
79 220
79 233
79 244
79 252
79 255
79 258
79 263
79 270
79 274
79 280
79 282
79 293
79 301
79 302
79 315
79 325
79 328
79 338
80 87
80 89
80 128
80 138
80 154
80 169
80 172
80 211
80 220
80 233
80 244
80 252
80 257
80 258
80 263
80 274
80 280
80 282
80 293
80 301
80 315
80 325
80 328
80 338
81 87
81 89
81 128
81 138
81 154
81 169
81 172
81 211
81 220
81 233
81 244
81 252
81 257
81 258
81 263
81 274
81 280
81 293
81 301
81 315
81 325
81 328
81 338
82 87
82 89
82 128
82 138
82 154
82 169
82 172
82 211
82 220
82 233
82 244
82 252
82 257
82 258
82 263
82 274
82 280
82 293
82 301
82 307
82 315
82 325
82 328
82 338
83 89
83 128
83 138
83 154
83 169
83 172
83 178
83 211
83 220
83 233
83 244
83 252
83 257
83 258
83 263
83 274
83 280
83 293
83 301
83 307
83 315
83 325
83 328
83 338
84 89
84 128
84 138
84 151
84 154
84 169
84 172
84 178
84 211
84 220
84 233
84 244
84 252
84 257
84 263
84 280
84 293
84 301
84 307
84 315
84 325
84 328
84 338
85 89
85 131
85 138
85 151
85 154
85 169
85 172
85 176
85 178
85 211
85 220
85 233
85 244
85 252
85 257
85 263
85 280
85 293
85 301
85 307
85 315
85 325
85 328
85 338
86 89
86 131
86 138
86 151
86 154
86 169
86 172
86 176
86 178
86 211
86 220
86 233
86 244
86 252
86 257
86 263
86 280
86 293
86 301
86 307
86 315
86 325
86 328
86 338
87 89
87 131
87 138
87 151
87 154
87 169
87 172
87 178
87 211
87 220
87 233
87 244
87 252
87 257
87 263
87 280
87 293
87 301
87 307
87 315
87 325
87 328
87 338
88 131
88 138
88 151
88 154
88 169
88 172
88 178
88 211
88 220
88 230
88 233
88 244
88 252
88 257
88 263
88 280
88 293
88 301
88 307
88 315
88 325
88 328
88 331
88 338
89 131
89 138
89 154
89 169
89 172
89 178
89 211
89 220
89 230
89 233
89 252
89 257
89 263
89 280
89 293
89 301
89 307
89 315
89 325
89 328
89 331
89 338
90 131
90 138
90 154
90 169
90 172
90 178
90 211
90 220
90 223
90 230
90 233
90 252
90 257
90 263
90 280
90 293
90 301
90 307
90 315
90 325
90 328
90 331
90 338
91 131
91 138
91 154
91 169
91 178
91 211
91 220
91 223
91 230
91 233
91 252
91 257
91 263
91 280
91 293
91 301
91 307
91 315
91 325
91 328
91 331
91 338
92 131
92 138
92 154
92 169
92 178
92 211
92 220
92 223
92 230
92 233
92 252
92 257
92 263
92 280
92 293
92 301
92 307
92 315
92 325
92 328
92 331
92 338
93 131
93 138
93 154
93 169
93 178
93 211
93 220
93 223
93 230
93 233
93 252
93 257
93 263
93 280
93 301
93 307
93 315
93 325
93 328
93 331
93 338
94 126
94 138
94 149
94 154
94 169
94 178
94 211
94 220
94 223
94 230
94 233
94 252
94 257
94 263
94 280
94 301
94 307
94 315
94 325
94 328
94 331
94 338
95 115
95 138
95 149
95 154
95 178
95 211
95 220
95 223
95 230
95 233
95 252
95 257
95 263
95 280
95 301
95 307
95 315
95 325
95 328
95 331
95 338
96 115
96 138
96 148
96 154
96 178
96 211
96 220
96 230
96 233
96 252
96 257
96 263
96 280
96 307
96 315
96 325
96 328
96 331
96 338
97 115
97 138
97 148
97 154
97 178
97 211
97 220
97 230
97 233
97 252
97 257
97 263
97 280
97 307
97 315
97 325
97 328
97 331
97 338
98 115
98 138
98 154
98 178
98 211
98 220
98 230
98 233
98 252
98 254
98 257
98 263
98 307
98 313
98 315
98 325
98 328
98 331
99 115
99 138
99 154
99 178
99 211
99 220
99 230
99 233
99 252
99 257
99 263
99 307
99 313
99 315
99 325
99 328
99 331
100 115
100 138
100 154
100 175
100 178
100 182
100 211
100 220
100 225
100 230
100 233
100 252
100 257
100 263
100 307
100 313
100 315
100 325
100 328
100 331
101 115
101 138
101 154
101 175
101 178
101 182
101 211
101 220
101 225
101 230
101 233
101 252
101 257
101 263
101 307
101 313
101 315
101 325
101 328
101 331
102 115
102 138
102 154
102 175
102 178
102 182
102 211
102 220
102 225
102 230
102 233
102 252
102 257
102 263
102 307
102 313
102 315
102 325
102 328
102 331
103 115
103 154
103 175
103 178
103 182
103 211
103 220
103 225
103 230
103 233
103 252
103 257
103 263
103 264
103 307
103 313
103 315
103 325
103 328
103 331
104 141
104 153
104 154
104 175
104 182
104 203
104 211
104 218
104 220
104 225
104 230
104 233
104 252
104 257
104 263
104 264
104 307
104 313
104 315
104 325
104 328
104 331
105 121
105 141
105 153
105 154
105 175
105 177
105 182
105 197
105 211
105 218
105 220
105 225
105 230
105 231
105 233
105 241
105 252
105 257
105 263
105 264
105 284
105 307
105 313
105 315
105 325
105 326
106 121
106 141
106 153
106 154
106 177
106 182
106 197
106 211
106 220
106 225
106 230
106 231
106 233
106 241
106 252
106 257
106 263
106 264
106 307
106 313
106 325
106 326
106 341
107 121
107 137
107 153
107 154
107 174
107 177
107 182
107 197
107 211
107 220
107 225
107 230
107 231
107 233
107 241
107 252
107 257
107 263
107 264
107 313
107 325
107 326
107 341
108 121
108 137
108 153
108 154
108 174
108 177
108 182
108 192
108 197
108 211
108 220
108 225
108 230
108 231
108 233
108 241
108 252
108 263
108 264
108 313
108 314
108 325
108 326
108 341
109 121
109 137
109 153
109 154
109 174
109 177
109 182
109 192
109 197
109 211
109 220
109 225
109 230
109 231
109 233
109 241
109 252
109 263
109 264
109 313
109 314
109 325
109 326
109 341
110 121
110 137
110 153
110 154
110 174
110 177
110 182
110 192
110 197
110 211
110 220
110 225
110 230
110 231
110 233
110 241
110 252
110 263
110 264
110 313
110 314
110 325
110 326
110 341
111 121
111 137
111 153
111 154
111 174
111 177
111 182
111 192
111 197
111 211
111 220
111 225
111 230
111 231
111 233
111 241
111 252
111 263
111 264
111 313
111 314
111 325
111 326
111 341
112 137
112 153
112 154
112 161
112 174
112 177
112 182
112 192
112 197
112 211
112 225
112 230
112 233
112 241
112 252
112 263
112 264
112 273
112 286
112 313
112 314
112 325
112 326
112 341
113 137
113 153
113 154
113 161
113 174
113 177
113 182
113 192
113 197
113 211
113 225
113 230
113 233
113 241
113 252
113 263
113 264
113 273
113 286
113 313
113 314
113 325
113 326
113 341
114 136
114 137
114 153
114 154
114 174
114 177
114 183
114 190
114 192
114 197
114 214
114 222
114 225
114 230
114 233
114 252
114 253
114 263
114 264
114 273
114 286
114 314
114 325
114 327
114 330
114 341
115 125
115 136
115 137
115 153
115 154
115 174
115 177
115 183
115 190
115 192
115 197
115 214
115 222
115 225
115 230
115 233
115 252
115 253
115 263
115 264
115 273
115 286
115 314
115 325
115 327
115 330
115 341
116 136
116 137
116 153
116 154
116 174
116 177
116 183
116 190
116 192
116 197
116 214
116 222
116 225
116 230
116 233
116 252
116 253
116 263
116 264
116 273
116 279
116 286
116 314
116 325
116 327
116 330
116 341
117 136
117 137
117 153
117 154
117 174
117 177
117 183
117 190
117 192
117 197
117 208
117 214
117 222
117 225
117 230
117 233
117 252
117 253
117 263
117 264
117 273
117 279
117 286
117 314
117 325
117 327
117 330
117 341
118 136
118 137
118 153
118 154
118 174
118 177
118 190
118 192
118 197
118 208
118 214
118 222
118 225
118 230
118 233
118 252
118 253
118 263
118 264
118 273
118 279
118 286
118 314
118 325
118 327
118 330
118 341
119 136
119 137
119 153
119 154
119 174
119 177
119 190
119 192
119 197
119 206
119 208
119 214
119 222
119 225
119 230
119 233
119 252
119 263
119 264
119 273
119 279
119 286
119 314
119 325
119 327
119 330
119 341
120 136
120 137
120 153
120 154
120 162
120 174
120 177
120 190
120 192
120 197
120 206
120 208
120 214
120 222
120 230
120 233
120 252
120 263
120 264
120 273
120 279
120 286
120 314
120 325
120 327
120 330
120 341
121 136
121 137
121 153
121 154
121 162
121 174
121 177
121 190
121 192
121 197
121 206
121 208
121 214
121 222
121 230
121 233
121 252
121 263
121 264
121 273
121 279
121 286
121 314
121 325
121 327
121 330
121 341
122 136
122 137
122 153
122 154
122 162
122 167
122 173
122 174
122 177
122 190
122 192
122 197
122 206
122 208
122 214
122 222
122 230
122 233
122 252
122 263
122 264
122 273
122 286
122 314
122 325
122 327
122 341
123 136
123 137
123 153
123 154
123 167
123 173
123 174
123 177
123 190
123 192
123 206
123 208
123 214
123 222
123 230
123 233
123 234
123 263
123 264
123 273
123 286
123 314
123 325
123 327
123 341
124 136
124 137
124 153
124 167
124 173
124 174
124 177
124 190
124 192
124 206
124 208
124 214
124 222
124 230
124 233
124 234
124 262
124 263
124 264
124 267
124 273
124 286
124 314
124 325
124 327
124 341
125 136
125 137
125 153
125 167
125 173
125 174
125 177
125 190
125 192
125 206
125 208
125 214
125 222
125 230
125 233
125 234
125 262
125 263
125 264
125 267
125 273
125 286
125 314
125 325
125 327
125 341
126 136
126 137
126 153
126 164
126 167
126 173
126 174
126 177
126 180
126 190
126 192
126 208
126 214
126 222
126 233
126 234
126 262
126 263
126 264
126 267
126 273
126 286
126 314
126 320
126 325
126 327
126 341
127 136
127 146
127 153
127 164
127 167
127 173
127 174
127 177
127 180
127 190
127 192
127 208
127 214
127 222
127 233
127 234
127 262
127 263
127 264
127 267
127 273
127 286
127 314
127 320
127 325
127 327
127 341
128 136
128 146
128 153
128 164
128 167
128 173
128 174
128 177
128 180
128 190
128 192
128 208
128 214
128 222
128 233
128 234
128 262
128 263
128 264
128 267
128 273
128 286
128 314
128 320
128 325
128 327
128 341
129 136
129 146
129 153
129 164
129 167
129 173
129 174
129 177
129 180
129 190
129 192
129 208
129 214
129 222
129 233
129 234
129 262
129 263
129 264
129 267
129 273
129 286
129 314
129 320
129 325
129 327
129 341
130 136
130 153
130 164
130 167
130 174
130 177
130 180
130 190
130 192
130 208
130 214
130 222
130 233
130 234
130 256
130 262
130 263
130 264
130 267
130 273
130 286
130 314
130 320
130 325
130 327
130 341
131 136
131 153
131 164
131 167
131 174
131 177
131 180
131 190
131 192
131 208
131 214
131 222
131 233
131 234
131 256
131 262
131 263
131 264
131 267
131 273
131 286
131 314
131 320
131 325
131 327
131 341
132 136
132 153
132 164
132 167
132 174
132 177
132 180
132 190
132 192
132 208
132 214
132 222
132 233
132 234
132 262
132 263
132 264
132 267
132 273
132 281
132 286
132 303
132 314
132 320
132 325
132 327
132 341
133 135
133 136
133 153
133 164
133 167
133 174
133 177
133 180
133 190
133 192
133 208
133 214
133 222
133 233
133 234
133 262
133 263
133 264
133 267
133 273
133 281
133 286
133 303
133 314
133 320
133 325
133 327
133 341
134 135
134 136
134 153
134 164
134 167
134 174
134 177
134 180
134 190
134 192
134 208
134 214
134 222
134 233
134 234
134 262
134 263
134 264
134 267
134 273
134 281
134 286
134 303
134 314
134 320
134 325
134 327
134 341
135 135
135 153
135 164
135 167
135 174
135 177
135 180
135 190
135 192
135 208
135 214
135 222
135 233
135 234
135 262
135 263
135 264
135 267
135 273
135 281
135 286
135 303
135 314
135 320
135 325
135 327
135 341
136 135
136 153
136 164
136 167
136 174
136 177
136 180
136 190
136 192
136 208
136 214
136 222
136 233
136 234
136 262
136 263
136 264
136 267
136 273
136 281
136 286
136 303
136 314
136 320
136 325
136 327
136 341
137 153
137 164
137 167
137 174
137 177
137 180
137 190
137 192
137 208
137 214
137 222
137 234
137 262
137 263
137 264
137 267
137 273
137 281
137 286
137 303
137 314
137 320
137 325
137 327
137 341
138 153
138 164
138 167
138 174
138 177
138 180
138 190
138 192
138 208
138 214
138 222
138 234
138 262
138 263
138 264
138 267
138 273
138 281
138 286
138 303
138 314
138 320
138 325
138 327
138 341
139 153
139 164
139 167
139 174
139 177
139 180
139 190
139 192
139 208
139 214
139 222
139 234
139 262
139 263
139 264
139 267
139 273
139 281
139 286
139 303
139 314
139 320
139 325
139 341
140 153
140 163
140 164
140 167
140 177
140 180
140 190
140 192
140 202
140 214
140 221
140 222
140 234
140 262
140 263
140 264
140 267
140 273
140 281
140 286
140 296
140 303
140 314
140 320
140 325
140 341
141 153
141 163
141 164
141 167
141 177
141 180
141 190
141 192
141 202
141 214
141 221
141 222
141 234
141 247
141 262
141 263
141 264
141 273
141 281
141 286
141 296
141 303
141 314
141 320
141 325
141 341
142 153
142 163
142 164
142 165
142 167
142 170
142 177
142 180
142 190
142 192
142 202
142 214
142 221
142 222
142 234
142 247
142 262
142 263
142 264
142 273
142 281
142 286
142 296
142 303
142 314
142 320
142 325
142 341
143 153
143 163
143 164
143 165
143 167
143 170
143 177
143 180
143 190
143 192
143 202
143 214
143 221
143 222
143 234
143 247
143 262
143 263
143 264
143 273
143 281
143 286
143 296
143 303
143 314
143 320
143 325
143 341
144 153
144 163
144 164
144 165
144 167
144 170
144 177
144 180
144 190
144 192
144 202
144 214
144 221
144 222
144 234
144 247
144 262
144 263
144 264
144 273
144 281
144 286
144 296
144 303
144 314
144 320
144 325
144 341
145 153
145 163
145 164
145 165
145 167
145 170
145 177
145 180
145 190
145 192
145 202
145 214
145 221
145 222
145 234
145 247
145 262
145 263
145 264
145 273
145 281
145 286
145 296
145 303
145 314
145 320
145 325
145 341
146 153
146 163
146 164
146 165
146 167
146 170
146 177
146 180
146 190
146 192
146 214
146 221
146 222
146 229
146 234
146 238
146 247
146 260
146 262
146 263
146 264
146 273
146 281
146 286
146 296
146 303
146 314
146 320
146 325
146 341
147 153
147 163
147 164
147 165
147 167
147 170
147 177
147 180
147 190
147 192
147 214
147 221
147 222
147 229
147 234
147 238
147 247
147 249
147 260
147 262
147 263
147 264
147 273
147 281
147 286
147 296
147 303
147 314
147 320
147 325
147 341
148 153
148 163
148 164
148 165
148 167
148 170
148 177
148 180
148 190
148 192
148 214
148 221
148 222
148 229
148 234
148 249
148 260
148 262
148 273
148 286
148 296
148 303
148 314
148 320
148 325
148 341
149 153
149 163
149 164
149 165
149 170
149 177
149 190
149 192
149 214
149 221
149 222
149 229
149 234
149 249
149 259
149 260
149 262
149 273
149 286
149 296
149 303
149 314
149 320
149 325
149 341
150 153
150 163
150 164
150 165
150 170
150 177
150 190
150 192
150 214
150 221
150 222
150 229
150 234
150 249
150 259
150 260
150 273
150 286
150 296
150 303
150 314
150 320
150 325
150 341
151 163
151 164
151 177
151 192
151 214
151 221
151 222
151 229
151 234
151 249
151 259
151 260
151 273
151 286
151 296
151 303
151 314
151 320
151 325
151 341
152 163
152 164
152 177
152 179
152 192
152 214
152 221
152 222
152 229
152 234
152 249
152 259
152 260
152 273
152 286
152 296
152 303
152 314
152 320
152 322
152 325
152 341
153 163
153 164
153 177
153 179
153 192
153 214
153 221
153 222
153 229
153 234
153 239
153 249
153 259
153 260
153 273
153 286
153 296
153 303
153 314
153 320
153 322
153 325
153 341
154 177
154 192
154 212
154 214
154 222
154 228
154 229
154 234
154 239
154 246
154 249
154 259
154 260
154 273
154 278
154 286
154 296
154 303
154 314
154 320
154 322
154 324
154 325
154 341
155 177
155 192
155 212
155 214
155 222
155 228
155 229
155 234
155 239
155 246
155 249
155 259
155 260
155 273
155 278
155 286
155 296
155 303
155 314
155 320
155 322
155 324
155 325
155 341
156 177
156 192
156 212
156 214
156 222
156 228
156 229
156 234
156 239
156 246
156 249
156 259
156 260
156 273
156 278
156 286
156 296
156 303
156 314
156 320
156 322
156 324
156 325
156 341
157 177
157 192
157 212
157 214
157 222
157 228
157 229
157 234
157 239
157 246
157 249
157 259
157 260
157 273
157 278
157 286
157 296
157 303
157 314
157 320
157 322
157 324
157 325
157 341
158 177
158 192
158 212
158 214
158 222
158 228
158 229
158 239
158 246
158 249
158 259
158 260
158 273
158 278
158 286
158 296
158 303
158 314
158 320
158 322
158 324
158 325
158 341
159 177
159 192
159 212
159 214
159 222
159 229
159 239
159 246
159 249
159 259
159 260
159 273
159 278
159 285
159 286
159 296
159 303
159 320
159 322
159 324
159 325
159 341
160 177
160 192
160 212
160 214
160 229
160 239
160 246
160 249
160 259
160 260
160 273
160 278
160 285
160 286
160 303
160 320
160 322
160 324
160 325
160 341
161 177
161 192
161 212
161 214
161 229
161 239
161 246
161 249
161 259
161 260
161 273
161 278
161 285
161 286
161 303
161 320
161 322
161 324
161 325
161 341
162 192
162 212
162 214
162 229
162 239
162 246
162 249
162 259
162 260
162 273
162 278
162 285
162 286
162 303
162 320
162 322
162 324
162 325
162 341
163 192
163 214
163 224
163 229
163 239
163 245
163 246
163 249
163 260
163 273
163 278
163 285
163 286
163 303
163 305
163 308
163 320
163 322
163 324
163 325
163 341
164 192
164 214
164 224
164 229
164 239
164 245
164 246
164 249
164 260
164 273
164 278
164 285
164 286
164 303
164 305
164 308
164 320
164 322
164 324
164 325
164 341
165 192
165 214
165 224
165 229
165 239
165 245
165 246
165 249
165 260
165 273
165 278
165 285
165 286
165 303
165 305
165 308
165 320
165 322
165 324
165 325
165 341
166 192
166 205
166 209
166 214
166 224
166 227
166 229
166 239
166 246
166 249
166 260
166 273
166 278
166 285
166 286
166 303
166 305
166 308
166 320
166 322
166 324
166 325
166 341
167 192
167 205
167 209
167 214
167 224
167 227
167 229
167 239
167 246
167 249
167 260
167 273
167 278
167 285
167 286
167 303
167 305
167 308
167 320
167 322
167 325
167 341
168 192
168 205
168 209
168 214
168 215
168 224
168 227
168 229
168 239
168 246
168 249
168 260
168 273
168 278
168 285
168 286
168 303
168 305
168 308
168 320
168 322
168 325
168 341
169 192
169 205
169 209
169 214
169 215
169 224
169 227
169 229
169 239
169 246
169 249
169 260
169 278
169 285
169 286
169 303
169 305
169 308
169 320
169 322
169 325
169 341
170 199
170 205
170 209
170 214
170 215
170 224
170 227
170 229
170 239
170 246
170 260
170 278
170 285
170 286
170 288
170 303
170 305
170 308
170 320
170 322
170 325
170 329
170 341
171 199
171 205
171 209
171 214
171 215
171 224
171 227
171 229
171 239
171 246
171 260
171 278
171 285
171 286
171 288
171 303
171 305
171 308
171 320
171 322
171 325
171 329
171 341
172 199
172 205
172 209
172 215
172 224
172 227
172 229
172 239
172 246
172 260
172 278
172 285
172 286
172 288
172 303
172 305
172 308
172 320
172 322
172 325
172 329
172 341
173 194
173 199
173 205
173 209
173 215
173 224
173 227
173 229
173 239
173 246
173 260
173 278
173 285
173 286
173 288
173 303
173 305
173 308
173 320
173 322
173 325
173 329
173 341
174 194
174 199
174 205
174 209
174 215
174 224
174 227
174 229
174 239
174 246
174 260
174 278
174 285
174 286
174 288
174 303
174 305
174 308
174 320
174 322
174 325
174 329
174 341
175 194
175 199
175 205
175 209
175 215
175 224
175 227
175 229
175 239
175 246
175 251
175 260
175 265
175 278
175 285
175 286
175 288
175 303
175 305
175 308
175 320
175 322
175 325
175 329
175 341
176 194
176 199
176 205
176 209
176 215
176 224
176 227
176 229
176 239
176 246
176 251
176 265
176 278
176 285
176 286
176 288
176 303
176 305
176 308
176 320
176 322
176 325
176 329
176 341
177 194
177 199
177 205
177 209
177 215
177 224
177 227
177 229
177 239
177 243
177 246
177 251
177 265
177 278
177 285
177 286
177 288
177 303
177 305
177 308
177 320
177 322
177 325
177 329
177 341
178 194
178 199
178 205
178 209
178 215
178 224
178 227
178 229
178 239
178 243
178 246
178 251
178 265
178 278
178 286
178 288
178 303
178 305
178 308
178 320
178 322
178 325
178 329
178 341
179 194
179 199
179 205
179 209
179 215
179 224
179 227
179 229
179 239
179 243
179 246
179 251
179 265
179 278
179 286
179 288
179 303
179 305
179 308
179 320
179 322
179 325
179 329
179 341
180 194
180 199
180 205
180 209
180 215
180 224
180 227
180 229
180 239
180 243
180 246
180 251
180 265
180 278
180 286
180 288
180 295
180 303
180 305
180 308
180 320
180 322
180 325
180 329
180 341
181 194
181 199
181 205
181 209
181 215
181 224
181 227
181 229
181 239
181 243
181 246
181 251
181 265
181 278
181 286
181 288
181 295
181 303
181 305
181 308
181 320
181 322
181 325
181 329
181 341
182 194
182 199
182 205
182 215
182 224
182 227
182 229
182 239
182 243
182 246
182 251
182 265
182 278
182 286
182 288
182 295
182 303
182 305
182 308
182 320
182 322
182 325
182 329
182 341
183 194
183 199
183 205
183 215
183 224
183 227
183 229
183 239
183 243
183 246
183 251
183 265
183 278
183 286
183 288
183 295
183 303
183 305
183 308
183 320
183 322
183 325
183 341
184 194
184 199
184 215
184 224
184 229
184 239
184 243
184 246
184 278
184 286
184 294
184 303
184 308
184 320
184 325
184 334
184 341
185 194
185 199
185 215
185 224
185 229
185 239
185 243
185 246
185 278
185 286
185 294
185 303
185 308
185 320
185 325
185 334
185 341
186 194
186 199
186 215
186 224
186 229
186 239
186 243
186 246
186 278
186 286
186 294
186 303
186 308
186 320
186 325
186 334
186 341
187 194
187 199
187 215
187 224
187 229
187 239
187 243
187 246
187 278
187 286
187 294
187 303
187 304
187 308
187 320
187 325
187 334
187 341
188 194
188 199
188 215
188 224
188 229
188 239
188 243
188 246
188 278
188 286
188 294
188 304
188 308
188 320
188 325
188 334
188 341
189 194
189 199
189 215
189 224
189 229
189 239
189 243
189 246
189 278
189 286
189 294
189 304
189 308
189 325
189 334
189 341
190 194
190 199
190 215
190 224
190 229
190 239
190 243
190 246
190 278
190 286
190 294
190 304
190 308
190 325
190 334
190 341
191 194
191 199
191 215
191 224
191 229
191 239
191 243
191 246
191 278
191 286
191 294
191 304
191 308
191 325
191 334
191 341
192 194
192 199
192 215
192 224
192 229
192 239
192 243
192 246
192 278
192 286
192 294
192 304
192 308
192 325
192 334
192 341
193 194
193 199
193 215
193 224
193 229
193 239
193 243
193 246
193 278
193 286
193 294
193 304
193 308
193 325
193 334
193 341
194 194
194 199
194 204
194 215
194 224
194 229
194 239
194 243
194 246
194 278
194 286
194 294
194 304
194 308
194 325
194 334
194 340
194 341
195 194
195 199
195 201
195 204
195 215
195 224
195 239
195 243
195 246
195 278
195 286
195 291
195 294
195 304
195 308
195 312
195 325
195 334
195 340
195 341
196 199
196 201
196 204
196 215
196 224
196 239
196 243
196 246
196 277
196 278
196 286
196 291
196 294
196 304
196 308
196 312
196 319
196 325
196 334
196 340
196 341
197 201
197 204
197 215
197 217
197 224
197 239
197 243
197 277
197 278
197 286
197 291
197 294
197 304
197 308
197 312
197 319
197 325
197 334
197 340
197 341
198 201
198 204
198 215
198 217
198 224
198 239
198 243
198 277
198 278
198 286
198 291
198 294
198 304
198 308
198 312
198 319
198 325
198 334
198 340
198 341
199 201
199 204
199 215
199 217
199 224
199 239
199 243
199 277
199 278
199 286
199 291
199 294
199 304
199 308
199 312
199 319
199 325
199 334
199 340
199 341
200 201
200 204
200 215
200 217
200 224
200 239
200 243
200 277
200 278
200 286
200 291
200 294
200 304
200 308
200 312
200 319
200 325
200 334
200 340
200 341
201 201
201 204
201 215
201 217
201 224
201 239
201 243
201 277
201 278
201 286
201 291
201 294
201 304
201 308
201 312
201 319
201 325
201 334
201 340
201 341
202 201
202 204
202 215
202 217
202 224
202 239
202 243
202 277
202 278
202 286
202 291
202 294
202 304
202 308
202 312
202 319
202 325
202 334
202 340
202 341
203 204
203 215
203 217
203 224
203 239
203 243
203 277
203 278
203 286
203 294
203 304
203 308
203 312
203 319
203 325
203 334
203 341
204 204
204 215
204 217
204 224
204 239
204 243
204 277
204 278
204 286
204 294
204 300
204 304
204 308
204 312
204 319
204 325
204 334
204 341
205 224
205 239
205 243
205 278
205 286
205 294
205 300
205 304
205 308
205 312
205 319
205 325
205 336
206 224
206 243
206 278
206 286
206 294
206 300
206 304
206 308
206 312
206 319
206 325
206 336
207 224
207 243
207 278
207 286
207 294
207 300
207 304
207 308
207 312
207 319
207 325
207 336
208 224
208 243
208 278
208 286
208 294
208 300
208 304
208 308
208 312
208 319
208 336
209 224
209 243
209 278
209 286
209 294
209 300
209 304
209 308
209 312
209 319
209 336
210 224
210 243
210 278
210 286
210 294
210 300
210 304
210 308
210 312
210 319
210 336
211 224
211 243
211 278
211 286
211 294
211 300
211 304
211 308
211 312
211 319
211 336
212 224
212 243
212 278
212 286
212 300
212 304
212 308
212 312
212 319
212 336
213 224
213 243
213 278
213 286
213 300
213 304
213 308
213 312
213 319
213 336
214 243
214 278
214 286
214 300
214 304
214 308
214 312
214 319
214 336
215 243
215 278
215 286
215 300
215 304
215 308
215 312
215 319
215 336
216 243
216 278
216 286
216 300
216 304
216 308
216 312
216 319
216 336
217 236
217 243
217 250
217 278
217 286
217 300
217 304
217 308
217 312
217 319
217 336
218 236
218 243
218 250
218 278
218 286
218 300
218 304
218 308
218 312
218 319
218 336
219 236
219 243
219 250
219 278
219 286
219 300
219 304
219 308
219 310
219 312
219 319
219 336
220 236
220 243
220 250
220 278
220 286
220 300
220 304
220 308
220 310
220 312
220 319
220 332
220 336
221 236
221 243
221 250
221 278
221 286
221 300
221 304
221 308
221 310
221 312
221 319
221 332
221 336
222 236
222 243
222 250
222 278
222 286
222 300
222 304
222 308
222 310
222 312
222 332
222 336
223 236
223 243
223 250
223 278
223 286
223 300
223 304
223 308
223 310
223 312
223 332
223 336
224 236
224 243
224 250
224 278
224 286
224 300
224 304
224 310
224 312
224 332
224 336
225 236
225 243
225 250
225 275
225 278
225 286
225 304
225 310
225 312
225 332
225 336
226 236
226 243
226 250
226 261
226 275
226 286
226 304
226 310
226 312
226 332
226 336
227 236
227 243
227 250
227 261
227 275
227 286
227 304
227 310
227 312
227 332
227 336
228 236
228 243
228 250
228 261
228 275
228 286
228 304
228 310
228 312
228 332
228 336
229 236
229 243
229 250
229 261
229 275
229 304
229 310
229 312
229 332
229 336
230 236
230 243
230 250
230 261
230 275
230 304
230 310
230 336
231 236
231 243
231 250
231 261
231 275
231 304
231 310
231 336
232 236
232 243
232 250
232 261
232 275
232 310
232 336
233 236
233 243
233 250
233 261
233 275
233 310
233 336
234 236
234 243
234 250
234 261
234 275
234 310
234 336
235 236
235 243
235 250
235 275
235 310
235 336
235 345
236 236
236 243
236 250
236 275
236 310
236 336
236 345
237 236
237 243
237 250
237 271
237 275
237 310
237 336
237 345
238 236
238 243
238 250
238 271
238 275
238 336
238 345
239 236
239 243
239 250
239 271
239 275
239 336
239 345
240 236
240 243
240 250
240 271
240 275
240 336
240 339
240 345
241 236
241 243
241 250
241 271
241 275
241 336
241 339
241 345
242 236
242 243
242 250
242 271
242 275
242 339
242 345
243 236
243 243
243 271
243 275
243 339
243 345
244 236
244 243
244 271
244 275
244 339
244 345
245 236
245 243
245 271
245 275
245 339
245 345
246 236
246 243
246 271
246 275
246 339
246 345
247 236
247 243
247 271
247 275
247 339
247 345
248 236
248 243
248 271
248 275
248 339
248 345
249 243
249 271
249 275
249 339
250 243
250 271
250 275
250 339
251 243
251 271
251 275
251 339
252 243
252 271
252 275
252 339
253 243
253 271
253 275
253 311
253 339
254 243
254 271
254 275
254 311
254 339
255 243
255 271
255 275
255 311
255 335
255 339
256 243
256 271
256 275
256 299
256 311
256 335
256 339
257 243
257 271
257 275
257 299
257 311
257 335
257 339
258 243
258 271
258 275
258 299
258 311
258 335
258 339
259 243
259 271
259 275
259 299
259 311
259 335
259 339
260 243
260 271
260 275
260 311
260 335
260 339
261 243
261 271
261 275
261 311
261 335
261 339
262 243
262 271
262 275
262 311
262 339
263 243
263 271
263 275
263 311
263 339
264 243
264 271
264 275
264 311
264 339
265 243
265 271
265 275
265 311
265 339
266 243
266 271
266 275
266 311
266 339
266 344
267 243
267 271
267 275
267 311
267 339
267 344
267 347
268 243
268 271
268 275
268 311
268 339
268 344
268 347
269 243
269 271
269 275
269 311
269 339
269 344
269 347
270 243
270 271
270 275
270 339
270 344
270 347
270 349
271 243
271 271
271 275
271 339
271 344
271 347
271 349
272 271
272 275
272 339
272 344
272 347
272 349
273 271
273 275
273 339
273 344
273 347
273 349
274 271
274 275
274 339
274 344
274 347
274 349
275 271
275 275
275 339
275 344
275 347
275 349
276 271
276 275
276 333
276 339
276 344
276 347
276 349
277 271
277 275
277 333
277 339
277 344
277 347
277 349
278 271
278 275
278 333
278 339
278 344
278 347
278 349
279 271
279 333
279 339
279 344
279 347
279 349
280 271
280 333
280 339
280 344
280 347
280 349
281 271
281 333
281 339
281 344
281 347
281 349
282 271
282 333
282 339
282 344
282 347
282 349
283 271
283 333
283 339
283 344
283 347
283 349
284 271
284 333
284 339
284 344
284 347
284 349
285 271
285 333
285 339
285 344
285 347
285 349
286 271
286 333
286 339
286 344
286 347
286 349
287 271
287 333
287 339
287 344
287 347
287 349
288 271
288 339
288 344
288 347
288 349
289 271
289 339
289 344
289 347
289 348
289 349
290 271
290 339
290 344
290 347
290 348
290 349
291 271
291 339
291 344
291 347
291 348
291 349
292 271
292 339
292 344
292 347
292 348
292 349
293 271
293 339
293 344
293 347
293 348
293 349
294 271
294 339
294 344
294 347
294 348
294 349
295 271
295 339
295 344
295 347
295 348
295 349
296 271
296 339
296 344
296 347
296 348
296 349
297 271
297 339
297 344
297 347
297 348
297 349
298 271
298 339
298 344
298 347
298 348
298 349
299 271
299 339
299 344
299 347
299 348
299 349
300 271
300 339
300 344
300 347
300 348
301 271
301 339
301 344
301 347
301 348
302 271
302 339
302 344
302 347
302 348
303 271
303 339
303 344
303 347
303 348
304 339
304 344
304 347
304 348
305 339
305 344
305 347
305 348
306 339
306 344
306 347
306 348
307 339
307 344
307 347
307 348
308 339
308 344
308 347
308 348
309 339
309 344
309 347
309 348
310 339
310 344
310 347
311 339
311 344
311 347
312 339
312 344
312 347
313 339
313 344
313 347
314 339
314 344
314 347
315 339
315 344
315 347
316 339
316 344
316 347
317 339
317 344
317 347
318 339
318 344
318 347
319 339
319 344
319 347
320 339
320 344
320 347
321 339
321 344
321 347
322 339
322 344
322 347
323 339
323 344
323 347
324 339
324 344
324 347
325 339
325 344
325 347
326 339
326 344
326 347
327 339
327 344
327 347
328 344
328 347
329 344
329 347
330 344
330 347
331 344
331 347
332 344
332 347
333 344
333 347
334 344
334 347
335 344
335 347
336 344
337 344
338 344
