0 5
0 18
0 19
0 65
0 76
0 154
0 180
1 19
1 30
1 41
1 65
1 76
1 154
1 180
2 9
2 10
2 19
2 30
2 41
2 65
2 76
2 132
2 154
2 180
3 8
3 9
3 10
3 12
3 17
3 19
3 25
3 30
3 41
3 53
3 62
3 76
3 132
3 154
3 180
4 8
4 9
4 10
4 12
4 17
4 19
4 25
4 30
4 41
4 53
4 62
4 76
4 114
4 132
4 154
4 180
5 9
5 10
5 17
5 19
5 25
5 30
5 38
5 41
5 53
5 62
5 76
5 114
5 132
5 154
5 180
6 25
6 38
6 41
6 53
6 62
6 76
6 106
6 114
6 132
6 154
6 180
7 25
7 26
7 33
7 38
7 41
7 53
7 62
7 76
7 106
7 114
7 132
7 154
7 180
8 25
8 26
8 33
8 38
8 41
8 53
8 62
8 76
8 106
8 114
8 132
8 154
8 180
9 26
9 38
9 41
9 53
9 76
9 99
9 114
9 132
9 141
9 154
9 180
9 262
10 26
10 38
10 41
10 53
10 76
10 99
10 114
10 132
10 141
10 154
10 180
10 262
11 26
11 41
11 53
11 63
11 76
11 114
11 132
11 141
11 154
11 180
11 262
12 14
12 20
12 21
12 24
12 27
12 41
12 47
12 53
12 70
12 83
12 101
12 114
12 132
12 141
12 154
12 160
12 180
12 262
12 301
13 14
13 20
13 21
13 24
13 27
13 41
13 47
13 53
13 70
13 83
13 101
13 114
13 132
13 141
13 154
13 160
13 180
13 262
13 301
14 14
14 20
14 21
14 27
14 41
14 53
14 70
14 83
14 101
14 114
14 132
14 141
14 154
14 160
14 180
14 211
14 262
14 301
15 21
15 27
15 41
15 70
15 83
15 101
15 114
15 132
15 141
15 154
15 160
15 180
15 211
15 262
15 301
16 27
16 70
16 83
16 101
16 114
16 132
16 141
16 154
16 160
16 180
16 211
16 262
16 301
17 27
17 70
17 83
17 101
17 114
17 132
17 141
17 154
17 160
17 180
17 211
17 262
17 301
18 29
18 67
18 70
18 83
18 101
18 114
18 132
18 141
18 154
18 160
18 180
18 208
18 262
18 301
19 22
19 29
19 35
19 70
19 83
19 101
19 114
19 132
19 141
19 142
19 160
19 180
19 208
19 225
19 262
19 296
19 301
19 340
19 348
20 22
20 29
20 35
20 70
20 83
20 101
20 114
20 132
20 141
20 142
20 160
20 180
20 208
20 225
20 262
20 296
20 301
20 340
20 348
21 22
21 29
21 35
21 70
21 83
21 101
21 114
21 132
21 141
21 142
21 160
21 180
21 208
21 225
21 262
21 296
21 301
21 303
21 340
21 348
22 22
22 29
22 35
22 69
22 70
22 83
22 101
22 114
22 141
22 142
22 160
22 180
22 208
22 225
22 262
22 296
22 301
22 303
22 340
22 348
23 22
23 29
23 35
23 69
23 70
23 83
23 101
23 114
23 141
23 142
23 160
23 180
23 208
23 225
23 262
23 296
23 301
23 303
23 340
23 348
24 22
24 28
24 29
24 35
24 37
24 59
24 69
24 83
24 101
24 114
24 131
24 141
24 142
24 160
24 180
24 208
24 225
24 262
24 281
24 294
24 296
24 301
24 303
24 340
24 348
25 22
25 28
25 29
25 35
25 37
25 59
25 69
25 83
25 101
25 114
25 131
25 141
25 142
25 160
25 180
25 208
25 225
25 262
25 281
25 294
25 296
25 301
25 303
25 340
25 348
26 22
26 29
26 35
26 59
26 69
26 83
26 101
26 114
26 131
26 141
26 142
26 160
26 180
26 208
26 225
26 262
26 281
26 294
26 296
26 301
26 303
26 340
26 348
27 35
27 39
27 48
27 59
27 68
27 69
27 77
27 83
27 101
27 109
27 114
27 131
27 134
27 141
27 142
27 156
27 160
27 180
27 184
27 208
27 225
27 262
27 274
27 281
27 294
27 296
27 301
27 303
27 308
27 340
27 348
28 35
28 39
28 48
28 49
28 52
28 75
28 77
28 103
28 109
28 114
28 131
28 134
28 141
28 142
28 156
28 160
28 180
28 184
28 208
28 225
28 262
28 281
28 294
28 301
28 303
28 308
28 340
28 345
28 348
29 39
29 48
29 49
29 52
29 75
29 77
29 103
29 109
29 114
29 131
29 134
29 141
29 142
29 156
29 160
29 180
29 184
29 208
29 262
29 281
29 294
29 301
29 308
29 340
29 345
30 39
30 48
30 49
30 52
30 75
30 77
30 103
30 109
30 114
30 131
30 134
30 141
30 142
30 156
30 160
30 180
30 184
30 262
30 281
30 294
30 301
30 308
30 340
30 345
31 39
31 45
31 48
31 49
31 52
31 75
31 77
31 81
31 103
31 109
31 114
31 131
31 134
31 141
31 160
31 177
31 180
31 184
31 189
31 210
31 261
31 262
31 294
31 301
31 308
31 340
32 39
32 45
32 48
32 49
32 52
32 75
32 77
32 81
32 103
32 109
32 114
32 131
32 134
32 141
32 160
32 177
32 180
32 184
32 189
32 210
32 261
32 262
32 284
32 294
32 301
32 308
32 340
33 45
33 58
33 64
33 72
33 77
33 78
33 81
33 82
33 90
33 95
33 103
33 114
33 141
33 151
33 158
33 173
33 177
33 184
33 189
33 210
33 237
33 284
33 294
33 301
33 308
33 340
34 45
34 58
34 61
34 64
34 72
34 77
34 78
34 81
34 82
34 90
34 95
34 103
34 114
34 141
34 151
34 158
34 173
34 177
34 184
34 189
34 210
34 237
34 284
34 294
34 301
34 308
34 340
35 45
35 58
35 61
35 64
35 72
35 77
35 78
35 81
35 82
35 84
35 90
35 95
35 114
35 127
35 141
35 151
35 173
35 177
35 184
35 189
35 210
35 216
35 237
35 250
35 284
35 294
35 308
35 340
36 45
36 58
36 61
36 64
36 72
36 78
36 81
36 82
36 84
36 90
36 95
36 96
36 114
36 127
36 141
36 151
36 177
36 184
36 189
36 210
36 216
36 237
36 250
36 284
36 294
36 308
36 340
37 58
37 60
37 61
37 64
37 78
37 79
37 81
37 90
37 95
37 100
37 105
37 114
37 125
37 150
37 151
37 177
37 184
37 210
37 216
37 237
37 250
37 264
37 284
37 294
37 308
37 340
37 347
38 40
38 58
38 60
38 61
38 64
38 78
38 79
38 81
38 90
38 95
38 100
38 105
38 112
38 114
38 125
38 150
38 151
38 177
38 184
38 210
38 216
38 237
38 250
38 264
38 284
38 294
38 308
38 340
38 347
39 42
39 58
39 60
39 64
39 78
39 79
39 81
39 85
39 90
39 94
39 95
39 100
39 105
39 112
39 114
39 144
39 150
39 151
39 168
39 169
39 177
39 184
39 216
39 237
39 250
39 264
39 284
39 294
39 308
39 340
39 347
40 42
40 58
40 60
40 64
40 78
40 79
40 81
40 85
40 90
40 94
40 95
40 100
40 105
40 112
40 114
40 144
40 150
40 151
40 168
40 169
40 177
40 184
40 216
40 237
40 250
40 264
40 284
40 294
40 308
40 340
40 347
41 43
41 54
41 55
41 58
41 60
41 64
41 78
41 79
41 94
41 100
41 105
41 112
41 114
41 122
41 144
41 150
41 151
41 168
41 169
41 177
41 184
41 216
41 237
41 250
41 264
41 284
41 294
41 302
41 308
41 340
41 347
42 54
42 55
42 58
42 64
42 78
42 79
42 94
42 100
42 105
42 112
42 114
42 122
42 144
42 150
42 151
42 168
42 169
42 177
42 184
42 216
42 237
42 250
42 264
42 284
42 294
42 302
42 308
42 340
42 347
43 54
43 55
43 58
43 64
43 78
43 79
43 94
43 100
43 105
43 112
43 114
43 122
43 144
43 150
43 151
43 168
43 169
43 177
43 184
43 191
43 216
43 237
43 250
43 264
43 284
43 294
43 302
43 308
43 340
43 347
44 54
44 55
44 58
44 64
44 78
44 79
44 94
44 100
44 105
44 112
44 114
44 122
44 144
44 150
44 151
44 168
44 169
44 177
44 184
44 191
44 216
44 237
44 250
44 264
44 284
44 294
44 302
44 308
44 340
44 347
45 54
45 55
45 58
45 64
45 73
45 78
45 79
45 94
45 100
45 105
45 112
45 114
45 122
45 144
45 150
45 151
45 168
45 169
45 177
45 184
45 191
45 237
45 250
45 264
45 284
45 294
45 302
45 340
45 347
46 54
46 55
46 58
46 64
46 73
46 78
46 79
46 94
46 100
46 105
46 112
46 114
46 122
46 144
46 150
46 151
46 168
46 169
46 177
46 181
46 184
46 191
46 237
46 250
46 264
46 284
46 294
46 302
46 340
46 347
47 54
47 64
47 73
47 78
47 100
47 105
47 112
47 114
47 122
47 144
47 150
47 151
47 167
47 168
47 169
47 177
47 181
47 184
47 191
47 237
47 250
47 264
47 277
47 284
47 294
47 302
47 338
47 340
47 347
48 54
48 64
48 73
48 78
48 100
48 105
48 112
48 114
48 121
48 122
48 144
48 150
48 151
48 167
48 168
48 169
48 177
48 178
48 181
48 184
48 191
48 237
48 250
48 264
48 277
48 284
48 294
48 302
48 338
48 340
48 347
49 54
49 64
49 71
49 73
49 78
49 100
49 112
49 114
49 121
49 122
49 144
49 150
49 151
49 167
49 168
49 169
49 177
49 178
49 181
49 184
49 191
49 237
49 250
49 264
49 277
49 284
49 294
49 302
49 338
49 340
49 347
50 54
50 64
50 71
50 73
50 86
50 114
50 121
50 122
50 144
50 150
50 151
50 167
50 168
50 169
50 178
50 179
50 181
50 184
50 191
50 193
50 207
50 233
50 237
50 250
50 264
50 275
50 277
50 284
50 286
50 294
50 302
50 338
50 340
50 347
51 54
51 64
51 71
51 73
51 86
51 114
51 121
51 122
51 150
51 151
51 167
51 168
51 169
51 178
51 179
51 181
51 184
51 191
51 193
51 207
51 233
51 237
51 250
51 264
51 275
51 277
51 284
51 286
51 294
51 302
51 326
51 338
51 340
51 347
52 64
52 71
52 73
52 114
52 121
52 122
52 150
52 151
52 167
52 168
52 169
52 178
52 179
52 181
52 184
52 191
52 193
52 196
52 233
52 237
52 250
52 264
52 275
52 277
52 284
52 286
52 294
52 302
52 326
52 338
52 340
52 347
53 64
53 71
53 73
53 89
53 114
53 121
53 122
53 150
53 151
53 167
53 168
53 169
53 178
53 181
53 184
53 191
53 193
53 196
53 233
53 237
53 250
53 264
53 275
53 277
53 284
53 294
53 302
53 326
53 338
53 340
53 347
54 64
54 71
54 73
54 89
54 113
54 114
54 121
54 122
54 150
54 151
54 167
54 168
54 169
54 178
54 181
54 184
54 191
54 193
54 196
54 233
54 237
54 250
54 264
54 275
54 277
54 284
54 302
54 326
54 338
54 340
54 347
55 64
55 71
55 73
55 89
55 113
55 114
55 121
55 122
55 150
55 151
55 167
55 168
55 169
55 178
55 181
55 184
55 191
55 193
55 196
55 233
55 237
55 250
55 264
55 275
55 277
55 284
55 302
55 309
55 326
55 338
55 340
55 347
56 64
56 71
56 89
56 97
56 113
56 114
56 121
56 150
56 168
56 169
56 178
56 181
56 184
56 191
56 193
56 233
56 235
56 237
56 250
56 275
56 277
56 284
56 302
56 309
56 326
56 338
56 340
56 347
57 71
57 89
57 111
57 113
57 121
57 168
57 169
57 181
57 191
57 193
57 233
57 235
57 237
57 250
57 275
57 277
57 284
57 302
57 309
57 326
57 338
57 340
57 347
58 71
58 89
58 111
58 113
58 121
58 140
58 168
58 169
58 181
58 191
58 193
58 233
58 235
58 237
58 250
58 275
58 277
58 284
58 302
58 309
58 326
58 338
58 347
59 71
59 89
59 111
59 113
59 121
59 140
59 168
59 169
59 181
59 191
59 193
59 233
59 235
59 237
59 250
59 275
59 277
59 284
59 302
59 309
59 326
59 338
59 347
60 71
60 89
60 111
60 113
60 121
60 140
60 168
60 169
60 181
60 191
60 193
60 233
60 235
60 237
60 250
60 275
60 277
60 284
60 302
60 309
60 326
60 338
60 347
61 71
61 89
61 111
61 113
61 129
61 168
61 169
61 181
61 191
61 193
61 233
61 235
61 237
61 250
61 275
61 277
61 284
61 302
61 309
61 326
61 338
61 347
62 89
62 111
62 113
62 129
62 168
62 169
62 181
62 191
62 193
62 233
62 235
62 237
62 250
62 275
62 277
62 284
62 302
62 309
62 326
62 338
62 347
63 89
63 111
63 113
63 129
63 145
63 168
63 169
63 181
63 191
63 193
63 233
63 235
63 237
63 250
63 275
63 277
63 284
63 302
63 309
63 326
63 338
63 347
64 89
64 129
64 145
64 168
64 181
64 191
64 193
64 233
64 235
64 237
64 250
64 275
64 277
64 284
64 302
64 309
64 326
64 338
64 347
65 89
65 128
65 129
65 145
65 153
65 168
65 181
65 191
65 193
65 233
65 235
65 237
65 250
65 275
65 277
65 284
65 302
65 309
65 326
65 338
65 347
66 89
66 128
66 129
66 145
66 153
66 168
66 181
66 191
66 193
66 233
66 235
66 237
66 250
66 272
66 275
66 277
66 284
66 302
66 309
66 326
66 338
66 347
67 89
67 128
67 129
67 145
67 153
67 168
67 181
67 191
67 193
67 233
67 235
67 237
67 250
67 272
67 275
67 277
67 284
67 302
67 309
67 326
67 338
67 347
68 89
68 128
68 129
68 145
68 153
68 168
68 181
68 191
68 193
68 233
68 235
68 237
68 250
68 272
68 275
68 277
68 284
68 302
68 309
68 326
68 338
68 347
69 89
69 128
69 129
69 145
69 153
69 168
69 181
69 191
69 193
69 233
69 235
69 237
69 250
69 272
69 275
69 277
69 284
69 302
69 309
69 326
69 338
69 347
70 128
70 129
70 145
70 153
70 161
70 168
70 181
70 191
70 193
70 233
70 235
70 250
70 272
70 275
70 277
70 284
70 309
70 326
70 347
71 128
71 129
71 145
71 153
71 161
71 168
71 191
71 193
71 233
71 235
71 250
71 272
71 275
71 277
71 284
71 309
71 326
71 347
72 110
72 128
72 129
72 145
72 153
72 161
72 168
72 191
72 193
72 230
72 233
72 235
72 250
72 272
72 275
72 277
72 284
72 309
72 326
72 347
73 110
73 128
73 129
73 145
73 153
73 161
73 168
73 191
73 193
73 230
73 233
73 235
73 250
73 272
73 275
73 277
73 284
73 309
73 326
73 347
74 108
74 110
74 126
74 129
74 145
74 153
74 161
74 168
74 190
74 191
74 193
74 233
74 235
74 250
74 272
74 275
74 277
74 284
74 309
74 326
74 347
75 110
75 126
75 129
75 153
75 161
75 168
75 190
75 191
75 193
75 233
75 235
75 241
75 250
75 272
75 275
75 277
75 284
75 309
75 326
75 347
76 110
76 126
76 129
76 149
76 153
76 161
76 168
76 170
76 171
76 175
76 190
76 191
76 233
76 241
76 250
76 272
76 275
76 277
76 284
76 309
76 326
76 331
76 332
76 347
77 110
77 126
77 129
77 149
77 153
77 161
77 168
77 170
77 171
77 175
77 190
77 191
77 241
77 250
77 272
77 275
77 277
77 284
77 309
77 326
77 331
77 332
77 347
78 110
78 126
78 149
78 153
78 161
78 168
78 171
78 175
78 190
78 191
78 241
78 250
78 272
78 275
78 277
78 284
78 309
78 326
78 331
78 332
79 107
79 110
79 126
79 149
79 153
79 161
79 168
79 171
79 175
79 191
79 241
79 250
79 272
79 275
79 277
79 284
79 297
79 309
79 326
79 331
79 332
80 107
80 110
80 126
80 149
80 153
80 161
80 168
80 171
80 175
80 191
80 241
80 250
80 272
80 275
80 277
80 284
80 297
80 309
80 326
80 331
80 332
81 107
81 110
81 124
81 126
81 149
81 153
81 161
81 171
81 175
81 191
81 221
81 224
81 241
81 250
81 257
81 272
81 275
81 277
81 284
81 297
81 309
81 326
81 331
81 332
82 107
82 110
82 124
82 126
82 149
82 153
82 161
82 171
82 175
82 191
82 221
82 224
82 241
82 250
82 257
82 272
82 275
82 277
82 284
82 297
82 309
82 326
82 327
82 331
82 332
83 91
83 107
83 110
83 124
83 126
83 149
83 153
83 159
83 161
83 171
83 175
83 191
83 221
83 224
83 241
83 250
83 257
83 272
83 275
83 277
83 284
83 297
83 309
83 326
83 327
83 331
83 332
84 93
84 104
84 107
84 110
84 124
84 126
84 149
84 153
84 159
84 161
84 174
84 175
84 191
84 221
84 224
84 241
84 250
84 257
84 272
84 275
84 277
84 284
84 297
84 309
84 326
84 327
84 331
84 332
84 334
85 107
85 124
85 126
85 149
85 153
85 159
85 161
85 174
85 175
85 191
85 221
85 224
85 241
85 250
85 257
85 272
85 275
85 277
85 284
85 297
85 309
85 326
85 327
85 331
85 332
85 334
86 107
86 124
86 126
86 149
86 153
86 159
86 161
86 174
86 175
86 191
86 221
86 224
86 241
86 250
86 257
86 272
86 275
86 277
86 284
86 297
86 309
86 326
86 327
86 331
86 332
86 334
87 107
87 124
87 126
87 149
87 153
87 159
87 174
87 175
87 191
87 221
87 224
87 241
87 250
87 257
87 272
87 275
87 277
87 284
87 297
87 309
87 326
87 327
87 331
87 332
87 334
88 124
88 126
88 149
88 153
88 159
88 174
88 175
88 191
88 197
88 221
88 224
88 241
88 250
88 251
88 257
88 272
88 275
88 277
88 284
88 297
88 309
88 326
88 327
88 331
88 332
88 334
89 102
89 126
89 149
89 153
89 159
89 174
89 175
89 176
89 197
89 221
89 224
89 241
89 250
89 251
89 257
89 272
89 275
89 277
89 284
89 297
89 309
89 326
89 327
89 331
89 334
90 102
90 126
90 149
90 153
90 159
90 174
90 175
90 176
90 197
90 221
90 224
90 241
90 250
90 251
90 257
90 275
90 277
90 284
90 290
90 297
90 309
90 326
90 327
90 331
90 334
91 102
91 126
91 153
91 159
91 174
91 175
91 176
91 197
91 221
91 224
91 241
91 250
91 251
91 257
91 275
91 277
91 284
91 290
91 297
91 309
91 326
91 327
91 334
91 337
92 102
92 126
92 153
92 159
92 174
92 175
92 176
92 197
92 221
92 224
92 241
92 250
92 251
92 257
92 275
92 277
92 284
92 290
92 297
92 309
92 326
92 327
92 334
92 337
93 102
93 126
93 153
93 159
93 174
93 175
93 176
93 197
93 221
93 224
93 241
93 250
93 251
93 257
93 275
93 277
93 284
93 290
93 297
93 309
93 326
93 327
93 334
93 337
94 102
94 126
94 130
94 153
94 159
94 174
94 175
94 176
94 197
94 221
94 224
94 241
94 250
94 251
94 257
94 275
94 284
94 290
94 297
94 309
94 326
94 327
94 334
94 337
95 102
95 126
95 130
95 153
95 159
95 165
95 174
95 175
95 176
95 197
95 214
95 221
95 224
95 250
95 251
95 275
95 284
95 290
95 309
95 326
95 334
95 337
95 343
96 102
96 117
96 130
96 153
96 159
96 165
96 174
96 175
96 176
96 197
96 214
96 221
96 224
96 226
96 250
96 251
96 275
96 284
96 290
96 309
96 326
96 334
96 337
96 343
97 102
97 117
97 130
97 159
97 165
97 174
97 175
97 176
97 197
97 214
97 221
97 224
97 226
97 250
97 251
97 275
97 284
97 309
97 326
97 334
97 337
97 343
98 102
98 117
98 130
98 159
98 165
98 174
98 175
98 176
98 197
98 214
98 221
98 224
98 226
98 250
98 251
98 275
98 284
98 309
98 326
98 334
98 337
98 343
99 117
99 120
99 130
99 135
99 157
99 159
99 165
99 172
99 174
99 175
99 197
99 214
99 224
99 226
99 250
99 251
99 275
99 284
99 300
99 309
99 334
99 337
99 343
100 117
100 120
100 130
100 135
100 157
100 159
100 165
100 172
100 174
100 175
100 192
100 197
100 214
100 224
100 226
100 250
100 251
100 266
100 275
100 284
100 300
100 309
100 334
100 337
100 343
101 116
101 117
101 120
101 130
101 135
101 172
101 174
101 175
101 192
101 197
101 201
101 214
101 224
101 226
101 250
101 251
101 266
101 267
101 275
101 300
101 309
101 334
101 337
101 343
102 116
102 117
102 120
102 130
102 135
102 148
102 172
102 174
102 175
102 192
102 197
102 201
102 212
102 214
102 224
102 226
102 250
102 251
102 266
102 267
102 275
102 300
102 309
102 334
102 337
103 116
103 117
103 120
103 130
103 135
103 148
103 172
103 174
103 175
103 192
103 197
103 201
103 212
103 214
103 224
103 226
103 250
103 251
103 266
103 267
103 275
103 300
103 309
103 334
103 337
104 117
104 119
104 120
104 148
104 172
104 174
104 175
104 185
104 192
104 195
104 201
104 212
104 214
104 218
104 224
104 226
104 240
104 250
104 251
104 266
104 267
104 275
104 300
104 309
104 315
104 324
104 334
104 337
105 117
105 119
105 120
105 172
105 174
105 175
105 185
105 192
105 195
105 201
105 204
105 212
105 214
105 218
105 224
105 226
105 240
105 250
105 251
105 266
105 267
105 275
105 299
105 300
105 309
105 315
105 324
105 334
105 337
106 117
106 119
106 120
106 172
106 174
106 175
106 185
106 192
106 195
106 201
106 204
106 212
106 214
106 218
106 224
106 226
106 240
106 250
106 251
106 266
106 267
106 275
106 299
106 300
106 309
106 315
106 324
106 334
106 337
107 117
107 119
107 120
107 172
107 174
107 175
107 185
107 192
107 195
107 201
107 204
107 212
107 214
107 218
107 224
107 226
107 240
107 250
107 251
107 255
107 266
107 267
107 275
107 299
107 300
107 309
107 315
107 324
107 334
107 337
108 117
108 118
108 119
108 120
108 172
108 174
108 175
108 185
108 192
108 195
108 204
108 212
108 214
108 223
108 224
108 226
108 240
108 250
108 251
108 255
108 266
108 267
108 275
108 295
108 299
108 300
108 309
108 315
108 324
108 334
108 337
109 118
109 119
109 120
109 172
109 174
109 175
109 185
109 192
109 195
109 204
109 212
109 214
109 223
109 224
109 226
109 240
109 250
109 251
109 255
109 266
109 267
109 275
109 295
109 299
109 300
109 309
109 315
109 324
109 334
109 337
110 118
110 119
110 120
110 152
110 174
110 175
110 185
110 192
110 195
110 204
110 212
110 214
110 223
110 224
110 226
110 240
110 250
110 251
110 255
110 266
110 267
110 275
110 295
110 299
110 300
110 309
110 324
110 334
110 337
111 115
111 118
111 119
111 120
111 143
111 152
111 174
111 175
111 185
111 192
111 195
111 204
111 212
111 214
111 223
111 224
111 226
111 231
111 240
111 250
111 251
111 255
111 266
111 267
111 275
111 295
111 299
111 300
111 309
111 324
111 334
111 337
111 341
112 115
112 118
112 119
112 120
112 133
112 139
112 143
112 175
112 185
112 192
112 204
112 212
112 214
112 220
112 223
112 224
112 226
112 231
112 240
112 250
112 251
112 255
112 266
112 267
112 275
112 287
112 295
112 299
112 300
112 324
112 334
112 337
112 341
113 118
113 119
113 133
113 139
113 143
113 175
113 185
113 192
113 212
113 214
113 219
113 220
113 223
113 224
113 226
113 231
113 240
113 250
113 251
113 255
113 266
113 267
113 275
113 287
113 295
113 299
113 300
113 311
113 324
113 334
113 337
113 341
114 118
114 119
114 133
114 139
114 143
114 175
114 185
114 192
114 212
114 214
114 219
114 220
114 223
114 224
114 226
114 231
114 240
114 250
114 251
114 255
114 266
114 267
114 275
114 287
114 295
114 299
114 300
114 311
114 324
114 334
114 337
114 341
115 118
115 139
115 143
115 175
115 185
115 192
115 212
115 214
115 219
115 220
115 224
115 226
115 240
115 250
115 251
115 255
115 266
115 267
115 275
115 287
115 295
115 299
115 300
115 311
115 324
115 334
115 337
115 341
116 139
116 143
116 146
116 175
116 185
116 192
116 212
116 214
116 219
116 220
116 224
116 226
116 240
116 250
116 251
116 266
116 267
116 275
116 287
116 295
116 299
116 300
116 311
116 324
116 334
116 337
116 341
117 139
117 143
117 146
117 175
117 185
117 192
117 212
117 214
117 219
117 220
117 224
117 226
117 240
117 250
117 251
117 266
117 267
117 275
117 287
117 295
117 299
117 300
117 311
117 324
117 334
117 337
117 341
118 146
118 185
118 192
118 212
118 214
118 219
118 220
118 224
118 226
118 240
118 250
118 251
118 266
118 267
118 275
118 287
118 295
118 299
118 300
118 311
118 324
118 334
118 337
118 341
119 123
119 146
119 163
119 185
119 192
119 194
119 202
119 212
119 214
119 219
119 220
119 226
119 240
119 251
119 266
119 267
119 275
119 287
119 295
119 299
119 300
119 311
119 324
119 334
119 335
119 337
119 341
119 349
120 123
120 146
120 163
120 185
120 192
120 194
120 202
120 212
120 214
120 219
120 220
120 226
120 240
120 251
120 266
120 267
120 275
120 287
120 295
120 299
120 300
120 311
120 324
120 334
120 335
120 337
120 341
120 349
121 123
121 137
121 146
121 163
121 185
121 192
121 194
121 202
121 212
121 214
121 219
121 220
121 226
121 240
121 242
121 251
121 266
121 267
121 275
121 287
121 295
121 299
121 300
121 311
121 324
121 335
121 337
121 341
121 349
122 123
122 137
122 146
122 147
122 163
122 185
122 192
122 194
122 202
122 212
122 214
122 219
122 220
122 226
122 240
122 242
122 244
122 249
122 251
122 266
122 267
122 275
122 287
122 295
122 299
122 300
122 311
122 324
122 335
122 337
122 341
122 349
123 123
123 137
123 146
123 147
123 163
123 185
123 192
123 194
123 202
123 212
123 214
123 219
123 220
123 226
123 240
123 242
123 244
123 249
123 251
123 266
123 267
123 275
123 287
123 295
123 299
123 300
123 311
123 324
123 335
123 337
123 341
123 349
124 123
124 137
124 146
124 147
124 163
124 185
124 192
124 194
124 202
124 212
124 214
124 219
124 220
124 226
124 240
124 242
124 244
124 249
124 251
124 266
124 267
124 275
124 287
124 289
124 295
124 299
124 300
124 311
124 324
124 335
124 337
124 341
124 349
125 123
125 137
125 146
125 147
125 163
125 166
125 185
125 192
125 194
125 202
125 212
125 214
125 219
125 220
125 226
125 240
125 242
125 244
125 249
125 251
125 266
125 267
125 275
125 287
125 289
125 295
125 299
125 300
125 311
125 317
125 324
125 335
125 337
125 341
125 349
126 123
126 146
126 147
126 163
126 166
126 185
126 192
126 194
126 202
126 212
126 214
126 219
126 220
126 226
126 240
126 242
126 244
126 249
126 251
126 266
126 267
126 275
126 287
126 289
126 295
126 299
126 300
126 311
126 317
126 324
126 335
126 337
126 339
126 341
126 349
127 123
127 146
127 147
127 163
127 166
127 185
127 194
127 202
127 212
127 214
127 219
127 220
127 226
127 240
127 242
127 244
127 249
127 251
127 266
127 267
127 275
127 287
127 289
127 295
127 299
127 300
127 311
127 317
127 335
127 337
127 339
127 341
127 349
128 123
128 146
128 147
128 163
128 166
128 185
128 194
128 202
128 212
128 214
128 219
128 220
128 226
128 240
128 242
128 244
128 249
128 251
128 266
128 267
128 275
128 287
128 289
128 295
128 299
128 300
128 311
128 317
128 335
128 337
128 339
128 341
128 349
129 123
129 146
129 147
129 163
129 166
129 185
129 194
129 202
129 212
129 214
129 219
129 220
129 226
129 240
129 242
129 244
129 249
129 251
129 266
129 267
129 275
129 287
129 289
129 295
129 299
129 300
129 311
129 317
129 335
129 337
129 339
129 341
129 349
130 123
130 146
130 147
130 163
130 166
130 185
130 194
130 202
130 212
130 214
130 219
130 220
130 226
130 240
130 242
130 244
130 249
130 251
130 266
130 267
130 275
130 287
130 289
130 295
130 299
130 300
130 311
130 317
130 335
130 337
130 339
130 341
130 349
131 136
131 146
131 147
131 166
131 185
131 194
131 202
131 212
131 214
131 219
131 220
131 226
131 240
131 242
131 244
131 251
131 266
131 267
131 275
131 287
131 289
131 295
131 299
131 300
131 311
131 317
131 335
131 337
131 339
131 341
131 349
132 136
132 146
132 147
132 166
132 185
132 194
132 202
132 212
132 214
132 219
132 220
132 226
132 240
132 242
132 244
132 251
132 266
132 267
132 275
132 287
132 289
132 295
132 299
132 300
132 311
132 317
132 335
132 337
132 339
132 341
132 349
133 136
133 146
133 147
133 155
133 164
133 166
133 185
133 194
133 212
133 214
133 219
133 220
133 226
133 240
133 242
133 244
133 251
133 266
133 267
133 275
133 279
133 287
133 288
133 289
133 295
133 299
133 300
133 311
133 317
133 335
133 337
133 339
133 341
133 349
134 136
134 146
134 147
134 155
134 162
134 164
134 166
134 185
134 194
134 209
134 212
134 214
134 219
134 220
134 226
134 240
134 242
134 244
134 251
134 266
134 267
134 275
134 279
134 287
134 288
134 289
134 295
134 299
134 300
134 311
134 317
134 335
134 337
134 339
134 341
134 349
135 136
135 146
135 147
135 155
135 162
135 164
135 166
135 185
135 194
135 209
135 212
135 214
135 219
135 220
135 226
135 240
135 242
135 244
135 251
135 267
135 275
135 279
135 287
135 288
135 289
135 295
135 299
135 300
135 311
135 317
135 335
135 337
135 339
135 341
135 349
136 136
136 155
136 162
136 164
136 185
136 194
136 209
136 212
136 214
136 219
136 220
136 226
136 240
136 242
136 244
136 251
136 267
136 275
136 279
136 287
136 288
136 289
136 299
136 300
136 311
136 317
136 335
136 337
136 339
136 341
136 349
137 155
137 162
137 164
137 185
137 194
137 209
137 214
137 219
137 220
137 226
137 240
137 242
137 244
137 251
137 267
137 275
137 279
137 287
137 288
137 289
137 299
137 300
137 311
137 317
137 335
137 337
137 339
137 341
137 349
138 155
138 162
138 164
138 185
138 194
138 209
138 214
138 219
138 220
138 226
138 240
138 242
138 244
138 251
138 267
138 275
138 279
138 287
138 288
138 289
138 299
138 300
138 311
138 317
138 335
138 337
138 339
138 341
138 349
139 155
139 162
139 164
139 183
139 185
139 194
139 209
139 214
139 219
139 220
139 226
139 240
139 242
139 244
139 251
139 267
139 275
139 279
139 287
139 288
139 289
139 299
139 300
139 311
139 317
139 335
139 337
139 339
139 341
139 349
140 155
140 162
140 164
140 183
140 185
140 194
140 209
140 214
140 219
140 220
140 226
140 240
140 242
140 244
140 251
140 275
140 279
140 287
140 288
140 289
140 299
140 300
140 311
140 317
140 335
140 337
140 339
140 341
140 349
141 155
141 162
141 164
141 183
141 185
141 209
141 214
141 219
141 220
141 226
141 240
141 242
141 244
141 251
141 275
141 279
141 287
141 288
141 289
141 299
141 300
141 311
141 317
141 335
141 337
141 339
141 341
141 349
142 155
142 162
142 164
142 183
142 185
142 209
142 214
142 220
142 226
142 238
142 240
142 242
142 244
142 251
142 275
142 279
142 287
142 288
142 289
142 300
142 311
142 317
142 335
142 337
142 339
142 341
142 349
143 155
143 162
143 164
143 183
143 185
143 214
143 220
143 226
143 238
143 240
143 242
143 244
143 251
143 275
143 279
143 287
143 288
143 289
143 300
143 311
143 317
143 335
143 337
143 339
143 341
143 349
144 155
144 162
144 164
144 183
144 185
144 214
144 220
144 226
144 238
144 240
144 242
144 244
144 251
144 275
144 279
144 287
144 289
144 300
144 311
144 317
144 335
144 337
144 339
144 341
144 349
145 155
145 162
145 164
145 183
145 185
145 214
145 220
145 226
145 238
145 240
145 242
145 244
145 251
145 275
145 279
145 287
145 289
145 300
145 311
145 317
145 335
145 337
145 339
145 341
145 349
146 155
146 162
146 164
146 185
146 186
146 214
146 220
146 226
146 227
146 238
146 240
146 242
146 244
146 251
146 275
146 279
146 287
146 289
146 300
146 311
146 317
146 335
146 337
146 339
146 341
146 349
147 155
147 162
147 164
147 185
147 186
147 214
147 220
147 226
147 227
147 238
147 240
147 242
147 244
147 251
147 275
147 279
147 287
147 289
147 300
147 311
147 317
147 335
147 337
147 339
147 341
147 349
148 155
148 162
148 164
148 185
148 214
148 220
148 226
148 238
148 240
148 242
148 244
148 251
148 275
148 279
148 287
148 289
148 300
148 311
148 317
148 335
148 337
148 339
148 341
148 349
149 155
149 162
149 164
149 185
149 214
149 220
149 226
149 238
149 240
149 242
149 244
149 251
149 275
149 276
149 279
149 287
149 289
149 300
149 311
149 317
149 335
149 337
149 339
149 341
149 349
150 155
150 185
150 200
150 214
150 220
150 238
150 240
150 242
150 244
150 251
150 275
150 276
150 279
150 287
150 289
150 300
150 311
150 317
150 328
150 335
150 339
150 341
150 346
150 349
151 155
151 185
151 200
151 214
151 220
151 238
151 242
151 244
151 251
151 275
151 276
151 279
151 287
151 289
151 300
151 311
151 317
151 328
151 335
151 339
151 341
151 346
151 349
152 155
152 185
152 200
152 214
152 220
152 238
152 242
152 244
152 251
152 275
152 276
152 279
152 287
152 289
152 300
152 311
152 317
152 328
152 335
152 339
152 341
152 346
152 349
153 155
153 185
153 200
153 214
153 220
153 238
153 242
153 244
153 251
153 275
153 276
153 279
153 287
153 289
153 300
153 311
153 317
153 328
153 335
153 339
153 341
153 346
153 349
154 185
154 200
154 214
154 220
154 238
154 242
154 244
154 251
154 275
154 276
154 279
154 287
154 289
154 300
154 311
154 317
154 319
154 328
154 335
154 339
154 341
154 346
154 349
155 185
155 200
155 214
155 220
155 238
155 242
155 244
155 251
155 275
155 276
155 279
155 287
155 289
155 300
155 311
155 317
155 319
155 328
155 335
155 339
155 341
155 346
155 349
156 185
156 200
156 214
156 220
156 232
156 238
156 242
156 244
156 251
156 275
156 276
156 279
156 287
156 289
156 300
156 311
156 317
156 319
156 328
156 335
156 339
156 341
156 346
156 349
157 185
157 200
157 205
157 214
157 215
157 220
157 232
157 238
157 242
157 244
157 251
157 275
157 276
157 279
157 287
157 289
157 300
157 311
157 317
157 319
157 328
157 335
157 339
157 341
157 346
157 349
158 182
158 185
158 205
158 214
158 215
158 217
158 220
158 232
158 238
158 242
158 244
158 251
158 276
158 279
158 287
158 289
158 300
158 311
158 317
158 319
158 328
158 335
158 339
158 341
158 346
158 349
159 182
159 185
159 205
159 214
159 215
159 217
159 220
159 232
159 238
159 242
159 244
159 251
159 276
159 279
159 287
159 289
159 300
159 311
159 317
159 319
159 328
159 335
159 339
159 341
159 346
159 349
160 182
160 185
160 205
160 214
160 215
160 217
160 220
160 232
160 238
160 242
160 244
160 251
160 276
160 279
160 287
160 289
160 300
160 311
160 317
160 319
160 328
160 335
160 339
160 341
160 346
160 349
161 182
161 185
161 205
161 214
161 215
161 217
161 220
161 232
161 238
161 242
161 244
161 251
161 276
161 279
161 287
161 289
161 300
161 311
161 317
161 319
161 328
161 335
161 339
161 341
161 346
161 349
162 182
162 185
162 205
162 214
162 215
162 217
162 220
162 232
162 239
162 242
162 244
162 251
162 276
162 279
162 287
162 289
162 300
162 311
162 317
162 319
162 328
162 335
162 339
162 341
162 346
162 349
163 182
163 185
163 205
163 214
163 215
163 217
163 220
163 232
163 239
163 242
163 244
163 251
163 276
163 279
163 287
163 289
163 300
163 311
163 317
163 319
163 328
163 335
163 339
163 341
163 346
163 349
164 182
164 185
164 205
164 214
164 215
164 217
164 220
164 232
164 239
164 242
164 244
164 251
164 276
164 279
164 287
164 289
164 300
164 311
164 317
164 319
164 328
164 335
164 339
164 341
164 346
164 349
165 182
165 185
165 205
165 213
165 214
165 215
165 217
165 220
165 232
165 239
165 242
165 244
165 251
165 276
165 279
165 287
165 289
165 300
165 311
165 317
165 328
165 335
165 339
165 341
165 346
165 349
166 182
166 185
166 205
166 213
166 214
166 215
166 217
166 220
166 232
166 239
166 242
166 244
166 251
166 276
166 279
166 287
166 289
166 300
166 311
166 317
166 328
166 335
166 339
166 341
166 346
166 349
167 185
167 205
167 213
167 214
167 215
167 217
167 220
167 232
167 239
167 244
167 251
167 276
167 279
167 287
167 289
167 300
167 311
167 317
167 328
167 335
167 339
167 341
167 346
167 349
168 185
168 205
168 213
168 214
168 215
168 217
168 220
168 232
168 239
168 244
168 251
168 276
168 279
168 287
168 289
168 300
168 311
168 317
168 328
168 335
168 339
168 341
168 346
168 349
169 185
169 205
169 213
169 214
169 217
169 220
169 232
169 239
169 244
169 251
169 276
169 279
169 287
169 289
169 311
169 317
169 328
169 335
169 339
169 341
169 346
169 349
170 185
170 188
170 205
170 213
170 214
170 217
170 220
170 232
170 239
170 244
170 251
170 276
170 279
170 287
170 289
170 311
170 317
170 328
170 335
170 339
170 341
170 346
170 349
171 185
171 205
171 213
171 214
171 217
171 220
171 228
171 232
171 234
171 239
171 244
171 251
171 276
171 279
171 287
171 289
171 311
171 317
171 328
171 335
171 339
171 341
171 346
172 185
172 199
172 205
172 213
172 214
172 217
172 220
172 228
172 232
172 239
172 244
172 251
172 276
172 279
172 287
172 289
172 311
172 317
172 328
172 335
172 339
172 341
172 346
173 185
173 199
173 205
173 213
173 214
173 217
173 220
173 228
173 232
173 239
173 244
173 251
173 276
173 279
173 287
173 289
173 311
173 317
173 328
173 335
173 339
173 341
173 346
174 185
174 199
174 205
174 213
174 214
174 217
174 220
174 228
174 232
174 239
174 244
174 251
174 276
174 279
174 287
174 289
174 311
174 317
174 328
174 335
174 339
174 341
174 346
175 185
175 199
175 205
175 213
175 214
175 217
175 220
175 228
175 232
175 239
175 244
175 251
175 276
175 279
175 287
175 289
175 311
175 317
175 328
175 335
175 339
175 341
175 346
176 185
176 199
176 205
176 213
176 214
176 217
176 220
176 228
176 232
176 239
176 244
176 251
176 276
176 279
176 287
176 289
176 311
176 317
176 328
176 335
176 339
176 341
176 346
177 185
177 199
177 205
177 213
177 214
177 217
177 220
177 228
177 232
177 239
177 244
177 251
177 276
177 279
177 287
177 289
177 311
177 317
177 328
177 335
177 339
177 341
177 346
178 185
178 198
178 199
178 205
178 213
178 214
178 217
178 220
178 228
178 232
178 239
178 244
178 251
178 276
178 279
178 287
178 289
178 311
178 317
178 328
178 335
178 339
178 341
178 346
179 185
179 198
179 199
179 205
179 217
179 220
179 228
179 232
179 239
179 244
179 251
179 276
179 287
179 289
179 292
179 311
179 317
179 328
179 335
179 341
179 346
180 185
180 198
180 199
180 205
180 217
180 220
180 228
180 232
180 244
180 251
180 276
180 287
180 289
180 292
180 311
180 317
180 328
180 335
180 341
180 346
181 185
181 198
181 199
181 205
181 217
181 220
181 228
181 232
181 244
181 251
181 276
181 287
181 289
181 311
181 317
181 328
181 341
181 346
182 185
182 198
182 199
182 205
182 217
182 220
182 228
182 232
182 244
182 251
182 276
182 287
182 289
182 311
182 317
182 328
182 341
182 346
183 185
183 198
183 199
183 205
183 217
183 220
183 228
183 232
183 244
183 251
183 276
183 287
183 289
183 311
183 317
183 328
183 341
183 346
184 185
184 198
184 199
184 205
184 217
184 220
184 228
184 232
184 244
184 251
184 276
184 287
184 289
184 311
184 317
184 328
184 341
184 346
185 198
185 199
185 205
185 217
185 220
185 228
185 232
185 244
185 251
185 254
185 276
185 287
185 311
185 317
185 328
185 341
185 346
186 198
186 199
186 205
186 217
186 220
186 228
186 232
186 244
186 251
186 254
186 276
186 287
186 311
186 317
186 328
186 341
186 346
187 198
187 199
187 205
187 217
187 220
187 228
187 232
187 244
187 251
187 254
187 276
187 287
187 311
187 317
187 328
187 341
187 346
188 198
188 199
188 205
188 217
188 220
188 228
188 232
188 244
188 251
188 254
188 276
188 287
188 311
188 317
188 328
188 346
189 198
189 199
189 205
189 217
189 220
189 228
189 232
189 244
189 251
189 254
189 276
189 287
189 311
189 317
189 328
189 346
190 198
190 199
190 205
190 217
190 220
190 232
190 244
190 251
190 254
190 276
190 287
190 311
190 317
190 328
190 346
191 198
191 199
191 205
191 217
191 232
191 244
191 251
191 254
191 276
191 287
191 311
191 317
191 328
191 346
192 198
192 199
192 205
192 217
192 232
192 244
192 251
192 254
192 276
192 287
192 311
192 317
192 328
192 346
193 198
193 199
193 205
193 217
193 232
193 244
193 251
193 254
193 276
193 287
193 311
193 317
193 328
193 346
194 198
194 199
194 205
194 217
194 232
194 244
194 251
194 254
194 276
194 287
194 311
194 317
194 328
194 346
195 198
195 199
195 205
195 217
195 232
195 244
195 248
195 251
195 254
195 268
195 276
195 287
195 311
195 317
195 328
195 346
196 198
196 199
196 205
196 217
196 232
196 244
196 248
196 251
196 254
196 268
196 276
196 287
196 311
196 317
196 328
196 346
197 198
197 199
197 205
197 206
197 217
197 232
197 244
197 248
197 251
197 254
197 268
197 276
197 287
197 311
197 317
197 328
197 346
198 198
198 205
198 206
198 217
198 232
198 244
198 248
198 251
198 254
198 268
198 276
198 287
198 311
198 317
198 328
198 330
198 346
199 198
199 205
199 206
199 217
199 232
199 244
199 248
199 251
199 254
199 268
199 276
199 287
199 317
199 328
199 330
199 346
200 198
200 205
200 206
200 217
200 222
200 232
200 244
200 248
200 251
200 254
200 268
200 276
200 287
200 317
200 328
200 330
200 346
201 198
201 205
201 206
201 222
201 232
201 243
201 244
201 248
201 251
201 254
201 268
201 276
201 287
201 328
201 346
202 198
202 205
202 206
202 222
202 232
202 243
202 244
202 248
202 251
202 254
202 268
202 276
202 287
202 320
202 328
202 346
203 198
203 205
203 206
203 222
203 232
203 243
203 244
203 248
203 251
203 254
203 268
203 276
203 287
203 320
203 328
203 346
204 198
204 205
204 206
204 222
204 232
204 243
204 244
204 248
204 251
204 254
204 268
204 276
204 287
204 320
204 328
204 346
205 198
205 205
205 206
205 222
205 232
205 243
205 244
205 248
205 251
205 254
205 268
205 276
205 287
205 320
205 328
206 198
206 205
206 206
206 222
206 243
206 244
206 248
206 254
206 268
206 271
206 276
206 287
206 320
206 323
206 328
207 198
207 205
207 206
207 222
207 243
207 244
207 248
207 254
207 268
207 271
207 276
207 287
207 320
207 323
207 328
208 198
208 205
208 206
208 222
208 243
208 244
208 248
208 254
208 268
208 271
208 276
208 287
208 320
208 323
208 328
209 198
209 205
209 206
209 222
209 243
209 244
209 248
209 254
209 268
209 271
209 276
209 287
209 320
209 323
209 328
210 198
210 205
210 206
210 222
210 243
210 244
210 248
210 254
210 268
210 271
210 273
210 276
210 285
210 287
210 320
210 323
211 198
211 205
211 206
211 222
211 243
211 244
211 248
211 254
211 268
211 271
211 273
211 276
211 285
211 287
211 320
211 323
212 198
212 205
212 206
212 222
212 243
212 244
212 248
212 254
212 268
212 271
212 273
212 276
212 285
212 287
212 320
212 323
213 198
213 205
213 206
213 222
213 243
213 244
213 248
213 254
213 268
213 273
213 276
213 285
213 287
213 304
213 310
213 320
213 323
214 198
214 222
214 243
214 244
214 248
214 254
214 268
214 273
214 276
214 280
214 285
214 287
214 304
214 310
214 320
214 323
215 198
215 222
215 243
215 244
215 245
215 248
215 254
215 268
215 273
215 276
215 280
215 285
215 287
215 304
215 310
215 320
215 323
216 198
216 222
216 243
216 244
216 245
216 248
216 254
216 268
216 273
216 276
216 280
216 285
216 287
216 304
216 310
216 320
216 323
217 198
217 222
217 243
217 244
217 245
217 248
217 254
217 268
217 273
217 276
217 280
217 285
217 287
217 304
217 310
217 320
217 323
218 198
218 222
218 243
218 244
218 245
218 248
218 254
218 268
218 273
218 276
218 280
218 285
218 287
218 304
218 310
218 320
218 323
219 198
219 222
219 243
219 244
219 245
219 248
219 254
219 258
219 268
219 273
219 276
219 280
219 285
219 287
219 304
219 310
219 320
219 323
220 198
220 222
220 243
220 244
220 245
220 248
220 254
220 256
220 258
220 268
220 273
220 276
220 280
220 285
220 287
220 304
220 310
220 320
220 323
221 222
221 229
221 243
221 244
221 245
221 248
221 254
221 256
221 268
221 273
221 276
221 280
221 285
221 287
221 304
221 310
221 320
221 323
222 222
222 229
222 243
222 244
222 245
222 248
222 254
222 256
222 268
222 273
222 276
222 280
222 285
222 287
222 304
222 310
222 320
222 323
223 222
223 229
223 244
223 245
223 256
223 268
223 273
223 276
223 280
223 285
223 287
223 304
223 320
223 323
224 222
224 229
224 236
224 244
224 245
224 256
224 268
224 273
224 276
224 280
224 285
224 287
224 304
224 320
224 323
225 222
225 229
225 236
225 244
225 245
225 256
225 268
225 273
225 276
225 280
225 285
225 287
225 304
225 320
225 323
226 222
226 229
226 236
226 245
226 246
226 256
226 268
226 276
226 280
226 285
226 287
226 304
226 320
226 323
227 222
227 229
227 236
227 245
227 246
227 256
227 268
227 276
227 280
227 285
227 287
227 304
227 320
227 323
228 236
228 245
228 246
228 256
228 268
228 280
228 285
228 287
228 304
228 320
228 323
229 236
229 245
229 246
229 256
229 268
229 280
229 285
229 287
229 304
229 320
229 323
230 236
230 245
230 246
230 256
230 268
230 280
230 285
230 287
230 304
230 320
231 236
231 245
231 246
231 256
231 268
231 280
231 285
231 287
231 304
231 320
232 236
232 245
232 246
232 256
232 268
232 280
232 285
232 287
232 304
232 320
233 236
233 245
233 246
233 256
233 268
233 280
233 285
233 287
233 304
233 320
234 236
234 245
234 246
234 256
234 268
234 280
234 285
234 287
234 304
234 320
235 236
235 245
235 246
235 256
235 268
235 280
235 285
235 287
235 304
235 320
236 236
236 245
236 246
236 256
236 268
236 280
236 285
236 287
236 304
236 318
236 320
237 236
237 245
237 246
237 256
237 268
237 280
237 285
237 287
237 304
237 318
237 320
238 236
238 245
238 263
238 268
238 280
238 285
238 287
238 304
238 316
238 318
239 236
239 245
239 263
239 268
239 269
239 280
239 285
239 287
239 304
239 316
239 318
240 236
240 245
240 263
240 268
240 269
240 280
240 285
240 287
240 304
240 316
240 318
241 236
241 245
241 263
241 268
241 269
241 280
241 285
241 287
241 304
241 316
241 318
242 245
242 253
242 263
242 268
242 280
242 285
242 318
243 245
243 253
243 263
243 268
243 280
243 285
243 318
244 245
244 252
244 253
244 260
244 263
244 268
244 280
244 285
244 307
244 318
245 245
245 252
245 253
245 260
245 263
245 268
245 280
245 285
245 307
245 318
246 245
246 252
246 253
246 260
246 263
246 268
246 280
246 285
246 307
246 318
247 252
247 253
247 263
247 268
247 270
247 280
247 285
247 307
247 318
248 252
248 253
248 268
248 278
248 280
248 285
248 306
248 307
248 318
249 253
249 268
249 278
249 280
249 285
249 306
249 307
249 318
250 253
250 268
250 278
250 280
250 285
250 306
250 307
250 318
251 253
251 268
251 278
251 280
251 285
251 306
251 307
251 318
252 253
252 268
252 280
252 285
252 306
252 307
252 318
253 253
253 268
253 280
253 285
253 306
253 307
253 318
254 253
254 268
254 280
254 283
254 285
254 306
254 307
254 318
255 253
255 268
255 280
255 283
255 285
255 306
255 307
255 318
256 253
256 265
256 268
256 280
256 283
256 285
256 293
256 306
256 307
256 318
257 253
257 265
257 268
257 280
257 283
257 285
257 293
257 306
257 307
257 318
258 253
258 265
258 268
258 280
258 283
258 285
258 293
258 306
258 307
258 318
259 253
259 265
259 280
259 283
259 285
259 293
259 306
259 307
259 318
260 253
260 265
260 280
260 283
260 285
260 293
260 306
260 307
260 318
261 253
261 265
261 280
261 283
261 285
261 293
261 306
261 307
261 318
262 265
262 285
262 293
262 298
262 306
262 307
262 312
262 329
262 333
263 265
263 285
263 293
263 298
263 306
263 307
263 312
263 329
263 333
264 265
264 285
264 293
264 298
264 306
264 307
264 312
264 329
264 333
264 336
265 265
265 285
265 293
265 298
265 306
265 307
265 312
265 329
265 333
265 336
266 265
266 285
266 293
266 298
266 306
266 307
266 312
266 329
266 333
266 336
267 265
267 285
267 293
267 298
267 306
267 307
267 312
267 329
267 333
267 336
268 265
268 285
268 293
268 298
268 306
268 307
268 312
268 329
268 333
268 336
269 265
269 285
269 293
269 298
269 306
269 307
269 312
269 329
269 333
270 265
270 285
270 291
270 293
270 298
270 306
270 307
270 312
270 329
270 333
271 265
271 285
271 291
271 293
271 298
271 306
271 307
271 312
271 329
271 333
272 285
272 291
272 293
272 298
272 306
272 307
272 312
272 329
272 333
273 285
273 291
273 293
273 298
273 306
273 307
273 312
273 329
273 333
274 285
274 291
274 293
274 298
274 306
274 307
274 312
274 329
274 333
275 285
275 291
275 293
275 298
275 306
275 307
275 312
275 325
275 329
275 333
276 282
276 285
276 291
276 293
276 298
276 306
276 307
276 312
276 325
276 329
276 333
277 282
277 285
277 291
277 293
277 298
277 306
277 307
277 312
277 325
277 329
277 333
278 282
278 285
278 291
278 293
278 298
278 306
278 307
278 312
278 325
278 329
278 333
279 282
279 285
279 291
279 293
279 298
279 306
279 307
279 312
279 325
279 329
279 333
280 282
280 285
280 291
280 293
280 298
280 306
280 307
280 312
280 325
280 329
280 333
281 282
281 285
281 291
281 293
281 298
281 306
281 307
281 312
281 313
281 325
281 329
281 333
282 282
282 285
282 291
282 293
282 298
282 305
282 306
282 307
282 312
282 313
282 325
282 329
282 333
282 344
283 282
283 285
283 291
283 293
283 298
283 305
283 306
283 307
283 312
283 313
283 325
283 329
283 333
283 344
284 282
284 285
284 291
284 293
284 298
284 305
284 306
284 307
284 313
284 325
284 329
284 333
284 344
285 282
285 285
285 291
285 293
285 298
285 305
285 306
285 307
285 313
285 325
285 329
285 333
285 344
286 282
286 285
286 291
286 293
286 298
286 305
286 306
286 307
286 313
286 325
286 329
286 333
286 344
287 285
287 291
287 293
287 298
287 305
287 306
287 307
287 313
287 325
287 329
287 333
287 344
288 285
288 291
288 293
288 298
288 305
288 306
288 307
288 313
288 325
288 329
288 333
288 344
289 285
289 291
289 293
289 298
289 305
289 306
289 307
289 313
289 321
289 329
289 333
289 344
290 285
290 305
290 306
290 307
290 313
290 321
290 333
290 344
291 285
291 305
291 306
291 307
291 313
291 321
291 333
291 344
292 285
292 305
292 306
292 307
292 313
292 321
292 333
292 344
293 285
293 305
293 306
293 307
293 313
293 321
293 333
293 344
294 285
294 305
294 306
294 307
294 313
294 344
295 285
295 305
295 306
295 307
295 313
295 344
296 285
296 305
296 306
296 307
296 313
296 344
297 285
297 305
297 306
297 307
297 313
297 344
298 285
298 305
298 306
298 307
298 313
298 314
298 344
299 285
299 305
299 306
299 307
299 313
299 314
299 322
299 344
300 285
300 305
300 306
300 307
300 313
300 314
300 322
300 344
301 285
301 305
301 306
301 307
301 313
301 314
301 322
301 344
302 285
302 305
302 306
302 307
302 313
302 314
302 322
302 344
303 285
303 305
303 306
303 307
303 313
303 314
303 322
303 344
304 285
304 305
304 306
304 313
304 314
304 322
304 344
305 285
305 305
305 306
305 313
305 314
305 322
305 344
306 285
306 305
306 306
306 313
306 314
306 322
306 344
307 285
307 305
307 306
307 313
307 314
307 322
307 344
308 285
308 305
308 306
308 313
308 314
308 322
308 344
309 285
309 305
309 306
309 313
309 314
309 322
309 344
310 285
310 305
310 306
310 313
310 314
310 322
310 344
311 305
311 306
311 313
311 314
311 322
311 344
312 305
312 306
312 313
312 314
312 322
312 344
313 305
313 306
313 313
313 314
313 322
313 344
314 305
314 306
314 313
314 314
314 322
314 344
315 305
315 306
315 313
315 314
315 322
315 344
316 306
316 313
316 314
316 322
316 344
317 306
317 313
317 322
317 344
318 306
318 313
318 322
318 344
319 306
319 313
319 322
319 344
320 306
320 313
320 322
320 344
321 306
321 313
321 322
321 342
321 344
322 306
322 313
322 322
322 342
323 306
323 313
323 322
323 342
324 306
324 313
324 322
324 342
325 306
325 313
325 322
325 342
326 306
326 313
326 322
326 342
327 306
327 313
327 322
327 342
328 306
328 313
328 322
328 342
329 306
329 313
329 322
329 342
330 306
330 313
330 322
330 342
331 306
331 322
331 342
332 306
332 322
332 342
333 306
333 322
333 342
334 306
334 322
334 342
335 306
335 322
335 342
336 306
336 322
336 342
337 306
337 322
337 342
338 306
338 342
339 306
339 342
340 306
340 342
341 306
341 342
342 306
342 342
343 306
343 342
344 306
345 306
346 306
347 306
348 306
349 306
