0 43
0 51
0 53
0 86
0 146
0 307
1 43
1 51
1 53
1 86
1 146
1 307
1 317
2 21
2 26
2 43
2 51
2 53
2 86
2 103
2 146
2 202
2 307
3 4
3 14
3 26
3 29
3 43
3 48
3 51
3 86
3 102
3 103
3 146
3 185
3 202
3 305
3 307
3 341
4 13
4 14
4 26
4 29
4 43
4 48
4 51
4 86
4 102
4 103
4 146
4 185
4 202
4 305
4 307
4 341
5 7
5 12
5 13
5 14
5 26
5 43
5 48
5 51
5 86
5 102
5 103
5 146
5 186
5 202
5 305
5 307
5 341
6 11
6 12
6 43
6 48
6 86
6 103
6 132
6 146
6 186
6 202
6 278
6 305
6 307
6 341
7 11
7 12
7 48
7 66
7 86
7 103
7 132
7 186
7 202
7 278
7 305
7 307
7 341
8 11
8 12
8 48
8 66
8 86
8 103
8 132
8 186
8 202
8 278
8 305
8 307
8 341
9 11
9 12
9 18
9 48
9 66
9 86
9 103
9 132
9 186
9 202
9 278
9 305
9 307
9 341
10 11
10 18
10 48
10 66
10 86
10 103
10 132
10 186
10 202
10 278
10 305
10 307
10 323
10 341
11 34
11 39
11 40
11 41
11 52
11 62
11 66
11 86
11 103
11 129
11 132
11 186
11 197
11 202
11 221
11 243
11 278
11 305
11 323
11 341
12 32
12 34
12 38
12 39
12 40
12 41
12 52
12 56
12 64
12 72
12 86
12 94
12 97
12 103
12 129
12 130
12 132
12 186
12 197
12 202
12 221
12 278
12 279
12 323
12 341
13 23
13 32
13 38
13 39
13 41
13 52
13 55
13 86
13 94
13 130
13 132
13 186
13 194
13 197
13 198
13 202
13 221
13 278
13 279
13 323
13 341
14 32
14 41
14 52
14 75
14 86
14 94
14 99
14 132
14 183
14 186
14 194
14 197
14 198
14 202
14 221
14 279
14 323
14 341
15 32
15 41
15 52
15 75
15 86
15 94
15 99
15 132
15 183
15 186
15 194
15 197
15 198
15 202
15 221
15 279
15 323
15 341
16 32
16 41
16 52
16 75
16 86
16 94
16 99
16 132
16 159
16 183
16 186
16 194
16 197
16 198
16 202
16 221
16 279
16 283
16 323
16 341
17 32
17 41
17 52
17 75
17 86
17 94
17 99
17 132
17 159
17 172
17 183
17 194
17 197
17 198
17 202
17 203
17 221
17 279
17 283
17 323
17 341
18 32
18 41
18 52
18 74
18 75
18 86
18 94
18 99
18 132
18 159
18 172
18 183
18 194
18 197
18 198
18 202
18 203
18 221
18 279
18 283
18 302
18 323
18 341
19 32
19 41
19 52
19 68
19 74
19 75
19 86
19 94
19 99
19 132
19 159
19 172
19 183
19 194
19 197
19 198
19 202
19 203
19 221
19 279
19 283
19 302
19 323
19 341
20 32
20 41
20 44
20 52
20 68
20 74
20 75
20 86
20 94
20 99
20 132
20 159
20 172
20 183
20 194
20 197
20 198
20 202
20 203
20 221
20 279
20 283
20 302
20 323
20 341
21 22
21 27
21 59
21 73
21 94
21 99
21 125
21 132
21 145
21 151
21 159
21 183
21 194
21 196
21 197
21 198
21 202
21 203
21 221
21 264
21 279
21 283
21 302
21 323
21 341
22 27
22 31
22 47
22 54
22 59
22 67
22 84
22 85
22 94
22 99
22 125
22 132
22 145
22 151
22 183
22 196
22 197
22 198
22 202
22 203
22 221
22 264
22 279
22 283
22 302
22 323
23 27
23 47
23 54
23 59
23 67
23 84
23 85
23 94
23 98
23 99
23 121
23 125
23 132
23 136
23 145
23 183
23 196
23 197
23 198
23 202
23 203
23 221
23 264
23 279
23 283
23 302
23 323
24 47
24 54
24 59
24 67
24 84
24 85
24 98
24 99
24 121
24 122
24 125
24 132
24 136
24 145
24 183
24 196
24 197
24 198
24 202
24 203
24 221
24 264
24 279
24 283
24 302
24 323
25 30
25 42
25 45
25 47
25 49
25 50
25 54
25 79
25 85
25 98
25 121
25 122
25 125
25 128
25 132
25 136
25 145
25 196
25 198
25 202
25 221
25 245
25 249
25 264
25 276
25 298
25 302
25 323
26 30
26 42
26 45
26 47
26 49
26 50
26 54
26 79
26 85
26 98
26 121
26 122
26 125
26 128
26 132
26 136
26 145
26 196
26 198
26 202
26 221
26 245
26 249
26 264
26 276
26 298
26 302
26 323
27 30
27 33
27 42
27 45
27 47
27 49
27 50
27 54
27 79
27 85
27 98
27 121
27 122
27 125
27 128
27 132
27 133
27 136
27 145
27 196
27 198
27 202
27 221
27 245
27 249
27 264
27 276
27 298
27 302
27 323
28 33
28 42
28 45
28 49
28 50
28 54
28 79
28 85
28 98
28 101
28 121
28 122
28 125
28 128
28 132
28 133
28 136
28 145
28 196
28 198
28 202
28 245
28 249
28 255
28 264
28 276
28 298
28 302
28 323
29 33
29 42
29 45
29 49
29 50
29 54
29 79
29 85
29 87
29 98
29 101
29 121
29 122
29 125
29 133
29 136
29 145
29 196
29 198
29 202
29 245
29 249
29 255
29 264
29 276
29 302
29 323
30 42
30 45
30 49
30 50
30 54
30 65
30 79
30 85
30 87
30 98
30 101
30 121
30 122
30 125
30 133
30 136
30 145
30 196
30 198
30 202
30 245
30 249
30 255
30 264
30 276
30 302
30 323
31 42
31 45
31 49
31 50
31 54
31 65
31 81
31 85
31 87
31 98
31 101
31 122
31 125
31 133
31 136
31 145
31 196
31 198
31 202
31 245
31 249
31 255
31 276
31 302
31 323
31 329
32 42
32 45
32 49
32 50
32 54
32 65
32 81
32 85
32 87
32 98
32 101
32 122
32 125
32 133
32 136
32 145
32 196
32 198
32 202
32 245
32 249
32 255
32 276
32 302
32 323
32 329
33 42
33 45
33 49
33 50
33 54
33 65
33 81
33 85
33 87
33 98
33 101
33 122
33 125
33 133
33 136
33 145
33 196
33 198
33 202
33 245
33 249
33 255
33 276
33 323
33 329
34 42
34 45
34 49
34 50
34 54
34 81
34 87
34 98
34 101
34 122
34 125
34 133
34 145
34 196
34 198
34 202
34 210
34 245
34 249
34 255
34 276
34 282
34 288
34 323
34 329
35 42
35 45
35 49
35 50
35 54
35 81
35 82
35 87
35 98
35 101
35 122
35 125
35 133
35 145
35 196
35 198
35 202
35 210
35 245
35 249
35 255
35 276
35 282
35 288
35 323
35 329
36 42
36 49
36 50
36 54
36 61
36 81
36 87
36 101
36 122
36 124
36 125
36 133
36 134
36 149
36 169
36 187
36 188
36 196
36 202
36 207
36 210
36 245
36 251
36 255
36 272
36 276
36 282
36 288
36 306
36 323
36 329
37 42
37 54
37 61
37 81
37 87
37 101
37 122
37 124
37 125
37 133
37 134
37 149
37 169
37 187
37 188
37 196
37 202
37 207
37 210
37 245
37 251
37 255
37 272
37 276
37 282
37 288
37 306
37 323
37 329
38 42
38 46
38 54
38 87
38 93
38 101
38 122
38 124
38 125
38 133
38 134
38 169
38 187
38 188
38 196
38 202
38 207
38 210
38 224
38 245
38 251
38 255
38 272
38 276
38 282
38 288
38 306
38 323
38 329
39 46
39 54
39 87
39 101
39 122
39 125
39 133
39 134
39 141
39 153
39 169
39 178
39 187
39 196
39 202
39 207
39 210
39 224
39 237
39 245
39 251
39 255
39 272
39 276
39 282
39 288
39 306
39 323
40 46
40 54
40 57
40 70
40 87
40 101
40 122
40 125
40 133
40 134
40 141
40 153
40 169
40 178
40 187
40 196
40 202
40 207
40 210
40 224
40 235
40 245
40 251
40 255
40 272
40 276
40 282
40 288
40 306
40 323
41 46
41 54
41 57
41 70
41 87
41 101
41 122
41 125
41 133
41 134
41 141
41 169
41 178
41 187
41 196
41 202
41 207
41 210
41 235
41 245
41 255
41 272
41 276
41 282
41 288
41 306
41 323
42 46
42 54
42 57
42 70
42 87
42 101
42 122
42 125
42 133
42 134
42 141
42 176
42 178
42 187
42 202
42 207
42 210
42 235
42 245
42 255
42 272
42 276
42 282
42 288
42 306
42 323
43 46
43 70
43 87
43 88
43 101
43 125
43 133
43 134
43 141
43 176
43 178
43 187
43 193
43 202
43 207
43 210
43 235
43 245
43 255
43 257
43 272
43 276
43 277
43 282
43 288
43 306
43 322
43 323
44 46
44 70
44 87
44 88
44 101
44 125
44 133
44 134
44 141
44 176
44 178
44 187
44 193
44 202
44 205
44 207
44 210
44 235
44 245
44 255
44 257
44 272
44 276
44 277
44 282
44 288
44 306
44 322
44 323
45 46
45 60
45 70
45 83
45 87
45 88
45 101
45 125
45 134
45 141
45 154
45 176
45 178
45 187
45 193
45 202
45 205
45 235
45 245
45 248
45 255
45 257
45 272
45 276
45 277
45 282
45 288
45 306
45 322
45 323
46 46
46 60
46 70
46 77
46 87
46 88
46 101
46 125
46 134
46 141
46 154
46 176
46 178
46 187
46 193
46 202
46 205
46 235
46 245
46 248
46 257
46 272
46 276
46 277
46 288
46 306
46 322
46 323
47 46
47 60
47 70
47 77
47 87
47 88
47 101
47 125
47 134
47 141
47 154
47 176
47 178
47 187
47 193
47 202
47 205
47 235
47 245
47 248
47 257
47 272
47 276
47 277
47 288
47 306
47 322
47 323
48 46
48 60
48 70
48 77
48 87
48 88
48 125
48 134
48 141
48 154
48 176
48 178
48 181
48 187
48 193
48 202
48 205
48 235
48 245
48 248
48 257
48 272
48 276
48 277
48 288
48 306
48 322
48 323
49 46
49 60
49 70
49 77
49 87
49 88
49 125
49 134
49 141
49 154
49 176
49 178
49 181
49 187
49 193
49 202
49 205
49 235
49 245
49 248
49 257
49 272
49 276
49 277
49 288
49 306
49 322
49 323
50 46
50 60
50 70
50 77
50 87
50 88
50 125
50 134
50 141
50 154
50 176
50 178
50 181
50 187
50 193
50 202
50 205
50 235
50 245
50 248
50 257
50 272
50 276
50 277
50 288
50 306
50 322
50 323
51 46
51 60
51 70
51 77
51 87
51 88
51 125
51 134
51 141
51 154
51 176
51 178
51 180
51 181
51 187
51 193
51 202
51 205
51 232
51 235
51 245
51 248
51 257
51 272
51 276
51 277
51 288
51 306
51 322
51 323
52 46
52 70
52 77
52 87
52 88
52 134
52 141
52 176
52 178
52 180
52 187
52 193
52 202
52 205
52 220
52 232
52 235
52 245
52 248
52 257
52 271
52 272
52 276
52 277
52 288
52 306
52 322
52 323
53 46
53 70
53 77
53 88
53 115
53 141
53 165
53 176
53 178
53 180
53 187
53 193
53 202
53 205
53 220
53 232
53 235
53 245
53 248
53 257
53 271
53 272
53 276
53 277
53 287
53 288
53 306
53 322
53 323
54 46
54 70
54 77
54 88
54 115
54 141
54 165
54 176
54 178
54 180
54 187
54 193
54 202
54 205
54 220
54 232
54 235
54 245
54 248
54 257
54 271
54 272
54 276
54 277
54 287
54 288
54 306
54 322
54 323
55 70
55 77
55 88
55 115
55 141
55 165
55 176
55 178
55 180
55 187
55 193
55 202
55 205
55 220
55 232
55 235
55 245
55 248
55 257
55 271
55 272
55 276
55 277
55 287
55 288
55 306
55 322
55 323
56 70
56 77
56 88
56 109
56 115
56 141
56 147
56 165
56 176
56 178
56 180
56 187
56 193
56 205
56 220
56 232
56 235
56 245
56 248
56 257
56 271
56 272
56 276
56 277
56 287
56 288
56 306
56 322
56 323
57 58
57 70
57 88
57 109
57 115
57 141
57 147
57 165
57 176
57 177
57 178
57 187
57 193
57 205
57 220
57 232
57 235
57 245
57 248
57 257
57 271
57 272
57 276
57 287
57 288
57 306
57 322
57 323
58 70
58 88
58 108
58 109
58 141
58 147
58 165
58 176
58 177
58 187
58 193
58 205
58 220
58 232
58 235
58 248
58 257
58 258
58 271
58 272
58 276
58 287
58 288
58 306
58 322
58 323
58 334
59 70
59 88
59 108
59 109
59 116
59 141
59 147
59 165
59 176
59 177
59 187
59 193
59 205
59 218
59 220
59 232
59 235
59 248
59 257
59 258
59 271
59 272
59 276
59 287
59 288
59 306
59 322
59 323
59 334
60 70
60 88
60 108
60 109
60 116
60 141
60 147
60 165
60 176
60 177
60 187
60 193
60 205
60 218
60 220
60 232
60 235
60 248
60 257
60 258
60 271
60 272
60 276
60 287
60 288
60 306
60 322
60 323
60 334
61 88
61 91
61 108
61 109
61 116
61 138
61 141
61 147
61 165
61 176
61 177
61 187
61 193
61 205
61 218
61 220
61 232
61 235
61 248
61 253
61 257
61 258
61 271
61 272
61 276
61 287
61 288
61 306
61 322
61 323
61 334
62 88
62 91
62 108
62 109
62 116
62 138
62 141
62 165
62 176
62 177
62 187
62 193
62 205
62 218
62 220
62 232
62 235
62 248
62 253
62 257
62 258
62 271
62 272
62 276
62 287
62 288
62 306
62 322
62 323
62 334
63 88
63 91
63 95
63 109
63 116
63 138
63 141
63 165
63 176
63 177
63 193
63 199
63 205
63 218
63 220
63 232
63 235
63 248
63 253
63 257
63 258
63 271
63 272
63 276
63 287
63 306
63 323
63 334
64 88
64 89
64 91
64 95
64 109
64 116
64 137
64 138
64 141
64 165
64 176
64 177
64 193
64 199
64 205
64 218
64 220
64 232
64 235
64 248
64 253
64 257
64 258
64 271
64 272
64 276
64 287
64 306
64 323
64 334
65 88
65 91
65 95
65 109
65 116
65 137
65 138
65 141
65 165
65 176
65 177
65 193
65 199
65 205
65 218
65 220
65 232
65 235
65 248
65 253
65 257
65 258
65 271
65 272
65 276
65 287
65 306
65 323
65 334
66 88
66 91
66 95
66 109
66 116
66 137
66 138
66 141
66 165
66 176
66 177
66 193
66 199
66 205
66 218
66 220
66 232
66 235
66 248
66 253
66 257
66 258
66 271
66 272
66 276
66 287
66 306
66 323
66 334
67 88
67 91
67 95
67 109
67 116
67 137
67 138
67 141
67 165
67 176
67 177
67 193
67 199
67 200
67 205
67 218
67 220
67 232
67 235
67 248
67 253
67 257
67 258
67 271
67 272
67 276
67 287
67 306
67 323
67 334
68 88
68 91
68 95
68 109
68 116
68 137
68 138
68 141
68 165
68 176
68 177
68 193
68 199
68 200
68 205
68 218
68 220
68 232
68 235
68 248
68 253
68 257
68 258
68 271
68 272
68 276
68 287
68 323
68 334
69 88
69 91
69 95
69 109
69 116
69 137
69 138
69 141
69 165
69 176
69 177
69 193
69 199
69 200
69 205
69 218
69 220
69 232
69 235
69 248
69 253
69 257
69 258
69 271
69 272
69 276
69 287
69 323
69 334
70 88
70 91
70 95
70 109
70 116
70 137
70 138
70 141
70 165
70 176
70 177
70 193
70 199
70 200
70 205
70 218
70 220
70 232
70 235
70 248
70 253
70 257
70 258
70 271
70 272
70 276
70 287
70 323
70 334
71 88
71 91
71 95
71 109
71 114
71 116
71 137
71 138
71 141
71 165
71 176
71 177
71 193
71 199
71 200
71 205
71 209
71 218
71 220
71 232
71 235
71 253
71 257
71 258
71 271
71 272
71 276
71 287
71 323
71 334
72 91
72 95
72 109
72 114
72 116
72 137
72 138
72 141
72 165
72 176
72 177
72 193
72 199
72 200
72 205
72 209
72 218
72 220
72 232
72 235
72 253
72 257
72 271
72 272
72 276
72 303
72 323
72 325
73 91
73 95
73 114
73 116
73 137
73 138
73 141
73 165
73 176
73 177
73 193
73 199
73 200
73 205
73 209
73 218
73 220
73 232
73 235
73 253
73 257
73 271
73 272
73 276
73 303
73 323
73 325
74 91
74 95
74 114
74 116
74 137
74 138
74 141
74 165
74 166
74 176
74 177
74 193
74 195
74 200
74 205
74 209
74 218
74 220
74 232
74 235
74 253
74 257
74 271
74 272
74 276
74 303
74 323
74 325
75 91
75 95
75 114
75 116
75 137
75 138
75 165
75 166
75 176
75 177
75 193
75 195
75 200
75 205
75 209
75 218
75 220
75 232
75 235
75 253
75 257
75 271
75 272
75 276
75 303
75 323
75 325
76 91
76 114
76 116
76 137
76 163
76 165
76 166
76 176
76 177
76 193
76 200
76 205
76 209
76 218
76 220
76 232
76 235
76 253
76 257
76 271
76 272
76 276
76 323
76 325
77 91
77 100
77 114
77 116
77 163
77 165
77 166
77 168
77 176
77 177
77 193
77 200
77 205
77 209
77 218
77 220
77 232
77 235
77 253
77 257
77 271
77 272
77 276
77 323
77 325
78 91
78 100
78 114
78 116
78 163
78 165
78 166
78 168
78 173
78 176
78 177
78 193
78 200
78 205
78 209
78 218
78 220
78 232
78 253
78 257
78 271
78 272
78 276
78 323
78 325
79 91
79 100
79 114
79 116
79 163
79 165
79 166
79 168
79 173
79 176
79 177
79 193
79 200
79 205
79 209
79 218
79 220
79 232
79 253
79 257
79 271
79 272
79 276
79 323
79 325
80 100
80 114
80 116
80 163
80 165
80 168
80 173
80 176
80 177
80 193
80 200
80 205
80 209
80 218
80 220
80 232
80 253
80 257
80 271
80 272
80 276
80 323
80 325
81 100
81 114
81 116
81 163
81 165
81 168
81 173
81 176
81 177
81 193
81 200
81 205
81 209
81 218
81 220
81 232
81 253
81 257
81 271
81 272
81 276
81 323
81 325
82 100
82 110
82 114
82 116
82 163
82 165
82 168
82 173
82 176
82 177
82 182
82 193
82 200
82 205
82 209
82 218
82 220
82 232
82 253
82 257
82 269
82 271
82 272
82 276
82 323
82 325
82 331
83 100
83 107
83 110
83 114
83 116
83 163
83 165
83 168
83 173
83 176
83 177
83 182
83 193
83 200
83 205
83 209
83 218
83 220
83 232
83 257
83 269
83 271
83 272
83 276
83 323
83 325
83 331
84 100
84 107
84 110
84 114
84 116
84 163
84 165
84 168
84 173
84 176
84 177
84 182
84 193
84 200
84 205
84 209
84 218
84 220
84 227
84 232
84 257
84 269
84 271
84 276
84 323
84 325
84 331
84 338
85 100
85 107
85 110
85 114
85 116
85 160
85 163
85 165
85 168
85 173
85 176
85 177
85 182
85 193
85 200
85 205
85 209
85 218
85 220
85 227
85 232
85 257
85 269
85 271
85 276
85 300
85 323
85 325
85 331
85 338
86 100
86 107
86 110
86 114
86 116
86 160
86 163
86 165
86 168
86 173
86 176
86 177
86 182
86 193
86 200
86 205
86 209
86 218
86 220
86 227
86 232
86 257
86 269
86 271
86 276
86 300
86 323
86 325
86 331
86 338
87 100
87 107
87 110
87 114
87 116
87 160
87 163
87 165
87 168
87 173
87 176
87 177
87 182
87 193
87 200
87 205
87 209
87 218
87 220
87 227
87 232
87 257
87 269
87 271
87 276
87 300
87 323
87 325
87 331
87 338
88 100
88 107
88 110
88 114
88 160
88 163
88 165
88 168
88 173
88 176
88 177
88 182
88 193
88 200
88 205
88 209
88 218
88 220
88 227
88 232
88 271
88 276
88 300
88 323
88 325
88 331
88 338
89 100
89 107
89 110
89 114
89 160
89 163
89 165
89 168
89 173
89 176
89 177
89 182
89 193
89 200
89 205
89 209
89 218
89 220
89 227
89 232
89 271
89 276
89 300
89 323
89 325
89 331
89 338
90 100
90 107
90 110
90 114
90 160
90 163
90 165
90 168
90 173
90 176
90 177
90 182
90 193
90 200
90 201
90 205
90 209
90 218
90 220
90 227
90 271
90 276
90 300
90 323
90 325
90 331
90 338
91 100
91 107
91 110
91 114
91 160
91 163
91 165
91 168
91 173
91 176
91 177
91 182
91 193
91 200
91 201
91 205
91 209
91 218
91 220
91 271
91 276
91 300
91 323
91 325
91 331
91 338
92 100
92 105
92 107
92 110
92 114
92 117
92 160
92 163
92 165
92 168
92 173
92 177
92 193
92 200
92 201
92 205
92 209
92 218
92 220
92 271
92 276
92 300
92 323
92 325
92 338
93 100
93 105
93 107
93 110
93 114
93 117
93 160
93 163
93 165
93 168
93 173
93 177
93 193
93 200
93 201
93 205
93 209
93 218
93 220
93 271
93 276
93 300
93 323
93 325
93 338
94 100
94 104
94 107
94 110
94 114
94 117
94 160
94 163
94 165
94 168
94 173
94 177
94 193
94 200
94 201
94 205
94 218
94 220
94 228
94 231
94 271
94 276
94 297
94 300
94 323
94 325
94 338
95 100
95 104
95 110
95 114
95 117
95 131
95 163
95 168
95 173
95 177
95 193
95 200
95 201
95 218
95 220
95 228
95 231
95 271
95 276
95 295
95 297
95 300
95 323
95 325
95 338
96 100
96 104
96 114
96 117
96 131
96 152
96 163
96 168
96 173
96 177
96 193
96 200
96 220
96 228
96 231
96 271
96 276
96 295
96 297
96 300
96 323
96 325
96 338
97 100
97 104
97 114
97 117
97 131
97 152
97 163
97 173
97 177
97 193
97 200
97 220
97 228
97 231
97 271
97 276
97 295
97 297
97 300
97 323
97 325
97 338
98 104
98 114
98 117
98 131
98 152
98 163
98 173
98 177
98 200
98 220
98 228
98 231
98 271
98 276
98 295
98 297
98 323
98 325
98 338
99 104
99 114
99 117
99 131
99 152
99 163
99 173
99 177
99 200
99 220
99 228
99 231
99 271
99 276
99 295
99 297
99 323
99 325
99 338
100 104
100 114
100 117
100 131
100 152
100 163
100 173
100 177
100 200
100 220
100 228
100 231
100 271
100 276
100 295
100 297
100 323
100 335
100 338
101 104
101 114
101 117
101 131
101 152
101 163
101 173
101 177
101 200
101 220
101 228
101 231
101 271
101 276
101 295
101 297
101 323
101 335
101 338
102 104
102 114
102 117
102 126
102 131
102 152
102 163
102 173
102 177
102 200
102 220
102 228
102 231
102 271
102 274
102 276
102 295
102 323
102 335
102 338
103 112
103 117
103 126
103 131
103 152
103 163
103 173
103 177
103 200
103 220
103 231
103 254
103 271
103 274
103 276
103 295
103 323
103 335
103 338
104 112
104 117
104 126
104 131
104 152
104 163
104 173
104 177
104 220
104 231
104 254
104 271
104 274
104 276
104 295
104 323
104 335
104 338
105 112
105 117
105 126
105 131
105 152
105 163
105 173
105 177
105 179
105 190
105 220
105 231
105 254
105 274
105 295
105 323
105 335
105 338
106 112
106 117
106 126
106 131
106 152
106 163
106 173
106 177
106 179
106 190
106 220
106 231
106 254
106 274
106 295
106 323
106 335
106 338
107 112
107 117
107 126
107 131
107 152
107 163
107 173
107 177
107 179
107 190
107 220
107 231
107 254
107 274
107 295
107 323
107 335
107 338
108 112
108 117
108 131
108 152
108 179
108 190
108 220
108 231
108 254
108 261
108 274
108 295
108 323
108 335
108 338
108 348
109 112
109 117
109 123
109 131
109 152
109 179
109 190
109 220
109 231
109 254
109 261
109 274
109 295
109 310
109 323
109 335
109 338
109 348
110 112
110 117
110 123
110 131
110 152
110 179
110 190
110 214
110 220
110 231
110 254
110 261
110 274
110 295
110 310
110 323
110 335
110 338
110 348
111 112
111 117
111 131
111 152
111 179
111 190
111 214
111 220
111 231
111 254
111 261
111 274
111 295
111 310
111 323
111 335
111 338
111 348
112 112
112 117
112 131
112 152
112 179
112 190
112 214
112 220
112 231
112 254
112 261
112 274
112 295
112 310
112 323
112 335
112 338
112 348
113 112
113 117
113 131
113 152
113 179
113 190
113 214
113 220
113 231
113 254
113 261
113 274
113 295
113 310
113 323
113 335
113 338
113 348
114 112
114 117
114 131
114 139
114 152
114 179
114 190
114 214
114 220
114 231
114 254
114 261
114 274
114 295
114 310
114 323
114 335
114 338
114 348
115 112
115 117
115 131
115 139
115 152
115 179
115 190
115 214
115 220
115 231
115 254
115 261
115 274
115 295
115 310
115 323
115 335
115 338
115 348
116 112
116 117
116 131
116 139
116 152
116 179
116 190
116 214
116 220
116 231
116 250
116 254
116 261
116 274
116 295
116 310
116 323
116 335
116 338
116 348
117 112
117 117
117 131
117 139
117 152
117 179
117 190
117 214
117 220
117 231
117 250
117 254
117 261
117 295
117 310
117 323
117 335
117 338
117 348
118 117
118 131
118 157
118 158
118 179
118 220
118 231
118 254
118 261
118 294
118 310
118 323
118 335
118 338
118 348
118 349
119 117
119 131
119 143
119 156
119 157
119 158
119 179
119 220
119 231
119 254
119 261
119 294
119 310
119 323
119 335
119 338
119 348
119 349
120 143
120 156
120 157
120 158
120 179
120 220
120 231
120 241
120 254
120 294
120 310
120 323
120 335
120 338
120 348
120 349
121 143
121 156
121 157
121 158
121 179
121 220
121 231
121 241
121 254
121 294
121 310
121 323
121 335
121 338
121 348
121 349
122 127
122 143
122 157
122 158
122 179
122 220
122 231
122 241
122 246
122 247
122 254
122 294
122 301
122 310
122 323
122 335
122 348
122 349
123 127
123 143
123 157
123 158
123 179
123 213
123 220
123 231
123 241
123 246
123 247
123 254
123 294
123 301
123 310
123 323
123 335
123 348
123 349
124 127
124 143
124 157
124 158
124 179
124 213
124 220
124 231
124 241
124 246
124 247
124 254
124 294
124 299
124 301
124 310
124 323
124 335
124 348
124 349
125 127
125 143
125 157
125 158
125 179
125 211
125 213
125 220
125 231
125 236
125 241
125 247
125 254
125 294
125 299
125 301
125 310
125 323
125 335
125 348
125 349
126 127
126 143
126 157
126 158
126 211
126 213
126 220
126 231
126 234
126 236
126 241
126 247
126 254
126 299
126 301
126 310
126 323
126 335
126 348
126 349
127 127
127 143
127 157
127 158
127 211
127 213
127 231
127 234
127 236
127 247
127 254
127 299
127 301
127 310
127 323
127 335
127 348
127 349
128 127
128 143
128 157
128 158
128 211
128 213
128 231
128 234
128 236
128 247
128 254
128 299
128 301
128 310
128 323
128 335
128 348
128 349
129 127
129 143
129 157
129 158
129 211
129 213
129 231
129 234
129 236
129 247
129 254
129 299
129 301
129 310
129 323
129 335
129 348
129 349
130 127
130 143
130 157
130 158
130 211
130 213
130 231
130 234
130 236
130 247
130 254
130 299
130 301
130 310
130 323
130 335
130 348
130 349
131 143
131 155
131 158
131 175
131 189
131 211
131 213
131 223
131 234
131 242
131 247
131 254
131 290
131 299
131 301
131 348
131 349
132 135
132 143
132 155
132 158
132 175
132 189
132 211
132 213
132 223
132 234
132 242
132 247
132 254
132 290
132 299
132 301
132 327
132 340
132 348
132 349
133 135
133 143
133 155
133 158
133 175
133 189
133 211
133 213
133 223
133 234
133 242
133 247
133 254
133 290
133 299
133 301
133 327
133 340
133 348
133 349
134 135
134 143
134 155
134 158
134 175
134 189
134 211
134 213
134 223
134 234
134 242
134 247
134 254
134 290
134 299
134 301
134 327
134 340
134 348
134 349
135 140
135 143
135 155
135 158
135 175
135 189
135 213
135 217
135 223
135 234
135 242
135 247
135 254
135 275
135 290
135 299
135 301
135 327
135 340
135 348
135 349
136 140
136 143
136 155
136 158
136 175
136 213
136 217
136 223
136 226
136 234
136 242
136 247
136 254
136 275
136 290
136 299
136 301
136 327
136 340
136 348
136 349
137 140
137 143
137 155
137 158
137 175
137 213
137 217
137 223
137 226
137 234
137 242
137 247
137 254
137 275
137 290
137 299
137 301
137 327
137 340
137 348
137 349
138 140
138 143
138 155
138 158
138 175
138 213
138 217
138 223
138 226
138 234
138 242
138 247
138 254
138 275
138 290
138 299
138 301
138 327
138 340
138 348
138 349
139 140
139 143
139 155
139 158
139 175
139 213
139 217
139 223
139 226
139 234
139 242
139 247
139 254
139 275
139 290
139 299
139 301
139 327
139 340
139 348
139 349
140 140
140 143
140 155
140 158
140 175
140 213
140 217
140 223
140 226
140 234
140 242
140 247
140 254
140 275
140 290
140 299
140 301
140 327
140 340
140 348
140 349
141 140
141 143
141 155
141 158
141 175
141 213
141 217
141 223
141 226
141 234
141 242
141 247
141 254
141 275
141 290
141 299
141 301
141 327
141 340
141 348
141 349
142 140
142 143
142 155
142 158
142 175
142 213
142 217
142 223
142 226
142 234
142 242
142 247
142 254
142 275
142 290
142 299
142 301
142 327
142 340
142 348
142 349
143 143
143 155
143 158
143 175
143 213
143 217
143 223
143 226
143 234
143 242
143 247
143 275
143 290
143 299
143 327
143 340
143 348
143 349
144 143
144 155
144 158
144 175
144 213
144 217
144 223
144 226
144 234
144 242
144 247
144 275
144 290
144 299
144 327
144 340
144 348
144 349
145 143
145 155
145 158
145 213
145 217
145 223
145 226
145 234
145 242
145 247
145 275
145 290
145 299
145 327
145 340
145 348
145 349
146 143
146 155
146 158
146 213
146 217
146 223
146 226
146 234
146 242
146 247
146 275
146 290
146 299
146 327
146 340
146 348
147 143
147 155
147 158
147 213
147 217
147 223
147 226
147 234
147 242
147 247
147 275
147 290
147 299
147 327
147 340
147 348
148 143
148 155
148 158
148 170
148 213
148 217
148 223
148 226
148 234
148 242
148 247
148 275
148 290
148 299
148 327
148 340
148 348
149 143
149 155
149 158
149 170
149 213
149 217
149 223
149 226
149 234
149 242
149 247
149 275
149 290
149 299
149 321
149 327
149 340
149 348
150 143
150 155
150 158
150 170
150 213
150 217
150 223
150 226
150 234
150 242
150 247
150 275
150 290
150 299
150 321
150 327
150 340
150 348
151 143
151 155
151 158
151 170
151 213
151 217
151 223
151 226
151 234
151 242
151 247
151 275
151 290
151 299
151 321
151 327
151 340
151 348
152 143
152 155
152 158
152 170
152 213
152 217
152 223
152 226
152 234
152 242
152 247
152 275
152 290
152 299
152 321
152 327
152 340
152 348
153 143
153 155
153 158
153 170
153 213
153 217
153 223
153 234
153 242
153 247
153 275
153 290
153 299
153 321
153 327
153 340
153 348
154 143
154 155
154 158
154 170
154 184
154 213
154 217
154 223
154 234
154 242
154 247
154 259
154 275
154 290
154 299
154 321
154 327
154 340
154 348
155 143
155 155
155 158
155 164
155 170
155 171
155 184
155 204
155 213
155 217
155 223
155 234
155 242
155 247
155 259
155 275
155 290
155 299
155 311
155 321
155 327
155 340
155 348
156 143
156 155
156 171
156 184
156 204
156 213
156 217
156 223
156 234
156 242
156 247
156 259
156 275
156 290
156 299
156 311
156 321
156 327
156 340
156 348
157 143
157 155
157 171
157 184
157 204
157 213
157 217
157 223
157 234
157 242
157 247
157 259
157 275
157 290
157 299
157 311
157 321
157 327
157 340
157 348
158 143
158 155
158 171
158 184
158 204
158 213
158 217
158 223
158 234
158 242
158 247
158 259
158 275
158 290
158 299
158 311
158 321
158 327
158 340
158 348
159 143
159 155
159 171
159 184
159 204
159 213
159 215
159 217
159 223
159 234
159 242
159 247
159 259
159 275
159 290
159 299
159 311
159 321
159 327
159 340
159 348
160 143
160 155
160 171
160 184
160 204
160 213
160 215
160 217
160 223
160 234
160 242
160 247
160 259
160 275
160 290
160 299
160 311
160 321
160 327
160 340
160 348
161 155
161 171
161 184
161 204
161 213
161 215
161 217
161 223
161 234
161 242
161 247
161 259
161 275
161 290
161 299
161 311
161 321
161 327
161 340
161 348
162 155
162 171
162 184
162 204
162 213
162 215
162 217
162 242
162 247
162 259
162 275
162 299
162 311
162 321
162 327
162 340
163 155
163 171
163 184
163 204
163 206
163 213
163 215
163 217
163 242
163 244
163 247
163 259
163 275
163 299
163 311
163 321
163 327
163 340
164 155
164 171
164 184
164 204
164 206
164 213
164 215
164 216
164 217
164 242
164 244
164 247
164 275
164 299
164 311
164 321
164 327
164 340
165 155
165 171
165 184
165 204
165 206
165 213
165 215
165 216
165 217
165 242
165 244
165 247
165 275
165 299
165 311
165 321
165 327
165 340
166 155
166 171
166 184
166 204
166 206
166 213
166 215
166 216
166 217
166 242
166 244
166 247
166 275
166 299
166 311
166 321
166 327
166 340
167 155
167 171
167 184
167 204
167 206
167 213
167 215
167 216
167 217
167 242
167 244
167 247
167 275
167 299
167 311
167 321
167 327
167 340
168 155
168 171
168 174
168 184
168 204
168 206
168 213
168 215
168 216
168 217
168 242
168 244
168 247
168 275
168 299
168 311
168 321
168 327
168 340
169 155
169 171
169 174
169 184
169 204
169 206
169 213
169 215
169 216
169 217
169 242
169 244
169 247
169 275
169 299
169 311
169 321
169 327
169 340
170 155
170 171
170 174
170 184
170 204
170 206
170 213
170 215
170 216
170 217
170 242
170 244
170 247
170 275
170 299
170 311
170 321
170 327
171 155
171 171
171 174
171 184
171 204
171 206
171 213
171 215
171 216
171 217
171 233
171 242
171 244
171 247
171 275
171 299
171 311
171 321
171 327
172 155
172 171
172 174
172 184
172 204
172 206
172 213
172 215
172 216
172 217
172 233
172 242
172 244
172 247
172 275
172 299
172 311
172 321
172 327
173 155
173 171
173 174
173 184
173 204
173 206
173 213
173 215
173 216
173 217
173 233
173 242
173 244
173 247
173 275
173 299
173 311
173 321
173 327
174 155
174 171
174 174
174 184
174 204
174 206
174 213
174 215
174 216
174 217
174 233
174 242
174 244
174 247
174 275
174 299
174 311
174 321
174 327
175 155
175 171
175 174
175 184
175 204
175 206
175 213
175 215
175 216
175 217
175 233
175 242
175 244
175 247
175 275
175 299
175 311
175 321
175 327
176 155
176 171
176 174
176 184
176 204
176 206
176 213
176 215
176 216
176 217
176 233
176 242
176 244
176 247
176 275
176 299
176 311
176 321
176 327
177 155
177 171
177 174
177 184
177 204
177 206
177 213
177 215
177 216
177 217
177 233
177 242
177 244
177 247
177 275
177 299
177 311
177 321
177 327
178 155
178 184
178 204
178 206
178 213
178 215
178 216
178 217
178 233
178 242
178 244
178 247
178 260
178 275
178 299
178 311
178 319
178 321
179 184
179 206
179 213
179 215
179 216
179 217
179 233
179 238
179 242
179 244
179 247
179 260
179 275
179 299
179 311
179 319
179 321
180 184
180 206
180 213
180 215
180 216
180 217
180 238
180 242
180 244
180 247
180 260
180 275
180 292
180 299
180 311
180 319
180 321
181 206
181 208
181 213
181 215
181 216
181 217
181 225
181 238
181 242
181 244
181 260
181 275
181 292
181 299
181 311
181 319
181 321
181 326
181 330
181 345
182 206
182 208
182 213
182 215
182 216
182 217
182 225
182 238
182 242
182 244
182 260
182 275
182 292
182 299
182 311
182 319
182 321
182 326
182 330
182 345
183 192
183 206
183 208
183 213
183 215
183 216
183 217
183 238
183 242
183 244
183 260
183 275
183 292
183 299
183 311
183 314
183 319
183 326
183 332
183 345
184 192
184 206
184 208
184 213
184 215
184 216
184 217
184 238
184 242
184 244
184 260
184 275
184 292
184 299
184 311
184 314
184 319
184 326
184 332
184 345
185 192
185 206
185 208
185 213
185 215
185 216
185 217
185 238
185 242
185 244
185 260
185 275
185 292
185 299
185 311
185 314
185 319
185 326
185 332
185 345
186 192
186 206
186 208
186 213
186 215
186 216
186 217
186 238
186 242
186 244
186 260
186 268
186 275
186 292
186 299
186 311
186 314
186 319
186 326
186 332
186 345
187 192
187 206
187 208
187 213
187 215
187 216
187 217
187 238
187 242
187 244
187 260
187 268
187 275
187 292
187 299
187 311
187 314
187 319
187 326
187 332
187 345
188 192
188 206
188 208
188 213
188 215
188 216
188 217
188 238
188 242
188 244
188 260
188 268
188 275
188 292
188 299
188 311
188 314
188 319
188 326
188 332
188 345
189 192
189 206
189 208
189 213
189 215
189 216
189 217
189 238
189 242
189 260
189 268
189 275
189 292
189 299
189 311
189 314
189 319
189 326
189 332
189 345
190 192
190 206
190 208
190 213
190 215
190 216
190 217
190 238
190 242
190 260
190 268
190 275
190 292
190 299
190 311
190 314
190 319
190 326
190 332
190 345
191 192
191 208
191 213
191 217
191 230
191 238
191 242
191 265
191 292
191 299
191 314
191 332
191 333
191 345
192 192
192 208
192 213
192 222
192 230
192 238
192 242
192 265
192 292
192 299
192 314
192 332
192 333
192 345
193 192
193 208
193 213
193 222
193 230
193 238
193 242
193 265
193 292
193 299
193 314
193 332
193 333
193 345
194 192
194 208
194 213
194 222
194 230
194 238
194 240
194 242
194 265
194 292
194 299
194 314
194 332
194 333
194 345
195 192
195 208
195 213
195 222
195 230
195 238
195 240
195 242
195 265
195 292
195 299
195 314
195 332
195 333
195 345
196 192
196 208
196 213
196 222
196 230
196 238
196 240
196 242
196 262
196 265
196 292
196 299
196 314
196 332
196 333
196 345
197 192
197 208
197 213
197 222
197 230
197 238
197 240
197 242
197 262
197 265
197 292
197 299
197 314
197 332
197 333
197 345
198 192
198 208
198 213
198 222
198 230
198 238
198 240
198 242
198 262
198 265
198 266
198 292
198 299
198 314
198 332
198 333
198 345
199 208
199 213
199 222
199 230
199 238
199 240
199 242
199 262
199 265
199 266
199 292
199 299
199 304
199 314
199 332
199 333
199 345
200 208
200 213
200 222
200 230
200 238
200 240
200 242
200 262
200 265
200 266
200 292
200 299
200 304
200 314
200 332
200 333
200 345
201 208
201 213
201 222
201 230
201 238
201 240
201 242
201 262
201 265
201 266
201 292
201 299
201 304
201 314
201 332
201 333
201 345
202 208
202 222
202 230
202 238
202 240
202 262
202 265
202 286
202 292
202 299
202 304
202 314
202 332
202 333
202 345
203 208
203 222
203 230
203 238
203 240
203 262
203 265
203 286
203 292
203 299
203 304
203 332
203 333
203 345
204 208
204 222
204 230
204 238
204 240
204 262
204 265
204 284
204 286
204 292
204 299
204 304
204 332
204 333
204 345
205 208
205 222
205 230
205 238
205 240
205 262
205 265
205 270
205 284
205 286
205 292
205 299
205 304
205 332
205 333
205 345
206 208
206 222
206 230
206 238
206 240
206 262
206 265
206 270
206 284
206 286
206 292
206 299
206 304
206 332
206 333
206 345
207 208
207 222
207 230
207 238
207 240
207 262
207 265
207 270
207 284
207 286
207 292
207 299
207 304
207 332
207 333
207 345
208 208
208 222
208 230
208 238
208 240
208 262
208 265
208 270
208 284
208 286
208 292
208 299
208 304
208 332
208 333
208 345
209 208
209 212
209 222
209 230
209 238
209 240
209 262
209 265
209 270
209 284
209 286
209 292
209 299
209 304
209 332
209 333
209 345
210 208
210 212
210 222
210 238
210 262
210 265
210 270
210 284
210 286
210 292
210 299
210 304
210 320
210 332
210 333
210 345
211 208
211 212
211 222
211 238
211 262
211 265
211 270
211 284
211 286
211 292
211 299
211 304
211 320
211 332
211 333
211 345
212 208
212 212
212 222
212 238
212 262
212 265
212 270
212 284
212 286
212 292
212 299
212 304
212 320
212 332
212 333
213 208
213 212
213 222
213 262
213 265
213 270
213 284
213 286
213 292
213 299
213 304
213 320
213 332
213 333
214 208
214 222
214 252
214 262
214 265
214 270
214 284
214 286
214 292
214 299
214 304
214 320
214 332
214 333
215 208
215 222
215 252
215 262
215 265
215 270
215 284
215 286
215 292
215 299
215 304
215 320
215 332
215 333
216 208
216 222
216 252
216 262
216 265
216 270
216 284
216 286
216 292
216 299
216 304
216 313
216 320
216 332
216 333
217 208
217 222
217 252
217 262
217 265
217 270
217 284
217 286
217 292
217 299
217 304
217 313
217 320
217 332
217 333
218 208
218 222
218 252
218 262
218 265
218 270
218 284
218 286
218 292
218 299
218 304
218 313
218 320
218 332
218 333
219 208
219 222
219 252
219 262
219 265
219 270
219 284
219 286
219 292
219 299
219 304
219 313
219 320
219 332
219 333
220 208
220 252
220 262
220 265
220 270
220 284
220 286
220 292
220 304
220 313
220 320
220 332
220 333
221 208
221 252
221 262
221 265
221 270
221 284
221 286
221 292
221 313
221 320
221 332
221 333
222 208
222 252
222 262
222 265
222 270
222 284
222 286
222 292
222 313
222 320
222 332
222 333
223 208
223 252
223 262
223 265
223 270
223 284
223 285
223 286
223 292
223 296
223 313
223 320
223 332
223 333
224 208
224 252
224 262
224 265
224 270
224 284
224 285
224 286
224 292
224 296
224 313
224 320
224 332
224 333
224 337
225 208
225 252
225 262
225 265
225 270
225 284
225 285
225 286
225 292
225 296
225 313
225 320
225 332
225 333
225 337
226 208
226 252
226 262
226 265
226 267
226 270
226 281
226 284
226 286
226 292
226 296
226 313
226 320
226 332
226 333
226 337
227 208
227 252
227 262
227 265
227 267
227 270
227 281
227 284
227 286
227 292
227 296
227 313
227 320
227 332
227 333
227 337
228 208
228 252
228 262
228 265
228 267
228 270
228 281
228 284
228 286
228 292
228 296
228 313
228 320
228 332
228 333
228 337
229 208
229 252
229 262
229 265
229 270
229 281
229 284
229 286
229 292
229 296
229 313
229 320
229 332
229 333
229 337
230 208
230 252
230 262
230 265
230 270
230 281
230 284
230 286
230 296
230 313
230 320
230 332
230 333
230 337
231 208
231 252
231 262
231 265
231 270
231 281
231 284
231 286
231 296
231 313
231 320
231 332
231 333
231 337
232 208
232 252
232 262
232 265
232 270
232 281
232 284
232 286
232 296
232 313
232 320
232 332
232 333
232 337
233 208
233 252
233 262
233 270
233 281
233 284
233 286
233 296
233 313
233 315
233 320
233 324
233 332
233 333
233 337
234 208
234 252
234 262
234 270
234 281
234 286
234 296
234 313
234 315
234 320
234 324
234 332
234 333
234 337
235 208
235 252
235 262
235 270
235 281
235 286
235 296
235 313
235 315
235 320
235 324
235 332
235 333
235 337
236 208
236 252
236 262
236 270
236 281
236 286
236 296
236 313
236 315
236 320
236 324
236 332
236 333
236 337
237 208
237 262
237 270
237 281
237 286
237 296
237 313
237 315
237 320
237 324
237 332
237 333
237 336
237 337
238 208
238 262
238 270
238 281
238 286
238 296
238 313
238 315
238 320
238 324
238 332
238 333
238 336
238 337
239 262
239 270
239 281
239 286
239 296
239 313
239 315
239 320
239 324
239 332
239 333
239 336
239 337
240 262
240 270
240 281
240 286
240 289
240 296
240 313
240 315
240 320
240 324
240 332
240 333
240 336
240 337
240 347
241 262
241 270
241 281
241 286
241 289
241 296
241 313
241 315
241 320
241 324
241 332
241 333
241 336
241 337
241 347
242 262
242 270
242 281
242 286
242 289
242 296
242 313
242 315
242 320
242 324
242 332
242 333
242 336
242 337
242 347
243 262
243 270
243 281
243 286
243 289
243 296
243 313
243 315
243 320
243 324
243 332
243 333
243 336
243 337
243 347
244 262
244 270
244 281
244 286
244 289
244 296
244 313
244 315
244 320
244 324
244 332
244 333
244 336
244 337
244 347
245 262
245 270
245 281
245 286
245 289
245 296
245 313
245 315
245 320
245 324
245 332
245 333
245 336
245 337
245 347
246 262
246 270
246 281
246 286
246 289
246 296
246 313
246 315
246 320
246 324
246 332
246 333
246 336
246 337
246 347
247 256
247 262
247 270
247 281
247 286
247 289
247 296
247 313
247 315
247 320
247 324
247 332
247 333
247 336
247 337
247 347
248 262
248 270
248 281
248 286
248 289
248 296
248 313
248 315
248 316
248 320
248 324
248 332
248 333
248 336
248 337
248 347
249 262
249 270
249 281
249 286
249 289
249 296
249 313
249 315
249 316
249 320
249 324
249 332
249 333
249 336
249 337
249 347
250 262
250 270
250 281
250 286
250 289
250 296
250 313
250 315
250 316
250 320
250 324
250 332
250 333
250 336
250 337
250 347
251 262
251 270
251 281
251 286
251 289
251 296
251 313
251 315
251 316
251 320
251 324
251 332
251 336
251 337
252 262
252 270
252 281
252 286
252 289
252 296
252 313
252 315
252 316
252 320
252 324
252 332
252 336
252 337
253 262
253 270
253 281
253 286
253 289
253 296
253 313
253 315
253 316
253 320
253 324
253 332
253 336
253 337
254 262
254 270
254 281
254 286
254 289
254 296
254 313
254 315
254 316
254 320
254 324
254 332
254 336
254 337
255 270
255 280
255 281
255 286
255 289
255 296
255 308
255 313
255 315
255 316
255 320
255 324
255 332
255 336
255 337
256 270
256 280
256 281
256 286
256 289
256 296
256 308
256 313
256 315
256 316
256 320
256 324
256 336
256 337
257 270
257 280
257 281
257 286
257 289
257 296
257 308
257 313
257 315
257 316
257 320
257 324
257 336
257 337
258 270
258 280
258 281
258 286
258 289
258 296
258 308
258 313
258 315
258 316
258 320
258 324
258 336
258 337
259 270
259 280
259 281
259 286
259 289
259 296
259 308
259 313
259 315
259 316
259 320
259 324
259 336
259 337
260 270
260 280
260 281
260 286
260 289
260 296
260 308
260 313
260 315
260 316
260 320
260 324
260 336
260 337
261 270
261 280
261 281
261 286
261 289
261 296
261 308
261 313
261 315
261 316
261 320
261 324
261 336
261 337
262 270
262 280
262 281
262 286
262 289
262 296
262 308
262 313
262 315
262 316
262 320
262 324
262 336
262 337
263 270
263 280
263 281
263 289
263 296
263 308
263 313
263 315
263 316
263 320
263 324
263 336
264 270
264 280
264 281
264 296
264 308
264 313
264 315
264 316
264 320
264 324
264 336
265 270
265 280
265 281
265 296
265 313
265 315
265 316
265 320
265 324
265 336
266 270
266 280
266 281
266 296
266 313
266 315
266 316
266 320
266 324
266 336
267 281
267 296
267 313
267 315
267 316
267 320
267 324
267 336
268 281
268 296
268 313
268 315
268 316
268 320
268 336
268 339
269 281
269 296
269 313
269 315
269 316
269 320
269 336
269 339
270 281
270 312
270 313
270 315
270 316
270 336
270 339
270 346
271 281
271 312
271 313
271 315
271 316
271 336
271 339
271 346
272 281
272 312
272 313
272 315
272 316
272 336
272 339
272 342
272 346
273 281
273 313
273 315
273 316
273 336
273 339
273 342
273 346
274 281
274 313
274 315
274 316
274 336
274 339
274 342
274 346
275 281
275 313
275 315
275 316
275 336
275 339
275 342
275 346
276 281
276 313
276 315
276 316
276 336
276 339
276 342
276 346
277 281
277 313
277 315
277 316
277 336
277 339
277 346
278 281
278 293
278 313
278 315
278 316
278 336
278 339
278 346
279 281
279 293
279 313
279 315
279 316
279 336
279 339
279 346
280 281
280 313
280 315
280 316
280 336
280 339
280 346
281 281
281 313
281 315
281 316
281 336
281 339
281 346
282 281
282 313
282 315
282 316
282 336
282 339
282 346
283 281
283 313
283 315
283 316
283 336
283 339
283 346
284 281
284 313
284 315
284 316
284 336
284 339
284 346
285 281
285 313
285 315
285 316
285 336
285 346
286 313
286 315
286 316
286 336
286 346
287 313
287 315
287 316
287 336
287 346
288 309
288 313
288 315
288 316
288 336
288 346
289 309
289 313
289 315
289 316
289 336
289 346
290 309
290 313
290 315
290 316
290 336
290 346
291 309
291 313
291 315
291 316
291 336
291 346
292 309
292 313
292 315
292 316
292 336
292 346
293 309
293 313
293 315
293 316
293 336
293 346
294 309
294 313
294 315
294 316
294 336
294 346
295 309
295 313
295 315
295 316
295 336
295 346
296 309
296 313
296 315
296 316
296 336
296 346
297 309
297 313
297 315
297 316
297 336
297 346
298 309
298 313
298 315
298 316
298 336
298 346
299 309
299 313
299 316
299 346
300 309
300 313
300 316
300 346
301 309
301 313
301 316
301 346
302 309
302 313
302 316
302 346
303 309
303 313
303 316
303 346
304 309
304 313
304 316
304 346
305 313
305 316
305 346
306 313
306 316
306 346
307 313
307 316
307 346
308 313
308 316
308 346
309 313
309 316
309 346
310 313
310 316
310 346
311 313
311 316
311 346
312 313
312 316
312 346
313 313
313 316
313 346
314 313
314 316
314 346
315 313
315 316
315 346
316 313
316 316
316 346
317 313
317 316
317 346
318 313
318 316
318 343
318 346
319 313
319 316
319 343
319 346
320 313
320 316
320 343
320 346
321 313
321 316
321 343
321 344
321 346
322 313
322 316
322 343
322 344
322 346
323 313
323 343
323 344
323 346
324 343
324 344
324 346
325 343
325 344
325 346
326 343
326 344
326 346
327 343
327 344
327 346
328 343
328 344
328 346
329 343
329 344
329 346
330 343
330 344
330 346
331 343
331 344
331 346
332 343
332 346
333 343
333 346
334 343
334 346
335 343
335 346
336 343
336 346
337 343
337 346
338 343
338 346
339 343
339 346
340 343
340 346
341 343
341 346
342 343
342 346
343 343
344 343
345 343
346 343
