0 2
0 49
0 64
0 96
1 9
1 49
1 64
1 96
2 4
2 5
2 8
2 16
2 20
2 49
2 65
2 82
2 213
3 4
3 8
3 16
3 20
3 49
3 65
3 82
3 213
4 12
4 16
4 31
4 49
4 53
4 65
4 70
4 82
4 84
4 155
4 204
4 262
4 264
5 43
5 53
5 60
5 70
5 82
5 84
5 155
5 180
5 204
5 262
5 264
5 282
6 26
6 40
6 43
6 53
6 70
6 82
6 84
6 155
6 180
6 204
6 262
6 264
6 282
7 18
7 40
7 53
7 69
7 70
7 82
7 84
7 155
7 180
7 204
7 262
7 264
7 282
8 18
8 40
8 53
8 69
8 70
8 82
8 84
8 100
8 134
8 155
8 180
8 204
8 262
8 264
8 282
9 10
9 17
9 40
9 52
9 53
9 69
9 70
9 84
9 86
9 100
9 111
9 134
9 146
9 155
9 180
9 204
9 262
9 282
10 17
10 21
10 28
10 40
10 62
10 69
10 70
10 86
10 100
10 134
10 146
10 155
10 172
10 180
10 204
10 262
10 282
11 17
11 21
11 28
11 40
11 62
11 69
11 86
11 100
11 134
11 146
11 155
11 172
11 180
11 262
11 282
12 32
12 46
12 62
12 69
12 86
12 100
12 134
12 146
12 155
12 172
12 180
12 262
12 282
13 32
13 55
13 62
13 68
13 69
13 86
13 100
13 134
13 146
13 155
13 168
13 172
13 180
13 231
13 251
13 262
13 282
13 285
13 290
14 32
14 45
14 55
14 62
14 68
14 69
14 86
14 100
14 134
14 146
14 155
14 168
14 172
14 180
14 231
14 251
14 262
14 282
14 285
14 290
15 27
15 32
15 41
15 45
15 55
15 62
15 68
15 69
15 73
15 74
15 86
15 100
15 134
15 146
15 155
15 168
15 172
15 180
15 231
15 251
15 262
15 282
15 285
15 290
16 19
16 27
16 45
16 55
16 62
16 69
16 73
16 86
16 100
16 117
16 134
16 145
16 146
16 155
16 166
16 168
16 180
16 193
16 200
16 231
16 251
16 262
16 269
16 282
16 285
16 290
17 19
17 22
17 27
17 55
17 69
17 77
17 86
17 100
17 106
17 117
17 134
17 145
17 146
17 155
17 163
17 166
17 168
17 180
17 193
17 200
17 226
17 231
17 251
17 262
17 269
17 282
17 285
17 290
18 19
18 22
18 27
18 55
18 69
18 77
18 86
18 100
18 106
18 117
18 134
18 145
18 146
18 155
18 163
18 166
18 168
18 180
18 193
18 200
18 226
18 231
18 251
18 262
18 269
18 282
18 285
18 290
19 27
19 30
19 44
19 50
19 55
19 69
19 71
19 77
19 79
19 86
19 102
19 117
19 145
19 146
19 155
19 160
19 163
19 166
19 168
19 180
19 193
19 200
19 226
19 231
19 251
19 262
19 282
19 285
19 290
20 27
20 30
20 44
20 50
20 55
20 69
20 71
20 77
20 79
20 86
20 102
20 117
20 145
20 146
20 155
20 160
20 163
20 166
20 168
20 180
20 193
20 200
20 226
20 231
20 251
20 262
20 282
20 285
20 290
21 27
21 30
21 44
21 50
21 55
21 66
21 69
21 71
21 77
21 79
21 86
21 102
21 117
21 145
21 146
21 155
21 160
21 163
21 166
21 168
21 180
21 193
21 200
21 226
21 231
21 251
21 262
21 282
21 285
21 290
22 27
22 30
22 50
22 55
22 66
22 71
22 77
22 79
22 86
22 102
22 117
22 145
22 146
22 155
22 160
22 163
22 168
22 180
22 193
22 200
22 226
22 231
22 251
22 262
22 282
22 285
22 290
23 27
23 30
23 50
23 55
23 66
23 71
23 77
23 79
23 86
23 102
23 117
23 145
23 146
23 155
23 160
23 163
23 168
23 180
23 193
23 200
23 226
23 231
23 251
23 262
23 282
23 285
23 290
24 25
24 27
24 30
24 50
24 54
24 55
24 66
24 71
24 86
24 102
24 117
24 145
24 155
24 160
24 163
24 168
24 180
24 193
24 200
24 226
24 231
24 251
24 262
24 266
24 282
24 285
24 290
25 30
25 48
25 55
25 56
25 66
25 71
25 83
25 86
25 98
25 102
25 117
25 145
25 155
25 160
25 168
25 180
25 193
25 200
25 226
25 231
25 251
25 262
25 266
25 285
25 290
26 30
26 48
26 55
26 56
26 59
26 83
26 98
26 102
26 117
26 155
26 160
26 168
26 180
26 200
26 226
26 231
26 248
26 251
26 262
26 266
26 285
26 290
26 337
27 30
27 48
27 55
27 56
27 59
27 83
27 98
27 102
27 155
27 160
27 168
27 180
27 200
27 226
27 231
27 248
27 251
27 262
27 266
27 285
27 290
27 337
28 30
28 34
28 36
28 48
28 56
28 59
28 67
28 83
28 98
28 102
28 107
28 115
28 155
28 159
28 160
28 168
28 180
28 226
28 228
28 231
28 248
28 251
28 262
28 266
28 276
28 285
28 290
28 295
29 30
29 34
29 36
29 39
29 48
29 56
29 59
29 67
29 83
29 98
29 102
29 107
29 115
29 155
29 159
29 160
29 168
29 180
29 226
29 228
29 231
29 248
29 251
29 262
29 266
29 276
29 285
29 290
29 295
30 30
30 34
30 36
30 39
30 48
30 59
30 67
30 83
30 98
30 102
30 107
30 115
30 155
30 159
30 160
30 168
30 180
30 226
30 228
30 231
30 248
30 251
30 262
30 266
30 276
30 285
30 290
30 295
31 30
31 34
31 36
31 51
31 59
31 67
31 83
31 98
31 102
31 107
31 115
31 142
31 155
31 159
31 160
31 168
31 180
31 186
31 226
31 228
31 231
31 248
31 251
31 262
31 276
31 285
31 290
31 295
31 300
32 30
32 36
32 51
32 59
32 67
32 83
32 98
32 102
32 107
32 115
32 142
32 155
32 159
32 160
32 168
32 180
32 186
32 226
32 228
32 231
32 248
32 251
32 262
32 276
32 285
32 290
32 295
32 300
33 36
33 51
33 59
33 67
33 83
33 89
33 98
33 102
33 107
33 115
33 142
33 155
33 159
33 160
33 168
33 180
33 186
33 226
33 228
33 231
33 248
33 251
33 262
33 276
33 285
33 290
33 295
33 300
34 36
34 51
34 58
34 59
34 67
34 80
34 83
34 89
34 98
34 102
34 115
34 155
34 159
34 160
34 168
34 186
34 226
34 228
34 231
34 248
34 251
34 262
34 276
34 285
34 290
34 295
34 300
35 36
35 51
35 58
35 59
35 67
35 80
35 83
35 89
35 98
35 102
35 105
35 115
35 120
35 155
35 159
35 160
35 168
35 184
35 186
35 228
35 231
35 248
35 251
35 262
35 276
35 285
35 290
35 295
35 300
36 36
36 51
36 58
36 59
36 67
36 80
36 83
36 89
36 98
36 105
36 115
36 120
36 155
36 159
36 160
36 168
36 184
36 186
36 228
36 231
36 248
36 251
36 262
36 276
36 285
36 290
36 295
36 300
37 51
37 67
37 80
37 83
37 89
37 98
37 105
37 115
37 120
37 124
37 128
37 155
37 159
37 160
37 168
37 181
37 184
37 186
37 231
37 248
37 251
37 262
37 268
37 276
37 285
37 290
37 295
37 300
37 301
38 51
38 67
38 80
38 83
38 89
38 105
38 115
38 120
38 124
38 128
38 155
38 159
38 160
38 168
38 175
38 181
38 184
38 186
38 231
38 248
38 251
38 262
38 268
38 285
38 290
38 295
38 300
38 301
38 339
39 51
39 63
39 67
39 80
39 83
39 89
39 91
39 105
39 115
39 122
39 124
39 127
39 128
39 138
39 155
39 159
39 160
39 168
39 175
39 181
39 184
39 186
39 222
39 231
39 248
39 251
39 262
39 268
39 285
39 290
39 295
39 300
39 301
40 51
40 63
40 67
40 80
40 89
40 91
40 105
40 115
40 122
40 124
40 127
40 128
40 138
40 155
40 159
40 160
40 168
40 175
40 181
40 184
40 186
40 222
40 231
40 248
40 251
40 262
40 268
40 285
40 290
40 295
40 300
40 301
41 51
41 63
41 67
41 80
41 89
41 91
41 105
41 115
41 122
41 124
41 127
41 128
41 155
41 159
41 160
41 168
41 175
41 181
41 184
41 186
41 219
41 222
41 231
41 248
41 251
41 262
41 268
41 285
41 290
41 295
41 300
41 301
42 51
42 57
42 63
42 67
42 80
42 89
42 91
42 105
42 115
42 122
42 124
42 127
42 128
42 159
42 160
42 168
42 175
42 181
42 184
42 186
42 219
42 222
42 231
42 251
42 262
42 268
42 285
42 290
42 295
42 300
42 301
43 51
43 57
43 63
43 67
43 80
43 89
43 91
43 105
43 115
43 122
43 124
43 127
43 128
43 159
43 160
43 168
43 175
43 181
43 184
43 186
43 219
43 222
43 231
43 251
43 262
43 268
43 285
43 290
43 295
43 300
43 301
44 51
44 57
44 67
44 80
44 89
44 91
44 105
44 115
44 122
44 124
44 127
44 128
44 159
44 160
44 168
44 175
44 181
44 184
44 186
44 219
44 222
44 231
44 251
44 262
44 268
44 285
44 290
44 295
44 300
44 301
45 51
45 67
45 80
45 89
45 91
45 94
45 105
45 115
45 122
45 124
45 127
45 128
45 159
45 160
45 168
45 175
45 181
45 184
45 186
45 219
45 222
45 231
45 268
45 285
45 290
45 295
45 300
45 301
46 51
46 67
46 80
46 91
46 105
46 115
46 124
46 127
46 128
46 160
46 168
46 175
46 184
46 186
46 219
46 222
46 231
46 268
46 285
46 290
46 295
46 300
46 301
46 325
47 51
47 67
47 76
47 80
47 105
47 115
47 124
47 127
47 128
47 160
47 168
47 175
47 184
47 186
47 219
47 222
47 231
47 268
47 285
47 290
47 295
47 300
47 301
47 325
48 80
48 105
48 115
48 124
48 128
48 160
48 175
48 184
48 186
48 219
48 222
48 231
48 268
48 285
48 290
48 295
48 300
48 301
48 325
48 347
49 80
49 105
49 115
49 124
49 128
49 160
49 175
49 184
49 186
49 219
49 222
49 231
49 268
49 285
49 290
49 295
49 300
49 301
49 325
49 347
50 80
50 105
50 115
50 124
50 128
50 160
50 175
50 184
50 186
50 219
50 222
50 231
50 268
50 285
50 290
50 295
50 300
50 301
50 325
50 347
51 80
51 105
51 115
51 124
51 128
51 160
51 175
51 184
51 186
51 219
51 222
51 231
51 268
51 285
51 290
51 295
51 300
51 301
51 325
51 347
52 80
52 105
52 115
52 124
52 128
52 160
52 175
52 184
52 186
52 219
52 222
52 231
52 268
52 285
52 290
52 295
52 300
52 301
52 325
53 80
53 105
53 115
53 118
53 124
53 128
53 160
53 175
53 184
53 186
53 219
53 222
53 231
53 268
53 285
53 290
53 295
53 300
53 301
53 325
54 80
54 105
54 115
54 118
54 124
54 128
54 160
54 175
54 184
54 186
54 219
54 222
54 231
54 268
54 285
54 290
54 295
54 300
54 301
54 325
55 80
55 105
55 115
55 118
55 124
55 128
55 160
55 175
55 184
55 186
55 219
55 222
55 231
55 268
55 285
55 290
55 295
55 300
55 301
55 325
56 80
56 105
56 115
56 118
56 124
56 128
56 136
56 148
56 160
56 175
56 179
56 184
56 186
56 219
56 222
56 231
56 263
56 268
56 290
56 295
56 300
56 301
56 309
56 313
56 321
56 325
57 105
57 115
57 118
57 124
57 128
57 136
57 148
57 160
57 175
57 179
57 184
57 186
57 219
57 222
57 263
57 268
57 279
57 290
57 300
57 301
57 309
57 312
57 313
57 321
57 325
57 344
58 61
58 72
58 95
58 105
58 115
58 118
58 124
58 128
58 136
58 148
58 160
58 164
58 171
58 175
58 179
58 184
58 186
58 219
58 222
58 233
58 263
58 268
58 279
58 290
58 301
58 309
58 313
58 321
58 325
58 344
59 61
59 95
59 99
59 105
59 115
59 118
59 124
59 128
59 136
59 153
59 160
59 171
59 175
59 179
59 184
59 186
59 219
59 222
59 233
59 263
59 268
59 279
59 290
59 301
59 309
59 313
59 321
59 325
59 344
60 61
60 99
60 105
60 115
60 118
60 128
60 136
60 153
60 171
60 179
60 184
60 219
60 222
60 233
60 263
60 268
60 279
60 290
60 301
60 313
60 321
60 325
60 344
61 61
61 99
61 105
61 112
61 115
61 118
61 125
61 128
61 136
61 141
61 153
61 171
61 179
61 184
61 189
61 191
61 219
61 222
61 233
61 263
61 268
61 275
61 279
61 290
61 301
61 313
61 321
61 325
61 344
62 61
62 99
62 105
62 112
62 115
62 118
62 125
62 128
62 136
62 153
62 171
62 179
62 184
62 189
62 191
62 219
62 222
62 233
62 263
62 268
62 275
62 279
62 290
62 301
62 313
62 321
62 325
62 344
63 93
63 99
63 105
63 112
63 115
63 118
63 125
63 128
63 136
63 153
63 171
63 179
63 184
63 189
63 191
63 219
63 222
63 229
63 233
63 258
63 268
63 275
63 279
63 290
63 301
63 313
63 321
63 325
63 344
64 93
64 99
64 105
64 112
64 115
64 118
64 125
64 128
64 136
64 139
64 144
64 153
64 171
64 179
64 184
64 189
64 191
64 219
64 222
64 229
64 233
64 258
64 275
64 279
64 290
64 301
64 313
64 321
64 325
64 344
65 93
65 99
65 105
65 112
65 115
65 118
65 125
65 128
65 136
65 139
65 144
65 153
65 171
65 179
65 184
65 189
65 191
65 219
65 222
65 229
65 233
65 258
65 275
65 279
65 290
65 301
65 313
65 321
65 325
65 344
66 93
66 99
66 105
66 112
66 115
66 118
66 125
66 136
66 139
66 144
66 153
66 171
66 179
66 184
66 189
66 191
66 219
66 222
66 229
66 233
66 258
66 275
66 279
66 290
66 301
66 313
66 321
66 325
66 344
67 93
67 105
67 112
67 115
67 118
67 136
67 139
67 144
67 153
67 171
67 179
67 184
67 189
67 191
67 219
67 222
67 229
67 233
67 258
67 275
67 279
67 290
67 301
67 313
67 321
67 325
67 344
68 93
68 109
68 112
68 115
68 118
68 136
68 139
68 144
68 153
68 171
68 179
68 183
68 184
68 189
68 191
68 219
68 222
68 229
68 233
68 238
68 258
68 275
68 279
68 290
68 301
68 313
68 321
68 325
68 344
69 87
69 93
69 109
69 112
69 115
69 118
69 139
69 153
69 171
69 179
69 183
69 184
69 189
69 191
69 219
69 222
69 229
69 233
69 238
69 258
69 279
69 290
69 301
69 313
69 321
69 325
69 344
70 87
70 93
70 109
70 112
70 115
70 118
70 139
70 153
70 161
70 171
70 179
70 183
70 184
70 189
70 191
70 219
70 222
70 229
70 233
70 238
70 240
70 258
70 279
70 290
70 301
70 313
70 321
70 325
70 344
71 87
71 93
71 109
71 112
71 115
71 118
71 139
71 153
71 161
71 171
71 179
71 183
71 184
71 189
71 191
71 219
71 222
71 229
71 233
71 238
71 240
71 258
71 279
71 290
71 301
71 313
71 321
71 325
71 344
72 87
72 93
72 109
72 112
72 115
72 118
72 139
72 153
72 161
72 171
72 179
72 183
72 184
72 189
72 219
72 222
72 229
72 238
72 240
72 258
72 279
72 290
72 301
72 313
72 321
72 344
73 87
73 93
73 101
73 109
73 112
73 118
73 129
73 153
73 161
73 171
73 179
73 183
73 184
73 189
73 219
73 222
73 229
73 238
73 240
73 258
73 279
73 290
73 301
73 313
73 321
73 327
73 344
74 90
74 109
74 112
74 114
74 118
74 129
74 137
74 140
74 153
74 171
74 179
74 183
74 184
74 189
74 222
74 238
74 240
74 258
74 273
74 279
74 290
74 301
74 313
74 321
74 327
75 81
75 90
75 109
75 112
75 114
75 118
75 140
75 153
75 171
75 179
75 183
75 189
75 222
75 238
75 240
75 273
75 279
75 290
75 301
75 321
75 327
76 90
76 109
76 112
76 114
76 118
76 140
76 153
76 171
76 179
76 183
76 189
76 222
76 238
76 240
76 273
76 279
76 290
76 301
76 321
76 327
77 90
77 109
77 112
77 114
77 116
77 118
77 140
77 153
77 171
77 179
77 183
77 189
77 222
77 238
77 240
77 273
77 279
77 290
77 301
77 321
77 327
78 97
78 109
78 112
78 118
78 140
78 153
78 171
78 179
78 183
78 189
78 222
78 238
78 240
78 273
78 279
78 290
78 321
78 327
79 97
79 109
79 112
79 118
79 140
79 153
79 171
79 179
79 183
79 189
79 238
79 240
79 243
79 273
79 279
79 290
79 321
79 327
80 88
80 97
80 109
80 113
80 118
80 140
80 153
80 173
80 179
80 183
80 189
80 238
80 240
80 243
80 273
80 279
80 290
80 321
80 327
81 85
81 88
81 97
81 109
81 110
81 118
81 140
81 153
81 173
81 183
81 189
81 201
81 211
81 238
81 240
81 243
81 273
81 279
81 290
81 296
81 314
81 321
81 327
81 343
82 92
82 97
82 109
82 118
82 140
82 153
82 173
82 183
82 196
82 198
82 201
82 207
82 211
82 223
82 238
82 240
82 242
82 243
82 273
82 279
82 290
82 296
82 314
82 321
82 327
82 343
83 92
83 97
83 109
83 118
83 140
83 153
83 173
83 176
83 183
83 196
83 198
83 201
83 207
83 211
83 223
83 238
83 240
83 242
83 243
83 273
83 279
83 290
83 296
83 314
83 321
83 327
83 343
84 92
84 97
84 109
84 118
84 140
84 153
84 173
84 176
84 183
84 196
84 198
84 201
84 207
84 211
84 223
84 238
84 240
84 242
84 243
84 273
84 279
84 290
84 296
84 314
84 321
84 327
84 343
85 92
85 97
85 118
85 123
85 140
85 173
85 176
85 183
85 196
85 198
85 201
85 207
85 211
85 223
85 238
85 240
85 242
85 243
85 273
85 279
85 290
85 296
85 314
85 321
85 327
85 343
86 92
86 97
86 118
86 123
86 173
86 176
86 183
86 196
86 198
86 201
86 207
86 211
86 223
86 238
86 240
86 242
86 243
86 273
86 279
86 290
86 296
86 314
86 321
86 327
86 343
87 92
87 97
87 118
87 135
87 143
87 173
87 176
87 183
87 196
87 198
87 201
87 207
87 211
87 223
87 238
87 240
87 242
87 243
87 273
87 279
87 290
87 296
87 314
87 321
87 327
87 343
88 92
88 97
88 118
88 135
88 143
88 173
88 176
88 183
88 196
88 198
88 201
88 207
88 211
88 223
88 238
88 240
88 242
88 243
88 273
88 279
88 290
88 296
88 314
88 321
88 327
88 343
89 92
89 97
89 126
89 130
89 135
89 143
89 173
89 176
89 183
89 196
89 198
89 201
89 207
89 211
89 223
89 238
89 240
89 242
89 243
89 244
89 273
89 279
89 290
89 296
89 314
89 321
89 327
89 343
90 92
90 97
90 126
90 130
90 135
90 143
90 173
90 176
90 183
90 196
90 198
90 201
90 207
90 211
90 223
90 238
90 240
90 242
90 243
90 244
90 273
90 279
90 290
90 296
90 314
90 321
90 327
90 343
91 92
91 97
91 103
91 126
91 130
91 135
91 143
91 173
91 176
91 183
91 196
91 198
91 201
91 207
91 211
91 223
91 238
91 240
91 242
91 243
91 250
91 273
91 279
91 290
91 296
91 314
91 321
91 327
91 343
92 92
92 97
92 103
92 126
92 130
92 135
92 143
92 173
92 176
92 183
92 196
92 198
92 201
92 207
92 211
92 223
92 238
92 240
92 242
92 243
92 250
92 273
92 279
92 290
92 296
92 314
92 321
92 327
92 343
93 92
93 103
93 126
93 130
93 135
93 149
93 158
93 173
93 176
93 183
93 196
93 198
93 201
93 206
93 207
93 223
93 240
93 242
93 243
93 246
93 247
93 250
93 273
93 279
93 290
93 296
93 314
93 321
93 327
93 336
93 343
94 92
94 103
94 119
94 126
94 130
94 135
94 149
94 158
94 173
94 176
94 183
94 196
94 198
94 201
94 206
94 207
94 223
94 240
94 242
94 243
94 247
94 250
94 279
94 290
94 296
94 314
94 321
94 327
94 333
94 336
94 343
95 92
95 103
95 119
95 126
95 130
95 135
95 149
95 158
95 173
95 176
95 183
95 196
95 198
95 201
95 206
95 207
95 223
95 240
95 242
95 243
95 247
95 250
95 279
95 290
95 296
95 314
95 321
95 327
95 333
95 336
95 343
96 92
96 103
96 119
96 126
96 130
96 135
96 149
96 158
96 173
96 176
96 183
96 196
96 198
96 201
96 206
96 207
96 223
96 240
96 242
96 243
96 247
96 250
96 279
96 290
96 296
96 314
96 321
96 327
96 333
96 336
96 343
97 92
97 103
97 119
97 126
97 130
97 135
97 149
97 158
97 173
97 176
97 196
97 198
97 201
97 206
97 207
97 223
97 240
97 242
97 243
97 247
97 250
97 279
97 290
97 296
97 314
97 321
97 327
97 333
97 336
97 343
98 103
98 126
98 130
98 149
98 158
98 173
98 176
98 198
98 201
98 206
98 207
98 223
98 240
98 243
98 247
98 250
98 279
98 283
98 290
98 296
98 314
98 321
98 327
98 333
98 336
98 343
99 103
99 126
99 130
99 149
99 158
99 173
99 176
99 198
99 201
99 206
99 207
99 223
99 240
99 243
99 247
99 250
99 279
99 283
99 290
99 296
99 314
99 321
99 327
99 333
99 336
99 343
100 103
100 126
100 130
100 149
100 158
100 173
100 176
100 198
100 201
100 206
100 207
100 223
100 240
100 243
100 247
100 250
100 279
100 283
100 290
100 296
100 314
100 321
100 327
100 333
100 336
100 343
101 103
101 130
101 147
101 154
101 158
101 169
101 173
101 176
101 188
101 198
101 201
101 215
101 241
101 243
101 247
101 250
101 279
101 283
101 286
101 290
101 296
101 305
101 314
101 327
101 333
101 336
101 343
102 103
102 130
102 147
102 154
102 158
102 169
102 173
102 176
102 188
102 198
102 201
102 215
102 241
102 243
102 247
102 250
102 279
102 283
102 286
102 290
102 296
102 305
102 314
102 327
102 333
102 336
102 343
103 103
103 130
103 147
103 154
103 158
103 169
103 173
103 176
103 188
103 198
103 201
103 215
103 241
103 243
103 247
103 250
103 279
103 283
103 286
103 290
103 296
103 305
103 314
103 327
103 333
103 336
103 343
104 103
104 130
104 147
104 154
104 158
104 169
104 173
104 176
104 188
104 198
104 201
104 215
104 241
104 243
104 247
104 250
104 279
104 283
104 286
104 290
104 296
104 305
104 314
104 327
104 333
104 336
104 343
105 103
105 130
105 147
105 154
105 158
105 169
105 173
105 176
105 187
105 188
105 198
105 201
105 215
105 241
105 243
105 247
105 250
105 279
105 283
105 286
105 290
105 296
105 305
105 314
105 315
105 327
105 333
105 336
105 343
106 103
106 130
106 147
106 154
106 158
106 169
106 173
106 176
106 188
106 198
106 201
106 241
106 243
106 247
106 250
106 279
106 283
106 290
106 296
106 305
106 314
106 315
106 327
106 333
106 336
106 343
107 130
107 147
107 154
107 158
107 169
107 173
107 176
107 188
107 198
107 201
107 241
107 243
107 247
107 250
107 279
107 283
107 290
107 296
107 305
107 314
107 315
107 327
107 333
107 336
107 343
108 130
108 147
108 154
108 158
108 169
108 176
108 188
108 198
108 201
108 241
108 243
108 247
108 250
108 279
108 283
108 290
108 296
108 305
108 314
108 315
108 327
108 333
108 336
108 343
109 130
109 147
109 154
109 158
109 169
109 170
109 176
109 188
109 198
109 201
109 241
109 243
109 247
109 250
109 279
109 283
109 290
109 305
109 314
109 315
109 327
109 333
109 336
109 343
110 130
110 147
110 154
110 158
110 169
110 170
110 176
110 188
110 198
110 201
110 241
110 243
110 247
110 250
110 279
110 283
110 290
110 305
110 314
110 315
110 327
110 333
110 336
110 343
111 130
111 147
111 154
111 158
111 169
111 170
111 176
111 188
111 198
111 201
111 241
111 243
111 247
111 250
111 279
111 283
111 290
111 305
111 306
111 314
111 315
111 327
111 333
111 336
111 343
112 130
112 147
112 154
112 158
112 169
112 170
112 176
112 188
112 198
112 201
112 203
112 241
112 243
112 247
112 250
112 271
112 279
112 283
112 290
112 305
112 306
112 314
112 315
112 327
112 333
112 336
112 343
113 130
113 131
113 154
113 158
113 169
113 170
113 176
113 188
113 198
113 201
113 203
113 208
113 241
113 243
113 247
113 250
113 271
113 279
113 283
113 290
113 305
113 314
113 315
113 327
113 333
113 343
114 130
114 131
114 169
114 170
114 176
114 188
114 198
114 201
114 203
114 208
114 241
114 243
114 247
114 250
114 271
114 279
114 283
114 290
114 305
114 314
114 315
114 327
114 333
114 343
115 121
115 130
115 131
115 151
115 169
115 170
115 176
115 178
115 188
115 198
115 201
115 203
115 208
115 243
115 247
115 250
115 271
115 279
115 283
115 290
115 305
115 314
115 315
115 327
115 333
115 343
116 121
116 130
116 131
116 151
116 169
116 170
116 176
116 178
116 188
116 198
116 201
116 203
116 208
116 243
116 247
116 271
116 279
116 283
116 290
116 305
116 314
116 315
116 327
116 333
116 343
117 121
117 130
117 131
117 169
117 170
117 176
117 178
117 188
117 198
117 201
117 203
117 208
117 243
117 247
117 271
117 279
117 283
117 290
117 305
117 314
117 315
117 327
117 333
117 343
118 121
118 131
118 169
118 170
118 176
118 198
118 201
118 203
118 208
118 220
118 243
118 247
118 271
118 279
118 283
118 290
118 305
118 314
118 315
118 327
118 333
118 343
119 121
119 131
119 169
119 170
119 176
119 194
119 198
119 201
119 203
119 208
119 220
119 243
119 247
119 271
119 279
119 283
119 290
119 305
119 314
119 315
119 327
119 333
119 343
120 131
120 150
120 169
120 170
120 176
120 194
120 198
120 201
120 203
120 208
120 220
120 227
120 243
120 247
120 271
120 279
120 283
120 290
120 305
120 314
120 315
120 318
120 327
120 333
120 343
121 131
121 150
121 169
121 170
121 194
121 198
121 201
121 203
121 208
121 220
121 227
121 243
121 247
121 271
121 279
121 283
121 290
121 305
121 314
121 315
121 318
121 327
121 333
121 343
122 131
122 150
122 169
122 170
122 194
122 198
122 201
122 203
122 208
122 220
122 227
122 243
122 247
122 271
122 279
122 283
122 290
122 305
122 314
122 315
122 318
122 333
122 343
123 131
123 150
123 169
123 170
123 194
123 198
123 201
123 203
123 208
123 220
123 225
123 227
123 243
123 247
123 271
123 283
123 290
123 305
123 314
123 315
123 318
123 333
124 131
124 150
124 169
124 170
124 194
124 198
124 201
124 203
124 208
124 220
124 225
124 227
124 243
124 247
124 271
124 283
124 290
124 305
124 314
124 315
124 318
124 333
125 131
125 150
125 169
125 170
125 194
125 198
125 201
125 203
125 208
125 220
125 225
125 227
125 243
125 247
125 271
125 283
125 290
125 305
125 314
125 315
125 318
125 333
126 131
126 150
126 169
126 170
126 194
126 198
126 199
126 201
126 203
126 208
126 220
126 225
126 227
126 243
126 247
126 271
126 283
126 290
126 305
126 314
126 315
126 318
126 333
127 131
127 150
127 170
127 182
127 194
127 198
127 199
127 201
127 203
127 208
127 212
127 220
127 225
127 227
127 247
127 271
127 283
127 290
127 305
127 314
127 315
127 318
127 333
128 131
128 150
128 170
128 182
128 194
128 198
128 199
128 201
128 203
128 208
128 212
128 220
128 225
128 227
128 247
128 271
128 283
128 290
128 314
128 315
128 318
128 333
129 131
129 150
129 170
129 182
129 194
129 195
129 198
129 199
129 201
129 203
129 208
129 212
129 220
129 225
129 227
129 247
129 271
129 283
129 290
129 299
129 314
129 315
129 318
129 333
130 131
130 150
130 170
130 182
130 194
130 195
130 198
130 199
130 201
130 203
130 208
130 212
130 220
130 225
130 227
130 247
130 271
130 283
130 290
130 299
130 314
130 315
130 318
130 333
131 131
131 150
131 162
131 170
131 174
131 182
131 194
131 195
131 199
131 201
131 203
131 208
131 212
131 216
131 225
131 227
131 247
131 271
131 283
131 290
131 299
131 314
131 315
131 318
131 333
132 131
132 150
132 162
132 170
132 174
132 182
132 194
132 195
132 199
132 201
132 203
132 208
132 212
132 216
132 225
132 227
132 247
132 271
132 283
132 290
132 299
132 314
132 315
132 318
132 333
133 131
133 150
133 162
133 170
133 174
133 182
133 185
133 194
133 195
133 199
133 201
133 203
133 208
133 212
133 216
133 225
133 227
133 247
133 271
133 290
133 314
133 315
133 318
133 319
133 333
134 131
134 150
134 162
134 170
134 174
134 182
134 185
134 194
134 195
134 199
134 201
134 203
134 208
134 212
134 216
134 225
134 227
134 271
134 290
134 314
134 315
134 318
134 333
135 131
135 150
135 162
135 170
135 174
135 185
135 195
135 199
135 203
135 208
135 212
135 216
135 225
135 227
135 271
135 290
135 314
135 315
135 318
135 333
136 131
136 150
136 162
136 170
136 174
136 185
136 195
136 199
136 203
136 208
136 212
136 225
136 227
136 271
136 290
136 314
136 315
136 318
136 333
137 131
137 150
137 162
137 170
137 174
137 185
137 195
137 199
137 203
137 208
137 212
137 225
137 227
137 271
137 290
137 314
137 315
137 318
137 333
138 131
138 150
138 162
138 170
138 174
138 185
138 195
138 199
138 203
138 208
138 212
138 225
138 227
138 271
138 290
138 314
138 315
138 318
138 333
139 131
139 150
139 162
139 170
139 174
139 185
139 195
139 199
139 203
139 208
139 225
139 227
139 230
139 271
139 290
139 291
139 314
139 315
139 318
139 333
140 131
140 150
140 162
140 167
140 170
140 174
140 185
140 195
140 199
140 203
140 208
140 225
140 227
140 230
140 290
140 291
140 314
140 315
140 318
140 333
141 131
141 150
141 162
141 167
141 170
141 174
141 185
141 199
141 203
141 208
141 225
141 227
141 230
141 288
141 290
141 291
141 314
141 315
141 318
141 333
142 131
142 150
142 162
142 167
142 170
142 174
142 185
142 199
142 208
142 225
142 227
142 230
142 270
142 288
142 290
142 291
142 314
142 315
142 318
142 333
143 131
143 150
143 162
143 167
143 170
143 174
143 185
143 199
143 208
143 225
143 227
143 270
143 288
143 290
143 291
143 314
143 315
143 318
143 333
144 131
144 150
144 162
144 167
144 170
144 174
144 185
144 199
144 208
144 225
144 227
144 270
144 288
144 290
144 291
144 314
144 315
144 318
144 333
145 131
145 150
145 162
145 167
145 170
145 174
145 185
145 199
145 208
145 225
145 227
145 270
145 288
145 290
145 291
145 314
145 315
145 318
145 333
146 131
146 150
146 162
146 167
146 174
146 185
146 225
146 227
146 270
146 288
146 290
146 314
146 315
146 318
146 326
146 333
147 131
147 150
147 162
147 167
147 174
147 185
147 225
147 227
147 270
147 288
147 290
147 314
147 315
147 318
147 326
147 333
148 131
148 162
148 174
148 185
148 225
148 227
148 270
148 288
148 290
148 308
148 314
148 315
148 318
148 326
148 333
149 156
149 157
149 162
149 174
149 185
149 209
149 225
149 227
149 239
149 256
149 270
149 288
149 289
149 290
149 303
149 308
149 314
149 315
149 318
149 326
149 333
149 335
149 341
149 342
150 156
150 162
150 174
150 202
150 209
150 225
150 227
150 239
150 249
150 256
150 288
150 289
150 290
150 303
150 308
150 314
150 318
150 326
150 333
150 335
150 341
150 342
151 156
151 162
151 174
151 177
151 202
151 209
151 225
151 227
151 239
151 249
151 256
151 278
151 288
151 289
151 290
151 303
151 308
151 314
151 318
151 326
151 333
151 335
151 341
151 342
152 156
152 162
152 174
152 177
152 202
152 209
152 225
152 227
152 239
152 249
152 256
152 278
152 288
152 289
152 290
152 303
152 308
152 314
152 318
152 326
152 333
152 335
152 341
152 342
153 156
153 162
153 174
153 177
153 202
153 209
153 225
153 227
153 239
153 249
153 256
153 278
153 288
153 289
153 290
153 303
153 308
153 314
153 318
153 326
153 333
153 335
153 341
153 342
154 162
154 174
154 177
154 202
154 209
154 225
154 227
154 239
154 249
154 256
154 278
154 288
154 289
154 290
154 303
154 308
154 314
154 318
154 326
154 333
154 335
154 341
154 342
155 162
155 174
155 177
155 202
155 209
155 225
155 227
155 239
155 249
155 256
155 278
155 288
155 289
155 290
155 303
155 308
155 314
155 318
155 326
155 333
155 335
155 341
155 342
156 162
156 174
156 177
156 202
156 209
156 225
156 227
156 239
156 249
156 256
156 278
156 288
156 289
156 290
156 308
156 314
156 318
156 326
156 333
156 335
156 341
156 342
157 162
157 174
157 177
157 202
157 209
157 225
157 227
157 239
157 249
157 256
157 278
157 288
157 289
157 290
157 308
157 314
157 318
157 326
157 333
157 335
157 341
157 342
158 174
158 177
158 192
158 202
158 209
158 227
158 239
158 249
158 256
158 257
158 278
158 288
158 289
158 290
158 308
158 314
158 318
158 326
158 333
158 335
158 341
158 342
159 174
159 177
159 192
159 202
159 209
159 227
159 239
159 249
159 256
159 257
159 278
159 288
159 289
159 290
159 308
159 314
159 318
159 326
159 333
159 335
159 341
159 342
160 174
160 177
160 192
160 202
160 209
160 227
160 239
160 256
160 265
160 278
160 288
160 289
160 290
160 308
160 314
160 318
160 326
160 333
160 335
160 341
160 342
161 174
161 177
161 192
161 202
161 209
161 227
161 239
161 256
161 265
161 278
161 288
161 289
161 308
161 314
161 318
161 326
161 333
161 335
161 341
161 342
162 174
162 177
162 192
162 202
162 209
162 227
162 239
162 256
162 265
162 278
162 288
162 289
162 308
162 314
162 318
162 326
162 333
162 335
162 341
162 342
163 174
163 177
163 192
163 202
163 209
163 239
163 253
163 256
163 265
163 278
163 288
163 289
163 308
163 314
163 318
163 326
163 333
163 335
163 341
164 174
164 177
164 192
164 202
164 209
164 239
164 253
164 256
164 265
164 278
164 288
164 289
164 292
164 308
164 314
164 318
164 326
164 333
164 335
164 341
164 349
165 174
165 177
165 192
165 202
165 209
165 224
165 239
165 253
165 256
165 265
165 272
165 278
165 288
165 289
165 292
165 308
165 314
165 318
165 326
165 335
165 341
165 349
166 174
166 177
166 192
166 202
166 205
166 209
166 224
166 239
166 253
166 256
166 265
166 272
166 278
166 288
166 289
166 292
166 308
166 314
166 326
166 335
166 341
166 349
167 174
167 177
167 192
167 202
167 205
167 209
167 224
167 239
167 253
167 256
167 265
167 272
167 278
167 288
167 289
167 292
167 308
167 314
167 326
167 335
167 341
167 349
168 174
168 177
168 192
168 202
168 205
168 209
168 224
168 239
168 253
168 256
168 265
168 272
168 278
168 288
168 289
168 292
168 308
168 314
168 326
168 335
168 341
168 349
169 174
169 177
169 192
169 202
169 205
169 209
169 224
169 239
169 253
169 256
169 265
169 272
169 278
169 288
169 289
169 292
169 308
169 314
169 326
169 335
169 341
169 349
170 174
170 177
170 192
170 202
170 209
170 224
170 236
170 253
170 256
170 265
170 272
170 278
170 288
170 289
170 292
170 308
170 314
170 326
170 335
170 349
171 174
171 177
171 192
171 202
171 209
171 224
171 236
171 253
171 256
171 265
171 272
171 278
171 281
171 288
171 289
171 292
171 308
171 314
171 326
171 335
171 349
172 174
172 177
172 192
172 202
172 209
172 224
172 236
172 256
172 265
172 272
172 278
172 281
172 288
172 289
172 292
172 326
172 335
172 349
173 174
173 177
173 192
173 202
173 209
173 224
173 236
173 256
173 265
173 272
173 278
173 281
173 288
173 289
173 292
173 326
173 335
173 349
174 174
174 177
174 192
174 202
174 209
174 224
174 236
174 256
174 265
174 272
174 278
174 281
174 288
174 289
174 292
174 326
174 335
174 349
175 174
175 177
175 192
175 202
175 209
175 224
175 235
175 236
175 256
175 265
175 272
175 278
175 281
175 288
175 289
175 292
175 326
175 335
175 349
176 174
176 177
176 192
176 202
176 209
176 224
176 235
176 236
176 256
176 265
176 272
176 278
176 281
176 288
176 289
176 292
176 326
176 335
176 349
177 174
177 177
177 192
177 202
177 209
177 224
177 235
177 236
177 237
177 256
177 260
177 265
177 272
177 278
177 281
177 288
177 289
177 292
177 320
177 326
177 335
177 349
178 174
178 177
178 192
178 202
178 209
178 224
178 235
178 236
178 237
178 256
178 260
178 265
178 272
178 278
178 281
178 288
178 289
178 292
178 320
178 326
178 335
178 349
179 174
179 177
179 192
179 209
179 224
179 235
179 237
179 256
179 260
179 265
179 272
179 278
179 281
179 288
179 289
179 292
179 320
179 326
179 335
179 349
180 174
180 177
180 192
180 209
180 224
180 235
180 237
180 256
180 260
180 265
180 272
180 278
180 281
180 288
180 289
180 292
180 320
180 326
180 335
180 349
181 174
181 192
181 209
181 224
181 235
181 237
181 260
181 265
181 272
181 278
181 281
181 288
181 289
181 292
181 320
181 326
181 335
181 349
182 174
182 192
182 209
182 210
182 224
182 235
182 237
182 260
182 265
182 272
182 278
182 281
182 288
182 289
182 292
182 320
182 326
182 335
182 349
183 174
183 192
183 209
183 210
183 224
183 235
183 237
183 260
183 265
183 272
183 278
183 281
183 288
183 289
183 292
183 320
183 326
183 335
183 349
184 174
184 192
184 209
184 210
184 224
184 235
184 237
184 260
184 265
184 272
184 278
184 281
184 288
184 289
184 292
184 320
184 326
184 335
184 349
185 174
185 192
185 209
185 210
185 224
185 235
185 237
185 260
185 265
185 272
185 277
185 278
185 288
185 289
185 292
185 320
185 326
185 335
185 349
186 174
186 192
186 209
186 210
186 224
186 235
186 260
186 265
186 272
186 274
186 277
186 278
186 288
186 292
186 320
186 326
186 335
186 349
187 174
187 209
187 210
187 224
187 235
187 260
187 265
187 272
187 274
187 277
187 278
187 288
187 320
187 326
187 335
187 338
187 349
188 209
188 210
188 224
188 232
188 235
188 260
188 265
188 272
188 274
188 277
188 278
188 288
188 320
188 335
188 338
188 349
189 209
189 210
189 224
189 232
189 235
189 260
189 265
189 272
189 274
189 277
189 288
189 294
189 320
189 335
189 338
189 349
190 209
190 210
190 224
190 232
190 235
190 260
190 265
190 272
190 274
190 277
190 288
190 294
190 320
190 335
190 338
190 349
191 197
191 209
191 210
191 224
191 232
191 260
191 265
191 272
191 274
191 277
191 288
191 294
191 320
191 335
191 338
191 349
192 197
192 209
192 210
192 224
192 232
192 260
192 265
192 272
192 274
192 277
192 288
192 294
192 320
192 335
192 338
192 349
193 197
193 209
193 210
193 214
193 224
193 232
193 260
193 265
193 272
193 274
193 277
193 288
193 294
193 320
193 335
193 338
193 349
194 197
194 209
194 210
194 214
194 232
194 260
194 265
194 274
194 277
194 288
194 294
194 320
194 335
194 338
194 349
195 197
195 209
195 210
195 214
195 221
195 232
195 265
195 274
195 277
195 288
195 294
195 320
195 335
195 338
196 209
196 210
196 214
196 218
196 221
196 232
196 265
196 274
196 277
196 294
196 320
196 338
197 209
197 210
197 214
197 218
197 221
197 232
197 265
197 274
197 277
197 294
197 320
197 338
198 209
198 210
198 214
198 218
198 221
198 232
198 265
198 274
198 277
198 280
198 294
198 320
198 329
198 338
199 209
199 210
199 214
199 218
199 221
199 232
199 265
199 274
199 277
199 280
199 294
199 320
199 329
199 338
200 209
200 210
200 214
200 218
200 221
200 232
200 265
200 274
200 277
200 280
200 294
200 320
200 329
200 338
201 209
201 210
201 218
201 221
201 232
201 265
201 267
201 274
201 277
201 280
201 294
201 320
201 323
201 329
201 338
202 209
202 210
202 218
202 221
202 232
202 267
202 274
202 277
202 280
202 294
202 320
202 323
202 329
202 338
203 209
203 210
203 218
203 221
203 232
203 267
203 274
203 277
203 280
203 294
203 320
203 323
203 329
203 338
204 209
204 218
204 221
204 267
204 274
204 277
204 280
204 294
204 297
204 320
204 323
204 338
205 209
205 218
205 221
205 267
205 274
205 277
205 280
205 294
205 297
205 320
205 323
205 338
206 209
206 218
206 221
206 267
206 274
206 277
206 280
206 294
206 297
206 320
206 323
206 338
207 209
207 218
207 221
207 254
207 267
207 274
207 277
207 280
207 294
207 297
207 320
207 323
207 338
208 209
208 218
208 221
208 254
208 255
208 259
208 267
208 274
208 277
208 294
208 297
208 320
208 323
208 338
209 209
209 218
209 221
209 254
209 255
209 259
209 267
209 277
209 294
209 297
209 320
209 323
209 338
209 346
210 209
210 218
210 221
210 254
210 255
210 259
210 267
210 277
210 294
210 297
210 320
210 323
210 338
210 346
211 209
211 218
211 221
211 254
211 259
211 267
211 277
211 294
211 297
211 320
211 323
211 338
211 346
212 209
212 218
212 221
212 254
212 259
212 267
212 277
212 294
212 297
212 320
212 323
212 338
212 346
213 218
213 221
213 254
213 259
213 267
213 277
213 294
213 297
213 320
213 323
213 338
213 346
214 218
214 221
214 254
214 259
214 267
214 277
214 294
214 297
214 320
214 323
214 338
214 346
215 218
215 221
215 254
215 259
215 267
215 277
215 294
215 297
215 320
215 323
215 338
215 346
216 218
216 221
216 254
216 259
216 267
216 277
216 294
216 297
216 320
216 323
216 338
216 346
217 218
217 221
217 254
217 259
217 277
217 294
217 297
217 320
217 323
217 338
217 346
218 218
218 221
218 254
218 259
218 277
218 294
218 297
218 320
218 323
218 338
218 346
219 218
219 221
219 254
219 259
219 277
219 294
219 297
219 320
219 323
219 338
219 346
220 218
220 221
220 254
220 259
220 277
220 294
220 297
220 320
220 323
220 338
220 346
221 218
221 221
221 252
221 254
221 259
221 277
221 294
221 297
221 320
221 323
221 338
221 346
222 218
222 221
222 252
222 254
222 259
222 277
222 294
222 297
222 320
222 323
222 338
222 346
223 218
223 221
223 252
223 254
223 259
223 277
223 294
223 297
223 320
223 323
223 346
224 218
224 221
224 252
224 254
224 259
224 277
224 294
224 297
224 320
224 323
224 346
225 218
225 221
225 252
225 254
225 259
225 277
225 287
225 294
225 320
225 323
225 346
226 218
226 221
226 252
226 254
226 259
226 277
226 287
226 294
226 302
226 320
226 323
226 346
227 221
227 252
227 254
227 259
227 277
227 287
227 294
227 302
227 320
227 323
227 346
228 221
228 252
228 254
228 259
228 277
228 287
228 294
228 302
228 320
228 323
228 346
229 221
229 252
229 254
229 259
229 277
229 287
229 294
229 302
229 320
229 323
229 346
229 348
230 221
230 252
230 254
230 259
230 277
230 287
230 294
230 302
230 320
230 323
230 346
230 348
231 221
231 252
231 254
231 259
231 277
231 287
231 294
231 302
231 320
231 323
231 346
231 348
232 221
232 252
232 254
232 259
232 277
232 287
232 294
232 302
232 320
232 323
232 346
232 348
233 221
233 252
233 254
233 259
233 277
233 287
233 294
233 302
233 320
233 323
233 332
233 346
233 348
234 221
234 252
234 254
234 259
234 277
234 287
234 294
234 302
234 320
234 323
234 332
234 346
234 348
235 221
235 252
235 254
235 259
235 277
235 287
235 294
235 302
235 320
235 323
235 332
235 346
235 348
236 221
236 252
236 254
236 259
236 277
236 287
236 294
236 302
236 320
236 323
236 332
236 346
236 348
237 221
237 252
237 254
237 259
237 277
237 287
237 294
237 302
237 320
237 323
237 332
237 346
237 348
238 221
238 252
238 254
238 259
238 277
238 287
238 294
238 302
238 320
238 323
238 332
238 346
238 348
239 221
239 254
239 259
239 277
239 287
239 294
239 302
239 320
239 323
239 332
239 346
239 348
240 221
240 254
240 259
240 277
240 287
240 294
240 302
240 320
240 323
240 332
240 346
240 348
241 221
241 254
241 259
241 277
241 287
241 294
241 302
241 323
241 332
241 346
241 348
242 221
242 245
242 254
242 259
242 277
242 287
242 294
242 302
242 323
242 332
242 346
242 348
243 245
243 254
243 259
243 277
243 287
243 294
243 302
243 323
243 332
243 346
243 348
244 245
244 254
244 259
244 277
244 287
244 294
244 302
244 323
244 332
244 346
244 348
245 245
245 254
245 259
245 277
245 287
245 302
245 323
245 332
245 346
245 348
246 245
246 254
246 259
246 277
246 287
246 302
246 323
246 332
246 346
246 348
247 254
247 259
247 277
247 287
247 302
247 323
247 332
247 346
247 348
248 254
248 259
248 277
248 287
248 302
248 323
248 332
248 346
248 348
249 254
249 259
249 277
249 284
249 287
249 307
249 323
249 332
249 346
249 348
250 254
250 259
250 277
250 284
250 287
250 307
250 323
250 332
250 346
250 348
251 254
251 259
251 277
251 284
251 287
251 307
251 323
251 332
251 346
251 348
252 254
252 259
252 277
252 287
252 307
252 323
252 330
252 332
252 346
252 348
253 254
253 259
253 277
253 287
253 307
253 323
253 330
253 332
253 346
253 348
254 254
254 259
254 277
254 287
254 307
254 323
254 330
254 332
254 346
254 348
255 254
255 259
255 277
255 287
255 307
255 323
255 330
255 332
255 346
255 348
256 254
256 259
256 277
256 287
256 307
256 323
256 330
256 332
256 346
256 348
257 254
257 259
257 277
257 287
257 307
257 323
257 332
257 346
258 254
258 277
258 287
258 307
258 323
258 332
258 346
259 254
259 287
259 307
259 323
259 332
259 346
260 254
260 287
260 307
260 323
260 332
260 346
261 254
261 287
261 307
261 323
261 332
261 346
262 254
262 287
262 304
262 307
262 323
262 332
262 346
263 254
263 287
263 304
263 307
263 323
263 332
263 346
264 254
264 287
264 304
264 307
264 323
264 332
264 346
265 254
265 287
265 304
265 323
265 332
266 254
266 287
266 304
266 323
266 332
267 254
267 287
267 304
267 323
267 332
268 254
268 287
268 304
268 323
268 332
269 254
269 287
269 304
269 311
269 323
269 332
270 254
270 287
270 304
270 311
270 323
270 332
271 287
271 304
271 311
271 323
271 332
272 287
272 304
272 311
272 323
273 287
273 293
273 304
273 311
273 323
274 287
274 293
274 304
274 311
274 323
275 293
275 304
275 311
275 323
276 293
276 304
276 311
276 323
276 331
277 293
277 304
277 311
277 323
277 331
278 293
278 304
278 323
278 331
279 293
279 304
279 323
279 331
280 293
280 304
280 323
280 331
281 293
281 304
281 323
281 331
282 293
282 304
282 323
282 331
282 334
282 345
283 293
283 304
283 323
283 331
283 334
283 345
284 293
284 304
284 323
284 331
284 334
284 345
285 293
285 298
285 304
285 322
285 323
285 331
285 334
285 345
286 293
286 298
286 304
286 322
286 323
286 331
286 334
286 345
287 293
287 298
287 304
287 322
287 323
287 331
287 334
287 340
287 345
288 293
288 298
288 304
288 322
288 323
288 324
288 331
288 334
288 340
288 345
289 293
289 298
289 304
289 322
289 323
289 324
289 331
289 334
289 340
289 345
290 293
290 298
290 304
290 322
290 323
290 324
290 331
290 334
290 340
290 345
291 293
291 298
291 304
291 322
291 323
291 324
291 331
291 334
291 340
291 345
292 293
292 298
292 304
292 322
292 323
292 324
292 331
292 334
292 340
292 345
293 293
293 298
293 304
293 322
293 323
293 324
293 331
293 334
293 340
293 345
294 293
294 298
294 304
294 322
294 323
294 324
294 334
294 340
294 345
295 298
295 304
295 322
295 324
295 334
295 345
296 298
296 324
296 334
296 345
297 298
297 316
297 324
297 334
297 345
298 298
298 316
298 324
298 334
298 345
299 298
299 316
299 324
299 334
299 345
300 298
300 316
300 324
300 334
301 298
301 316
301 324
301 334
302 298
302 316
302 324
302 334
303 298
303 316
303 324
303 334
304 298
304 316
304 324
304 334
305 298
305 316
305 324
305 334
306 316
306 324
306 334
307 324
307 334
308 324
308 334
309 324
309 334
310 324
310 334
311 324
311 334
312 324
312 334
313 324
313 334
314 324
314 334
315 324
315 334
316 324
316 334
317 324
317 334
318 324
318 328
318 334
319 324
319 328
319 334
320 324
320 328
320 334
321 328
321 334
322 328
322 334
323 328
323 334
324 328
324 334
325 328
325 334
326 328
326 334
327 328
327 334
328 334
329 334
330 334
331 334
332 334
333 334
334 334
335 334
336 334
337 334
338 334
339 334
340 334
341 334
342 334
343 334
344 334
345 334
346 334
347 334
348 334
349 334
