0 6
0 54
0 70
0 108
1 4
1 15
1 24
1 54
1 70
1 71
1 97
1 108
1 168
1 208
1 211
2 5
2 8
2 15
2 27
2 54
2 70
2 71
2 97
2 105
2 108
2 168
2 208
2 211
3 8
3 16
3 27
3 54
3 70
3 71
3 97
3 105
3 108
3 168
3 208
3 211
3 283
4 8
4 11
4 16
4 27
4 54
4 70
4 71
4 97
4 105
4 108
4 168
4 208
4 211
4 283
5 8
5 11
5 16
5 27
5 54
5 70
5 71
5 97
5 105
5 108
5 168
5 208
5 211
5 283
6 14
6 16
6 26
6 34
6 54
6 70
6 71
6 97
6 105
6 108
6 168
6 208
6 211
6 283
7 14
7 16
7 26
7 34
7 54
7 70
7 71
7 97
7 105
7 108
7 168
7 208
7 211
7 283
8 21
8 26
8 34
8 54
8 70
8 71
8 97
8 105
8 108
8 211
8 283
8 323
9 26
9 54
9 60
9 70
9 71
9 97
9 105
9 108
9 203
9 211
9 283
9 323
9 349
10 22
10 54
10 60
10 70
10 71
10 97
10 105
10 108
10 203
10 211
10 283
10 323
10 349
11 22
11 54
11 60
11 70
11 71
11 97
11 105
11 108
11 203
11 211
11 283
11 323
11 349
12 22
12 54
12 60
12 70
12 71
12 97
12 105
12 108
12 203
12 211
12 283
12 323
12 349
13 22
13 54
13 60
13 70
13 71
13 97
13 105
13 108
13 203
13 211
13 283
13 323
13 349
14 22
14 54
14 60
14 70
14 71
14 97
14 105
14 108
14 203
14 211
14 283
14 323
14 349
15 22
15 29
15 30
15 33
15 48
15 54
15 60
15 64
15 70
15 71
15 97
15 105
15 106
15 108
15 203
15 211
15 283
15 323
15 349
16 23
16 30
16 33
16 48
16 54
16 60
16 62
16 64
16 70
16 71
16 92
16 97
16 105
16 106
16 110
16 203
16 211
16 283
16 323
17 23
17 30
17 33
17 36
17 48
17 54
17 62
17 64
17 70
17 71
17 92
17 97
17 105
17 106
17 110
17 203
17 211
17 283
17 323
18 23
18 30
18 33
18 36
18 48
18 54
18 62
18 64
18 70
18 71
18 92
18 97
18 105
18 106
18 110
18 203
18 211
18 283
18 323
19 23
19 30
19 36
19 48
19 58
19 64
19 70
19 71
19 92
19 97
19 105
19 106
19 110
19 147
19 171
19 203
19 211
19 283
19 323
20 23
20 25
20 28
20 30
20 36
20 48
20 58
20 64
20 70
20 71
20 92
20 97
20 105
20 110
20 147
20 171
20 203
20 211
20 283
20 323
21 23
21 25
21 30
21 36
21 48
21 58
21 70
21 71
21 92
21 97
21 105
21 110
21 147
21 171
21 203
21 211
21 281
21 283
21 323
22 23
22 25
22 30
22 36
22 48
22 58
22 70
22 71
22 92
22 97
22 105
22 110
22 147
22 171
22 203
22 211
22 276
22 281
22 283
22 323
23 23
23 25
23 30
23 36
23 48
23 58
23 59
23 70
23 71
23 92
23 97
23 105
23 110
23 147
23 171
23 203
23 211
23 276
23 281
23 283
23 323
24 23
24 25
24 30
24 36
24 48
24 58
24 59
24 70
24 71
24 92
24 97
24 105
24 110
24 147
24 171
24 203
24 211
24 223
24 276
24 281
24 283
24 323
25 31
25 32
25 36
25 39
25 50
25 51
25 59
25 70
25 71
25 92
25 97
25 105
25 110
25 147
25 171
25 203
25 223
25 276
25 281
25 283
25 323
26 31
26 32
26 36
26 39
26 50
26 51
26 59
26 70
26 71
26 92
26 97
26 105
26 110
26 147
26 171
26 203
26 223
26 276
26 281
26 283
26 323
27 31
27 32
27 39
27 50
27 51
27 55
27 70
27 71
27 73
27 85
27 92
27 105
27 110
27 141
27 147
27 162
27 171
27 203
27 223
27 276
27 281
27 283
27 323
28 31
28 39
28 50
28 51
28 55
28 70
28 71
28 73
28 85
28 89
28 92
28 105
28 110
28 141
28 147
28 171
28 203
28 223
28 276
28 281
28 283
28 323
29 31
29 37
29 41
29 50
29 51
29 55
29 70
29 71
29 73
29 78
29 85
29 87
29 89
29 92
29 105
29 110
29 141
29 147
29 167
29 171
29 173
29 197
29 203
29 223
29 245
29 276
29 281
29 323
29 325
30 38
30 67
30 71
30 73
30 78
30 87
30 92
30 105
30 110
30 114
30 119
30 141
30 171
30 186
30 197
30 200
30 203
30 214
30 223
30 245
30 248
30 276
30 281
30 295
30 302
30 318
30 323
30 325
31 38
31 44
31 67
31 71
31 73
31 78
31 92
31 105
31 110
31 114
31 119
31 139
31 141
31 171
31 186
31 197
31 200
31 203
31 214
31 223
31 245
31 248
31 256
31 276
31 281
31 295
31 302
31 310
31 318
31 323
31 325
32 38
32 44
32 67
32 71
32 73
32 78
32 92
32 105
32 110
32 114
32 119
32 139
32 141
32 171
32 186
32 197
32 200
32 203
32 214
32 223
32 245
32 248
32 256
32 276
32 281
32 295
32 302
32 310
32 318
32 323
32 325
33 66
33 67
33 71
33 73
33 78
33 92
33 105
33 110
33 119
33 139
33 141
33 171
33 186
33 197
33 200
33 203
33 214
33 223
33 245
33 248
33 256
33 276
33 281
33 295
33 302
33 310
33 318
33 323
33 325
34 66
34 67
34 71
34 73
34 78
34 84
34 92
34 105
34 110
34 119
34 139
34 141
34 171
34 186
34 197
34 200
34 203
34 214
34 223
34 245
34 248
34 256
34 276
34 281
34 295
34 302
34 310
34 318
34 323
34 325
35 42
35 67
35 71
35 73
35 84
35 92
35 99
35 105
35 110
35 119
35 139
35 141
35 186
35 197
35 200
35 203
35 214
35 223
35 227
35 245
35 248
35 256
35 273
35 276
35 281
35 295
35 302
35 310
35 318
35 323
35 325
36 42
36 46
36 47
36 67
36 71
36 73
36 84
36 92
36 99
36 103
36 105
36 119
36 139
36 141
36 186
36 191
36 197
36 200
36 203
36 214
36 223
36 227
36 245
36 248
36 256
36 276
36 281
36 295
36 300
36 310
36 318
36 323
36 325
37 42
37 45
37 46
37 65
37 67
37 71
37 73
37 84
37 92
37 99
37 103
37 105
37 119
37 139
37 141
37 186
37 191
37 197
37 200
37 203
37 214
37 223
37 227
37 245
37 248
37 276
37 281
37 295
37 300
37 310
37 315
37 318
37 323
37 325
37 345
38 65
38 67
38 71
38 73
38 84
38 92
38 99
38 103
38 105
38 119
38 133
38 143
38 156
38 186
38 191
38 197
38 200
38 202
38 203
38 214
38 223
38 227
38 245
38 248
38 276
38 281
38 295
38 300
38 310
38 315
38 318
38 323
38 325
38 345
39 43
39 65
39 67
39 71
39 73
39 84
39 92
39 99
39 103
39 105
39 109
39 119
39 133
39 143
39 156
39 191
39 197
39 200
39 202
39 203
39 214
39 223
39 227
39 248
39 276
39 277
39 281
39 295
39 300
39 310
39 315
39 318
39 323
39 325
39 345
40 61
40 65
40 71
40 73
40 84
40 92
40 99
40 103
40 105
40 109
40 119
40 133
40 143
40 156
40 191
40 197
40 200
40 202
40 203
40 206
40 214
40 223
40 227
40 248
40 276
40 277
40 281
40 295
40 300
40 310
40 315
40 318
40 323
40 325
40 345
41 61
41 65
41 71
41 73
41 84
41 92
41 99
41 103
41 105
41 109
41 119
41 133
41 143
41 156
41 191
41 197
41 200
41 202
41 203
41 206
41 214
41 223
41 227
41 248
41 276
41 277
41 281
41 295
41 300
41 310
41 315
41 318
41 323
41 325
41 345
42 61
42 65
42 71
42 73
42 84
42 92
42 99
42 103
42 105
42 109
42 119
42 133
42 143
42 156
42 191
42 197
42 200
42 202
42 203
42 206
42 214
42 223
42 227
42 248
42 276
42 277
42 281
42 295
42 300
42 310
42 315
42 318
42 323
42 325
42 345
43 61
43 65
43 71
43 73
43 84
43 99
43 103
43 105
43 109
43 119
43 133
43 143
43 156
43 191
43 197
43 200
43 202
43 203
43 206
43 214
43 223
43 227
43 248
43 276
43 277
43 281
43 300
43 310
43 315
43 318
43 323
43 325
43 345
44 61
44 65
44 71
44 73
44 74
44 80
44 82
44 84
44 99
44 103
44 105
44 109
44 134
44 143
44 158
44 184
44 191
44 197
44 200
44 202
44 203
44 214
44 222
44 223
44 227
44 246
44 248
44 276
44 277
44 281
44 300
44 310
44 315
44 318
44 323
44 325
44 345
45 53
45 61
45 65
45 71
45 72
45 74
45 80
45 82
45 84
45 94
45 99
45 103
45 105
45 107
45 109
45 134
45 143
45 158
45 184
45 190
45 191
45 197
45 202
45 203
45 214
45 222
45 223
45 227
45 246
45 248
45 276
45 277
45 281
45 300
45 310
45 318
45 323
45 325
45 344
46 53
46 57
46 61
46 63
46 65
46 71
46 72
46 74
46 80
46 82
46 84
46 94
46 98
46 99
46 101
46 103
46 104
46 105
46 109
46 134
46 143
46 158
46 184
46 190
46 191
46 197
46 202
46 203
46 214
46 222
46 223
46 227
46 244
46 246
46 248
46 276
46 277
46 281
46 300
46 310
46 318
46 323
46 325
46 344
47 53
47 57
47 61
47 63
47 65
47 71
47 72
47 74
47 84
47 94
47 98
47 99
47 101
47 103
47 104
47 105
47 109
47 134
47 143
47 158
47 184
47 190
47 191
47 197
47 202
47 203
47 214
47 222
47 223
47 227
47 244
47 246
47 248
47 276
47 277
47 281
47 300
47 308
47 310
47 318
47 323
47 325
48 52
48 53
48 57
48 61
48 63
48 65
48 69
48 71
48 72
48 74
48 84
48 98
48 99
48 101
48 103
48 104
48 105
48 109
48 113
48 143
48 154
48 158
48 183
48 184
48 185
48 191
48 197
48 202
48 203
48 214
48 222
48 223
48 227
48 244
48 246
48 248
48 261
48 276
48 277
48 281
48 291
48 300
48 308
48 310
48 318
48 323
48 325
49 52
49 53
49 57
49 61
49 63
49 65
49 69
49 71
49 72
49 84
49 98
49 99
49 101
49 103
49 104
49 105
49 109
49 113
49 143
49 154
49 158
49 183
49 184
49 185
49 191
49 197
49 202
49 203
49 214
49 222
49 223
49 227
49 244
49 246
49 248
49 261
49 272
49 276
49 277
49 281
49 291
49 300
49 308
49 310
49 318
49 323
49 325
50 53
50 56
50 57
50 61
50 63
50 65
50 69
50 71
50 98
50 101
50 104
50 113
50 143
50 154
50 183
50 184
50 185
50 191
50 197
50 203
50 214
50 222
50 223
50 227
50 239
50 244
50 246
50 248
50 261
50 272
50 276
50 277
50 281
50 291
50 300
50 310
50 318
50 323
50 325
51 53
51 56
51 57
51 61
51 63
51 65
51 69
51 71
51 98
51 101
51 104
51 113
51 143
51 154
51 183
51 184
51 185
51 191
51 197
51 203
51 214
51 222
51 223
51 227
51 239
51 244
51 246
51 248
51 261
51 272
51 276
51 277
51 278
51 281
51 291
51 300
51 310
51 318
51 323
51 325
52 53
52 56
52 57
52 61
52 65
52 69
52 75
52 98
52 101
52 104
52 113
52 143
52 154
52 155
52 183
52 184
52 185
52 197
52 203
52 214
52 222
52 223
52 227
52 239
52 244
52 246
52 248
52 261
52 272
52 276
52 277
52 278
52 281
52 291
52 300
52 310
52 318
52 323
52 325
52 343
53 53
53 56
53 61
53 69
53 98
53 101
53 104
53 113
53 143
53 154
53 155
53 183
53 184
53 185
53 197
53 203
53 214
53 222
53 223
53 227
53 239
53 244
53 246
53 248
53 261
53 272
53 276
53 277
53 278
53 281
53 291
53 300
53 310
53 314
53 318
53 323
53 325
53 343
54 53
54 56
54 61
54 69
54 98
54 101
54 113
54 143
54 154
54 155
54 183
54 184
54 185
54 197
54 203
54 214
54 222
54 223
54 227
54 239
54 244
54 246
54 248
54 261
54 272
54 276
54 277
54 278
54 281
54 291
54 300
54 310
54 314
54 318
54 323
54 325
54 343
55 53
55 61
55 69
55 98
55 101
55 113
55 143
55 154
55 155
55 183
55 184
55 185
55 197
55 203
55 214
55 222
55 223
55 227
55 239
55 244
55 246
55 248
55 261
55 272
55 276
55 277
55 278
55 281
55 291
55 300
55 310
55 314
55 318
55 323
55 325
55 343
56 76
56 101
56 118
56 145
56 150
56 154
56 155
56 184
56 185
56 197
56 203
56 207
56 223
56 227
56 243
56 244
56 246
56 248
56 260
56 272
56 277
56 278
56 281
56 288
56 291
56 300
56 310
56 314
56 318
56 323
56 325
56 343
57 77
57 88
57 118
57 128
57 145
57 150
57 154
57 184
57 185
57 197
57 203
57 207
57 223
57 243
57 244
57 246
57 248
57 260
57 272
57 277
57 278
57 281
57 288
57 291
57 298
57 300
57 310
57 314
57 318
57 323
57 325
57 343
58 77
58 88
58 118
58 128
58 145
58 150
58 154
58 184
58 185
58 197
58 203
58 207
58 223
58 243
58 244
58 246
58 248
58 260
58 272
58 277
58 278
58 281
58 288
58 291
58 298
58 300
58 310
58 314
58 318
58 323
58 325
58 343
59 77
59 88
59 118
59 127
59 128
59 145
59 150
59 154
59 157
59 178
59 185
59 193
59 197
59 207
59 223
59 243
59 244
59 246
59 248
59 260
59 272
59 277
59 278
59 281
59 288
59 291
59 298
59 300
59 310
59 314
59 318
59 323
59 325
59 343
60 77
60 88
60 118
60 127
60 128
60 145
60 150
60 154
60 157
60 178
60 185
60 193
60 197
60 207
60 223
60 243
60 244
60 246
60 248
60 260
60 272
60 277
60 278
60 281
60 288
60 291
60 298
60 300
60 310
60 314
60 318
60 323
60 325
60 343
61 77
61 83
61 88
61 91
61 118
61 127
61 128
61 130
61 145
61 157
61 178
61 185
61 193
61 197
61 207
61 223
61 243
61 244
61 246
61 248
61 254
61 260
61 277
61 278
61 281
61 288
61 291
61 298
61 300
61 310
61 314
61 318
61 323
61 325
61 343
62 77
62 83
62 88
62 91
62 118
62 127
62 128
62 130
62 145
62 157
62 178
62 185
62 193
62 197
62 207
62 223
62 243
62 244
62 246
62 248
62 254
62 260
62 277
62 278
62 281
62 288
62 291
62 298
62 300
62 310
62 314
62 318
62 323
62 325
62 343
63 68
63 77
63 83
63 88
63 90
63 91
63 116
63 118
63 127
63 128
63 130
63 145
63 157
63 178
63 185
63 193
63 205
63 207
63 243
63 244
63 246
63 248
63 253
63 254
63 260
63 277
63 278
63 281
63 288
63 291
63 298
63 300
63 310
63 314
63 318
63 323
63 342
63 343
64 68
64 77
64 83
64 88
64 90
64 91
64 93
64 116
64 118
64 127
64 128
64 130
64 145
64 157
64 178
64 185
64 205
64 207
64 243
64 244
64 246
64 248
64 253
64 254
64 260
64 277
64 278
64 281
64 291
64 298
64 300
64 310
64 314
64 318
64 323
64 342
64 343
65 68
65 77
65 83
65 88
65 90
65 93
65 95
65 111
65 116
65 118
65 127
65 128
65 130
65 145
65 149
65 157
65 185
65 205
65 207
65 215
65 243
65 244
65 246
65 248
65 253
65 254
65 260
65 277
65 278
65 281
65 291
65 298
65 310
65 314
65 318
65 323
65 327
65 342
65 343
66 68
66 77
66 83
66 88
66 90
66 93
66 95
66 111
66 116
66 118
66 127
66 128
66 130
66 145
66 149
66 157
66 185
66 205
66 207
66 215
66 243
66 244
66 246
66 248
66 253
66 254
66 260
66 277
66 278
66 281
66 291
66 298
66 310
66 314
66 318
66 323
66 327
66 342
66 343
67 68
67 77
67 83
67 88
67 90
67 93
67 95
67 111
67 116
67 118
67 127
67 128
67 130
67 145
67 149
67 157
67 161
67 185
67 205
67 207
67 215
67 243
67 244
67 246
67 248
67 253
67 254
67 260
67 277
67 278
67 281
67 291
67 298
67 310
67 314
67 318
67 323
67 327
67 342
67 343
68 77
68 83
68 90
68 93
68 95
68 111
68 116
68 118
68 127
68 128
68 130
68 145
68 149
68 157
68 161
68 185
68 215
68 244
68 246
68 248
68 253
68 254
68 260
68 277
68 278
68 281
68 291
68 298
68 310
68 314
68 318
68 323
68 327
68 342
68 343
69 77
69 83
69 90
69 93
69 95
69 111
69 116
69 118
69 127
69 128
69 130
69 145
69 149
69 157
69 215
69 244
69 246
69 253
69 254
69 260
69 277
69 278
69 281
69 291
69 298
69 310
69 314
69 318
69 323
69 342
69 343
70 77
70 81
70 83
70 90
70 93
70 95
70 116
70 118
70 128
70 130
70 131
70 151
70 215
70 244
70 246
70 253
70 254
70 260
70 263
70 277
70 281
70 291
70 298
70 310
70 314
70 318
70 323
70 328
70 342
70 343
71 77
71 81
71 95
71 116
71 118
71 128
71 130
71 131
71 140
71 151
71 159
71 213
71 215
71 237
71 244
71 246
71 253
71 254
71 260
71 281
71 291
71 298
71 310
71 314
71 318
71 319
71 323
71 328
71 342
71 343
72 77
72 81
72 95
72 116
72 118
72 128
72 130
72 131
72 140
72 151
72 159
72 213
72 215
72 237
72 244
72 246
72 253
72 254
72 260
72 281
72 291
72 298
72 310
72 314
72 318
72 319
72 323
72 328
72 342
72 343
73 77
73 95
73 116
73 118
73 128
73 130
73 131
73 140
73 151
73 159
73 166
73 213
73 215
73 237
73 244
73 246
73 253
73 254
73 260
73 281
73 291
73 298
73 310
73 314
73 318
73 319
73 323
73 328
73 342
73 343
74 77
74 95
74 116
74 118
74 122
74 124
74 128
74 130
74 140
74 151
74 159
74 163
74 166
74 169
74 176
74 213
74 215
74 237
74 244
74 246
74 253
74 260
74 281
74 291
74 298
74 314
74 318
74 319
74 328
74 342
74 343
75 77
75 95
75 116
75 118
75 122
75 124
75 128
75 130
75 140
75 151
75 159
75 163
75 166
75 169
75 176
75 213
75 215
75 237
75 244
75 246
75 253
75 260
75 281
75 291
75 298
75 314
75 318
75 319
75 328
75 342
75 343
76 77
76 95
76 116
76 118
76 124
76 128
76 130
76 140
76 151
76 159
76 163
76 166
76 169
76 176
76 213
76 215
76 226
76 237
76 244
76 246
76 253
76 260
76 281
76 284
76 291
76 298
76 314
76 318
76 319
76 328
76 342
76 343
77 77
77 86
77 95
77 116
77 118
77 124
77 128
77 130
77 140
77 151
77 159
77 163
77 166
77 169
77 176
77 213
77 215
77 226
77 237
77 244
77 246
77 253
77 260
77 281
77 284
77 291
77 298
77 314
77 318
77 319
77 328
77 342
77 343
78 77
78 95
78 116
78 118
78 124
78 128
78 130
78 140
78 151
78 159
78 163
78 166
78 169
78 176
78 213
78 215
78 226
78 237
78 244
78 246
78 253
78 260
78 284
78 291
78 298
78 314
78 318
78 319
78 328
78 342
79 77
79 116
79 118
79 124
79 128
79 130
79 151
79 159
79 163
79 166
79 169
79 176
79 215
79 226
79 229
79 237
79 244
79 246
79 253
79 260
79 284
79 291
79 298
79 314
79 318
79 319
79 328
79 342
79 348
80 77
80 116
80 118
80 124
80 128
80 151
80 159
80 163
80 176
80 215
80 226
80 229
80 237
80 244
80 246
80 253
80 260
80 284
80 291
80 298
80 314
80 318
80 319
80 320
80 328
80 342
80 348
81 77
81 102
81 116
81 118
81 124
81 128
81 151
81 159
81 163
81 176
81 215
81 226
81 229
81 237
81 244
81 246
81 253
81 260
81 284
81 291
81 298
81 314
81 318
81 319
81 320
81 328
81 342
81 348
82 77
82 102
82 116
82 118
82 124
82 128
82 136
82 151
82 159
82 163
82 176
82 226
82 229
82 237
82 244
82 246
82 253
82 260
82 280
82 284
82 291
82 298
82 314
82 318
82 319
82 320
82 328
82 342
82 348
83 77
83 102
83 116
83 118
83 124
83 128
83 135
83 136
83 151
83 159
83 163
83 176
83 226
83 229
83 237
83 244
83 246
83 253
83 260
83 280
83 284
83 291
83 298
83 314
83 318
83 319
83 320
83 328
83 342
83 348
84 77
84 102
84 116
84 118
84 124
84 128
84 135
84 136
84 151
84 159
84 163
84 176
84 226
84 229
84 237
84 244
84 246
84 253
84 260
84 280
84 284
84 291
84 298
84 314
84 318
84 319
84 320
84 328
84 342
84 348
85 102
85 112
85 118
85 124
85 128
85 135
85 136
85 151
85 159
85 163
85 176
85 216
85 226
85 229
85 237
85 244
85 246
85 260
85 280
85 284
85 298
85 314
85 318
85 319
85 320
85 328
85 342
85 346
85 348
86 102
86 118
86 124
86 128
86 135
86 136
86 151
86 159
86 163
86 176
86 216
86 226
86 229
86 237
86 244
86 246
86 260
86 280
86 284
86 298
86 314
86 318
86 319
86 320
86 328
86 342
86 346
86 348
87 102
87 117
87 118
87 124
87 128
87 136
87 148
87 151
87 159
87 163
87 170
87 176
87 219
87 226
87 229
87 244
87 246
87 260
87 280
87 284
87 298
87 314
87 318
87 319
87 320
87 328
87 342
87 346
87 348
88 117
88 118
88 124
88 128
88 136
88 148
88 151
88 159
88 163
88 170
88 176
88 219
88 226
88 229
88 238
88 244
88 246
88 260
88 280
88 284
88 298
88 314
88 318
88 319
88 320
88 328
88 342
88 346
88 348
89 117
89 118
89 124
89 128
89 136
89 148
89 151
89 159
89 163
89 170
89 176
89 219
89 226
89 229
89 238
89 244
89 246
89 260
89 280
89 284
89 298
89 314
89 318
89 319
89 320
89 328
89 342
89 346
89 348
90 117
90 118
90 124
90 128
90 136
90 142
90 148
90 151
90 159
90 163
90 170
90 176
90 219
90 226
90 229
90 238
90 244
90 246
90 260
90 280
90 284
90 298
90 314
90 318
90 319
90 320
90 328
90 342
90 346
90 348
91 118
91 124
91 128
91 136
91 142
91 148
91 151
91 159
91 163
91 170
91 176
91 219
91 221
91 226
91 229
91 238
91 244
91 246
91 260
91 280
91 284
91 298
91 314
91 318
91 319
91 320
91 328
91 342
91 346
91 348
92 118
92 124
92 128
92 136
92 142
92 148
92 151
92 159
92 163
92 170
92 176
92 219
92 221
92 226
92 229
92 238
92 244
92 246
92 260
92 280
92 284
92 298
92 314
92 318
92 319
92 320
92 328
92 342
92 346
92 348
93 118
93 124
93 128
93 136
93 142
93 148
93 151
93 159
93 163
93 170
93 176
93 219
93 221
93 226
93 229
93 238
93 244
93 246
93 260
93 280
93 284
93 298
93 314
93 318
93 319
93 320
93 328
93 342
93 346
93 348
94 118
94 124
94 128
94 136
94 142
94 151
94 159
94 163
94 170
94 176
94 219
94 226
94 229
94 238
94 244
94 246
94 260
94 280
94 284
94 298
94 314
94 318
94 319
94 320
94 328
94 342
94 346
94 348
95 118
95 124
95 128
95 136
95 142
95 151
95 159
95 163
95 170
95 176
95 219
95 226
95 229
95 238
95 244
95 246
95 260
95 271
95 280
95 284
95 298
95 314
95 318
95 319
95 320
95 328
95 342
95 346
95 348
96 118
96 124
96 128
96 136
96 142
96 151
96 159
96 163
96 170
96 176
96 219
96 226
96 229
96 238
96 244
96 246
96 260
96 271
96 280
96 284
96 298
96 314
96 318
96 319
96 320
96 328
96 342
96 346
96 348
97 118
97 124
97 128
97 136
97 142
97 151
97 159
97 170
97 176
97 219
97 226
97 229
97 238
97 244
97 246
97 260
97 271
97 280
97 284
97 298
97 314
97 318
97 319
97 320
97 328
97 342
97 346
97 348
98 118
98 124
98 128
98 136
98 142
98 151
98 159
98 170
98 176
98 219
98 226
98 238
98 244
98 246
98 260
98 271
98 280
98 284
98 286
98 298
98 314
98 319
98 320
98 342
98 346
98 348
99 118
99 124
99 128
99 136
99 142
99 151
99 159
99 170
99 176
99 219
99 226
99 238
99 244
99 246
99 260
99 271
99 280
99 284
99 286
99 298
99 314
99 319
99 320
99 342
99 346
99 348
100 115
100 124
100 128
100 136
100 142
100 159
100 160
100 170
100 176
100 177
100 199
100 219
100 226
100 238
100 244
100 246
100 260
100 271
100 280
100 286
100 298
100 314
100 319
100 320
100 346
100 348
101 115
101 124
101 128
101 136
101 142
101 159
101 160
101 170
101 176
101 177
101 199
101 219
101 226
101 238
101 244
101 246
101 260
101 271
101 280
101 286
101 298
101 314
101 319
101 320
101 346
101 348
102 115
102 124
102 128
102 136
102 142
102 159
102 160
102 170
102 176
102 177
102 199
102 219
102 226
102 238
102 244
102 246
102 255
102 260
102 271
102 280
102 286
102 298
102 314
102 320
102 346
102 348
103 115
103 124
103 128
103 136
103 142
103 159
103 160
103 176
103 177
103 199
103 219
103 226
103 238
103 244
103 246
103 255
103 257
103 260
103 271
103 280
103 286
103 298
103 314
103 320
103 346
103 348
104 115
104 124
104 128
104 142
104 159
104 160
104 175
104 177
104 187
104 198
104 199
104 219
104 226
104 234
104 238
104 244
104 246
104 255
104 257
104 260
104 271
104 280
104 286
104 298
104 314
104 320
105 115
105 124
105 128
105 142
105 159
105 160
105 175
105 177
105 187
105 198
105 199
105 219
105 226
105 234
105 238
105 244
105 246
105 255
105 257
105 260
105 271
105 280
105 286
105 298
105 314
105 320
106 115
106 124
106 128
106 142
106 159
106 160
106 175
106 177
106 187
106 198
106 199
106 219
106 226
106 234
106 238
106 244
106 246
106 255
106 257
106 260
106 271
106 280
106 286
106 298
106 314
106 320
107 115
107 124
107 128
107 142
107 159
107 160
107 175
107 177
107 187
107 198
107 199
107 226
107 234
107 238
107 244
107 246
107 255
107 257
107 260
107 271
107 280
107 286
107 298
107 314
107 320
107 335
108 115
108 124
108 128
108 142
108 159
108 160
108 175
108 177
108 187
108 198
108 226
108 234
108 238
108 244
108 246
108 255
108 257
108 260
108 271
108 280
108 286
108 298
108 314
108 320
108 330
108 335
109 115
109 124
109 128
109 129
109 137
109 142
109 160
109 175
109 177
109 187
109 226
109 234
109 238
109 244
109 246
109 255
109 257
109 260
109 280
109 286
109 298
109 314
109 320
109 330
109 335
110 115
110 124
110 128
110 129
110 137
110 142
110 160
110 175
110 177
110 226
110 234
110 238
110 244
110 246
110 255
110 257
110 260
110 280
110 286
110 298
110 314
110 320
110 330
110 335
111 115
111 124
111 128
111 129
111 137
111 142
111 160
111 175
111 177
111 226
111 234
111 238
111 244
111 246
111 255
111 257
111 260
111 280
111 286
111 298
111 314
111 320
111 330
111 335
112 115
112 120
112 121
112 124
112 128
112 129
112 137
112 142
112 160
112 175
112 177
112 226
112 235
112 238
112 244
112 246
112 255
112 257
112 260
112 280
112 286
112 298
112 314
112 320
112 330
112 335
113 115
113 120
113 121
113 124
113 128
113 129
113 142
113 144
113 175
113 177
113 226
113 228
113 235
113 238
113 244
113 246
113 255
113 257
113 260
113 280
113 286
113 290
113 298
113 312
113 314
113 320
113 330
113 335
114 115
114 120
114 121
114 124
114 128
114 129
114 142
114 144
114 175
114 177
114 218
114 226
114 228
114 235
114 238
114 244
114 255
114 257
114 260
114 280
114 286
114 290
114 298
114 312
114 314
114 320
114 330
114 335
115 115
115 120
115 121
115 123
115 124
115 128
115 129
115 142
115 175
115 177
115 212
115 218
115 226
115 228
115 235
115 238
115 244
115 255
115 257
115 260
115 280
115 286
115 290
115 298
115 312
115 314
115 320
115 330
115 335
116 115
116 120
116 121
116 123
116 124
116 128
116 129
116 138
116 142
116 175
116 212
116 218
116 226
116 228
116 235
116 238
116 244
116 255
116 257
116 260
116 280
116 286
116 290
116 298
116 312
116 314
116 320
116 330
116 335
117 115
117 120
117 121
117 123
117 124
117 125
117 128
117 129
117 138
117 142
117 153
117 172
117 175
117 181
117 212
117 218
117 226
117 228
117 235
117 238
117 244
117 255
117 257
117 258
117 265
117 280
117 286
117 290
117 298
117 312
117 314
117 320
117 335
118 115
118 120
118 121
118 123
118 125
118 128
118 129
118 138
118 142
118 153
118 172
118 175
118 181
118 212
118 218
118 226
118 228
118 235
118 238
118 244
118 255
118 257
118 258
118 265
118 280
118 286
118 290
118 298
118 312
118 314
118 320
118 335
119 115
119 120
119 121
119 123
119 125
119 128
119 129
119 138
119 142
119 153
119 172
119 175
119 181
119 212
119 218
119 226
119 228
119 235
119 238
119 244
119 255
119 257
119 265
119 280
119 286
119 290
119 298
119 312
119 314
119 320
119 335
120 115
120 120
120 121
120 123
120 126
120 129
120 138
120 142
120 153
120 164
120 172
120 174
120 175
120 181
120 204
120 212
120 218
120 226
120 228
120 235
120 244
120 255
120 257
120 265
120 286
120 290
120 298
120 314
120 320
120 324
120 335
121 120
121 121
121 123
121 126
121 129
121 138
121 142
121 153
121 164
121 175
121 181
121 182
121 204
121 212
121 218
121 244
121 255
121 257
121 265
121 286
121 290
121 298
121 314
121 320
121 324
121 335
122 120
122 121
122 123
122 126
122 129
122 138
122 142
122 153
122 164
122 175
122 181
122 182
122 204
122 212
122 218
122 244
122 250
122 255
122 257
122 265
122 286
122 290
122 298
122 314
122 320
122 324
122 335
122 340
123 120
123 123
123 126
123 129
123 138
123 142
123 153
123 164
123 175
123 181
123 182
123 204
123 212
123 218
123 244
123 250
123 255
123 257
123 265
123 286
123 290
123 298
123 314
123 320
123 324
123 335
123 340
124 123
124 126
124 129
124 138
124 142
124 153
124 164
124 181
124 182
124 204
124 212
124 218
124 244
124 250
124 255
124 257
124 265
124 286
124 290
124 314
124 320
124 324
124 335
124 340
125 123
125 126
125 129
125 138
125 142
125 153
125 164
125 181
125 182
125 204
125 212
125 218
125 244
125 250
125 255
125 257
125 265
125 286
125 290
125 314
125 320
125 324
125 335
125 340
126 123
126 126
126 129
126 138
126 153
126 164
126 181
126 182
126 204
126 212
126 218
126 244
126 250
126 255
126 257
126 265
126 286
126 290
126 314
126 320
126 324
126 335
126 340
127 123
127 126
127 129
127 138
127 153
127 164
127 181
127 204
127 212
127 218
127 242
127 244
127 250
127 255
127 257
127 265
127 286
127 290
127 294
127 313
127 314
127 320
127 324
127 335
127 340
128 123
128 126
128 129
128 138
128 153
128 164
128 181
128 204
128 212
128 218
128 242
128 244
128 250
128 255
128 257
128 265
128 286
128 290
128 294
128 313
128 314
128 320
128 324
128 335
128 340
129 123
129 126
129 129
129 132
129 153
129 164
129 181
129 204
129 212
129 218
129 242
129 244
129 250
129 255
129 257
129 265
129 286
129 287
129 290
129 294
129 313
129 314
129 320
129 324
129 335
129 340
130 123
130 126
130 129
130 132
130 153
130 164
130 181
130 204
130 212
130 218
130 242
130 244
130 250
130 255
130 257
130 265
130 286
130 287
130 290
130 294
130 313
130 314
130 320
130 324
130 335
130 340
131 123
131 152
131 153
131 164
131 181
131 204
131 212
131 218
131 242
131 244
131 250
131 255
131 257
131 265
131 286
131 287
131 290
131 294
131 313
131 314
131 320
131 324
131 335
131 340
132 123
132 152
132 153
132 164
132 181
132 204
132 212
132 218
132 242
132 244
132 250
132 255
132 257
132 265
132 286
132 287
132 290
132 294
132 313
132 314
132 320
132 324
132 335
132 340
133 152
133 153
133 164
133 181
133 204
133 212
133 218
133 242
133 244
133 250
133 255
133 257
133 265
133 286
133 287
133 290
133 294
133 313
133 314
133 320
133 324
133 335
133 340
134 152
134 153
134 164
134 181
134 204
134 212
134 218
134 242
134 244
134 250
134 255
134 257
134 265
134 286
134 287
134 290
134 294
134 313
134 314
134 320
134 324
134 335
134 340
135 152
135 153
135 164
135 179
135 181
135 204
135 212
135 218
135 242
135 244
135 250
135 255
135 257
135 259
135 265
135 286
135 287
135 294
135 313
135 320
135 324
135 335
135 340
136 152
136 153
136 164
136 179
136 181
136 204
136 212
136 218
136 242
136 244
136 250
136 255
136 257
136 259
136 265
136 286
136 287
136 292
136 294
136 313
136 320
136 324
136 335
136 340
137 152
137 153
137 164
137 179
137 181
137 204
137 212
137 218
137 242
137 244
137 250
137 255
137 257
137 259
137 265
137 286
137 287
137 292
137 294
137 313
137 320
137 324
137 335
137 340
138 152
138 153
138 164
138 179
138 181
138 195
138 204
138 212
138 218
138 242
138 244
138 250
138 255
138 257
138 259
138 265
138 286
138 287
138 292
138 294
138 313
138 320
138 324
138 335
138 340
139 152
139 153
139 164
139 179
139 181
139 195
139 204
139 212
139 218
139 242
139 244
139 250
139 255
139 257
139 259
139 265
139 286
139 287
139 292
139 294
139 313
139 320
139 324
139 335
139 340
140 152
140 153
140 164
140 179
140 181
140 195
140 204
140 212
140 218
140 242
140 244
140 250
140 255
140 257
140 259
140 265
140 286
140 287
140 292
140 294
140 313
140 320
140 324
140 335
140 340
141 153
141 164
141 179
141 195
141 204
141 212
141 242
141 244
141 250
141 255
141 257
141 259
141 265
141 269
141 286
141 287
141 292
141 294
141 303
141 313
141 320
141 324
141 335
141 340
142 153
142 164
142 179
142 195
142 204
142 212
142 233
142 242
142 244
142 250
142 255
142 257
142 259
142 265
142 269
142 286
142 287
142 292
142 294
142 303
142 313
142 320
142 324
142 335
142 340
143 153
143 164
143 179
143 195
143 204
143 212
143 233
143 242
143 244
143 250
143 255
143 257
143 259
143 265
143 269
143 286
143 287
143 292
143 294
143 303
143 313
143 320
143 324
143 335
143 340
144 153
144 164
144 179
144 195
144 204
144 212
144 233
144 242
144 244
144 250
144 255
144 257
144 259
144 265
144 269
144 286
144 287
144 292
144 294
144 303
144 305
144 313
144 320
144 324
144 335
144 340
145 153
145 164
145 179
145 194
145 195
145 204
145 233
145 250
145 257
145 259
145 265
145 269
145 286
145 287
145 292
145 294
145 303
145 305
145 313
145 320
145 324
145 335
146 153
146 164
146 179
146 194
146 195
146 204
146 233
146 250
146 257
146 259
146 265
146 269
146 286
146 287
146 292
146 294
146 303
146 305
146 313
146 320
146 324
146 335
147 153
147 164
147 179
147 194
147 195
147 204
147 233
147 250
147 257
147 259
147 265
147 269
147 286
147 287
147 292
147 294
147 303
147 305
147 313
147 320
147 324
147 335
148 153
148 179
148 194
148 195
148 204
148 217
148 251
148 259
148 265
148 269
148 286
148 287
148 292
148 294
148 303
148 305
148 313
148 320
148 324
148 335
149 153
149 179
149 194
149 195
149 204
149 217
149 251
149 259
149 265
149 269
149 286
149 287
149 292
149 294
149 303
149 305
149 313
149 320
149 324
149 335
150 153
150 179
150 194
150 195
150 204
150 217
150 251
150 259
150 265
150 269
150 286
150 287
150 292
150 294
150 303
150 305
150 313
150 320
150 324
150 335
151 153
151 179
151 194
151 195
151 204
151 217
151 251
151 259
151 265
151 269
151 286
151 287
151 292
151 294
151 303
151 305
151 313
151 320
151 324
151 335
152 153
152 179
152 194
152 195
152 204
152 217
152 251
152 259
152 265
152 269
152 286
152 287
152 292
152 294
152 299
152 303
152 305
152 313
152 320
152 324
152 335
153 153
153 179
153 194
153 195
153 204
153 251
153 259
153 265
153 269
153 286
153 287
153 292
153 294
153 299
153 303
153 305
153 313
153 320
153 324
153 333
153 335
154 153
154 179
154 194
154 195
154 204
154 251
154 259
154 265
154 269
154 285
154 286
154 287
154 292
154 294
154 299
154 303
154 305
154 313
154 320
154 324
154 333
154 335
155 153
155 179
155 194
155 195
155 204
155 251
155 259
155 265
155 269
155 285
155 286
155 287
155 292
155 294
155 299
155 303
155 305
155 313
155 320
155 324
155 333
155 335
156 153
156 179
156 195
156 204
156 259
156 265
156 269
156 285
156 286
156 287
156 292
156 294
156 299
156 303
156 305
156 313
156 320
156 324
156 333
156 335
157 153
157 165
157 179
157 195
157 204
157 259
157 269
157 285
157 287
157 292
157 294
157 296
157 299
157 305
157 313
157 320
157 324
157 333
157 335
158 153
158 165
158 179
158 195
158 204
158 259
158 269
158 285
158 287
158 292
158 294
158 296
158 299
158 305
158 313
158 320
158 324
158 333
158 335
159 153
159 165
159 179
159 195
159 204
159 259
159 269
159 285
159 287
159 292
159 294
159 296
159 299
159 305
159 313
159 320
159 324
159 333
159 335
160 153
160 165
160 179
160 195
160 204
160 225
160 259
160 269
160 285
160 287
160 292
160 293
160 294
160 296
160 299
160 305
160 313
160 324
160 333
160 335
161 153
161 165
161 179
161 195
161 204
161 225
161 259
161 269
161 285
161 287
161 292
161 293
161 294
161 296
161 299
161 305
161 313
161 324
161 333
161 335
162 153
162 165
162 179
162 192
162 195
162 204
162 225
162 259
162 266
162 269
162 285
162 287
162 292
162 293
162 294
162 296
162 299
162 305
162 313
162 333
162 335
163 153
163 165
163 179
163 192
163 195
163 204
163 225
163 259
163 266
163 269
163 285
163 287
163 292
163 293
163 294
163 296
163 299
163 305
163 313
163 333
163 335
164 153
164 195
164 204
164 225
164 259
164 266
164 269
164 285
164 287
164 292
164 293
164 294
164 296
164 299
164 305
164 313
164 333
164 335
165 153
165 188
165 195
165 204
165 225
165 259
165 266
165 269
165 287
165 292
165 293
165 294
165 296
165 299
165 305
165 313
165 333
165 335
166 153
166 188
166 195
166 204
166 225
166 259
166 266
166 269
166 287
166 292
166 293
166 296
166 299
166 305
166 313
166 333
166 335
167 153
167 180
167 188
167 195
167 196
167 204
167 210
167 225
167 230
167 259
167 266
167 269
167 287
167 293
167 296
167 305
167 313
167 333
168 153
168 180
168 188
168 195
168 196
168 204
168 210
168 225
168 230
168 259
168 266
168 287
168 293
168 296
168 305
168 313
168 333
169 153
169 180
169 188
169 195
169 196
169 204
169 210
169 225
169 230
169 266
169 287
169 293
169 296
169 305
169 313
169 333
170 153
170 180
170 188
170 195
170 196
170 204
170 210
170 224
170 225
170 230
170 266
170 287
170 293
170 296
170 305
170 313
170 329
170 333
171 153
171 180
171 188
171 195
171 196
171 204
171 210
171 224
171 225
171 230
171 266
171 287
171 293
171 296
171 305
171 313
171 329
171 333
172 153
172 180
172 188
172 195
172 196
172 204
172 210
172 224
172 225
172 230
172 266
172 287
172 293
172 296
172 305
172 313
172 329
172 333
173 153
173 180
173 188
173 195
173 196
173 204
173 210
173 224
173 225
173 230
173 262
173 266
173 287
173 293
173 296
173 305
173 313
173 329
173 333
174 153
174 188
174 195
174 196
174 204
174 210
174 224
174 225
174 230
174 262
174 266
174 287
174 293
174 296
174 305
174 313
174 329
174 333
175 153
175 188
175 195
175 196
175 204
175 210
175 224
175 225
175 230
175 262
175 266
175 287
175 293
175 296
175 305
175 313
175 329
175 333
176 153
176 188
176 196
176 204
176 210
176 224
176 225
176 230
176 262
176 266
176 287
176 289
176 293
176 296
176 305
176 329
176 333
177 188
177 196
177 204
177 210
177 224
177 225
177 230
177 262
177 266
177 287
177 289
177 293
177 296
177 305
177 329
177 333
178 188
178 196
178 204
178 210
178 224
178 225
178 230
178 262
178 266
178 287
178 289
178 293
178 296
178 305
178 329
178 333
179 188
179 196
179 204
179 210
179 224
179 225
179 230
179 262
179 266
179 287
179 289
179 293
179 296
179 305
179 329
179 333
180 188
180 196
180 201
180 204
180 210
180 224
180 225
180 230
180 262
180 266
180 287
180 289
180 293
180 296
180 305
180 329
180 333
181 188
181 196
181 201
181 204
181 210
181 224
181 225
181 230
181 262
181 266
181 287
181 289
181 293
181 296
181 305
181 329
181 333
182 188
182 196
182 201
182 204
182 210
182 224
182 225
182 230
182 262
182 266
182 287
182 289
182 293
182 296
182 329
182 333
183 188
183 196
183 201
183 204
183 210
183 224
183 225
183 230
183 262
183 266
183 287
183 289
183 293
183 296
183 329
183 333
184 188
184 196
184 201
184 204
184 210
184 224
184 225
184 230
184 262
184 266
184 287
184 289
184 293
184 296
184 329
184 333
185 188
185 196
185 201
185 204
185 210
185 224
185 225
185 230
185 236
185 262
185 266
185 287
185 289
185 293
185 296
185 329
185 333
186 188
186 196
186 201
186 204
186 209
186 210
186 224
186 225
186 230
186 236
186 262
186 266
186 268
186 287
186 289
186 293
186 296
186 329
186 333
187 188
187 196
187 201
187 204
187 209
187 210
187 224
187 225
187 230
187 236
187 262
187 287
187 289
187 293
187 296
187 329
187 333
188 188
188 201
188 204
188 209
188 210
188 224
188 225
188 230
188 236
188 262
188 287
188 289
188 293
188 296
188 329
188 333
189 188
189 201
189 204
189 209
189 210
189 224
189 225
189 230
189 236
189 279
189 287
189 289
189 293
189 296
189 329
189 333
190 188
190 201
190 204
190 209
190 210
190 224
190 225
190 230
190 236
190 279
190 287
190 289
190 293
190 296
190 329
190 333
191 188
191 201
191 204
191 209
191 210
191 224
191 225
191 230
191 236
191 241
191 279
191 287
191 289
191 293
191 296
191 329
191 333
192 201
192 204
192 209
192 210
192 224
192 225
192 230
192 236
192 240
192 241
192 247
192 279
192 287
192 289
192 293
192 296
192 329
192 333
193 201
193 204
193 209
193 210
193 224
193 225
193 230
193 236
193 240
193 241
193 247
193 274
193 279
193 287
193 289
193 293
193 296
193 329
193 333
194 201
194 204
194 209
194 210
194 224
194 225
194 230
194 236
194 240
194 241
194 247
194 274
194 279
194 287
194 289
194 293
194 296
194 329
194 333
195 201
195 204
195 209
195 210
195 224
195 225
195 230
195 236
195 240
195 241
195 247
195 274
195 279
195 287
195 289
195 293
195 296
195 329
195 333
196 201
196 204
196 209
196 210
196 224
196 225
196 230
196 236
196 240
196 241
196 247
196 274
196 279
196 287
196 289
196 293
196 296
196 329
196 333
197 201
197 204
197 209
197 210
197 224
197 225
197 230
197 236
197 240
197 241
197 247
197 274
197 279
197 287
197 289
197 293
197 296
197 329
197 333
198 201
198 204
198 209
198 210
198 225
198 230
198 236
198 240
198 241
198 247
198 249
198 252
198 274
198 279
198 287
198 289
198 293
198 296
198 329
198 331
198 333
198 337
199 201
199 204
199 209
199 210
199 225
199 230
199 236
199 240
199 241
199 247
199 249
199 252
199 274
199 279
199 287
199 289
199 293
199 296
199 329
199 331
199 333
199 337
200 201
200 209
200 210
200 225
200 230
200 236
200 240
200 241
200 247
200 249
200 252
200 274
200 279
200 287
200 289
200 293
200 296
200 329
200 331
200 333
200 337
201 201
201 210
201 225
201 230
201 236
201 240
201 241
201 247
201 249
201 252
201 274
201 279
201 287
201 289
201 293
201 296
201 329
201 331
201 333
201 337
202 201
202 210
202 225
202 230
202 236
202 240
202 241
202 247
202 249
202 252
202 274
202 279
202 287
202 289
202 293
202 296
202 329
202 331
202 333
202 337
203 201
203 210
203 225
203 230
203 236
203 241
203 247
203 249
203 252
203 274
203 279
203 287
203 289
203 293
203 296
203 329
203 331
203 333
203 337
204 201
204 210
204 225
204 236
204 241
204 247
204 249
204 252
204 274
204 279
204 287
204 289
204 293
204 296
204 329
204 331
204 333
204 337
205 201
205 210
205 225
205 236
205 241
205 247
205 249
205 252
205 274
205 279
205 287
205 289
205 293
205 296
205 329
205 331
205 333
205 337
206 201
206 210
206 225
206 236
206 241
206 247
206 249
206 252
206 274
206 279
206 287
206 289
206 293
206 296
206 329
206 331
206 333
206 337
207 201
207 210
207 225
207 236
207 241
207 247
207 249
207 252
207 274
207 279
207 287
207 289
207 293
207 296
207 329
207 331
207 333
207 337
208 201
208 210
208 225
208 236
208 241
208 249
208 252
208 274
208 279
208 287
208 289
208 293
208 296
208 329
208 331
208 333
208 337
209 201
209 210
209 225
209 236
209 241
209 249
209 252
209 274
209 279
209 287
209 289
209 293
209 296
209 329
209 331
209 333
209 337
210 201
210 210
210 225
210 231
210 236
210 241
210 249
210 252
210 274
210 279
210 287
210 289
210 296
210 329
210 331
210 333
211 201
211 210
211 220
211 225
211 231
211 236
211 241
211 249
211 252
211 274
211 279
211 287
211 289
211 296
211 316
211 329
211 331
211 333
211 341
212 201
212 210
212 220
212 225
212 231
212 236
212 241
212 249
212 252
212 274
212 279
212 287
212 289
212 296
212 316
212 329
212 331
212 333
212 341
213 201
213 210
213 220
213 225
213 231
213 236
213 241
213 249
213 252
213 274
213 279
213 287
213 289
213 296
213 316
213 329
213 331
213 333
213 341
214 201
214 210
214 220
214 225
214 231
214 236
214 241
214 249
214 252
214 274
214 279
214 287
214 289
214 296
214 316
214 329
214 331
214 333
214 341
215 201
215 210
215 220
215 225
215 231
215 236
215 241
215 249
215 252
215 274
215 279
215 287
215 289
215 316
215 329
215 331
215 333
215 341
216 201
216 210
216 220
216 225
216 231
216 236
216 241
216 249
216 252
216 274
216 279
216 287
216 289
216 316
216 329
216 331
216 333
216 341
217 210
217 220
217 225
217 231
217 236
217 241
217 249
217 252
217 274
217 279
217 287
217 289
217 316
217 329
217 331
217 333
217 341
218 210
218 220
218 225
218 231
218 236
218 241
218 249
218 252
218 279
218 287
218 289
218 316
218 329
218 331
218 333
218 341
219 210
219 220
219 225
219 231
219 236
219 241
219 249
219 252
219 279
219 287
219 289
219 316
219 329
219 331
219 333
219 341
220 210
220 225
220 231
220 236
220 241
220 249
220 252
220 279
220 287
220 289
220 316
220 331
220 333
220 341
221 210
221 225
221 231
221 236
221 241
221 249
221 252
221 279
221 287
221 289
221 316
221 331
221 333
221 341
222 210
222 225
222 231
222 236
222 241
222 249
222 252
222 279
222 287
222 289
222 316
222 331
222 333
222 341
223 210
223 225
223 231
223 236
223 241
223 249
223 252
223 279
223 287
223 289
223 316
223 331
223 333
223 341
224 210
224 225
224 231
224 236
224 241
224 249
224 252
224 279
224 287
224 289
224 316
224 331
224 333
224 341
225 210
225 225
225 231
225 236
225 241
225 249
225 252
225 279
225 287
225 289
225 316
225 331
225 333
225 341
226 210
226 225
226 236
226 241
226 249
226 252
226 279
226 287
226 289
226 316
226 331
226 333
226 341
227 225
227 236
227 241
227 249
227 252
227 279
227 287
227 289
227 316
227 326
227 331
227 333
227 341
228 225
228 241
228 249
228 279
228 287
228 289
228 316
228 326
228 331
228 333
228 341
229 225
229 241
229 249
229 270
229 279
229 287
229 289
229 316
229 326
229 331
229 341
230 225
230 241
230 249
230 270
230 279
230 287
230 289
230 316
230 326
230 331
230 341
231 225
231 241
231 249
231 270
231 279
231 287
231 289
231 316
231 326
231 331
231 341
232 225
232 241
232 249
232 270
232 279
232 287
232 289
232 297
232 316
232 326
232 331
232 341
233 225
233 241
233 249
233 270
233 279
233 287
233 289
233 297
233 316
233 326
233 331
233 341
234 225
234 241
234 249
234 270
234 279
234 287
234 289
234 297
234 316
234 326
234 331
234 341
235 225
235 241
235 249
235 270
235 279
235 287
235 289
235 297
235 316
235 326
235 331
235 341
236 225
236 241
236 249
236 270
236 279
236 287
236 289
236 297
236 316
236 322
236 326
236 331
236 341
237 225
237 241
237 249
237 279
237 287
237 297
237 322
237 326
237 331
237 341
238 225
238 249
238 279
238 287
238 297
238 322
238 326
238 331
238 341
239 225
239 249
239 279
239 287
239 297
239 322
239 326
239 331
239 341
240 225
240 249
240 279
240 287
240 297
240 322
240 326
240 331
240 341
241 249
241 279
241 287
241 297
241 322
241 326
241 331
241 341
242 249
242 279
242 287
242 297
242 322
242 326
242 331
242 341
243 249
243 279
243 287
243 297
243 322
243 326
243 331
243 341
244 249
244 279
244 287
244 297
244 322
244 326
244 331
244 341
245 249
245 279
245 287
245 297
245 326
245 331
245 341
246 249
246 279
246 287
246 297
246 326
246 331
246 341
247 249
247 275
247 279
247 297
247 326
247 331
247 341
248 249
248 275
248 279
248 297
248 326
248 331
248 341
249 249
249 275
249 279
249 297
249 326
249 331
249 341
250 249
250 275
250 279
250 297
250 326
250 331
250 341
251 249
251 279
251 297
251 321
251 326
251 331
251 341
252 249
252 264
252 279
252 297
252 321
252 326
252 331
252 341
253 249
253 264
253 279
253 297
253 321
253 326
253 331
253 341
254 249
254 264
254 279
254 297
254 321
254 326
254 341
255 249
255 264
255 279
255 297
255 321
255 326
255 341
256 249
256 264
256 279
256 297
256 321
256 326
256 341
257 249
257 264
257 267
257 279
257 297
257 307
257 321
257 326
258 249
258 264
258 267
258 279
258 297
258 307
258 321
258 326
259 249
259 264
259 267
259 279
259 297
259 307
259 321
259 326
260 249
260 264
260 267
260 279
260 297
260 307
260 321
260 326
261 249
261 264
261 267
261 279
261 297
261 307
261 321
261 326
262 249
262 267
262 279
262 297
262 307
262 321
262 326
263 249
263 267
263 279
263 297
263 307
263 321
263 326
264 249
264 267
264 279
264 297
264 307
264 321
264 326
265 249
265 267
265 279
265 297
265 307
265 321
265 326
266 249
266 279
266 282
266 297
266 307
266 321
266 326
267 249
267 279
267 297
267 307
267 321
267 326
267 334
268 249
268 279
268 297
268 307
268 321
268 326
268 334
269 249
269 279
269 297
269 307
269 321
269 326
269 334
270 249
270 279
270 297
270 307
270 321
270 326
270 334
271 249
271 279
271 297
271 307
271 321
271 326
271 334
272 249
272 279
272 297
272 304
272 307
272 321
272 326
272 334
273 249
273 279
273 297
273 307
273 317
273 321
273 326
274 249
274 279
274 297
274 307
274 317
274 321
274 326
275 249
275 279
275 297
275 307
275 317
275 321
275 326
276 279
276 297
276 307
276 321
276 326
276 332
277 279
277 297
277 307
277 321
277 326
277 332
277 338
278 279
278 297
278 307
278 321
278 326
278 332
278 338
279 279
279 297
279 307
279 321
279 326
279 332
279 338
280 279
280 297
280 307
280 321
280 326
280 332
280 338
281 279
281 297
281 307
281 321
281 326
281 332
281 338
282 279
282 297
282 307
282 321
282 326
282 332
282 338
283 279
283 297
283 321
283 326
283 332
283 338
284 279
284 297
284 321
284 326
284 332
284 338
285 279
285 297
285 321
285 326
285 332
285 338
286 279
286 297
286 321
286 326
286 332
286 338
287 279
287 297
287 311
287 321
287 326
287 332
288 279
288 297
288 301
288 311
288 321
288 326
288 332
289 279
289 297
289 301
289 309
289 311
289 321
289 326
289 332
290 279
290 297
290 301
290 309
290 311
290 321
290 326
290 332
291 279
291 297
291 301
291 309
291 311
291 321
291 326
291 332
292 279
292 297
292 309
292 311
292 321
292 326
292 332
293 279
293 297
293 309
293 311
293 321
293 326
293 332
294 279
294 297
294 309
294 311
294 321
294 326
294 332
295 279
295 297
295 309
295 311
295 321
295 332
296 279
296 297
296 309
296 311
296 321
296 332
297 279
297 297
297 309
297 311
297 321
297 332
298 279
298 297
298 309
298 311
298 321
298 332
299 279
299 297
299 309
299 311
299 321
299 332
300 279
300 297
300 311
300 321
300 332
301 279
301 297
301 311
301 321
301 332
302 279
302 297
302 311
302 321
302 332
303 279
303 297
303 311
303 321
303 332
304 279
304 297
304 311
304 321
304 332
305 279
305 297
305 311
305 332
306 297
306 332
306 339
307 297
307 332
307 339
308 297
308 332
308 339
309 297
309 332
309 339
310 297
310 332
310 339
311 297
311 332
311 339
312 297
312 339
313 297
313 339
314 297
314 339
315 339
316 339
317 339
318 339
319 339
320 339
321 339
322 339
323 339
324 339
325 339
326 339
327 339
328 339
329 339
330 339
331 339
332 339
333 339
334 339
335 339
336 339
337 339
338 339
339 339
340 339
341 339
342 339
343 339
344 339
345 339
346 339
347 339
348 339
