0 39
0 155
0 230
0 303
1 7
1 39
1 155
1 230
1 303
2 3
2 7
2 11
2 39
2 155
2 230
2 303
3 39
3 155
3 230
3 303
4 17
4 22
4 39
4 155
4 221
4 222
4 230
4 279
4 303
4 324
5 39
5 82
5 155
5 166
5 217
5 221
5 222
5 230
5 279
5 303
5 324
6 15
6 65
6 82
6 145
6 155
6 217
6 221
6 222
6 230
6 279
6 303
6 324
7 14
7 65
7 82
7 106
7 119
7 145
7 155
7 217
7 221
7 222
7 230
7 279
7 303
7 324
8 14
8 30
8 48
8 65
8 70
8 82
8 106
8 119
8 145
8 155
8 217
8 222
8 230
8 279
8 303
8 304
8 324
8 335
9 14
9 16
9 30
9 33
9 48
9 54
9 70
9 82
9 106
9 119
9 145
9 155
9 217
9 222
9 230
9 279
9 293
9 303
9 304
9 324
9 335
10 14
10 30
10 48
10 54
10 70
10 82
10 106
10 119
10 145
10 155
10 217
10 222
10 230
10 279
10 293
10 303
10 304
10 324
10 335
11 36
11 48
11 70
11 99
11 106
11 116
11 119
11 139
11 145
11 198
11 217
11 277
11 293
11 303
11 304
11 334
11 335
12 42
12 48
12 70
12 99
12 106
12 116
12 139
12 145
12 198
12 217
12 277
12 293
12 303
12 304
12 335
13 48
13 70
13 99
13 106
13 116
13 139
13 145
13 198
13 217
13 277
13 293
13 303
13 304
13 335
14 41
14 48
14 99
14 106
14 116
14 129
14 136
14 139
14 162
14 198
14 217
14 303
14 335
15 19
15 48
15 69
15 99
15 106
15 116
15 129
15 136
15 139
15 162
15 198
15 303
15 335
16 23
16 29
16 69
16 99
16 106
16 116
16 129
16 136
16 139
16 162
16 198
16 303
16 335
17 21
17 29
17 31
17 69
17 99
17 116
17 129
17 136
17 139
17 162
17 187
17 297
17 335
18 21
18 31
18 69
18 99
18 116
18 129
18 136
18 139
18 162
18 187
18 297
18 335
19 21
19 27
19 31
19 46
19 50
19 99
19 113
19 116
19 129
19 130
19 136
19 139
19 149
19 153
19 187
19 195
19 227
19 297
20 21
20 27
20 46
20 50
20 116
20 129
20 136
20 139
20 149
20 187
20 192
20 195
20 227
20 297
21 26
21 43
21 50
21 57
21 102
21 127
21 129
21 187
21 192
21 195
21 211
21 289
21 297
22 24
22 43
22 50
22 57
22 102
22 104
22 127
22 129
22 192
22 195
22 211
22 289
22 297
22 318
23 24
23 43
23 50
23 57
23 104
23 127
23 129
23 169
23 192
23 195
23 204
23 211
23 215
23 289
23 297
23 318
24 43
24 50
24 57
24 104
24 127
24 129
24 169
24 192
24 195
24 204
24 211
24 215
24 289
24 297
24 318
25 43
25 50
25 57
25 104
25 127
25 129
25 152
25 169
25 192
25 195
25 204
25 211
25 215
25 289
25 297
25 318
26 28
26 43
26 50
26 57
26 104
26 127
26 152
26 169
26 192
26 195
26 204
26 211
26 215
26 289
26 297
26 318
27 28
27 43
27 50
27 57
27 104
27 127
27 152
27 169
27 181
27 192
27 195
27 204
27 211
27 215
27 289
27 297
27 316
27 318
28 50
28 53
28 57
28 104
28 127
28 152
28 169
28 181
28 192
28 195
28 204
28 215
28 289
28 297
28 318
29 50
29 127
29 152
29 169
29 181
29 192
29 195
29 204
29 215
29 234
29 242
29 255
29 289
29 297
29 318
30 50
30 127
30 150
30 152
30 169
30 181
30 192
30 195
30 204
30 209
30 215
30 234
30 242
30 255
30 289
30 297
30 318
31 50
31 64
31 127
31 150
31 169
31 181
31 192
31 195
31 203
31 204
31 209
31 215
31 234
31 242
31 255
31 289
31 297
31 318
32 47
32 64
32 67
32 72
32 127
32 150
32 169
32 192
32 195
32 204
32 209
32 215
32 234
32 242
32 247
32 255
32 289
32 297
32 318
32 336
33 38
33 64
33 67
33 71
33 73
33 77
33 81
33 117
33 128
33 156
33 169
33 170
33 183
33 189
33 192
33 193
33 195
33 204
33 209
33 242
33 255
33 305
33 314
33 317
33 336
34 38
34 64
34 67
34 71
34 73
34 77
34 81
34 117
34 128
34 156
34 169
34 170
34 183
34 189
34 192
34 193
34 195
34 204
34 209
34 242
34 255
34 305
34 314
34 317
34 336
35 44
35 51
35 59
35 64
35 71
35 73
35 77
35 81
35 111
35 128
35 156
35 170
35 183
35 189
35 193
35 195
35 209
35 242
35 255
35 305
35 314
35 317
35 336
36 37
36 44
36 51
36 59
36 64
36 71
36 73
36 77
36 81
36 107
36 111
36 156
36 170
36 183
36 189
36 193
36 195
36 209
36 242
36 255
36 274
36 282
36 305
36 314
36 317
36 336
37 44
37 51
37 59
37 64
37 71
37 77
37 81
37 93
37 111
37 156
37 170
37 180
37 183
37 189
37 193
37 195
37 209
37 255
37 274
37 282
37 305
37 314
37 317
37 336
38 44
38 59
38 71
38 77
38 81
38 111
38 160
38 170
38 180
38 183
38 189
38 195
38 209
38 255
38 274
38 282
38 305
38 314
38 317
38 336
39 44
39 59
39 71
39 77
39 81
39 111
39 170
39 180
39 183
39 189
39 209
39 255
39 274
39 282
39 305
39 314
39 317
39 336
40 59
40 77
40 105
40 170
40 180
40 183
40 189
40 209
40 255
40 274
40 282
40 305
40 317
40 336
40 344
41 59
41 77
41 103
41 105
41 170
41 180
41 183
41 189
41 209
41 255
41 274
41 282
41 305
41 308
41 317
41 336
41 344
42 59
42 77
42 90
42 100
42 103
42 118
42 170
42 180
42 183
42 189
42 255
42 273
42 274
42 305
42 308
42 317
42 336
42 344
43 59
43 61
43 90
43 100
43 103
43 118
43 170
43 180
43 183
43 189
43 255
43 272
43 273
43 274
43 305
43 308
43 317
43 336
43 344
44 61
44 62
44 74
44 80
44 90
44 103
44 118
44 170
44 180
44 189
44 255
44 272
44 273
44 274
44 305
44 308
44 317
44 336
44 344
45 61
45 74
45 80
45 90
45 103
45 118
45 170
45 180
45 189
45 255
45 273
45 274
45 305
45 317
45 344
46 61
46 74
46 80
46 90
46 103
46 118
46 142
46 170
46 180
46 189
46 255
46 273
46 274
46 305
46 317
46 344
47 61
47 74
47 80
47 90
47 103
47 118
47 142
47 170
47 180
47 189
47 255
47 273
47 274
47 305
47 317
47 344
48 61
48 74
48 80
48 90
48 103
48 142
48 180
48 189
48 254
48 255
48 273
48 274
48 305
48 317
48 344
49 61
49 74
49 80
49 90
49 103
49 109
49 142
49 180
49 189
49 254
49 255
49 273
49 274
49 305
49 317
49 344
50 61
50 74
50 80
50 90
50 109
50 142
50 180
50 189
50 254
50 255
50 273
50 274
50 305
50 317
50 344
51 61
51 74
51 80
51 90
51 109
51 132
51 142
51 180
51 189
51 254
51 255
51 274
51 305
51 317
51 344
52 61
52 74
52 90
52 109
52 125
52 132
52 142
52 164
52 180
52 189
52 255
52 274
52 305
52 317
52 344
53 61
53 74
53 90
53 109
53 125
53 132
53 142
53 164
53 180
53 189
53 255
53 274
53 305
53 317
53 344
54 61
54 68
54 85
54 89
54 90
54 109
54 125
54 132
54 142
54 164
54 180
54 189
54 243
54 255
54 305
54 317
54 344
55 61
55 68
55 90
55 101
55 109
55 122
55 125
55 132
55 142
55 164
55 180
55 189
55 191
55 243
55 255
55 305
55 317
55 344
56 60
56 61
56 68
56 101
56 109
56 122
56 125
56 132
56 142
56 164
56 180
56 189
56 191
56 243
56 255
56 305
56 317
56 330
56 344
57 60
57 68
57 76
57 101
57 109
57 122
57 125
57 140
57 164
57 180
57 191
57 243
57 255
57 284
57 330
57 344
58 60
58 68
58 76
58 101
58 122
58 125
58 140
58 164
58 173
58 191
58 243
58 284
58 330
58 344
59 60
59 68
59 76
59 101
59 108
59 122
59 125
59 140
59 164
59 173
59 191
59 281
59 284
59 298
59 330
59 344
60 60
60 68
60 76
60 101
60 108
60 122
60 125
60 140
60 164
60 173
60 191
60 281
60 284
60 298
60 330
60 344
61 68
61 76
61 101
61 108
61 122
61 125
61 140
61 164
61 173
61 191
61 281
61 284
61 298
61 330
61 344
62 68
62 76
62 101
62 108
62 122
62 125
62 140
62 164
62 173
62 191
62 284
62 298
62 330
62 344
63 66
63 68
63 76
63 101
63 108
63 120
63 122
63 125
63 140
63 164
63 173
63 191
63 284
63 298
63 330
63 344
64 66
64 68
64 76
64 101
64 108
64 120
64 122
64 125
64 140
64 164
64 173
64 191
64 284
64 298
64 330
64 344
65 66
65 68
65 76
65 97
65 108
65 110
65 122
65 125
65 140
65 164
65 173
65 191
65 284
65 298
65 330
66 68
66 76
66 97
66 108
66 110
66 122
66 125
66 148
66 164
66 173
66 251
66 284
66 330
67 68
67 76
67 97
67 108
67 110
67 112
67 122
67 148
67 173
67 251
67 284
67 302
67 306
67 330
68 76
68 97
68 108
68 110
68 112
68 122
68 148
68 173
68 251
68 284
68 302
68 330
69 76
69 97
69 108
69 112
69 122
69 148
69 173
69 251
69 284
69 302
69 330
70 76
70 83
70 84
70 108
70 112
70 122
70 148
70 173
70 251
70 284
70 302
70 330
71 76
71 83
71 84
71 108
71 112
71 122
71 148
71 171
71 173
71 251
71 284
71 302
71 330
71 339
72 76
72 78
72 83
72 84
72 108
72 112
72 122
72 148
72 171
72 251
72 284
72 302
72 330
72 339
73 76
73 78
73 83
73 92
73 94
73 108
73 112
73 122
73 157
73 171
73 212
73 251
73 257
73 278
73 284
73 302
73 330
73 339
74 76
74 83
74 92
74 94
74 108
74 112
74 122
74 157
74 171
74 212
74 251
74 257
74 264
74 278
74 284
74 330
74 339
75 76
75 83
75 92
75 94
75 108
75 112
75 122
75 157
75 171
75 212
75 251
75 257
75 264
75 278
75 284
75 330
75 339
76 76
76 83
76 92
76 94
76 108
76 112
76 122
76 157
76 171
76 212
76 251
76 257
76 264
76 278
76 284
76 330
76 339
77 76
77 83
77 92
77 94
77 108
77 112
77 122
77 157
77 171
77 212
77 251
77 257
77 264
77 278
77 284
77 330
77 339
78 76
78 83
78 92
78 94
78 112
78 122
78 157
78 163
78 171
78 212
78 251
78 257
78 263
78 264
78 278
78 284
78 330
78 339
79 76
79 83
79 92
79 94
79 112
79 122
79 157
79 163
79 171
79 212
79 251
79 257
79 263
79 264
79 278
79 284
79 330
79 339
80 83
80 91
80 112
80 122
80 135
80 157
80 171
80 184
80 212
80 232
80 251
80 257
80 263
80 264
80 278
80 284
80 330
80 339
81 83
81 91
81 112
81 115
81 122
81 157
81 171
81 184
81 212
81 232
81 251
81 257
81 263
81 264
81 278
81 284
81 330
81 339
82 83
82 91
82 95
82 122
82 138
82 143
82 146
82 154
82 157
82 161
82 171
82 184
82 212
82 232
82 251
82 263
82 264
82 265
82 278
82 284
82 330
82 339
83 83
83 91
83 95
83 122
83 138
83 143
83 146
83 154
83 157
83 161
83 171
83 184
83 212
83 232
83 251
83 263
83 264
83 265
83 278
83 284
83 330
83 339
84 88
84 91
84 122
84 138
84 143
84 154
84 157
84 161
84 167
84 171
84 184
84 186
84 212
84 214
84 232
84 251
84 264
84 265
84 278
84 284
84 296
84 311
84 330
84 339
85 88
85 91
85 96
85 122
85 138
85 143
85 154
85 157
85 161
85 167
85 171
85 184
85 186
85 212
85 214
85 232
85 251
85 264
85 265
85 278
85 284
85 296
85 311
85 330
85 339
86 88
86 91
86 96
86 122
86 138
86 143
86 154
86 157
86 161
86 167
86 171
86 184
86 186
86 214
86 232
86 251
86 264
86 265
86 278
86 284
86 296
86 330
86 339
87 88
87 91
87 96
87 138
87 143
87 154
87 157
87 161
87 167
87 171
87 184
87 186
87 214
87 232
87 251
87 264
87 265
87 278
87 284
87 296
87 330
87 339
88 88
88 91
88 96
88 138
88 143
88 154
88 157
88 161
88 167
88 171
88 184
88 186
88 214
88 232
88 251
88 264
88 265
88 278
88 284
88 296
88 330
88 339
89 88
89 91
89 96
89 138
89 143
89 154
89 157
89 161
89 167
89 171
89 184
89 186
89 214
89 232
89 251
89 264
89 265
89 278
89 284
89 296
89 330
89 339
90 88
90 91
90 96
90 138
90 143
90 154
90 157
90 161
90 167
90 168
90 171
90 184
90 186
90 214
90 232
90 264
90 278
90 284
90 296
90 330
90 339
91 91
91 96
91 138
91 143
91 157
91 161
91 167
91 168
91 171
91 184
91 186
91 214
91 232
91 264
91 278
91 284
91 296
91 330
91 339
92 91
92 138
92 143
92 157
92 161
92 167
92 168
92 171
92 184
92 186
92 214
92 232
92 264
92 278
92 284
92 296
92 330
92 332
92 339
93 91
93 138
93 143
93 157
93 161
93 167
93 168
93 171
93 186
93 214
93 232
93 264
93 278
93 284
93 296
93 332
93 339
94 91
94 138
94 143
94 157
94 161
94 167
94 168
94 171
94 186
94 214
94 232
94 264
94 278
94 284
94 287
94 296
94 332
95 91
95 138
95 143
95 157
95 161
95 167
95 168
95 171
95 186
95 205
95 214
95 232
95 264
95 278
95 284
95 287
95 296
95 332
96 91
96 138
96 143
96 157
96 161
96 167
96 168
96 171
96 186
96 205
96 214
96 232
96 264
96 278
96 284
96 287
96 296
96 332
97 138
97 143
97 157
97 161
97 167
97 168
97 171
97 186
97 205
97 214
97 232
97 264
97 278
97 284
97 287
97 296
97 332
98 138
98 143
98 157
98 161
98 167
98 168
98 171
98 186
98 205
98 214
98 232
98 235
98 264
98 278
98 284
98 287
98 296
98 332
99 138
99 143
99 161
99 167
99 168
99 171
99 186
99 205
99 214
99 232
99 235
99 284
99 287
99 296
99 332
100 138
100 143
100 161
100 167
100 168
100 171
100 186
100 205
100 214
100 232
100 284
100 287
100 332
101 138
101 143
101 161
101 167
101 168
101 171
101 186
101 205
101 214
101 232
101 284
101 287
101 332
102 138
102 143
102 161
102 167
102 168
102 171
102 186
102 205
102 214
102 232
102 284
102 287
102 332
103 138
103 143
103 167
103 168
103 171
103 186
103 205
103 214
103 216
103 287
103 332
103 342
104 138
104 143
104 167
104 168
104 171
104 186
104 205
104 216
104 287
104 332
104 342
105 138
105 143
105 167
105 168
105 171
105 186
105 205
105 216
105 287
105 332
105 342
106 138
106 143
106 167
106 168
106 171
106 186
106 205
106 216
106 287
106 332
106 342
107 138
107 143
107 171
107 186
107 216
107 332
107 342
108 138
108 143
108 171
108 186
108 216
108 332
108 342
109 138
109 143
109 171
109 186
109 216
109 332
109 342
110 138
110 143
110 186
110 216
110 332
110 342
111 138
111 143
111 186
111 216
111 332
111 342
112 138
112 143
112 186
112 216
112 332
112 342
113 138
113 143
113 165
113 186
113 216
113 332
113 342
114 138
114 143
114 165
114 186
114 216
114 332
114 342
115 143
115 165
115 186
115 216
115 332
115 342
116 143
116 165
116 186
116 216
116 332
116 342
117 126
117 143
117 165
117 186
117 194
117 332
117 342
118 121
118 126
118 144
118 186
118 194
118 199
118 208
118 276
118 332
118 342
119 121
119 126
119 144
119 186
119 194
119 199
119 208
119 276
119 332
119 342
120 121
120 126
120 186
120 194
120 199
120 206
120 208
120 229
120 276
120 332
120 342
121 121
121 126
121 186
121 194
121 199
121 206
121 208
121 229
121 276
121 332
121 342
122 121
122 126
122 147
122 186
122 194
122 199
122 206
122 208
122 229
122 276
122 332
122 342
123 147
123 186
123 194
123 199
123 206
123 229
123 250
123 276
123 332
123 342
124 147
124 186
124 194
124 199
124 206
124 229
124 244
124 250
124 260
124 276
124 300
124 332
124 342
125 147
125 186
125 194
125 199
125 206
125 229
125 244
125 250
125 260
125 276
125 300
125 332
125 342
126 147
126 186
126 194
126 199
126 229
126 244
126 250
126 260
126 276
126 300
126 332
126 342
127 147
127 186
127 194
127 199
127 229
127 244
127 250
127 260
127 276
127 300
127 332
127 342
128 147
128 176
128 186
128 194
128 199
128 226
128 229
128 244
128 250
128 260
128 276
128 300
128 332
128 342
129 147
129 176
129 186
129 194
129 199
129 226
129 229
129 244
129 250
129 260
129 276
129 300
129 332
129 342
130 131
130 176
130 186
130 194
130 199
130 226
130 229
130 244
130 250
130 256
130 260
130 276
130 332
130 342
130 346
131 131
131 186
131 194
131 199
131 226
131 229
131 237
131 250
131 256
131 260
131 332
131 342
131 346
132 131
132 186
132 194
132 199
132 226
132 229
132 237
132 250
132 256
132 260
132 332
132 342
132 346
133 131
133 186
133 194
133 199
133 226
133 229
133 237
133 250
133 256
133 260
133 271
133 332
133 342
133 346
133 348
134 186
134 194
134 199
134 207
134 226
134 229
134 237
134 250
134 256
134 260
134 271
134 280
134 332
134 342
134 346
134 348
135 186
135 194
135 199
135 207
135 226
135 229
135 237
135 250
135 256
135 260
135 271
135 280
135 332
135 342
135 346
135 348
136 186
136 194
136 196
136 199
136 207
136 226
136 229
136 237
136 250
136 256
136 260
136 280
136 332
136 342
136 346
136 348
137 186
137 194
137 196
137 199
137 207
137 226
137 229
137 237
137 238
137 250
137 256
137 260
137 280
137 332
137 342
137 346
137 348
138 159
138 174
138 186
138 194
138 207
138 226
138 229
138 237
138 238
138 241
138 246
138 250
138 256
138 260
138 280
138 288
138 332
138 333
138 342
138 346
139 159
139 178
139 194
139 207
139 229
139 237
139 241
139 246
139 250
139 256
139 260
139 280
139 288
139 332
139 333
139 342
139 346
140 159
140 178
140 185
140 194
140 207
140 224
140 229
140 237
140 241
140 246
140 250
140 256
140 260
140 280
140 288
140 332
140 333
140 342
140 346
141 159
141 178
141 185
141 202
141 207
141 224
141 229
141 237
141 241
141 246
141 250
141 256
141 260
141 280
141 333
141 342
141 346
142 159
142 178
142 185
142 202
142 207
142 224
142 229
142 237
142 241
142 246
142 250
142 256
142 260
142 280
142 333
142 342
142 346
143 159
143 178
143 185
143 202
143 207
143 224
143 228
143 229
143 237
143 241
143 246
143 256
143 260
143 280
143 342
143 346
144 159
144 178
144 185
144 202
144 207
144 224
144 228
144 229
144 237
144 241
144 246
144 256
144 260
144 280
144 342
144 346
145 159
145 178
145 207
145 224
145 229
145 241
145 246
145 256
145 260
145 266
145 280
145 342
145 346
146 159
146 178
146 207
146 224
146 229
146 241
146 246
146 256
146 260
146 266
146 280
146 342
146 346
147 159
147 207
147 224
147 229
147 241
147 246
147 256
147 260
147 266
147 280
147 342
147 346
148 159
148 207
148 224
148 229
148 241
148 246
148 256
148 260
148 266
148 280
148 342
148 346
149 159
149 207
149 224
149 229
149 241
149 246
149 256
149 260
149 266
149 280
149 342
149 346
150 159
150 207
150 224
150 229
150 241
150 246
150 256
150 260
150 266
150 280
150 342
150 346
151 207
151 224
151 229
151 241
151 246
151 252
151 256
151 260
151 266
151 280
151 312
151 342
151 346
152 207
152 224
152 229
152 241
152 246
152 252
152 256
152 258
152 262
152 266
152 312
152 342
152 346
153 207
153 224
153 229
153 241
153 246
153 252
153 256
153 258
153 262
153 266
153 312
153 342
153 346
154 207
154 224
154 229
154 241
154 246
154 252
154 256
154 258
154 262
154 266
154 312
154 342
154 346
155 207
155 224
155 229
155 241
155 246
155 252
155 256
155 258
155 262
155 266
155 312
155 342
155 346
156 207
156 218
156 224
156 229
156 241
156 246
156 252
156 256
156 262
156 266
156 312
156 342
156 346
157 207
157 218
157 224
157 229
157 241
157 246
157 252
157 256
157 262
157 266
157 312
157 327
157 342
157 346
158 207
158 218
158 224
158 229
158 241
158 246
158 252
158 256
158 262
158 266
158 312
158 327
158 342
158 346
159 207
159 218
159 224
159 229
159 241
159 246
159 252
159 256
159 262
159 266
159 312
159 327
159 342
159 346
160 207
160 218
160 224
160 229
160 241
160 246
160 252
160 256
160 262
160 266
160 312
160 327
160 342
160 346
161 207
161 218
161 224
161 229
161 241
161 246
161 252
161 256
161 262
161 266
161 312
161 327
161 342
161 346
162 207
162 218
162 224
162 229
162 241
162 246
162 252
162 256
162 262
162 266
162 312
162 319
162 327
162 342
162 346
163 207
163 218
163 224
163 229
163 236
163 241
163 246
163 256
163 262
163 266
163 319
163 327
163 342
163 346
164 207
164 218
164 224
164 229
164 236
164 241
164 246
164 256
164 262
164 266
164 319
164 327
164 342
164 346
165 207
165 218
165 224
165 236
165 241
165 246
165 256
165 262
165 266
165 327
165 342
165 346
166 207
166 218
166 236
166 241
166 246
166 256
166 262
166 266
166 327
166 342
166 346
167 207
167 218
167 236
167 241
167 246
167 256
167 262
167 266
167 320
167 327
167 342
168 201
168 207
168 218
168 236
168 241
168 246
168 256
168 262
168 266
168 320
168 327
168 342
169 201
169 207
169 218
169 233
169 236
169 241
169 246
169 256
169 262
169 266
169 320
169 327
169 342
170 201
170 218
170 233
170 236
170 241
170 246
170 256
170 262
170 327
170 342
171 200
171 201
171 218
171 233
171 236
171 241
171 246
171 256
171 262
171 290
171 327
171 342
172 175
172 200
172 201
172 218
172 233
172 236
172 241
172 246
172 256
172 262
172 290
172 327
172 340
172 342
173 175
173 200
173 201
173 218
173 233
173 236
173 240
173 241
173 246
173 253
173 256
173 290
173 338
173 342
174 175
174 200
174 201
174 218
174 233
174 236
174 240
174 241
174 246
174 253
174 256
174 290
174 338
174 342
175 175
175 200
175 201
175 218
175 233
175 236
175 240
175 241
175 246
175 253
175 256
175 290
175 338
175 342
176 190
176 200
176 201
176 218
176 236
176 240
176 241
176 246
176 253
176 256
176 290
176 338
176 342
177 190
177 200
177 201
177 218
177 236
177 240
177 241
177 246
177 253
177 256
177 290
177 338
178 190
178 200
178 201
178 218
178 236
178 240
178 241
178 246
178 253
178 256
178 290
178 338
179 190
179 200
179 236
179 241
179 253
179 256
179 267
179 290
179 338
180 190
180 200
180 236
180 241
180 253
180 256
180 267
180 290
180 338
181 190
181 200
181 236
181 241
181 253
181 256
181 267
181 290
181 338
182 190
182 200
182 236
182 241
182 253
182 256
182 267
182 290
182 338
183 190
183 200
183 236
183 241
183 253
183 256
183 267
183 290
183 338
184 190
184 200
184 236
184 241
184 253
184 256
184 267
184 290
184 338
185 190
185 200
185 213
185 236
185 253
185 256
185 267
185 290
185 338
186 190
186 200
186 213
186 236
186 253
186 256
186 267
186 290
186 338
187 200
187 213
187 236
187 253
187 256
187 267
187 290
187 338
188 200
188 213
188 239
188 253
188 267
188 290
188 338
189 200
189 213
189 223
189 239
189 253
189 267
189 290
189 338
190 200
190 213
190 223
190 231
190 239
190 253
190 267
190 290
190 338
191 200
191 213
191 223
191 231
191 239
191 253
191 267
191 290
191 338
192 200
192 213
192 223
192 231
192 239
192 253
192 267
192 290
192 338
193 200
193 213
193 223
193 231
193 239
193 253
193 267
193 290
193 338
194 200
194 213
194 223
194 231
194 239
194 253
194 267
194 338
195 213
195 223
195 239
195 253
195 267
195 338
196 213
196 239
196 253
196 267
196 338
197 213
197 239
197 253
197 267
197 338
198 213
198 239
198 253
198 267
198 338
199 213
199 219
199 253
199 267
199 315
199 331
199 338
200 213
200 219
200 253
200 315
200 331
200 338
201 213
201 253
201 315
201 338
202 213
202 253
202 315
202 338
203 213
203 315
203 338
204 213
204 315
204 338
205 213
205 248
205 315
205 338
206 213
206 248
206 315
206 338
207 213
207 248
207 315
207 338
207 343
208 210
208 213
208 248
208 315
208 338
208 343
209 210
209 213
209 245
209 248
209 286
209 307
209 315
209 321
209 338
209 343
210 210
210 213
210 245
210 248
210 286
210 307
210 315
210 321
210 338
210 343
211 210
211 213
211 245
211 248
211 286
211 307
211 315
211 321
211 343
212 210
212 213
212 245
212 248
212 286
212 307
212 315
212 321
212 343
213 210
213 213
213 245
213 248
213 286
213 307
213 315
213 321
213 343
214 213
214 245
214 286
214 307
214 315
214 321
214 343
215 245
215 286
215 307
215 321
215 343
216 225
216 245
216 286
216 307
216 313
216 321
216 343
217 225
217 245
217 286
217 307
217 313
217 321
217 343
218 225
218 245
218 286
218 307
218 313
218 321
218 343
219 225
219 245
219 286
219 307
219 313
219 321
219 343
220 225
220 245
220 286
220 307
220 313
220 321
220 343
221 225
221 245
221 285
221 286
221 291
221 307
221 313
221 321
221 343
222 225
222 245
222 283
222 285
222 286
222 291
222 307
222 313
222 321
222 343
223 225
223 245
223 283
223 285
223 286
223 291
223 307
223 313
223 321
223 343
224 225
224 245
224 283
224 285
224 286
224 291
224 307
224 313
224 321
224 343
225 225
225 245
225 283
225 285
225 286
225 291
225 307
225 313
225 328
225 343
226 225
226 283
226 285
226 286
226 291
226 307
226 313
226 328
226 343
226 345
227 225
227 283
227 285
227 286
227 291
227 307
227 313
227 328
227 343
227 345
227 347
228 225
228 283
228 285
228 286
228 291
228 307
228 313
228 328
228 343
228 345
228 347
229 225
229 283
229 285
229 286
229 291
229 307
229 313
229 328
229 343
229 345
229 347
230 225
230 283
230 285
230 286
230 291
230 307
230 313
230 328
230 343
230 345
230 347
231 225
231 283
231 285
231 286
231 291
231 307
231 313
231 328
231 343
231 345
231 347
232 225
232 283
232 285
232 286
232 291
232 307
232 313
232 328
232 343
232 345
232 347
233 249
233 283
233 285
233 291
233 313
233 343
233 345
233 347
234 249
234 283
234 285
234 291
234 313
234 343
234 345
234 347
235 249
235 269
235 283
235 285
235 291
235 313
235 343
235 345
235 347
236 249
236 269
236 283
236 285
236 291
236 313
236 343
236 345
236 347
237 249
237 269
237 283
237 285
237 291
237 313
237 343
237 345
237 347
238 249
238 269
238 283
238 285
238 291
238 313
238 343
238 345
238 347
239 249
239 269
239 283
239 285
239 291
239 313
239 343
239 345
239 347
240 249
240 269
240 283
240 285
240 291
240 313
240 343
240 345
240 347
241 249
241 269
241 283
241 285
241 291
241 313
241 343
241 345
241 347
242 249
242 269
242 283
242 285
242 291
242 313
242 343
242 345
242 347
243 269
243 283
243 285
243 291
243 313
243 343
243 345
243 347
244 269
244 283
244 285
244 291
244 313
244 343
244 345
244 347
245 269
245 283
245 285
245 291
245 313
245 343
245 345
245 347
246 269
246 283
246 285
246 291
246 313
246 343
246 345
246 347
247 268
247 269
247 285
247 291
247 295
247 313
247 343
247 345
247 347
248 269
248 285
248 291
248 295
248 313
248 343
248 345
248 347
249 269
249 285
249 291
249 313
249 343
249 345
249 347
250 269
250 285
250 291
250 313
250 343
250 345
250 347
251 269
251 285
251 301
251 310
251 325
251 343
251 345
251 347
252 285
252 301
252 310
252 325
252 343
252 345
252 347
253 275
253 285
253 301
253 310
253 325
253 343
253 345
253 347
254 285
254 301
254 310
254 325
254 343
254 345
254 347
255 285
255 301
255 310
255 325
255 343
255 345
255 347
256 285
256 292
256 301
256 310
256 325
256 345
256 347
257 285
257 292
257 301
257 310
257 325
257 345
257 347
258 285
258 292
258 301
258 310
258 325
258 345
258 347
259 285
259 292
259 301
259 310
259 325
259 345
260 285
260 292
260 301
260 310
260 325
260 345
261 285
261 292
261 301
261 310
261 325
261 345
262 285
262 292
262 301
262 310
262 325
262 345
263 285
263 292
263 301
263 310
263 325
264 285
264 292
264 301
264 325
265 285
265 292
265 301
265 325
266 285
266 292
266 301
266 325
267 285
267 292
267 301
267 325
267 349
268 285
268 292
268 301
268 325
268 349
269 285
269 292
269 301
269 325
269 349
270 285
270 292
270 301
270 322
270 325
270 349
271 285
271 292
271 301
271 322
271 325
271 349
272 285
272 292
272 301
272 322
272 325
272 349
273 285
273 292
273 301
273 325
273 349
274 285
274 292
274 294
274 301
274 325
274 349
275 285
275 292
275 294
275 301
275 325
275 349
276 285
276 292
276 294
276 301
276 325
276 326
276 349
277 285
277 292
277 294
277 301
277 325
277 349
278 285
278 292
278 294
278 301
278 325
278 349
279 285
279 294
279 301
279 325
279 349
280 285
280 294
280 301
280 325
280 349
281 285
281 294
281 301
281 325
281 349
282 285
282 294
282 325
282 349
283 285
283 294
283 325
283 349
284 285
284 349
285 285
285 349
286 285
286 349
287 285
287 349
288 285
288 349
289 285
289 349
290 285
290 309
290 349
291 285
291 309
291 349
292 285
292 309
292 349
293 285
293 309
293 349
294 285
294 309
294 349
295 285
295 309
295 349
296 285
296 309
296 349
297 285
297 309
297 349
298 285
298 309
298 349
299 285
299 309
299 349
300 285
300 309
300 349
301 309
301 349
302 309
302 349
303 309
303 349
304 309
304 349
305 309
305 349
306 309
306 349
307 309
307 349
308 309
308 349
309 309
309 349
310 309
310 323
311 309
311 323
312 309
312 323
313 309
313 323
314 309
314 323
315 309
315 323
316 309
316 323
317 309
317 323
318 309
318 323
319 309
319 323
320 309
320 323
321 309
321 323
322 323
322 329
322 341
323 323
323 341
324 323
324 341
325 323
326 323
327 323
328 323
329 323
330 323
331 323
332 323
