1 36
1 65
1 66
1 79
1 102
1 144
2 7
2 36
2 65
2 66
2 79
2 102
2 144
2 275
3 36
3 65
3 66
3 79
3 102
3 144
3 275
4 14
4 36
4 65
4 66
4 79
4 102
4 144
4 275
4 292
5 14
5 65
5 66
5 79
5 102
5 114
5 144
5 275
5 292
5 316
6 9
6 14
6 19
6 65
6 66
6 79
6 90
6 102
6 111
6 114
6 144
6 178
6 181
6 275
6 292
6 316
7 11
7 14
7 19
7 20
7 26
7 66
7 67
7 79
7 82
7 102
7 104
7 111
7 114
7 178
7 181
7 195
7 234
7 275
7 292
7 316
8 11
8 20
8 26
8 66
8 67
8 79
8 82
8 88
8 102
8 104
8 111
8 114
8 118
8 178
8 181
8 195
8 223
8 234
8 275
8 292
8 316
8 335
9 15
9 16
9 20
9 29
9 52
9 66
9 67
9 68
9 79
9 82
9 104
9 114
9 118
9 166
9 178
9 181
9 195
9 223
9 234
9 275
9 292
9 316
9 335
10 20
10 29
10 52
10 67
10 68
10 79
10 82
10 104
10 114
10 166
10 178
10 181
10 195
10 223
10 234
10 275
10 292
10 316
10 335
11 20
11 29
11 52
11 67
11 68
11 79
11 82
11 104
11 114
11 166
11 178
11 181
11 195
11 223
11 234
11 275
11 292
11 316
11 335
12 17
12 29
12 52
12 67
12 68
12 79
12 82
12 104
12 114
12 166
12 178
12 181
12 195
12 223
12 234
12 238
12 248
12 275
12 292
12 316
12 335
13 18
13 27
13 29
13 61
13 67
13 68
13 82
13 96
13 104
13 108
13 114
13 166
13 178
13 181
13 195
13 223
13 234
13 238
13 248
13 275
13 292
13 316
13 335
14 18
14 27
14 43
14 67
14 68
14 82
14 96
14 108
14 114
14 166
14 178
14 181
14 195
14 223
14 234
14 248
14 275
14 292
14 316
15 30
15 43
15 67
15 68
15 82
15 96
15 108
15 114
15 166
15 178
15 181
15 195
15 223
15 234
15 248
15 275
15 292
15 316
16 30
16 43
16 67
16 68
16 92
16 96
16 107
16 108
16 114
16 135
16 166
16 178
16 181
16 193
16 195
16 223
16 234
16 248
16 275
16 292
16 316
17 50
17 67
17 83
17 92
17 107
17 108
17 114
17 124
17 135
17 171
17 181
17 193
17 195
17 223
17 234
17 248
17 275
17 292
17 316
18 50
18 67
18 83
18 92
18 107
18 108
18 114
18 124
18 135
18 171
18 181
18 186
18 193
18 195
18 223
18 234
18 248
18 275
18 292
18 316
19 37
19 41
19 50
19 54
19 59
19 92
19 98
19 107
19 108
19 124
19 135
19 164
19 171
19 181
19 186
19 193
19 195
19 223
19 234
19 242
19 248
19 255
19 275
19 292
19 316
19 320
20 23
20 24
20 37
20 41
20 50
20 54
20 59
20 92
20 98
20 107
20 108
20 124
20 131
20 164
20 171
20 181
20 186
20 193
20 195
20 223
20 234
20 242
20 248
20 255
20 275
20 292
20 316
20 320
21 23
21 24
21 37
21 41
21 50
21 54
21 59
21 92
21 98
21 107
21 108
21 124
21 131
21 164
21 171
21 181
21 186
21 193
21 195
21 223
21 234
21 242
21 248
21 255
21 275
21 292
21 316
21 320
22 35
22 37
22 41
22 50
22 92
22 98
22 108
22 124
22 131
22 164
22 171
22 181
22 186
22 193
22 195
22 223
22 242
22 248
22 255
22 275
22 292
22 316
22 320
23 35
23 41
23 49
23 70
23 71
23 92
23 94
23 98
23 108
23 124
23 131
23 139
23 164
23 171
23 173
23 181
23 186
23 193
23 195
23 223
23 242
23 248
23 255
23 275
23 292
23 316
23 320
24 34
24 41
24 49
24 70
24 71
24 92
24 94
24 98
24 108
24 124
24 129
24 131
24 139
24 164
24 173
24 181
24 186
24 193
24 195
24 205
24 223
24 242
24 248
24 255
24 275
24 292
24 316
24 320
25 42
25 45
25 49
25 64
25 81
25 93
25 98
25 100
25 112
25 129
25 131
25 139
25 148
25 162
25 164
25 173
25 181
25 186
25 193
25 195
25 205
25 223
25 241
25 242
25 245
25 248
25 255
25 256
25 275
25 292
25 316
25 320
26 32
26 42
26 49
26 64
26 76
26 81
26 93
26 98
26 100
26 112
26 129
26 131
26 139
26 148
26 162
26 164
26 173
26 181
26 186
26 193
26 195
26 205
26 223
26 241
26 242
26 245
26 248
26 255
26 256
26 275
26 292
26 316
26 320
27 32
27 42
27 49
27 64
27 76
27 81
27 93
27 98
27 100
27 112
27 129
27 131
27 139
27 148
27 162
27 164
27 173
27 181
27 186
27 193
27 195
27 205
27 211
27 223
27 241
27 242
27 245
27 248
27 255
27 256
27 275
27 292
27 316
27 320
28 32
28 40
28 42
28 60
28 64
28 76
28 81
28 93
28 98
28 100
28 112
28 129
28 131
28 139
28 148
28 162
28 164
28 173
28 181
28 186
28 193
28 195
28 205
28 211
28 223
28 241
28 242
28 245
28 248
28 255
28 256
28 275
28 292
28 316
28 320
29 32
29 40
29 42
29 44
29 60
29 64
29 74
29 76
29 81
29 93
29 98
29 100
29 112
29 122
29 129
29 131
29 139
29 148
29 162
29 164
29 173
29 181
29 186
29 193
29 195
29 205
29 211
29 223
29 241
29 242
29 245
29 248
29 255
29 275
29 292
29 311
29 316
29 320
29 325
30 40
30 42
30 60
30 64
30 74
30 76
30 81
30 93
30 98
30 100
30 112
30 122
30 129
30 131
30 139
30 148
30 162
30 164
30 173
30 181
30 186
30 193
30 195
30 205
30 211
30 223
30 241
30 242
30 245
30 248
30 255
30 275
30 292
30 311
30 316
30 320
30 325
31 40
31 42
31 60
31 64
31 74
31 76
31 81
31 93
31 98
31 100
31 112
31 122
31 129
31 131
31 139
31 148
31 162
31 164
31 173
31 181
31 186
31 193
31 195
31 205
31 211
31 223
31 241
31 242
31 245
31 248
31 255
31 275
31 292
31 311
31 316
31 320
31 325
32 40
32 60
32 64
32 74
32 76
32 81
32 93
32 98
32 100
32 112
32 122
32 129
32 131
32 139
32 148
32 162
32 164
32 173
32 181
32 186
32 193
32 195
32 205
32 211
32 223
32 241
32 242
32 245
32 248
32 255
32 275
32 292
32 311
32 316
32 320
32 325
33 40
33 60
33 64
33 76
33 81
33 98
33 100
33 112
33 122
33 129
33 131
33 139
33 148
33 151
33 162
33 164
33 173
33 181
33 186
33 193
33 195
33 205
33 211
33 223
33 241
33 242
33 245
33 248
33 255
33 275
33 292
33 311
33 316
33 320
33 325
34 40
34 60
34 76
34 81
34 98
34 100
34 112
34 122
34 129
34 131
34 139
34 148
34 151
34 162
34 164
34 173
34 181
34 186
34 193
34 195
34 205
34 211
34 223
34 241
34 242
34 245
34 248
34 255
34 275
34 292
34 311
34 316
34 320
34 325
35 40
35 60
35 76
35 81
35 85
35 98
35 100
35 112
35 129
35 131
35 139
35 148
35 151
35 162
35 164
35 173
35 181
35 193
35 195
35 205
35 211
35 217
35 223
35 241
35 242
35 248
35 255
35 275
35 292
35 311
35 316
35 320
35 325
36 40
36 60
36 76
36 81
36 85
36 98
36 112
36 129
36 131
36 139
36 148
36 151
36 162
36 173
36 181
36 193
36 195
36 205
36 211
36 217
36 223
36 241
36 242
36 248
36 255
36 275
36 292
36 311
36 316
36 320
36 325
37 40
37 51
37 60
37 76
37 81
37 85
37 98
37 112
37 129
37 131
37 139
37 148
37 151
37 173
37 181
37 193
37 195
37 205
37 211
37 216
37 217
37 223
37 241
37 242
37 248
37 255
37 265
37 275
37 292
37 311
37 316
37 320
37 325
38 39
38 48
38 51
38 58
38 62
38 76
38 77
38 81
38 98
38 131
38 139
38 148
38 151
38 158
38 173
38 181
38 193
38 195
38 205
38 211
38 216
38 217
38 223
38 230
38 235
38 240
38 241
38 242
38 248
38 255
38 265
38 275
38 284
38 292
38 311
38 316
38 320
38 325
39 39
39 51
39 56
39 58
39 81
39 121
39 148
39 151
39 158
39 173
39 181
39 193
39 195
39 201
39 210
39 211
39 216
39 217
39 223
39 230
39 240
39 241
39 242
39 248
39 255
39 265
39 275
39 284
39 311
39 316
39 320
39 325
39 342
40 39
40 51
40 56
40 58
40 81
40 121
40 126
40 148
40 151
40 158
40 173
40 181
40 193
40 195
40 201
40 210
40 211
40 216
40 217
40 223
40 230
40 240
40 241
40 242
40 248
40 255
40 265
40 275
40 284
40 311
40 316
40 320
40 325
40 336
40 342
41 55
41 56
41 58
41 81
41 121
41 126
41 148
41 151
41 158
41 165
41 173
41 181
41 193
41 195
41 200
41 201
41 210
41 211
41 216
41 217
41 223
41 230
41 240
41 241
41 242
41 248
41 255
41 265
41 268
41 275
41 284
41 311
41 316
41 320
41 325
41 336
41 342
42 55
42 56
42 58
42 81
42 121
42 126
42 148
42 151
42 158
42 165
42 173
42 181
42 193
42 195
42 200
42 201
42 210
42 211
42 216
42 217
42 223
42 230
42 240
42 241
42 242
42 248
42 255
42 265
42 268
42 275
42 284
42 311
42 316
42 320
42 325
42 336
42 342
43 55
43 56
43 58
43 81
43 121
43 126
43 148
43 151
43 158
43 165
43 173
43 181
43 193
43 195
43 200
43 210
43 211
43 216
43 217
43 223
43 230
43 240
43 241
43 242
43 248
43 255
43 265
43 268
43 275
43 284
43 311
43 316
43 320
43 325
43 336
43 342
44 55
44 56
44 58
44 80
44 81
44 121
44 126
44 132
44 151
44 158
44 165
44 181
44 193
44 195
44 200
44 210
44 211
44 216
44 217
44 223
44 230
44 240
44 241
44 242
44 248
44 255
44 265
44 268
44 275
44 284
44 311
44 316
44 320
44 325
44 336
44 342
45 55
45 56
45 58
45 80
45 81
45 121
45 126
45 132
45 151
45 158
45 165
45 181
45 193
45 195
45 200
45 210
45 211
45 216
45 217
45 223
45 230
45 240
45 241
45 242
45 248
45 255
45 265
45 268
45 275
45 284
45 311
45 316
45 320
45 325
45 336
45 342
46 55
46 58
46 63
46 73
46 78
46 80
46 81
46 115
46 123
46 126
46 133
46 151
46 158
46 165
46 175
46 193
46 195
46 200
46 210
46 211
46 214
46 216
46 217
46 240
46 241
46 242
46 248
46 255
46 268
46 275
46 284
46 305
46 311
46 316
46 320
46 325
46 336
46 342
47 58
47 63
47 73
47 78
47 80
47 81
47 115
47 123
47 126
47 133
47 151
47 158
47 165
47 175
47 193
47 195
47 200
47 210
47 211
47 214
47 216
47 217
47 240
47 241
47 242
47 248
47 255
47 268
47 275
47 284
47 305
47 311
47 316
47 320
47 325
47 336
47 342
48 58
48 63
48 73
48 78
48 80
48 81
48 115
48 123
48 126
48 133
48 151
48 158
48 165
48 175
48 193
48 195
48 200
48 210
48 211
48 214
48 216
48 217
48 240
48 241
48 242
48 248
48 255
48 275
48 284
48 305
48 311
48 316
48 320
48 325
48 336
48 342
49 58
49 78
49 80
49 101
49 115
49 133
49 151
49 165
49 175
49 193
49 195
49 200
49 210
49 211
49 214
49 216
49 217
49 240
49 241
49 242
49 248
49 255
49 275
49 284
49 305
49 311
49 316
49 320
49 325
49 336
49 342
49 349
50 58
50 78
50 115
50 133
50 151
50 175
50 177
50 193
50 195
50 200
50 211
50 214
50 216
50 217
50 240
50 241
50 242
50 255
50 275
50 284
50 305
50 311
50 316
50 320
50 325
50 336
50 342
50 349
51 58
51 78
51 115
51 133
51 151
51 175
51 177
51 193
51 195
51 200
51 211
51 214
51 216
51 217
51 240
51 241
51 242
51 255
51 275
51 284
51 311
51 316
51 320
51 325
51 342
51 349
52 58
52 78
52 89
52 95
52 110
52 115
52 133
52 151
52 174
52 175
52 177
52 193
52 195
52 200
52 211
52 214
52 216
52 217
52 240
52 241
52 242
52 255
52 275
52 311
52 316
52 320
52 325
52 342
52 349
53 58
53 78
53 89
53 95
53 110
53 115
53 133
53 151
53 174
53 175
53 177
53 193
53 195
53 200
53 211
53 214
53 216
53 217
53 240
53 241
53 242
53 255
53 275
53 311
53 316
53 320
53 325
53 342
53 349
54 58
54 78
54 89
54 95
54 110
54 115
54 133
54 151
54 155
54 174
54 175
54 177
54 193
54 195
54 200
54 211
54 214
54 216
54 217
54 240
54 241
54 242
54 255
54 275
54 311
54 316
54 320
54 325
54 342
54 349
55 58
55 78
55 89
55 95
55 97
55 110
55 133
55 142
55 155
55 174
55 175
55 193
55 195
55 200
55 211
55 212
55 214
55 216
55 240
55 241
55 242
55 255
55 275
55 289
55 311
55 316
55 320
55 325
55 342
56 58
56 78
56 89
56 91
56 95
56 97
56 105
56 110
56 133
56 142
56 155
56 174
56 175
56 193
56 195
56 200
56 211
56 212
56 214
56 216
56 240
56 241
56 242
56 255
56 275
56 289
56 311
56 316
56 320
56 325
56 342
57 58
57 78
57 89
57 91
57 95
57 97
57 105
57 110
57 133
57 142
57 155
57 174
57 175
57 193
57 195
57 200
57 211
57 212
57 214
57 216
57 240
57 241
57 242
57 255
57 275
57 289
57 311
57 316
57 320
57 325
57 342
58 58
58 78
58 89
58 91
58 95
58 97
58 105
58 110
58 133
58 142
58 155
58 174
58 175
58 193
58 195
58 200
58 211
58 212
58 214
58 216
58 240
58 241
58 242
58 255
58 275
58 289
58 311
58 316
58 320
58 325
58 342
59 58
59 78
59 89
59 91
59 95
59 97
59 105
59 110
59 133
59 142
59 155
59 174
59 175
59 193
59 195
59 200
59 211
59 212
59 214
59 216
59 240
59 241
59 242
59 255
59 275
59 289
59 311
59 316
59 320
59 325
59 342
60 58
60 78
60 89
60 91
60 95
60 97
60 105
60 110
60 133
60 142
60 155
60 174
60 175
60 193
60 195
60 200
60 211
60 212
60 214
60 216
60 240
60 241
60 242
60 255
60 275
60 289
60 311
60 316
60 320
60 325
60 342
61 58
61 72
61 78
61 89
61 91
61 95
61 97
61 105
61 110
61 133
61 142
61 155
61 174
61 175
61 193
61 195
61 200
61 211
61 212
61 214
61 216
61 240
61 241
61 242
61 255
61 275
61 289
61 311
61 316
61 320
61 325
61 342
62 58
62 72
62 78
62 89
62 91
62 95
62 97
62 105
62 110
62 133
62 142
62 155
62 174
62 175
62 193
62 195
62 200
62 211
62 212
62 214
62 216
62 240
62 241
62 242
62 255
62 275
62 289
62 311
62 316
62 320
62 325
62 342
63 58
63 72
63 78
63 89
63 91
63 95
63 97
63 105
63 110
63 133
63 142
63 155
63 174
63 175
63 193
63 195
63 200
63 211
63 212
63 214
63 216
63 240
63 241
63 242
63 255
63 275
63 289
63 311
63 316
63 320
63 325
63 342
64 58
64 72
64 78
64 89
64 91
64 97
64 105
64 110
64 133
64 142
64 155
64 174
64 175
64 193
64 195
64 200
64 211
64 212
64 214
64 216
64 240
64 241
64 242
64 255
64 275
64 289
64 309
64 311
64 316
64 320
64 325
64 342
65 72
65 78
65 84
65 89
65 97
65 105
65 110
65 133
65 140
65 155
65 169
65 175
65 193
65 195
65 200
65 211
65 214
65 216
65 240
65 241
65 242
65 275
65 289
65 309
65 311
65 320
65 325
65 342
66 78
66 84
66 89
66 97
66 105
66 110
66 133
66 140
66 155
66 169
66 175
66 193
66 195
66 200
66 211
66 214
66 216
66 240
66 241
66 242
66 275
66 289
66 309
66 311
66 320
66 325
66 342
67 78
67 84
67 89
67 97
67 105
67 110
67 133
67 140
67 155
67 156
67 169
67 175
67 193
67 195
67 200
67 211
67 214
67 216
67 240
67 241
67 242
67 275
67 289
67 309
67 311
67 320
67 325
67 342
68 78
68 84
68 89
68 97
68 105
68 109
68 110
68 133
68 140
68 155
68 156
68 169
68 175
68 193
68 195
68 200
68 203
68 211
68 214
68 216
68 240
68 241
68 242
68 275
68 289
68 309
68 311
68 320
68 325
68 342
69 78
69 84
69 89
69 97
69 105
69 110
69 133
69 140
69 155
69 175
69 187
69 193
69 195
69 200
69 203
69 211
69 214
69 216
69 240
69 241
69 275
69 289
69 309
69 311
69 320
69 325
69 342
70 78
70 84
70 89
70 97
70 105
70 110
70 133
70 140
70 155
70 175
70 187
70 193
70 195
70 200
70 203
70 211
70 214
70 216
70 240
70 241
70 275
70 289
70 309
70 311
70 320
70 325
70 342
71 78
71 84
71 89
71 97
71 105
71 110
71 120
71 133
71 140
71 155
71 175
71 187
71 193
71 195
71 200
71 203
71 211
71 214
71 216
71 240
71 241
71 275
71 289
71 309
71 311
71 320
71 325
71 342
72 78
72 89
72 110
72 120
72 133
72 140
72 155
72 175
72 183
72 187
72 193
72 195
72 200
72 203
72 214
72 216
72 240
72 241
72 275
72 289
72 309
72 311
72 320
72 325
72 342
73 78
73 87
73 89
73 110
73 133
73 140
73 163
73 183
73 193
73 200
73 203
73 216
73 240
73 241
73 264
73 275
73 289
73 309
73 311
73 320
73 325
74 87
74 110
74 133
74 140
74 163
74 183
74 193
74 200
74 203
74 216
74 240
74 241
74 264
74 275
74 289
74 309
74 311
74 320
74 325
75 87
75 110
75 133
75 140
75 163
75 183
75 193
75 203
75 216
75 233
75 240
75 241
75 264
75 267
75 275
75 289
75 309
75 311
75 320
75 325
76 87
76 110
76 133
76 140
76 163
76 183
76 193
76 203
76 216
76 233
76 240
76 241
76 264
76 267
76 275
76 289
76 309
76 311
76 320
76 325
77 87
77 110
77 133
77 140
77 163
77 183
77 193
77 216
77 233
77 240
77 241
77 264
77 267
77 275
77 289
77 309
77 311
77 320
77 325
78 87
78 110
78 133
78 140
78 163
78 168
78 183
78 189
78 191
78 216
78 233
78 240
78 241
78 264
78 267
78 275
78 289
78 309
78 311
78 320
78 325
79 119
79 125
79 133
79 152
79 163
79 168
79 183
79 189
79 191
79 225
79 233
79 240
79 241
79 254
79 264
79 267
79 296
79 308
79 309
79 311
79 318
79 320
79 325
80 119
80 125
80 133
80 152
80 163
80 168
80 183
80 189
80 191
80 225
80 240
80 241
80 254
80 264
80 267
80 296
80 308
80 309
80 311
80 320
80 325
81 119
81 125
81 133
81 152
81 163
81 168
81 183
81 189
81 191
81 225
81 240
81 241
81 254
81 264
81 267
81 296
81 309
81 311
81 320
81 325
82 119
82 125
82 152
82 163
82 168
82 183
82 189
82 191
82 225
82 240
82 241
82 254
82 264
82 267
82 296
82 309
82 311
82 320
82 323
82 325
83 86
83 113
83 125
83 152
83 163
83 168
83 183
83 189
83 191
83 225
83 240
83 241
83 254
83 264
83 267
83 296
83 309
83 311
83 320
83 323
83 325
84 86
84 113
84 127
84 150
84 152
84 163
84 176
84 182
84 189
84 191
84 240
84 253
84 254
84 264
84 267
84 309
84 311
84 320
84 323
84 325
85 86
85 113
85 127
85 150
85 152
85 163
85 176
85 182
85 185
85 189
85 191
85 192
85 240
85 253
85 254
85 264
85 267
85 309
85 311
85 320
85 323
85 325
86 86
86 113
86 127
86 150
86 152
86 163
86 176
86 182
86 185
86 189
86 191
86 192
86 239
86 240
86 253
86 254
86 264
86 267
86 309
86 311
86 320
86 323
86 325
87 113
87 127
87 150
87 152
87 163
87 176
87 182
87 185
87 189
87 191
87 192
87 239
87 240
87 253
87 254
87 264
87 267
87 309
87 311
87 320
87 323
87 325
88 99
88 113
88 127
88 150
88 152
88 163
88 176
88 182
88 185
88 189
88 191
88 192
88 202
88 213
88 239
88 240
88 253
88 254
88 264
88 267
88 309
88 311
88 320
88 323
89 113
89 127
89 152
89 157
89 163
89 176
89 182
89 185
89 189
89 191
89 202
89 213
89 239
89 240
89 253
89 254
89 264
89 266
89 267
89 309
89 311
89 320
89 323
90 127
90 130
90 152
90 157
90 163
90 176
90 182
90 185
90 189
90 191
90 202
90 213
90 239
90 240
90 253
90 254
90 264
90 266
90 267
90 309
90 311
90 320
90 323
91 127
91 130
91 141
91 152
91 157
91 163
91 176
91 182
91 185
91 189
91 191
91 202
91 213
91 239
91 240
91 253
91 254
91 264
91 266
91 267
91 309
91 311
91 320
91 323
92 116
92 127
92 130
92 141
92 152
92 157
92 163
92 176
92 182
92 189
92 191
92 202
92 213
92 239
92 240
92 253
92 254
92 264
92 266
92 267
92 309
92 311
92 320
92 323
93 116
93 127
93 130
93 134
93 141
93 152
93 157
93 163
93 176
93 182
93 189
93 191
93 202
93 213
93 221
93 239
93 240
93 253
93 254
93 264
93 266
93 267
93 271
93 309
93 311
93 320
93 323
94 106
94 116
94 127
94 130
94 134
94 141
94 152
94 157
94 163
94 176
94 182
94 189
94 191
94 202
94 213
94 221
94 239
94 240
94 253
94 254
94 264
94 266
94 267
94 271
94 309
94 311
94 320
94 323
95 106
95 116
95 127
95 130
95 134
95 141
95 152
95 154
95 157
95 163
95 176
95 182
95 189
95 191
95 202
95 213
95 221
95 239
95 240
95 253
95 254
95 264
95 266
95 267
95 271
95 309
95 311
95 320
95 323
96 106
96 116
96 127
96 130
96 134
96 141
96 152
96 154
96 157
96 163
96 176
96 182
96 189
96 191
96 202
96 213
96 221
96 239
96 240
96 253
96 254
96 264
96 266
96 267
96 271
96 309
96 311
96 320
96 323
97 106
97 116
97 127
97 130
97 134
97 141
97 152
97 154
97 157
97 163
97 176
97 182
97 189
97 191
97 202
97 213
97 221
97 239
97 240
97 253
97 254
97 264
97 266
97 267
97 271
97 309
97 311
97 320
97 323
98 106
98 116
98 127
98 130
98 134
98 141
98 152
98 154
98 157
98 163
98 176
98 189
98 191
98 202
98 213
98 221
98 239
98 240
98 253
98 254
98 264
98 266
98 267
98 271
98 309
98 311
98 320
99 106
99 116
99 127
99 130
99 134
99 141
99 152
99 154
99 157
99 163
99 176
99 189
99 191
99 202
99 213
99 221
99 239
99 240
99 253
99 254
99 264
99 266
99 267
99 271
99 280
99 309
99 311
99 320
100 106
100 127
100 134
100 141
100 152
100 154
100 163
100 176
100 189
100 191
100 202
100 213
100 221
100 239
100 240
100 253
100 254
100 264
100 266
100 267
100 271
100 280
100 311
100 320
101 106
101 127
101 134
101 141
101 152
101 154
101 163
101 176
101 189
101 191
101 202
101 213
101 221
101 239
101 240
101 253
101 254
101 264
101 266
101 267
101 271
101 280
101 311
101 320
102 106
102 127
102 134
102 141
102 152
102 154
102 163
102 176
102 191
102 202
102 213
102 239
102 240
102 253
102 254
102 264
102 266
102 267
102 271
102 280
102 311
102 320
102 333
103 106
103 127
103 134
103 141
103 152
103 154
103 160
103 163
103 176
103 191
103 202
103 213
103 239
103 240
103 253
103 254
103 264
103 266
103 267
103 271
103 280
103 311
103 320
103 333
104 106
104 127
104 134
104 141
104 152
104 154
104 160
104 163
104 176
104 191
104 202
104 213
104 239
104 240
104 253
104 254
104 264
104 266
104 267
104 271
104 280
104 311
104 320
104 333
105 106
105 134
105 141
105 152
105 163
105 167
105 176
105 191
105 202
105 204
105 213
105 239
105 240
105 253
105 254
105 264
105 266
105 271
105 280
105 320
106 106
106 134
106 141
106 152
106 163
106 167
106 176
106 191
106 197
106 202
106 204
106 213
106 239
106 240
106 253
106 254
106 264
106 266
106 271
106 280
106 320
107 106
107 134
107 141
107 152
107 163
107 167
107 176
107 191
107 197
107 202
107 204
107 213
107 239
107 240
107 253
107 254
107 264
107 266
107 271
107 280
107 319
107 320
108 106
108 134
108 141
108 152
108 163
108 167
108 176
108 191
108 202
108 204
108 213
108 239
108 240
108 253
108 254
108 264
108 266
108 271
108 280
108 319
108 320
109 106
109 134
109 141
109 152
109 163
109 167
109 176
109 191
109 202
109 204
109 213
109 239
109 240
109 253
109 254
109 264
109 266
109 271
109 280
109 319
109 320
110 106
110 134
110 141
110 146
110 152
110 163
110 167
110 176
110 191
110 202
110 204
110 213
110 239
110 240
110 253
110 254
110 264
110 266
110 280
110 319
110 320
111 106
111 134
111 136
111 141
111 145
111 146
111 152
111 163
111 167
111 176
111 191
111 202
111 204
111 213
111 237
111 239
111 240
111 253
111 254
111 264
111 266
111 280
111 319
111 320
112 106
112 134
112 136
112 141
112 146
112 152
112 163
112 167
112 191
112 204
112 213
112 237
112 239
112 240
112 253
112 254
112 264
112 266
112 280
112 319
112 320
113 106
113 117
113 134
113 136
113 141
113 146
113 152
113 163
113 167
113 191
113 204
113 213
113 237
113 239
113 240
113 253
113 254
113 264
113 266
113 280
113 319
113 320
114 106
114 117
114 134
114 136
114 141
114 146
114 152
114 163
114 191
114 204
114 237
114 239
114 240
114 253
114 254
114 264
114 266
114 280
114 319
114 320
115 117
115 136
115 141
115 146
115 163
115 191
115 204
115 237
115 239
115 253
115 254
115 264
115 266
115 280
115 319
115 320
116 117
116 141
116 146
116 163
116 204
116 226
116 237
116 239
116 254
116 264
116 266
116 280
116 315
116 319
116 320
117 117
117 141
117 146
117 204
117 226
117 237
117 239
117 254
117 264
117 266
117 280
117 315
117 319
117 320
118 117
118 141
118 146
118 204
118 226
118 237
118 239
118 254
118 264
118 266
118 280
118 315
118 319
118 320
119 141
119 143
119 146
119 149
119 153
119 159
119 188
119 204
119 224
119 229
119 237
119 239
119 254
119 264
119 266
119 273
119 280
119 315
119 319
119 320
120 141
120 143
120 146
120 149
120 153
120 159
120 188
120 204
120 224
120 229
120 237
120 239
120 254
120 264
120 266
120 273
120 280
120 315
120 319
120 320
121 128
121 141
121 143
121 146
121 149
121 153
121 159
121 188
121 204
121 224
121 229
121 237
121 239
121 254
121 264
121 266
121 273
121 280
121 315
121 319
121 320
122 128
122 141
122 143
122 146
122 149
122 153
122 159
122 188
122 204
122 224
122 229
122 237
122 239
122 254
122 264
122 266
122 273
122 280
122 315
122 319
122 320
123 128
123 141
123 143
123 149
123 153
123 159
123 188
123 204
123 208
123 224
123 229
123 237
123 239
123 254
123 264
123 266
123 273
123 280
123 315
123 319
123 320
124 128
124 141
124 143
124 149
124 153
124 159
124 170
124 188
124 204
124 208
124 222
124 224
124 229
124 237
124 239
124 254
124 264
124 266
124 273
124 280
124 315
124 319
124 320
125 128
125 141
125 143
125 149
125 153
125 159
125 170
125 188
125 204
125 208
125 222
125 224
125 229
125 237
125 239
125 254
125 264
125 266
125 273
125 280
125 315
125 319
125 320
126 128
126 141
126 143
126 147
126 149
126 153
126 159
126 170
126 188
126 204
126 208
126 222
126 224
126 229
126 237
126 239
126 254
126 264
126 266
126 273
126 280
126 306
126 315
126 320
127 128
127 141
127 143
127 147
127 149
127 153
127 159
127 170
127 188
127 204
127 208
127 222
127 224
127 229
127 237
127 239
127 254
127 264
127 266
127 273
127 280
127 306
127 315
127 320
128 128
128 141
128 143
128 147
128 149
128 153
128 159
128 170
128 188
128 204
128 208
128 222
128 224
128 229
128 237
128 239
128 254
128 264
128 266
128 273
128 280
128 306
128 315
128 320
129 128
129 141
129 143
129 147
129 149
129 153
129 159
129 170
129 188
129 204
129 208
129 222
129 229
129 237
129 239
129 254
129 264
129 266
129 273
129 280
129 295
129 306
129 315
129 320
130 141
130 143
130 147
130 149
130 153
130 159
130 161
130 188
130 204
130 208
130 222
130 229
130 237
130 239
130 254
130 264
130 266
130 273
130 280
130 295
130 306
130 315
130 320
131 141
131 143
131 147
131 149
131 153
131 159
131 161
131 188
131 204
131 208
131 222
131 229
131 237
131 239
131 254
131 264
131 266
131 273
131 280
131 295
131 306
131 315
131 320
132 141
132 143
132 147
132 149
132 153
132 159
132 161
132 188
132 204
132 208
132 222
132 229
132 237
132 239
132 254
132 264
132 266
132 273
132 280
132 295
132 306
132 315
133 141
133 143
133 147
133 149
133 153
133 159
133 161
133 188
133 204
133 208
133 222
133 229
133 237
133 239
133 254
133 264
133 266
133 273
133 280
133 295
133 306
133 315
134 141
134 143
134 147
134 149
134 153
134 159
134 161
134 188
134 204
134 208
134 222
134 229
134 237
134 239
134 254
134 264
134 266
134 273
134 280
134 306
134 315
135 141
135 143
135 147
135 149
135 153
135 159
135 161
135 188
135 204
135 208
135 222
135 229
135 237
135 239
135 254
135 264
135 266
135 273
135 280
135 306
135 315
136 141
136 143
136 147
136 149
136 153
136 159
136 161
136 188
136 204
136 208
136 222
136 229
136 237
136 239
136 254
136 264
136 266
136 273
136 280
136 306
136 315
137 141
137 143
137 147
137 149
137 153
137 159
137 161
137 188
137 204
137 208
137 222
137 229
137 237
137 239
137 254
137 264
137 266
137 273
137 280
137 306
137 315
138 141
138 143
138 147
138 149
138 153
138 159
138 161
138 188
138 204
138 208
138 222
138 229
138 237
138 239
138 254
138 264
138 266
138 273
138 280
138 306
138 307
138 315
139 141
139 143
139 147
139 149
139 153
139 159
139 161
139 188
139 204
139 208
139 222
139 229
139 237
139 239
139 254
139 264
139 266
139 273
139 280
139 306
139 307
139 315
140 141
140 143
140 147
140 149
140 153
140 159
140 161
140 188
140 196
140 204
140 208
140 222
140 229
140 237
140 239
140 254
140 264
140 266
140 273
140 280
140 306
140 307
140 315
141 141
141 143
141 147
141 149
141 159
141 161
141 188
141 204
141 222
141 229
141 237
141 239
141 254
141 262
141 264
141 266
141 273
141 280
141 306
141 307
141 315
142 141
142 143
142 147
142 149
142 159
142 161
142 188
142 204
142 222
142 229
142 237
142 239
142 254
142 262
142 264
142 266
142 273
142 280
142 306
142 307
142 315
143 141
143 147
143 161
143 188
143 204
143 222
143 229
143 237
143 239
143 262
143 264
143 266
143 273
143 280
143 306
143 307
143 315
144 141
144 161
144 188
144 204
144 222
144 229
144 237
144 239
144 262
144 264
144 266
144 273
144 280
144 294
144 306
144 307
144 315
145 141
145 161
145 188
145 204
145 222
145 229
145 237
145 239
145 262
145 264
145 266
145 273
145 294
145 306
145 307
145 315
146 161
146 188
146 204
146 222
146 229
146 237
146 239
146 262
146 264
146 266
146 273
146 294
146 306
146 307
146 315
147 161
147 188
147 204
147 222
147 237
147 239
147 262
147 264
147 266
147 273
147 294
147 306
147 307
147 315
148 161
148 188
148 204
148 222
148 237
148 239
148 264
148 266
148 273
148 294
148 306
148 307
148 315
149 161
149 188
149 204
149 222
149 237
149 239
149 261
149 264
149 273
149 294
149 306
149 307
149 315
150 161
150 188
150 204
150 222
150 237
150 239
150 261
150 264
150 273
150 294
150 306
150 307
150 315
151 161
151 180
151 190
151 204
151 222
151 237
151 239
151 246
151 249
151 251
151 261
151 264
151 273
151 294
151 306
151 307
151 315
152 161
152 180
152 184
152 190
152 204
152 222
152 237
152 239
152 246
152 249
152 251
152 261
152 264
152 273
152 294
152 306
152 307
152 315
153 161
153 180
153 184
153 190
153 204
153 209
153 222
153 237
153 239
153 246
153 251
153 261
153 273
153 294
153 306
153 307
153 315
154 161
154 172
154 180
154 198
154 199
154 204
154 209
154 222
154 237
154 239
154 246
154 261
154 273
154 293
154 294
154 303
154 306
154 307
154 315
155 161
155 172
155 198
155 199
155 204
155 207
155 209
155 222
155 237
155 239
155 246
155 261
155 273
155 293
155 294
155 303
155 306
155 307
155 315
156 161
156 172
156 198
156 199
156 204
156 207
156 209
156 222
156 239
156 246
156 261
156 273
156 293
156 303
156 306
156 307
156 315
157 161
157 172
157 179
157 198
157 199
157 204
157 207
157 209
157 222
157 239
157 246
157 261
157 273
157 293
157 303
157 306
157 307
157 315
158 161
158 172
158 179
158 198
158 199
158 204
158 207
158 209
158 222
158 239
158 246
158 261
158 273
158 293
158 303
158 306
158 307
158 315
159 161
159 172
159 179
159 198
159 199
159 207
159 209
159 222
159 239
159 246
159 261
159 273
159 293
159 302
159 306
159 307
159 315
160 161
160 172
160 198
160 199
160 207
160 209
160 222
160 239
160 246
160 261
160 273
160 293
160 302
160 306
160 307
160 315
161 161
161 172
161 198
161 199
161 207
161 209
161 222
161 239
161 246
161 261
161 273
161 293
161 302
161 306
161 307
161 315
162 161
162 172
162 198
162 199
162 207
162 209
162 222
162 239
162 246
162 261
162 273
162 293
162 302
162 306
162 307
162 315
163 161
163 172
163 198
163 199
163 207
163 209
163 222
163 246
163 261
163 273
163 293
163 302
163 307
163 315
164 161
164 172
164 198
164 199
164 207
164 209
164 222
164 246
164 261
164 273
164 293
164 302
164 307
164 315
165 161
165 172
165 198
165 199
165 207
165 209
165 222
165 246
165 261
165 273
165 293
165 302
165 307
165 315
166 161
166 172
166 198
166 199
166 207
166 209
166 222
166 246
166 261
166 273
166 293
166 302
166 307
166 315
167 161
167 198
167 199
167 207
167 209
167 222
167 246
167 261
167 273
167 293
167 302
167 307
167 315
168 161
168 198
168 199
168 207
168 209
168 222
168 231
168 261
168 273
168 293
168 302
168 307
168 315
169 161
169 198
169 199
169 207
169 209
169 231
169 261
169 273
169 293
169 302
169 307
169 315
170 161
170 198
170 199
170 207
170 209
170 228
170 231
170 260
170 261
170 273
170 293
170 302
170 307
170 315
170 334
170 346
171 161
171 198
171 199
171 207
171 209
171 228
171 231
171 260
171 261
171 273
171 293
171 302
171 307
171 315
171 334
171 346
172 198
172 199
172 207
172 209
172 228
172 231
172 273
172 293
172 302
172 307
172 315
172 334
172 346
173 198
173 199
173 207
173 209
173 228
173 231
173 273
173 293
173 302
173 307
173 315
173 334
173 346
174 199
174 207
174 209
174 228
174 231
174 273
174 302
174 307
174 315
174 334
174 346
175 199
175 207
175 209
175 228
175 231
175 273
175 302
175 307
175 315
175 334
175 346
176 199
176 207
176 209
176 228
176 231
176 273
176 302
176 307
176 315
176 334
176 346
177 199
177 207
177 209
177 228
177 231
177 273
177 302
177 304
177 307
177 315
177 334
177 346
178 199
178 207
178 209
178 228
178 231
178 273
178 302
178 304
178 307
178 315
178 334
178 346
179 199
179 207
179 209
179 228
179 231
179 273
179 302
179 304
179 307
179 315
179 334
179 346
180 199
180 207
180 209
180 228
180 231
180 273
180 302
180 304
180 307
180 315
180 334
180 346
181 199
181 207
181 209
181 228
181 231
181 273
181 302
181 304
181 307
181 315
181 334
181 346
182 199
182 207
182 209
182 215
182 228
182 273
182 278
182 302
182 304
182 307
182 315
182 330
182 334
182 346
183 199
183 207
183 209
183 215
183 228
183 263
183 273
183 278
183 302
183 304
183 307
183 315
183 330
183 334
183 346
184 207
184 209
184 215
184 228
184 263
184 273
184 278
184 302
184 304
184 307
184 315
184 330
184 334
184 346
185 207
185 209
185 215
185 228
185 263
185 273
185 278
185 302
185 304
185 307
185 315
185 330
185 334
185 346
186 194
186 207
186 209
186 215
186 228
186 232
186 263
186 273
186 278
186 297
186 302
186 304
186 307
186 315
186 330
186 331
186 334
186 346
187 194
187 207
187 209
187 215
187 228
187 232
187 263
187 273
187 278
187 297
187 302
187 304
187 307
187 315
187 330
187 331
187 334
187 346
188 194
188 207
188 209
188 215
188 228
188 232
188 250
188 263
188 273
188 278
188 288
188 297
188 302
188 304
188 307
188 315
188 330
188 331
188 334
188 346
189 194
189 207
189 209
189 215
189 228
189 232
189 250
189 263
189 273
189 278
189 288
189 297
189 302
189 304
189 307
189 314
189 315
189 322
189 330
189 331
189 334
189 346
190 194
190 207
190 209
190 215
190 228
190 232
190 250
190 263
190 273
190 278
190 288
190 291
190 297
190 302
190 304
190 307
190 314
190 315
190 322
190 330
190 331
190 334
190 346
191 194
191 207
191 209
191 215
191 228
191 232
191 250
191 263
191 273
191 278
191 287
191 288
191 291
191 297
191 302
191 304
191 307
191 314
191 322
191 330
191 331
191 334
191 346
192 194
192 207
192 209
192 215
192 228
192 232
192 250
192 263
192 273
192 278
192 287
192 288
192 291
192 297
192 302
192 304
192 307
192 322
192 330
192 331
192 334
192 346
193 206
193 207
193 209
193 215
193 220
193 228
193 232
193 236
193 250
193 273
193 278
193 287
193 288
193 291
193 297
193 302
193 304
193 307
193 312
193 322
193 330
193 331
193 334
194 206
194 207
194 209
194 215
194 220
194 228
194 232
194 236
194 250
194 273
194 278
194 287
194 288
194 291
194 297
194 302
194 304
194 307
194 312
194 322
194 330
194 331
194 334
195 206
195 207
195 209
195 215
195 220
195 232
195 236
195 250
195 273
195 278
195 287
195 288
195 291
195 297
195 302
195 304
195 307
195 312
195 322
195 330
195 331
195 334
196 220
196 236
196 278
196 287
196 288
196 291
196 297
196 302
196 304
196 307
196 312
196 313
196 322
196 330
196 331
196 334
197 220
197 278
197 287
197 288
197 291
197 297
197 302
197 304
197 307
197 312
197 313
197 322
197 330
197 331
197 334
198 220
198 278
198 281
198 288
198 291
198 297
198 302
198 304
198 307
198 312
198 313
198 321
198 322
198 330
198 331
198 334
199 244
199 252
199 278
199 281
199 288
199 291
199 297
199 302
199 304
199 312
199 313
199 321
199 330
199 331
199 334
199 344
200 244
200 252
200 278
200 281
200 288
200 291
200 297
200 302
200 304
200 312
200 313
200 321
200 330
200 331
200 334
200 344
201 244
201 252
201 278
201 281
201 288
201 291
201 297
201 302
201 304
201 312
201 313
201 321
201 330
201 331
201 334
201 344
202 244
202 252
202 278
202 281
202 288
202 291
202 297
202 302
202 304
202 312
202 313
202 321
202 330
202 331
202 334
202 344
203 244
203 252
203 278
203 281
203 288
203 291
203 297
203 302
203 304
203 312
203 313
203 330
203 331
203 334
203 344
204 244
204 252
204 281
204 288
204 291
204 297
204 302
204 304
204 312
204 313
204 330
204 331
204 334
204 344
205 244
205 252
205 281
205 288
205 291
205 297
205 302
205 304
205 312
205 313
205 330
205 331
205 334
205 344
206 244
206 252
206 277
206 281
206 288
206 291
206 297
206 302
206 304
206 312
206 313
206 330
206 331
206 334
206 344
207 244
207 252
207 277
207 281
207 288
207 291
207 297
207 302
207 304
207 312
207 313
207 330
207 331
207 334
207 344
208 244
208 252
208 277
208 281
208 285
208 288
208 291
208 297
208 302
208 304
208 312
208 313
208 330
208 331
208 334
208 344
209 244
209 252
209 277
209 281
209 285
209 288
209 291
209 297
209 302
209 304
209 312
209 313
209 330
209 331
209 334
209 344
210 218
210 219
210 243
210 244
210 259
210 270
210 281
210 285
210 288
210 297
210 304
210 313
210 330
210 331
210 334
210 344
211 218
211 219
211 243
211 244
211 259
211 270
211 281
211 285
211 288
211 297
211 304
211 313
211 330
211 331
211 334
211 344
212 218
212 219
212 243
212 244
212 259
212 270
212 281
212 285
212 288
212 297
212 304
212 313
212 330
212 331
212 334
212 344
213 218
213 219
213 243
213 259
213 270
213 281
213 285
213 288
213 297
213 304
213 313
213 330
213 331
213 334
213 344
214 218
214 219
214 227
214 243
214 259
214 270
214 281
214 288
214 297
214 304
214 313
214 330
214 331
214 334
214 343
214 344
215 218
215 219
215 227
215 243
215 259
215 270
215 281
215 288
215 297
215 304
215 313
215 330
215 331
215 334
215 343
215 344
216 218
216 219
216 227
216 243
216 257
216 259
216 270
216 281
216 288
216 297
216 304
216 313
216 330
216 331
216 334
216 343
216 344
217 219
217 227
217 243
217 257
217 259
217 270
217 281
217 297
217 304
217 313
217 330
217 331
217 334
217 343
217 344
218 227
218 243
218 270
218 281
218 297
218 313
218 330
218 332
218 334
218 343
218 344
219 227
219 270
219 281
219 297
219 330
219 332
219 334
219 343
219 344
220 227
220 270
220 281
220 297
220 330
220 332
220 334
220 343
220 344
221 227
221 270
221 281
221 297
221 330
221 332
221 343
221 344
222 227
222 270
222 281
222 297
222 330
222 332
222 343
222 344
223 227
223 270
223 281
223 297
223 330
223 332
223 343
223 344
224 227
224 270
224 281
224 297
224 330
224 332
224 343
224 344
225 227
225 270
225 281
225 297
225 330
225 332
225 343
225 344
226 270
226 274
226 281
226 297
226 330
226 343
226 344
226 345
227 270
227 274
227 281
227 297
227 330
227 343
227 344
227 345
228 270
228 281
228 297
228 330
228 343
228 344
228 345
229 270
229 281
229 297
229 301
229 343
229 345
230 270
230 281
230 297
230 301
230 343
230 345
231 270
231 281
231 297
231 301
231 343
231 345
232 270
232 281
232 297
232 301
232 343
232 345
233 270
233 281
233 297
233 301
233 343
233 345
234 270
234 281
234 297
234 301
234 343
235 270
235 281
235 297
235 301
235 343
236 270
236 281
236 297
236 301
236 343
237 270
237 281
237 297
237 301
237 343
238 258
238 270
238 281
238 297
238 301
238 343
239 258
239 270
239 281
239 297
239 301
239 343
240 258
240 270
240 281
240 297
240 301
240 337
240 343
241 258
241 270
241 281
241 297
241 301
241 337
241 343
242 258
242 269
242 270
242 272
242 279
242 281
242 297
242 301
242 337
242 343
243 258
243 269
243 270
243 272
243 279
243 281
243 297
243 301
243 337
243 343
244 269
244 270
244 272
244 279
244 281
244 297
244 337
244 343
245 269
245 270
245 272
245 279
245 281
245 297
245 337
245 343
246 269
246 270
246 272
246 279
246 281
246 297
246 337
246 343
247 269
247 270
247 272
247 279
247 281
247 297
247 337
247 343
248 269
248 270
248 272
248 279
248 281
248 297
248 337
248 343
249 269
249 270
249 272
249 279
249 281
249 297
249 343
250 269
250 270
250 272
250 279
250 281
250 297
250 343
251 269
251 270
251 272
251 279
251 281
251 297
251 343
252 269
252 270
252 272
252 279
252 281
252 297
252 343
253 269
253 270
253 272
253 279
253 297
253 343
254 269
254 270
254 272
254 279
254 297
254 300
254 343
255 269
255 270
255 272
255 279
255 297
255 300
255 343
256 269
256 270
256 272
256 279
256 297
256 300
256 327
256 343
257 269
257 270
257 272
257 279
257 297
257 300
257 327
257 343
258 269
258 270
258 272
258 279
258 297
258 300
258 327
258 343
259 269
259 270
259 272
259 279
259 297
259 300
259 327
259 343
260 270
260 272
260 279
260 297
260 327
260 328
260 343
261 270
261 272
261 279
261 327
261 328
261 343
262 270
262 272
262 279
262 327
262 328
262 343
263 270
263 272
263 279
263 327
263 328
263 343
264 270
264 272
264 279
264 327
264 328
264 343
265 270
265 272
265 279
265 327
265 328
265 343
266 270
266 272
266 279
266 327
266 328
266 343
267 270
267 272
267 279
267 327
267 328
267 343
268 270
268 272
268 279
268 327
268 328
268 343
269 270
269 272
269 279
269 327
269 328
269 343
270 270
270 272
270 279
270 327
270 328
270 343
271 270
271 272
271 279
271 327
271 328
271 343
272 270
272 272
272 279
272 282
272 310
272 327
272 328
272 343
273 270
273 272
273 279
273 282
273 310
273 327
273 328
273 343
274 270
274 279
274 282
274 310
274 327
274 328
274 343
275 270
275 282
275 310
275 327
275 328
275 343
276 270
276 282
276 310
276 327
276 328
276 343
277 270
277 282
277 286
277 310
277 327
277 328
277 338
277 343
278 270
278 282
278 286
278 310
278 327
278 328
278 338
278 340
278 343
279 270
279 282
279 286
279 310
279 327
279 338
279 340
279 343
280 270
280 282
280 286
280 310
280 327
280 338
280 340
280 343
281 270
281 282
281 286
281 310
281 327
281 338
281 340
281 343
282 270
282 282
282 286
282 310
282 327
282 338
282 340
282 341
282 343
283 270
283 282
283 286
283 327
283 338
283 340
283 341
283 343
284 270
284 282
284 286
284 327
284 338
284 340
284 341
284 343
285 270
285 282
285 286
285 299
285 327
285 338
285 340
285 341
285 343
286 270
286 282
286 286
286 299
286 327
286 338
286 340
286 341
286 343
287 270
287 282
287 286
287 299
287 327
287 338
287 340
287 341
287 343
288 270
288 282
288 286
288 299
288 327
288 338
288 340
288 341
288 343
289 270
289 282
289 286
289 299
289 327
289 338
289 340
289 341
289 343
290 270
290 282
290 299
290 327
290 338
290 340
290 341
290 343
291 270
291 282
291 299
291 327
291 338
291 340
291 341
291 343
292 270
292 282
292 299
292 327
292 338
292 340
292 341
292 343
293 270
293 282
293 299
293 327
293 338
293 340
293 341
293 343
294 270
294 282
294 299
294 327
294 338
294 340
294 341
294 343
295 270
295 299
295 326
295 327
295 338
295 340
295 341
295 343
296 270
296 299
296 326
296 327
296 338
296 340
296 341
296 343
297 270
297 299
297 326
297 327
297 338
297 340
297 341
297 343
298 270
298 299
298 326
298 327
298 338
298 340
298 341
298 343
299 270
299 299
299 326
299 327
299 338
299 340
299 341
299 343
300 270
300 299
300 326
300 327
300 338
300 340
300 341
300 343
301 270
301 299
301 326
301 327
301 338
301 340
301 341
301 343
302 270
302 299
302 326
302 327
302 338
302 340
302 341
302 343
303 270
303 299
303 326
303 327
303 338
303 340
303 341
303 343
304 270
304 299
304 326
304 327
304 338
304 340
304 341
304 343
305 270
305 299
305 326
305 327
305 338
305 340
305 341
305 343
306 270
306 299
306 326
306 327
306 338
306 340
306 341
306 343
307 270
307 299
307 317
307 326
307 327
307 338
307 340
307 341
308 270
308 299
308 317
308 326
308 327
308 338
308 340
308 341
309 270
309 299
309 317
309 326
309 329
309 338
309 339
309 340
309 341
310 270
310 299
310 317
310 326
310 329
310 338
310 339
310 340
310 341
311 299
311 317
311 326
311 329
311 338
311 339
311 340
311 341
312 299
312 317
312 326
312 329
312 338
312 339
312 340
312 341
313 299
313 317
313 326
313 329
313 341
314 299
314 317
314 326
314 329
314 341
315 317
315 326
315 329
315 341
316 317
316 326
316 329
316 341
317 326
317 329
317 341
318 326
318 329
318 341
319 326
319 329
319 341
320 326
320 329
320 341
321 326
321 329
321 341
322 326
322 329
322 341
323 326
323 329
323 341
324 326
324 329
324 341
325 326
325 329
325 341
326 329
326 341
327 329
327 341
328 329
328 341
329 329
329 341
330 329
330 341
331 329
331 341
332 329
332 341
333 329
333 348
334 329
334 348
335 348
336 348
337 348
338 348
339 348
340 348
341 348
