0 21
1 21
2 18
3 18
4 12
4 16
4 53
4 64
4 155
4 300
5 12
5 16
5 53
5 64
5 155
5 300
6 8
6 9
6 19
6 23
6 30
6 35
6 37
6 38
6 40
6 43
6 48
6 49
6 53
6 56
6 63
6 64
6 65
6 67
6 81
6 155
6 192
6 244
6 300
7 8
7 10
7 11
7 15
7 23
7 24
7 30
7 35
7 40
7 47
7 63
7 64
7 65
7 81
7 88
7 148
7 155
7 192
7 244
7 300
7 332
8 22
8 24
8 35
8 40
8 46
8 63
8 64
8 81
8 88
8 116
8 148
8 151
8 155
8 192
8 244
8 300
8 332
9 22
9 24
9 35
9 40
9 46
9 63
9 64
9 81
9 88
9 116
9 148
9 151
9 155
9 192
9 244
9 300
9 332
10 17
10 24
10 26
10 42
10 46
10 63
10 81
10 88
10 96
10 116
10 130
10 148
10 151
10 155
10 192
10 244
10 269
10 300
10 332
11 17
11 24
11 26
11 42
11 46
11 63
11 81
11 88
11 96
11 116
11 130
11 148
11 151
11 154
11 155
11 164
11 192
11 244
11 269
11 300
11 332
12 17
12 24
12 26
12 42
12 81
12 88
12 96
12 102
12 130
12 148
12 151
12 154
12 155
12 164
12 172
12 185
12 192
12 220
12 244
12 269
12 300
12 331
13 26
13 42
13 70
13 74
13 81
13 88
13 96
13 102
13 107
13 143
13 151
13 154
13 155
13 164
13 170
13 172
13 189
13 192
13 220
13 244
13 269
13 277
13 300
13 331
14 26
14 42
14 70
14 74
14 81
14 88
14 96
14 102
14 107
14 143
14 151
14 154
14 155
14 164
14 170
14 172
14 189
14 192
14 220
14 244
14 269
14 277
14 300
14 331
15 26
15 42
15 70
15 71
15 73
15 74
15 81
15 88
15 96
15 102
15 107
15 143
15 151
15 154
15 155
15 164
15 170
15 172
15 189
15 192
15 220
15 244
15 269
15 277
15 300
15 331
16 71
16 73
16 74
16 77
16 81
16 86
16 88
16 96
16 102
16 135
16 143
16 151
16 154
16 155
16 164
16 170
16 172
16 189
16 192
16 236
16 244
16 249
16 277
16 279
16 300
16 331
17 71
17 73
17 74
17 77
17 81
17 86
17 88
17 96
17 102
17 135
17 143
17 151
17 154
17 155
17 164
17 170
17 172
17 189
17 192
17 236
17 244
17 249
17 277
17 279
17 300
17 331
18 71
18 73
18 74
18 77
18 86
18 88
18 96
18 102
18 135
18 143
18 151
18 154
18 155
18 170
18 172
18 189
18 192
18 207
18 229
18 236
18 244
18 249
18 277
18 279
18 299
18 300
18 331
19 71
19 73
19 74
19 77
19 86
19 88
19 102
19 104
19 119
19 135
19 143
19 151
19 154
19 155
19 170
19 172
19 189
19 192
19 207
19 229
19 236
19 244
19 249
19 277
19 279
19 299
19 300
19 317
19 331
20 71
20 73
20 74
20 77
20 86
20 88
20 102
20 104
20 119
20 135
20 143
20 151
20 154
20 155
20 170
20 172
20 189
20 192
20 207
20 229
20 236
20 244
20 249
20 277
20 279
20 300
20 317
20 331
21 28
21 73
21 74
21 77
21 86
21 88
21 102
21 104
21 119
21 135
21 143
21 151
21 154
21 155
21 170
21 172
21 189
21 192
21 207
21 229
21 236
21 244
21 249
21 279
21 300
21 317
21 331
22 28
22 73
22 74
22 77
22 86
22 88
22 102
22 104
22 119
22 135
22 143
22 151
22 154
22 155
22 170
22 172
22 189
22 192
22 207
22 229
22 236
22 244
22 249
22 279
22 300
22 317
22 331
23 73
23 86
23 88
23 102
23 104
23 114
23 119
23 126
23 143
23 151
23 154
23 155
23 170
23 172
23 189
23 192
23 207
23 229
23 236
23 244
23 249
23 279
23 300
23 312
23 317
23 331
24 73
24 86
24 88
24 102
24 104
24 114
24 119
24 126
24 143
24 151
24 154
24 155
24 170
24 172
24 189
24 192
24 207
24 229
24 236
24 244
24 249
24 279
24 300
24 312
24 317
24 331
25 62
25 86
25 88
25 102
25 104
25 114
25 119
25 126
25 143
25 150
25 151
25 154
25 155
25 172
25 189
25 192
25 207
25 229
25 236
25 244
25 249
25 279
25 300
25 310
25 312
25 317
25 331
26 29
26 51
26 102
26 104
26 114
26 119
26 126
26 143
26 150
26 151
26 154
26 155
26 172
26 176
26 189
26 192
26 207
26 229
26 244
26 279
26 300
26 310
26 312
26 317
26 331
27 39
27 51
27 102
27 114
27 119
27 126
27 150
27 151
27 154
27 155
27 172
27 176
27 189
27 192
27 207
27 229
27 244
27 254
27 279
27 295
27 300
27 310
27 312
27 317
27 331
28 39
28 51
28 79
28 102
28 114
28 119
28 126
28 150
28 151
28 154
28 155
28 172
28 176
28 189
28 192
28 207
28 229
28 244
28 254
28 279
28 295
28 300
28 310
28 312
28 317
28 331
29 39
29 79
29 101
29 110
29 126
29 150
29 151
29 154
29 172
29 176
29 189
29 192
29 207
29 209
29 225
29 229
29 244
29 254
29 279
29 289
29 295
29 300
29 305
29 310
29 312
29 317
29 331
30 39
30 101
30 109
30 110
30 126
30 150
30 151
30 154
30 172
30 173
30 176
30 189
30 192
30 207
30 225
30 229
30 244
30 254
30 279
30 289
30 295
30 300
30 305
30 310
30 312
30 317
30 331
31 39
31 101
31 109
31 110
31 126
31 150
31 151
31 154
31 172
31 173
31 176
31 189
31 192
31 207
31 225
31 229
31 244
31 254
31 279
31 289
31 295
31 300
31 305
31 310
31 312
31 317
31 331
32 39
32 101
32 109
32 110
32 126
32 150
32 151
32 154
32 168
32 172
32 173
32 176
32 189
32 192
32 207
32 225
32 229
32 244
32 254
32 279
32 289
32 295
32 300
32 310
32 312
32 317
32 331
33 39
33 59
33 60
33 92
33 97
33 101
33 110
33 126
33 150
33 151
33 154
33 168
33 173
33 192
33 207
33 225
33 229
33 244
33 254
33 264
33 278
33 279
33 289
33 295
33 300
33 310
33 312
33 317
33 331
34 39
34 57
34 59
34 60
34 92
34 97
34 101
34 110
34 126
34 150
34 151
34 154
34 173
34 192
34 199
34 207
34 225
34 229
34 244
34 254
34 264
34 278
34 279
34 289
34 295
34 300
34 310
34 312
34 317
34 331
35 39
35 57
35 59
35 92
35 97
35 101
35 110
35 126
35 150
35 151
35 173
35 179
35 192
35 199
35 207
35 225
35 229
35 244
35 254
35 264
35 278
35 279
35 289
35 295
35 300
35 310
35 312
35 317
35 331
36 39
36 57
36 59
36 92
36 97
36 101
36 110
36 126
36 150
36 151
36 173
36 179
36 192
36 199
36 207
36 225
36 229
36 244
36 254
36 264
36 278
36 279
36 289
36 295
36 300
36 310
36 312
36 317
36 331
37 52
37 55
37 85
37 97
37 101
37 110
37 131
37 150
37 151
37 173
37 179
37 192
37 196
37 199
37 207
37 225
37 229
37 244
37 264
37 279
37 287
37 289
37 295
37 300
37 310
37 312
37 317
37 329
37 331
38 52
38 55
38 61
38 97
38 101
38 110
38 120
38 131
38 151
38 173
38 179
38 180
38 192
38 207
38 225
38 229
38 244
38 256
38 264
38 279
38 287
38 289
38 295
38 300
38 310
38 312
38 317
38 329
38 331
39 52
39 55
39 61
39 97
39 101
39 110
39 120
39 131
39 132
39 151
39 173
39 179
39 180
39 192
39 207
39 225
39 229
39 244
39 256
39 264
39 279
39 287
39 289
39 295
39 300
39 310
39 312
39 317
39 329
40 52
40 55
40 61
40 97
40 101
40 110
40 120
40 131
40 132
40 151
40 173
40 179
40 180
40 192
40 207
40 225
40 229
40 244
40 256
40 264
40 279
40 287
40 289
40 295
40 300
40 310
40 312
40 317
40 329
41 52
41 55
41 61
41 83
41 97
41 101
41 110
41 122
41 131
41 132
41 151
41 156
41 173
41 179
41 180
41 192
41 207
41 225
41 229
41 256
41 264
41 279
41 287
41 289
41 295
41 300
41 310
41 317
41 329
42 50
42 55
42 61
42 69
42 83
42 97
42 101
42 110
42 122
42 131
42 132
42 151
42 156
42 173
42 179
42 180
42 192
42 207
42 225
42 229
42 256
42 264
42 279
42 287
42 289
42 295
42 300
42 310
42 317
42 322
43 50
43 69
43 83
43 97
43 101
43 110
43 122
43 131
43 132
43 151
43 156
43 173
43 179
43 180
43 192
43 207
43 225
43 229
43 240
43 256
43 264
43 279
43 287
43 289
43 295
43 300
43 310
43 317
43 322
44 50
44 69
44 83
44 97
44 101
44 110
44 122
44 131
44 132
44 151
44 156
44 173
44 179
44 180
44 192
44 207
44 225
44 229
44 240
44 256
44 264
44 279
44 287
44 289
44 295
44 300
44 310
44 317
44 322
45 50
45 69
45 83
45 97
45 101
45 110
45 122
45 131
45 132
45 151
45 156
45 173
45 179
45 180
45 192
45 207
45 225
45 229
45 240
45 256
45 264
45 279
45 287
45 289
45 295
45 300
45 310
45 317
45 322
46 50
46 68
46 69
46 83
46 97
46 101
46 110
46 122
46 132
46 159
46 173
46 179
46 180
46 192
46 207
46 225
46 229
46 240
46 256
46 264
46 279
46 287
46 289
46 295
46 300
46 303
46 310
46 317
46 322
47 68
47 69
47 83
47 97
47 101
47 110
47 122
47 159
47 173
47 180
47 192
47 207
47 225
47 229
47 240
47 246
47 256
47 264
47 279
47 289
47 295
47 300
47 303
47 310
47 322
48 68
48 69
48 83
48 97
48 101
48 110
48 122
48 159
48 173
48 180
48 192
48 207
48 225
48 229
48 240
48 246
48 256
48 264
48 279
48 289
48 295
48 300
48 303
48 310
48 322
49 68
49 83
49 97
49 101
49 110
49 122
49 159
49 173
49 180
49 192
49 207
49 225
49 229
49 240
49 246
49 256
49 264
49 279
49 289
49 295
49 300
49 303
49 310
49 322
50 68
50 83
50 93
50 101
50 110
50 122
50 127
50 145
50 159
50 173
50 180
50 192
50 207
50 225
50 229
50 240
50 246
50 256
50 264
50 279
50 289
50 295
50 300
50 303
50 310
50 322
51 68
51 83
51 90
51 93
51 101
51 110
51 122
51 127
51 145
51 159
51 180
51 192
51 207
51 225
51 229
51 240
51 246
51 256
51 264
51 279
51 289
51 295
51 300
51 303
51 310
51 322
52 58
52 68
52 83
52 90
52 93
52 101
52 110
52 122
52 127
52 139
52 145
52 159
52 180
52 192
52 207
52 225
52 229
52 240
52 246
52 256
52 264
52 279
52 289
52 295
52 300
52 303
52 310
52 322
53 58
53 68
53 83
53 90
53 93
53 101
53 110
53 122
53 127
53 139
53 145
53 159
53 180
53 192
53 207
53 225
53 229
53 240
53 246
53 256
53 264
53 279
53 289
53 295
53 300
53 303
53 310
53 322
54 58
54 68
54 83
54 90
54 93
54 101
54 110
54 122
54 127
54 139
54 145
54 159
54 180
54 192
54 207
54 225
54 229
54 240
54 246
54 256
54 264
54 279
54 289
54 295
54 300
54 303
54 310
54 322
55 58
55 68
55 83
55 90
55 93
55 101
55 122
55 127
55 139
55 145
55 159
55 180
55 192
55 207
55 225
55 229
55 240
55 246
55 256
55 264
55 279
55 289
55 295
55 300
55 303
55 310
55 322
55 337
56 58
56 68
56 83
56 93
56 94
56 101
56 122
56 127
56 139
56 145
56 159
56 180
56 192
56 207
56 221
56 225
56 229
56 240
56 246
56 256
56 264
56 289
56 295
56 300
56 303
56 310
56 322
56 337
57 58
57 68
57 83
57 93
57 94
57 101
57 122
57 127
57 139
57 145
57 159
57 166
57 180
57 192
57 207
57 221
57 225
57 229
57 246
57 256
57 264
57 289
57 295
57 300
57 303
57 310
57 322
57 337
58 58
58 68
58 83
58 93
58 94
58 101
58 122
58 127
58 139
58 145
58 159
58 166
58 180
58 192
58 207
58 221
58 225
58 229
58 246
58 256
58 264
58 288
58 289
58 295
58 300
58 303
58 310
58 322
58 337
59 58
59 78
59 83
59 93
59 94
59 101
59 122
59 127
59 139
59 140
59 145
59 159
59 166
59 178
59 180
59 192
59 205
59 207
59 221
59 225
59 229
59 246
59 256
59 264
59 288
59 289
59 295
59 300
59 303
59 310
59 322
59 337
60 58
60 78
60 83
60 93
60 94
60 101
60 122
60 127
60 139
60 140
60 145
60 159
60 166
60 178
60 180
60 192
60 205
60 207
60 221
60 225
60 229
60 246
60 256
60 264
60 288
60 289
60 295
60 300
60 303
60 310
60 322
60 337
61 58
61 76
61 78
61 83
61 93
61 94
61 101
61 122
61 127
61 139
61 140
61 145
61 159
61 166
61 178
61 192
61 205
61 207
61 221
61 225
61 229
61 246
61 256
61 264
61 288
61 289
61 295
61 300
61 303
61 322
61 337
62 66
62 78
62 93
62 94
62 100
62 127
62 128
62 137
62 140
62 141
62 145
62 147
62 159
62 166
62 178
62 184
62 192
62 205
62 207
62 221
62 225
62 229
62 246
62 264
62 288
62 289
62 295
62 300
62 303
62 322
62 342
63 66
63 80
63 93
63 94
63 100
63 127
63 128
63 129
63 137
63 140
63 141
63 145
63 153
63 159
63 166
63 184
63 192
63 195
63 205
63 207
63 221
63 225
63 229
63 246
63 261
63 264
63 288
63 289
63 295
63 303
63 314
63 322
63 342
64 66
64 80
64 93
64 94
64 100
64 127
64 128
64 129
64 137
64 140
64 141
64 145
64 153
64 159
64 166
64 184
64 192
64 195
64 205
64 207
64 221
64 225
64 229
64 246
64 261
64 264
64 288
64 289
64 295
64 303
64 314
64 322
64 342
65 66
65 93
65 100
65 127
65 128
65 129
65 137
65 140
65 141
65 145
65 153
65 159
65 166
65 184
65 192
65 195
65 205
65 207
65 221
65 225
65 229
65 246
65 247
65 261
65 264
65 288
65 289
65 295
65 314
65 322
65 342
66 93
66 100
66 125
66 127
66 129
66 137
66 140
66 145
66 153
66 159
66 166
66 184
66 192
66 195
66 205
66 207
66 221
66 222
66 225
66 229
66 246
66 247
66 253
66 261
66 264
66 288
66 289
66 295
66 314
66 322
66 326
66 342
67 87
67 93
67 100
67 125
67 127
67 129
67 137
67 140
67 145
67 146
67 153
67 159
67 166
67 184
67 192
67 195
67 205
67 207
67 221
67 222
67 225
67 229
67 247
67 253
67 261
67 264
67 288
67 289
67 314
67 322
67 326
67 342
68 82
68 87
68 93
68 100
68 121
68 124
68 125
68 127
68 129
68 137
68 140
68 145
68 146
68 153
68 159
68 166
68 184
68 192
68 195
68 205
68 221
68 222
68 225
68 229
68 247
68 253
68 261
68 264
68 289
68 314
68 322
68 326
68 342
69 82
69 87
69 93
69 100
69 121
69 124
69 125
69 127
69 129
69 137
69 140
69 145
69 146
69 153
69 159
69 166
69 184
69 192
69 195
69 205
69 221
69 222
69 225
69 229
69 239
69 247
69 253
69 261
69 264
69 276
69 289
69 314
69 322
69 326
69 342
70 82
70 87
70 93
70 100
70 121
70 124
70 125
70 127
70 129
70 137
70 140
70 145
70 146
70 153
70 159
70 166
70 184
70 192
70 195
70 205
70 221
70 222
70 225
70 229
70 239
70 247
70 253
70 261
70 264
70 276
70 289
70 314
70 322
70 326
70 342
71 75
71 82
71 87
71 93
71 100
71 117
71 121
71 124
71 125
71 127
71 129
71 137
71 140
71 142
71 145
71 146
71 153
71 159
71 166
71 167
71 184
71 187
71 192
71 193
71 195
71 205
71 221
71 222
71 225
71 229
71 239
71 247
71 253
71 261
71 264
71 276
71 289
71 314
71 319
71 326
71 342
72 75
72 82
72 87
72 93
72 100
72 117
72 121
72 124
72 125
72 127
72 129
72 137
72 140
72 142
72 145
72 146
72 153
72 159
72 166
72 167
72 184
72 187
72 192
72 193
72 195
72 205
72 221
72 222
72 225
72 229
72 239
72 247
72 253
72 261
72 264
72 276
72 289
72 314
72 319
72 326
72 342
73 75
73 82
73 87
73 93
73 100
73 117
73 121
73 124
73 125
73 127
73 129
73 137
73 140
73 142
73 145
73 146
73 153
73 159
73 166
73 167
73 184
73 187
73 192
73 193
73 195
73 205
73 221
73 222
73 225
73 229
73 239
73 247
73 253
73 261
73 264
73 276
73 289
73 314
73 319
73 326
73 342
74 75
74 82
74 87
74 93
74 100
74 117
74 121
74 127
74 129
74 137
74 140
74 142
74 145
74 146
74 153
74 166
74 167
74 184
74 187
74 192
74 193
74 195
74 200
74 205
74 221
74 222
74 225
74 239
74 247
74 253
74 261
74 264
74 276
74 289
74 314
74 319
74 326
74 342
75 75
75 82
75 93
75 100
75 117
75 121
75 127
75 129
75 137
75 140
75 142
75 145
75 146
75 153
75 166
75 167
75 184
75 192
75 193
75 195
75 200
75 205
75 221
75 222
75 225
75 239
75 247
75 253
75 261
75 276
75 289
75 314
75 319
75 326
75 339
75 342
76 82
76 93
76 95
76 100
76 113
76 115
76 117
76 121
76 127
76 129
76 136
76 137
76 140
76 145
76 146
76 152
76 153
76 166
76 167
76 174
76 184
76 192
76 195
76 200
76 205
76 221
76 222
76 233
76 239
76 241
76 247
76 252
76 253
76 261
76 276
76 289
76 314
76 319
76 326
76 339
76 342
77 82
77 93
77 95
77 100
77 113
77 115
77 117
77 121
77 127
77 129
77 136
77 137
77 140
77 145
77 146
77 152
77 153
77 166
77 167
77 174
77 184
77 192
77 195
77 200
77 205
77 212
77 221
77 222
77 233
77 239
77 241
77 247
77 252
77 253
77 261
77 276
77 289
77 314
77 319
77 326
77 339
77 342
78 82
78 93
78 95
78 100
78 113
78 115
78 117
78 121
78 127
78 129
78 136
78 137
78 140
78 145
78 146
78 152
78 153
78 166
78 167
78 174
78 184
78 192
78 195
78 200
78 205
78 212
78 221
78 222
78 224
78 233
78 239
78 241
78 247
78 252
78 253
78 261
78 276
78 289
78 314
78 319
78 326
78 339
78 342
79 82
79 93
79 99
79 100
79 108
79 113
79 115
79 117
79 121
79 127
79 129
79 136
79 137
79 140
79 145
79 146
79 152
79 153
79 166
79 167
79 174
79 184
79 192
79 195
79 200
79 205
79 212
79 221
79 222
79 224
79 233
79 239
79 241
79 247
79 252
79 253
79 261
79 276
79 289
79 314
79 319
79 326
79 339
79 342
80 82
80 93
80 99
80 100
80 108
80 113
80 115
80 117
80 121
80 127
80 129
80 136
80 137
80 140
80 145
80 146
80 152
80 153
80 166
80 167
80 174
80 184
80 192
80 195
80 200
80 205
80 212
80 221
80 222
80 224
80 233
80 239
80 241
80 247
80 252
80 253
80 261
80 276
80 289
80 314
80 319
80 326
80 339
80 342
81 82
81 93
81 99
81 100
81 108
81 113
81 115
81 117
81 121
81 127
81 129
81 136
81 137
81 140
81 145
81 146
81 152
81 153
81 166
81 167
81 174
81 184
81 192
81 195
81 200
81 205
81 212
81 221
81 222
81 224
81 233
81 239
81 241
81 247
81 252
81 253
81 261
81 276
81 289
81 314
81 319
81 326
81 339
81 342
82 82
82 93
82 99
82 100
82 113
82 115
82 117
82 121
82 127
82 129
82 136
82 137
82 140
82 145
82 146
82 152
82 153
82 166
82 167
82 174
82 184
82 192
82 195
82 197
82 200
82 212
82 221
82 222
82 224
82 233
82 241
82 247
82 252
82 253
82 261
82 276
82 304
82 314
82 319
82 326
82 339
82 342
83 82
83 93
83 99
83 100
83 113
83 115
83 117
83 121
83 127
83 129
83 136
83 137
83 140
83 145
83 146
83 152
83 153
83 166
83 167
83 174
83 184
83 192
83 195
83 197
83 200
83 212
83 221
83 222
83 224
83 233
83 241
83 247
83 252
83 253
83 261
83 276
83 304
83 314
83 319
83 326
83 339
83 342
84 82
84 93
84 99
84 100
84 113
84 115
84 117
84 121
84 127
84 129
84 140
84 145
84 146
84 152
84 153
84 166
84 167
84 174
84 184
84 195
84 197
84 200
84 212
84 217
84 221
84 222
84 224
84 233
84 241
84 247
84 252
84 253
84 261
84 276
84 304
84 314
84 315
84 319
84 326
84 339
84 342
85 93
85 100
85 111
85 113
85 117
85 121
85 127
85 138
85 140
85 146
85 153
85 167
85 174
85 184
85 200
85 212
85 217
85 221
85 222
85 224
85 233
85 241
85 247
85 252
85 253
85 261
85 276
85 304
85 314
85 315
85 319
85 326
85 339
85 342
86 93
86 100
86 111
86 113
86 117
86 121
86 127
86 138
86 140
86 146
86 153
86 167
86 174
86 184
86 200
86 212
86 217
86 221
86 222
86 224
86 233
86 241
86 247
86 252
86 253
86 261
86 276
86 314
86 315
86 319
86 326
86 339
86 342
87 93
87 100
87 111
87 113
87 117
87 121
87 127
87 138
87 140
87 146
87 149
87 165
87 171
87 174
87 181
87 184
87 200
87 212
87 217
87 221
87 222
87 224
87 241
87 247
87 261
87 263
87 276
87 314
87 315
87 318
87 319
87 326
87 327
87 339
87 342
88 93
88 100
88 111
88 113
88 117
88 121
88 127
88 138
88 140
88 146
88 149
88 165
88 171
88 174
88 181
88 184
88 200
88 212
88 217
88 221
88 222
88 224
88 241
88 247
88 261
88 263
88 276
88 314
88 315
88 318
88 319
88 326
88 327
88 339
88 342
89 93
89 100
89 105
89 111
89 113
89 117
89 127
89 138
89 140
89 146
89 149
89 165
89 171
89 181
89 184
89 190
89 200
89 212
89 217
89 221
89 222
89 224
89 241
89 247
89 261
89 263
89 276
89 314
89 315
89 318
89 319
89 326
89 327
89 339
89 342
90 93
90 100
90 105
90 111
90 113
90 117
90 127
90 138
90 140
90 146
90 149
90 165
90 171
90 181
90 184
90 190
90 200
90 212
90 217
90 221
90 222
90 224
90 241
90 247
90 261
90 263
90 276
90 314
90 315
90 318
90 319
90 326
90 327
90 339
90 342
91 93
91 100
91 111
91 113
91 117
91 127
91 138
91 140
91 146
91 149
91 165
91 171
91 181
91 184
91 190
91 200
91 212
91 217
91 221
91 222
91 224
91 241
91 247
91 261
91 263
91 276
91 314
91 315
91 318
91 319
91 326
91 327
91 339
91 342
92 93
92 100
92 111
92 113
92 117
92 127
92 138
92 140
92 146
92 149
92 165
92 171
92 181
92 184
92 190
92 200
92 212
92 217
92 221
92 222
92 224
92 241
92 247
92 261
92 263
92 276
92 314
92 315
92 318
92 319
92 326
92 327
92 339
92 342
93 93
93 100
93 111
93 113
93 117
93 127
93 138
93 140
93 146
93 149
93 165
93 171
93 181
93 184
93 190
93 200
93 212
93 217
93 221
93 222
93 224
93 241
93 247
93 261
93 263
93 276
93 314
93 315
93 318
93 319
93 326
93 327
93 339
93 342
94 93
94 100
94 111
94 113
94 117
94 127
94 138
94 140
94 146
94 149
94 165
94 171
94 181
94 184
94 190
94 200
94 212
94 217
94 221
94 222
94 224
94 241
94 247
94 261
94 263
94 276
94 314
94 315
94 318
94 319
94 326
94 327
94 339
94 342
95 111
95 113
95 117
95 138
95 140
95 146
95 149
95 162
95 165
95 171
95 181
95 184
95 190
95 200
95 202
95 212
95 217
95 221
95 222
95 224
95 235
95 241
95 247
95 258
95 261
95 263
95 276
95 293
95 314
95 315
95 318
95 319
95 326
95 327
95 339
96 111
96 113
96 117
96 138
96 140
96 146
96 149
96 162
96 165
96 171
96 181
96 184
96 190
96 200
96 202
96 212
96 217
96 221
96 222
96 224
96 235
96 241
96 247
96 258
96 261
96 263
96 276
96 284
96 293
96 314
96 315
96 318
96 319
96 326
96 327
96 339
97 113
97 117
97 138
97 140
97 146
97 149
97 162
97 165
97 171
97 181
97 184
97 190
97 200
97 202
97 212
97 217
97 221
97 222
97 224
97 235
97 241
97 247
97 258
97 261
97 263
97 276
97 284
97 293
97 314
97 315
97 318
97 319
97 326
97 327
97 339
98 113
98 117
98 138
98 140
98 146
98 149
98 162
98 165
98 171
98 181
98 184
98 190
98 200
98 202
98 212
98 217
98 221
98 222
98 224
98 235
98 241
98 247
98 258
98 261
98 263
98 276
98 284
98 293
98 314
98 315
98 318
98 319
98 326
98 327
98 339
99 113
99 117
99 138
99 146
99 162
99 165
99 181
99 190
99 200
99 202
99 212
99 217
99 224
99 227
99 235
99 241
99 247
99 258
99 261
99 263
99 284
99 293
99 314
99 315
99 318
99 319
99 326
99 327
99 339
100 113
100 117
100 138
100 146
100 162
100 165
100 181
100 190
100 200
100 202
100 212
100 217
100 224
100 227
100 235
100 241
100 247
100 258
100 261
100 263
100 284
100 293
100 314
100 315
100 318
100 319
100 326
100 327
100 339
101 113
101 117
101 138
101 146
101 162
101 165
101 181
101 190
101 200
101 202
101 212
101 217
101 224
101 227
101 235
101 241
101 247
101 258
101 261
101 263
101 284
101 293
101 314
101 315
101 318
101 319
101 326
101 327
101 339
102 113
102 117
102 138
102 165
102 181
102 190
102 200
102 202
102 212
102 217
102 224
102 227
102 235
102 241
102 247
102 258
102 261
102 263
102 284
102 293
102 314
102 315
102 318
102 319
102 326
102 339
103 113
103 117
103 144
103 158
103 175
103 181
103 190
103 200
103 202
103 212
103 217
103 219
103 224
103 227
103 235
103 241
103 247
103 258
103 263
103 284
103 314
103 315
103 318
103 319
103 326
103 339
104 113
104 117
104 144
104 158
104 175
104 181
104 190
104 200
104 202
104 212
104 217
104 219
104 224
104 227
104 235
104 241
104 247
104 258
104 263
104 270
104 284
104 314
104 315
104 318
104 319
104 326
104 339
105 113
105 117
105 144
105 158
105 175
105 181
105 190
105 200
105 202
105 212
105 217
105 219
105 224
105 227
105 235
105 241
105 247
105 258
105 263
105 270
105 284
105 314
105 315
105 318
105 319
105 326
105 339
106 113
106 117
106 144
106 158
106 175
106 181
106 190
106 200
106 202
106 212
106 217
106 219
106 224
106 227
106 235
106 241
106 247
106 258
106 263
106 270
106 284
106 314
106 315
106 318
106 319
106 326
106 339
107 113
107 117
107 144
107 158
107 175
107 181
107 190
107 200
107 202
107 212
107 217
107 219
107 224
107 227
107 235
107 241
107 247
107 258
107 263
107 270
107 284
107 314
107 315
107 318
107 319
107 326
107 339
108 113
108 117
108 144
108 158
108 175
108 181
108 190
108 200
108 202
108 212
108 217
108 219
108 224
108 227
108 235
108 241
108 247
108 258
108 263
108 284
108 290
108 314
108 315
108 318
108 319
108 326
108 339
108 340
109 118
109 134
109 144
109 158
109 160
109 182
109 190
109 200
109 202
109 212
109 217
109 219
109 227
109 235
109 241
109 243
109 247
109 258
109 263
109 273
109 290
109 314
109 315
109 318
109 326
109 339
109 340
110 118
110 134
110 144
110 158
110 160
110 182
110 190
110 200
110 202
110 212
110 217
110 219
110 227
110 235
110 241
110 243
110 247
110 258
110 263
110 273
110 290
110 314
110 315
110 318
110 326
110 339
110 340
111 118
111 134
111 144
111 158
111 160
111 182
111 190
111 200
111 202
111 212
111 217
111 219
111 227
111 235
111 241
111 243
111 247
111 258
111 263
111 273
111 290
111 314
111 315
111 318
111 326
111 339
111 340
112 134
112 144
112 158
112 160
112 182
112 190
112 200
112 202
112 212
112 217
112 219
112 227
112 235
112 241
112 243
112 247
112 258
112 263
112 273
112 290
112 314
112 315
112 318
112 326
112 339
112 340
113 134
113 144
113 158
113 177
113 182
113 190
113 200
113 212
113 219
113 227
113 243
113 258
113 263
113 273
113 290
113 314
113 315
113 318
113 326
113 339
113 340
114 134
114 144
114 158
114 177
114 182
114 190
114 200
114 212
114 227
114 242
114 243
114 258
114 263
114 273
114 275
114 290
114 314
114 315
114 318
114 326
114 339
114 340
115 134
115 144
115 158
115 161
115 177
115 182
115 190
115 200
115 212
115 227
115 242
115 243
115 258
115 263
115 273
115 275
115 290
115 314
115 315
115 318
115 326
115 339
115 340
116 134
116 144
116 158
116 161
116 177
116 182
116 190
116 200
116 212
116 227
116 242
116 243
116 258
116 263
116 273
116 275
116 290
116 314
116 315
116 318
116 326
116 339
116 340
117 134
117 144
117 158
117 161
117 177
117 182
117 190
117 200
117 212
117 227
117 242
117 243
117 258
117 263
117 273
117 275
117 290
117 314
117 315
117 318
117 326
117 339
117 340
118 134
118 144
118 158
118 161
118 177
118 182
118 190
118 200
118 212
118 227
118 242
118 243
118 258
118 263
118 273
118 275
118 290
118 314
118 315
118 318
118 326
118 339
118 340
119 144
119 158
119 161
119 177
119 182
119 190
119 200
119 210
119 212
119 227
119 242
119 243
119 258
119 263
119 275
119 290
119 291
119 314
119 315
119 318
119 339
119 340
120 144
120 158
120 161
120 177
120 182
120 190
120 200
120 210
120 212
120 213
120 242
120 243
120 258
120 263
120 275
120 290
120 291
120 314
120 315
120 318
120 339
120 340
121 144
121 158
121 161
121 177
121 182
121 190
121 200
121 210
121 212
121 213
121 242
121 243
121 258
121 263
121 275
121 290
121 291
121 314
121 315
121 318
121 339
121 340
122 144
122 158
122 161
122 177
122 182
122 190
122 200
122 210
122 212
122 213
122 242
122 243
122 258
122 263
122 275
122 290
122 291
122 314
122 315
122 318
122 339
122 340
123 144
123 158
123 161
123 177
123 182
123 190
123 200
123 212
123 213
123 242
123 243
123 258
123 263
123 275
123 290
123 291
123 314
123 315
123 318
123 339
123 340
124 144
124 158
124 161
124 177
124 182
124 190
124 200
124 212
124 213
124 242
124 243
124 258
124 263
124 275
124 290
124 291
124 314
124 315
124 318
124 339
124 340
125 144
125 158
125 161
125 177
125 182
125 190
125 200
125 212
125 213
125 242
125 243
125 258
125 263
125 275
125 290
125 291
125 314
125 315
125 318
125 339
125 340
126 144
126 158
126 161
126 177
126 182
126 190
126 200
126 212
126 213
126 242
126 243
126 258
126 263
126 275
126 290
126 291
126 314
126 315
126 339
126 340
127 144
127 158
127 161
127 163
127 177
127 182
127 190
127 200
127 212
127 213
127 242
127 243
127 258
127 263
127 275
127 290
127 291
127 314
127 315
127 339
127 340
128 144
128 158
128 161
128 163
128 177
128 182
128 190
128 200
128 212
128 213
128 242
128 243
128 258
128 263
128 275
128 290
128 291
128 314
128 315
128 339
128 340
129 144
129 158
129 163
129 177
129 182
129 190
129 200
129 213
129 242
129 243
129 258
129 263
129 275
129 290
129 291
129 314
129 315
129 339
129 340
130 144
130 157
130 163
130 177
130 182
130 183
130 188
130 190
130 213
130 228
130 242
130 243
130 263
130 266
130 275
130 290
130 291
130 314
130 315
130 339
130 340
131 144
131 157
131 163
131 177
131 182
131 188
131 190
131 213
131 228
131 243
131 263
131 266
131 275
131 290
131 291
131 314
131 315
131 339
131 340
132 144
132 157
132 163
132 177
132 182
132 188
132 190
132 213
132 228
132 243
132 263
132 266
132 275
132 290
132 291
132 314
132 315
132 339
132 340
133 144
133 157
133 163
133 177
133 182
133 188
133 190
133 213
133 228
133 243
133 263
133 266
133 275
133 290
133 291
133 314
133 315
133 339
133 340
134 144
134 157
134 163
134 177
134 182
134 188
134 190
134 213
134 228
134 243
134 263
134 266
134 275
134 290
134 291
134 294
134 298
134 314
134 315
134 339
134 340
135 144
135 157
135 163
135 177
135 182
135 188
135 190
135 201
135 213
135 228
135 243
135 248
135 263
135 266
135 275
135 290
135 291
135 294
135 298
135 314
135 315
135 339
135 340
136 144
136 157
136 163
136 177
136 182
136 188
136 190
136 228
136 243
136 248
136 263
136 266
136 275
136 290
136 291
136 294
136 298
136 314
136 315
136 339
136 340
137 144
137 157
137 163
137 177
137 182
137 188
137 190
137 228
137 243
137 248
137 263
137 266
137 275
137 290
137 291
137 294
137 298
137 314
137 315
137 339
137 340
138 144
138 157
138 163
138 169
138 177
138 182
138 188
138 190
138 228
138 243
138 248
138 263
138 266
138 275
138 290
138 291
138 294
138 298
138 314
138 315
138 339
138 340
139 144
139 163
139 169
139 177
139 182
139 188
139 190
139 228
139 248
139 263
139 275
139 290
139 291
139 294
139 298
139 314
139 315
139 339
139 340
139 346
140 144
140 169
140 177
140 182
140 186
140 188
140 190
140 204
140 248
140 250
140 263
140 275
140 291
140 294
140 298
140 314
140 315
140 335
140 339
140 340
140 346
141 144
141 169
141 177
141 182
141 186
141 188
141 190
141 204
141 248
141 250
141 263
141 275
141 291
141 294
141 298
141 314
141 315
141 335
141 339
141 340
141 346
142 144
142 169
142 177
142 182
142 186
142 188
142 190
142 204
142 248
142 250
142 263
142 275
142 283
142 291
142 294
142 298
142 314
142 315
142 335
142 339
142 340
142 346
143 144
143 169
143 177
143 182
143 186
143 188
143 190
143 204
143 248
143 250
143 263
143 275
143 283
143 291
143 294
143 298
143 314
143 315
143 335
143 339
143 340
143 346
144 144
144 169
144 177
144 186
144 188
144 190
144 204
144 250
144 263
144 275
144 283
144 291
144 294
144 298
144 314
144 315
144 335
144 339
144 340
144 346
145 144
145 169
145 177
145 186
145 188
145 190
145 204
145 250
145 263
145 275
145 283
145 291
145 294
145 298
145 314
145 315
145 335
145 339
145 340
145 346
146 144
146 169
146 177
146 186
146 188
146 190
146 204
146 250
146 263
146 275
146 283
146 291
146 294
146 298
146 314
146 315
146 335
146 339
146 340
146 346
147 144
147 169
147 177
147 186
147 188
147 190
147 203
147 204
147 250
147 263
147 274
147 275
147 283
147 291
147 294
147 298
147 314
147 315
147 335
147 339
147 340
147 346
148 144
148 177
148 186
148 188
148 190
148 203
148 204
148 250
148 263
148 274
148 275
148 291
148 294
148 298
148 314
148 315
148 335
148 339
148 340
148 346
149 144
149 177
149 186
149 190
149 203
149 204
149 263
149 274
149 275
149 291
149 294
149 298
149 313
149 314
149 315
149 335
149 339
149 340
149 346
150 144
150 177
150 186
150 203
150 204
150 263
150 274
150 275
150 291
150 294
150 298
150 313
150 314
150 315
150 335
150 339
150 340
150 346
151 144
151 177
151 186
151 203
151 204
151 263
151 274
151 275
151 291
151 294
151 298
151 313
151 314
151 315
151 335
151 339
151 340
151 346
152 144
152 177
152 186
152 203
152 204
152 263
152 274
152 275
152 291
152 294
152 298
152 313
152 315
152 335
152 339
152 340
152 346
153 144
153 177
153 186
153 203
153 204
153 263
153 274
153 275
153 291
153 294
153 298
153 313
153 315
153 316
153 335
153 339
153 340
153 346
154 144
154 177
154 186
154 203
154 204
154 263
154 274
154 275
154 291
154 294
154 298
154 313
154 315
154 316
154 335
154 339
154 340
154 346
155 144
155 177
155 186
155 203
155 204
155 223
155 263
155 274
155 275
155 291
155 294
155 298
155 313
155 315
155 316
155 335
155 339
155 346
156 144
156 177
156 186
156 203
156 204
156 223
156 263
156 274
156 291
156 294
156 298
156 313
156 315
156 316
156 335
156 339
157 144
157 177
157 186
157 203
157 204
157 206
157 223
157 263
157 271
157 274
157 291
157 292
157 294
157 298
157 313
157 315
157 316
157 335
157 339
158 144
158 177
158 186
158 203
158 204
158 206
158 223
158 271
158 274
158 291
158 292
158 294
158 298
158 313
158 315
158 316
158 335
158 339
159 144
159 177
159 186
159 203
159 204
159 206
159 223
159 271
159 274
159 291
159 292
159 294
159 298
159 313
159 315
159 316
159 335
159 339
160 144
160 177
160 186
160 203
160 204
160 206
160 223
160 271
160 291
160 292
160 294
160 313
160 315
160 316
160 335
160 339
161 144
161 177
161 186
161 203
161 204
161 206
161 223
161 271
161 291
161 292
161 294
161 313
161 315
161 316
161 335
161 339
162 144
162 177
162 186
162 203
162 204
162 206
162 223
162 271
162 291
162 292
162 294
162 313
162 315
162 316
162 335
162 339
163 177
163 186
163 203
163 204
163 206
163 223
163 271
163 291
163 292
163 294
163 313
163 315
163 316
163 320
163 335
163 339
164 177
164 186
164 203
164 204
164 206
164 223
164 271
164 291
164 292
164 313
164 315
164 316
164 320
164 335
164 339
165 203
165 204
165 206
165 223
165 271
165 291
165 292
165 313
165 315
165 316
165 320
165 335
165 339
166 203
166 206
166 208
166 223
166 271
166 280
166 291
166 292
166 301
166 313
166 315
166 320
166 339
167 206
167 208
167 223
167 271
167 280
167 291
167 292
167 301
167 313
167 315
167 320
167 339
168 206
168 208
168 223
168 271
168 280
168 292
168 301
168 313
168 315
168 320
168 339
169 206
169 208
169 223
169 271
169 280
169 292
169 301
169 313
169 315
169 320
169 339
170 206
170 208
170 271
170 280
170 292
170 301
170 313
170 315
170 320
170 339
171 206
171 208
171 271
171 280
171 292
171 301
171 313
171 315
171 320
171 339
172 206
172 208
172 271
172 280
172 292
172 301
172 313
172 315
172 320
172 339
173 191
173 206
173 208
173 271
173 280
173 292
173 301
173 313
173 315
173 320
173 339
174 191
174 206
174 208
174 271
174 280
174 292
174 301
174 313
174 315
174 320
174 339
175 191
175 206
175 208
175 271
175 280
175 292
175 297
175 301
175 313
175 320
175 339
176 191
176 206
176 208
176 271
176 280
176 292
176 297
176 301
176 302
176 320
176 339
177 191
177 206
177 208
177 271
177 280
177 292
177 297
177 301
177 302
177 320
177 339
178 191
178 206
178 208
178 271
178 280
178 292
178 297
178 301
178 302
178 320
178 339
179 191
179 206
179 208
179 271
179 280
179 292
179 297
179 301
179 302
179 320
179 321
179 339
180 191
180 206
180 208
180 271
180 280
180 292
180 297
180 301
180 302
180 320
180 321
180 339
181 191
181 206
181 208
181 271
181 280
181 292
181 297
181 301
181 302
181 320
181 339
182 191
182 206
182 208
182 271
182 280
182 292
182 297
182 301
182 302
182 320
182 339
183 191
183 206
183 208
183 271
183 280
183 292
183 297
183 301
183 302
183 320
183 339
184 191
184 206
184 208
184 271
184 280
184 292
184 301
184 302
184 320
184 339
185 191
185 194
185 208
185 226
185 238
185 257
185 271
185 280
185 301
185 302
185 320
185 339
186 191
186 194
186 208
186 226
186 238
186 257
186 271
186 280
186 301
186 302
186 320
186 339
187 191
187 194
187 208
187 226
187 238
187 257
187 271
187 280
187 301
187 302
187 320
187 339
188 191
188 194
188 208
188 226
188 238
188 257
188 271
188 280
188 301
188 302
188 320
188 339
189 191
189 194
189 198
189 208
189 231
189 238
189 257
189 260
189 271
189 280
189 301
189 302
189 320
189 339
190 191
190 194
190 198
190 208
190 231
190 238
190 257
190 260
190 271
190 280
190 301
190 302
190 320
190 339
191 191
191 194
191 198
191 208
191 231
191 238
191 257
191 260
191 271
191 280
191 301
191 302
191 320
191 339
192 198
192 208
192 211
192 215
192 231
192 238
192 251
192 257
192 260
192 271
192 280
192 281
192 301
192 302
192 320
192 339
193 198
193 208
193 211
193 214
193 215
193 238
193 251
193 257
193 260
193 271
193 280
193 281
193 301
193 302
193 320
193 339
194 198
194 208
194 211
194 214
194 215
194 238
194 251
194 257
194 260
194 271
194 280
194 281
194 301
194 302
194 320
194 339
195 198
195 208
195 211
195 214
195 215
195 238
195 251
195 257
195 260
195 280
195 281
195 301
195 302
195 320
195 339
196 198
196 208
196 211
196 214
196 215
196 238
196 251
196 257
196 260
196 280
196 281
196 301
196 302
196 320
196 339
197 208
197 211
197 214
197 215
197 238
197 251
197 257
197 260
197 280
197 281
197 301
197 302
197 320
197 339
198 208
198 211
198 214
198 215
198 238
198 251
198 257
198 260
198 280
198 281
198 301
198 302
198 320
198 339
199 208
199 211
199 214
199 215
199 238
199 251
199 257
199 260
199 280
199 281
199 301
199 302
199 320
199 339
200 208
200 211
200 214
200 215
200 238
200 251
200 257
200 260
200 280
200 281
200 301
200 302
200 320
200 339
200 349
201 208
201 211
201 214
201 215
201 238
201 251
201 257
201 260
201 280
201 281
201 301
201 302
201 308
201 320
201 339
201 349
202 208
202 211
202 214
202 215
202 238
202 251
202 257
202 260
202 272
202 280
202 301
202 302
202 308
202 320
202 339
202 349
203 208
203 211
203 214
203 215
203 216
203 238
203 251
203 257
203 260
203 272
203 280
203 301
203 302
203 308
203 320
203 339
203 349
204 208
204 211
204 214
204 215
204 216
204 237
204 238
204 251
204 257
204 260
204 272
204 280
204 301
204 302
204 308
204 320
204 339
204 349
205 208
205 211
205 214
205 215
205 216
205 237
205 238
205 251
205 257
205 260
205 272
205 280
205 301
205 302
205 308
205 320
205 339
205 349
206 208
206 214
206 215
206 216
206 237
206 238
206 251
206 257
206 260
206 272
206 280
206 301
206 302
206 308
206 320
206 339
206 349
207 208
207 214
207 215
207 216
207 230
207 237
207 238
207 251
207 257
207 260
207 272
207 280
207 301
207 302
207 308
207 320
207 339
207 349
208 208
208 214
208 215
208 216
208 230
208 237
208 238
208 251
208 257
208 260
208 272
208 280
208 301
208 302
208 308
208 320
208 339
208 349
209 208
209 214
209 215
209 216
209 230
209 237
209 238
209 251
209 257
209 260
209 272
209 280
209 301
209 302
209 308
209 320
209 339
209 349
210 208
210 214
210 215
210 216
210 230
210 237
210 238
210 251
210 257
210 260
210 272
210 280
210 301
210 302
210 308
210 320
210 339
210 349
211 208
211 214
211 215
211 216
211 230
211 237
211 238
211 251
211 255
211 257
211 260
211 272
211 280
211 301
211 302
211 308
211 339
211 349
212 208
212 214
212 215
212 216
212 230
212 237
212 238
212 251
212 255
212 257
212 260
212 267
212 272
212 301
212 302
212 308
212 339
212 349
213 208
213 214
213 215
213 216
213 230
213 237
213 238
213 251
213 255
213 257
213 260
213 267
213 272
213 301
213 302
213 308
213 339
213 349
214 208
214 214
214 215
214 216
214 230
214 237
214 238
214 251
214 255
214 257
214 260
214 267
214 272
214 301
214 308
214 339
214 349
215 208
215 214
215 215
215 216
215 230
215 237
215 238
215 251
215 255
215 257
215 260
215 267
215 272
215 301
215 308
215 339
215 349
216 214
216 215
216 216
216 230
216 237
216 238
216 251
216 255
216 257
216 260
216 267
216 272
216 301
216 308
216 339
216 349
217 214
217 215
217 216
217 230
217 237
217 238
217 251
217 255
217 257
217 260
217 267
217 272
217 301
217 308
217 339
217 349
218 214
218 215
218 216
218 230
218 237
218 238
218 251
218 255
218 257
218 267
218 272
218 301
218 308
218 330
218 339
218 349
219 214
219 215
219 230
219 237
219 238
219 251
219 255
219 267
219 272
219 301
219 308
219 330
219 339
219 344
219 349
220 214
220 215
220 230
220 237
220 238
220 251
220 255
220 262
220 267
220 272
220 301
220 330
220 339
220 344
220 349
221 214
221 215
221 230
221 237
221 238
221 251
221 255
221 262
221 267
221 272
221 301
221 330
221 339
221 344
221 349
222 214
222 230
222 237
222 238
222 251
222 255
222 262
222 267
222 272
222 301
222 330
222 339
222 344
222 349
223 214
223 237
223 238
223 251
223 255
223 262
223 267
223 272
223 301
223 330
223 344
223 349
224 214
224 237
224 238
224 251
224 255
224 262
224 267
224 272
224 301
224 330
224 344
224 349
225 214
225 237
225 238
225 251
225 255
225 262
225 267
225 272
225 301
225 311
225 330
225 344
225 349
226 214
226 234
226 237
226 238
226 251
226 255
226 262
226 267
226 272
226 301
226 311
226 328
226 330
226 344
226 349
227 214
227 234
227 237
227 238
227 251
227 255
227 262
227 267
227 272
227 301
227 311
227 328
227 330
227 344
227 349
228 214
228 234
228 237
228 238
228 251
228 255
228 262
228 267
228 272
228 307
228 311
228 328
228 330
228 344
228 349
229 214
229 234
229 237
229 238
229 251
229 255
229 262
229 267
229 272
229 307
229 311
229 328
229 330
229 344
229 349
230 214
230 234
230 237
230 238
230 251
230 255
230 262
230 272
230 307
230 311
230 324
230 328
230 330
230 344
230 349
231 234
231 237
231 238
231 251
231 255
231 262
231 272
231 307
231 311
231 324
231 328
231 330
231 349
232 234
232 237
232 238
232 251
232 255
232 262
232 272
232 307
232 311
232 324
232 328
232 330
232 333
232 349
233 234
233 237
233 238
233 251
233 255
233 262
233 272
233 307
233 311
233 324
233 328
233 330
233 333
233 349
234 238
234 251
234 255
234 272
234 286
234 307
234 311
234 324
234 328
234 330
234 333
234 349
235 238
235 245
235 251
235 255
235 272
235 286
235 307
235 311
235 324
235 328
235 330
235 333
235 349
236 238
236 245
236 251
236 255
236 272
236 307
236 311
236 324
236 328
236 330
236 333
236 349
237 238
237 245
237 255
237 272
237 307
237 311
237 324
237 328
237 330
237 333
237 349
238 238
238 245
238 255
238 307
238 309
238 311
238 324
238 328
238 330
238 333
238 349
239 238
239 245
239 307
239 309
239 311
239 324
239 328
239 330
239 333
239 349
240 238
240 245
240 307
240 309
240 311
240 324
240 328
240 330
240 333
240 349
241 238
241 245
241 307
241 309
241 311
241 324
241 328
241 330
241 333
241 349
242 238
242 245
242 307
242 309
242 311
242 324
242 328
242 330
242 333
242 349
243 238
243 307
243 309
243 311
243 324
243 328
243 330
243 333
243 349
244 238
244 307
244 309
244 311
244 324
244 328
244 330
244 333
244 349
245 238
245 307
245 309
245 311
245 324
245 328
245 330
245 333
245 349
246 238
246 307
246 309
246 311
246 324
246 328
246 330
246 333
246 349
247 238
247 307
247 309
247 311
247 324
247 328
247 330
247 333
247 349
248 238
248 307
248 309
248 311
248 324
248 328
248 330
248 333
248 349
249 238
249 307
249 309
249 311
249 324
249 328
249 330
249 333
249 349
250 238
250 307
250 309
250 311
250 323
250 324
250 328
250 330
250 333
250 345
250 349
251 238
251 307
251 309
251 311
251 323
251 324
251 328
251 330
251 333
251 345
251 349
252 238
252 268
252 307
252 309
252 311
252 323
252 324
252 328
252 333
252 345
252 349
253 238
253 259
253 268
253 307
253 309
253 311
253 323
253 324
253 328
253 333
253 345
253 349
254 259
254 268
254 307
254 309
254 311
254 323
254 324
254 328
254 333
254 345
254 349
255 259
255 268
255 309
255 311
255 324
255 328
255 333
255 341
255 345
255 349
256 259
256 268
256 309
256 311
256 324
256 328
256 333
256 341
256 345
256 349
257 259
257 268
257 309
257 311
257 324
257 328
257 333
257 341
257 345
257 349
258 259
258 268
258 296
258 309
258 311
258 324
258 328
258 333
258 341
258 345
258 349
259 259
259 265
259 268
259 296
259 309
259 311
259 324
259 328
259 333
259 341
259 345
259 349
260 259
260 265
260 268
260 296
260 309
260 311
260 324
260 328
260 333
260 341
260 345
260 349
261 259
261 265
261 268
261 296
261 306
261 309
261 311
261 324
261 328
261 333
261 341
261 345
261 349
262 265
262 268
262 296
262 306
262 309
262 311
262 324
262 328
262 333
262 341
262 345
262 349
263 265
263 268
263 296
263 306
263 309
263 311
263 324
263 328
263 333
263 341
263 345
263 349
264 265
264 268
264 296
264 306
264 309
264 311
264 324
264 328
264 333
264 341
264 345
264 349
265 265
265 268
265 296
265 306
265 309
265 311
265 324
265 328
265 333
265 341
265 345
265 349
266 265
266 268
266 296
266 306
266 309
266 311
266 324
266 328
266 333
266 341
266 345
266 349
267 265
267 268
267 296
267 306
267 309
267 311
267 324
267 328
267 333
267 341
267 345
267 349
268 265
268 268
268 296
268 306
268 309
268 311
268 324
268 328
268 333
268 341
268 345
268 349
269 265
269 268
269 296
269 306
269 309
269 311
269 324
269 328
269 333
269 341
269 345
270 265
270 268
270 296
270 306
270 309
270 311
270 324
270 328
270 333
270 341
270 345
271 268
271 296
271 306
271 309
271 311
271 324
271 328
271 333
271 341
271 345
272 268
272 296
272 306
272 309
272 311
272 324
272 328
272 333
272 341
272 345
273 268
273 296
273 306
273 309
273 311
273 324
273 328
273 333
273 341
273 345
274 268
274 296
274 306
274 309
274 311
274 324
274 328
274 333
274 341
274 345
275 268
275 296
275 306
275 309
275 324
275 328
275 333
275 341
275 345
276 268
276 296
276 306
276 309
276 324
276 328
276 333
276 341
276 345
277 268
277 296
277 306
277 309
277 324
277 328
277 333
277 341
277 345
278 268
278 296
278 306
278 309
278 324
278 328
278 333
278 341
278 345
279 296
279 309
279 324
279 328
279 333
279 341
279 345
280 296
280 309
280 324
280 328
280 333
280 341
280 345
281 296
281 309
281 324
281 328
281 333
281 334
281 341
281 345
282 296
282 309
282 324
282 328
282 333
282 341
282 345
283 296
283 309
283 324
283 328
283 333
283 341
283 345
284 296
284 309
284 324
284 328
284 333
284 341
284 345
285 296
285 309
285 324
285 328
285 333
285 341
285 345
286 296
286 309
286 324
286 328
286 333
286 341
286 345
287 296
287 324
287 328
287 333
287 341
287 345
288 296
288 324
288 328
288 333
288 341
288 345
289 296
289 324
289 328
289 333
289 341
289 345
290 296
290 324
290 328
290 333
290 341
290 345
290 347
291 296
291 324
291 325
291 328
291 333
291 341
291 345
291 347
292 296
292 324
292 325
292 328
292 333
292 341
292 345
292 347
293 296
293 324
293 325
293 328
293 333
293 341
293 345
293 347
294 296
294 324
294 325
294 328
294 333
294 341
294 345
294 347
295 296
295 324
295 325
295 328
295 333
295 341
295 345
295 347
296 296
296 324
296 325
296 328
296 333
296 341
296 345
296 347
297 296
297 324
297 325
297 328
297 333
297 341
297 345
297 347
298 296
298 324
298 325
298 328
298 333
298 341
298 345
298 347
299 296
299 325
299 328
299 333
299 341
299 343
299 345
299 347
300 296
300 325
300 328
300 333
300 341
300 343
300 345
300 347
301 296
301 325
301 328
301 333
301 341
301 343
301 345
301 347
302 296
302 325
302 328
302 333
302 341
302 343
302 345
302 347
303 296
303 328
303 333
303 336
303 341
303 343
303 345
303 347
304 296
304 328
304 333
304 336
304 341
304 343
304 345
304 347
305 296
305 328
305 333
305 336
305 341
305 343
305 345
305 347
306 296
306 328
306 333
306 336
306 341
306 343
306 345
306 347
307 296
307 328
307 333
307 336
307 341
307 343
307 345
307 347
308 296
308 333
308 336
308 343
308 345
308 347
309 296
309 333
309 336
309 343
309 345
309 347
309 348
310 296
310 333
310 336
310 343
310 347
310 348
311 336
311 343
311 347
311 348
312 336
312 343
312 347
312 348
313 336
313 343
313 347
313 348
314 336
314 343
314 347
314 348
315 336
315 343
315 347
315 348
316 336
316 343
316 347
316 348
317 336
317 343
317 347
317 348
318 336
318 343
318 347
318 348
319 336
319 343
319 347
319 348
320 336
320 343
320 347
320 348
321 336
321 343
321 347
321 348
322 336
322 343
322 347
322 348
323 336
323 343
323 347
323 348
324 336
324 343
324 347
324 348
325 336
325 338
325 343
325 348
326 336
326 338
326 343
326 348
327 336
327 338
327 343
327 348
328 336
328 338
328 343
328 348
329 336
329 338
329 343
329 348
330 336
330 338
330 343
330 348
331 336
331 338
331 343
331 348
332 336
332 338
332 348
333 336
333 338
333 348
334 336
334 338
334 348
335 336
335 338
335 348
336 336
336 338
336 348
337 338
337 348
338 338
338 348
339 338
339 348
340 348
341 348
342 348
343 348
344 348
345 348
346 348
347 348
348 348
349 348
