0 28
0 46
0 62
1 2
1 19
1 29
1 53
1 62
1 65
1 111
1 229
2 4
2 10
2 31
2 34
2 40
2 62
2 78
2 98
2 200
2 226
2 248
3 4
3 10
3 11
3 62
3 78
3 98
3 142
3 200
3 226
3 248
4 21
4 43
4 54
4 62
4 78
4 98
4 142
4 200
4 226
4 241
4 248
4 255
5 21
5 35
5 43
5 54
5 62
5 72
5 98
5 142
5 200
5 207
5 226
5 248
5 255
6 21
6 25
6 35
6 43
6 54
6 69
6 72
6 98
6 142
6 200
6 207
6 226
6 248
6 255
7 25
7 35
7 43
7 54
7 69
7 72
7 98
7 142
7 200
7 207
7 226
7 248
7 255
8 25
8 35
8 43
8 54
8 69
8 72
8 98
8 142
8 200
8 207
8 226
8 248
8 255
9 25
9 35
9 43
9 54
9 69
9 72
9 85
9 88
9 98
9 142
9 200
9 207
9 248
9 255
10 25
10 35
10 54
10 69
10 72
10 85
10 88
10 142
10 200
10 207
10 248
10 255
11 20
11 25
11 47
11 56
11 72
11 85
11 88
11 93
11 200
11 207
11 248
11 255
12 47
12 56
12 85
12 93
12 136
12 200
12 207
12 247
12 248
12 255
13 85
13 93
13 136
13 200
13 207
13 246
13 247
13 248
13 255
14 27
14 42
14 85
14 93
14 126
14 136
14 147
14 200
14 207
14 246
14 247
14 248
14 255
15 27
15 42
15 85
15 93
15 126
15 136
15 147
15 200
15 207
15 246
15 247
15 248
15 255
16 42
16 85
16 93
16 126
16 136
16 147
16 200
16 207
16 246
16 247
16 248
16 255
17 60
17 66
17 71
17 85
17 93
17 126
17 136
17 200
17 207
17 246
17 247
17 248
17 255
18 60
18 66
18 71
18 85
18 93
18 126
18 136
18 200
18 207
18 246
18 247
18 248
19 60
19 66
19 71
19 85
19 93
19 126
19 136
19 200
19 207
19 246
19 247
19 248
20 60
20 66
20 71
20 85
20 93
20 126
20 136
20 200
20 207
20 246
20 247
20 248
21 23
21 60
21 66
21 71
21 85
21 126
21 136
21 200
21 207
21 246
21 247
21 248
21 304
22 26
22 32
22 38
22 39
22 71
22 136
22 200
22 207
22 246
22 247
22 248
22 252
22 304
23 26
23 32
23 38
23 39
23 71
23 136
23 200
23 207
23 246
23 247
23 248
23 252
23 304
24 26
24 32
24 38
24 39
24 71
24 136
24 200
24 207
24 246
24 247
24 248
24 252
24 304
25 33
25 48
25 71
25 158
25 192
25 207
25 246
25 247
25 248
25 252
25 292
25 296
26 33
26 48
26 71
26 158
26 192
26 203
26 207
26 246
26 247
26 248
26 252
26 292
26 296
27 33
27 48
27 71
27 127
27 158
27 192
27 203
27 207
27 232
27 246
27 247
27 248
27 252
27 292
27 296
28 33
28 41
28 48
28 68
28 71
28 79
28 105
28 127
28 192
28 203
28 207
28 232
28 246
28 247
28 248
28 252
28 292
28 346
29 48
29 55
29 68
29 71
29 79
29 105
29 107
29 127
29 130
29 192
29 203
29 207
29 232
29 246
29 247
29 248
29 252
29 292
29 346
30 45
30 50
30 55
30 68
30 95
30 105
30 107
30 127
30 130
30 203
30 207
30 232
30 246
30 247
30 248
30 252
30 292
30 346
31 45
31 49
31 50
31 55
31 68
31 95
31 127
31 130
31 203
31 207
31 232
31 236
31 246
31 247
31 248
31 252
31 292
31 346
32 45
32 50
32 55
32 68
32 83
32 95
32 127
32 130
32 203
32 207
32 232
32 236
32 246
32 247
32 248
32 252
32 292
32 334
32 346
33 45
33 55
33 68
33 83
33 95
33 127
33 130
33 203
33 207
33 232
33 236
33 246
33 247
33 248
33 252
33 292
33 334
33 346
34 45
34 55
34 68
34 83
34 95
34 127
34 130
34 203
34 207
34 232
34 236
34 246
34 247
34 248
34 252
34 292
34 334
34 346
35 45
35 55
35 68
35 83
35 95
35 127
35 130
35 203
35 207
35 232
35 236
35 246
35 247
35 248
35 252
35 292
35 334
35 346
36 45
36 55
36 68
36 83
36 95
36 127
36 130
36 203
36 207
36 232
36 236
36 246
36 247
36 248
36 252
36 292
36 334
36 346
37 57
37 61
37 127
37 128
37 130
37 139
37 144
37 203
37 207
37 232
37 236
37 246
37 247
37 248
37 252
37 292
38 61
38 70
38 127
38 128
38 129
38 130
38 139
38 144
38 195
38 207
38 232
38 236
38 246
38 247
38 248
38 252
38 292
39 61
39 70
39 128
39 129
39 130
39 139
39 144
39 195
39 207
39 232
39 236
39 246
39 248
39 252
39 292
39 325
40 61
40 70
40 80
40 128
40 129
40 130
40 144
40 173
40 195
40 207
40 232
40 236
40 246
40 248
40 252
40 292
40 325
41 61
41 70
41 80
41 128
41 129
41 130
41 144
41 173
41 195
41 207
41 232
41 236
41 246
41 248
41 292
41 325
42 61
42 70
42 80
42 128
42 129
42 130
42 144
42 173
42 195
42 207
42 232
42 236
42 246
42 248
42 292
42 325
43 61
43 70
43 128
43 129
43 130
43 144
43 173
43 195
43 207
43 232
43 236
43 246
43 248
43 292
43 325
44 61
44 70
44 91
44 128
44 129
44 130
44 144
44 173
44 195
44 207
44 232
44 236
44 246
44 248
44 292
44 325
45 70
45 91
45 108
45 129
45 130
45 144
45 195
45 207
45 209
45 232
45 236
45 246
45 248
45 292
45 325
46 70
46 91
46 108
46 129
46 130
46 144
46 195
46 207
46 209
46 232
46 236
46 246
46 248
46 292
46 325
47 70
47 91
47 129
47 130
47 137
47 144
47 195
47 207
47 209
47 232
47 236
47 246
47 248
47 292
47 325
48 70
48 113
48 129
48 130
48 137
48 144
48 171
48 195
48 209
48 232
48 236
48 246
48 248
48 292
48 325
49 70
49 94
49 113
49 115
49 130
49 137
49 144
49 171
49 195
49 209
49 232
49 236
49 246
49 248
49 292
49 325
49 338
50 58
50 63
50 70
50 82
50 89
50 94
50 99
50 100
50 113
50 115
50 171
50 195
50 232
50 236
50 246
50 248
50 249
50 262
50 282
50 292
50 310
50 325
50 338
51 58
51 63
51 70
51 76
51 82
51 84
51 89
51 94
51 99
51 100
51 113
51 115
51 171
51 195
51 232
51 236
51 246
51 248
51 249
51 262
51 282
51 292
51 310
51 325
51 338
52 58
52 59
52 63
52 70
52 76
52 82
52 84
52 87
52 89
52 94
52 99
52 100
52 113
52 115
52 171
52 195
52 232
52 236
52 246
52 248
52 249
52 262
52 282
52 292
52 310
52 325
52 338
53 58
53 59
53 63
53 76
53 87
53 99
53 100
53 103
53 109
53 113
53 115
53 171
53 195
53 236
53 246
53 248
53 249
53 262
53 282
53 292
53 310
53 338
54 58
54 59
54 76
54 87
54 99
54 104
54 109
54 113
54 115
54 171
54 195
54 236
54 246
54 248
54 249
54 262
54 282
54 287
54 292
54 301
54 310
55 58
55 59
55 76
55 87
55 99
55 104
55 109
55 115
55 132
55 171
55 195
55 236
55 246
55 248
55 249
55 262
55 282
55 287
55 292
55 301
55 310
56 58
56 76
56 87
56 104
56 115
56 132
56 156
56 171
56 184
56 190
56 195
56 204
56 236
56 246
56 248
56 262
56 282
56 287
56 292
56 301
56 306
56 310
57 58
57 64
57 76
57 87
57 104
57 115
57 156
57 171
57 184
57 190
57 195
57 204
57 225
57 236
57 246
57 248
57 262
57 267
57 282
57 287
57 292
57 301
57 306
57 310
57 320
58 76
58 87
58 104
58 115
58 156
58 171
58 184
58 190
58 195
58 204
58 215
58 225
58 236
58 243
58 246
58 248
58 262
58 267
58 282
58 287
58 292
58 301
58 310
58 320
59 76
59 87
59 104
59 115
59 156
59 171
59 184
59 190
59 195
59 202
59 204
59 215
59 225
59 236
59 243
59 246
59 248
59 262
59 267
59 282
59 287
59 292
59 301
59 310
59 320
60 76
60 87
60 101
60 104
60 115
60 156
60 162
60 171
60 184
60 190
60 195
60 202
60 204
60 215
60 225
60 236
60 243
60 246
60 248
60 262
60 267
60 282
60 287
60 292
60 301
60 310
60 320
61 87
61 92
61 97
61 104
61 156
61 162
61 171
61 190
61 195
61 202
61 204
61 215
61 225
61 236
61 243
61 246
61 248
61 262
61 267
61 282
61 287
61 292
61 301
61 310
61 320
62 87
62 92
62 125
62 156
62 157
62 162
62 171
62 190
62 195
62 202
62 204
62 215
62 225
62 236
62 243
62 246
62 248
62 262
62 267
62 282
62 287
62 292
62 301
62 302
62 310
62 320
63 87
63 92
63 125
63 156
63 157
63 162
63 171
63 190
63 195
63 202
63 204
63 215
63 225
63 236
63 243
63 246
63 248
63 262
63 267
63 282
63 287
63 292
63 301
63 302
63 310
63 320
64 87
64 118
64 125
64 156
64 157
64 162
64 171
64 195
64 202
64 204
64 215
64 218
64 225
64 236
64 243
64 246
64 248
64 262
64 282
64 292
64 301
64 302
64 310
64 320
65 87
65 118
65 125
65 156
65 157
65 167
65 171
65 195
65 202
65 204
65 215
65 218
65 225
65 236
65 243
65 246
65 248
65 262
65 282
65 292
65 301
65 302
65 310
65 320
66 86
66 87
66 118
66 125
66 156
66 167
66 171
66 195
66 202
66 204
66 215
66 218
66 225
66 236
66 243
66 246
66 248
66 282
66 292
66 301
66 302
66 310
66 320
67 81
67 86
67 87
67 90
67 118
67 125
67 156
67 167
67 171
67 195
67 202
67 215
67 218
67 225
67 236
67 243
67 248
67 282
67 292
67 301
67 302
67 310
67 320
68 81
68 86
68 87
68 90
68 110
68 118
68 125
68 156
68 167
68 171
68 195
68 202
68 215
68 218
68 225
68 236
68 243
68 248
68 282
68 292
68 301
68 302
68 310
68 320
69 75
69 77
69 81
69 86
69 87
69 90
69 110
69 118
69 125
69 156
69 167
69 171
69 195
69 202
69 215
69 218
69 225
69 236
69 243
69 248
69 282
69 292
69 301
69 302
69 310
69 320
70 75
70 77
70 81
70 86
70 87
70 110
70 125
70 156
70 167
70 171
70 225
70 236
70 243
70 248
70 282
70 292
70 301
70 302
70 315
70 320
71 74
71 75
71 77
71 81
71 86
71 87
71 110
71 125
71 135
71 148
71 167
71 171
71 210
71 221
71 236
71 248
71 256
71 282
71 292
71 301
71 302
71 315
71 320
71 343
72 74
72 75
72 77
72 81
72 86
72 87
72 110
72 125
72 167
72 171
72 210
72 221
72 236
72 248
72 256
72 282
72 292
72 301
72 302
72 315
72 320
72 343
73 75
73 77
73 81
73 86
73 87
73 110
73 125
73 167
73 171
73 210
73 221
73 236
73 248
73 256
73 282
73 292
73 301
73 302
73 315
73 320
73 343
74 75
74 77
74 81
74 86
74 87
74 125
74 167
74 171
74 210
74 221
74 236
74 248
74 256
74 282
74 292
74 301
74 302
74 315
74 320
75 75
75 77
75 81
75 87
75 125
75 167
75 171
75 210
75 216
75 221
75 236
75 248
75 256
75 282
75 292
75 301
75 315
75 320
76 75
76 77
76 81
76 87
76 125
76 167
76 171
76 210
76 216
76 221
76 236
76 248
76 256
76 282
76 292
76 301
76 315
76 320
77 75
77 77
77 81
77 87
77 125
77 167
77 171
77 210
77 216
77 221
77 236
77 248
77 256
77 282
77 292
77 301
77 315
77 320
78 75
78 77
78 81
78 87
78 125
78 167
78 171
78 210
78 216
78 221
78 236
78 248
78 256
78 282
78 292
78 301
78 315
78 320
79 75
79 77
79 87
79 125
79 167
79 171
79 210
79 216
79 221
79 236
79 248
79 250
79 256
79 282
79 292
79 301
79 315
79 320
79 339
80 75
80 77
80 125
80 167
80 171
80 210
80 216
80 221
80 236
80 248
80 250
80 256
80 282
80 292
80 301
80 315
80 320
80 339
81 75
81 77
81 125
81 167
81 171
81 210
81 216
81 221
81 236
81 248
81 250
81 256
81 282
81 292
81 301
81 315
81 320
81 339
82 75
82 77
82 114
82 125
82 167
82 171
82 210
82 216
82 221
82 236
82 250
82 256
82 282
82 292
82 301
82 315
82 320
82 339
83 75
83 77
83 114
83 125
83 171
83 210
83 216
83 221
83 236
83 250
83 256
83 282
83 292
83 301
83 315
83 320
83 339
84 75
84 77
84 114
84 125
84 171
84 210
84 216
84 221
84 236
84 250
84 256
84 282
84 292
84 301
84 315
84 320
84 339
85 75
85 77
85 114
85 125
85 171
85 210
85 216
85 221
85 236
85 250
85 256
85 282
85 292
85 301
85 315
85 320
85 339
86 75
86 114
86 125
86 171
86 210
86 216
86 220
86 236
86 250
86 256
86 292
86 301
86 317
86 320
86 323
86 339
87 75
87 114
87 125
87 171
87 210
87 216
87 219
87 220
87 236
87 245
87 250
87 256
87 292
87 301
87 317
87 320
87 323
87 339
88 114
88 131
88 134
88 171
88 185
88 186
88 210
88 216
88 219
88 220
88 236
88 245
88 250
88 256
88 292
88 301
88 317
88 323
88 339
89 114
89 131
89 134
89 141
89 171
89 185
89 186
89 210
89 216
89 219
89 220
89 245
89 250
89 256
89 292
89 301
89 317
90 114
90 131
90 134
90 141
90 171
90 185
90 186
90 210
90 216
90 219
90 220
90 245
90 250
90 256
90 292
90 301
90 317
91 96
91 106
91 114
91 131
91 134
91 141
91 171
91 185
91 186
91 210
91 216
91 219
91 220
91 245
91 250
91 256
91 292
91 301
91 317
91 337
92 96
92 102
92 117
92 134
92 170
92 171
92 185
92 186
92 189
92 210
92 216
92 219
92 220
92 245
92 250
92 256
92 292
92 301
92 316
92 317
92 337
93 96
93 102
93 117
93 134
93 170
93 171
93 185
93 186
93 189
93 210
93 216
93 219
93 220
93 245
93 250
93 256
93 292
93 301
93 316
93 317
93 337
94 96
94 102
94 117
94 134
94 170
94 185
94 210
94 216
94 219
94 220
94 245
94 250
94 256
94 292
94 301
94 316
94 317
94 337
95 96
95 102
95 117
95 134
95 170
95 185
95 210
95 216
95 219
95 220
95 245
95 250
95 256
95 292
95 301
95 316
95 317
95 337
96 96
96 102
96 117
96 134
96 170
96 185
96 210
96 216
96 219
96 220
96 245
96 250
96 256
96 292
96 316
96 317
96 337
97 102
97 134
97 170
97 185
97 210
97 219
97 220
97 250
97 256
97 275
97 286
97 292
97 316
97 317
97 337
98 102
98 134
98 170
98 185
98 210
98 219
98 220
98 250
98 256
98 275
98 286
98 292
98 316
98 317
98 337
99 134
99 159
99 170
99 185
99 210
99 219
99 220
99 250
99 256
99 275
99 286
99 292
99 311
99 316
99 317
99 337
100 159
100 170
100 185
100 210
100 219
100 220
100 250
100 256
100 275
100 286
100 292
100 311
100 313
100 316
100 337
101 159
101 170
101 185
101 210
101 219
101 220
101 237
101 250
101 256
101 259
101 275
101 286
101 292
101 311
101 313
101 316
101 337
102 159
102 170
102 185
102 210
102 219
102 220
102 237
102 250
102 256
102 259
102 275
102 286
102 292
102 311
102 313
102 316
102 337
103 116
103 159
103 170
103 185
103 210
103 219
103 237
103 250
103 256
103 259
103 263
103 286
103 311
103 313
103 337
103 348
104 116
104 159
104 170
104 185
104 210
104 219
104 237
104 250
104 256
104 259
104 263
104 286
104 311
104 313
104 337
104 348
105 116
105 159
105 168
105 170
105 185
105 210
105 219
105 237
105 250
105 256
105 259
105 263
105 286
105 311
105 313
105 337
105 348
106 116
106 159
106 168
106 170
106 174
106 185
106 219
106 237
106 250
106 256
106 259
106 263
106 286
106 311
106 313
106 337
106 348
107 116
107 159
107 168
107 170
107 174
107 185
107 219
107 237
107 240
107 250
107 256
107 259
107 263
107 286
107 311
107 313
107 337
107 348
108 116
108 124
108 164
108 168
108 174
108 185
108 191
108 219
108 237
108 240
108 250
108 256
108 259
108 263
108 286
108 311
108 312
108 313
108 348
109 116
109 145
109 164
109 168
109 174
109 185
109 191
109 237
109 250
109 259
109 263
109 273
109 286
109 311
109 312
109 313
109 348
110 164
110 168
110 175
110 185
110 191
110 237
110 250
110 259
110 263
110 273
110 286
110 311
110 312
110 348
111 168
111 175
111 185
111 191
111 196
111 237
111 250
111 259
111 261
111 263
111 273
111 286
111 311
111 312
111 348
112 168
112 175
112 191
112 196
112 223
112 237
112 250
112 259
112 261
112 263
112 273
112 286
112 311
112 312
112 348
113 168
113 175
113 191
113 196
113 223
113 237
113 250
113 259
113 261
113 263
113 273
113 286
113 311
113 312
113 348
114 168
114 175
114 176
114 178
114 191
114 223
114 237
114 250
114 259
114 261
114 263
114 264
114 273
114 286
114 311
114 312
114 348
115 123
115 168
115 175
115 176
115 178
115 191
115 237
115 250
115 259
115 261
115 263
115 273
115 311
115 312
115 322
115 348
116 119
116 123
116 168
116 175
116 176
116 178
116 237
116 250
116 259
116 261
116 263
116 273
116 276
116 311
116 312
116 322
116 348
117 119
117 123
117 133
117 168
117 175
117 176
117 178
117 237
117 250
117 259
117 261
117 263
117 273
117 276
117 312
117 322
117 348
118 119
118 123
118 133
118 168
118 175
118 176
118 178
118 237
118 250
118 259
118 261
118 263
118 273
118 276
118 312
118 322
118 348
119 123
119 133
119 176
119 178
119 183
119 206
119 237
119 250
119 259
119 261
119 263
119 273
119 276
119 312
119 322
119 348
120 123
120 133
120 176
120 178
120 183
120 206
120 237
120 250
120 261
120 263
120 273
120 276
120 312
120 322
120 348
121 122
121 123
121 176
121 178
121 183
121 206
121 237
121 250
121 261
121 263
121 273
121 276
121 312
121 322
121 348
122 122
122 176
122 178
122 183
122 206
122 237
122 250
122 261
122 263
122 273
122 276
122 312
122 322
122 348
123 160
123 176
123 178
123 206
123 237
123 250
123 261
123 263
123 273
123 312
123 322
123 342
123 348
124 160
124 176
124 182
124 197
124 206
124 237
124 250
124 261
124 263
124 273
124 312
124 322
124 342
124 348
125 160
125 176
125 182
125 197
125 206
125 237
125 250
125 261
125 263
125 273
125 299
125 312
125 322
125 342
126 160
126 176
126 182
126 197
126 206
126 237
126 250
126 261
126 263
126 273
126 299
126 312
126 322
126 342
127 160
127 176
127 182
127 187
127 197
127 206
127 237
127 250
127 261
127 263
127 273
127 299
127 312
127 322
127 342
128 160
128 176
128 182
128 187
128 197
128 206
128 237
128 261
128 263
128 273
128 299
128 312
128 322
128 342
129 155
129 160
129 176
129 181
129 182
129 187
129 197
129 201
129 206
129 237
129 242
129 261
129 263
129 273
129 290
129 298
129 322
129 342
130 155
130 160
130 176
130 181
130 182
130 187
130 197
130 201
130 206
130 237
130 242
130 261
130 263
130 273
130 290
130 298
130 322
130 342
131 151
131 152
131 160
131 179
131 180
131 181
131 182
131 197
131 206
131 242
131 261
131 263
131 283
131 290
131 298
131 309
131 322
131 342
132 149
132 151
132 152
132 160
132 179
132 180
132 181
132 182
132 197
132 205
132 206
132 242
132 261
132 263
132 283
132 290
132 298
132 309
132 322
132 342
133 140
133 151
133 152
133 179
133 180
133 181
133 182
133 197
133 205
133 206
133 242
133 261
133 263
133 283
133 290
133 298
133 309
133 322
133 342
134 138
134 151
134 152
134 179
134 181
134 182
134 197
134 205
134 206
134 214
134 242
134 257
134 260
134 261
134 268
134 274
134 279
134 283
134 290
134 298
134 309
134 322
134 342
135 138
135 151
135 152
135 181
135 182
135 205
135 206
135 213
135 214
135 242
135 257
135 260
135 261
135 268
135 274
135 279
135 283
135 290
135 298
135 309
135 322
135 342
136 138
136 151
136 152
136 181
136 182
136 205
136 206
136 213
136 214
136 242
136 257
136 260
136 261
136 268
136 274
136 279
136 281
136 283
136 290
136 298
136 309
136 321
136 322
136 342
137 138
137 151
137 152
137 181
137 205
137 206
137 213
137 214
137 242
137 257
137 260
137 261
137 268
137 274
137 279
137 281
137 283
137 284
137 290
137 298
137 309
137 321
137 322
137 342
138 138
138 151
138 152
138 181
138 205
138 206
138 213
138 214
138 242
138 257
138 260
138 261
138 268
138 274
138 279
138 281
138 283
138 284
138 290
138 298
138 309
138 321
138 322
138 342
139 138
139 151
139 152
139 181
139 205
139 206
139 213
139 214
139 242
139 257
139 260
139 261
139 268
139 274
139 279
139 281
139 283
139 284
139 290
139 298
139 309
139 321
139 322
139 342
140 152
140 181
140 205
140 206
140 213
140 214
140 242
140 257
140 260
140 261
140 268
140 274
140 279
140 281
140 283
140 284
140 290
140 298
140 309
140 321
140 322
140 340
140 342
141 152
141 181
141 205
141 206
141 213
141 214
141 242
141 257
141 260
141 261
141 268
141 274
141 279
141 281
141 283
141 284
141 290
141 298
141 309
141 321
141 322
141 340
141 342
142 152
142 181
142 205
142 206
142 213
142 214
142 242
142 257
142 260
142 261
142 268
142 274
142 279
142 281
142 283
142 284
142 290
142 298
142 309
142 321
142 322
142 340
142 342
143 152
143 181
143 206
143 213
143 214
143 224
143 242
143 257
143 260
143 261
143 268
143 274
143 279
143 281
143 283
143 284
143 290
143 298
143 309
143 321
143 322
143 340
143 342
144 152
144 181
144 206
144 213
144 214
144 224
144 242
144 257
144 260
144 261
144 274
144 279
144 281
144 283
144 284
144 290
144 298
144 309
144 321
144 322
144 324
144 340
144 342
144 349
145 152
145 181
145 206
145 213
145 214
145 224
145 227
145 242
145 257
145 260
145 261
145 274
145 279
145 281
145 283
145 284
145 290
145 298
145 309
145 321
145 322
145 324
145 340
145 342
145 349
146 152
146 181
146 206
146 213
146 214
146 224
146 227
146 242
146 257
146 260
146 261
146 279
146 281
146 283
146 284
146 298
146 309
146 321
146 322
146 324
146 340
146 342
146 349
147 152
147 181
147 206
147 213
147 214
147 224
147 227
147 242
147 257
147 260
147 261
147 279
147 281
147 283
147 284
147 298
147 309
147 321
147 322
147 324
147 340
147 342
147 349
148 152
148 181
148 206
148 213
148 214
148 224
148 227
148 242
148 257
148 258
148 260
148 261
148 281
148 283
148 284
148 298
148 309
148 321
148 322
148 324
148 340
148 342
148 349
149 152
149 181
149 213
149 214
149 224
149 227
149 242
149 257
149 258
149 260
149 261
149 281
149 283
149 284
149 298
149 309
149 321
149 322
149 324
149 340
149 349
150 152
150 213
150 214
150 222
150 227
150 242
150 257
150 258
150 260
150 281
150 283
150 284
150 298
150 309
150 321
150 322
150 324
150 349
151 152
151 213
151 214
151 222
151 227
151 242
151 257
151 258
151 260
151 281
151 283
151 284
151 298
151 309
151 321
151 322
151 324
151 349
152 214
152 222
152 227
152 257
152 258
152 260
152 278
152 281
152 283
152 284
152 298
152 309
152 321
152 322
152 324
152 349
153 214
153 222
153 227
153 257
153 258
153 260
153 278
153 281
153 283
153 284
153 298
153 309
153 321
153 322
153 324
153 349
154 214
154 222
154 227
154 257
154 258
154 260
154 278
154 281
154 283
154 284
154 298
154 309
154 321
154 322
154 324
154 349
155 214
155 222
155 227
155 257
155 258
155 260
155 278
155 281
155 283
155 284
155 298
155 309
155 321
155 322
155 324
155 349
156 214
156 222
156 227
156 257
156 258
156 260
156 278
156 281
156 283
156 284
156 298
156 309
156 321
156 322
156 324
156 349
157 214
157 217
157 222
157 227
157 257
157 258
157 260
157 278
157 281
157 283
157 284
157 298
157 309
157 322
157 324
157 349
158 166
158 214
158 217
158 222
158 227
158 235
158 257
158 258
158 278
158 283
158 284
158 309
158 322
158 324
158 349
159 188
159 214
159 217
159 222
159 227
159 235
159 257
159 258
159 278
159 283
159 309
159 322
159 349
160 188
160 214
160 217
160 222
160 227
160 235
160 257
160 258
160 278
160 283
160 309
160 322
160 349
161 188
161 214
161 217
161 222
161 227
161 235
161 257
161 258
161 278
161 283
161 309
161 322
161 349
162 163
162 188
162 214
162 217
162 222
162 227
162 235
162 257
162 258
162 278
162 283
162 309
162 322
162 330
162 349
163 163
163 172
163 188
163 214
163 227
163 235
163 251
163 257
163 258
163 272
163 278
163 283
163 305
163 309
163 322
163 330
163 349
164 172
164 188
164 214
164 227
164 235
164 251
164 257
164 258
164 272
164 278
164 283
164 305
164 309
164 322
164 330
164 349
165 172
165 177
165 188
165 214
165 227
165 235
165 257
165 258
165 272
165 278
165 283
165 322
165 330
165 349
166 172
166 177
166 188
166 214
166 227
166 235
166 257
166 258
166 272
166 278
166 283
166 322
166 330
166 349
167 188
167 212
167 214
167 235
167 257
167 258
167 272
167 278
167 283
167 322
167 330
168 188
168 212
168 214
168 257
168 258
168 272
168 278
168 283
168 322
168 330
169 188
169 212
169 214
169 257
169 258
169 272
169 278
169 283
169 322
169 330
170 188
170 208
170 212
170 214
170 257
170 258
170 272
170 278
170 283
170 322
170 330
171 188
171 208
171 212
171 214
171 257
171 258
171 269
171 272
171 278
171 283
171 307
171 322
171 330
172 188
172 212
172 214
172 257
172 258
172 269
172 272
172 278
172 283
172 307
172 322
172 330
173 188
173 212
173 214
173 257
173 258
173 269
173 272
173 278
173 283
173 307
173 322
173 330
174 188
174 212
174 214
174 257
174 258
174 269
174 272
174 278
174 283
174 307
174 322
174 330
175 188
175 212
175 214
175 257
175 258
175 269
175 270
175 272
175 278
175 283
175 307
175 322
175 330
176 212
176 214
176 238
176 257
176 258
176 269
176 270
176 272
176 278
176 283
176 307
176 322
176 330
176 345
177 193
177 212
177 214
177 238
177 257
177 258
177 269
177 270
177 272
177 278
177 283
177 307
177 322
177 330
177 345
178 193
178 212
178 214
178 238
178 257
178 258
178 269
178 270
178 272
178 278
178 283
178 307
178 322
178 330
178 345
179 193
179 212
179 214
179 238
179 257
179 258
179 269
179 270
179 272
179 278
179 283
179 307
179 322
179 330
179 345
180 193
180 212
180 214
180 238
180 257
180 258
180 269
180 270
180 278
180 283
180 322
180 330
180 345
181 193
181 212
181 214
181 238
181 257
181 258
181 269
181 270
181 278
181 283
181 322
181 330
181 345
182 193
182 212
182 214
182 238
182 257
182 258
182 269
182 270
182 278
182 283
182 330
182 345
183 193
183 212
183 214
183 238
183 257
183 258
183 269
183 270
183 278
183 283
183 330
183 345
184 193
184 212
184 214
184 238
184 257
184 258
184 269
184 270
184 278
184 283
184 330
184 345
185 193
185 199
185 212
185 214
185 238
185 257
185 258
185 269
185 270
185 278
185 283
185 330
185 345
186 193
186 199
186 212
186 214
186 238
186 257
186 258
186 269
186 270
186 278
186 283
186 330
186 345
187 193
187 199
187 212
187 214
187 238
187 257
187 258
187 269
187 270
187 278
187 283
187 330
187 345
188 193
188 199
188 212
188 214
188 238
188 257
188 258
188 269
188 270
188 278
188 283
188 330
188 345
189 193
189 199
189 212
189 214
189 238
189 257
189 258
189 269
189 270
189 278
189 283
189 330
189 335
189 345
190 193
190 199
190 211
190 212
190 214
190 238
190 257
190 258
190 269
190 270
190 278
190 283
190 330
190 335
190 345
191 193
191 199
191 211
191 214
191 238
191 257
191 258
191 269
191 270
191 278
191 283
191 330
191 335
191 345
192 193
192 211
192 214
192 238
192 257
192 258
192 269
192 270
192 278
192 283
192 330
192 335
192 345
193 193
193 211
193 214
193 238
193 257
193 258
193 269
193 270
193 278
193 283
193 330
193 335
193 345
194 211
194 214
194 238
194 257
194 258
194 269
194 270
194 278
194 283
194 330
194 335
194 345
195 211
195 214
195 238
195 257
195 258
195 269
195 270
195 278
195 283
195 330
195 333
195 335
195 345
196 211
196 214
196 238
196 257
196 258
196 265
196 269
196 270
196 278
196 330
196 333
196 335
196 345
197 211
197 214
197 238
197 257
197 258
197 265
197 266
197 269
197 270
197 278
197 330
197 333
197 335
197 345
198 211
198 214
198 238
198 257
198 258
198 265
198 266
198 269
198 270
198 278
198 330
198 333
198 335
198 345
199 211
199 214
199 238
199 257
199 258
199 265
199 266
199 269
199 270
199 278
199 330
199 333
199 335
199 345
200 211
200 214
200 238
200 258
200 265
200 266
200 269
200 270
200 278
200 330
200 333
200 335
200 345
201 211
201 238
201 258
201 265
201 266
201 269
201 270
201 278
201 330
201 333
201 335
201 345
202 211
202 238
202 258
202 265
202 266
202 269
202 270
202 278
202 330
202 333
202 335
202 345
203 211
203 238
203 258
203 265
203 266
203 269
203 270
203 278
203 291
203 330
203 333
203 335
203 345
204 211
204 238
204 258
204 265
204 266
204 269
204 270
204 285
204 291
204 330
204 333
204 345
205 211
205 238
205 258
205 265
205 266
205 269
205 285
205 291
205 330
205 331
205 333
205 345
206 211
206 238
206 258
206 265
206 266
206 269
206 285
206 291
206 330
206 331
206 333
206 345
207 211
207 238
207 258
207 265
207 266
207 269
207 285
207 291
207 330
207 331
207 333
207 345
208 211
208 238
208 258
208 265
208 266
208 269
208 285
208 291
208 330
208 331
208 333
208 345
209 211
209 238
209 258
209 265
209 266
209 269
209 285
209 291
209 330
209 331
209 333
209 345
210 211
210 238
210 258
210 265
210 266
210 269
210 285
210 291
210 330
210 331
210 333
210 345
211 211
211 238
211 258
211 265
211 266
211 269
211 285
211 291
211 330
211 331
211 333
211 345
212 211
212 238
212 258
212 265
212 266
212 269
212 285
212 291
212 330
212 331
212 333
212 345
213 211
213 238
213 258
213 265
213 266
213 269
213 285
213 291
213 330
213 331
213 333
213 345
214 265
214 269
214 285
214 291
214 295
214 330
214 331
214 345
215 253
215 265
215 269
215 285
215 291
215 295
215 330
215 331
216 253
216 265
216 285
216 291
216 295
216 330
216 331
217 253
217 265
217 285
217 291
217 295
217 330
218 253
218 265
218 285
218 291
218 295
218 330
219 253
219 265
219 285
219 291
219 295
219 330
220 253
220 265
220 285
220 291
220 295
220 330
221 253
221 265
221 285
221 291
221 295
221 330
222 253
222 265
222 285
222 291
222 295
222 330
223 253
223 265
223 291
223 295
223 330
224 234
224 253
224 265
224 291
224 295
224 330
225 234
225 253
225 265
225 280
225 291
225 295
225 330
226 234
226 253
226 265
226 280
226 288
226 291
226 295
226 330
227 234
227 253
227 265
227 280
227 288
227 289
227 291
227 295
227 330
228 234
228 253
228 265
228 280
228 288
228 289
228 291
228 295
228 330
229 234
229 253
229 265
229 280
229 288
229 289
229 291
229 330
230 265
230 280
230 288
230 289
230 347
231 265
231 280
231 288
231 289
231 347
232 265
232 280
232 288
232 289
232 347
233 265
233 280
233 288
233 289
233 347
234 265
234 280
234 288
234 289
234 347
235 244
235 265
235 280
235 288
235 289
235 347
236 244
236 265
236 280
236 288
236 289
236 318
236 329
236 336
237 244
237 265
237 280
237 288
237 289
237 303
237 318
237 327
237 329
237 336
238 244
238 265
238 280
238 288
238 289
238 303
238 318
238 327
238 329
238 336
239 244
239 254
239 265
239 277
239 280
239 288
239 289
239 303
239 318
239 327
239 329
239 336
240 244
240 254
240 277
240 288
240 289
240 303
240 318
240 327
240 329
240 336
241 244
241 289
241 303
241 318
241 327
241 336
242 244
242 289
242 303
242 318
242 327
242 336
243 289
243 303
243 318
243 327
243 336
244 289
244 303
244 318
244 327
244 336
245 289
245 303
245 318
245 327
245 336
246 289
246 303
246 318
246 327
246 336
247 289
247 303
247 318
247 327
247 336
248 289
248 303
248 327
248 336
249 289
249 303
249 327
249 336
250 289
250 303
250 327
250 336
251 289
251 303
251 336
252 289
252 303
252 336
253 289
253 303
253 336
254 289
254 303
254 336
255 289
255 303
255 336
256 289
256 303
256 336
257 289
257 303
257 336
258 289
258 303
258 336
259 289
259 303
259 336
260 289
260 303
260 332
261 289
261 303
261 332
262 289
262 303
262 332
263 303
264 303
267 344
268 344
269 344
270 344
271 344
272 344
273 344
274 344
275 294
275 344
276 294
276 344
277 294
277 300
277 344
278 294
278 300
278 319
278 344
279 294
279 300
279 319
279 344
280 294
280 300
280 319
280 344
281 300
281 319
281 344
282 300
282 319
282 344
283 300
283 319
283 344
284 300
284 319
284 344
285 300
285 319
285 344
286 300
286 314
286 319
286 344
287 300
287 314
287 319
287 344
288 300
288 314
288 319
288 344
289 300
289 314
289 319
289 344
290 300
290 314
290 319
290 344
291 300
291 314
291 319
291 344
292 297
292 300
292 314
292 319
292 344
293 297
293 300
293 314
293 319
293 344
294 297
294 300
294 314
294 319
294 344
295 297
295 300
295 314
295 319
295 344
296 297
296 300
296 314
296 319
296 344
297 300
297 314
297 319
297 344
298 300
298 314
298 319
298 344
299 300
299 314
299 319
299 344
300 300
300 314
300 319
300 326
300 344
301 300
301 319
301 326
301 344
302 300
302 319
302 326
302 344
303 300
303 319
303 326
303 344
304 319
304 326
304 344
305 319
305 326
305 344
306 319
306 326
306 344
307 319
307 326
307 344
308 319
308 326
308 344
309 319
309 326
309 344
310 319
310 326
310 328
310 344
311 319
311 326
311 328
311 344
312 319
312 326
312 328
312 344
313 319
313 326
313 328
314 319
314 326
314 328
315 319
315 326
315 328
316 319
316 326
316 328
317 319
318 319
319 319
320 319
321 319
322 319
323 319
324 319
325 319
326 319
327 319
328 319
328 341
329 319
329 341
330 319
330 341
331 319
331 341
332 319
332 341
333 319
333 341
334 319
334 341
335 319
335 341
336 319
337 319
338 319
339 319
