0 2
0 12
3 39
3 47
3 245
4 9
4 19
4 21
4 39
4 48
4 62
4 108
4 245
5 8
5 19
5 21
5 39
5 43
5 48
5 62
5 108
5 174
5 245
6 21
6 39
6 43
6 48
6 108
6 174
6 245
7 21
7 39
7 43
7 48
7 108
7 174
7 245
8 21
8 39
8 43
8 48
8 65
8 108
8 124
8 174
8 245
9 10
9 21
9 39
9 48
9 65
9 108
9 124
9 174
9 245
10 41
10 42
10 81
10 84
10 124
10 245
10 303
11 35
11 38
11 81
11 84
11 91
11 111
11 124
11 212
11 215
11 245
11 303
12 18
12 35
12 38
12 59
12 78
12 81
12 84
12 91
12 111
12 124
12 212
12 215
12 245
12 303
13 28
13 35
13 38
13 59
13 78
13 81
13 84
13 91
13 107
13 111
13 124
13 180
13 212
13 215
13 245
13 303
14 28
14 35
14 38
14 59
14 78
14 81
14 84
14 91
14 107
14 111
14 124
14 180
14 212
14 215
14 245
14 303
15 28
15 35
15 38
15 50
15 59
15 69
15 78
15 81
15 84
15 91
15 107
15 111
15 124
15 137
15 149
15 180
15 212
15 215
15 245
15 303
16 28
16 35
16 38
16 50
16 59
16 69
16 78
16 81
16 84
16 91
16 107
16 111
16 114
16 124
16 137
16 149
16 180
16 212
16 245
16 254
17 29
17 36
17 55
17 69
17 98
17 111
17 113
17 124
17 134
17 148
17 149
17 150
17 212
17 336
18 27
18 30
18 36
18 55
18 86
18 98
18 104
18 111
18 113
18 124
18 134
18 148
18 149
18 183
18 212
18 222
18 328
18 335
18 336
19 27
19 30
19 36
19 55
19 86
19 94
19 98
19 104
19 111
19 113
19 124
19 134
19 148
19 183
19 212
19 222
19 328
19 335
19 336
20 22
20 27
20 30
20 53
20 55
20 56
20 94
20 104
20 111
20 113
20 124
20 134
20 148
20 183
20 212
20 222
20 242
20 328
20 335
20 336
21 24
21 27
21 30
21 53
21 55
21 56
21 94
21 111
21 113
21 124
21 148
21 183
21 212
21 222
21 242
21 282
21 292
21 328
21 335
21 336
22 24
22 27
22 30
22 53
22 55
22 56
22 94
22 111
22 113
22 124
22 148
22 183
22 212
22 222
22 242
22 282
22 292
22 328
22 335
22 336
23 27
23 30
23 44
23 53
23 55
23 56
23 76
23 94
23 111
23 113
23 124
23 148
23 183
23 212
23 222
23 242
23 282
23 292
23 328
23 335
23 336
24 30
24 44
24 53
24 55
24 56
24 94
24 111
24 113
24 124
24 148
24 183
24 212
24 222
24 242
24 282
24 292
24 328
24 335
24 336
25 26
25 30
25 44
25 49
25 53
25 55
25 56
25 94
25 111
25 112
25 113
25 124
25 148
25 183
25 185
25 212
25 222
25 242
25 269
25 282
25 292
25 299
25 328
25 335
25 336
26 30
26 49
26 55
26 56
26 66
26 94
26 124
26 148
26 175
26 183
26 185
26 190
26 203
26 212
26 222
26 242
26 269
26 282
26 292
26 299
26 328
26 335
26 336
27 49
27 55
27 56
27 66
27 94
27 124
27 148
27 175
27 183
27 185
27 190
27 203
27 242
27 269
27 282
27 292
27 296
27 299
27 328
27 335
27 336
28 34
28 49
28 55
28 56
28 66
28 94
28 124
28 148
28 175
28 183
28 185
28 190
28 203
28 242
28 269
28 282
28 292
28 296
28 299
28 328
28 335
28 336
29 33
29 34
29 37
29 55
29 58
29 94
29 105
29 110
29 122
29 124
29 140
29 148
29 160
29 175
29 185
29 190
29 203
29 242
29 269
29 282
29 292
29 296
29 299
29 328
29 335
29 336
30 33
30 34
30 37
30 55
30 58
30 94
30 105
30 110
30 122
30 124
30 140
30 148
30 160
30 175
30 185
30 190
30 203
30 242
30 269
30 282
30 292
30 296
30 299
30 328
30 335
30 336
31 33
31 34
31 37
31 58
31 60
31 94
31 105
31 110
31 122
31 124
31 140
31 148
31 160
31 175
31 185
31 190
31 203
31 242
31 269
31 282
31 292
31 296
31 299
31 328
31 335
31 336
32 58
32 60
32 87
32 94
32 105
32 110
32 122
32 124
32 140
32 145
32 148
32 153
32 160
32 175
32 185
32 190
32 203
32 242
32 269
32 292
32 296
32 299
32 328
32 335
32 336
33 58
33 60
33 87
33 94
33 105
33 110
33 122
33 124
33 140
33 145
33 148
33 153
33 160
33 175
33 185
33 190
33 203
33 242
33 269
33 292
33 296
33 299
33 328
33 335
33 336
34 60
34 87
34 94
34 105
34 110
34 122
34 124
34 140
34 145
34 148
34 153
34 160
34 175
34 185
34 190
34 203
34 242
34 269
34 292
34 296
34 299
34 328
34 335
34 336
35 87
35 94
35 105
35 110
35 122
35 140
35 145
35 148
35 153
35 160
35 172
35 175
35 185
35 190
35 203
35 242
35 269
35 292
35 296
35 299
35 328
35 335
35 336
36 87
36 94
36 105
36 110
36 122
36 140
36 145
36 148
36 153
36 160
36 172
36 175
36 185
36 203
36 242
36 269
36 292
36 296
36 299
36 328
36 335
36 336
37 71
37 87
37 94
37 105
37 110
37 122
37 145
37 148
37 153
37 160
37 172
37 175
37 185
37 203
37 242
37 269
37 292
37 296
37 299
37 328
37 335
37 336
38 61
38 71
38 89
38 94
38 105
38 118
38 122
38 130
38 142
38 145
38 148
38 172
38 177
38 185
38 203
38 266
38 269
38 271
38 292
38 296
38 299
38 328
38 335
38 336
39 61
39 71
39 73
39 89
39 94
39 118
39 122
39 142
39 145
39 148
39 172
39 177
39 185
39 203
39 266
39 269
39 271
39 292
39 296
39 299
39 328
39 335
39 336
40 61
40 71
40 74
40 89
40 94
40 116
40 118
40 122
40 142
40 145
40 148
40 152
40 172
40 177
40 185
40 203
40 269
40 271
40 292
40 296
40 328
40 335
40 336
40 348
41 61
41 67
41 71
41 74
41 89
41 94
41 116
41 118
41 122
41 142
41 145
41 148
41 152
41 172
41 177
41 185
41 203
41 269
41 271
41 292
41 296
41 328
41 335
41 336
41 348
42 45
42 61
42 67
42 71
42 74
42 89
42 94
42 116
42 118
42 122
42 142
42 145
42 148
42 152
42 172
42 177
42 185
42 203
42 207
42 269
42 271
42 292
42 296
42 328
42 335
42 336
42 348
43 45
43 61
43 67
43 71
43 74
43 89
43 94
43 118
43 122
43 136
43 142
43 145
43 148
43 152
43 158
43 172
43 177
43 203
43 207
43 269
43 271
43 292
43 296
43 328
43 336
43 348
44 45
44 61
44 67
44 71
44 74
44 89
44 94
44 118
44 122
44 136
44 142
44 145
44 148
44 152
44 158
44 172
44 177
44 203
44 207
44 269
44 271
44 292
44 296
44 328
44 336
44 348
45 45
45 61
45 67
45 71
45 74
45 89
45 94
45 118
45 122
45 136
45 142
45 145
45 148
45 152
45 158
45 172
45 177
45 203
45 207
45 219
45 269
45 271
45 292
45 296
45 297
45 328
45 336
45 348
46 45
46 61
46 67
46 71
46 74
46 89
46 94
46 118
46 120
46 136
46 142
46 145
46 148
46 152
46 158
46 172
46 177
46 203
46 207
46 219
46 269
46 271
46 292
46 296
46 297
46 328
46 336
46 348
47 71
47 74
47 89
47 94
47 100
47 118
47 136
47 142
47 145
47 148
47 152
47 158
47 172
47 177
47 179
47 203
47 207
47 244
47 269
47 271
47 292
47 327
47 328
47 336
47 348
48 71
48 74
48 89
48 94
48 100
48 118
48 136
48 142
48 145
48 148
48 158
48 172
48 177
48 179
48 203
48 207
48 244
48 269
48 271
48 292
48 327
48 328
48 336
48 348
49 54
49 71
49 74
49 80
49 89
49 94
49 100
49 118
49 136
49 142
49 145
49 148
49 172
49 176
49 177
49 179
49 203
49 207
49 244
49 269
49 271
49 292
49 327
49 328
49 336
50 71
50 74
50 80
50 89
50 93
50 94
50 100
50 118
50 136
50 142
50 145
50 148
50 172
50 176
50 177
50 179
50 203
50 207
50 244
50 269
50 271
50 292
50 328
50 336
51 71
51 74
51 80
51 85
51 89
51 93
51 94
51 100
51 118
51 136
51 142
51 145
51 148
51 172
51 176
51 177
51 179
51 203
51 207
51 244
51 269
51 271
51 292
51 328
51 336
52 71
52 74
52 89
52 100
52 118
52 127
52 136
52 142
52 145
52 148
52 162
52 172
52 177
52 179
52 203
52 207
52 218
52 223
52 244
52 269
52 271
52 292
52 328
52 336
53 71
53 74
53 89
53 100
53 118
53 127
53 136
53 142
53 145
53 148
53 162
53 172
53 177
53 179
53 203
53 207
53 218
53 223
53 244
53 269
53 271
53 292
53 328
53 336
54 71
54 74
54 89
54 100
54 118
54 127
54 136
54 142
54 145
54 148
54 162
54 172
54 177
54 179
54 203
54 207
54 218
54 223
54 244
54 269
54 271
54 292
54 328
54 336
55 71
55 74
55 89
55 100
55 127
55 136
55 142
55 145
55 148
55 162
55 172
55 177
55 179
55 203
55 207
55 218
55 223
55 244
55 269
55 271
55 292
55 328
55 336
56 71
56 89
56 100
56 127
56 136
56 142
56 145
56 148
56 162
56 172
56 177
56 179
56 203
56 207
56 218
56 223
56 244
56 269
56 271
56 292
56 328
56 336
57 89
57 100
57 119
57 127
57 136
57 142
57 145
57 162
57 172
57 177
57 179
57 203
57 207
57 218
57 223
57 244
57 269
57 271
57 292
57 328
57 336
58 64
58 89
58 100
58 119
58 127
58 131
58 136
58 142
58 145
58 172
58 177
58 179
58 203
58 207
58 218
58 223
58 244
58 269
58 271
58 292
58 328
58 336
59 70
59 89
59 95
59 100
59 119
59 127
59 129
59 131
59 136
59 142
59 145
59 172
59 177
59 179
59 203
59 207
59 208
59 218
59 223
59 244
59 269
59 270
59 271
59 292
59 328
59 336
60 70
60 89
60 95
60 100
60 119
60 127
60 129
60 136
60 142
60 145
60 172
60 177
60 179
60 203
60 207
60 208
60 218
60 223
60 244
60 269
60 270
60 271
60 292
60 328
60 336
61 70
61 89
61 95
61 100
61 119
61 127
61 129
61 136
61 142
61 145
61 179
61 203
61 207
61 208
61 218
61 223
61 244
61 252
61 269
61 270
61 271
61 328
61 336
62 70
62 89
62 95
62 100
62 127
62 129
62 136
62 142
62 145
62 179
62 203
62 207
62 218
62 223
62 244
62 252
62 269
62 270
62 271
62 328
62 336
63 70
63 89
63 95
63 100
63 127
63 129
63 136
63 142
63 145
63 179
63 203
63 207
63 218
63 223
63 244
63 252
63 270
63 271
63 328
63 336
64 77
64 95
64 127
64 136
64 145
64 164
64 179
64 196
64 203
64 207
64 218
64 223
64 230
64 244
64 252
64 270
64 271
64 336
65 77
65 95
65 125
65 127
65 136
65 145
65 164
65 179
65 196
65 203
65 207
65 218
65 223
65 230
65 244
65 252
65 270
65 271
65 336
66 77
66 79
66 95
66 127
66 143
66 145
66 164
66 179
66 196
66 203
66 205
66 218
66 223
66 230
66 244
66 252
66 270
66 271
66 324
66 336
67 77
67 79
67 95
67 127
67 143
67 145
67 164
67 179
67 196
67 203
67 205
67 218
67 223
67 230
67 244
67 252
67 270
67 271
67 316
67 324
67 336
68 77
68 79
68 95
68 127
68 143
68 145
68 164
68 193
68 196
68 203
68 205
68 218
68 223
68 230
68 240
68 244
68 252
68 270
68 271
68 316
68 324
68 336
68 349
69 77
69 79
69 95
69 127
69 143
69 145
69 164
69 193
69 196
69 203
69 205
69 230
69 240
69 244
69 252
69 270
69 271
69 274
69 316
69 324
69 336
69 349
70 77
70 79
70 99
70 106
70 127
70 143
70 164
70 193
70 196
70 203
70 205
70 230
70 240
70 244
70 252
70 270
70 271
70 274
70 316
70 324
70 336
70 349
71 92
71 106
71 127
71 143
71 164
71 193
71 196
71 203
71 205
71 230
71 240
71 244
71 248
71 252
71 270
71 271
71 274
71 316
71 324
71 336
71 349
72 75
72 106
72 127
72 143
72 164
72 203
72 205
72 230
72 240
72 244
72 252
72 270
72 271
72 274
72 316
72 324
72 336
72 349
73 75
73 106
73 143
73 164
73 203
73 205
73 230
73 240
73 244
73 252
73 270
73 271
73 274
73 316
73 324
73 336
73 349
74 75
74 83
74 106
74 143
74 203
74 205
74 230
74 240
74 244
74 252
74 270
74 274
74 316
74 324
74 336
74 349
75 75
75 83
75 106
75 109
75 143
75 203
75 205
75 230
75 240
75 244
75 252
75 270
75 274
75 316
75 324
75 336
75 349
76 75
76 83
76 106
76 109
76 143
76 203
76 205
76 230
76 240
76 244
76 252
76 270
76 274
76 316
76 324
76 336
76 349
77 75
77 83
77 106
77 109
77 126
77 143
77 173
77 203
77 205
77 240
77 244
77 251
77 252
77 270
77 274
77 316
77 324
77 336
77 345
77 349
78 75
78 83
78 106
78 109
78 126
78 143
78 173
78 203
78 205
78 240
78 244
78 251
78 252
78 270
78 274
78 316
78 324
78 336
78 345
78 349
79 75
79 83
79 90
79 106
79 109
79 126
79 143
79 173
79 203
79 205
79 240
79 244
79 251
79 252
79 270
79 274
79 316
79 324
79 336
79 345
79 349
80 75
80 82
80 83
80 90
80 96
80 97
80 106
80 109
80 126
80 143
80 173
80 205
80 240
80 244
80 251
80 252
80 270
80 274
80 316
80 324
80 336
80 345
80 349
81 82
81 90
81 96
81 97
81 109
81 126
81 143
81 173
81 205
81 228
81 240
81 244
81 251
81 252
81 270
81 274
81 316
81 324
81 336
81 345
81 349
82 90
82 96
82 97
82 109
82 126
82 143
82 173
82 205
82 227
82 228
82 240
82 244
82 251
82 252
82 270
82 274
82 316
82 324
82 336
82 345
82 349
83 90
83 96
83 97
83 109
83 126
83 143
83 173
83 205
83 227
83 228
83 240
83 244
83 251
83 252
83 270
83 274
83 316
83 324
83 336
83 345
83 349
84 90
84 96
84 97
84 109
84 126
84 143
84 166
84 168
84 205
84 211
84 227
84 228
84 240
84 244
84 251
84 252
84 270
84 274
84 316
84 324
84 336
84 345
84 349
85 90
85 96
85 97
85 102
85 109
85 126
85 143
85 166
85 205
85 211
85 227
85 228
85 240
85 244
85 251
85 252
85 260
85 270
85 274
85 316
85 324
85 336
85 344
85 345
85 349
86 96
86 101
86 102
86 109
86 143
86 166
86 205
86 211
86 227
86 228
86 240
86 244
86 251
86 252
86 260
86 270
86 274
86 316
86 324
86 336
86 344
86 345
86 349
87 96
87 101
87 102
87 143
87 166
87 205
87 211
87 227
87 228
87 240
87 244
87 251
87 252
87 260
87 270
87 274
87 316
87 324
87 336
87 344
87 345
87 349
88 101
88 102
88 143
88 144
88 166
88 205
88 211
88 227
88 228
88 240
88 244
88 251
88 252
88 260
88 274
88 316
88 324
88 336
88 344
88 345
88 349
89 101
89 143
89 144
89 205
89 211
89 227
89 228
89 244
89 251
89 252
89 260
89 274
89 316
89 324
89 334
89 336
89 341
89 344
89 345
89 349
90 117
90 143
90 146
90 151
90 205
90 211
90 217
90 227
90 228
90 244
90 249
90 251
90 260
90 274
90 310
90 316
90 324
90 334
90 336
90 341
90 344
90 349
91 103
91 115
91 154
91 156
91 167
91 205
91 211
91 217
91 220
91 226
91 227
91 228
91 251
91 260
91 274
91 310
91 316
91 324
91 334
91 336
91 341
91 349
92 103
92 154
92 156
92 161
92 167
92 205
92 211
92 217
92 220
92 226
92 227
92 228
92 251
92 260
92 274
92 305
92 310
92 316
92 324
92 332
92 334
92 341
92 349
93 103
93 154
93 156
93 161
93 167
93 205
93 211
93 217
93 220
93 226
93 227
93 228
93 274
93 305
93 310
93 316
93 324
93 331
93 332
93 334
93 341
93 349
94 161
94 167
94 205
94 211
94 220
94 227
94 228
94 231
94 274
94 305
94 310
94 316
94 324
94 331
94 332
94 334
94 341
94 349
95 161
95 167
95 197
95 205
95 211
95 216
95 220
95 227
95 228
95 231
95 274
95 305
95 310
95 316
95 324
95 331
95 332
95 334
95 341
95 349
96 135
96 167
96 197
96 205
96 211
96 216
96 220
96 227
96 228
96 231
96 274
96 305
96 308
96 310
96 316
96 324
96 331
96 332
96 334
96 341
96 349
97 123
97 135
97 141
97 167
97 197
97 205
97 211
97 216
97 220
97 227
97 228
97 231
97 274
97 305
97 308
97 310
97 316
97 331
97 332
97 334
97 341
97 349
98 123
98 135
98 141
98 167
98 197
98 205
98 211
98 220
98 227
98 228
98 231
98 234
98 295
98 305
98 310
98 316
98 331
98 332
98 334
98 341
98 349
99 123
99 135
99 141
99 167
99 197
99 205
99 211
99 220
99 227
99 228
99 231
99 234
99 295
99 305
99 310
99 316
99 331
99 332
99 334
99 341
99 349
100 123
100 141
100 167
100 211
100 220
100 227
100 228
100 231
100 234
100 246
100 295
100 305
100 312
100 316
100 331
100 332
100 334
100 341
100 349
101 123
101 133
101 141
101 167
101 220
101 227
101 228
101 231
101 234
101 246
101 295
101 305
101 312
101 316
101 331
101 332
101 334
101 341
101 349
102 123
102 133
102 141
102 220
102 227
102 228
102 231
102 246
102 295
102 305
102 312
102 316
102 331
102 332
102 334
102 341
102 349
103 123
103 133
103 141
103 220
103 227
103 228
103 231
103 246
103 295
103 305
103 312
103 316
103 331
103 332
103 334
103 341
103 349
104 123
104 133
104 141
104 220
104 227
104 228
104 231
104 246
104 264
104 288
104 295
104 305
104 312
104 316
104 331
104 332
104 334
104 341
104 349
105 123
105 133
105 141
105 202
105 220
105 227
105 228
105 231
105 246
105 264
105 295
105 305
105 312
105 316
105 325
105 331
105 332
105 334
105 341
105 349
106 123
106 133
106 141
106 202
106 220
106 227
106 228
106 246
106 264
106 295
106 305
106 312
106 316
106 325
106 331
106 332
106 334
106 341
106 349
107 123
107 132
107 133
107 141
107 202
107 220
107 227
107 228
107 246
107 264
107 295
107 305
107 312
107 316
107 331
107 332
107 341
107 349
108 123
108 132
108 133
108 141
108 202
108 220
108 227
108 228
108 246
108 264
108 295
108 305
108 312
108 316
108 331
108 332
108 341
108 349
109 123
109 132
109 133
109 141
109 202
109 204
109 220
109 227
109 228
109 264
109 295
109 305
109 312
109 331
109 332
109 341
109 349
110 121
110 123
110 132
110 133
110 141
110 202
110 204
110 220
110 227
110 264
110 295
110 305
110 312
110 331
110 332
110 349
111 123
111 132
111 133
111 141
111 202
111 204
111 213
111 220
111 227
111 264
111 295
111 305
111 312
111 331
111 332
111 349
112 123
112 132
112 133
112 141
112 202
112 204
112 213
112 220
112 227
112 264
112 295
112 305
112 312
112 331
112 332
112 349
113 123
113 132
113 133
113 141
113 202
113 204
113 213
113 220
113 227
113 264
113 295
113 305
113 312
113 314
113 331
113 332
113 349
114 123
114 132
114 133
114 141
114 202
114 204
114 213
114 220
114 227
114 264
114 295
114 305
114 307
114 312
114 314
114 331
114 332
114 349
115 123
115 132
115 133
115 139
115 141
115 204
115 213
115 220
115 227
115 261
115 295
115 305
115 307
115 312
115 314
115 331
115 332
115 349
116 123
116 133
116 139
116 204
116 213
116 220
116 227
116 261
116 295
116 305
116 307
116 312
116 314
116 331
116 332
116 349
117 123
117 133
117 139
117 204
117 213
117 220
117 224
117 227
117 261
117 295
117 305
117 307
117 312
117 314
117 331
117 332
117 349
118 123
118 133
118 139
118 147
118 204
118 213
118 220
118 224
118 227
118 261
118 295
118 305
118 307
118 312
118 314
118 331
118 332
118 349
119 123
119 133
119 139
119 147
119 204
119 213
119 220
119 224
119 227
119 261
119 295
119 305
119 307
119 312
119 314
119 331
119 332
119 349
120 123
120 133
120 139
120 147
120 204
120 213
120 220
120 224
120 227
120 261
120 295
120 305
120 307
120 312
120 314
120 331
120 332
121 123
121 133
121 139
121 147
121 204
121 213
121 220
121 224
121 225
121 227
121 261
121 295
121 307
121 312
121 314
121 326
121 331
121 332
122 133
122 139
122 147
122 204
122 213
122 220
122 225
122 227
122 261
122 295
122 307
122 312
122 314
122 326
122 331
122 332
123 133
123 138
123 147
123 198
123 213
123 227
123 261
123 295
123 300
123 307
123 312
123 314
123 326
123 331
123 332
124 133
124 138
124 147
124 195
124 198
124 213
124 227
124 261
124 295
124 300
124 307
124 312
124 314
124 326
124 331
124 332
125 133
125 138
125 147
125 195
125 198
125 213
125 227
125 261
125 295
125 300
125 307
125 312
125 314
125 326
125 331
125 332
126 133
126 138
126 147
126 195
126 198
126 213
126 227
126 261
126 295
126 300
126 307
126 312
126 314
126 326
126 331
126 332
127 133
127 138
127 147
127 195
127 198
127 213
127 295
127 300
127 307
127 312
127 314
127 326
127 331
127 332
128 133
128 147
128 181
128 187
128 195
128 198
128 229
128 250
128 295
128 300
128 307
128 312
128 314
128 326
128 331
129 133
129 181
129 187
129 195
129 198
129 229
129 250
129 263
129 295
129 307
129 312
129 314
129 326
129 331
130 133
130 181
130 187
130 195
130 198
130 229
130 250
130 263
130 295
130 307
130 312
130 314
130 326
130 331
131 133
131 181
131 187
131 195
131 198
131 229
131 250
131 263
131 295
131 307
131 312
131 314
131 326
131 331
132 133
132 181
132 182
132 195
132 198
132 229
132 250
132 263
132 295
132 307
132 312
132 314
132 326
132 331
133 181
133 195
133 229
133 233
133 250
133 263
133 295
133 301
133 312
133 314
133 326
133 331
134 181
134 195
134 229
134 233
134 250
134 263
134 295
134 312
134 314
134 326
134 331
135 181
135 195
135 229
135 233
135 250
135 263
135 295
135 312
135 314
135 326
135 331
136 181
136 195
136 229
136 233
136 250
136 263
136 295
136 312
136 314
136 326
136 331
137 181
137 195
137 229
137 233
137 250
137 263
137 295
137 312
137 314
137 326
137 331
138 181
138 195
138 229
138 233
138 250
138 295
138 312
138 314
138 326
138 331
139 181
139 195
139 229
139 233
139 250
139 295
139 312
139 314
139 326
139 331
140 155
140 169
140 181
140 195
140 229
140 233
140 250
140 295
140 312
140 314
140 326
140 331
141 155
141 169
141 181
141 195
141 229
141 233
141 250
141 295
141 312
141 314
141 326
141 331
142 155
142 169
142 195
142 209
142 214
142 229
142 233
142 295
142 312
142 326
142 331
142 343
143 155
143 169
143 195
143 209
143 214
143 229
143 233
143 295
143 312
143 326
143 331
143 337
143 343
143 346
144 155
144 169
144 195
144 209
144 214
144 229
144 233
144 295
144 326
144 331
144 337
144 343
144 346
145 169
145 195
145 209
145 214
145 229
145 233
145 295
145 326
145 331
145 337
145 343
145 346
146 159
146 170
146 195
146 209
146 214
146 229
146 233
146 294
146 295
146 326
146 331
146 337
146 343
147 159
147 170
147 195
147 209
147 214
147 229
147 233
147 294
147 295
147 326
147 331
147 337
147 343
148 159
148 170
148 195
148 209
148 214
148 229
148 233
148 294
148 295
148 326
148 331
148 337
148 343
149 159
149 170
149 195
149 209
149 214
149 229
149 233
149 239
149 294
149 295
149 326
149 331
149 337
149 343
150 159
150 165
150 170
150 186
150 206
150 209
150 214
150 229
150 233
150 239
150 294
150 295
150 326
150 331
150 337
150 343
151 159
151 186
151 194
151 206
151 209
151 214
151 229
151 233
151 236
151 276
151 295
151 326
151 331
151 337
151 343
152 159
152 186
152 194
152 206
152 209
152 214
152 229
152 233
152 236
152 276
152 295
152 326
152 331
152 337
152 343
153 159
153 178
153 186
153 194
153 206
153 209
153 214
153 229
153 233
153 236
153 276
153 295
153 326
153 331
153 337
153 343
154 159
154 178
154 186
154 194
154 206
154 209
154 214
154 229
154 233
154 236
154 276
154 295
154 326
154 331
154 337
154 343
155 159
155 178
155 186
155 194
155 209
155 214
155 229
155 233
155 236
155 276
155 295
155 326
155 331
155 337
155 343
156 159
156 178
156 186
156 194
156 209
156 214
156 229
156 233
156 236
156 276
156 295
156 326
156 331
156 337
156 343
157 159
157 178
157 186
157 194
157 209
157 214
157 229
157 233
157 236
157 276
157 295
157 326
157 331
157 337
157 343
158 159
158 178
158 186
158 194
158 199
158 209
158 214
158 229
158 233
158 236
158 238
158 267
158 268
158 276
158 286
158 295
158 331
158 337
158 343
159 159
159 178
159 186
159 194
159 209
159 214
159 229
159 233
159 236
159 238
159 267
159 268
159 276
159 286
159 295
159 331
159 337
159 343
160 159
160 186
160 194
160 209
160 214
160 229
160 233
160 236
160 238
160 262
160 267
160 268
160 276
160 286
160 295
160 331
160 337
160 343
161 159
161 186
161 194
161 209
161 214
161 229
161 233
161 236
161 238
161 262
161 267
161 268
161 276
161 286
161 295
161 331
161 337
161 343
162 159
162 188
162 194
162 209
162 214
162 229
162 233
162 236
162 238
162 262
162 267
162 268
162 276
162 286
162 295
162 331
162 337
163 188
163 189
163 194
163 214
163 229
163 233
163 237
163 268
163 276
163 286
163 295
163 304
163 331
163 337
164 188
164 189
164 194
164 214
164 229
164 233
164 237
164 268
164 276
164 286
164 295
164 304
164 331
164 337
165 188
165 189
165 191
165 194
165 214
165 229
165 233
165 237
165 268
165 276
165 286
165 295
165 304
165 322
165 331
165 337
166 188
166 189
166 191
166 194
166 214
166 229
166 233
166 237
166 268
166 276
166 286
166 295
166 304
166 322
166 331
166 337
167 188
167 189
167 191
167 192
167 200
167 229
167 233
167 268
167 276
167 286
167 295
167 322
167 337
168 188
168 189
168 191
168 192
168 200
168 229
168 233
168 268
168 276
168 286
168 295
168 322
168 337
168 339
169 188
169 191
169 192
169 200
169 221
169 229
169 233
169 268
169 276
169 286
169 295
169 309
169 322
169 337
169 339
170 188
170 191
170 192
170 200
170 221
170 229
170 233
170 268
170 276
170 286
170 295
170 309
170 321
170 322
170 337
170 339
170 347
171 188
171 191
171 192
171 200
171 229
171 258
171 268
171 276
171 286
171 309
171 321
171 322
171 337
171 339
171 347
172 188
172 192
172 200
172 229
172 258
172 268
172 286
172 309
172 319
172 322
172 337
172 339
172 347
173 188
173 192
173 200
173 229
173 258
173 268
173 286
173 309
173 319
173 322
173 337
173 339
173 347
174 192
174 200
174 229
174 258
174 268
174 281
174 286
174 309
174 319
174 322
174 339
174 347
175 192
175 200
175 229
175 258
175 268
175 281
175 286
175 309
175 322
175 339
175 347
176 192
176 200
176 229
176 258
176 268
176 281
176 286
176 309
176 322
176 339
176 347
177 192
177 200
177 229
177 258
177 268
177 281
177 286
177 309
177 322
177 339
178 192
178 200
178 229
178 235
178 258
178 265
178 268
178 281
178 286
178 309
178 322
178 339
179 192
179 200
179 229
179 235
179 258
179 265
179 268
179 281
179 286
179 309
179 322
179 339
180 192
180 200
180 229
180 235
180 258
180 265
180 268
180 281
180 286
180 309
180 322
180 339
181 192
181 200
181 235
181 258
181 265
181 268
181 281
181 286
181 309
181 322
181 339
182 192
182 200
182 235
182 258
182 265
182 268
182 281
182 286
182 309
182 322
182 339
183 192
183 200
183 235
183 253
183 258
183 265
183 268
183 281
183 322
183 339
184 192
184 200
184 210
184 235
184 253
184 258
184 265
184 268
184 281
184 339
185 192
185 200
185 210
185 235
185 253
185 258
185 268
185 281
185 339
186 192
186 200
186 210
186 235
186 253
186 258
186 268
186 281
186 339
187 192
187 200
187 201
187 210
187 235
187 241
187 253
187 268
187 281
187 339
188 192
188 200
188 201
188 210
188 235
188 241
188 253
188 268
188 281
188 339
189 192
189 200
189 201
189 210
189 235
189 241
189 253
189 268
189 281
189 339
190 192
190 200
190 201
190 210
190 235
190 241
190 253
190 255
190 268
190 281
190 339
191 192
191 200
191 201
191 210
191 235
191 241
191 253
191 255
191 268
191 281
191 339
192 192
192 200
192 201
192 210
192 235
192 241
192 253
192 255
192 268
192 281
192 339
193 192
193 200
193 201
193 210
193 235
193 241
193 253
193 255
193 268
193 281
193 339
194 192
194 200
194 210
194 235
194 241
194 253
194 255
194 268
194 281
194 339
195 192
195 200
195 210
195 235
195 241
195 253
195 255
195 268
195 281
195 283
195 339
196 192
196 200
196 210
196 235
196 241
196 253
196 255
196 268
196 281
196 283
196 339
197 192
197 210
197 235
197 241
197 253
197 255
197 281
197 283
198 192
198 210
198 235
198 241
198 253
198 255
198 281
198 283
199 192
199 210
199 235
199 241
199 253
199 255
199 281
199 283
200 192
200 210
200 235
200 241
200 253
200 255
200 281
200 283
201 192
201 210
201 235
201 253
201 255
201 283
202 192
202 210
202 235
202 253
202 255
202 283
203 210
203 235
203 253
203 255
204 210
204 235
204 253
204 255
205 210
205 235
205 253
205 255
206 210
206 235
206 243
206 253
206 255
207 210
207 235
207 243
207 253
207 255
208 235
208 243
208 253
208 255
208 272
208 278
209 235
209 243
209 253
209 255
209 272
209 278
210 235
210 243
210 253
210 255
210 272
210 278
211 235
211 243
211 253
211 255
211 272
211 278
212 235
212 243
212 253
212 255
212 278
213 235
213 243
213 253
213 255
213 278
214 235
214 243
214 253
214 255
214 278
215 235
215 243
215 253
215 255
215 278
215 285
216 235
216 243
216 253
216 255
216 278
216 285
217 235
217 243
217 253
217 255
217 278
217 285
218 235
218 243
218 253
218 255
218 278
218 285
219 235
219 243
219 253
219 255
219 278
219 285
220 235
220 243
220 253
220 255
220 278
220 285
221 243
221 253
221 255
221 278
221 285
221 291
222 243
222 253
222 255
222 256
222 278
222 285
222 291
223 243
223 255
223 256
223 278
223 285
223 291
223 317
224 243
224 255
224 256
224 278
224 285
224 291
224 317
225 256
225 278
225 285
225 291
225 317
226 256
226 257
226 278
226 285
226 291
226 317
227 256
227 257
227 278
227 285
227 291
227 317
228 256
228 257
228 278
228 285
228 291
228 317
229 256
229 257
229 278
229 285
229 291
229 317
230 256
230 257
230 278
230 285
230 291
230 317
231 278
231 291
231 311
231 317
232 278
232 291
232 311
232 317
233 278
233 291
233 311
233 317
234 278
234 291
234 311
234 313
234 317
235 278
235 291
235 311
235 313
235 317
236 278
236 291
236 311
236 313
236 317
237 278
237 291
237 311
237 313
237 317
238 278
238 290
238 291
238 311
238 313
238 317
238 330
239 278
239 290
239 291
239 311
239 313
239 317
239 330
240 278
240 290
240 291
240 311
240 313
240 317
240 330
241 278
241 290
241 291
241 311
241 313
241 317
241 330
242 278
242 290
242 311
242 313
242 317
242 330
243 278
243 290
243 311
243 313
243 317
243 330
244 278
244 290
244 311
244 313
244 317
244 330
245 259
245 275
245 289
245 311
245 313
245 317
245 330
246 259
246 275
246 289
246 311
246 313
246 317
246 330
247 259
247 275
247 289
247 311
247 313
247 317
247 330
247 333
248 259
248 275
248 289
248 306
248 311
248 313
248 317
248 330
248 333
249 259
249 275
249 289
249 306
249 311
249 313
249 317
249 330
249 333
250 259
250 275
250 289
250 306
250 311
250 313
250 317
250 330
250 333
251 259
251 275
251 289
251 306
251 311
251 313
251 317
251 329
251 330
251 333
252 275
252 289
252 306
252 311
252 313
252 317
252 329
252 330
252 333
253 275
253 289
253 306
253 313
253 317
253 333
254 275
254 289
254 306
254 313
254 317
254 333
255 275
255 279
255 289
255 306
255 313
255 317
255 333
256 275
256 279
256 289
256 306
256 313
256 317
256 333
257 275
257 279
257 289
257 313
257 317
257 333
258 275
258 279
258 289
258 313
258 317
258 333
259 275
259 279
259 289
259 313
259 317
259 333
260 275
260 279
260 289
260 313
260 317
260 333
261 275
261 279
261 289
261 313
261 317
261 333
262 275
262 279
262 289
262 313
262 317
262 333
263 275
263 279
263 289
263 313
263 317
263 333
264 275
264 279
264 289
264 313
264 317
264 333
265 275
265 279
265 289
265 313
265 317
265 333
266 275
266 279
266 289
266 313
266 317
266 333
267 275
267 279
267 289
267 313
267 317
267 333
268 275
268 279
268 289
268 313
268 317
268 333
269 275
269 279
269 289
269 313
269 317
269 333
270 275
270 279
270 289
270 313
270 317
270 333
271 275
271 279
271 289
271 313
271 317
271 333
272 275
272 279
272 284
272 313
272 317
272 333
273 275
273 279
273 284
273 313
273 317
273 333
274 275
274 279
274 284
274 317
274 333
275 284
275 317
275 333
276 284
276 287
276 323
276 333
277 284
277 287
277 323
277 333
278 284
278 287
278 323
278 333
279 284
279 287
279 323
279 333
280 284
280 287
280 323
280 333
281 284
281 287
281 323
281 333
282 284
282 287
282 323
282 333
283 284
283 302
283 323
283 333
284 284
284 293
284 302
284 323
284 333
285 284
285 293
285 302
285 323
285 333
286 284
286 293
286 323
286 333
287 284
287 293
287 323
287 333
288 284
288 323
288 333
289 284
289 323
289 333
290 284
290 323
290 333
291 284
291 323
291 333
292 284
292 323
292 333
293 284
293 323
293 333
294 323
294 333
295 323
295 333
296 323
296 333
297 323
297 333
298 318
298 323
298 333
299 318
299 323
299 333
300 318
300 323
300 333
301 318
301 323
301 333
302 318
302 323
302 333
303 318
303 323
303 333
303 342
304 318
304 323
304 333
304 342
305 318
305 323
305 333
305 338
305 342
306 318
306 323
306 333
306 338
306 342
307 318
307 333
307 338
307 342
308 318
308 333
308 338
308 342
309 318
309 333
309 338
309 342
310 318
310 333
310 338
310 342
311 318
311 333
311 338
311 342
312 318
312 333
312 338
312 342
313 333
313 338
313 342
314 333
314 338
314 342
315 333
315 338
315 342
316 333
316 338
316 342
317 333
317 338
317 342
318 333
318 338
318 342
319 333
319 338
319 342
320 333
320 338
320 342
321 333
321 338
321 342
322 333
322 338
322 342
323 333
323 338
323 342
324 333
324 338
324 342
325 333
325 338
325 342
326 333
326 338
326 342
327 333
327 338
327 342
328 333
328 338
328 342
329 333
329 338
329 342
330 333
330 338
330 342
331 338
331 342
332 338
332 342
333 338
333 342
334 338
334 342
335 338
335 342
336 338
336 342
337 338
337 342
338 338
339 338
340 338
341 338
342 338
343 338
344 338
345 338
346 338
347 338
