0 86
1 2
1 13
1 19
1 21
1 24
1 26
1 86
1 96
1 101
1 120
1 150
1 232
2 14
2 15
2 19
2 96
2 120
2 150
2 232
2 252
2 312
3 19
3 22
3 96
3 120
3 150
3 165
3 232
3 252
3 284
3 312
4 19
4 22
4 64
4 96
4 120
4 150
4 165
4 232
4 252
4 284
4 308
4 312
5 19
5 22
5 64
5 96
5 120
5 150
5 165
5 252
5 268
5 284
5 308
5 312
6 19
6 22
6 64
6 81
6 96
6 120
6 126
6 150
6 165
6 252
6 268
6 284
6 308
6 312
7 22
7 64
7 96
7 120
7 126
7 150
7 165
7 219
7 252
7 268
7 284
7 308
7 312
7 344
8 28
8 47
8 64
8 78
8 120
8 126
8 150
8 165
8 219
8 252
8 268
8 284
8 344
9 23
9 47
9 64
9 78
9 79
9 115
9 120
9 126
9 150
9 165
9 219
9 252
9 268
9 284
9 344
10 23
10 32
10 47
10 64
10 78
10 79
10 115
10 120
10 126
10 150
10 160
10 165
10 219
10 252
10 268
10 284
10 298
10 344
11 18
11 23
11 29
11 40
11 47
11 64
11 78
11 79
11 115
11 120
11 126
11 135
11 136
11 150
11 160
11 165
11 219
11 236
11 252
11 268
11 284
11 298
11 309
11 344
12 17
12 27
12 29
12 31
12 40
12 41
12 45
12 47
12 48
12 78
12 79
12 91
12 115
12 120
12 126
12 134
12 135
12 136
12 149
12 150
12 160
12 165
12 236
12 252
12 268
12 284
12 298
12 301
12 309
12 344
13 17
13 27
13 29
13 31
13 40
13 41
13 45
13 47
13 48
13 65
13 74
13 78
13 79
13 91
13 115
13 120
13 126
13 134
13 135
13 136
13 149
13 150
13 160
13 165
13 236
13 252
13 268
13 284
13 298
13 301
13 309
13 344
14 17
14 27
14 29
14 31
14 40
14 41
14 45
14 47
14 48
14 65
14 74
14 78
14 79
14 91
14 115
14 120
14 126
14 134
14 135
14 136
14 149
14 150
14 160
14 165
14 186
14 236
14 252
14 268
14 284
14 298
14 301
14 309
14 344
15 17
15 27
15 29
15 31
15 40
15 41
15 47
15 48
15 65
15 74
15 78
15 79
15 91
15 115
15 120
15 126
15 134
15 135
15 136
15 149
15 150
15 160
15 165
15 186
15 236
15 252
15 268
15 284
15 298
15 301
15 309
15 344
16 17
16 27
16 29
16 31
16 40
16 41
16 47
16 48
16 65
16 74
16 79
16 91
16 115
16 120
16 126
16 134
16 135
16 136
16 149
16 150
16 160
16 165
16 186
16 236
16 252
16 268
16 284
16 298
16 301
16 309
16 344
17 27
17 29
17 31
17 40
17 47
17 48
17 65
17 72
17 74
17 79
17 91
17 115
17 120
17 126
17 134
17 136
17 137
17 150
17 160
17 165
17 186
17 236
17 252
17 264
17 268
17 284
17 298
17 301
17 309
17 344
18 27
18 29
18 31
18 36
18 40
18 47
18 48
18 65
18 72
18 74
18 79
18 91
18 115
18 120
18 126
18 134
18 136
18 137
18 150
18 160
18 165
18 186
18 236
18 252
18 264
18 268
18 284
18 298
18 301
18 309
18 344
19 27
19 29
19 31
19 36
19 40
19 47
19 48
19 65
19 72
19 74
19 79
19 91
19 115
19 120
19 126
19 134
19 136
19 137
19 150
19 160
19 165
19 186
19 193
19 236
19 252
19 264
19 268
19 284
19 298
19 301
19 309
19 344
20 27
20 31
20 36
20 40
20 47
20 48
20 65
20 72
20 74
20 79
20 87
20 91
20 115
20 120
20 126
20 134
20 136
20 137
20 160
20 165
20 186
20 193
20 222
20 236
20 252
20 264
20 268
20 284
20 298
20 301
20 309
20 344
21 25
21 27
21 31
21 36
21 40
21 48
21 65
21 72
21 79
21 87
21 91
21 111
21 115
21 120
21 126
21 134
21 136
21 137
21 160
21 165
21 186
21 193
21 222
21 236
21 252
21 264
21 268
21 284
21 298
21 301
21 309
21 344
22 27
22 33
22 48
22 61
22 63
22 65
22 72
22 79
22 87
22 91
22 111
22 120
22 126
22 127
22 134
22 136
22 137
22 156
22 160
22 165
22 183
22 186
22 196
22 222
22 236
22 252
22 264
22 268
22 284
22 298
22 301
22 309
22 344
23 48
23 63
23 65
23 72
23 79
23 87
23 91
23 111
23 120
23 126
23 127
23 134
23 136
23 137
23 156
23 160
23 165
23 183
23 186
23 196
23 222
23 229
23 236
23 252
23 264
23 268
23 284
23 298
23 301
23 309
23 344
24 48
24 65
24 72
24 79
24 87
24 91
24 111
24 120
24 126
24 127
24 136
24 137
24 156
24 160
24 165
24 183
24 186
24 196
24 222
24 229
24 236
24 252
24 264
24 268
24 284
24 298
24 301
24 309
24 344
25 65
25 72
25 79
25 87
25 91
25 110
25 111
25 120
25 126
25 127
25 136
25 137
25 156
25 160
25 165
25 183
25 186
25 196
25 222
25 229
25 236
25 252
25 264
25 268
25 284
25 298
25 301
25 309
25 344
26 35
26 39
26 65
26 72
26 79
26 87
26 89
26 91
26 110
26 111
26 120
26 126
26 127
26 136
26 137
26 146
26 156
26 160
26 165
26 183
26 186
26 196
26 222
26 229
26 236
26 252
26 264
26 268
26 284
26 298
26 301
26 344
27 35
27 37
27 44
27 54
27 65
27 67
27 79
27 80
27 87
27 89
27 118
27 120
27 127
27 136
27 137
27 146
27 160
27 164
27 165
27 196
27 208
27 222
27 229
27 260
27 264
27 268
27 284
27 298
27 301
27 344
28 35
28 37
28 44
28 54
28 65
28 67
28 79
28 80
28 87
28 89
28 118
28 120
28 127
28 136
28 137
28 146
28 160
28 164
28 165
28 208
28 222
28 229
28 260
28 264
28 268
28 284
28 298
28 301
28 344
29 35
29 37
29 44
29 79
29 80
29 87
29 89
29 118
29 120
29 127
29 136
29 137
29 142
29 146
29 160
29 164
29 165
29 195
29 208
29 222
29 229
29 251
29 260
29 264
29 268
29 284
29 298
29 301
29 311
29 317
29 344
30 34
30 37
30 44
30 56
30 79
30 80
30 87
30 89
30 95
30 118
30 120
30 136
30 137
30 142
30 143
30 146
30 160
30 164
30 165
30 195
30 208
30 222
30 229
30 251
30 260
30 264
30 268
30 284
30 298
30 301
30 311
30 317
30 320
31 34
31 37
31 79
31 80
31 87
31 89
31 95
31 118
31 120
31 136
31 137
31 142
31 143
31 146
31 160
31 164
31 165
31 195
31 208
31 209
31 222
31 229
31 251
31 260
31 264
31 268
31 284
31 298
31 301
31 311
31 317
31 320
32 59
32 75
32 80
32 87
32 89
32 95
32 118
32 123
32 131
32 136
32 137
32 142
32 143
32 160
32 164
32 165
32 195
32 208
32 209
32 222
32 229
32 251
32 260
32 264
32 268
32 284
32 298
32 301
32 311
32 320
32 322
33 59
33 75
33 80
33 87
33 89
33 95
33 118
33 123
33 131
33 136
33 137
33 142
33 143
33 160
33 164
33 165
33 195
33 208
33 209
33 222
33 229
33 251
33 260
33 264
33 268
33 284
33 298
33 301
33 311
33 320
33 322
34 43
34 59
34 75
34 80
34 87
34 89
34 95
34 98
34 107
34 118
34 123
34 131
34 136
34 137
34 142
34 143
34 160
34 161
34 164
34 165
34 195
34 208
34 209
34 222
34 229
34 251
34 260
34 264
34 268
34 284
34 298
34 301
34 311
34 320
34 322
35 43
35 52
35 59
35 75
35 80
35 87
35 89
35 95
35 98
35 107
35 118
35 123
35 131
35 136
35 137
35 142
35 143
35 160
35 161
35 164
35 165
35 195
35 208
35 209
35 222
35 229
35 251
35 260
35 264
35 268
35 284
35 298
35 301
35 311
35 320
35 322
36 53
36 59
36 70
36 80
36 89
36 95
36 98
36 100
36 107
36 118
36 123
36 131
36 132
36 137
36 142
36 143
36 160
36 161
36 164
36 165
36 194
36 195
36 208
36 209
36 229
36 251
36 260
36 264
36 268
36 284
36 298
36 301
36 311
36 320
36 322
37 53
37 59
37 70
37 80
37 89
37 98
37 100
37 107
37 118
37 123
37 131
37 132
37 137
37 142
37 143
37 160
37 161
37 164
37 165
37 194
37 195
37 208
37 209
37 229
37 251
37 260
37 264
37 268
37 284
37 298
37 301
37 311
37 320
37 322
38 50
38 53
38 59
38 70
38 80
38 89
38 98
38 100
38 107
38 118
38 123
38 131
38 132
38 137
38 142
38 143
38 160
38 161
38 164
38 165
38 194
38 195
38 208
38 209
38 229
38 251
38 260
38 264
38 268
38 284
38 298
38 301
38 311
38 320
38 322
39 50
39 53
39 59
39 70
39 80
39 89
39 98
39 100
39 107
39 118
39 123
39 131
39 132
39 137
39 142
39 143
39 160
39 161
39 164
39 165
39 194
39 195
39 208
39 209
39 229
39 251
39 260
39 264
39 268
39 284
39 298
39 301
39 311
39 320
39 322
40 50
40 51
40 59
40 70
40 89
40 98
40 100
40 107
40 118
40 123
40 131
40 137
40 142
40 143
40 160
40 161
40 164
40 165
40 194
40 195
40 208
40 209
40 229
40 251
40 260
40 264
40 268
40 284
40 298
40 301
40 311
40 320
40 322
41 50
41 51
41 59
41 71
41 77
41 89
41 98
41 100
41 107
41 118
41 123
41 131
41 137
41 142
41 143
41 145
41 160
41 161
41 164
41 165
41 195
41 206
41 208
41 209
41 229
41 251
41 260
41 264
41 268
41 284
41 298
41 301
41 311
41 320
41 322
42 50
42 51
42 59
42 71
42 73
42 77
42 89
42 98
42 100
42 107
42 118
42 123
42 131
42 137
42 139
42 142
42 143
42 145
42 160
42 161
42 164
42 165
42 195
42 206
42 208
42 209
42 229
42 251
42 260
42 264
42 268
42 284
42 298
42 311
42 320
42 322
43 50
43 51
43 59
43 71
43 73
43 77
43 98
43 100
43 107
43 118
43 123
43 131
43 137
43 139
43 142
43 143
43 145
43 160
43 161
43 164
43 165
43 195
43 206
43 208
43 209
43 229
43 251
43 260
43 264
43 268
43 284
43 298
43 311
43 320
44 50
44 51
44 59
44 66
44 71
44 73
44 77
44 98
44 100
44 107
44 113
44 118
44 123
44 131
44 137
44 139
44 142
44 143
44 145
44 160
44 161
44 164
44 165
44 195
44 206
44 208
44 209
44 212
44 229
44 251
44 264
44 268
44 284
44 298
44 311
45 50
45 51
45 57
45 59
45 66
45 71
45 77
45 98
45 100
45 107
45 113
45 118
45 123
45 131
45 137
45 139
45 142
45 160
45 161
45 164
45 165
45 195
45 206
45 208
45 209
45 212
45 229
45 251
45 264
45 268
45 284
45 298
46 50
46 51
46 57
46 59
46 66
46 71
46 77
46 98
46 100
46 107
46 113
46 118
46 123
46 131
46 137
46 139
46 142
46 161
46 164
46 165
46 195
46 206
46 208
46 209
46 212
46 229
46 234
46 251
46 264
46 268
46 284
46 298
47 49
47 50
47 51
47 57
47 59
47 71
47 77
47 98
47 113
47 118
47 123
47 131
47 137
47 139
47 142
47 164
47 165
47 195
47 206
47 208
47 209
47 212
47 229
47 234
47 251
47 264
47 268
47 284
47 298
48 49
48 50
48 51
48 57
48 59
48 71
48 77
48 98
48 113
48 118
48 123
48 125
48 131
48 139
48 142
48 164
48 165
48 195
48 206
48 208
48 209
48 212
48 229
48 234
48 251
48 268
48 284
48 298
48 307
49 50
49 59
49 71
49 77
49 90
49 92
49 98
49 106
49 113
49 118
49 123
49 131
49 139
49 142
49 165
49 195
49 206
49 208
49 209
49 212
49 229
49 234
49 251
49 268
49 284
49 298
49 307
50 50
50 59
50 71
50 77
50 90
50 92
50 98
50 106
50 113
50 118
50 123
50 131
50 139
50 142
50 165
50 195
50 206
50 208
50 209
50 212
50 229
50 234
50 251
50 268
50 284
50 298
50 307
51 50
51 59
51 71
51 88
51 90
51 92
51 98
51 106
51 113
51 118
51 123
51 131
51 139
51 142
51 195
51 206
51 208
51 209
51 212
51 229
51 234
51 251
51 268
51 284
51 298
51 307
52 50
52 59
52 71
52 88
52 90
52 98
52 106
52 113
52 118
52 123
52 131
52 139
52 142
52 195
52 206
52 208
52 209
52 229
52 234
52 251
52 268
52 284
52 298
52 307
53 50
53 59
53 71
53 88
53 90
53 98
53 106
53 113
53 118
53 123
53 131
53 133
53 139
53 142
53 195
53 197
53 206
53 208
53 209
53 213
53 234
53 251
53 268
53 284
53 298
53 307
54 60
54 90
54 106
54 118
54 123
54 131
54 133
54 139
54 142
54 195
54 197
54 208
54 209
54 213
54 234
54 251
54 284
54 298
54 307
55 60
55 90
55 106
55 118
55 123
55 131
55 133
55 142
55 158
55 195
55 197
55 208
55 209
55 213
55 228
55 234
55 251
55 284
55 298
55 307
56 60
56 90
56 106
56 118
56 123
56 131
56 133
56 142
56 158
56 195
56 197
56 208
56 209
56 213
56 228
56 234
56 251
56 284
56 298
56 307
57 90
57 106
57 118
57 123
57 131
57 133
57 138
57 142
57 158
57 195
57 197
57 208
57 209
57 213
57 228
57 234
57 251
57 284
57 298
57 307
58 90
58 106
58 118
58 123
58 131
58 133
58 138
58 142
58 158
58 195
58 197
58 208
58 209
58 213
58 228
58 234
58 251
58 284
58 298
58 307
59 82
59 90
59 106
59 109
59 123
59 131
59 133
59 138
59 142
59 158
59 195
59 197
59 208
59 209
59 213
59 228
59 234
59 251
59 284
59 298
59 304
59 307
60 82
60 90
60 106
60 109
60 123
60 131
60 133
60 138
60 142
60 158
60 195
60 197
60 208
60 209
60 213
60 228
60 234
60 251
60 284
60 298
60 304
60 307
61 82
61 90
61 106
61 109
61 123
61 131
61 133
61 138
61 142
61 158
61 195
61 197
61 208
61 209
61 213
61 228
61 234
61 251
61 284
61 298
61 304
61 307
62 82
62 90
62 106
62 109
62 123
62 131
62 133
62 138
62 142
62 158
62 195
62 197
62 208
62 209
62 213
62 228
62 234
62 251
62 284
62 298
62 304
62 307
63 82
63 85
63 90
63 106
63 109
63 123
63 131
63 133
63 138
63 158
63 195
63 197
63 208
63 209
63 213
63 228
63 234
63 251
63 284
63 298
63 304
63 307
64 76
64 82
64 84
64 85
64 90
64 105
64 106
64 109
64 119
64 123
64 131
64 133
64 138
64 158
64 195
64 197
64 208
64 209
64 213
64 228
64 234
64 251
64 284
64 298
64 304
64 307
65 76
65 82
65 84
65 85
65 90
65 105
65 106
65 109
65 119
65 123
65 131
65 133
65 138
65 158
65 191
65 195
65 197
65 208
65 209
65 213
65 228
65 234
65 251
65 284
65 298
65 304
65 307
66 76
66 82
66 84
66 85
66 90
66 105
66 106
66 109
66 117
66 119
66 123
66 131
66 138
66 158
66 191
66 197
66 208
66 209
66 213
66 228
66 234
66 251
66 284
66 298
66 304
66 307
67 76
67 82
67 84
67 85
67 90
67 105
67 106
67 109
67 117
67 119
67 123
67 124
67 131
67 138
67 158
67 191
67 197
67 208
67 209
67 213
67 234
67 251
67 282
67 284
67 298
67 304
67 307
67 319
68 76
68 82
68 84
68 102
68 105
68 106
68 109
68 117
68 123
68 124
68 130
68 131
68 138
68 158
68 191
68 197
68 208
68 209
68 213
68 234
68 251
68 284
68 298
68 304
68 307
68 319
69 76
69 84
69 102
69 105
69 106
69 109
69 124
69 131
69 138
69 158
69 173
69 191
69 197
69 208
69 209
69 213
69 233
69 234
69 251
69 254
69 284
69 289
69 298
69 304
69 307
69 319
70 76
70 94
70 102
70 105
70 106
70 109
70 124
70 131
70 138
70 158
70 173
70 191
70 197
70 208
70 209
70 213
70 233
70 234
70 251
70 254
70 284
70 289
70 298
70 304
70 307
70 319
71 76
71 102
71 105
71 109
71 124
71 138
71 158
71 173
71 191
71 197
71 208
71 209
71 213
71 233
71 234
71 251
71 254
71 284
71 289
71 298
71 304
71 307
71 319
72 76
72 102
72 105
72 109
72 124
72 138
72 141
72 158
72 173
72 191
72 197
72 208
72 209
72 213
72 233
72 234
72 251
72 254
72 284
72 289
72 298
72 304
72 307
72 319
73 76
73 93
73 102
73 105
73 109
73 124
73 138
73 141
73 158
73 173
73 191
73 197
73 208
73 209
73 213
73 233
73 234
73 251
73 254
73 284
73 289
73 298
73 304
73 307
73 319
73 334
74 76
74 93
74 102
74 105
74 109
74 124
74 141
74 162
74 173
74 191
74 197
74 208
74 209
74 233
74 234
74 248
74 251
74 254
74 284
74 289
74 298
74 304
74 307
74 319
74 334
75 76
75 93
75 102
75 109
75 124
75 141
75 162
75 173
75 191
75 197
75 208
75 233
75 234
75 248
75 251
75 254
75 280
75 284
75 289
75 298
75 304
75 307
75 319
75 334
76 76
76 93
76 102
76 109
76 128
76 141
76 191
76 197
76 208
76 233
76 234
76 237
76 248
76 251
76 254
76 280
76 284
76 289
76 298
76 304
76 307
76 319
76 325
76 334
77 76
77 93
77 102
77 109
77 128
77 191
77 197
77 208
77 233
77 234
77 237
77 248
77 251
77 254
77 280
77 284
77 289
77 298
77 304
77 307
77 319
77 325
77 334
77 341
78 76
78 93
78 102
78 109
78 116
78 128
78 191
78 197
78 208
78 233
78 234
78 237
78 248
78 251
78 254
78 280
78 284
78 289
78 298
78 304
78 307
78 319
78 325
78 334
78 341
79 76
79 93
79 102
79 109
79 116
79 128
79 191
79 197
79 208
79 233
79 234
79 237
79 248
79 251
79 254
79 280
79 284
79 289
79 298
79 304
79 307
79 319
79 325
79 334
79 341
80 76
80 93
80 102
80 109
80 116
80 128
80 191
80 197
80 208
80 233
80 234
80 237
80 248
80 251
80 254
80 280
80 284
80 289
80 298
80 304
80 307
80 319
80 325
80 334
80 341
81 76
81 93
81 102
81 109
81 116
81 128
81 191
81 197
81 208
81 233
81 234
81 237
81 248
81 251
81 254
81 280
81 284
81 289
81 298
81 304
81 307
81 319
81 325
81 334
81 341
82 109
82 114
82 116
82 128
82 151
82 155
82 191
82 197
82 208
82 233
82 234
82 237
82 248
82 251
82 253
82 254
82 275
82 280
82 284
82 289
82 298
82 304
82 319
82 325
82 334
82 340
82 341
83 109
83 114
83 116
83 128
83 151
83 155
83 191
83 197
83 208
83 233
83 234
83 237
83 248
83 251
83 253
83 254
83 275
83 280
83 284
83 289
83 298
83 304
83 319
83 325
83 334
83 340
83 341
84 109
84 114
84 116
84 128
84 151
84 155
84 191
84 197
84 208
84 234
84 237
84 248
84 251
84 253
84 254
84 275
84 280
84 284
84 289
84 298
84 299
84 304
84 319
84 325
84 334
84 340
84 341
85 109
85 114
85 116
85 128
85 151
85 155
85 191
85 197
85 208
85 234
85 237
85 248
85 251
85 253
85 254
85 275
85 280
85 284
85 289
85 298
85 299
85 304
85 319
85 325
85 334
85 340
85 341
86 109
86 114
86 116
86 128
86 151
86 197
86 208
86 226
86 234
86 237
86 248
86 251
86 253
86 254
86 275
86 280
86 284
86 298
86 299
86 304
86 319
86 325
86 334
86 340
86 341
87 109
87 114
87 116
87 128
87 197
87 208
87 226
87 234
87 237
87 248
87 251
87 253
87 254
87 275
87 284
87 298
87 299
87 304
87 319
87 325
87 334
87 340
87 341
88 109
88 116
88 128
88 197
88 208
88 226
88 234
88 237
88 248
88 251
88 253
88 254
88 275
88 284
88 298
88 299
88 304
88 319
88 325
88 334
88 340
88 341
89 109
89 128
89 226
89 234
89 237
89 248
89 251
89 253
89 254
89 275
89 284
89 298
89 299
89 304
89 319
89 325
89 334
89 340
89 341
90 109
90 128
90 187
90 226
90 234
90 237
90 251
90 253
90 254
90 275
90 284
90 298
90 299
90 319
90 325
90 334
90 340
90 341
91 104
91 109
91 128
91 177
91 187
91 226
91 234
91 237
91 244
91 251
91 253
91 254
91 275
91 284
91 298
91 299
91 303
91 319
91 325
91 334
91 340
91 341
92 104
92 109
92 128
92 177
92 187
92 226
92 234
92 237
92 244
92 251
92 253
92 254
92 275
92 284
92 298
92 299
92 303
92 319
92 325
92 334
92 340
92 341
93 104
93 109
93 128
93 177
93 187
93 226
93 234
93 237
93 244
93 251
93 253
93 254
93 275
93 284
93 298
93 299
93 303
93 319
93 325
93 334
93 340
93 341
94 104
94 109
94 121
94 129
94 182
94 187
94 224
94 226
94 234
94 237
94 244
94 251
94 253
94 254
94 275
94 284
94 295
94 298
94 299
94 303
94 319
94 325
94 329
94 334
94 340
94 341
95 103
95 104
95 109
95 121
95 129
95 182
95 187
95 224
95 226
95 234
95 237
95 244
95 246
95 251
95 253
95 254
95 275
95 284
95 295
95 298
95 299
95 303
95 319
95 325
95 329
95 334
95 340
95 341
96 103
96 104
96 121
96 122
96 129
96 182
96 187
96 224
96 226
96 234
96 237
96 244
96 246
96 251
96 253
96 254
96 261
96 275
96 284
96 295
96 298
96 299
96 303
96 319
96 329
96 334
96 340
96 341
97 103
97 104
97 121
97 122
97 129
97 182
97 187
97 224
97 226
97 234
97 237
97 244
97 246
97 251
97 253
97 254
97 261
97 275
97 284
97 295
97 298
97 299
97 303
97 319
97 329
97 334
97 340
97 341
98 103
98 104
98 121
98 122
98 129
98 182
98 187
98 199
98 216
98 224
98 225
98 226
98 234
98 237
98 244
98 246
98 253
98 254
98 261
98 272
98 275
98 284
98 295
98 296
98 298
98 299
98 303
98 319
98 329
98 334
98 340
98 341
99 103
99 104
99 121
99 122
99 129
99 182
99 187
99 199
99 216
99 224
99 225
99 226
99 234
99 237
99 244
99 246
99 253
99 254
99 261
99 272
99 275
99 284
99 295
99 296
99 298
99 299
99 303
99 319
99 329
99 334
99 340
99 341
100 103
100 104
100 121
100 122
100 129
100 182
100 187
100 199
100 216
100 224
100 225
100 226
100 234
100 237
100 244
100 246
100 253
100 254
100 261
100 272
100 275
100 284
100 295
100 296
100 298
100 299
100 303
100 319
100 329
100 334
100 340
100 341
101 103
101 104
101 121
101 122
101 129
101 182
101 187
101 199
101 216
101 224
101 225
101 226
101 234
101 237
101 244
101 246
101 253
101 254
101 261
101 272
101 275
101 284
101 295
101 296
101 298
101 299
101 303
101 319
101 329
101 334
101 340
101 341
102 103
102 104
102 121
102 122
102 129
102 182
102 187
102 199
102 216
102 224
102 225
102 226
102 234
102 237
102 244
102 246
102 254
102 261
102 272
102 284
102 295
102 296
102 298
102 299
102 303
102 329
102 334
102 340
102 341
103 103
103 121
103 122
103 129
103 172
103 179
103 182
103 187
103 199
103 216
103 224
103 225
103 234
103 237
103 244
103 246
103 261
103 272
103 284
103 285
103 295
103 296
103 299
103 303
103 329
103 334
103 340
103 341
104 103
104 121
104 122
104 129
104 172
104 179
104 182
104 187
104 199
104 215
104 216
104 224
104 225
104 234
104 237
104 241
104 244
104 246
104 261
104 272
104 284
104 285
104 295
104 296
104 299
104 303
104 329
104 334
104 340
104 341
105 103
105 121
105 122
105 129
105 172
105 179
105 182
105 187
105 199
105 215
105 216
105 224
105 225
105 234
105 237
105 241
105 244
105 246
105 261
105 272
105 284
105 285
105 295
105 296
105 299
105 303
105 329
105 334
105 340
106 103
106 121
106 122
106 129
106 172
106 179
106 182
106 187
106 199
106 215
106 216
106 224
106 225
106 234
106 237
106 241
106 244
106 246
106 261
106 272
106 284
106 285
106 295
106 296
106 299
106 303
106 329
106 334
106 340
107 121
107 122
107 129
107 172
107 179
107 182
107 187
107 199
107 215
107 216
107 224
107 225
107 234
107 237
107 241
107 244
107 246
107 261
107 272
107 284
107 285
107 294
107 295
107 296
107 299
107 303
107 329
107 334
107 340
108 121
108 122
108 129
108 172
108 179
108 182
108 187
108 199
108 215
108 216
108 224
108 225
108 234
108 237
108 241
108 244
108 246
108 261
108 272
108 284
108 285
108 294
108 295
108 296
108 299
108 303
108 305
108 334
108 340
109 121
109 122
109 129
109 172
109 179
109 182
109 187
109 199
109 215
109 216
109 224
109 225
109 234
109 237
109 241
109 244
109 246
109 261
109 272
109 284
109 285
109 294
109 295
109 296
109 303
109 334
109 340
110 121
110 122
110 129
110 172
110 179
110 182
110 187
110 199
110 215
110 216
110 224
110 225
110 234
110 237
110 241
110 246
110 261
110 265
110 272
110 284
110 285
110 294
110 295
110 296
110 303
110 334
111 121
111 122
111 129
111 179
111 182
111 187
111 199
111 215
111 224
111 225
111 234
111 237
111 241
111 246
111 261
111 265
111 272
111 284
111 285
111 294
111 295
111 296
111 303
111 334
111 348
112 121
112 122
112 129
112 170
112 179
112 182
112 187
112 199
112 215
112 224
112 225
112 234
112 237
112 241
112 246
112 261
112 265
112 272
112 284
112 285
112 294
112 296
112 303
112 334
112 348
113 121
113 122
113 129
113 170
113 179
113 182
113 187
113 199
113 215
113 224
113 225
113 234
113 237
113 241
113 245
113 246
113 261
113 265
113 272
113 284
113 285
113 294
113 296
113 303
113 334
113 348
114 122
114 170
114 179
114 182
114 187
114 189
114 199
114 215
114 224
114 225
114 234
114 237
114 241
114 245
114 246
114 261
114 265
114 272
114 284
114 285
114 294
114 296
114 303
114 334
114 348
115 122
115 170
115 179
115 182
115 187
115 189
115 199
115 215
115 224
115 225
115 234
115 237
115 241
115 245
115 246
115 261
115 265
115 272
115 284
115 285
115 294
115 296
115 303
115 334
115 348
116 122
116 157
116 170
116 179
116 182
116 187
116 189
116 199
116 200
116 215
116 224
116 225
116 234
116 237
116 241
116 245
116 246
116 261
116 265
116 272
116 284
116 285
116 294
116 296
116 303
116 334
116 348
117 122
117 157
117 170
117 179
117 182
117 187
117 189
117 199
117 200
117 215
117 224
117 225
117 234
117 237
117 241
117 245
117 246
117 261
117 265
117 272
117 284
117 285
117 294
117 296
117 303
117 334
117 348
118 157
118 170
118 175
118 179
118 182
118 187
118 189
118 199
118 200
118 215
118 224
118 225
118 234
118 237
118 238
118 241
118 245
118 246
118 261
118 265
118 272
118 273
118 284
118 285
118 296
118 303
118 334
119 157
119 170
119 175
119 179
119 182
119 187
119 189
119 199
119 200
119 215
119 224
119 225
119 234
119 237
119 238
119 241
119 245
119 246
119 261
119 265
119 272
119 273
119 284
119 285
119 296
119 303
119 334
120 157
120 170
120 175
120 179
120 182
120 187
120 189
120 199
120 200
120 215
120 224
120 225
120 234
120 237
120 238
120 241
120 245
120 246
120 261
120 265
120 272
120 273
120 284
120 285
120 296
120 303
120 334
121 157
121 170
121 175
121 179
121 182
121 187
121 189
121 199
121 200
121 215
121 224
121 225
121 234
121 237
121 238
121 241
121 245
121 246
121 261
121 265
121 272
121 273
121 284
121 285
121 296
121 303
121 334
122 157
122 170
122 175
122 179
122 182
122 187
122 189
122 199
122 200
122 215
122 224
122 225
122 234
122 237
122 238
122 241
122 245
122 246
122 261
122 265
122 272
122 279
122 284
122 285
122 296
122 303
122 334
123 157
123 159
123 170
123 175
123 179
123 182
123 189
123 199
123 200
123 215
123 224
123 225
123 234
123 237
123 238
123 241
123 243
123 245
123 246
123 261
123 265
123 272
123 279
123 284
123 285
123 287
123 296
123 303
123 334
124 157
124 159
124 170
124 175
124 179
124 182
124 189
124 199
124 200
124 215
124 224
124 225
124 234
124 237
124 238
124 241
124 243
124 245
124 246
124 261
124 265
124 272
124 279
124 285
124 287
124 296
124 303
124 334
125 157
125 159
125 170
125 175
125 179
125 182
125 189
125 199
125 200
125 215
125 224
125 225
125 234
125 237
125 238
125 241
125 243
125 245
125 246
125 261
125 265
125 272
125 279
125 285
125 287
125 296
125 303
125 334
126 157
126 159
126 170
126 175
126 179
126 182
126 189
126 199
126 215
126 224
126 225
126 234
126 237
126 238
126 241
126 243
126 245
126 246
126 261
126 265
126 272
126 279
126 285
126 287
126 296
126 303
126 330
126 334
127 157
127 159
127 170
127 175
127 179
127 182
127 189
127 199
127 215
127 224
127 225
127 234
127 237
127 238
127 241
127 243
127 245
127 246
127 261
127 265
127 272
127 279
127 285
127 287
127 296
127 303
127 330
127 334
128 157
128 159
128 170
128 175
128 179
128 182
128 189
128 199
128 215
128 224
128 225
128 234
128 237
128 238
128 241
128 243
128 245
128 246
128 261
128 265
128 272
128 279
128 285
128 287
128 296
128 303
128 330
128 334
129 157
129 159
129 170
129 175
129 179
129 182
129 189
129 199
129 215
129 224
129 234
129 237
129 238
129 241
129 243
129 245
129 246
129 261
129 265
129 272
129 285
129 287
129 296
129 303
129 330
129 334
130 157
130 159
130 170
130 175
130 179
130 182
130 189
130 190
130 199
130 215
130 224
130 234
130 237
130 238
130 241
130 243
130 245
130 246
130 261
130 265
130 272
130 285
130 287
130 296
130 303
130 330
130 334
131 157
131 159
131 175
131 179
131 182
131 189
131 190
131 199
131 203
131 215
131 224
131 234
131 237
131 238
131 241
131 246
131 261
131 265
131 272
131 285
131 287
131 296
131 303
131 330
131 334
132 144
132 157
132 166
132 175
132 179
132 182
132 189
132 190
132 199
132 203
132 215
132 224
132 237
132 238
132 241
132 246
132 258
132 261
132 265
132 272
132 303
133 144
133 157
133 166
133 175
133 179
133 182
133 189
133 190
133 199
133 203
133 215
133 224
133 237
133 238
133 241
133 246
133 258
133 261
133 265
133 272
133 303
134 148
134 157
134 166
134 175
134 179
134 182
134 189
134 190
134 203
134 215
134 224
134 237
134 238
134 241
134 246
134 258
134 261
134 265
134 272
134 303
135 148
135 154
135 157
135 166
135 175
135 179
135 182
135 189
135 190
135 203
135 215
135 218
135 224
135 237
135 238
135 246
135 250
135 258
135 261
135 265
135 272
135 303
136 148
136 154
136 157
136 166
136 168
136 175
136 179
136 182
136 189
136 190
136 203
136 215
136 218
136 224
136 237
136 238
136 246
136 250
136 258
136 261
136 265
136 272
136 281
136 303
136 336
137 140
137 148
137 154
137 166
137 168
137 175
137 179
137 182
137 189
137 190
137 192
137 215
137 218
137 224
137 237
137 238
137 246
137 250
137 258
137 261
137 265
137 272
137 281
137 303
137 336
138 140
138 148
138 154
138 166
138 168
138 175
138 179
138 182
138 189
138 190
138 192
138 215
138 218
138 224
138 237
138 238
138 246
138 250
138 258
138 261
138 265
138 272
138 281
138 303
138 336
139 140
139 148
139 154
139 166
139 168
139 179
139 182
139 190
139 192
139 215
139 218
139 224
139 237
139 238
139 246
139 250
139 258
139 261
139 265
139 272
139 281
139 303
139 336
140 140
140 148
140 154
140 166
140 168
140 179
140 182
140 190
140 192
140 215
140 218
140 224
140 237
140 238
140 246
140 250
140 258
140 261
140 265
140 272
140 281
140 303
140 336
141 140
141 148
141 166
141 168
141 179
141 182
141 190
141 192
141 215
141 218
141 224
141 237
141 238
141 246
141 250
141 258
141 261
141 265
141 281
141 303
141 336
142 140
142 148
142 166
142 168
142 179
142 182
142 190
142 192
142 215
142 218
142 224
142 237
142 238
142 250
142 258
142 261
142 265
142 281
142 303
142 336
142 343
143 148
143 152
143 166
143 179
143 180
143 182
143 190
143 192
143 215
143 218
143 224
143 238
143 250
143 258
143 261
143 262
143 265
143 281
143 303
143 314
143 336
143 343
144 148
144 152
144 166
144 179
144 180
144 182
144 190
144 192
144 215
144 218
144 224
144 238
144 250
144 258
144 261
144 262
144 265
144 281
144 303
144 336
144 343
145 148
145 152
145 174
145 179
145 180
145 181
145 184
145 190
145 192
145 215
145 218
145 224
145 230
145 238
145 250
145 258
145 261
145 262
145 303
145 336
146 148
146 152
146 167
146 174
146 179
146 180
146 181
146 184
146 190
146 192
146 215
146 218
146 224
146 230
146 238
146 250
146 258
146 261
146 262
146 300
146 303
146 336
147 148
147 152
147 167
147 169
147 174
147 179
147 180
147 181
147 190
147 215
147 218
147 224
147 230
147 238
147 250
147 258
147 261
147 262
147 300
147 303
147 336
148 148
148 152
148 167
148 169
148 174
148 179
148 180
148 181
148 190
148 215
148 218
148 224
148 230
148 238
148 250
148 258
148 261
148 262
148 300
148 303
148 336
149 148
149 152
149 167
149 169
149 174
149 179
149 180
149 181
149 190
149 215
149 218
149 224
149 230
149 238
149 250
149 258
149 261
149 262
149 300
149 303
149 336
149 346
150 148
150 152
150 167
150 169
150 174
150 179
150 180
150 190
150 215
150 218
150 224
150 230
150 238
150 250
150 258
150 261
150 300
150 303
150 336
150 346
151 148
151 152
151 167
151 169
151 174
151 179
151 180
151 215
151 218
151 224
151 230
151 238
151 250
151 258
151 261
151 300
151 303
151 336
151 346
152 148
152 152
152 167
152 169
152 174
152 179
152 180
152 215
152 218
152 224
152 230
152 238
152 250
152 258
152 261
152 300
152 303
152 336
152 346
153 148
153 167
153 169
153 174
153 179
153 180
153 215
153 218
153 230
153 238
153 250
153 258
153 300
153 303
153 336
153 346
154 148
154 167
154 169
154 174
154 179
154 180
154 215
154 218
154 230
154 238
154 250
154 258
154 300
154 303
154 336
154 346
155 148
155 167
155 169
155 174
155 179
155 180
155 215
155 230
155 238
155 250
155 258
155 300
155 303
155 346
156 148
156 167
156 169
156 174
156 179
156 180
156 215
156 230
156 238
156 250
156 258
156 300
156 303
156 346
157 148
157 167
157 169
157 174
157 179
157 215
157 230
157 238
157 250
157 258
157 300
157 303
157 339
157 346
158 148
158 167
158 169
158 174
158 179
158 215
158 230
158 238
158 263
158 300
158 302
158 303
158 331
158 339
158 346
159 148
159 167
159 188
159 215
159 220
159 230
159 238
159 263
159 300
159 302
159 303
159 331
159 339
160 163
160 167
160 188
160 215
160 220
160 230
160 238
160 249
160 263
160 297
160 300
160 302
160 303
160 331
160 339
161 188
161 220
161 230
161 238
161 249
161 257
161 263
161 277
161 297
161 300
161 302
161 331
161 339
162 198
162 220
162 230
162 238
162 249
162 257
162 263
162 276
162 277
162 297
162 300
162 302
162 331
162 339
163 198
163 207
163 220
163 230
163 238
163 249
163 257
163 263
163 276
163 277
163 297
163 300
163 302
163 315
163 331
163 339
164 198
164 207
164 217
164 220
164 238
164 249
164 257
164 263
164 276
164 277
164 297
164 300
164 302
164 315
164 331
164 339
165 198
165 207
165 217
165 220
165 238
165 249
165 257
165 263
165 276
165 277
165 297
165 300
165 302
165 315
165 331
165 339
166 171
166 198
166 207
166 217
166 220
166 238
166 239
166 249
166 263
166 276
166 277
166 297
166 306
166 315
166 331
166 339
167 171
167 176
167 198
167 207
167 217
167 220
167 238
167 239
167 249
167 259
167 263
167 276
167 277
167 297
167 306
167 315
167 331
167 339
168 176
168 198
168 207
168 217
168 220
168 238
168 239
168 249
168 259
168 263
168 276
168 277
168 297
168 306
168 315
168 331
168 339
169 176
169 198
169 214
169 217
169 220
169 238
169 239
169 249
169 263
169 270
169 276
169 277
169 297
169 306
169 315
169 331
169 339
170 176
170 198
170 214
170 217
170 220
170 238
170 239
170 249
170 263
170 270
170 276
170 277
170 297
170 306
170 315
170 331
170 339
171 176
171 198
171 214
171 217
171 220
171 238
171 239
171 249
171 263
171 270
171 276
171 277
171 297
171 306
171 315
171 331
171 339
172 176
172 198
172 214
172 220
172 238
172 239
172 249
172 263
172 270
172 276
172 297
172 306
172 315
172 324
172 331
172 339
173 176
173 198
173 214
173 220
173 238
173 239
173 256
173 263
173 270
173 286
173 297
173 315
173 331
173 339
173 342
174 176
174 198
174 214
174 220
174 238
174 239
174 256
174 263
174 270
174 286
174 297
174 315
174 331
174 339
174 342
175 176
175 198
175 201
175 220
175 238
175 256
175 263
175 270
175 283
175 286
175 297
175 315
175 331
175 339
175 342
176 176
176 198
176 201
176 204
176 220
176 238
176 256
176 263
176 270
176 283
176 286
176 297
176 315
176 331
176 339
176 342
177 176
177 198
177 201
177 204
177 220
177 238
177 256
177 263
177 270
177 283
177 286
177 297
177 315
177 331
177 339
177 342
178 176
178 198
178 201
178 204
178 220
178 238
178 256
178 263
178 270
178 283
178 286
178 297
178 315
178 331
178 339
178 342
179 176
179 198
179 201
179 220
179 238
179 256
179 263
179 270
179 283
179 286
179 297
179 315
179 331
179 339
179 342
180 176
180 198
180 201
180 220
180 238
180 256
180 263
180 270
180 283
180 286
180 297
180 315
180 331
180 339
180 342
181 176
181 198
181 201
181 220
181 227
181 238
181 256
181 263
181 270
181 283
181 286
181 297
181 315
181 331
181 339
181 342
182 198
182 201
182 227
182 238
182 263
182 270
182 283
182 286
182 293
182 297
182 315
182 326
182 331
182 339
183 198
183 201
183 211
183 227
183 238
183 263
183 270
183 286
183 293
183 297
183 315
183 326
183 331
183 339
184 198
184 201
184 211
184 238
184 242
184 263
184 270
184 286
184 293
184 297
184 315
184 326
184 339
185 198
185 201
185 211
185 238
185 242
185 263
185 270
185 286
185 293
185 297
185 315
185 326
185 339
186 198
186 201
186 211
186 238
186 242
186 263
186 270
186 286
186 293
186 297
186 315
186 326
186 339
187 198
187 201
187 211
187 238
187 242
187 263
187 270
187 286
187 293
187 297
187 315
187 326
187 339
188 198
188 201
188 211
188 238
188 242
188 263
188 270
188 286
188 293
188 297
188 315
188 326
189 198
189 201
189 211
189 238
189 242
189 263
189 270
189 286
189 293
189 315
189 326
190 198
190 201
190 211
190 238
190 242
190 263
190 270
190 286
190 293
190 315
190 326
191 198
191 201
191 211
191 238
191 242
191 263
191 270
191 286
191 293
191 315
191 326
192 198
192 201
192 205
192 211
192 263
192 270
192 286
192 293
192 315
192 326
193 198
193 201
193 205
193 211
193 255
193 263
193 270
193 286
193 293
193 315
193 326
194 198
194 201
194 205
194 211
194 255
194 263
194 270
194 286
194 293
194 315
194 326
195 198
195 201
195 205
195 211
195 255
195 263
195 270
195 286
195 293
195 326
196 198
196 201
196 205
196 211
196 255
196 263
196 270
196 286
196 293
196 326
197 198
197 201
197 205
197 211
197 255
197 263
197 270
197 286
197 293
197 326
198 198
198 201
198 205
198 211
198 255
198 263
198 270
198 286
198 293
198 326
199 201
199 205
199 211
199 255
199 263
199 270
199 286
199 293
199 326
199 347
200 201
200 205
200 211
200 255
200 263
200 270
200 286
200 293
200 326
200 347
201 201
201 205
201 211
201 255
201 263
201 270
201 286
201 293
201 326
201 347
202 201
202 205
202 211
202 255
202 263
202 270
202 286
202 293
202 326
202 347
203 205
203 211
203 255
203 263
203 270
203 286
203 293
203 326
203 347
204 205
204 211
204 255
204 263
204 293
204 326
204 347
205 205
205 211
205 255
205 263
205 293
205 326
205 347
206 205
206 211
206 255
206 263
206 293
206 326
207 205
207 211
207 255
207 263
207 293
207 326
208 205
208 211
208 255
208 263
208 293
208 326
209 205
209 211
209 255
209 263
209 293
209 326
210 205
210 211
210 255
210 263
210 293
210 326
211 205
211 211
211 255
211 263
211 293
211 326
212 205
212 211
212 255
212 263
212 293
212 313
212 326
212 349
213 205
213 211
213 255
213 263
213 293
213 313
213 326
213 349
214 205
214 211
214 263
214 293
214 313
214 326
214 349
215 205
215 211
215 240
215 263
215 293
215 313
215 326
215 349
216 205
216 211
216 221
216 240
216 247
216 263
216 274
216 288
216 293
216 313
216 326
216 349
217 205
217 211
217 231
217 240
217 263
217 269
217 274
217 288
217 293
217 313
217 326
217 349
218 205
218 211
218 231
218 240
218 263
218 269
218 274
218 288
218 293
218 313
218 326
218 349
219 211
219 223
219 231
219 240
219 263
219 269
219 274
219 288
219 293
219 313
219 326
219 349
220 211
220 231
220 240
220 263
220 269
220 274
220 288
220 293
220 313
220 326
220 349
221 211
221 231
221 240
221 263
221 269
221 274
221 288
221 293
221 313
221 326
221 349
222 231
222 240
222 263
222 266
222 269
222 274
222 288
222 290
222 293
222 316
222 326
222 335
222 349
223 231
223 240
223 263
223 266
223 269
223 274
223 288
223 290
223 293
223 316
223 326
223 349
224 231
224 240
224 263
224 266
224 269
224 274
224 288
224 290
224 293
224 316
224 326
224 349
225 231
225 240
225 263
225 266
225 269
225 274
225 288
225 290
225 293
225 316
225 326
225 349
226 231
226 240
226 263
226 266
226 269
226 274
226 288
226 290
226 293
226 316
226 326
226 349
227 231
227 240
227 263
227 266
227 269
227 274
227 288
227 290
227 293
227 316
227 326
227 349
228 231
228 240
228 263
228 266
228 269
228 274
228 288
228 290
228 293
228 316
228 326
228 349
229 240
229 263
229 266
229 269
229 274
229 288
229 290
229 293
229 316
229 326
229 327
229 349
230 240
230 263
230 266
230 269
230 274
230 288
230 290
230 293
230 316
230 326
230 327
230 349
231 240
231 263
231 266
231 269
231 274
231 288
231 290
231 293
231 316
231 326
231 327
231 349
232 240
232 263
232 266
232 269
232 274
232 288
232 290
232 291
232 292
232 293
232 326
232 327
232 349
233 240
233 263
233 266
233 274
233 290
233 291
233 292
233 293
233 326
233 349
234 240
234 263
234 266
234 274
234 290
234 291
234 292
234 293
234 326
234 349
235 240
235 263
235 266
235 274
235 290
235 291
235 292
235 293
235 326
235 349
236 240
236 263
236 266
236 274
236 290
236 291
236 292
236 293
236 349
237 240
237 263
237 266
237 274
237 290
237 291
237 292
237 293
238 240
238 263
238 266
238 274
238 290
238 291
238 292
238 293
239 240
239 263
239 266
239 274
239 290
239 291
239 292
239 293
240 240
240 263
240 266
240 274
240 290
240 291
240 292
240 293
241 240
241 263
241 266
241 274
241 290
241 291
241 292
241 293
242 240
242 263
242 266
242 274
242 290
242 291
242 292
242 293
243 240
243 263
243 266
243 274
243 290
243 291
243 292
243 293
244 240
244 263
244 266
244 274
244 290
244 291
244 292
244 293
245 240
245 263
245 266
245 274
245 290
245 291
245 292
245 293
246 240
246 263
246 266
246 274
246 290
246 291
246 292
246 293
247 240
247 263
247 266
247 274
247 290
247 291
247 292
247 293
247 321
248 240
248 263
248 266
248 267
248 274
248 290
248 291
248 292
248 293
248 321
249 240
249 263
249 266
249 267
249 274
249 290
249 291
249 292
249 293
249 321
250 240
250 263
250 266
250 267
250 274
250 290
250 291
250 292
250 293
250 321
251 240
251 263
251 266
251 267
251 274
251 290
251 291
251 292
251 293
251 321
252 240
252 263
252 266
252 267
252 274
252 290
252 291
252 292
252 293
252 321
253 240
253 263
253 266
253 267
253 274
253 290
253 291
253 292
253 293
253 321
254 240
254 263
254 266
254 267
254 274
254 290
254 291
254 292
254 293
254 321
254 328
254 333
255 263
255 266
255 267
255 274
255 290
255 291
255 292
255 293
255 321
255 328
255 333
256 263
256 266
256 267
256 274
256 290
256 291
256 292
256 293
256 321
256 328
256 333
257 263
257 266
257 267
257 274
257 290
257 291
257 292
257 293
257 321
257 328
257 333
258 263
258 266
258 267
258 274
258 290
258 291
258 292
258 293
258 321
258 328
258 333
259 263
259 266
259 267
259 274
259 290
259 291
259 292
259 321
259 328
260 263
260 266
260 267
260 274
260 290
260 291
260 292
260 321
260 328
261 263
261 266
261 267
261 274
261 278
261 290
261 291
261 292
261 321
261 328
262 263
262 266
262 267
262 278
262 290
262 291
262 292
262 321
263 263
263 266
263 267
263 278
263 290
263 291
263 292
263 321
264 263
264 266
264 267
264 278
264 290
264 291
264 292
264 321
265 263
265 266
265 267
265 278
265 290
265 291
265 292
265 321
266 263
266 266
266 267
266 278
266 290
266 291
266 292
266 321
267 263
267 266
267 267
267 278
267 291
267 292
267 321
268 263
268 266
268 267
268 278
268 291
268 292
268 321
269 263
269 266
269 267
269 278
269 291
269 292
269 321
270 263
270 266
270 267
270 278
270 291
270 292
270 321
271 263
271 266
271 267
271 278
271 291
271 292
271 321
272 263
272 266
272 267
272 278
272 291
272 292
272 321
273 263
273 266
273 267
273 278
273 291
273 292
273 321
274 263
274 266
274 278
274 291
274 292
274 321
275 263
275 266
275 278
275 291
275 292
275 321
276 263
276 266
276 278
276 291
276 292
276 321
277 263
277 266
277 278
277 291
277 292
277 321
277 338
278 263
278 266
278 278
278 291
278 292
278 321
278 338
279 263
279 266
279 278
279 291
279 292
279 321
279 338
280 263
280 266
280 278
280 291
280 292
280 321
280 338
281 263
281 266
281 278
281 291
281 292
281 321
281 338
282 263
282 266
282 278
282 291
282 292
282 321
282 338
283 263
283 266
283 278
283 291
283 321
283 338
284 263
284 266
284 278
284 291
284 321
284 337
284 338
285 263
285 266
285 278
285 291
285 337
285 338
286 263
286 266
286 278
286 291
286 337
286 338
287 263
287 266
287 278
287 291
287 337
287 338
288 263
288 266
288 278
288 291
288 337
288 338
289 263
289 266
289 278
289 291
289 337
289 338
290 263
290 266
290 278
290 291
290 337
290 338
291 263
291 266
291 291
291 337
291 338
292 263
292 266
292 291
292 337
292 338
293 263
293 266
293 291
293 337
293 338
294 263
294 266
294 291
294 323
294 337
294 338
295 263
295 266
295 291
295 323
295 337
295 338
296 266
296 291
296 310
296 323
296 332
296 337
296 338
297 266
297 310
297 323
297 332
297 337
297 345
298 266
298 310
298 323
298 332
298 337
298 345
299 266
299 310
299 323
299 332
299 337
299 345
300 266
300 310
300 323
300 332
300 337
300 345
301 266
301 310
301 318
301 323
301 332
301 337
301 345
302 266
302 310
302 318
302 323
302 332
302 337
302 345
303 266
303 318
303 323
303 332
303 337
303 345
304 266
304 318
304 323
304 332
304 337
304 345
305 266
305 318
305 323
305 337
305 345
306 266
306 318
306 323
306 337
306 345
307 266
307 318
307 323
307 337
307 345
308 266
308 318
308 323
308 337
308 345
309 266
309 318
309 323
309 337
309 345
310 266
310 318
310 323
310 337
311 266
311 318
311 323
311 337
312 266
312 318
312 323
312 337
313 266
313 318
313 323
313 337
314 266
314 318
314 323
314 337
315 318
315 323
315 337
316 318
316 323
316 337
317 318
317 323
317 337
318 318
318 323
318 337
319 318
319 323
319 337
320 318
320 323
320 337
321 318
321 323
321 337
322 318
322 323
322 337
323 318
323 323
323 337
324 318
324 323
324 337
325 318
325 323
325 337
326 318
326 323
326 337
327 318
327 323
327 337
328 318
328 323
328 337
329 318
329 323
329 337
330 318
330 323
330 337
331 318
331 323
331 337
332 318
332 323
332 337
333 318
333 323
333 337
334 318
334 323
334 337
335 318
335 323
335 337
336 318
336 323
336 337
337 318
337 323
337 337
338 318
338 323
338 337
339 318
339 323
339 337
340 318
340 323
340 337
341 318
341 323
341 337
342 323
342 337
343 323
343 337
344 323
344 337
345 323
345 337
346 323
346 337
347 323
347 337
348 323
348 337
349 323
349 337
