0 3
0 15
0 16
0 34
0 101
1 4
1 51
1 60
1 101
1 133
1 199
1 211
1 251
1 256
2 8
2 42
2 51
2 60
2 64
2 101
2 126
2 133
2 183
2 199
2 211
2 251
2 256
2 261
2 323
3 10
3 11
3 36
3 42
3 51
3 55
3 60
3 126
3 133
3 142
3 183
3 199
3 211
3 238
3 251
3 256
3 323
4 7
4 11
4 27
4 36
4 42
4 46
4 51
4 55
4 60
4 126
4 133
4 142
4 183
4 199
4 211
4 238
4 251
4 256
4 263
4 323
5 7
5 14
5 27
5 46
5 51
5 55
5 60
5 61
5 68
5 126
5 133
5 142
5 183
5 199
5 211
5 238
5 251
5 256
5 263
5 323
6 12
6 26
6 37
6 51
6 55
6 60
6 61
6 102
6 142
6 161
6 174
6 183
6 199
6 210
6 211
6 236
6 238
6 251
6 256
6 263
6 267
6 323
7 26
7 37
7 51
7 55
7 60
7 61
7 102
7 142
7 161
7 174
7 183
7 199
7 210
7 211
7 236
7 238
7 251
7 256
7 263
7 267
7 323
8 26
8 35
8 37
8 51
8 55
8 60
8 61
8 102
8 142
8 161
8 174
8 183
8 199
8 210
8 211
8 236
8 238
8 251
8 256
8 263
8 267
8 323
9 13
9 26
9 35
9 37
9 49
9 50
9 55
9 60
9 70
9 85
9 102
9 142
9 174
9 183
9 199
9 210
9 236
9 238
9 251
9 256
9 263
9 267
9 323
10 13
10 26
10 35
10 49
10 55
10 60
10 70
10 82
10 85
10 102
10 142
10 174
10 183
10 199
10 210
10 236
10 238
10 251
10 256
10 263
10 267
10 301
10 307
11 13
11 24
11 26
11 35
11 49
11 55
11 59
11 60
11 70
11 82
11 85
11 102
11 142
11 174
11 183
11 199
11 203
11 210
11 236
11 238
11 251
11 256
11 263
11 267
11 301
11 307
11 330
12 13
12 24
12 26
12 35
12 49
12 55
12 59
12 60
12 70
12 82
12 85
12 102
12 142
12 174
12 183
12 199
12 203
12 210
12 236
12 238
12 251
12 256
12 263
12 267
12 301
12 307
12 330
13 24
13 26
13 33
13 35
13 48
13 49
13 55
13 59
13 60
13 70
13 82
13 85
13 102
13 142
13 170
13 174
13 199
13 203
13 210
13 236
13 238
13 251
13 256
13 263
13 267
13 301
13 307
13 329
13 330
14 19
14 24
14 26
14 35
14 48
14 49
14 55
14 59
14 60
14 70
14 82
14 85
14 102
14 142
14 170
14 174
14 199
14 203
14 210
14 236
14 238
14 251
14 256
14 263
14 267
14 301
14 307
14 329
14 330
15 18
15 19
15 20
15 28
15 48
15 49
15 55
15 59
15 60
15 74
15 82
15 85
15 102
15 142
15 170
15 174
15 199
15 203
15 210
15 236
15 238
15 251
15 256
15 263
15 267
15 271
15 301
15 307
15 329
15 330
16 19
16 20
16 25
16 39
16 48
16 49
16 55
16 59
16 74
16 82
16 85
16 102
16 170
16 174
16 180
16 199
16 203
16 210
16 236
16 238
16 251
16 256
16 263
16 267
16 271
16 301
16 307
16 329
16 330
17 19
17 20
17 25
17 29
17 39
17 48
17 49
17 59
17 74
17 82
17 85
17 102
17 170
17 174
17 180
17 199
17 203
17 210
17 236
17 238
17 251
17 256
17 263
17 267
17 271
17 301
17 307
17 329
17 330
18 19
18 20
18 25
18 39
18 48
18 49
18 59
18 74
18 82
18 85
18 102
18 170
18 174
18 180
18 199
18 203
18 210
18 236
18 238
18 251
18 256
18 263
18 267
18 271
18 301
18 307
18 329
18 330
19 19
19 20
19 22
19 25
19 39
19 48
19 49
19 59
19 74
19 82
19 85
19 90
19 102
19 170
19 174
19 180
19 199
19 203
19 210
19 236
19 238
19 251
19 256
19 263
19 267
19 271
19 301
19 307
19 329
19 330
20 19
20 20
20 22
20 25
20 39
20 48
20 49
20 59
20 74
20 82
20 85
20 90
20 102
20 170
20 174
20 180
20 193
20 199
20 203
20 210
20 236
20 238
20 251
20 256
20 263
20 267
20 271
20 301
20 307
20 329
20 330
21 19
21 22
21 25
21 39
21 59
21 74
21 82
21 85
21 102
21 155
21 170
21 174
21 190
21 193
21 199
21 203
21 210
21 236
21 238
21 251
21 256
21 263
21 267
21 271
21 301
21 307
21 329
21 330
21 349
22 22
22 25
22 39
22 43
22 59
22 74
22 82
22 85
22 92
22 102
22 121
22 137
22 170
22 174
22 190
22 193
22 199
22 203
22 210
22 236
22 238
22 251
22 256
22 263
22 267
22 271
22 301
22 307
22 329
22 330
22 349
23 39
23 43
23 74
23 82
23 85
23 92
23 100
23 102
23 121
23 129
23 130
23 137
23 170
23 174
23 190
23 193
23 199
23 210
23 236
23 238
23 251
23 256
23 263
23 267
23 271
23 301
23 307
23 329
23 330
23 349
24 39
24 43
24 74
24 82
24 85
24 92
24 100
24 102
24 121
24 129
24 130
24 137
24 170
24 174
24 190
24 199
24 210
24 236
24 238
24 251
24 256
24 263
24 267
24 271
24 301
24 307
24 329
24 330
24 349
25 38
25 39
25 43
25 45
25 74
25 79
25 82
25 85
25 92
25 100
25 102
25 129
25 130
25 137
25 170
25 174
25 190
25 199
25 210
25 236
25 238
25 251
25 256
25 263
25 267
25 271
25 301
25 307
25 329
25 330
25 349
26 38
26 39
26 43
26 45
26 74
26 79
26 82
26 85
26 92
26 100
26 102
26 129
26 130
26 137
26 170
26 174
26 190
26 199
26 210
26 236
26 238
26 251
26 256
26 263
26 267
26 271
26 301
26 307
26 329
26 330
26 349
27 30
27 38
27 39
27 43
27 45
27 74
27 79
27 82
27 85
27 92
27 100
27 102
27 129
27 130
27 137
27 170
27 174
27 190
27 236
27 238
27 256
27 263
27 267
27 271
27 301
27 307
27 330
27 349
28 30
28 38
28 39
28 43
28 45
28 74
28 79
28 82
28 85
28 92
28 100
28 102
28 129
28 130
28 137
28 170
28 174
28 190
28 236
28 238
28 256
28 263
28 267
28 271
28 301
28 307
28 330
28 349
29 32
29 39
29 79
29 82
29 85
29 92
29 100
29 102
29 137
29 143
29 159
29 170
29 174
29 190
29 218
29 240
29 256
29 267
29 283
29 298
29 301
29 307
29 321
29 330
29 349
30 32
30 79
30 82
30 85
30 92
30 100
30 102
30 137
30 143
30 148
30 159
30 170
30 174
30 190
30 218
30 240
30 256
30 267
30 283
30 298
30 301
30 307
30 321
30 330
30 349
31 32
31 79
31 82
31 85
31 86
31 88
31 92
31 99
31 100
31 102
31 104
31 137
31 143
31 148
31 159
31 170
31 174
31 190
31 218
31 240
31 256
31 267
31 283
31 298
31 301
31 307
31 321
31 330
31 349
32 32
32 79
32 82
32 85
32 86
32 88
32 92
32 99
32 100
32 102
32 104
32 137
32 143
32 148
32 159
32 170
32 174
32 190
32 218
32 240
32 256
32 267
32 283
32 298
32 301
32 307
32 321
32 330
32 349
33 41
33 67
33 79
33 82
33 85
33 86
33 88
33 92
33 99
33 100
33 102
33 104
33 137
33 148
33 159
33 170
33 190
33 218
33 240
33 256
33 267
33 283
33 298
33 299
33 301
33 307
33 321
33 330
33 349
34 40
34 67
34 79
34 81
34 82
34 85
34 86
34 88
34 92
34 99
34 100
34 102
34 104
34 107
34 137
34 148
34 151
34 159
34 170
34 218
34 240
34 256
34 267
34 283
34 298
34 299
34 301
34 307
34 330
34 333
34 349
35 40
35 65
35 67
35 79
35 80
35 81
35 82
35 85
35 86
35 88
35 92
35 99
35 100
35 104
35 107
35 122
35 137
35 148
35 151
35 159
35 170
35 218
35 240
35 256
35 267
35 283
35 298
35 299
35 301
35 307
35 330
35 333
35 349
36 40
36 65
36 67
36 79
36 80
36 81
36 82
36 85
36 86
36 88
36 92
36 99
36 100
36 104
36 107
36 122
36 137
36 148
36 151
36 159
36 170
36 218
36 240
36 256
36 267
36 298
36 299
36 301
36 330
36 333
36 349
37 40
37 65
37 67
37 79
37 80
37 81
37 82
37 85
37 86
37 88
37 92
37 99
37 100
37 104
37 107
37 122
37 137
37 148
37 151
37 159
37 170
37 218
37 230
37 237
37 240
37 256
37 267
37 298
37 299
37 301
37 330
37 333
37 349
38 65
38 75
38 76
38 79
38 80
38 82
38 85
38 86
38 88
38 99
38 100
38 104
38 107
38 122
38 137
38 148
38 151
38 170
38 186
38 230
38 237
38 240
38 256
38 267
38 298
38 301
38 330
38 333
38 349
39 62
39 65
39 75
39 79
39 80
39 86
39 88
39 98
39 99
39 100
39 104
39 107
39 122
39 124
39 135
39 137
39 150
39 151
39 158
39 170
39 178
39 186
39 222
39 230
39 237
39 240
39 256
39 267
39 301
39 330
39 349
40 62
40 65
40 75
40 79
40 80
40 86
40 88
40 98
40 99
40 100
40 104
40 107
40 108
40 122
40 135
40 137
40 150
40 151
40 158
40 170
40 178
40 186
40 189
40 222
40 230
40 237
40 256
40 267
40 301
40 315
40 330
40 349
41 62
41 65
41 75
41 79
41 80
41 86
41 88
41 98
41 99
41 100
41 104
41 107
41 108
41 122
41 135
41 137
41 150
41 151
41 158
41 170
41 178
41 186
41 189
41 222
41 230
41 237
41 256
41 267
41 282
41 301
41 315
41 330
41 349
42 65
42 75
42 79
42 80
42 86
42 88
42 98
42 99
42 100
42 104
42 107
42 108
42 122
42 135
42 137
42 150
42 151
42 158
42 170
42 178
42 186
42 189
42 222
42 230
42 237
42 256
42 267
42 282
42 301
42 315
42 330
42 349
43 65
43 72
43 75
43 79
43 80
43 86
43 88
43 98
43 99
43 104
43 107
43 108
43 122
43 135
43 137
43 151
43 158
43 170
43 178
43 184
43 186
43 189
43 222
43 230
43 237
43 256
43 267
43 282
43 301
43 330
43 349
44 53
44 65
44 72
44 75
44 88
44 98
44 99
44 104
44 107
44 114
44 127
44 135
44 151
44 158
44 170
44 184
44 186
44 189
44 230
44 237
44 256
44 267
44 282
44 301
44 330
44 349
45 53
45 65
45 72
45 75
45 88
45 98
45 99
45 104
45 107
45 127
45 135
45 151
45 158
45 170
45 184
45 186
45 189
45 198
45 230
45 237
45 256
45 267
45 282
45 301
45 330
45 349
46 57
46 65
46 69
46 75
46 88
46 98
46 99
46 104
46 107
46 109
46 119
46 127
46 135
46 151
46 158
46 175
46 189
46 230
46 237
46 248
46 256
46 267
46 270
46 282
46 301
46 330
46 349
47 65
47 69
47 75
47 88
47 98
47 99
47 104
47 107
47 109
47 119
47 127
47 135
47 151
47 158
47 175
47 189
47 230
47 237
47 248
47 256
47 267
47 270
47 282
47 301
47 330
47 349
48 65
48 69
48 75
48 83
48 88
48 96
48 98
48 99
48 104
48 107
48 109
48 127
48 135
48 151
48 158
48 175
48 182
48 189
48 191
48 230
48 237
48 248
48 256
48 267
48 270
48 301
48 330
48 349
49 69
49 75
49 83
49 88
49 96
49 98
49 99
49 104
49 107
49 109
49 127
49 135
49 151
49 158
49 175
49 189
49 191
49 230
49 237
49 248
49 256
49 267
49 270
49 301
49 330
49 349
50 69
50 75
50 83
50 88
50 96
50 98
50 99
50 104
50 107
50 109
50 127
50 135
50 151
50 158
50 175
50 189
50 191
50 230
50 237
50 248
50 256
50 267
50 270
50 301
50 330
50 349
51 52
51 56
51 75
51 83
51 88
51 96
51 97
51 98
51 99
51 104
51 107
51 109
51 127
51 151
51 158
51 173
51 175
51 189
51 214
51 230
51 237
51 248
51 256
51 264
51 270
51 278
51 301
51 330
51 349
52 56
52 71
52 75
52 83
52 88
52 96
52 97
52 98
52 99
52 104
52 107
52 109
52 118
52 127
52 151
52 158
52 175
52 189
52 194
52 214
52 230
52 237
52 248
52 256
52 264
52 270
52 278
52 301
52 330
52 349
53 56
53 71
53 75
53 83
53 88
53 96
53 97
53 98
53 99
53 104
53 107
53 109
53 118
53 127
53 151
53 158
53 175
53 189
53 194
53 214
53 230
53 237
53 248
53 256
53 264
53 270
53 278
53 301
53 330
53 349
54 71
54 73
54 75
54 83
54 88
54 96
54 97
54 98
54 99
54 104
54 107
54 118
54 127
54 151
54 158
54 175
54 189
54 194
54 214
54 230
54 237
54 248
54 256
54 264
54 270
54 278
54 301
54 330
55 71
55 73
55 75
55 83
55 88
55 96
55 97
55 98
55 99
55 104
55 107
55 112
55 118
55 127
55 151
55 158
55 175
55 189
55 194
55 214
55 237
55 248
55 256
55 264
55 270
55 278
55 301
55 330
56 71
56 73
56 75
56 83
56 88
56 96
56 97
56 98
56 99
56 104
56 107
56 112
56 118
56 127
56 151
56 158
56 175
56 189
56 194
56 214
56 237
56 248
56 256
56 264
56 270
56 278
56 301
56 330
57 73
57 75
57 83
57 88
57 91
57 96
57 98
57 104
57 107
57 118
57 127
57 151
57 158
57 175
57 189
57 194
57 214
57 237
57 248
57 256
57 264
57 270
57 278
57 301
57 330
58 73
58 83
58 88
58 91
58 96
58 98
58 104
58 107
58 118
58 127
58 151
58 153
58 156
58 158
58 175
58 189
58 194
58 200
58 214
58 217
58 237
58 248
58 256
58 264
58 270
58 278
58 301
58 303
58 330
59 63
59 73
59 83
59 88
59 91
59 96
59 98
59 104
59 107
59 115
59 118
59 127
59 151
59 153
59 156
59 158
59 175
59 189
59 194
59 200
59 214
59 217
59 237
59 248
59 256
59 264
59 270
59 278
59 301
59 303
59 330
60 63
60 66
60 73
60 83
60 88
60 91
60 96
60 98
60 104
60 107
60 115
60 118
60 127
60 151
60 153
60 156
60 158
60 175
60 189
60 194
60 200
60 214
60 217
60 237
60 248
60 256
60 264
60 270
60 278
60 301
60 303
60 330
61 63
61 66
61 73
61 83
61 88
61 91
61 96
61 98
61 107
61 115
61 118
61 127
61 151
61 153
61 156
61 158
61 175
61 189
61 194
61 200
61 214
61 217
61 237
61 248
61 256
61 264
61 270
61 278
61 303
61 330
62 63
62 66
62 73
62 83
62 88
62 91
62 96
62 98
62 107
62 115
62 118
62 127
62 153
62 156
62 158
62 181
62 189
62 194
62 200
62 214
62 217
62 237
62 248
62 256
62 264
62 270
62 278
62 303
62 327
62 330
63 63
63 66
63 73
63 83
63 88
63 91
63 93
63 96
63 107
63 115
63 118
63 123
63 127
63 153
63 156
63 158
63 181
63 189
63 194
63 200
63 214
63 217
63 237
63 248
63 256
63 264
63 270
63 278
63 303
63 327
63 330
64 63
64 66
64 73
64 88
64 91
64 93
64 96
64 113
64 115
64 118
64 123
64 146
64 153
64 156
64 158
64 181
64 189
64 194
64 200
64 214
64 217
64 237
64 248
64 256
64 264
64 270
64 278
64 303
64 327
64 330
65 63
65 66
65 73
65 88
65 91
65 93
65 96
65 113
65 115
65 118
65 123
65 146
65 153
65 156
65 158
65 181
65 189
65 194
65 200
65 214
65 217
65 237
65 248
65 256
65 264
65 270
65 278
65 303
65 327
65 330
66 63
66 66
66 73
66 88
66 91
66 93
66 96
66 113
66 115
66 118
66 123
66 146
66 153
66 156
66 158
66 181
66 189
66 194
66 200
66 214
66 217
66 237
66 248
66 256
66 264
66 270
66 278
66 303
66 327
66 330
67 63
67 66
67 73
67 88
67 91
67 93
67 96
67 105
67 113
67 115
67 118
67 123
67 146
67 153
67 156
67 158
67 181
67 189
67 194
67 200
67 214
67 217
67 237
67 248
67 256
67 264
67 270
67 278
67 303
67 327
67 330
68 66
68 73
68 88
68 91
68 96
68 105
68 113
68 118
68 123
68 153
68 156
68 158
68 181
68 189
68 194
68 200
68 214
68 217
68 237
68 248
68 249
68 256
68 264
68 266
68 270
68 278
68 303
68 327
68 330
69 66
69 73
69 91
69 96
69 105
69 113
69 118
69 123
69 153
69 156
69 158
69 162
69 164
69 181
69 189
69 194
69 196
69 200
69 214
69 217
69 237
69 248
69 249
69 256
69 264
69 266
69 270
69 278
69 303
69 327
69 330
70 66
70 73
70 91
70 96
70 105
70 113
70 123
70 153
70 156
70 158
70 162
70 164
70 181
70 189
70 194
70 196
70 200
70 214
70 217
70 248
70 249
70 256
70 264
70 266
70 270
70 278
70 303
70 319
70 327
70 330
71 66
71 73
71 91
71 96
71 105
71 111
71 113
71 123
71 153
71 156
71 158
71 162
71 164
71 181
71 189
71 194
71 196
71 200
71 214
71 217
71 248
71 249
71 256
71 264
71 266
71 270
71 278
71 303
71 319
71 327
71 330
72 66
72 73
72 91
72 96
72 105
72 111
72 113
72 123
72 153
72 156
72 158
72 162
72 164
72 181
72 189
72 194
72 196
72 200
72 214
72 217
72 248
72 249
72 256
72 264
72 266
72 270
72 278
72 303
72 319
72 327
72 330
73 66
73 73
73 91
73 96
73 105
73 111
73 113
73 123
73 153
73 156
73 158
73 162
73 164
73 181
73 189
73 194
73 196
73 200
73 214
73 217
73 248
73 249
73 256
73 264
73 266
73 270
73 278
73 303
73 319
73 326
73 327
73 330
74 91
74 96
74 105
74 111
74 113
74 123
74 153
74 156
74 158
74 162
74 164
74 181
74 194
74 196
74 200
74 214
74 217
74 248
74 249
74 256
74 264
74 266
74 270
74 275
74 277
74 278
74 303
74 319
74 326
74 327
74 330
75 77
75 91
75 96
75 111
75 117
75 123
75 152
75 153
75 156
75 162
75 164
75 181
75 194
75 196
75 200
75 214
75 217
75 248
75 249
75 256
75 266
75 270
75 275
75 277
75 303
75 319
75 326
76 77
76 91
76 96
76 111
76 117
76 123
76 152
76 153
76 156
76 162
76 164
76 181
76 194
76 196
76 200
76 214
76 217
76 248
76 249
76 256
76 266
76 270
76 275
76 277
76 303
76 319
76 326
77 91
77 111
77 117
77 123
77 138
77 152
77 153
77 156
77 162
77 164
77 172
77 181
77 196
77 200
77 214
77 217
77 248
77 249
77 266
77 270
77 275
77 277
77 319
77 326
78 89
78 91
78 111
78 117
78 123
78 138
78 152
78 153
78 156
78 162
78 164
78 172
78 181
78 196
78 200
78 214
78 217
78 248
78 249
78 266
78 270
78 275
78 277
78 319
78 326
79 89
79 91
79 111
79 117
79 123
79 138
79 147
79 152
79 153
79 156
79 162
79 164
79 172
79 181
79 196
79 200
79 214
79 217
79 248
79 249
79 266
79 270
79 275
79 277
79 319
79 326
80 89
80 103
80 117
80 123
80 138
80 144
80 147
80 152
80 153
80 156
80 162
80 164
80 172
80 181
80 196
80 200
80 247
80 248
80 249
80 266
80 270
80 275
80 319
80 326
81 89
81 103
81 117
81 123
81 138
81 144
81 147
81 152
81 153
81 156
81 172
81 181
81 196
81 200
81 246
81 247
81 248
81 249
81 266
81 270
81 275
81 319
81 326
82 95
82 103
82 117
82 138
82 144
82 147
82 152
82 156
82 163
82 172
82 181
82 196
82 221
82 246
82 247
82 248
82 249
82 266
82 270
82 275
82 319
82 326
83 95
83 103
83 117
83 138
83 144
83 147
83 152
83 163
83 172
83 181
83 196
83 221
83 229
83 245
83 246
83 247
83 248
83 249
83 266
83 270
83 275
83 319
83 326
84 95
84 117
84 138
84 144
84 147
84 152
84 163
84 172
84 181
84 196
84 221
84 229
84 245
84 246
84 247
84 248
84 249
84 266
84 270
84 275
84 319
84 326
85 95
85 138
85 139
85 152
85 163
85 172
85 181
85 196
85 221
85 229
85 245
85 246
85 247
85 248
85 249
85 266
85 270
85 275
85 319
85 326
86 95
86 138
86 139
86 152
86 163
86 172
86 181
86 196
86 221
86 229
86 245
86 246
86 247
86 248
86 249
86 266
86 270
86 319
86 326
87 95
87 138
87 139
87 152
87 163
87 172
87 181
87 196
87 221
87 229
87 245
87 246
87 247
87 248
87 249
87 266
87 270
87 319
87 326
88 110
88 138
88 139
88 152
88 163
88 172
88 181
88 196
88 221
88 229
88 245
88 246
88 247
88 248
88 249
88 266
88 270
88 319
88 326
89 94
89 110
89 138
89 152
89 163
89 172
89 181
89 196
89 221
89 245
89 246
89 247
89 248
89 249
89 266
89 270
89 319
89 326
90 94
90 110
90 138
90 152
90 163
90 172
90 181
90 196
90 221
90 245
90 246
90 247
90 248
90 249
90 266
90 270
90 319
90 326
91 94
91 110
91 138
91 152
91 163
91 172
91 181
91 196
91 221
91 245
91 246
91 247
91 248
91 249
91 266
91 270
91 319
91 326
92 94
92 110
92 138
92 163
92 172
92 181
92 196
92 221
92 245
92 246
92 247
92 248
92 249
92 266
92 270
92 319
92 326
93 110
93 131
93 138
93 154
93 163
93 172
93 176
93 181
93 196
93 221
93 245
93 246
93 247
93 248
93 249
93 266
93 270
93 326
94 110
94 131
94 138
94 154
94 163
94 172
94 176
94 181
94 196
94 221
94 245
94 246
94 247
94 248
94 266
94 270
94 326
95 110
95 138
95 154
95 163
95 172
95 176
95 181
95 196
95 221
95 245
95 246
95 247
95 248
95 266
95 270
95 326
96 110
96 138
96 154
96 163
96 172
96 176
96 181
96 196
96 221
96 245
96 246
96 247
96 248
96 266
96 270
96 326
97 106
97 110
97 132
97 138
97 141
97 149
97 154
97 163
97 172
97 176
97 220
97 221
97 246
97 247
97 248
97 266
97 270
97 313
97 326
98 106
98 110
98 132
98 138
98 141
98 149
98 154
98 163
98 172
98 176
98 220
98 221
98 246
98 247
98 248
98 266
98 270
98 313
98 326
99 106
99 110
99 132
99 138
99 141
99 149
99 154
99 157
99 163
99 172
99 176
99 220
99 221
99 246
99 247
99 248
99 266
99 270
99 313
99 326
100 110
100 128
100 132
100 138
100 141
100 149
100 154
100 157
100 163
100 172
100 176
100 220
100 221
100 246
100 247
100 248
100 250
100 266
100 270
100 313
100 326
101 110
101 128
101 132
101 138
101 141
101 149
101 154
101 157
101 163
101 172
101 176
101 220
101 221
101 246
101 247
101 248
101 250
101 266
101 270
101 313
101 326
102 110
102 128
102 132
102 138
102 141
102 149
102 154
102 157
102 163
102 172
102 176
102 220
102 221
102 246
102 247
102 248
102 250
102 266
102 270
102 313
102 326
103 110
103 128
103 132
103 138
103 141
103 149
103 154
103 157
103 172
103 176
103 220
103 221
103 246
103 247
103 248
103 250
103 270
103 313
103 326
104 110
104 128
104 132
104 138
104 141
104 149
104 154
104 157
104 172
104 176
104 220
104 221
104 246
104 247
104 248
104 270
104 313
104 326
105 110
105 128
105 132
105 138
105 141
105 154
105 157
105 172
105 220
105 221
105 234
105 246
105 247
105 248
105 270
105 313
105 316
105 326
106 110
106 128
106 132
106 134
106 138
106 141
106 154
106 157
106 172
106 177
106 220
106 221
106 234
106 246
106 248
106 270
106 313
106 316
106 326
107 110
107 128
107 132
107 134
107 138
107 141
107 154
107 157
107 172
107 177
107 197
107 220
107 221
107 234
107 246
107 270
107 292
107 313
107 316
107 326
108 110
108 116
108 128
108 132
108 134
108 138
108 141
108 154
108 157
108 172
108 177
108 197
108 220
108 221
108 234
108 246
108 270
108 292
108 313
108 316
108 326
109 110
109 116
109 128
109 132
109 134
109 138
109 141
109 154
109 157
109 172
109 177
109 179
109 197
109 220
109 221
109 234
109 246
109 270
109 292
109 313
109 316
109 326
110 110
110 116
110 128
110 132
110 134
110 138
110 141
110 154
110 157
110 172
110 177
110 179
110 197
110 220
110 221
110 234
110 246
110 270
110 292
110 313
110 316
110 326
111 110
111 116
111 128
111 132
111 134
111 138
111 141
111 154
111 157
111 172
111 177
111 197
111 220
111 221
111 234
111 246
111 270
111 292
111 313
111 316
111 326
112 110
112 116
112 128
112 132
112 134
112 138
112 154
112 165
112 172
112 177
112 197
112 201
112 202
112 220
112 221
112 234
112 246
112 270
112 292
112 313
112 316
112 326
113 110
113 120
113 128
113 132
113 134
113 138
113 154
113 165
113 172
113 177
113 197
113 201
113 204
113 213
113 220
113 221
113 234
113 246
113 270
113 273
113 292
113 313
113 316
114 110
114 120
114 128
114 132
114 134
114 138
114 165
114 172
114 177
114 197
114 201
114 204
114 213
114 220
114 221
114 234
114 246
114 270
114 273
114 292
114 313
114 316
115 110
115 120
115 128
115 132
115 134
115 138
115 165
115 177
115 197
115 201
115 204
115 213
115 220
115 221
115 234
115 246
115 270
115 273
115 292
115 313
115 316
116 110
116 120
116 125
116 128
116 132
116 134
116 138
116 165
116 177
116 197
116 201
116 204
116 213
116 220
116 221
116 234
116 246
116 270
116 273
116 292
116 313
116 316
117 110
117 120
117 125
117 128
117 132
117 134
117 138
117 165
117 177
117 197
117 201
117 204
117 213
117 220
117 221
117 234
117 246
117 270
117 273
117 292
117 313
117 316
118 110
118 125
118 128
118 132
118 134
118 138
118 165
118 177
118 197
118 201
118 204
118 213
118 220
118 221
118 234
118 246
118 270
118 273
118 292
118 313
118 316
119 110
119 125
119 128
119 132
119 134
119 138
119 160
119 165
119 177
119 197
119 201
119 204
119 213
119 220
119 221
119 234
119 246
119 270
119 273
119 292
119 313
119 316
120 110
120 125
120 128
120 132
120 134
120 138
120 160
120 165
120 177
120 201
120 204
120 213
120 220
120 221
120 234
120 246
120 270
120 273
120 292
120 313
120 316
121 110
121 125
121 128
121 132
121 134
121 138
121 160
121 165
121 177
121 201
121 204
121 213
121 220
121 221
121 234
121 246
121 270
121 273
121 292
121 313
122 110
122 125
122 128
122 132
122 134
122 138
122 160
122 177
122 201
122 204
122 213
122 216
122 220
122 221
122 234
122 246
122 270
122 273
122 292
122 313
123 110
123 125
123 128
123 132
123 134
123 138
123 160
123 177
123 201
123 204
123 213
123 216
123 220
123 221
123 234
123 257
123 270
123 273
123 292
123 313
124 128
124 132
124 134
124 138
124 160
124 169
124 177
124 204
124 213
124 216
124 221
124 234
124 241
124 257
124 270
124 273
124 292
124 313
125 128
125 132
125 134
125 138
125 160
125 169
125 177
125 204
125 213
125 216
125 221
125 234
125 241
125 257
125 270
125 273
125 292
125 313
126 128
126 132
126 134
126 160
126 169
126 177
126 204
126 213
126 216
126 221
126 234
126 241
126 257
126 270
126 292
126 313
127 128
127 132
127 134
127 145
127 160
127 166
127 169
127 177
127 204
127 206
127 213
127 216
127 221
127 227
127 234
127 241
127 253
127 257
127 270
127 292
127 313
127 336
128 128
128 132
128 134
128 145
128 160
128 166
128 169
128 177
128 204
128 206
128 213
128 216
128 221
128 227
128 234
128 241
128 253
128 257
128 270
128 292
128 313
128 336
129 128
129 134
129 145
129 160
129 166
129 177
129 204
129 206
129 213
129 216
129 221
129 227
129 234
129 241
129 253
129 270
129 292
129 306
129 313
129 336
130 128
130 134
130 145
130 160
130 166
130 177
130 204
130 206
130 213
130 216
130 221
130 227
130 234
130 241
130 253
130 270
130 292
130 306
130 313
130 336
131 134
131 145
131 160
131 166
131 177
131 204
131 206
131 213
131 216
131 227
131 234
131 241
131 253
131 270
131 292
131 306
131 313
131 336
132 134
132 145
132 160
132 166
132 177
132 204
132 206
132 213
132 216
132 227
132 234
132 241
132 253
132 270
132 292
132 306
132 313
132 332
132 336
132 337
133 134
133 166
133 177
133 204
133 206
133 213
133 227
133 233
133 234
133 241
133 253
133 270
133 292
133 306
133 313
133 332
133 336
133 337
134 134
134 166
134 177
134 204
134 206
134 213
134 227
134 233
134 234
134 241
134 253
134 270
134 292
134 306
134 313
134 332
134 336
134 337
135 134
135 166
135 177
135 204
135 206
135 213
135 227
135 233
135 234
135 241
135 253
135 270
135 292
135 306
135 313
135 332
135 336
135 337
136 134
136 166
136 177
136 204
136 206
136 213
136 227
136 233
136 234
136 241
136 253
136 270
136 280
136 292
136 306
136 313
136 332
136 336
136 337
137 134
137 166
137 177
137 204
137 206
137 213
137 227
137 233
137 234
137 241
137 253
137 270
137 280
137 292
137 306
137 313
137 332
137 336
137 337
138 134
138 166
138 177
138 204
138 206
138 213
138 227
138 233
138 234
138 241
138 253
138 270
138 280
138 292
138 306
138 313
138 332
138 336
138 337
139 134
139 166
139 177
139 204
139 206
139 213
139 227
139 233
139 234
139 241
139 253
139 270
139 280
139 292
139 306
139 313
139 332
139 336
139 337
140 134
140 166
140 177
140 185
140 204
140 206
140 213
140 227
140 233
140 234
140 241
140 253
140 270
140 280
140 306
140 313
140 332
140 336
140 337
141 134
141 166
141 177
141 185
141 204
141 206
141 213
141 227
141 233
141 234
141 241
141 253
141 270
141 280
141 306
141 313
141 332
141 336
141 337
142 134
142 166
142 177
142 185
142 204
142 206
142 213
142 227
142 233
142 234
142 241
142 253
142 270
142 280
142 306
142 313
142 332
142 336
142 337
143 134
143 166
143 177
143 185
143 204
143 206
143 213
143 227
143 233
143 234
143 241
143 253
143 270
143 280
143 306
143 313
143 332
143 336
143 337
144 134
144 166
144 185
144 204
144 206
144 213
144 227
144 233
144 234
144 241
144 253
144 270
144 280
144 306
144 313
144 332
144 336
144 337
145 134
145 166
145 185
145 204
145 206
145 213
145 227
145 233
145 234
145 241
145 253
145 270
145 280
145 306
145 313
145 332
145 336
145 337
146 134
146 166
146 185
146 204
146 206
146 213
146 227
146 233
146 234
146 241
146 253
146 270
146 280
146 306
146 313
146 332
146 336
146 337
147 134
147 166
147 185
147 204
147 206
147 213
147 227
147 234
147 241
147 253
147 260
147 270
147 280
147 306
147 313
147 332
147 336
147 337
148 134
148 166
148 185
148 204
148 206
148 213
148 227
148 234
148 241
148 253
148 260
148 270
148 280
148 306
148 313
148 332
148 336
148 337
149 166
149 204
149 206
149 213
149 227
149 234
149 241
149 253
149 260
149 270
149 280
149 306
149 313
149 332
149 336
149 337
150 166
150 204
150 206
150 213
150 227
150 234
150 241
150 253
150 260
150 270
150 280
150 306
150 313
150 332
150 336
150 337
151 166
151 167
151 204
151 206
151 213
151 227
151 234
151 241
151 270
151 280
151 313
151 332
151 336
151 337
152 166
152 167
152 204
152 206
152 213
152 227
152 234
152 239
152 241
152 280
152 313
152 332
152 336
152 337
153 166
153 167
153 204
153 206
153 213
153 227
153 234
153 239
153 241
153 280
153 313
153 332
153 336
153 337
154 166
154 167
154 204
154 206
154 213
154 227
154 231
154 234
154 239
154 241
154 280
154 286
154 313
154 332
154 336
154 337
155 166
155 167
155 204
155 206
155 208
155 213
155 227
155 231
155 234
155 239
155 241
155 280
155 286
155 313
155 332
155 335
155 336
155 337
156 166
156 204
156 206
156 208
156 213
156 227
156 231
156 234
156 239
156 241
156 252
156 280
156 286
156 332
156 335
156 336
156 337
157 166
157 204
157 206
157 208
157 213
157 227
157 231
157 234
157 239
157 241
157 252
157 280
157 281
157 286
157 324
157 332
157 335
157 336
157 337
158 166
158 204
158 206
158 208
158 213
158 227
158 231
158 234
158 239
158 241
158 252
158 280
158 281
158 286
158 324
158 332
158 335
158 336
158 337
159 166
159 204
159 206
159 208
159 213
159 227
159 231
159 234
159 239
159 241
159 252
159 280
159 281
159 286
159 324
159 332
159 335
159 336
159 337
160 166
160 204
160 206
160 208
160 213
160 227
160 231
160 234
160 239
160 241
160 252
160 280
160 286
160 324
160 332
160 335
160 336
160 337
160 340
161 166
161 204
161 206
161 208
161 213
161 227
161 231
161 234
161 239
161 241
161 252
161 262
161 280
161 286
161 324
161 332
161 335
161 336
161 337
161 340
162 204
162 206
162 208
162 213
162 227
162 231
162 234
162 239
162 241
162 252
162 262
162 280
162 286
162 324
162 332
162 335
162 336
162 337
162 340
163 204
163 206
163 208
163 213
163 227
163 231
163 234
163 239
163 241
163 252
163 262
163 280
163 285
163 286
163 324
163 332
163 335
163 336
163 337
163 340
164 204
164 206
164 208
164 213
164 227
164 231
164 234
164 239
164 241
164 252
164 262
164 280
164 285
164 286
164 324
164 332
164 335
164 336
164 337
164 340
165 204
165 206
165 208
165 212
165 213
165 227
165 231
165 232
165 234
165 239
165 241
165 252
165 262
165 280
165 285
165 286
165 324
165 332
165 335
165 336
165 337
165 340
166 204
166 206
166 208
166 212
166 213
166 227
166 231
166 232
166 234
166 239
166 241
166 252
166 262
166 280
166 285
166 286
166 308
166 324
166 332
166 335
166 336
166 337
166 340
167 204
167 206
167 208
167 212
167 213
167 227
167 231
167 232
167 234
167 239
167 241
167 252
167 262
167 280
167 285
167 286
167 308
167 324
167 332
167 335
167 336
167 337
167 340
168 204
168 206
168 208
168 212
168 213
168 227
168 231
168 232
168 234
168 239
168 241
168 252
168 262
168 280
168 285
168 286
168 308
168 324
168 332
168 335
168 336
168 337
168 340
169 204
169 206
169 207
169 208
169 212
169 213
169 227
169 231
169 232
169 234
169 239
169 241
169 252
169 262
169 280
169 285
169 286
169 308
169 324
169 332
169 335
169 336
169 337
169 340
170 204
170 206
170 207
170 208
170 212
170 213
170 227
170 231
170 232
170 234
170 239
170 241
170 252
170 262
170 280
170 285
170 286
170 308
170 324
170 332
170 335
170 336
170 337
170 340
171 204
171 206
171 207
171 208
171 212
171 213
171 226
171 227
171 231
171 232
171 234
171 239
171 241
171 252
171 262
171 280
171 285
171 286
171 308
171 324
171 332
171 335
171 336
171 337
171 340
172 192
172 204
172 206
172 207
172 212
172 226
172 227
172 232
172 239
172 241
172 252
172 262
172 280
172 286
172 308
172 324
172 332
172 335
172 337
172 340
173 192
173 204
173 206
173 212
173 226
173 227
173 232
173 239
173 241
173 252
173 262
173 280
173 286
173 308
173 311
173 324
173 332
173 335
173 337
173 340
174 192
174 204
174 206
174 212
174 226
174 227
174 232
174 239
174 241
174 252
174 262
174 280
174 286
174 308
174 311
174 324
174 332
174 335
174 337
174 340
175 188
175 192
175 204
175 206
175 212
175 226
175 227
175 232
175 239
175 241
175 252
175 262
175 280
175 286
175 308
175 324
175 332
175 335
175 337
175 340
176 188
176 192
176 204
176 206
176 226
176 227
176 232
176 239
176 241
176 252
176 262
176 280
176 286
176 308
176 324
176 332
176 335
176 337
176 340
177 188
177 204
177 206
177 227
177 232
177 239
177 241
177 252
177 262
177 280
177 286
177 308
177 324
177 328
177 332
177 335
177 337
177 340
178 188
178 204
178 206
178 227
178 232
178 239
178 241
178 252
178 280
178 286
178 300
178 308
178 324
178 328
178 332
178 335
178 337
178 340
179 188
179 204
179 206
179 227
179 232
179 239
179 241
179 252
179 274
179 280
179 286
179 300
179 308
179 324
179 328
179 332
179 335
179 337
179 340
180 188
180 204
180 206
180 227
180 232
180 239
180 241
180 252
180 274
180 280
180 286
180 300
180 308
180 314
180 324
180 328
180 332
180 335
180 337
180 340
180 341
181 204
181 206
181 227
181 232
181 239
181 241
181 252
181 274
181 280
181 286
181 300
181 308
181 314
181 324
181 328
181 332
181 335
181 337
181 340
181 341
182 204
182 206
182 227
182 232
182 239
182 241
182 252
182 274
182 280
182 286
182 289
182 300
182 308
182 314
182 324
182 328
182 332
182 335
182 337
182 340
182 341
183 204
183 206
183 227
183 232
183 239
183 241
183 252
183 274
183 280
183 286
183 289
183 300
183 308
183 314
183 324
183 328
183 332
183 335
183 337
183 340
183 341
184 204
184 206
184 227
184 232
184 239
184 241
184 252
184 274
184 280
184 286
184 289
184 300
184 308
184 314
184 324
184 328
184 332
184 335
184 337
184 340
184 341
185 204
185 206
185 227
185 232
185 239
185 241
185 252
185 274
185 280
185 286
185 289
185 300
185 308
185 314
185 324
185 328
185 332
185 335
185 337
185 340
185 341
186 204
186 206
186 227
186 228
186 232
186 239
186 241
186 252
186 274
186 280
186 289
186 300
186 308
186 312
186 324
186 328
186 332
186 335
186 337
186 340
186 341
187 204
187 206
187 225
187 227
187 228
187 232
187 239
187 241
187 252
187 274
187 280
187 289
187 300
187 308
187 324
187 328
187 332
187 335
187 337
187 340
187 341
188 204
188 206
188 225
188 227
188 228
188 232
188 239
188 241
188 252
188 274
188 280
188 289
188 300
188 308
188 324
188 328
188 332
188 335
188 337
188 340
188 341
189 204
189 206
189 225
189 227
189 228
189 232
189 241
189 252
189 258
189 274
189 280
189 289
189 297
189 300
189 308
189 324
189 328
189 332
189 335
189 337
189 340
189 341
190 204
190 206
190 219
190 225
190 227
190 228
190 232
190 241
190 252
190 258
190 274
190 280
190 289
190 297
190 300
190 308
190 324
190 328
190 332
190 335
190 337
190 340
190 341
191 204
191 206
191 219
191 225
191 227
191 228
191 232
191 241
191 252
191 258
191 274
191 280
191 289
191 297
191 300
191 308
191 324
191 328
191 332
191 335
191 337
191 340
191 341
192 204
192 206
192 219
192 225
192 227
192 228
192 232
192 241
192 252
192 258
192 274
192 280
192 289
192 297
192 300
192 308
192 324
192 328
192 332
192 335
192 337
192 340
192 341
193 204
193 206
193 225
193 228
193 232
193 241
193 252
193 258
193 259
193 274
193 280
193 289
193 297
193 304
193 308
193 324
193 328
193 332
193 337
193 340
193 341
194 204
194 206
194 225
194 228
194 232
194 241
194 252
194 258
194 259
194 274
194 280
194 289
194 297
194 304
194 308
194 324
194 328
194 332
194 337
194 340
194 341
195 204
195 206
195 225
195 228
195 232
195 241
195 252
195 258
195 259
195 274
195 280
195 289
195 295
195 297
195 304
195 308
195 324
195 328
195 332
195 337
195 340
195 341
196 204
196 206
196 215
196 225
196 228
196 241
196 252
196 259
196 274
196 280
196 287
196 288
196 289
196 293
196 295
196 297
196 304
196 308
196 324
196 328
196 332
196 337
196 340
196 341
197 204
197 206
197 215
197 225
197 228
197 241
197 252
197 259
197 274
197 280
197 287
197 288
197 289
197 293
197 295
197 297
197 304
197 308
197 324
197 328
197 332
197 337
197 340
197 341
198 204
198 215
198 225
198 228
198 241
198 252
198 259
198 274
198 280
198 287
198 288
198 289
198 293
198 295
198 297
198 304
198 308
198 322
198 324
198 328
198 337
198 338
198 340
198 341
199 204
199 215
199 225
199 228
199 241
199 252
199 259
199 274
199 280
199 287
199 288
199 289
199 293
199 295
199 297
199 304
199 308
199 322
199 324
199 328
199 337
199 338
199 340
199 341
200 204
200 215
200 225
200 228
200 252
200 259
200 274
200 280
200 287
200 288
200 289
200 293
200 295
200 297
200 304
200 308
200 318
200 322
200 324
200 328
200 337
200 340
200 341
201 204
201 215
201 225
201 228
201 252
201 259
201 274
201 280
201 287
201 288
201 289
201 293
201 295
201 297
201 304
201 308
201 318
201 322
201 324
201 328
201 337
201 340
201 341
202 204
202 215
202 228
202 244
202 252
202 259
202 274
202 280
202 287
202 288
202 289
202 293
202 295
202 297
202 304
202 308
202 318
202 322
202 328
202 337
202 340
202 341
203 204
203 215
203 228
203 244
203 252
203 259
203 274
203 280
203 287
203 288
203 289
203 295
203 297
203 304
203 305
203 318
203 322
203 328
203 337
203 340
203 341
204 204
204 215
204 228
204 244
204 252
204 259
204 274
204 280
204 287
204 288
204 289
204 291
204 295
204 297
204 304
204 305
204 318
204 322
204 328
204 337
204 340
204 341
204 343
205 204
205 215
205 224
205 228
205 244
205 252
205 259
205 280
205 287
205 288
205 289
205 291
205 295
205 297
205 304
205 305
205 318
205 322
205 328
205 340
205 341
205 343
206 204
206 215
206 224
206 228
206 244
206 252
206 259
206 280
206 287
206 288
206 289
206 291
206 295
206 297
206 304
206 305
206 318
206 322
206 328
206 340
206 341
206 343
207 204
207 224
207 228
207 244
207 252
207 259
207 280
207 287
207 288
207 289
207 291
207 295
207 297
207 304
207 305
207 318
207 322
207 328
207 340
207 341
207 343
208 224
208 228
208 244
208 252
208 259
208 280
208 287
208 288
208 289
208 291
208 295
208 297
208 304
208 305
208 318
208 322
208 328
208 340
208 341
208 343
209 224
209 228
209 244
209 252
209 259
209 280
209 287
209 288
209 289
209 295
209 297
209 304
209 305
209 318
209 322
209 328
209 340
209 341
209 343
210 224
210 228
210 244
210 252
210 259
210 280
210 287
210 288
210 289
210 295
210 297
210 304
210 305
210 318
210 322
210 328
210 340
210 341
210 343
211 224
211 228
211 244
211 252
211 259
211 280
211 287
211 288
211 289
211 295
211 297
211 304
211 305
211 318
211 322
211 328
211 340
211 341
211 346
212 223
212 224
212 228
212 244
212 252
212 259
212 280
212 287
212 288
212 289
212 290
212 295
212 297
212 318
212 322
212 328
212 340
212 341
212 346
213 223
213 224
213 228
213 244
213 252
213 259
213 280
213 287
213 288
213 289
213 290
213 295
213 297
213 318
213 322
213 328
213 340
213 341
213 346
214 223
214 224
214 228
214 244
214 252
214 259
214 269
214 280
214 287
214 288
214 290
214 295
214 318
214 322
214 328
214 340
214 341
214 346
215 223
215 224
215 228
215 244
215 252
215 259
215 269
215 280
215 287
215 288
215 290
215 295
215 318
215 322
215 328
215 340
215 341
215 346
216 223
216 224
216 228
216 244
216 252
216 259
216 269
216 280
216 287
216 288
216 290
216 295
216 318
216 322
216 328
216 340
216 341
216 346
217 224
217 228
217 244
217 252
217 259
217 269
217 287
217 288
217 290
217 295
217 318
217 322
217 328
217 340
217 341
217 346
218 224
218 228
218 244
218 252
218 259
218 269
218 287
218 288
218 290
218 295
218 318
218 322
218 328
218 340
218 341
218 346
219 224
219 228
219 244
219 269
219 287
219 288
219 290
219 295
219 318
219 322
219 328
219 340
219 341
219 346
220 224
220 228
220 244
220 269
220 287
220 288
220 290
220 295
220 318
220 322
220 328
220 340
220 341
220 346
221 224
221 228
221 269
221 279
221 287
221 288
221 290
221 295
221 318
221 322
221 328
221 340
221 341
221 346
222 224
222 228
222 242
222 269
222 279
222 287
222 288
222 290
222 295
222 318
222 322
222 328
222 340
222 341
222 346
223 224
223 228
223 242
223 269
223 287
223 288
223 290
223 295
223 318
223 322
223 328
223 339
223 340
223 341
223 346
224 224
224 228
224 242
224 269
224 287
224 288
224 290
224 295
224 318
224 322
224 328
224 339
224 340
224 341
224 346
225 228
225 242
225 269
225 276
225 287
225 288
225 290
225 295
225 318
225 322
225 328
225 339
225 340
225 341
225 346
226 242
226 269
226 276
226 287
226 288
226 290
226 295
226 318
226 322
226 328
226 339
226 340
226 341
226 346
227 242
227 265
227 269
227 276
227 287
227 288
227 290
227 295
227 302
227 318
227 322
227 339
227 340
227 341
227 346
228 242
228 254
228 265
228 269
228 287
228 288
228 290
228 295
228 302
228 318
228 322
228 339
228 340
228 345
228 346
229 242
229 254
229 255
229 265
229 269
229 287
229 288
229 290
229 295
229 302
229 318
229 322
229 339
229 340
229 345
229 346
230 242
230 254
230 255
230 265
230 269
230 287
230 288
230 290
230 295
230 302
230 318
230 322
230 339
230 340
230 345
230 346
231 242
231 254
231 255
231 265
231 269
231 287
231 288
231 290
231 295
231 302
231 318
231 322
231 340
231 345
231 346
232 242
232 243
232 254
232 255
232 265
232 269
232 287
232 288
232 290
232 295
232 302
232 318
232 322
232 340
232 345
233 242
233 243
233 254
233 255
233 265
233 269
233 287
233 288
233 290
233 295
233 302
233 318
233 322
233 340
233 345
234 242
234 243
234 255
234 265
234 269
234 287
234 288
234 290
234 295
234 302
234 318
234 340
234 345
235 242
235 243
235 255
235 265
235 269
235 287
235 288
235 290
235 295
235 302
235 318
235 340
235 345
236 242
236 243
236 255
236 265
236 269
236 287
236 288
236 290
236 295
236 302
236 318
236 340
236 345
237 242
237 243
237 255
237 265
237 272
237 287
237 288
237 290
237 302
237 318
237 345
238 242
238 243
238 255
238 265
238 272
238 287
238 288
238 290
238 302
238 318
238 345
239 242
239 243
239 255
239 265
239 272
239 287
239 288
239 290
239 302
239 318
239 345
240 242
240 243
240 255
240 265
240 272
240 287
240 288
240 290
240 294
240 302
240 318
240 345
241 242
241 243
241 265
241 272
241 288
241 290
241 294
241 302
241 310
241 318
241 325
241 334
241 345
242 242
242 265
242 272
242 288
242 290
242 294
242 302
242 310
242 318
242 325
242 334
242 345
243 242
243 272
243 288
243 290
243 294
243 302
243 310
243 318
243 325
243 334
243 345
244 242
244 272
244 288
244 290
244 294
244 302
244 310
244 318
244 325
244 334
244 345
245 242
245 272
245 290
245 294
245 302
245 310
245 318
245 325
245 334
245 342
245 345
246 242
246 272
246 294
246 302
246 310
246 318
246 325
246 334
246 342
246 345
247 242
247 272
247 294
247 302
247 309
247 310
247 318
247 325
247 334
247 342
247 345
248 242
248 272
248 294
248 302
248 309
248 310
248 318
248 325
248 334
248 342
249 242
249 272
249 294
249 302
249 309
249 310
249 318
249 320
249 325
249 334
249 342
250 272
250 294
250 302
250 309
250 310
250 318
250 320
250 325
250 334
250 342
251 272
251 294
251 302
251 309
251 310
251 318
251 320
251 325
251 334
251 342
251 344
252 272
252 294
252 302
252 309
252 310
252 318
252 320
252 325
252 334
252 344
253 272
253 294
253 302
253 309
253 310
253 318
253 320
253 325
253 334
253 344
254 272
254 294
254 309
254 310
254 318
254 320
254 325
254 334
254 344
255 272
255 294
255 309
255 310
255 318
255 320
255 325
255 334
255 344
256 272
256 294
256 309
256 310
256 318
256 320
256 325
256 334
256 344
257 272
257 294
257 309
257 310
257 318
257 320
257 325
257 334
257 344
258 272
258 294
258 309
258 310
258 318
258 320
258 325
258 334
258 344
259 272
259 294
259 309
259 310
259 318
259 320
259 325
259 334
260 272
260 294
260 309
260 310
260 318
260 320
260 325
260 334
261 272
261 294
261 309
261 318
261 320
261 325
261 334
262 272
262 294
262 296
262 309
262 320
262 325
262 334
263 272
263 294
263 296
263 309
263 320
263 325
263 334
264 272
264 294
264 296
264 309
264 320
264 325
264 334
265 272
265 294
265 296
265 309
265 320
265 325
265 334
266 272
266 294
266 296
266 309
266 320
266 325
266 334
267 272
267 294
267 296
267 309
267 320
267 325
267 334
267 347
267 348
268 272
268 294
268 296
268 309
268 320
268 325
268 334
268 347
268 348
269 294
269 296
269 309
269 320
269 325
269 334
269 347
269 348
270 294
270 296
270 309
270 320
270 325
270 334
270 347
270 348
271 294
271 296
271 309
271 320
271 325
271 334
271 347
271 348
272 294
272 296
272 309
272 320
272 325
272 334
272 347
272 348
273 294
273 296
273 309
273 320
273 325
273 334
273 347
273 348
274 294
274 296
274 309
274 320
274 325
274 334
274 347
274 348
275 294
275 296
275 309
275 317
275 320
275 325
275 331
275 334
275 347
275 348
276 284
276 294
276 296
276 309
276 317
276 320
276 325
276 331
276 334
276 347
276 348
277 284
277 294
277 296
277 309
277 320
277 334
277 348
278 284
278 294
278 296
278 309
278 320
278 334
278 348
279 284
279 294
279 296
279 309
279 320
279 334
279 348
280 284
280 294
280 296
280 309
280 320
280 334
280 348
281 284
281 294
281 296
281 309
281 320
281 334
281 348
282 284
282 294
282 296
282 309
282 320
282 334
282 348
283 294
283 296
283 309
283 320
283 334
283 348
284 294
284 296
284 334
284 348
285 294
285 296
285 334
285 348
286 294
286 296
286 334
286 348
287 294
287 296
287 334
287 348
288 294
288 296
288 334
288 348
289 294
289 296
289 334
289 348
290 294
290 296
290 334
290 348
291 294
291 296
291 334
291 348
292 294
292 296
292 334
292 348
293 294
293 296
293 334
293 348
294 294
294 296
294 334
294 348
295 294
295 296
295 334
295 348
296 294
296 296
296 334
296 348
297 294
297 296
297 334
297 348
298 294
298 296
298 334
298 348
299 294
299 296
299 334
299 348
300 296
300 334
300 348
301 296
301 334
301 348
302 296
302 334
303 296
303 334
304 296
304 334
305 296
305 334
306 296
306 334
307 296
307 334
308 296
308 334
309 334
310 334
311 334
312 334
313 334
314 334
315 334
316 334
317 334
318 334
319 334
320 334
321 334
322 334
323 334
324 334
325 334
326 334
327 334
328 334
329 334
330 334
331 334
332 334
333 334
334 334
335 334
336 334
337 334
338 334
339 334
340 334
341 334
342 334
343 334
344 334
345 334
