1 4
1 37
2 4
2 37
3 4
3 7
3 37
4 10
4 13
4 16
4 22
4 23
4 26
4 29
4 30
4 37
4 56
4 73
4 75
4 90
4 91
4 112
4 117
4 118
4 134
4 151
4 156
4 255
5 8
5 16
5 21
5 22
5 23
5 26
5 29
5 30
5 37
5 56
5 73
5 75
5 90
5 91
5 112
5 118
5 128
5 134
5 151
5 156
5 255
6 9
6 16
6 18
6 21
6 22
6 23
6 26
6 28
6 29
6 30
6 56
6 73
6 74
6 75
6 90
6 91
6 112
6 118
6 128
6 134
6 151
6 156
6 255
6 266
7 12
7 16
7 18
7 21
7 22
7 25
7 26
7 29
7 30
7 56
7 73
7 74
7 75
7 89
7 90
7 91
7 118
7 128
7 134
7 151
7 156
7 216
7 255
7 266
8 12
8 16
8 18
8 21
8 22
8 25
8 26
8 29
8 30
8 56
8 73
8 74
8 75
8 89
8 90
8 91
8 115
8 118
8 128
8 134
8 151
8 156
8 216
8 255
8 266
9 12
9 16
9 18
9 21
9 22
9 25
9 26
9 29
9 30
9 56
9 74
9 75
9 89
9 90
9 91
9 115
9 118
9 128
9 134
9 151
9 156
9 216
9 255
9 266
10 20
10 22
10 39
10 54
10 57
10 64
10 89
10 90
10 91
10 115
10 118
10 121
10 134
10 150
10 151
10 156
10 216
10 219
10 255
10 266
10 322
11 39
11 57
11 58
11 64
11 90
11 91
11 115
11 118
11 134
11 150
11 151
11 156
11 216
11 219
11 221
11 255
11 266
11 322
12 39
12 57
12 58
12 64
12 90
12 91
12 93
12 115
12 118
12 134
12 150
12 151
12 156
12 216
12 219
12 221
12 255
12 266
12 322
13 39
13 57
13 58
13 64
13 90
13 91
13 93
13 115
13 118
13 134
13 150
13 151
13 156
13 216
13 219
13 221
13 255
13 266
13 313
13 322
14 33
14 39
14 51
14 57
14 58
14 64
14 90
14 91
14 93
14 115
14 118
14 134
14 150
14 151
14 156
14 176
14 219
14 221
14 255
14 266
14 322
15 33
15 39
15 41
15 51
15 57
15 58
15 64
15 93
15 115
15 118
15 134
15 150
15 151
15 156
15 176
15 219
15 221
15 255
15 266
16 46
16 58
16 93
16 101
16 114
16 115
16 134
16 138
16 150
16 156
16 176
16 202
16 232
16 266
16 269
16 344
17 46
17 58
17 93
17 101
17 114
17 115
17 134
17 138
17 150
17 156
17 176
17 202
17 232
17 266
17 269
17 344
18 34
18 58
18 93
18 101
18 109
18 114
18 115
18 134
18 138
18 150
18 156
18 176
18 202
18 232
18 266
18 269
18 309
18 344
19 93
19 101
19 109
19 114
19 115
19 134
19 138
19 150
19 156
19 157
19 176
19 202
19 232
19 266
19 269
19 309
19 344
20 44
20 93
20 101
20 109
20 114
20 115
20 134
20 138
20 150
20 156
20 157
20 176
20 202
20 232
20 266
20 269
20 309
20 344
21 44
21 93
21 101
21 109
21 114
21 115
21 134
21 138
21 150
21 156
21 157
21 176
21 202
21 232
21 266
21 269
21 309
21 344
22 45
22 93
22 101
22 107
22 109
22 114
22 115
22 134
22 138
22 150
22 156
22 207
22 232
22 266
22 269
22 309
22 344
23 32
23 45
23 93
23 101
23 107
23 109
23 114
23 115
23 134
23 138
23 150
23 156
23 207
23 232
23 266
23 269
23 309
23 344
24 32
24 43
24 45
24 93
24 101
24 107
24 109
24 114
24 115
24 134
24 138
24 150
24 156
24 207
24 232
24 266
24 269
24 309
24 344
25 32
25 43
25 45
25 72
25 93
25 101
25 107
25 109
25 114
25 115
25 134
25 138
25 150
25 156
25 207
25 232
25 266
25 269
25 309
25 344
26 32
26 45
26 72
26 93
26 101
26 107
26 109
26 114
26 115
26 134
26 138
26 150
26 156
26 232
26 266
26 269
26 309
26 344
27 32
27 45
27 72
27 93
27 101
27 107
27 109
27 114
27 115
27 134
27 138
27 150
27 156
27 232
27 266
27 269
27 309
27 344
28 32
28 45
28 50
28 72
28 93
28 101
28 107
28 109
28 114
28 115
28 134
28 138
28 150
28 156
28 232
28 266
28 269
28 309
28 344
29 45
29 60
29 72
29 93
29 101
29 107
29 109
29 114
29 115
29 134
29 138
29 150
29 156
29 232
29 266
29 269
29 309
29 344
30 45
30 60
30 72
30 78
30 86
30 101
30 107
30 109
30 114
30 115
30 134
30 150
30 156
30 178
30 232
30 266
30 269
30 309
30 336
30 344
31 45
31 60
31 72
31 78
31 86
31 107
31 109
31 114
31 115
31 134
31 150
31 156
31 178
31 232
31 266
31 269
31 309
31 336
31 344
32 45
32 60
32 72
32 78
32 86
32 107
32 109
32 114
32 115
32 134
32 150
32 156
32 160
32 178
32 232
32 266
32 269
32 309
32 336
32 344
33 45
33 60
33 70
33 72
33 78
33 81
33 109
33 114
33 115
33 131
33 134
33 160
33 178
33 180
33 182
33 232
33 239
33 266
33 269
33 273
33 309
33 312
33 318
33 336
34 45
34 60
34 70
34 72
34 78
34 81
34 109
34 114
34 115
34 131
34 134
34 160
34 178
34 180
34 182
34 183
34 203
34 232
34 239
34 266
34 269
34 273
34 309
34 312
34 318
34 336
35 45
35 60
35 68
35 70
35 72
35 78
35 81
35 109
35 115
35 134
35 152
35 160
35 178
35 180
35 182
35 183
35 203
35 232
35 239
35 266
35 269
35 273
35 309
35 312
35 318
35 336
36 45
36 49
36 53
36 55
36 60
36 68
36 70
36 78
36 109
36 115
36 134
36 152
36 160
36 178
36 180
36 182
36 183
36 203
36 232
36 239
36 266
36 269
36 273
36 309
36 312
36 318
36 336
37 45
37 53
37 55
37 60
37 68
37 70
37 78
37 109
37 115
37 134
37 148
37 152
37 160
37 178
37 180
37 182
37 183
37 203
37 211
37 232
37 239
37 266
37 269
37 273
37 309
37 312
37 318
37 336
38 40
38 45
38 53
38 55
38 60
38 68
38 70
38 78
38 97
38 99
38 109
38 115
38 134
38 148
38 152
38 160
38 178
38 180
38 182
38 183
38 203
38 211
38 232
38 239
38 266
38 269
38 273
38 309
38 312
38 318
38 336
39 40
39 45
39 53
39 60
39 68
39 70
39 78
39 97
39 99
39 109
39 115
39 134
39 148
39 152
39 160
39 178
39 180
39 182
39 183
39 203
39 211
39 232
39 239
39 266
39 273
39 309
39 312
39 318
39 336
40 53
40 60
40 62
40 68
40 70
40 78
40 97
40 99
40 109
40 115
40 134
40 137
40 152
40 160
40 178
40 180
40 183
40 203
40 211
40 232
40 236
40 239
40 266
40 273
40 309
40 312
40 318
40 336
41 42
41 65
41 68
41 70
41 71
41 78
41 99
41 109
41 115
41 134
41 137
41 141
41 152
41 160
41 175
41 178
41 180
41 183
41 203
41 211
41 232
41 236
41 239
41 266
41 267
41 268
41 273
41 309
41 312
41 318
41 323
41 336
42 65
42 68
42 70
42 71
42 78
42 99
42 109
42 115
42 134
42 137
42 141
42 152
42 154
42 160
42 172
42 175
42 178
42 180
42 183
42 203
42 211
42 232
42 236
42 239
42 266
42 267
42 268
42 273
42 309
42 312
42 318
42 323
42 336
43 65
43 68
43 70
43 71
43 78
43 99
43 102
43 115
43 122
43 134
43 137
43 141
43 152
43 160
43 178
43 180
43 183
43 203
43 232
43 236
43 239
43 266
43 267
43 268
43 273
43 309
43 312
43 318
43 323
43 336
44 65
44 68
44 70
44 71
44 78
44 99
44 102
44 111
44 115
44 122
44 134
44 137
44 141
44 152
44 160
44 178
44 180
44 183
44 203
44 232
44 236
44 239
44 266
44 267
44 268
44 273
44 309
44 312
44 318
44 319
44 323
44 325
44 336
45 65
45 66
45 68
45 70
45 71
45 78
45 99
45 102
45 111
45 122
45 134
45 141
45 152
45 160
45 161
45 169
45 178
45 180
45 183
45 203
45 232
45 266
45 267
45 268
45 273
45 309
45 312
45 318
45 319
45 323
45 325
45 336
45 347
46 65
46 66
46 70
46 71
46 76
46 78
46 99
46 100
46 111
46 122
46 129
46 134
46 152
46 161
46 169
46 178
46 180
46 183
46 203
46 232
46 266
46 267
46 268
46 273
46 309
46 312
46 323
46 325
46 336
46 347
47 65
47 66
47 70
47 71
47 76
47 78
47 92
47 99
47 100
47 111
47 122
47 129
47 134
47 152
47 161
47 169
47 178
47 180
47 183
47 203
47 232
47 266
47 267
47 268
47 273
47 309
47 312
47 323
47 325
47 336
47 347
48 65
48 66
48 70
48 71
48 76
48 78
48 92
48 99
48 100
48 111
48 122
48 129
48 134
48 152
48 161
48 169
48 178
48 180
48 183
48 203
48 232
48 266
48 267
48 268
48 273
48 309
48 312
48 323
48 325
48 336
48 347
49 65
49 66
49 71
49 76
49 78
49 92
49 99
49 100
49 111
49 122
49 129
49 132
49 134
49 152
49 161
49 169
49 178
49 180
49 183
49 203
49 232
49 266
49 267
49 268
49 273
49 309
49 312
49 323
49 325
49 336
49 347
50 66
50 71
50 76
50 78
50 92
50 99
50 100
50 122
50 129
50 152
50 161
50 169
50 178
50 180
50 183
50 203
50 232
50 266
50 267
50 268
50 273
50 309
50 312
50 323
50 325
50 336
50 347
51 66
51 71
51 76
51 122
51 129
51 152
51 169
51 178
51 180
51 183
51 203
51 220
51 232
51 267
51 268
51 273
51 312
51 323
51 325
51 347
52 61
52 63
52 71
52 76
52 122
52 129
52 130
52 152
52 169
52 178
52 180
52 183
52 203
52 204
52 232
52 233
52 267
52 268
52 273
52 312
52 323
52 325
52 347
53 61
53 63
53 71
53 76
53 122
53 129
53 130
53 152
53 169
53 178
53 180
53 183
53 203
53 204
53 232
53 233
53 267
53 268
53 273
53 301
53 312
53 323
53 325
53 347
54 61
54 63
54 76
54 122
54 129
54 130
54 152
54 169
54 178
54 180
54 183
54 203
54 204
54 232
54 233
54 267
54 268
54 273
54 301
54 312
54 323
54 325
54 347
55 59
55 63
55 76
55 113
55 116
55 122
55 169
55 178
55 183
55 203
55 204
55 232
55 267
55 268
55 273
55 301
55 312
55 323
55 325
55 338
55 347
56 59
56 63
56 84
56 85
56 113
56 116
56 122
56 139
56 169
56 181
56 183
56 195
56 199
56 203
56 204
56 232
56 267
56 268
56 273
56 301
56 312
56 323
56 325
56 338
56 347
57 59
57 63
57 84
57 85
57 113
57 116
57 122
57 139
57 169
57 181
57 183
57 192
57 195
57 199
57 203
57 204
57 232
57 267
57 268
57 273
57 301
57 323
57 325
57 338
57 347
58 59
58 63
58 84
58 85
58 113
58 116
58 122
58 139
58 169
58 181
58 183
58 192
58 195
58 199
58 203
58 204
58 232
58 267
58 268
58 273
58 301
58 323
58 325
58 338
58 347
59 59
59 63
59 77
59 84
59 85
59 94
59 113
59 116
59 122
59 123
59 139
59 169
59 181
59 183
59 192
59 195
59 199
59 203
59 204
59 232
59 267
59 268
59 273
59 301
59 323
59 325
59 338
59 347
60 59
60 84
60 85
60 94
60 116
60 122
60 123
60 149
60 169
60 181
60 183
60 187
60 192
60 195
60 199
60 203
60 204
60 210
60 263
60 267
60 268
60 273
60 301
60 323
60 325
60 338
60 347
61 59
61 84
61 116
61 122
61 123
61 133
61 149
61 181
61 183
61 187
61 192
61 195
61 199
61 203
61 204
61 210
61 263
61 267
61 268
61 273
61 301
61 323
61 325
61 338
61 347
62 84
62 108
62 116
62 122
62 123
62 149
62 158
62 181
62 183
62 187
62 192
62 195
62 199
62 203
62 204
62 210
62 263
62 267
62 268
62 301
62 323
62 325
62 338
62 347
63 84
63 108
63 116
63 122
63 123
63 149
63 158
63 183
63 187
63 195
63 199
63 203
63 204
63 210
63 263
63 267
63 268
63 301
63 307
63 323
63 325
63 338
63 347
64 84
64 108
64 116
64 122
64 123
64 149
64 158
64 183
64 187
64 195
64 199
64 203
64 204
64 210
64 263
64 267
64 268
64 301
64 307
64 323
64 325
64 338
64 347
65 84
65 108
65 116
65 122
65 123
65 149
65 158
65 183
65 187
65 195
65 199
65 203
65 204
65 210
65 263
65 267
65 268
65 301
65 307
65 323
65 325
65 338
65 347
66 84
66 108
66 116
66 122
66 123
66 149
66 158
66 183
66 187
66 195
66 199
66 203
66 204
66 210
66 263
66 267
66 268
66 301
66 307
66 323
66 325
66 338
66 347
67 84
67 88
67 108
67 116
67 122
67 123
67 149
67 158
67 183
67 187
67 195
67 199
67 203
67 204
67 210
67 263
67 267
67 268
67 301
67 307
67 323
67 325
67 338
67 347
68 82
68 84
68 88
68 105
68 108
68 116
68 123
68 135
68 145
68 146
68 149
68 158
68 164
68 183
68 187
68 195
68 199
68 203
68 204
68 235
68 263
68 267
68 268
68 301
68 307
68 323
68 325
68 327
68 338
68 347
69 82
69 88
69 108
69 116
69 123
69 135
69 145
69 146
69 149
69 158
69 164
69 168
69 183
69 184
69 187
69 199
69 203
69 235
69 263
69 267
69 268
69 301
69 307
69 323
69 325
69 327
69 347
70 80
70 82
70 88
70 104
70 108
70 116
70 123
70 135
70 145
70 146
70 149
70 158
70 164
70 168
70 183
70 184
70 187
70 191
70 203
70 235
70 263
70 267
70 268
70 301
70 307
70 323
70 335
70 347
71 80
71 82
71 88
71 103
71 104
71 108
71 116
71 123
71 135
71 145
71 146
71 149
71 158
71 164
71 168
71 183
71 184
71 187
71 191
71 203
71 235
71 263
71 267
71 268
71 274
71 301
71 307
71 323
71 335
71 347
72 80
72 82
72 88
72 103
72 104
72 108
72 116
72 123
72 135
72 145
72 146
72 149
72 158
72 164
72 168
72 183
72 184
72 187
72 191
72 203
72 217
72 235
72 263
72 267
72 268
72 274
72 301
72 307
72 323
72 335
72 347
73 80
73 82
73 88
73 103
73 104
73 108
73 116
73 123
73 135
73 145
73 146
73 149
73 158
73 164
73 168
73 183
73 184
73 187
73 191
73 203
73 217
73 235
73 263
73 267
73 268
73 274
73 301
73 307
73 323
73 335
73 347
74 80
74 82
74 88
74 103
74 108
74 116
74 123
74 135
74 145
74 146
74 158
74 163
74 164
74 183
74 184
74 187
74 191
74 203
74 217
74 231
74 235
74 261
74 263
74 267
74 268
74 274
74 301
74 307
74 323
74 335
74 347
75 80
75 82
75 88
75 103
75 108
75 116
75 123
75 135
75 144
75 145
75 158
75 163
75 164
75 183
75 184
75 187
75 203
75 217
75 231
75 235
75 263
75 267
75 268
75 274
75 293
75 301
75 307
75 315
75 323
75 335
75 347
76 80
76 82
76 88
76 95
76 103
76 108
76 116
76 123
76 135
76 144
76 145
76 158
76 163
76 164
76 183
76 184
76 187
76 203
76 217
76 231
76 235
76 268
76 274
76 293
76 301
76 307
76 315
76 323
76 335
76 347
77 80
77 82
77 88
77 95
77 103
77 108
77 116
77 123
77 135
77 144
77 145
77 158
77 163
77 164
77 183
77 184
77 203
77 217
77 231
77 235
77 268
77 274
77 293
77 301
77 307
77 315
77 323
77 335
77 347
78 80
78 82
78 88
78 95
78 103
78 108
78 116
78 123
78 135
78 144
78 145
78 158
78 163
78 164
78 183
78 184
78 203
78 217
78 231
78 235
78 268
78 274
78 293
78 301
78 307
78 315
78 323
78 335
78 347
79 80
79 82
79 95
79 103
79 108
79 116
79 123
79 135
79 144
79 145
79 158
79 163
79 164
79 183
79 184
79 203
79 217
79 235
79 268
79 274
79 293
79 301
79 307
79 315
79 323
79 335
79 347
80 80
80 87
80 95
80 98
80 103
80 108
80 135
80 144
80 145
80 147
80 158
80 164
80 183
80 184
80 188
80 203
80 212
80 217
80 235
80 237
80 265
80 268
80 274
80 293
80 301
80 302
80 307
80 315
80 323
80 335
80 347
81 80
81 87
81 95
81 98
81 103
81 108
81 135
81 144
81 145
81 147
81 158
81 164
81 173
81 183
81 184
81 188
81 203
81 212
81 213
81 217
81 235
81 237
81 265
81 268
81 274
81 293
81 301
81 302
81 307
81 308
81 315
81 323
81 335
81 347
82 80
82 87
82 95
82 98
82 103
82 108
82 135
82 143
82 144
82 145
82 147
82 158
82 164
82 173
82 183
82 184
82 188
82 203
82 212
82 213
82 217
82 235
82 237
82 265
82 268
82 274
82 293
82 301
82 302
82 307
82 308
82 315
82 323
82 335
82 347
83 80
83 87
83 95
83 98
83 103
83 108
83 135
83 143
83 144
83 145
83 147
83 158
83 164
83 173
83 183
83 184
83 188
83 203
83 212
83 213
83 217
83 235
83 237
83 265
83 268
83 274
83 293
83 301
83 302
83 307
83 308
83 315
83 323
83 335
83 347
84 80
84 87
84 95
84 98
84 108
84 135
84 143
84 144
84 158
84 164
84 173
84 183
84 184
84 185
84 188
84 203
84 212
84 213
84 217
84 237
84 251
84 265
84 268
84 274
84 293
84 301
84 302
84 307
84 308
84 315
84 323
84 335
84 347
85 80
85 87
85 95
85 98
85 108
85 126
85 135
85 144
85 158
85 159
85 164
85 173
85 185
85 188
85 203
85 205
85 212
85 213
85 217
85 237
85 265
85 268
85 274
85 293
85 301
85 302
85 307
85 308
85 315
85 323
85 335
85 347
86 80
86 87
86 95
86 98
86 108
86 126
86 135
86 144
86 158
86 159
86 164
86 173
86 185
86 188
86 203
86 205
86 212
86 213
86 217
86 237
86 265
86 268
86 274
86 293
86 301
86 302
86 307
86 308
86 315
86 323
86 335
86 347
87 95
87 108
87 135
87 158
87 159
87 164
87 185
87 188
87 189
87 203
87 205
87 212
87 213
87 217
87 218
87 237
87 265
87 268
87 274
87 279
87 293
87 301
87 302
87 305
87 307
87 308
87 314
87 315
87 323
87 335
87 347
88 95
88 108
88 135
88 158
88 159
88 164
88 185
88 188
88 189
88 203
88 205
88 212
88 213
88 217
88 218
88 237
88 265
88 268
88 274
88 279
88 293
88 301
88 302
88 305
88 307
88 308
88 314
88 323
88 335
88 347
89 95
89 108
89 135
89 158
89 159
89 164
89 185
89 188
89 189
89 203
89 205
89 212
89 213
89 217
89 218
89 237
89 265
89 268
89 274
89 279
89 293
89 301
89 302
89 305
89 307
89 308
89 314
89 323
89 335
89 347
90 95
90 135
90 159
90 164
90 185
90 188
90 189
90 196
90 203
90 205
90 212
90 213
90 217
90 218
90 237
90 265
90 268
90 274
90 279
90 293
90 301
90 302
90 305
90 308
90 314
90 323
90 335
90 347
91 95
91 119
91 135
91 155
91 164
91 185
91 188
91 189
91 196
91 203
91 205
91 212
91 213
91 217
91 218
91 237
91 265
91 268
91 274
91 279
91 293
91 301
91 302
91 305
91 308
91 314
91 323
91 335
91 347
92 95
92 119
92 135
92 155
92 164
92 185
92 188
92 189
92 196
92 203
92 205
92 212
92 213
92 217
92 218
92 237
92 265
92 268
92 274
92 279
92 293
92 301
92 302
92 305
92 308
92 314
92 323
92 335
92 347
93 95
93 119
93 135
93 155
93 164
93 185
93 188
93 189
93 196
93 203
93 205
93 212
93 213
93 217
93 218
93 237
93 265
93 268
93 274
93 279
93 293
93 301
93 302
93 305
93 308
93 314
93 323
93 335
93 347
94 119
94 135
94 185
94 188
94 189
94 196
94 203
94 205
94 212
94 213
94 217
94 218
94 237
94 265
94 268
94 274
94 279
94 293
94 301
94 302
94 305
94 308
94 314
94 323
94 335
94 347
95 119
95 185
95 188
95 196
95 203
95 205
95 212
95 217
95 218
95 227
95 237
95 265
95 268
95 270
95 274
95 279
95 301
95 302
95 305
95 308
95 314
95 323
95 335
95 347
96 119
96 166
96 170
96 185
96 188
96 196
96 203
96 205
96 212
96 217
96 218
96 227
96 237
96 265
96 268
96 270
96 274
96 279
96 301
96 302
96 305
96 308
96 314
96 323
96 335
96 347
97 119
97 166
97 170
97 185
97 188
97 196
97 203
97 205
97 212
97 217
97 218
97 227
97 237
97 265
97 268
97 270
97 274
97 279
97 301
97 302
97 305
97 308
97 314
97 323
97 335
97 347
98 119
98 170
98 185
98 188
98 196
98 203
98 205
98 212
98 217
98 218
98 223
98 227
98 237
98 265
98 268
98 270
98 274
98 279
98 301
98 302
98 305
98 308
98 314
98 323
98 335
98 347
99 119
99 136
99 170
99 185
99 188
99 190
99 196
99 203
99 205
99 212
99 217
99 218
99 223
99 227
99 237
99 265
99 268
99 270
99 274
99 279
99 291
99 301
99 302
99 305
99 308
99 314
99 323
99 335
99 347
100 125
100 136
100 170
100 185
100 188
100 190
100 196
100 203
100 205
100 212
100 217
100 218
100 223
100 227
100 237
100 265
100 268
100 270
100 274
100 279
100 291
100 301
100 302
100 305
100 308
100 314
100 323
100 335
100 347
101 125
101 136
101 170
101 185
101 188
101 190
101 196
101 203
101 205
101 212
101 217
101 223
101 227
101 237
101 265
101 268
101 270
101 274
101 279
101 291
101 301
101 302
101 305
101 308
101 314
101 323
101 335
101 347
102 125
102 136
102 170
102 185
102 188
102 190
102 196
102 203
102 205
102 212
102 217
102 223
102 227
102 237
102 265
102 268
102 270
102 274
102 279
102 291
102 301
102 302
102 305
102 308
102 314
102 323
102 335
102 347
103 125
103 136
103 170
103 185
103 188
103 190
103 196
103 203
103 205
103 212
103 217
103 223
103 227
103 237
103 265
103 268
103 270
103 274
103 279
103 286
103 291
103 301
103 302
103 305
103 308
103 314
103 323
103 335
103 347
104 106
104 125
104 136
104 170
104 185
104 188
104 190
104 196
104 203
104 205
104 212
104 217
104 223
104 227
104 237
104 265
104 268
104 270
104 274
104 279
104 286
104 291
104 301
104 302
104 305
104 308
104 314
104 323
104 335
104 347
105 106
105 125
105 136
105 162
105 170
105 171
105 185
105 196
105 203
105 205
105 212
105 217
105 223
105 227
105 237
105 265
105 270
105 274
105 279
105 286
105 291
105 301
105 302
105 305
105 308
105 314
105 323
105 335
105 347
106 106
106 125
106 136
106 162
106 170
106 171
106 185
106 196
106 205
106 212
106 217
106 223
106 227
106 237
106 242
106 265
106 270
106 274
106 279
106 286
106 291
106 301
106 302
106 305
106 314
106 323
106 335
106 347
107 106
107 125
107 136
107 162
107 170
107 171
107 185
107 196
107 205
107 212
107 217
107 223
107 227
107 237
107 242
107 258
107 265
107 270
107 274
107 279
107 286
107 291
107 301
107 302
107 305
107 314
107 323
107 335
107 347
108 106
108 125
108 136
108 162
108 170
108 171
108 185
108 196
108 205
108 212
108 217
108 223
108 227
108 237
108 242
108 258
108 265
108 270
108 274
108 279
108 286
108 291
108 301
108 302
108 305
108 314
108 323
108 335
108 347
109 106
109 125
109 136
109 162
109 170
109 171
109 185
109 196
109 205
109 212
109 217
109 223
109 227
109 237
109 242
109 258
109 265
109 270
109 274
109 279
109 286
109 291
109 301
109 302
109 305
109 314
109 323
109 335
109 347
110 106
110 125
110 136
110 162
110 170
110 171
110 185
110 196
110 205
110 212
110 217
110 223
110 227
110 242
110 258
110 265
110 270
110 274
110 279
110 286
110 291
110 301
110 302
110 314
110 323
110 335
110 347
111 106
111 125
111 136
111 162
111 171
111 185
111 196
111 205
111 212
111 217
111 223
111 227
111 242
111 258
111 265
111 270
111 274
111 279
111 286
111 291
111 301
111 302
111 314
111 323
111 335
111 347
112 106
112 125
112 136
112 162
112 171
112 185
112 196
112 205
112 212
112 217
112 223
112 227
112 242
112 258
112 265
112 270
112 274
112 279
112 291
112 301
112 302
112 314
112 323
112 335
112 347
113 106
113 125
113 162
113 171
113 185
113 196
113 205
113 212
113 217
113 223
113 227
113 242
113 258
113 265
113 270
113 274
113 279
113 291
113 301
113 302
113 314
113 323
113 335
113 347
114 106
114 125
114 162
114 171
114 185
114 196
114 205
114 212
114 217
114 223
114 227
114 242
114 258
114 265
114 270
114 274
114 279
114 291
114 301
114 302
114 314
114 323
114 335
114 347
115 125
115 162
115 171
115 185
115 196
115 205
115 212
115 217
115 223
115 227
115 242
115 258
115 265
115 270
115 274
115 279
115 291
115 301
115 302
115 323
115 335
115 347
116 125
116 162
116 171
116 185
116 196
116 205
116 212
116 217
116 223
116 227
116 242
116 258
116 265
116 270
116 274
116 279
116 291
116 301
116 302
116 323
116 335
116 347
117 125
117 162
117 171
117 185
117 196
117 205
117 212
117 217
117 223
117 227
117 242
117 258
117 265
117 270
117 274
117 279
117 291
117 301
117 302
117 323
117 335
117 347
118 125
118 162
118 171
118 185
118 196
118 205
118 212
118 217
118 223
118 227
118 242
118 258
118 265
118 270
118 274
118 279
118 291
118 301
118 302
118 323
118 335
118 347
119 125
119 162
119 171
119 185
119 196
119 205
119 212
119 217
119 223
119 227
119 242
119 258
119 265
119 270
119 274
119 279
119 291
119 301
119 302
119 323
119 335
119 347
120 125
120 162
120 171
120 185
120 196
120 205
120 212
120 217
120 223
120 227
120 242
120 258
120 265
120 270
120 274
120 279
120 291
120 301
120 302
120 323
120 335
120 347
121 125
121 162
121 171
121 185
121 196
121 205
121 212
121 217
121 223
121 227
121 242
121 258
121 270
121 274
121 279
121 291
121 301
121 302
121 323
121 335
121 347
122 125
122 162
122 177
122 185
122 196
122 205
122 212
122 217
122 223
122 227
122 242
122 258
122 259
122 270
122 274
122 279
122 291
122 301
122 302
122 303
122 323
122 335
122 347
123 125
123 127
123 162
123 177
123 185
123 196
123 205
123 212
123 217
123 223
123 227
123 242
123 258
123 259
123 270
123 274
123 279
123 282
123 291
123 301
123 302
123 303
123 323
123 335
123 347
124 125
124 127
124 162
124 177
124 179
124 185
124 196
124 205
124 212
124 217
124 223
124 227
124 242
124 258
124 259
124 270
124 274
124 279
124 282
124 291
124 301
124 302
124 303
124 323
124 335
124 347
125 125
125 127
125 162
125 177
125 179
125 185
125 196
125 205
125 212
125 217
125 223
125 227
125 242
125 258
125 259
125 270
125 274
125 279
125 282
125 291
125 292
125 301
125 302
125 303
125 323
125 335
125 347
126 127
126 162
126 177
126 179
126 185
126 205
126 212
126 223
126 227
126 242
126 258
126 259
126 274
126 279
126 291
126 301
126 302
126 303
126 323
126 335
126 343
126 347
127 127
127 162
127 177
127 179
127 185
127 205
127 212
127 227
127 241
127 242
127 258
127 259
127 274
127 279
127 291
127 301
127 302
127 303
127 310
127 323
127 335
127 343
127 347
128 162
128 177
128 179
128 205
128 212
128 227
128 241
128 242
128 258
128 259
128 274
128 279
128 291
128 301
128 302
128 303
128 310
128 335
128 343
128 347
129 162
129 177
129 179
129 205
129 212
129 227
129 241
129 242
129 258
129 259
129 274
129 279
129 291
129 301
129 302
129 303
129 310
129 335
129 343
129 347
130 162
130 179
130 205
130 212
130 227
130 241
130 242
130 258
130 259
130 274
130 279
130 291
130 301
130 302
130 303
130 310
130 335
130 343
130 347
131 162
131 179
131 205
131 212
131 227
131 241
131 242
131 259
131 274
131 279
131 291
131 301
131 302
131 303
131 310
131 335
131 343
131 347
132 162
132 179
132 205
132 212
132 227
132 241
132 242
132 259
132 274
132 279
132 291
132 301
132 302
132 303
132 310
132 335
132 343
132 347
133 162
133 179
133 193
133 205
133 212
133 227
133 240
133 241
133 242
133 259
133 274
133 279
133 291
133 301
133 302
133 303
133 310
133 335
133 340
133 343
133 347
134 162
134 179
134 193
134 205
134 212
134 227
134 240
134 241
134 242
134 247
134 274
134 275
134 279
134 291
134 301
134 302
134 303
134 310
134 335
134 340
134 343
134 347
135 162
135 179
135 193
135 205
135 212
135 224
135 227
135 240
135 241
135 242
135 247
135 274
135 275
135 279
135 291
135 301
135 302
135 310
135 335
135 340
135 347
136 162
136 179
136 193
136 205
136 224
136 227
136 240
136 242
136 247
136 274
136 275
136 291
136 301
136 302
136 310
136 335
136 340
136 347
137 162
137 179
137 205
137 215
137 224
137 227
137 240
137 242
137 247
137 274
137 275
137 291
137 301
137 302
137 310
137 340
137 347
138 162
138 179
138 205
138 215
138 224
138 227
138 240
138 242
138 247
138 274
138 275
138 291
138 301
138 302
138 310
138 340
138 347
139 162
139 179
139 205
139 215
139 224
139 227
139 242
139 247
139 274
139 275
139 291
139 301
139 302
139 310
139 340
139 347
140 162
140 179
140 205
140 215
140 224
140 227
140 238
140 242
140 247
140 274
140 275
140 291
140 301
140 302
140 310
140 340
140 347
141 162
141 179
141 205
141 215
141 224
141 227
141 238
141 242
141 247
141 274
141 275
141 291
141 301
141 302
141 310
141 340
141 347
142 162
142 179
142 205
142 215
142 227
142 238
142 242
142 247
142 274
142 275
142 291
142 301
142 302
142 340
142 347
143 162
143 179
143 205
143 215
143 227
143 238
143 242
143 247
143 274
143 275
143 291
143 301
143 302
143 340
143 347
144 162
144 179
144 205
144 215
144 227
144 238
144 242
144 247
144 274
144 275
144 291
144 301
144 302
144 340
144 347
145 162
145 179
145 205
145 215
145 227
145 238
145 242
145 247
145 274
145 275
145 291
145 301
145 302
145 340
145 347
146 162
146 179
146 205
146 215
146 238
146 242
146 247
146 274
146 275
146 291
146 301
146 302
146 340
146 347
147 162
147 179
147 205
147 215
147 238
147 242
147 247
147 274
147 275
147 284
147 291
147 301
147 302
147 340
147 347
148 162
148 179
148 205
148 238
148 242
148 247
148 274
148 275
148 284
148 291
148 297
148 301
148 302
148 340
148 347
149 162
149 167
149 179
149 205
149 238
149 242
149 247
149 274
149 275
149 284
149 291
149 297
149 301
149 302
149 340
149 347
150 167
150 174
150 179
150 197
150 205
150 242
150 247
150 275
150 284
150 294
150 297
150 302
150 340
150 347
151 167
151 174
151 179
151 197
151 205
151 242
151 247
151 275
151 284
151 294
151 297
151 302
151 340
151 347
152 205
152 242
152 247
152 275
152 284
152 294
152 297
152 302
152 340
152 347
153 205
153 242
153 247
153 264
153 275
153 284
153 294
153 297
153 302
153 340
153 347
154 194
154 205
154 242
154 247
154 264
154 275
154 284
154 340
154 347
155 194
155 205
155 242
155 247
155 264
155 284
155 340
155 347
156 194
156 205
156 242
156 247
156 264
156 284
156 340
156 347
157 194
157 205
157 242
157 247
157 264
157 284
157 340
157 347
158 194
158 205
158 242
158 247
158 264
158 284
158 290
158 340
158 347
159 194
159 205
159 242
159 247
159 264
159 284
159 290
159 340
159 347
160 194
160 205
160 242
160 247
160 264
160 284
160 290
160 340
160 347
161 194
161 205
161 242
161 247
161 264
161 284
161 290
161 340
161 347
162 194
162 205
162 242
162 243
162 247
162 264
162 280
162 284
162 287
162 290
162 347
163 194
163 205
163 242
163 243
163 247
163 264
163 280
163 284
163 287
163 290
163 347
164 194
164 205
164 242
164 243
164 247
164 264
164 280
164 284
164 287
164 290
164 347
165 194
165 205
165 242
165 243
165 247
165 264
165 280
165 284
165 287
165 290
165 347
166 194
166 205
166 242
166 243
166 247
166 264
166 280
166 284
166 287
166 290
166 347
167 194
167 205
167 242
167 243
167 247
167 264
167 280
167 284
167 287
167 290
167 347
168 194
168 205
168 242
168 243
168 247
168 264
168 280
168 284
168 287
168 290
168 347
169 194
169 205
169 242
169 243
169 247
169 256
169 264
169 280
169 284
169 287
169 290
170 194
170 205
170 242
170 243
170 247
170 256
170 264
170 272
170 280
170 284
170 287
170 290
171 194
171 205
171 209
171 242
171 243
171 247
171 256
171 264
171 272
171 280
171 284
171 287
171 290
172 205
172 209
172 242
172 247
172 256
172 272
172 280
172 284
172 287
172 290
173 200
173 205
173 209
173 242
173 247
173 256
173 272
173 280
173 284
173 287
173 290
174 200
174 205
174 209
174 242
174 247
174 256
174 272
174 280
174 284
174 287
174 290
175 200
175 205
175 242
175 247
175 256
175 272
175 280
175 284
175 287
175 290
176 200
176 205
176 247
176 256
176 260
176 272
176 280
176 284
176 287
176 290
177 200
177 205
177 247
177 256
177 260
177 272
177 280
177 284
177 287
177 290
178 200
178 205
178 247
178 256
178 260
178 272
178 280
178 284
178 287
178 290
179 198
179 200
179 205
179 206
179 247
179 256
179 260
179 272
179 280
179 284
179 287
179 290
180 198
180 200
180 205
180 206
180 247
180 256
180 260
180 272
180 280
180 284
180 287
180 290
181 198
181 200
181 206
181 247
181 256
181 260
181 272
181 280
181 284
181 287
182 198
182 200
182 206
182 214
182 247
182 248
182 256
182 260
182 272
182 280
182 287
183 198
183 200
183 206
183 214
183 247
183 248
183 256
183 260
183 272
183 280
183 287
184 198
184 200
184 214
184 247
184 248
184 256
184 260
184 272
184 280
184 287
185 198
185 200
185 214
185 222
185 247
185 248
185 256
185 260
185 272
185 280
185 287
186 198
186 200
186 247
186 248
186 256
186 260
186 272
186 281
186 287
187 198
187 200
187 247
187 248
187 256
187 260
187 272
187 281
187 287
188 198
188 200
188 247
188 248
188 256
188 260
188 272
188 281
188 287
189 198
189 200
189 247
189 248
189 249
189 257
189 260
189 272
189 281
189 287
190 198
190 200
190 247
190 248
190 249
190 257
190 260
190 272
190 281
190 287
191 198
191 200
191 247
191 248
191 249
191 257
191 260
191 272
191 281
191 287
192 200
192 247
192 248
192 249
192 257
192 260
192 272
192 287
193 200
193 247
193 248
193 249
193 257
193 260
193 272
193 287
193 320
193 328
194 200
194 247
194 248
194 249
194 257
194 260
194 272
194 287
194 320
194 328
195 200
195 247
195 248
195 249
195 257
195 260
195 272
195 287
195 311
195 320
195 328
196 200
196 247
196 248
196 249
196 257
196 260
196 272
196 287
196 311
196 320
196 328
197 200
197 247
197 248
197 249
197 257
197 260
197 272
197 287
197 311
197 320
197 328
198 200
198 247
198 248
198 249
198 257
198 260
198 272
198 287
198 311
198 328
199 200
199 247
199 248
199 249
199 257
199 260
199 272
199 287
199 311
199 328
200 200
200 247
200 248
200 249
200 257
200 260
200 272
200 287
200 311
200 328
201 200
201 225
201 247
201 248
201 249
201 257
201 260
201 272
201 283
201 287
201 311
201 328
202 225
202 226
202 247
202 249
202 257
202 272
202 283
202 295
202 311
202 328
203 225
203 226
203 247
203 249
203 257
203 272
203 283
203 295
203 311
203 328
204 225
204 226
204 247
204 249
204 257
204 272
204 283
204 311
204 328
205 225
205 226
205 247
205 249
205 257
205 272
205 283
205 311
205 328
205 337
206 225
206 226
206 229
206 247
206 249
206 257
206 272
206 311
206 328
206 337
207 225
207 226
207 229
207 247
207 249
207 257
207 272
207 311
207 328
207 337
208 225
208 226
208 229
208 247
208 249
208 257
208 272
208 311
208 328
208 337
209 225
209 226
209 229
209 247
209 249
209 257
209 272
209 311
209 328
209 337
210 225
210 226
210 229
210 246
210 247
210 249
210 257
210 288
210 311
210 328
210 337
211 225
211 226
211 229
211 246
211 247
211 249
211 257
211 288
211 311
211 337
212 225
212 226
212 229
212 246
212 247
212 249
212 257
212 288
212 311
212 331
212 337
213 225
213 229
213 246
213 247
213 249
213 257
213 271
213 288
213 311
213 329
213 331
213 337
214 225
214 229
214 246
214 247
214 249
214 257
214 271
214 288
214 311
214 329
214 331
214 337
215 225
215 229
215 246
215 249
215 253
215 257
215 271
215 288
215 311
215 329
215 331
215 337
216 225
216 229
216 234
216 245
216 246
216 249
216 252
216 253
216 257
216 271
216 288
216 311
216 329
216 331
217 225
217 229
217 234
217 245
217 246
217 249
217 253
217 257
217 271
217 288
217 311
217 329
217 331
218 225
218 229
218 234
218 245
218 246
218 249
218 253
218 257
218 271
218 288
218 311
218 329
218 331
218 341
219 225
219 229
219 234
219 245
219 246
219 249
219 253
219 257
219 271
219 288
219 311
219 329
219 331
219 341
220 225
220 229
220 234
220 245
220 246
220 249
220 253
220 257
220 271
220 288
220 311
220 329
220 331
220 341
221 225
221 229
221 245
221 246
221 249
221 253
221 257
221 271
221 288
221 296
221 311
221 321
221 329
221 331
221 341
222 225
222 229
222 245
222 246
222 249
222 253
222 257
222 271
222 288
222 296
222 311
222 316
222 321
222 329
222 331
222 341
223 225
223 229
223 245
223 249
223 253
223 254
223 257
223 271
223 288
223 296
223 311
223 321
223 329
223 331
223 341
224 229
224 245
224 249
224 253
224 254
224 257
224 271
224 288
224 296
224 311
224 321
224 329
224 341
225 229
225 245
225 249
225 253
225 254
225 257
225 271
225 288
225 296
225 311
225 321
225 329
225 341
226 229
226 245
226 249
226 253
226 254
226 257
226 271
226 288
226 296
226 311
226 321
226 329
226 341
227 229
227 245
227 253
227 257
227 271
227 288
227 296
227 311
227 321
227 329
227 341
228 229
228 245
228 253
228 257
228 271
228 288
228 296
228 311
228 321
228 329
228 341
229 229
229 245
229 253
229 257
229 271
229 288
229 296
229 311
229 321
229 329
229 341
230 229
230 245
230 253
230 257
230 271
230 288
230 296
230 311
230 321
230 329
230 341
231 229
231 245
231 253
231 257
231 271
231 288
231 296
231 311
231 321
231 329
231 341
232 229
232 245
232 253
232 257
232 271
232 288
232 296
232 311
232 321
232 329
232 341
233 245
233 253
233 257
233 271
233 288
233 296
233 321
233 329
233 341
234 245
234 253
234 257
234 271
234 288
234 296
234 321
234 329
234 341
235 245
235 253
235 257
235 271
235 288
235 296
235 321
235 329
235 341
236 245
236 253
236 257
236 271
236 288
236 296
236 321
236 329
236 341
237 245
237 253
237 257
237 271
237 288
237 296
237 321
237 329
237 341
238 245
238 253
238 257
238 262
238 271
238 277
238 278
238 285
238 296
238 321
238 329
238 341
239 245
239 253
239 257
239 262
239 271
239 277
239 278
239 285
239 296
239 321
239 329
239 341
240 245
240 253
240 257
240 271
240 277
240 278
240 285
240 296
240 321
240 329
240 341
241 245
241 253
241 257
241 271
241 277
241 278
241 285
241 296
241 321
241 329
241 341
242 245
242 253
242 257
242 271
242 277
242 278
242 285
242 296
242 321
242 329
242 341
243 253
243 257
243 271
243 277
243 278
243 285
243 296
243 321
243 329
243 341
244 253
244 271
244 277
244 278
244 285
244 296
244 321
244 329
244 341
245 253
245 271
245 278
245 285
245 289
245 296
245 321
245 329
245 341
246 253
246 271
246 278
246 285
246 289
246 296
246 321
246 329
246 341
247 253
247 271
247 278
247 285
247 289
247 296
247 321
247 329
247 341
248 253
248 271
248 278
248 285
248 289
248 296
248 321
248 329
248 334
248 341
249 253
249 271
249 278
249 285
249 289
249 296
249 321
249 329
249 334
249 341
250 253
250 271
250 278
250 285
250 321
250 329
250 334
250 341
250 342
251 253
251 271
251 278
251 285
251 321
251 324
251 329
251 334
251 341
251 342
252 253
252 278
252 285
252 321
252 324
252 329
252 334
252 341
252 342
253 253
253 276
253 285
253 321
253 324
253 329
253 341
253 342
254 253
254 276
254 285
254 321
254 324
254 329
254 341
254 342
255 253
255 276
255 285
255 321
255 324
255 329
255 341
255 342
256 253
256 276
256 285
256 321
256 324
256 329
256 341
256 342
257 253
257 276
257 285
257 321
257 324
257 329
257 341
257 342
258 253
258 276
258 285
258 321
258 324
258 329
258 341
258 342
259 253
259 276
259 285
259 321
259 324
259 329
259 341
259 342
260 253
260 276
260 285
260 306
260 321
260 324
260 329
260 341
260 342
261 253
261 276
261 285
261 306
261 321
261 324
261 329
261 341
261 342
262 253
262 276
262 285
262 306
262 321
262 324
262 329
262 341
262 342
263 253
263 276
263 285
263 306
263 321
263 324
263 329
263 341
263 342
264 253
264 276
264 285
264 306
264 321
264 324
264 329
264 341
264 342
265 253
265 276
265 285
265 306
265 321
265 324
265 329
265 341
265 342
266 253
266 276
266 285
266 306
266 321
266 324
266 329
266 341
266 342
267 253
267 276
267 285
267 306
267 321
267 329
267 341
268 253
268 276
268 285
268 306
268 321
268 329
268 341
269 253
269 276
269 285
269 306
269 321
269 329
269 341
269 346
270 285
270 304
270 306
270 321
270 329
270 341
270 346
271 285
271 304
271 306
271 321
271 329
271 341
271 346
272 285
272 304
272 306
272 321
272 329
272 341
272 346
273 285
273 304
273 306
273 321
273 329
273 341
273 346
274 285
274 304
274 306
274 329
274 341
274 346
275 285
275 306
275 329
275 341
275 346
276 306
276 329
276 333
276 341
276 346
276 349
277 306
277 329
277 333
277 341
277 346
277 349
278 306
278 329
278 333
278 341
278 346
278 349
279 306
279 329
279 333
279 341
279 346
279 349
280 306
280 317
280 329
280 333
280 341
280 346
280 349
281 306
281 317
281 329
281 333
281 341
281 346
281 349
282 306
282 317
282 329
282 333
282 341
282 345
282 346
282 349
283 306
283 317
283 329
283 333
283 341
283 345
283 346
283 349
284 306
284 317
284 329
284 333
284 341
284 345
284 346
284 349
285 306
285 317
285 329
285 333
285 341
285 345
285 346
285 349
286 298
286 306
286 317
286 329
286 333
286 341
286 345
286 349
287 298
287 306
287 317
287 329
287 333
287 341
287 345
287 349
288 298
288 306
288 317
288 329
288 333
288 341
288 345
288 349
289 298
289 306
289 317
289 329
289 333
289 341
289 345
289 349
290 298
290 300
290 306
290 317
290 329
290 333
290 341
290 345
290 349
291 298
291 300
291 306
291 317
291 329
291 333
291 341
291 345
291 349
292 298
292 300
292 306
292 317
292 329
292 333
292 341
292 345
292 349
293 298
293 300
293 306
293 317
293 329
293 333
293 341
293 345
293 349
294 298
294 300
294 306
294 329
294 333
294 341
294 345
294 349
295 298
295 300
295 329
295 333
295 341
295 345
295 349
296 298
296 300
296 329
296 333
296 341
296 345
296 349
297 298
297 300
297 329
297 333
297 341
297 345
297 349
298 298
298 300
298 329
298 333
298 341
298 345
298 349
299 300
299 329
299 333
299 345
299 349
300 300
300 329
300 333
300 345
300 349
301 300
301 329
301 330
301 333
301 345
301 349
302 300
302 329
302 330
302 333
302 345
302 349
303 300
303 329
303 330
303 333
303 345
303 349
304 300
304 329
304 330
304 333
304 345
304 349
305 300
305 329
305 330
305 333
305 345
305 349
306 300
306 329
306 330
306 333
306 345
306 349
307 300
307 329
307 330
307 333
307 345
307 349
308 300
308 329
308 330
308 333
308 345
308 349
309 300
309 329
309 330
309 333
309 345
309 349
310 329
310 330
310 333
310 339
310 345
310 349
311 329
311 330
311 333
311 339
311 345
311 349
312 329
312 330
312 333
312 339
312 345
312 349
313 329
313 330
313 333
313 339
313 345
313 349
314 329
314 330
314 333
314 339
314 345
314 349
315 329
315 330
315 333
315 339
315 349
316 330
316 333
316 339
316 349
317 330
317 333
317 339
317 349
318 330
318 333
318 339
318 349
319 330
319 333
319 339
319 349
320 330
320 332
320 333
320 349
321 326
321 330
321 332
321 333
321 349
322 326
322 330
322 332
322 333
322 349
323 326
323 330
323 332
323 333
323 349
324 326
324 330
324 332
324 333
324 349
325 326
325 330
325 332
325 333
325 349
326 326
326 330
326 332
326 333
326 349
327 326
327 330
327 332
327 333
327 349
328 326
328 330
328 332
328 333
328 349
329 330
329 332
329 333
329 349
330 330
330 332
330 333
330 349
331 330
331 332
331 333
331 349
332 330
332 332
332 333
332 349
333 330
333 332
333 333
333 349
334 330
334 332
334 333
334 349
335 332
336 332
337 332
338 332
339 332
340 332
341 332
342 332
