1 3
1 9
1 123
2 4
2 23
2 123
2 173
2 276
3 5
3 23
3 116
3 123
3 173
3 276
4 23
4 113
4 114
4 116
4 123
4 173
4 276
5 8
5 23
5 36
5 66
5 83
5 113
5 116
5 123
5 142
5 173
5 276
6 8
6 27
6 36
6 66
6 83
6 113
6 116
6 123
6 136
6 142
6 173
6 276
7 12
7 16
7 21
7 27
7 57
7 66
7 82
7 113
7 116
7 123
7 136
7 142
7 173
7 276
8 13
8 17
8 24
8 30
8 32
8 33
8 46
8 51
8 62
8 66
8 82
8 90
8 116
8 142
8 171
8 173
8 175
8 197
8 220
8 276
8 307
9 15
9 17
9 19
9 25
9 30
9 32
9 33
9 66
9 80
9 82
9 90
9 103
9 106
9 116
9 159
9 171
9 173
9 175
9 197
9 198
9 214
9 220
9 273
9 307
10 15
10 17
10 19
10 25
10 30
10 32
10 33
10 38
10 66
10 80
10 82
10 90
10 103
10 106
10 116
10 159
10 171
10 173
10 175
10 197
10 198
10 214
10 220
10 273
10 307
11 15
11 17
11 19
11 25
11 33
11 38
11 40
11 66
11 80
11 82
11 90
11 103
11 106
11 116
11 159
11 171
11 173
11 175
11 197
11 198
11 214
11 220
11 273
11 307
12 15
12 17
12 19
12 25
12 33
12 40
12 66
12 80
12 82
12 90
12 103
12 106
12 116
12 159
12 171
12 173
12 175
12 197
12 198
12 214
12 220
12 273
12 307
13 17
13 19
13 50
13 66
13 80
13 82
13 90
13 103
13 105
13 106
13 116
13 159
13 166
13 167
13 171
13 173
13 175
13 197
13 198
13 220
13 273
13 280
13 307
14 17
14 19
14 22
14 80
14 82
14 90
14 103
14 105
14 106
14 116
14 125
14 140
14 159
14 166
14 171
14 173
14 175
14 197
14 198
14 220
14 273
14 280
14 307
15 17
15 19
15 22
15 80
15 82
15 90
15 103
15 105
15 106
15 116
15 125
15 140
15 159
15 166
15 171
15 173
15 175
15 197
15 198
15 220
15 273
15 280
15 307
16 19
16 22
16 44
16 48
16 63
16 72
16 90
16 103
16 105
16 106
16 108
16 125
16 140
16 159
16 166
16 171
16 173
16 175
16 187
16 197
16 220
16 266
16 273
16 280
16 345
17 19
17 22
17 44
17 48
17 63
17 72
17 90
17 103
17 105
17 106
17 108
17 125
17 140
17 159
17 166
17 171
17 173
17 175
17 187
17 197
17 220
17 266
17 273
17 280
17 345
18 19
18 22
18 44
18 48
18 63
18 65
18 72
18 90
18 99
18 103
18 105
18 106
18 108
18 146
18 159
18 166
18 171
18 173
18 175
18 187
18 197
18 220
18 263
18 266
18 273
18 280
18 345
19 19
19 22
19 44
19 63
19 65
19 72
19 90
19 99
19 103
19 105
19 106
19 108
19 146
19 159
19 171
19 173
19 175
19 187
19 197
19 220
19 263
19 266
19 273
19 280
19 345
20 19
20 22
20 44
20 63
20 65
20 72
20 90
20 99
20 103
20 105
20 106
20 108
20 146
20 159
20 171
20 173
20 175
20 187
20 197
20 204
20 220
20 263
20 266
20 273
20 280
20 345
21 22
21 26
21 44
21 63
21 65
21 72
21 90
21 103
21 105
21 106
21 108
21 146
21 149
21 159
21 171
21 173
21 187
21 197
21 204
21 220
21 263
21 266
21 273
21 280
21 345
22 22
22 44
22 63
22 68
22 72
22 90
22 103
22 105
22 106
22 108
22 146
22 149
22 159
22 171
22 173
22 187
22 197
22 204
22 220
22 263
22 266
22 273
22 280
22 345
23 22
23 44
23 63
23 68
23 72
23 103
23 105
23 106
23 108
23 146
23 149
23 159
23 171
23 173
23 187
23 197
23 204
23 220
23 263
23 266
23 273
23 280
23 345
24 22
24 44
24 63
24 72
24 103
24 105
24 106
24 108
24 146
24 149
24 159
24 171
24 173
24 187
24 197
24 204
24 220
24 221
24 263
24 266
24 273
24 280
24 345
25 22
25 44
25 63
25 72
25 103
25 105
25 106
25 108
25 146
25 149
25 159
25 171
25 173
25 187
25 197
25 204
25 220
25 221
25 263
25 266
25 273
25 280
25 313
25 345
26 22
26 44
26 63
26 72
26 103
26 105
26 106
26 108
26 146
26 149
26 159
26 171
26 173
26 187
26 197
26 204
26 220
26 221
26 263
26 266
26 273
26 280
26 313
26 345
27 22
27 44
27 63
27 72
27 103
27 105
27 106
27 108
27 146
27 149
27 159
27 169
27 171
27 173
27 187
27 204
27 220
27 221
27 263
27 266
27 273
27 280
27 313
27 345
28 22
28 42
28 44
28 49
28 63
28 72
28 103
28 105
28 108
28 146
28 149
28 159
28 169
28 171
28 173
28 204
28 220
28 221
28 263
28 266
28 273
28 280
28 300
28 313
28 345
29 22
29 42
29 44
29 49
29 63
29 72
29 103
29 105
29 108
29 146
29 149
29 159
29 169
29 171
29 173
29 204
29 220
29 221
29 263
29 266
29 273
29 280
29 300
29 313
29 345
30 42
30 44
30 49
30 63
30 64
30 72
30 103
30 105
30 108
30 146
30 149
30 159
30 169
30 171
30 173
30 204
30 220
30 221
30 263
30 266
30 273
30 280
30 300
30 313
30 326
30 345
31 42
31 44
31 49
31 63
31 64
31 72
31 103
31 105
31 108
31 146
31 149
31 159
31 169
31 171
31 173
31 204
31 220
31 221
31 263
31 266
31 273
31 280
31 300
31 313
31 326
31 345
32 42
32 44
32 49
32 63
32 64
32 72
32 103
32 105
32 108
32 146
32 149
32 159
32 169
32 171
32 173
32 204
32 220
32 221
32 263
32 266
32 273
32 280
32 300
32 313
32 326
32 345
33 42
33 44
33 64
33 72
33 103
33 105
33 145
33 146
33 149
33 159
33 169
33 171
33 173
33 204
33 220
33 221
33 263
33 266
33 273
33 280
33 300
33 313
33 326
33 345
34 42
34 44
34 64
34 72
34 76
34 105
34 145
34 146
34 149
34 159
34 169
34 171
34 173
34 204
34 220
34 221
34 225
34 239
34 266
34 273
34 280
34 300
34 312
34 313
34 326
34 345
35 44
35 64
35 72
35 76
35 105
35 145
35 146
35 149
35 159
35 169
35 171
35 173
35 204
35 220
35 221
35 225
35 239
35 266
35 273
35 280
35 300
35 312
35 313
35 326
36 64
36 72
36 76
36 105
36 145
36 146
36 149
36 159
36 169
36 171
36 173
36 215
36 220
36 221
36 225
36 239
36 253
36 266
36 270
36 273
36 280
36 300
36 312
36 313
36 326
37 64
37 76
37 105
37 145
37 146
37 149
37 159
37 169
37 171
37 173
37 215
37 220
37 221
37 225
37 239
37 253
37 266
37 270
37 273
37 280
37 300
37 312
37 313
37 326
38 64
38 76
38 105
38 145
38 146
38 149
38 159
38 169
38 171
38 173
38 215
38 221
38 225
38 239
38 253
38 266
38 270
38 273
38 280
38 300
38 312
38 313
38 326
39 47
39 105
39 145
39 146
39 149
39 159
39 169
39 171
39 173
39 215
39 221
39 225
39 239
39 253
39 266
39 270
39 280
39 297
39 300
39 312
39 313
39 326
40 91
40 93
40 105
40 145
40 146
40 149
40 159
40 169
40 171
40 173
40 215
40 221
40 225
40 239
40 253
40 266
40 270
40 280
40 297
40 300
40 312
40 313
40 326
41 91
41 93
41 105
41 145
41 146
41 149
41 159
41 169
41 171
41 173
41 215
41 221
41 225
41 239
41 253
41 266
41 270
41 280
41 297
41 300
41 312
41 313
41 326
42 91
42 93
42 105
42 145
42 146
42 149
42 159
42 169
42 171
42 173
42 215
42 221
42 225
42 239
42 253
42 266
42 270
42 280
42 297
42 300
42 312
42 313
42 326
43 88
43 91
43 93
43 105
43 145
43 146
43 149
43 159
43 169
43 171
43 173
43 215
43 221
43 225
43 239
43 253
43 266
43 270
43 280
43 297
43 300
43 312
43 313
43 326
44 52
44 53
44 58
44 88
44 93
44 105
44 128
44 145
44 146
44 149
44 151
44 152
44 159
44 169
44 171
44 173
44 215
44 221
44 225
44 239
44 253
44 266
44 270
44 280
44 297
44 300
44 312
44 313
44 326
45 52
45 53
45 58
45 88
45 93
45 105
45 128
45 145
45 146
45 149
45 151
45 152
45 159
45 169
45 171
45 173
45 215
45 221
45 225
45 239
45 253
45 266
45 270
45 280
45 297
45 300
45 312
45 313
45 326
46 52
46 53
46 88
46 93
46 95
46 101
46 105
46 128
46 145
46 146
46 149
46 151
46 152
46 156
46 159
46 169
46 171
46 173
46 183
46 215
46 221
46 225
46 239
46 253
46 266
46 270
46 280
46 297
46 300
46 312
46 313
46 326
47 52
47 88
47 93
47 95
47 101
47 105
47 117
47 145
47 146
47 149
47 151
47 152
47 154
47 156
47 159
47 169
47 171
47 173
47 183
47 186
47 215
47 221
47 225
47 239
47 253
47 266
47 270
47 280
47 297
47 300
47 312
47 313
47 326
48 52
48 74
48 88
48 101
48 105
48 117
48 141
48 145
48 146
48 149
48 151
48 152
48 154
48 156
48 159
48 171
48 173
48 181
48 183
48 186
48 215
48 225
48 239
48 253
48 266
48 270
48 280
48 297
48 300
48 312
48 313
48 326
49 52
49 67
49 74
49 88
49 101
49 117
49 141
49 145
49 152
49 154
49 156
49 158
49 159
49 173
49 181
49 183
49 186
49 215
49 225
49 239
49 253
49 260
49 270
49 280
49 297
49 300
49 312
49 313
49 326
50 52
50 67
50 74
50 75
50 88
50 101
50 117
50 141
50 145
50 152
50 154
50 156
50 158
50 159
50 173
50 181
50 183
50 186
50 215
50 225
50 239
50 260
50 280
50 297
50 300
50 312
50 313
50 326
51 52
51 54
51 67
51 74
51 75
51 88
51 101
51 117
51 141
51 145
51 152
51 154
51 156
51 158
51 159
51 173
51 181
51 183
51 186
51 191
51 215
51 225
51 239
51 260
51 280
51 297
51 312
51 313
51 326
52 52
52 54
52 67
52 74
52 75
52 88
52 101
52 117
52 141
52 145
52 152
52 154
52 156
52 159
52 173
52 181
52 183
52 186
52 191
52 207
52 215
52 225
52 239
52 260
52 280
52 297
52 312
52 313
52 326
53 52
53 54
53 67
53 74
53 75
53 88
53 101
53 117
53 141
53 145
53 152
53 154
53 156
53 157
53 159
53 173
53 181
53 183
53 191
53 200
53 207
53 215
53 225
53 239
53 260
53 280
53 297
53 312
53 313
53 326
54 52
54 54
54 67
54 74
54 75
54 88
54 98
54 101
54 117
54 152
54 154
54 156
54 157
54 159
54 173
54 181
54 183
54 191
54 200
54 207
54 215
54 225
54 239
54 260
54 280
54 297
54 312
54 313
54 326
55 52
55 54
55 67
55 74
55 75
55 88
55 98
55 101
55 117
55 122
55 152
55 154
55 156
55 157
55 159
55 173
55 181
55 183
55 191
55 200
55 207
55 215
55 225
55 239
55 260
55 280
55 297
55 313
55 326
56 52
56 67
56 71
56 75
56 86
56 88
56 98
56 117
56 122
56 144
56 152
56 156
56 157
56 159
56 173
56 181
56 183
56 191
56 200
56 207
56 215
56 225
56 239
56 260
56 280
56 297
56 313
56 330
57 71
57 86
57 88
57 98
57 117
57 122
57 144
57 152
57 156
57 157
57 173
57 181
57 183
57 191
57 200
57 207
57 215
57 225
57 239
57 248
57 260
57 280
57 292
57 297
57 313
57 330
58 69
58 86
58 88
58 98
58 122
58 134
58 144
58 152
58 156
58 157
58 181
58 183
58 191
58 200
58 207
58 215
58 225
58 239
58 248
58 260
58 280
58 292
58 297
58 313
58 330
59 69
59 86
59 88
59 98
59 122
59 132
59 134
59 144
59 152
59 156
59 157
59 181
59 183
59 191
59 196
59 200
59 207
59 215
59 225
59 239
59 248
59 260
59 280
59 292
59 297
59 313
59 330
60 69
60 77
60 86
60 88
60 98
60 122
60 132
60 134
60 144
60 152
60 156
60 157
60 181
60 183
60 191
60 196
60 200
60 207
60 215
60 225
60 239
60 248
60 260
60 280
60 288
60 292
60 297
60 313
61 69
61 77
61 86
61 88
61 98
61 122
61 144
61 152
61 153
61 156
61 157
61 181
61 183
61 191
61 200
61 207
61 215
61 225
61 239
61 248
61 260
61 280
61 288
61 292
61 297
61 313
62 69
62 77
62 81
62 85
62 98
62 122
62 144
62 152
62 153
62 156
62 157
62 170
62 181
62 183
62 189
62 191
62 200
62 206
62 207
62 225
62 239
62 240
62 248
62 260
62 280
62 292
62 297
62 313
63 69
63 77
63 81
63 85
63 98
63 122
63 144
63 152
63 153
63 156
63 157
63 170
63 181
63 183
63 189
63 191
63 200
63 206
63 207
63 217
63 225
63 239
63 240
63 248
63 260
63 292
63 297
63 299
63 313
64 69
64 81
64 85
64 98
64 122
64 144
64 152
64 153
64 156
64 157
64 170
64 181
64 183
64 189
64 191
64 200
64 206
64 207
64 217
64 225
64 239
64 240
64 248
64 260
64 292
64 297
64 299
64 313
65 69
65 78
65 81
65 85
65 98
65 122
65 144
65 152
65 153
65 156
65 157
65 170
65 181
65 183
65 189
65 191
65 200
65 206
65 207
65 217
65 225
65 239
65 240
65 248
65 260
65 292
65 297
65 299
65 313
66 69
66 78
66 81
66 85
66 98
66 122
66 144
66 152
66 153
66 156
66 157
66 170
66 181
66 183
66 189
66 191
66 200
66 206
66 207
66 217
66 225
66 232
66 239
66 240
66 248
66 260
66 297
66 299
66 313
66 342
67 69
67 78
67 81
67 85
67 98
67 122
67 144
67 152
67 153
67 156
67 157
67 170
67 181
67 183
67 189
67 191
67 200
67 206
67 207
67 217
67 225
67 232
67 239
67 240
67 248
67 260
67 299
67 313
67 342
67 347
68 69
68 78
68 81
68 85
68 98
68 109
68 112
68 122
68 144
68 152
68 153
68 156
68 157
68 170
68 181
68 183
68 189
68 191
68 200
68 206
68 207
68 217
68 225
68 232
68 239
68 240
68 248
68 260
68 299
68 313
68 342
68 347
69 69
69 78
69 81
69 85
69 98
69 109
69 112
69 122
69 153
69 156
69 157
69 170
69 181
69 183
69 189
69 191
69 200
69 206
69 207
69 217
69 225
69 232
69 239
69 240
69 248
69 299
69 313
69 342
69 347
70 69
70 73
70 78
70 81
70 85
70 98
70 109
70 112
70 122
70 153
70 156
70 157
70 170
70 181
70 189
70 190
70 191
70 200
70 206
70 207
70 217
70 225
70 232
70 240
70 248
70 299
70 313
70 342
70 347
71 69
71 73
71 78
71 81
71 84
71 85
71 98
71 109
71 112
71 122
71 153
71 156
71 157
71 170
71 181
71 189
71 190
71 191
71 200
71 206
71 207
71 217
71 225
71 232
71 240
71 248
71 299
71 313
71 342
71 347
72 78
72 79
72 81
72 84
72 85
72 98
72 109
72 112
72 122
72 135
72 153
72 156
72 157
72 170
72 181
72 189
72 190
72 191
72 200
72 206
72 207
72 217
72 222
72 225
72 232
72 240
72 248
72 299
72 313
72 347
73 78
73 79
73 81
73 84
73 85
73 98
73 109
73 112
73 122
73 135
73 139
73 153
73 156
73 157
73 161
73 170
73 189
73 191
73 200
73 206
73 207
73 217
73 225
73 232
73 240
73 248
73 293
73 299
73 313
73 347
74 78
74 79
74 81
74 84
74 85
74 98
74 109
74 112
74 135
74 137
74 139
74 143
74 153
74 156
74 157
74 161
74 170
74 189
74 191
74 200
74 206
74 207
74 217
74 225
74 240
74 248
74 281
74 293
74 313
75 78
75 79
75 81
75 84
75 85
75 98
75 109
75 112
75 135
75 137
75 139
75 143
75 153
75 156
75 157
75 161
75 170
75 189
75 191
75 200
75 206
75 207
75 217
75 225
75 240
75 248
75 281
75 293
75 313
76 78
76 79
76 81
76 112
76 121
76 131
76 135
76 137
76 139
76 143
76 153
76 156
76 157
76 161
76 189
76 191
76 200
76 205
76 206
76 207
76 209
76 217
76 240
76 245
76 248
76 281
76 313
77 78
77 79
77 81
77 112
77 121
77 131
77 135
77 137
77 139
77 143
77 153
77 156
77 157
77 161
77 189
77 191
77 200
77 205
77 206
77 207
77 209
77 217
77 240
77 245
77 248
77 281
77 313
78 78
78 79
78 81
78 110
78 112
78 121
78 131
78 135
78 137
78 139
78 143
78 153
78 156
78 157
78 161
78 189
78 191
78 200
78 205
78 206
78 207
78 209
78 217
78 245
78 248
78 281
78 313
79 78
79 79
79 81
79 110
79 112
79 121
79 131
79 135
79 137
79 139
79 143
79 153
79 156
79 157
79 161
79 189
79 191
79 200
79 205
79 206
79 207
79 209
79 217
79 245
79 248
79 281
79 313
80 78
80 79
80 110
80 112
80 121
80 131
80 135
80 137
80 139
80 143
80 153
80 156
80 157
80 161
80 189
80 191
80 200
80 205
80 206
80 207
80 209
80 217
80 245
80 248
80 281
80 313
81 78
81 89
81 100
81 110
81 111
81 112
81 118
81 121
81 131
81 135
81 137
81 139
81 143
81 153
81 156
81 191
81 200
81 205
81 206
81 207
81 209
81 216
81 217
81 247
81 248
81 275
81 290
81 313
82 78
82 89
82 100
82 110
82 111
82 112
82 118
82 121
82 131
82 135
82 137
82 139
82 143
82 153
82 156
82 191
82 200
82 207
82 209
82 217
82 247
82 248
82 275
82 290
82 313
82 317
83 78
83 89
83 100
83 110
83 111
83 118
83 131
83 137
83 139
83 143
83 153
83 156
83 172
83 191
83 200
83 207
83 209
83 217
83 247
83 248
83 275
83 290
83 313
83 317
84 78
84 100
84 110
84 111
84 118
84 131
84 139
84 143
84 153
84 156
84 172
84 191
84 207
84 209
84 217
84 248
84 258
84 275
84 290
84 313
84 317
85 78
85 100
85 110
85 111
85 118
85 120
85 131
85 139
85 143
85 153
85 156
85 172
85 191
85 207
85 209
85 217
85 248
85 258
85 275
85 290
85 313
85 317
86 78
86 100
86 110
86 111
86 118
86 120
86 131
86 139
86 143
86 153
86 156
86 172
86 191
86 207
86 209
86 217
86 248
86 258
86 275
86 290
86 313
86 317
87 78
87 100
87 110
87 111
87 118
87 120
87 131
87 139
87 143
87 153
87 156
87 172
87 207
87 209
87 217
87 248
87 258
87 275
87 290
87 313
87 317
88 78
88 100
88 110
88 111
88 115
88 118
88 120
88 131
88 139
88 143
88 153
88 156
88 172
88 207
88 209
88 217
88 248
88 258
88 275
88 290
88 313
88 317
89 100
89 107
89 110
89 111
89 115
89 118
89 120
89 131
89 139
89 143
89 153
89 156
89 172
89 207
89 209
89 217
89 248
89 258
89 275
89 290
89 313
89 317
90 100
90 107
90 110
90 111
90 115
90 118
90 120
90 131
90 139
90 143
90 153
90 156
90 172
90 207
90 209
90 217
90 248
90 258
90 275
90 290
90 313
90 317
91 100
91 107
91 110
91 111
91 115
91 118
91 120
91 131
91 139
91 143
91 153
91 156
91 172
91 207
91 209
91 217
91 248
91 258
91 275
91 290
91 313
91 317
92 97
92 100
92 107
92 110
92 111
92 115
92 118
92 120
92 131
92 139
92 143
92 153
92 207
92 209
92 217
92 248
92 258
92 275
92 290
92 313
92 317
93 97
93 100
93 107
93 110
93 111
93 115
93 118
93 120
93 131
93 139
93 143
93 153
93 207
93 209
93 217
93 248
93 258
93 275
93 290
93 313
93 317
94 100
94 107
94 110
94 111
94 115
94 118
94 120
94 131
94 139
94 143
94 207
94 209
94 217
94 248
94 258
94 275
94 290
94 313
94 317
95 100
95 107
95 110
95 111
95 115
95 118
95 131
95 139
95 143
95 163
95 209
95 217
95 248
95 258
95 275
95 290
95 313
95 317
96 100
96 104
96 107
96 110
96 111
96 115
96 118
96 130
96 131
96 139
96 143
96 162
96 163
96 209
96 217
96 223
96 258
96 275
96 290
96 313
96 317
96 335
97 100
97 104
97 107
97 110
97 111
97 115
97 118
97 130
97 131
97 139
97 143
97 162
97 163
97 209
97 217
97 223
97 258
97 275
97 290
97 313
97 317
97 335
98 100
98 104
98 107
98 110
98 111
98 115
98 118
98 130
98 131
98 139
98 143
98 162
98 163
98 209
98 223
98 258
98 275
98 290
98 313
98 317
98 335
99 100
99 104
99 107
99 110
99 115
99 118
99 129
99 130
99 131
99 139
99 143
99 209
99 223
99 258
99 275
99 290
99 313
99 317
99 335
100 100
100 104
100 107
100 110
100 118
100 119
100 129
100 130
100 131
100 139
100 184
100 193
100 209
100 258
100 275
100 278
100 309
100 311
100 313
100 320
100 335
101 100
101 107
101 110
101 118
101 119
101 129
101 130
101 131
101 139
101 184
101 193
101 209
101 258
101 275
101 278
101 309
101 311
101 313
101 320
101 335
102 100
102 107
102 110
102 118
102 119
102 129
102 130
102 131
102 139
102 184
102 193
102 209
102 258
102 275
102 278
102 309
102 311
102 313
102 320
102 335
103 100
103 107
103 110
103 118
103 119
103 129
103 130
103 131
103 139
103 184
103 193
103 209
103 258
103 275
103 278
103 309
103 311
103 313
103 320
103 335
103 339
104 100
104 107
104 110
104 118
104 119
104 129
104 130
104 131
104 139
104 184
104 193
104 209
104 258
104 275
104 278
104 309
104 311
104 313
104 320
104 335
104 339
105 100
105 107
105 110
105 119
105 129
105 130
105 131
105 139
105 184
105 193
105 209
105 258
105 275
105 278
105 309
105 311
105 313
105 320
105 335
105 339
106 100
106 107
106 110
106 119
106 129
106 130
106 131
106 139
106 184
106 193
106 209
106 258
106 275
106 278
106 309
106 311
106 313
106 316
106 320
106 335
106 336
106 339
107 107
107 110
107 119
107 129
107 130
107 131
107 139
107 184
107 193
107 209
107 236
107 258
107 275
107 278
107 309
107 311
107 313
107 316
107 320
107 335
107 339
108 107
108 110
108 119
108 129
108 130
108 131
108 139
108 184
108 193
108 209
108 236
108 258
108 275
108 278
108 309
108 311
108 313
108 316
108 320
108 335
108 339
109 107
109 110
109 119
109 129
109 130
109 131
109 133
109 138
109 139
109 184
109 193
109 209
109 236
109 258
109 275
109 278
109 309
109 311
109 313
109 316
109 320
109 335
109 339
110 107
110 110
110 119
110 129
110 130
110 131
110 133
110 138
110 139
110 184
110 193
110 209
110 236
110 258
110 264
110 275
110 278
110 309
110 311
110 313
110 316
110 320
110 335
110 339
111 107
111 110
111 119
111 129
111 130
111 131
111 133
111 138
111 139
111 184
111 193
111 209
111 236
111 258
111 264
111 275
111 278
111 309
111 311
111 313
111 316
111 320
111 335
111 339
112 107
112 110
112 119
112 129
112 130
112 131
112 133
112 138
112 139
112 193
112 209
112 236
112 258
112 264
112 278
112 309
112 311
112 313
112 314
112 316
112 320
112 335
112 339
113 107
113 110
113 119
113 129
113 130
113 131
113 133
113 138
113 139
113 193
113 209
113 236
113 258
113 264
113 278
113 309
113 311
113 313
113 314
113 316
113 320
113 335
113 339
114 110
114 119
114 124
114 129
114 130
114 131
114 133
114 138
114 139
114 155
114 193
114 209
114 230
114 236
114 258
114 264
114 278
114 309
114 311
114 313
114 314
114 316
114 320
114 335
114 339
115 110
115 124
115 129
115 130
115 131
115 133
115 138
115 139
115 155
115 182
115 193
115 230
115 236
115 258
115 261
115 264
115 278
115 294
115 309
115 311
115 313
115 314
115 316
115 320
115 335
115 339
116 124
116 129
116 130
116 131
116 133
116 155
116 160
116 182
116 185
116 236
116 258
116 261
116 264
116 294
116 308
116 309
116 313
116 314
116 316
116 335
116 339
117 130
117 131
117 133
117 155
117 160
117 182
117 185
117 236
117 258
117 261
117 264
117 294
117 308
117 309
117 313
117 314
117 316
117 335
117 339
118 130
118 131
118 133
118 147
118 155
118 160
118 182
118 236
118 257
118 258
118 261
118 264
118 294
118 308
118 309
118 313
118 314
118 316
118 335
118 339
119 130
119 131
119 133
119 147
119 155
119 160
119 182
119 208
119 236
119 257
119 258
119 261
119 264
119 294
119 308
119 309
119 313
119 314
119 316
119 335
119 339
120 130
120 131
120 133
120 147
120 155
120 160
120 182
120 236
120 257
120 258
120 261
120 264
120 294
120 308
120 309
120 313
120 314
120 316
120 335
120 339
121 130
121 131
121 133
121 147
121 155
121 160
121 182
121 236
121 257
121 258
121 261
121 264
121 294
121 308
121 309
121 313
121 314
121 316
121 335
121 339
122 130
122 131
122 133
122 147
122 155
122 160
122 182
122 236
122 257
122 258
122 261
122 264
122 294
122 308
122 309
122 313
122 314
122 316
122 335
122 339
123 131
123 133
123 147
123 148
123 155
123 182
123 236
123 257
123 258
123 261
123 264
123 294
123 308
123 309
123 313
123 314
123 316
123 335
124 131
124 133
124 147
124 148
124 155
124 182
124 199
124 236
124 257
124 258
124 261
124 264
124 294
124 308
124 309
124 313
124 314
124 316
124 335
125 131
125 133
125 147
125 148
125 155
125 182
125 199
125 236
125 257
125 258
125 261
125 264
125 294
125 308
125 309
125 313
125 314
125 316
125 335
126 131
126 133
126 147
126 148
126 155
126 176
126 182
126 199
126 229
126 236
126 257
126 258
126 261
126 264
126 294
126 308
126 309
126 313
126 314
126 316
126 335
127 131
127 133
127 147
127 148
127 155
127 176
127 182
127 199
127 229
127 236
127 257
127 258
127 261
127 264
127 294
127 308
127 309
127 313
127 314
127 316
127 335
128 131
128 133
128 147
128 148
128 155
128 176
128 182
128 199
128 229
128 236
128 257
128 258
128 261
128 264
128 294
128 308
128 309
128 313
128 314
128 316
128 335
129 131
129 133
129 147
129 148
129 155
129 176
129 182
129 199
129 229
129 236
129 257
129 258
129 261
129 264
129 294
129 301
129 308
129 309
129 313
129 314
129 316
129 335
130 131
130 133
130 147
130 148
130 150
130 155
130 176
130 182
130 199
130 229
130 236
130 257
130 258
130 261
130 264
130 286
130 294
130 301
130 308
130 309
130 313
130 314
130 316
130 335
131 131
131 133
131 147
131 148
131 150
131 155
131 176
131 182
131 199
131 212
131 229
131 236
131 257
131 258
131 261
131 264
131 286
131 294
131 301
131 308
131 309
131 313
131 314
131 316
131 335
132 131
132 147
132 148
132 150
132 155
132 176
132 182
132 199
132 213
132 229
132 236
132 257
132 258
132 261
132 264
132 284
132 286
132 294
132 301
132 308
132 309
132 313
132 314
132 316
132 335
133 131
133 147
133 148
133 150
133 155
133 176
133 182
133 199
133 213
133 229
133 236
133 257
133 258
133 261
133 264
133 284
133 286
133 294
133 301
133 308
133 309
133 313
133 314
133 316
133 335
133 337
134 148
134 150
134 155
134 180
134 182
134 195
134 199
134 202
134 203
134 236
134 238
134 257
134 261
134 284
134 286
134 294
134 301
134 308
134 309
134 313
134 314
134 316
134 335
134 337
135 148
135 150
135 155
135 180
135 182
135 195
135 199
135 202
135 203
135 236
135 238
135 257
135 261
135 284
135 286
135 294
135 301
135 304
135 308
135 309
135 313
135 314
135 316
135 319
135 335
135 337
136 148
136 150
136 155
136 180
136 182
136 195
136 199
136 202
136 203
136 236
136 238
136 257
136 261
136 284
136 286
136 294
136 301
136 304
136 308
136 309
136 313
136 314
136 316
136 319
136 335
136 337
137 148
137 150
137 155
137 180
137 182
137 195
137 202
137 203
137 236
137 238
137 257
137 261
137 267
137 284
137 286
137 294
137 301
137 304
137 308
137 309
137 313
137 314
137 316
137 319
137 335
137 337
138 148
138 150
138 155
138 180
138 182
138 195
138 202
138 203
138 211
138 236
138 238
138 257
138 261
138 267
138 284
138 286
138 294
138 301
138 304
138 308
138 309
138 313
138 314
138 316
138 319
138 335
138 337
139 148
139 180
139 195
139 202
139 203
139 211
139 236
139 237
139 238
139 261
139 284
139 286
139 294
139 301
139 304
139 308
139 309
139 313
139 314
139 319
139 335
139 340
140 148
140 178
140 180
140 202
140 203
140 211
140 236
140 237
140 238
140 261
140 284
140 286
140 294
140 301
140 304
140 309
140 313
140 314
140 319
140 335
140 340
141 148
141 178
141 180
141 202
141 203
141 236
141 237
141 238
141 261
141 284
141 286
141 294
141 301
141 304
141 309
141 313
141 314
141 319
141 335
141 340
142 148
142 178
142 180
142 202
142 203
142 236
142 237
142 238
142 261
142 284
142 286
142 294
142 301
142 304
142 309
142 313
142 314
142 319
142 335
142 340
143 148
143 178
143 180
143 202
143 203
143 236
143 237
143 238
143 261
143 284
143 286
143 294
143 301
143 304
143 309
143 313
143 314
143 319
143 335
143 340
144 180
144 194
144 202
144 203
144 234
144 236
144 237
144 238
144 254
144 256
144 261
144 283
144 284
144 285
144 286
144 294
144 296
144 301
144 304
144 309
144 313
144 314
144 319
144 335
144 340
145 180
145 194
145 202
145 203
145 234
145 236
145 237
145 238
145 254
145 256
145 261
145 283
145 284
145 285
145 286
145 294
145 296
145 301
145 304
145 309
145 313
145 314
145 319
145 335
145 340
146 164
146 179
146 180
146 194
146 202
146 203
146 234
146 235
146 236
146 237
146 238
146 254
146 256
146 259
146 261
146 283
146 284
146 285
146 286
146 294
146 296
146 301
146 304
146 309
146 313
146 314
146 335
146 340
147 164
147 165
147 168
147 180
147 194
147 202
147 203
147 218
147 234
147 235
147 236
147 237
147 238
147 254
147 256
147 259
147 261
147 283
147 284
147 285
147 286
147 294
147 296
147 304
147 313
147 314
147 323
147 335
147 340
148 164
148 165
148 168
148 180
148 194
148 202
148 203
148 218
148 234
148 235
148 236
148 237
148 238
148 254
148 259
148 261
148 283
148 284
148 285
148 286
148 294
148 296
148 313
148 314
148 323
148 335
148 340
149 164
149 165
149 168
149 180
149 194
149 202
149 203
149 218
149 234
149 235
149 236
149 237
149 238
149 254
149 259
149 261
149 283
149 284
149 285
149 286
149 294
149 296
149 313
149 314
149 323
149 335
149 340
150 164
150 165
150 168
150 180
150 194
150 202
150 203
150 218
150 234
150 235
150 236
150 237
150 238
150 254
150 259
150 261
150 283
150 284
150 285
150 286
150 294
150 296
150 313
150 314
150 323
150 335
150 340
151 164
151 165
151 168
151 180
151 194
151 202
151 203
151 218
151 234
151 235
151 236
151 237
151 238
151 254
151 259
151 261
151 283
151 284
151 285
151 286
151 294
151 296
151 313
151 314
151 323
151 335
151 340
152 164
152 165
152 168
152 180
152 194
152 202
152 203
152 218
152 234
152 235
152 236
152 237
152 238
152 254
152 259
152 261
152 284
152 285
152 286
152 294
152 296
152 313
152 314
152 323
152 335
152 340
153 164
153 165
153 168
153 180
153 194
153 202
153 203
153 218
153 234
153 235
153 236
153 237
153 238
153 254
153 259
153 261
153 284
153 285
153 286
153 294
153 296
153 313
153 314
153 323
153 335
153 340
154 164
154 165
154 168
154 180
154 194
154 202
154 203
154 218
154 234
154 235
154 236
154 237
154 238
154 254
154 259
154 284
154 285
154 286
154 294
154 296
154 313
154 314
154 323
154 335
154 340
155 164
155 165
155 168
155 180
155 194
155 202
155 203
155 218
155 234
155 235
155 236
155 237
155 238
155 254
155 259
155 284
155 285
155 286
155 294
155 296
155 313
155 314
155 323
155 335
155 340
156 164
156 165
156 168
156 180
156 194
156 202
156 203
156 218
156 234
156 235
156 236
156 237
156 238
156 254
156 259
156 274
156 284
156 285
156 286
156 296
156 314
156 323
156 335
156 340
156 344
157 164
157 165
157 168
157 180
157 188
157 194
157 202
157 203
157 218
157 234
157 235
157 236
157 237
157 238
157 254
157 259
157 274
157 284
157 285
157 286
157 296
157 314
157 323
157 335
157 340
157 344
158 164
158 165
158 168
158 180
158 188
158 194
158 202
158 203
158 218
158 234
158 235
158 236
158 237
158 238
158 254
158 259
158 274
158 284
158 285
158 286
158 296
158 314
158 323
158 335
158 340
158 344
159 164
159 168
159 180
159 188
159 194
159 202
159 203
159 218
159 234
159 235
159 236
159 237
159 238
159 254
159 259
159 274
159 284
159 285
159 286
159 296
159 314
159 323
159 335
159 340
159 344
160 164
160 168
160 180
160 188
160 194
160 202
160 203
160 218
160 234
160 235
160 236
160 237
160 238
160 254
160 259
160 274
160 284
160 286
160 296
160 314
160 323
160 335
160 340
160 344
161 164
161 168
161 180
161 188
161 194
161 202
161 203
161 218
161 234
161 235
161 236
161 237
161 238
161 254
161 259
161 274
161 284
161 286
161 296
161 314
161 323
161 335
161 340
161 344
162 164
162 168
162 180
162 188
162 194
162 203
162 218
162 234
162 235
162 236
162 237
162 238
162 254
162 259
162 274
162 284
162 286
162 296
162 314
162 323
162 335
162 340
162 344
163 164
163 168
163 180
163 188
163 203
163 234
163 235
163 236
163 237
163 238
163 249
163 254
163 259
163 274
163 284
163 286
163 296
163 314
163 323
163 335
163 340
163 344
164 164
164 168
164 180
164 188
164 203
164 234
164 236
164 237
164 238
164 249
164 254
164 259
164 274
164 284
164 286
164 296
164 314
164 322
164 323
164 335
164 340
164 344
165 164
165 168
165 180
165 203
165 234
165 236
165 237
165 238
165 249
165 254
165 259
165 274
165 284
165 286
165 296
165 298
165 314
165 322
165 323
165 335
165 340
165 344
166 164
166 168
166 180
166 203
166 234
166 236
166 237
166 238
166 249
166 254
166 259
166 274
166 284
166 286
166 296
166 298
166 314
166 322
166 323
166 334
166 335
166 340
166 344
167 164
167 168
167 180
167 203
167 234
167 236
167 237
167 238
167 249
167 254
167 259
167 274
167 284
167 286
167 296
167 298
167 314
167 322
167 323
167 334
167 335
167 340
167 344
168 164
168 168
168 180
168 203
168 226
168 228
168 234
168 236
168 237
168 238
168 246
168 249
168 254
168 259
168 274
168 284
168 296
168 298
168 314
168 322
168 323
168 334
168 335
168 340
168 344
169 164
169 168
169 180
169 203
169 226
169 228
169 234
169 236
169 237
169 238
169 246
169 249
169 254
169 259
169 274
169 284
169 296
169 298
169 314
169 322
169 323
169 334
169 335
169 340
169 344
170 164
170 168
170 180
170 203
170 226
170 228
170 234
170 236
170 237
170 238
170 246
170 249
170 254
170 259
170 274
170 284
170 296
170 298
170 314
170 322
170 323
170 334
170 335
170 340
170 344
171 164
171 168
171 174
171 180
171 203
171 210
171 226
171 228
171 234
171 236
171 237
171 238
171 246
171 249
171 254
171 259
171 274
171 284
171 296
171 314
171 322
171 323
171 334
171 335
171 340
171 344
172 164
172 168
172 174
172 180
172 203
172 210
172 226
172 228
172 234
172 236
172 237
172 238
172 246
172 249
172 254
172 259
172 274
172 284
172 296
172 314
172 322
172 323
172 334
172 335
172 340
172 344
173 164
173 168
173 174
173 180
173 203
173 210
173 226
173 228
173 234
173 236
173 237
173 238
173 246
173 249
173 254
173 259
173 274
173 296
173 314
173 322
173 323
173 334
173 335
173 340
174 164
174 168
174 174
174 180
174 203
174 210
174 226
174 228
174 234
174 236
174 237
174 238
174 246
174 249
174 254
174 259
174 274
174 296
174 314
174 322
174 323
174 334
174 335
174 340
175 164
175 168
175 174
175 180
175 210
175 226
175 228
175 234
175 236
175 237
175 238
175 246
175 249
175 254
175 259
175 262
175 274
175 296
175 314
175 322
175 323
175 334
175 335
175 340
176 164
176 168
176 210
176 226
176 228
176 234
176 236
176 237
176 238
176 246
176 249
176 254
176 262
176 274
176 296
176 322
176 323
176 334
176 335
176 340
177 164
177 168
177 210
177 226
177 228
177 234
177 236
177 237
177 238
177 246
177 249
177 254
177 262
177 274
177 296
177 322
177 323
177 334
177 335
177 340
178 164
178 168
178 210
178 226
178 228
178 234
178 236
178 237
178 238
178 246
178 249
178 254
178 262
178 274
178 296
178 322
178 323
178 334
178 335
178 340
179 168
179 210
179 226
179 228
179 234
179 236
179 237
179 246
179 249
179 254
179 262
179 274
179 296
179 322
179 323
179 334
179 335
179 340
180 168
180 210
180 226
180 228
180 234
180 236
180 237
180 246
180 249
180 254
180 262
180 274
180 296
180 322
180 323
180 334
180 335
180 340
181 168
181 201
181 210
181 226
181 228
181 234
181 236
181 237
181 246
181 249
181 254
181 262
181 296
181 305
181 322
181 323
181 334
181 340
182 201
182 210
182 226
182 228
182 234
182 236
182 237
182 246
182 249
182 254
182 262
182 296
182 305
182 322
182 323
182 334
182 340
183 201
183 210
183 224
183 226
183 228
183 231
183 234
183 236
183 237
183 246
183 249
183 252
183 254
183 262
183 296
183 305
183 322
183 323
183 334
183 340
184 201
184 210
184 224
184 226
184 228
184 231
184 234
184 236
184 237
184 246
184 249
184 252
184 254
184 262
184 296
184 305
184 322
184 323
184 340
185 201
185 210
185 224
185 226
185 228
185 231
185 234
185 236
185 237
185 246
185 249
185 252
185 254
185 262
185 296
185 322
185 323
185 340
186 201
186 210
186 224
186 226
186 228
186 231
186 234
186 236
186 237
186 243
186 246
186 249
186 252
186 254
186 262
186 296
186 318
186 322
186 323
186 340
187 201
187 210
187 224
187 226
187 228
187 231
187 234
187 236
187 237
187 243
187 246
187 249
187 252
187 254
187 262
187 296
187 318
187 322
187 323
187 340
188 201
188 210
188 224
188 226
188 228
188 231
188 234
188 236
188 237
188 243
188 244
188 246
188 249
188 252
188 254
188 262
188 296
188 318
188 322
188 323
188 340
189 201
189 210
189 224
189 226
189 228
189 231
189 234
189 236
189 237
189 243
189 244
189 246
189 249
189 252
189 254
189 262
189 296
189 318
189 322
189 323
189 340
190 201
190 210
190 224
190 226
190 228
190 231
190 234
190 236
190 237
190 243
190 244
190 246
190 252
190 254
190 262
190 296
190 318
190 322
190 323
190 340
191 201
191 210
191 224
191 226
191 228
191 231
191 234
191 236
191 237
191 243
191 244
191 246
191 252
191 254
191 262
191 296
191 318
191 322
191 323
191 340
192 201
192 210
192 224
192 226
192 228
192 231
192 234
192 236
192 237
192 243
192 244
192 246
192 252
192 254
192 296
192 302
192 318
192 323
192 340
193 201
193 210
193 224
193 226
193 228
193 231
193 236
193 237
193 243
193 244
193 252
193 254
193 296
193 302
193 318
193 323
193 340
194 201
194 210
194 224
194 226
194 228
194 231
194 236
194 237
194 243
194 244
194 252
194 296
194 302
194 318
194 323
194 332
194 340
195 201
195 210
195 224
195 226
195 228
195 231
195 236
195 237
195 242
195 243
195 244
195 252
195 296
195 302
195 318
195 323
195 332
195 340
196 201
196 210
196 224
196 226
196 228
196 231
196 237
196 242
196 243
196 244
196 252
196 296
196 302
196 323
196 328
196 332
197 201
197 210
197 224
197 226
197 228
197 231
197 237
197 242
197 243
197 244
197 252
197 255
197 296
197 302
197 328
197 332
198 201
198 210
198 224
198 226
198 227
198 228
198 231
198 237
198 242
198 243
198 244
198 252
198 255
198 282
198 289
198 296
198 328
198 332
199 201
199 210
199 224
199 226
199 227
199 228
199 231
199 237
199 242
199 243
199 244
199 252
199 255
199 282
199 289
199 296
199 328
199 332
200 201
200 210
200 224
200 226
200 227
200 228
200 231
200 233
200 237
200 242
200 243
200 244
200 252
200 282
200 289
200 296
200 328
200 332
201 201
201 210
201 224
201 226
201 227
201 228
201 231
201 233
201 242
201 243
201 244
201 252
201 282
201 289
201 296
201 328
201 332
202 201
202 210
202 224
202 226
202 227
202 228
202 231
202 233
202 242
202 243
202 244
202 252
202 282
202 289
202 296
202 328
202 332
203 201
203 210
203 224
203 226
203 227
203 228
203 231
203 233
203 242
203 243
203 244
203 252
203 272
203 282
203 289
203 296
203 328
203 332
204 201
204 210
204 224
204 226
204 227
204 228
204 231
204 233
204 242
204 243
204 244
204 252
204 272
204 282
204 289
204 296
204 328
204 332
205 201
205 210
205 224
205 226
205 227
205 228
205 231
205 233
205 242
205 243
205 244
205 252
205 272
205 282
205 289
205 296
205 328
205 332
206 201
206 210
206 224
206 226
206 227
206 228
206 233
206 242
206 243
206 244
206 252
206 272
206 282
206 289
206 296
206 332
207 201
207 210
207 224
207 226
207 227
207 228
207 233
207 242
207 243
207 244
207 252
207 272
207 282
207 289
207 296
207 332
208 201
208 210
208 224
208 226
208 227
208 228
208 233
208 242
208 243
208 244
208 252
208 272
208 282
208 289
208 296
208 332
209 201
209 224
209 226
209 227
209 228
209 233
209 242
209 243
209 244
209 252
209 272
209 289
209 296
209 332
210 201
210 224
210 226
210 227
210 228
210 233
210 242
210 243
210 244
210 252
210 272
210 289
210 296
210 332
211 201
211 224
211 226
211 227
211 228
211 233
211 242
211 243
211 244
211 252
211 272
211 289
211 296
211 332
212 201
212 224
212 226
212 227
212 228
212 233
212 243
212 244
212 252
212 272
212 289
212 296
212 332
212 349
213 201
213 224
213 226
213 227
213 228
213 233
213 243
213 244
213 252
213 272
213 289
213 296
213 332
213 349
214 201
214 224
214 226
214 227
214 228
214 233
214 243
214 244
214 252
214 272
214 289
214 296
214 332
214 349
215 201
215 224
215 226
215 227
215 228
215 233
215 243
215 244
215 252
215 272
215 289
215 296
215 332
215 349
216 201
216 224
216 226
216 227
216 228
216 233
216 243
216 244
216 251
216 252
216 289
216 296
216 332
216 349
217 201
217 224
217 226
217 227
217 228
217 243
217 244
217 251
217 252
217 289
217 332
217 349
218 201
218 224
218 226
218 227
218 228
218 243
218 244
218 251
218 252
218 289
218 332
218 349
219 201
219 224
219 226
219 227
219 228
219 243
219 244
219 251
219 252
219 289
219 332
219 349
220 201
220 224
220 226
220 227
220 228
220 243
220 244
220 251
220 252
220 289
220 332
220 349
221 201
221 224
221 226
221 227
221 228
221 243
221 244
221 251
221 252
221 289
221 332
221 349
222 201
222 224
222 226
222 227
222 228
222 243
222 244
222 251
222 252
222 289
222 332
222 349
223 224
223 226
223 227
223 228
223 244
223 251
223 252
223 289
223 331
223 332
223 349
224 224
224 226
224 227
224 228
224 244
224 251
224 252
224 289
224 331
224 332
224 349
225 224
225 226
225 227
225 228
225 244
225 251
225 252
225 289
225 331
225 332
225 349
226 224
226 226
226 227
226 228
226 244
226 251
226 252
226 289
226 331
226 332
226 349
227 224
227 226
227 227
227 228
227 251
227 252
227 289
227 303
227 331
227 332
227 333
227 349
228 224
228 226
228 227
228 228
228 251
228 252
228 289
228 303
228 331
228 332
228 333
228 349
229 224
229 226
229 227
229 228
229 251
229 252
229 289
229 303
229 331
229 332
229 333
229 349
230 224
230 226
230 227
230 228
230 251
230 252
230 279
230 289
230 303
230 331
230 333
230 349
231 224
231 226
231 227
231 228
231 251
231 252
231 279
231 289
231 303
231 331
231 333
231 349
232 224
232 226
232 227
232 228
232 241
232 251
232 252
232 279
232 289
232 303
232 331
232 333
232 349
233 224
233 226
233 227
233 228
233 251
233 252
233 279
233 289
233 303
233 331
233 333
233 349
234 224
234 226
234 227
234 228
234 251
234 252
234 279
234 289
234 303
234 331
234 333
234 349
235 224
235 226
235 227
235 228
235 251
235 252
235 279
235 289
235 303
235 331
235 333
235 349
236 224
236 226
236 227
236 228
236 251
236 252
236 279
236 289
236 303
236 331
236 333
236 349
237 224
237 226
237 227
237 228
237 251
237 252
237 279
237 289
237 303
237 331
237 333
237 349
238 224
238 226
238 227
238 228
238 250
238 251
238 252
238 279
238 289
238 303
238 331
238 333
238 349
239 226
239 227
239 228
239 250
239 251
239 252
239 279
239 289
239 331
239 333
239 349
240 226
240 227
240 228
240 250
240 251
240 279
240 289
240 331
240 333
240 349
241 226
241 227
241 228
241 250
241 251
241 279
241 289
241 331
241 333
241 346
241 349
242 226
242 227
242 228
242 250
242 251
242 279
242 289
242 331
242 333
242 346
242 349
243 226
243 227
243 250
243 251
243 277
243 279
243 289
243 325
243 329
243 331
243 333
243 346
244 226
244 227
244 250
244 251
244 277
244 279
244 289
244 325
244 329
244 331
244 333
244 346
245 226
245 227
245 250
245 251
245 277
245 279
245 289
245 325
245 329
245 331
245 333
245 346
246 226
246 227
246 250
246 251
246 277
246 279
246 325
246 329
246 331
246 333
246 346
247 226
247 227
247 250
247 251
247 277
247 279
247 325
247 329
247 331
247 333
247 346
248 226
248 227
248 250
248 251
248 279
248 325
248 331
248 333
248 346
249 226
249 250
249 251
249 279
249 325
249 331
249 333
249 346
250 226
250 250
250 251
250 279
250 325
250 331
250 333
250 346
251 226
251 250
251 251
251 279
251 325
251 331
251 333
251 346
252 226
252 250
252 251
252 279
252 331
252 333
252 346
252 348
253 226
253 250
253 251
253 279
253 331
253 333
253 346
253 348
254 250
254 251
254 268
254 279
254 306
254 331
254 333
254 346
254 348
255 250
255 251
255 268
255 279
255 306
255 331
255 346
255 348
256 250
256 251
256 268
256 279
256 306
256 310
256 331
256 338
256 346
256 348
257 250
257 251
257 268
257 279
257 306
257 310
257 331
257 338
257 346
257 348
258 250
258 251
258 268
258 279
258 306
258 310
258 331
258 338
258 346
258 348
259 250
259 251
259 268
259 279
259 306
259 310
259 331
259 338
259 346
259 348
260 250
260 251
260 268
260 279
260 306
260 310
260 331
260 338
260 346
260 348
261 268
261 279
261 291
261 295
261 306
261 310
261 331
261 338
261 343
261 346
261 348
262 268
262 279
262 291
262 295
262 306
262 310
262 338
262 343
262 346
262 348
263 268
263 279
263 291
263 295
263 306
263 310
263 338
263 343
263 346
263 348
264 268
264 279
264 291
264 295
264 306
264 310
264 338
264 343
264 346
264 348
265 268
265 279
265 291
265 295
265 306
265 310
265 338
265 343
265 346
265 348
266 268
266 279
266 291
266 295
266 310
266 338
266 348
267 268
267 279
267 291
267 295
267 310
267 338
267 348
268 268
268 279
268 291
268 295
268 310
268 338
268 348
269 268
269 271
269 291
269 295
269 310
269 338
269 348
270 268
270 271
270 291
270 295
270 310
270 338
270 348
271 268
271 271
271 291
271 295
271 310
271 338
271 348
272 268
272 291
272 295
272 310
272 348
273 268
273 291
273 295
273 310
273 348
274 287
274 291
274 310
274 348
275 287
275 291
275 310
275 348
276 287
276 291
276 310
276 348
277 287
277 291
277 310
277 348
278 287
278 291
278 310
278 348
279 287
279 291
279 310
279 348
280 287
280 291
280 310
280 348
281 291
281 310
281 324
281 348
282 291
282 310
282 324
282 348
283 291
283 310
283 348
284 291
284 310
284 348
285 310
285 348
286 310
286 348
287 310
287 348
288 310
288 348
289 310
289 348
290 310
290 348
291 310
291 348
292 310
292 341
292 348
293 310
293 341
293 348
294 310
294 341
294 348
295 310
295 341
295 348
296 310
296 341
296 348
297 310
297 341
297 348
298 310
298 341
298 348
299 310
299 341
299 348
300 310
300 341
300 348
301 310
301 341
301 348
302 341
302 348
303 341
303 348
304 341
304 348
305 341
305 348
306 341
306 348
307 341
307 348
308 341
308 348
309 341
309 348
310 341
310 348
311 315
311 321
311 348
312 315
312 321
312 348
313 315
313 321
313 348
314 321
314 348
315 321
315 348
316 348
317 348
318 348
319 348
320 348
321 348
322 348
323 348
324 348
325 348
326 348
327 348
328 348
329 348
330 348
331 348
332 348
333 348
334 348
335 348
336 348
337 348
338 348
339 348
340 348
341 348
342 348
343 348
344 348
345 348
346 348
347 348
348 348
349 348
