0 2
0 34
0 82
0 83
0 94
1 2
1 34
1 82
1 83
1 94
2 8
2 34
2 60
2 82
2 83
2 85
2 94
2 142
2 217
2 279
3 52
3 60
3 76
3 82
3 85
3 94
3 97
3 142
3 172
3 208
3 217
3 279
4 7
4 67
4 76
4 85
4 142
4 172
4 208
4 217
4 279
5 28
5 63
5 76
5 85
5 142
5 172
5 208
5 217
5 279
6 10
6 22
6 28
6 63
6 76
6 85
6 123
6 142
6 172
6 173
6 208
6 217
6 279
7 15
7 22
7 28
7 63
7 76
7 85
7 102
7 123
7 142
7 172
7 173
7 208
7 217
7 279
8 22
8 25
8 28
8 62
8 63
8 76
8 85
8 91
8 102
8 123
8 142
8 165
8 172
8 173
8 208
8 217
8 279
9 17
9 25
9 27
9 28
9 31
9 62
9 63
9 76
9 85
9 87
9 91
9 102
9 123
9 142
9 165
9 172
9 173
9 208
9 217
9 279
10 17
10 21
10 25
10 28
10 31
10 62
10 63
10 76
10 85
10 87
10 91
10 102
10 123
10 142
10 165
10 172
10 173
10 208
10 217
10 279
11 17
11 21
11 25
11 28
11 31
11 62
11 63
11 76
11 85
11 87
11 91
11 102
11 123
11 142
11 165
11 172
11 173
11 208
11 217
11 279
12 28
12 31
12 62
12 63
12 76
12 85
12 87
12 91
12 93
12 123
12 142
12 149
12 165
12 172
12 173
12 208
12 217
12 279
13 16
13 28
13 31
13 43
13 62
13 76
13 85
13 87
13 91
13 93
13 123
13 142
13 149
13 165
13 172
13 173
13 208
13 217
13 279
14 16
14 28
14 31
14 35
14 62
14 76
14 85
14 87
14 91
14 93
14 123
14 142
14 149
14 165
14 172
14 173
14 208
14 217
14 279
15 18
15 24
15 28
15 35
15 42
15 49
15 59
15 76
15 85
15 87
15 91
15 93
15 123
15 142
15 165
15 172
15 173
15 208
15 217
15 279
16 18
16 28
16 35
16 42
16 49
16 59
16 76
16 85
16 87
16 91
16 93
16 123
16 142
16 165
16 172
16 173
16 208
16 217
16 279
16 318
17 23
17 28
17 35
17 42
17 49
17 59
17 76
17 85
17 87
17 91
17 93
17 123
17 142
17 165
17 208
17 217
17 279
17 318
18 23
18 28
18 35
18 42
18 49
18 59
18 76
18 85
18 87
18 91
18 93
18 123
18 142
18 165
18 208
18 217
18 279
18 318
19 28
19 42
19 49
19 59
19 76
19 85
19 87
19 93
19 109
19 123
19 142
19 165
19 188
19 208
19 217
19 279
19 318
20 20
20 42
20 49
20 56
20 59
20 64
20 76
20 87
20 109
20 138
20 208
20 217
20 263
20 277
20 279
20 318
21 20
21 42
21 49
21 56
21 64
21 75
21 76
21 87
21 109
21 138
21 208
21 212
21 217
21 263
21 277
21 279
21 318
22 20
22 36
22 38
22 42
22 49
22 56
22 64
22 75
22 76
22 87
22 109
22 121
22 138
22 204
22 208
22 217
22 222
22 263
22 277
22 279
22 318
23 36
23 38
23 42
23 49
23 56
23 64
23 75
23 76
23 87
23 99
23 109
23 121
23 138
23 204
23 208
23 217
23 222
23 263
23 277
23 279
23 318
24 26
24 36
24 39
24 42
24 47
24 49
24 56
24 64
24 75
24 87
24 99
24 121
24 125
24 138
24 204
24 208
24 222
24 263
24 277
24 279
24 318
25 26
25 36
25 39
25 42
25 47
25 49
25 53
25 56
25 64
25 75
25 87
25 99
25 121
25 125
25 138
25 204
25 208
25 222
25 263
25 277
25 279
25 318
26 36
26 39
26 42
26 47
26 49
26 53
26 56
26 64
26 75
26 87
26 99
26 121
26 125
26 138
26 204
26 208
26 222
26 263
26 277
26 279
26 318
27 29
27 39
27 47
27 49
27 53
27 54
27 55
27 56
27 64
27 75
27 87
27 99
27 110
27 121
27 204
27 208
27 222
27 277
27 279
27 318
28 39
28 47
28 49
28 53
28 54
28 55
28 56
28 64
28 75
28 99
28 110
28 121
28 204
28 208
28 222
28 277
28 279
28 318
29 39
29 47
29 49
29 53
29 54
29 55
29 56
29 75
29 99
29 110
29 121
29 130
29 166
29 204
29 208
29 222
29 253
29 277
29 279
29 318
30 39
30 47
30 49
30 53
30 54
30 55
30 56
30 75
30 99
30 110
30 121
30 130
30 166
30 204
30 208
30 222
30 253
30 277
30 279
30 318
31 33
31 39
31 40
31 47
31 53
31 56
31 86
31 99
31 103
31 107
31 110
31 121
31 124
31 130
31 145
31 162
31 181
31 204
31 222
31 253
31 277
31 279
31 318
32 33
32 39
32 40
32 47
32 56
32 86
32 99
32 103
32 107
32 110
32 121
32 124
32 130
32 145
32 162
32 181
32 204
32 222
32 253
32 277
32 279
32 318
33 40
33 50
33 86
33 99
33 103
33 107
33 110
33 121
33 124
33 130
33 145
33 181
33 204
33 216
33 222
33 253
33 277
33 318
34 40
34 50
34 61
34 99
34 107
34 110
34 121
34 124
34 130
34 132
34 145
34 181
34 204
34 216
34 222
34 253
34 277
34 318
35 40
35 50
35 78
35 110
35 121
35 124
35 132
35 145
35 181
35 204
35 216
35 222
35 253
35 277
35 318
36 40
36 45
36 50
36 57
36 78
36 110
36 121
36 124
36 132
36 145
36 170
36 181
36 204
36 216
36 222
36 253
36 277
36 299
36 318
37 40
37 50
37 57
37 78
37 110
37 132
37 140
37 145
37 170
37 181
37 193
37 204
37 216
37 222
37 277
37 299
37 318
38 40
38 50
38 57
38 78
38 110
38 132
38 140
38 145
38 170
38 181
38 193
38 204
38 216
38 222
38 277
38 299
38 318
39 40
39 44
39 110
39 112
39 120
39 140
39 145
39 170
39 181
39 193
39 204
39 209
39 216
39 222
39 277
39 281
39 299
39 318
40 40
40 44
40 46
40 70
40 110
40 112
40 140
40 145
40 156
40 175
40 181
40 209
40 214
40 216
40 222
40 277
40 281
40 299
40 318
41 44
41 46
41 70
41 110
41 112
41 145
41 156
41 175
41 178
41 181
41 209
41 214
41 215
41 216
41 222
41 241
41 249
41 277
41 281
41 299
41 302
41 318
42 44
42 46
42 70
42 110
42 112
42 145
42 156
42 175
42 178
42 181
42 209
42 214
42 215
42 216
42 222
42 241
42 249
42 277
42 281
42 299
42 302
42 318
43 44
43 46
43 110
43 112
43 145
43 148
43 156
43 175
43 178
43 181
43 209
43 214
43 215
43 216
43 222
43 226
43 241
43 249
43 277
43 281
43 299
43 302
43 318
44 46
44 110
44 112
44 127
44 145
44 148
44 156
44 157
44 175
44 178
44 181
44 209
44 214
44 215
44 216
44 222
44 226
44 249
44 277
44 281
44 299
44 302
45 46
45 73
45 89
45 110
45 112
45 127
45 145
45 148
45 156
45 157
45 158
45 175
45 178
45 209
45 214
45 215
45 216
45 222
45 226
45 249
45 277
45 281
45 299
45 302
46 46
46 73
46 89
46 110
46 112
46 127
46 145
46 148
46 156
46 157
46 158
46 175
46 178
46 205
46 209
46 214
46 215
46 216
46 222
46 226
46 249
46 277
46 281
46 299
46 302
47 46
47 73
47 89
47 110
47 112
47 127
47 128
47 145
47 148
47 153
47 156
47 158
47 175
47 178
47 205
47 209
47 214
47 215
47 216
47 222
47 226
47 249
47 277
47 281
47 299
47 302
48 46
48 73
48 89
48 110
48 112
48 127
48 128
48 145
48 148
48 153
48 156
48 158
48 175
48 178
48 205
48 209
48 214
48 215
48 216
48 226
48 249
48 277
48 281
48 299
48 302
49 46
49 73
49 89
49 112
49 127
49 145
49 148
49 153
49 156
49 158
49 175
49 178
49 205
49 209
49 214
49 215
49 216
49 226
49 249
49 277
49 281
49 299
49 302
50 73
50 89
50 112
50 127
50 145
50 148
50 153
50 156
50 158
50 175
50 178
50 205
50 209
50 214
50 215
50 216
50 226
50 249
50 277
50 281
50 299
50 302
51 58
51 73
51 89
51 112
51 127
51 145
51 148
51 156
51 158
51 175
51 178
51 205
51 209
51 214
51 215
51 216
51 226
51 246
51 249
51 277
51 281
51 299
51 302
52 73
52 89
52 112
52 127
52 145
52 148
52 152
52 156
52 158
52 175
52 178
52 205
52 209
52 214
52 215
52 216
52 226
52 246
52 249
52 277
52 281
52 299
52 302
53 73
53 89
53 112
53 127
53 145
53 148
53 152
53 156
53 158
53 175
53 178
53 205
53 209
53 214
53 215
53 216
53 226
53 246
53 249
53 277
53 281
53 299
53 302
54 73
54 89
54 112
54 127
54 145
54 148
54 152
54 155
54 156
54 158
54 175
54 178
54 205
54 209
54 214
54 215
54 216
54 226
54 246
54 249
54 277
54 281
54 299
54 302
55 73
55 88
55 89
55 112
55 127
55 145
55 148
55 152
55 155
55 156
55 158
55 175
55 178
55 205
55 209
55 214
55 215
55 216
55 226
55 246
55 249
55 277
55 278
55 281
55 299
55 302
56 66
56 72
56 77
56 81
56 88
56 112
56 127
56 145
56 146
56 148
56 155
56 158
56 160
56 175
56 178
56 205
56 209
56 214
56 216
56 226
56 246
56 277
56 278
56 299
56 302
56 322
57 66
57 72
57 77
57 81
57 88
57 112
57 127
57 145
57 146
57 148
57 155
57 158
57 160
57 175
57 178
57 205
57 209
57 214
57 216
57 219
57 226
57 246
57 277
57 278
57 299
57 302
57 322
58 66
58 72
58 81
58 88
58 111
58 112
58 118
58 127
58 145
58 155
58 158
58 160
58 175
58 178
58 205
58 209
58 214
58 216
58 219
58 226
58 299
58 302
58 322
59 66
59 72
59 81
59 111
59 112
59 117
59 118
59 127
59 139
59 145
59 155
59 158
59 160
59 175
59 178
59 198
59 205
59 209
59 214
59 216
59 219
59 226
59 299
59 322
60 66
60 68
60 72
60 81
60 111
60 112
60 118
60 139
60 143
60 145
60 155
60 158
60 160
60 175
60 178
60 198
60 205
60 209
60 214
60 216
60 219
60 226
60 299
60 322
61 66
61 68
61 81
61 96
61 112
61 118
61 139
61 145
61 155
61 158
61 160
61 175
61 178
61 198
61 209
61 216
61 219
61 226
61 322
62 66
62 68
62 81
62 96
62 112
62 114
62 118
62 139
62 145
62 155
62 158
62 160
62 175
62 178
62 198
62 209
62 216
62 219
62 226
62 322
63 68
63 81
63 96
63 101
63 112
63 114
63 118
63 139
63 145
63 160
63 175
63 178
63 198
63 209
63 216
63 226
63 306
63 322
64 68
64 96
64 101
64 112
64 114
64 118
64 139
64 145
64 160
64 175
64 178
64 186
64 198
64 209
64 216
64 226
64 306
64 322
65 68
65 96
65 101
65 112
65 114
65 118
65 139
65 145
65 160
65 175
65 178
65 186
65 198
65 209
65 216
65 226
65 306
65 309
65 322
66 68
66 96
66 101
66 112
66 114
66 118
66 139
66 145
66 160
66 175
66 178
66 186
66 198
66 209
66 216
66 226
66 306
66 309
66 322
67 68
67 96
67 101
67 112
67 114
67 139
67 145
67 160
67 175
67 178
67 186
67 198
67 207
67 209
67 216
67 226
67 232
67 306
67 309
67 322
68 68
68 96
68 101
68 112
68 113
68 114
68 139
68 145
68 160
68 175
68 178
68 186
68 198
68 207
68 209
68 216
68 226
68 232
68 306
68 309
68 322
69 68
69 84
69 90
69 106
69 112
69 113
69 114
69 139
69 145
69 160
69 175
69 178
69 186
69 198
69 207
69 209
69 216
69 226
69 232
69 243
69 255
69 280
69 306
69 309
69 322
70 68
70 84
70 90
70 106
70 112
70 113
70 114
70 139
70 145
70 160
70 175
70 178
70 186
70 198
70 207
70 209
70 216
70 226
70 232
70 243
70 255
70 280
70 306
70 309
70 322
71 68
71 84
71 90
71 98
71 106
71 112
71 113
71 114
71 139
71 175
71 178
71 186
71 207
71 209
71 226
71 227
71 232
71 243
71 255
71 280
71 306
72 80
72 84
72 90
72 98
72 106
72 112
72 113
72 114
72 139
72 175
72 178
72 186
72 207
72 209
72 226
72 227
72 232
72 243
72 255
72 280
72 306
73 80
73 90
73 98
73 106
73 112
73 113
73 114
73 139
73 175
73 178
73 186
73 207
73 209
73 226
73 227
73 232
73 243
73 255
73 280
73 306
73 310
74 80
74 90
74 98
74 106
74 112
74 113
74 114
74 139
74 175
74 178
74 186
74 207
74 209
74 226
74 232
74 243
74 255
74 280
74 306
74 310
75 80
75 90
75 98
75 106
75 112
75 113
75 114
75 139
75 175
75 178
75 186
75 203
75 207
75 209
75 226
75 232
75 243
75 255
75 280
75 306
75 310
76 80
76 90
76 98
76 106
76 112
76 113
76 114
76 134
76 144
76 171
76 175
76 178
76 186
76 203
76 207
76 209
76 226
76 232
76 243
76 255
76 280
76 301
76 306
76 310
77 79
77 90
77 98
77 105
77 106
77 112
77 113
77 114
77 126
77 134
77 144
77 171
77 175
77 178
77 186
77 203
77 207
77 209
77 226
77 232
77 243
77 255
77 280
77 301
77 306
77 310
78 79
78 90
78 98
78 105
78 106
78 112
78 113
78 114
78 126
78 134
78 144
78 171
78 175
78 178
78 186
78 203
78 207
78 209
78 226
78 232
78 243
78 255
78 280
78 301
78 306
78 310
79 90
79 98
79 105
79 106
79 112
79 113
79 114
79 126
79 134
79 144
79 171
79 175
79 178
79 186
79 203
79 207
79 209
79 226
79 232
79 243
79 255
79 280
79 301
79 306
79 310
80 90
80 92
80 98
80 105
80 112
80 113
80 114
80 126
80 134
80 144
80 171
80 175
80 178
80 186
80 203
80 207
80 209
80 226
80 232
80 243
80 255
80 280
80 301
80 306
80 310
81 90
81 92
81 98
81 105
81 112
81 113
81 114
81 126
81 134
81 144
81 171
81 175
81 178
81 186
81 191
81 203
81 207
81 209
81 226
81 232
81 243
81 255
81 280
81 301
81 306
81 310
82 90
82 92
82 95
82 98
82 100
82 105
82 113
82 114
82 115
82 116
82 134
82 144
82 169
82 171
82 178
82 186
82 195
82 203
82 207
82 209
82 226
82 232
82 243
82 255
82 266
82 280
82 306
83 90
83 92
83 95
83 98
83 100
83 105
83 113
83 114
83 115
83 116
83 134
83 144
83 169
83 171
83 178
83 184
83 186
83 195
83 203
83 207
83 209
83 226
83 232
83 243
83 255
83 266
83 280
83 306
84 90
84 92
84 95
84 98
84 100
84 105
84 113
84 114
84 115
84 134
84 144
84 169
84 171
84 178
84 184
84 195
84 197
84 203
84 207
84 209
84 226
84 232
84 243
84 255
84 266
84 280
84 306
85 90
85 92
85 95
85 98
85 100
85 105
85 113
85 114
85 115
85 134
85 144
85 169
85 171
85 178
85 184
85 195
85 197
85 203
85 207
85 209
85 226
85 232
85 243
85 255
85 266
85 280
85 306
86 90
86 92
86 95
86 98
86 100
86 105
86 113
86 114
86 115
86 134
86 144
86 169
86 171
86 178
86 184
86 195
86 197
86 203
86 207
86 209
86 226
86 232
86 243
86 255
86 266
86 280
86 306
87 90
87 92
87 95
87 98
87 100
87 105
87 113
87 114
87 115
87 134
87 144
87 169
87 171
87 178
87 184
87 195
87 197
87 203
87 207
87 209
87 226
87 232
87 243
87 255
87 266
87 280
87 306
88 90
88 92
88 95
88 98
88 100
88 105
88 113
88 114
88 115
88 134
88 144
88 169
88 171
88 178
88 184
88 195
88 197
88 203
88 207
88 209
88 226
88 232
88 243
88 255
88 266
88 280
88 306
89 90
89 92
89 95
89 98
89 113
89 114
89 115
89 134
89 136
89 137
89 169
89 178
89 184
89 195
89 197
89 203
89 209
89 226
89 232
89 240
89 243
89 255
89 266
89 280
89 306
90 90
90 92
90 95
90 113
90 114
90 115
90 134
90 136
90 137
90 151
90 178
90 184
90 194
90 195
90 197
90 203
90 209
90 226
90 232
90 240
90 243
90 255
90 266
90 280
90 306
90 342
91 90
91 92
91 95
91 113
91 114
91 115
91 134
91 136
91 137
91 151
91 178
91 184
91 194
91 195
91 197
91 203
91 209
91 226
91 232
91 240
91 243
91 255
91 266
91 280
91 306
91 342
92 90
92 95
92 113
92 114
92 115
92 131
92 136
92 137
92 151
92 178
92 184
92 194
92 195
92 197
92 203
92 209
92 226
92 232
92 240
92 243
92 255
92 266
92 280
92 306
92 342
93 95
93 113
93 114
93 115
93 131
93 136
93 137
93 151
93 178
93 184
93 194
93 197
93 203
93 209
93 226
93 232
93 240
93 243
93 255
93 266
93 280
93 306
93 342
94 95
94 113
94 114
94 115
94 131
94 136
94 151
94 178
94 194
94 197
94 203
94 226
94 232
94 240
94 243
94 266
94 280
94 306
94 342
95 113
95 114
95 115
95 131
95 136
95 151
95 178
95 194
95 197
95 203
95 226
95 232
95 240
95 243
95 280
95 306
95 342
96 113
96 114
96 115
96 131
96 136
96 151
96 178
96 194
96 197
96 203
96 226
96 232
96 240
96 243
96 280
96 306
96 342
97 113
97 114
97 115
97 131
97 136
97 151
97 178
97 194
97 197
97 203
97 226
97 232
97 240
97 243
97 280
97 306
97 342
98 114
98 115
98 131
98 136
98 151
98 178
98 194
98 201
98 203
98 232
98 240
98 243
98 280
98 306
98 342
99 114
99 115
99 131
99 136
99 151
99 178
99 194
99 200
99 201
99 203
99 232
99 240
99 243
99 280
99 286
99 306
99 325
99 342
100 114
100 133
100 136
100 151
100 178
100 189
100 194
100 200
100 201
100 203
100 210
100 232
100 240
100 243
100 280
100 286
100 306
100 325
100 342
100 345
101 133
101 136
101 151
101 178
101 189
101 192
101 194
101 200
101 201
101 203
101 210
101 232
101 240
101 243
101 259
101 280
101 286
101 306
101 325
101 342
101 345
102 133
102 136
102 151
102 178
102 189
102 192
102 194
102 200
102 201
102 203
102 210
102 232
102 240
102 243
102 259
102 280
102 286
102 306
102 325
102 342
102 345
103 133
103 136
103 151
103 178
103 189
103 192
103 194
103 200
103 201
103 203
103 210
103 232
103 240
103 243
103 259
103 280
103 286
103 306
103 325
103 342
103 345
104 133
104 136
104 151
104 178
104 189
104 192
104 194
104 200
104 201
104 203
104 210
104 232
104 240
104 243
104 259
104 280
104 286
104 306
104 325
104 342
104 345
105 133
105 136
105 147
105 151
105 161
105 178
105 189
105 192
105 194
105 200
105 201
105 206
105 210
105 232
105 240
105 243
105 259
105 280
105 286
105 306
105 325
105 342
105 345
106 133
106 136
106 141
106 147
106 151
106 161
106 167
106 178
106 189
106 192
106 194
106 200
106 201
106 206
106 210
106 232
106 240
106 243
106 259
106 280
106 286
106 306
106 325
106 342
106 345
107 133
107 136
107 141
107 147
107 151
107 161
107 167
107 178
107 189
107 192
107 194
107 200
107 201
107 206
107 210
107 232
107 240
107 259
107 280
107 286
107 306
107 325
107 333
107 342
107 345
108 133
108 141
108 147
108 151
108 161
108 167
108 178
108 189
108 192
108 194
108 200
108 201
108 206
108 210
108 232
108 240
108 259
108 280
108 286
108 306
108 325
108 333
108 342
108 345
109 129
109 133
109 141
109 147
109 151
109 161
109 167
109 178
109 189
109 192
109 194
109 200
109 201
109 206
109 210
109 232
109 240
109 259
109 280
109 286
109 306
109 325
109 333
109 342
109 345
110 129
110 133
110 141
110 147
110 151
110 161
110 167
110 178
110 189
110 192
110 194
110 200
110 201
110 206
110 210
110 232
110 240
110 259
110 280
110 286
110 306
110 325
110 333
110 342
110 345
111 119
111 129
111 133
111 141
111 147
111 151
111 161
111 167
111 178
111 189
111 192
111 194
111 196
111 200
111 201
111 206
111 213
111 232
111 259
111 280
111 283
111 286
111 306
111 307
111 325
111 333
111 342
111 345
112 119
112 129
112 133
112 141
112 151
112 161
112 167
112 178
112 189
112 192
112 194
112 196
112 200
112 201
112 206
112 213
112 232
112 259
112 280
112 283
112 286
112 306
112 307
112 325
112 333
112 342
112 345
113 119
113 129
113 133
113 141
113 151
113 161
113 167
113 178
113 189
113 192
113 194
113 196
113 200
113 201
113 206
113 213
113 232
113 259
113 280
113 283
113 286
113 306
113 307
113 325
113 333
113 342
113 345
114 119
114 129
114 133
114 141
114 151
114 161
114 167
114 178
114 189
114 192
114 194
114 196
114 200
114 201
114 206
114 213
114 232
114 259
114 280
114 283
114 286
114 306
114 307
114 325
114 333
114 342
114 345
115 119
115 129
115 133
115 141
115 161
115 167
115 178
115 189
115 192
115 194
115 196
115 200
115 201
115 206
115 213
115 232
115 259
115 280
115 283
115 286
115 306
115 307
115 325
115 333
115 345
116 119
116 133
116 141
116 161
116 167
116 178
116 189
116 192
116 194
116 196
116 200
116 201
116 206
116 232
116 258
116 259
116 280
116 283
116 286
116 306
116 307
116 325
116 333
116 343
116 345
117 119
117 133
117 141
117 161
117 167
117 178
117 189
117 192
117 194
117 196
117 200
117 201
117 206
117 232
117 258
117 259
117 280
117 283
117 286
117 306
117 307
117 325
117 333
117 343
117 345
118 119
118 133
118 141
118 161
118 167
118 178
118 189
118 192
118 194
118 196
118 200
118 201
118 206
118 221
118 232
118 258
118 259
118 280
118 283
118 286
118 306
118 307
118 325
118 333
118 343
118 345
119 119
119 141
119 163
119 167
119 178
119 185
119 189
119 192
119 194
119 196
119 200
119 201
119 221
119 232
119 259
119 280
119 283
119 286
119 306
119 307
119 325
119 343
119 345
120 119
120 135
120 141
120 163
120 167
120 178
120 185
120 189
120 192
120 194
120 196
120 200
120 201
120 221
120 232
120 259
120 280
120 283
120 286
120 306
120 307
120 325
120 343
120 345
121 119
121 135
121 141
121 163
121 167
121 178
121 185
121 189
121 192
121 194
121 196
121 200
121 201
121 221
121 232
121 259
121 280
121 283
121 286
121 306
121 307
121 325
121 343
121 345
122 119
122 135
122 141
122 163
122 167
122 178
122 185
122 189
122 192
122 194
122 196
122 200
122 201
122 221
122 232
122 259
122 280
122 283
122 286
122 306
122 307
122 325
122 343
122 345
123 135
123 141
123 163
123 167
123 178
123 185
123 189
123 192
123 194
123 196
123 200
123 201
123 221
123 232
123 259
123 280
123 283
123 286
123 306
123 307
123 325
123 343
123 345
124 135
124 141
124 163
124 167
124 178
124 185
124 189
124 192
124 194
124 196
124 200
124 201
124 221
124 232
124 259
124 280
124 283
124 286
124 306
124 307
124 325
124 343
124 345
125 135
125 141
125 163
125 167
125 174
125 178
125 185
125 192
125 196
125 199
125 201
125 218
125 221
125 230
125 232
125 239
125 250
125 259
125 280
125 283
125 286
125 303
125 307
125 325
125 343
125 345
126 135
126 141
126 163
126 167
126 174
126 178
126 185
126 192
126 196
126 199
126 201
126 218
126 221
126 230
126 232
126 239
126 247
126 250
126 259
126 280
126 283
126 286
126 303
126 307
126 325
126 343
126 345
127 135
127 141
127 163
127 167
127 174
127 178
127 185
127 192
127 196
127 199
127 201
127 218
127 221
127 230
127 232
127 239
127 247
127 250
127 280
127 283
127 286
127 303
127 307
127 343
127 345
128 135
128 141
128 163
128 167
128 174
128 178
128 185
128 192
128 196
128 199
128 201
128 202
128 218
128 221
128 230
128 232
128 239
128 247
128 250
128 280
128 283
128 286
128 303
128 307
128 343
128 345
129 135
129 141
129 163
129 167
129 174
129 178
129 185
129 192
129 196
129 199
129 201
129 202
129 218
129 221
129 230
129 232
129 239
129 247
129 250
129 280
129 283
129 286
129 303
129 307
129 343
129 345
130 135
130 141
130 163
130 167
130 174
130 177
130 178
130 192
130 196
130 199
130 201
130 202
130 218
130 221
130 230
130 232
130 239
130 247
130 250
130 280
130 283
130 286
130 303
130 307
130 343
130 345
131 135
131 141
131 163
131 167
131 174
131 177
131 178
131 179
131 192
131 196
131 199
131 201
131 202
131 218
131 221
131 230
131 232
131 239
131 247
131 250
131 280
131 283
131 286
131 303
131 307
131 323
131 343
131 345
132 135
132 141
132 163
132 167
132 174
132 177
132 178
132 179
132 192
132 196
132 199
132 201
132 202
132 218
132 221
132 230
132 232
132 239
132 247
132 250
132 280
132 283
132 286
132 303
132 307
132 323
132 343
132 345
133 135
133 141
133 163
133 167
133 174
133 177
133 178
133 179
133 192
133 196
133 199
133 201
133 202
133 218
133 221
133 230
133 232
133 239
133 247
133 250
133 280
133 283
133 286
133 303
133 307
133 323
133 343
133 345
134 135
134 141
134 163
134 167
134 174
134 178
134 179
134 192
134 196
134 199
134 201
134 221
134 230
134 232
134 239
134 247
134 250
134 280
134 283
134 286
134 303
134 307
134 323
134 343
134 345
135 135
135 141
135 163
135 167
135 174
135 176
135 178
135 179
135 192
135 196
135 199
135 201
135 221
135 230
135 232
135 239
135 247
135 250
135 280
135 283
135 286
135 303
135 307
135 323
135 343
135 345
136 135
136 141
136 163
136 167
136 174
136 176
136 178
136 179
136 192
136 196
136 199
136 201
136 221
136 230
136 232
136 239
136 247
136 250
136 280
136 283
136 286
136 303
136 307
136 323
136 343
136 345
137 141
137 163
137 167
137 174
137 176
137 178
137 179
137 192
137 196
137 199
137 201
137 221
137 230
137 231
137 232
137 239
137 247
137 250
137 275
137 280
137 283
137 286
137 303
137 307
137 323
137 343
137 345
138 141
138 163
138 167
138 174
138 176
138 178
138 179
138 192
138 196
138 199
138 201
138 221
138 230
138 231
138 232
138 247
138 250
138 275
138 280
138 283
138 286
138 303
138 307
138 323
138 343
138 345
139 141
139 163
139 167
139 174
139 176
139 178
139 179
139 192
139 196
139 199
139 201
139 221
139 230
139 231
139 232
139 235
139 247
139 250
139 275
139 280
139 283
139 286
139 303
139 307
139 323
139 343
139 345
140 141
140 163
140 167
140 174
140 176
140 178
140 179
140 192
140 196
140 199
140 201
140 221
140 230
140 231
140 232
140 235
140 250
140 275
140 280
140 283
140 286
140 303
140 307
140 323
140 328
140 343
140 345
141 141
141 163
141 167
141 174
141 176
141 178
141 179
141 192
141 196
141 199
141 201
141 221
141 230
141 231
141 232
141 235
141 250
141 275
141 283
141 286
141 303
141 323
141 328
141 343
141 345
142 141
142 163
142 167
142 174
142 176
142 178
142 179
142 192
142 196
142 199
142 201
142 221
142 230
142 231
142 232
142 250
142 275
142 283
142 286
142 303
142 323
142 328
142 343
142 345
143 141
143 163
143 167
143 174
143 176
143 178
143 179
143 196
143 199
143 201
143 221
143 230
143 231
143 232
143 242
143 250
143 275
143 283
143 286
143 288
143 303
143 323
143 328
143 343
143 345
144 141
144 163
144 167
144 174
144 176
144 178
144 179
144 196
144 199
144 201
144 221
144 230
144 231
144 232
144 242
144 250
144 275
144 283
144 286
144 288
144 303
144 323
144 328
144 343
144 345
145 141
145 163
145 167
145 174
145 176
145 178
145 179
145 196
145 199
145 201
145 221
145 230
145 231
145 232
145 242
145 250
145 275
145 283
145 286
145 288
145 303
145 323
145 328
145 343
145 345
146 141
146 163
146 167
146 174
146 176
146 178
146 179
146 196
146 199
146 201
146 221
146 230
146 231
146 232
146 242
146 250
146 275
146 283
146 286
146 288
146 303
146 323
146 328
146 343
146 345
147 141
147 163
147 167
147 174
147 176
147 178
147 179
147 196
147 199
147 201
147 221
147 230
147 231
147 232
147 242
147 250
147 275
147 283
147 286
147 288
147 303
147 323
147 328
147 343
147 345
148 141
148 154
148 163
148 167
148 174
148 176
148 178
148 179
148 196
148 199
148 201
148 221
148 231
148 232
148 242
148 250
148 275
148 283
148 286
148 288
148 303
148 323
148 328
148 343
148 345
149 154
149 163
149 164
149 167
149 168
149 174
149 176
149 178
149 179
149 196
149 199
149 201
149 221
149 223
149 232
149 236
149 250
149 275
149 283
149 286
149 288
149 303
149 323
149 328
149 343
149 345
150 154
150 163
150 164
150 167
150 168
150 174
150 176
150 179
150 196
150 199
150 201
150 221
150 223
150 232
150 236
150 250
150 275
150 283
150 286
150 288
150 303
150 323
150 328
150 343
150 345
151 154
151 163
151 164
151 167
151 168
151 174
151 176
151 179
151 196
151 199
151 201
151 211
151 221
151 223
151 232
151 236
151 237
151 250
151 275
151 283
151 286
151 288
151 303
151 323
151 328
151 332
151 343
151 345
152 154
152 163
152 164
152 167
152 168
152 174
152 179
152 196
152 201
152 211
152 221
152 223
152 232
152 236
152 237
152 250
152 275
152 283
152 286
152 288
152 303
152 323
152 328
152 332
152 343
152 345
153 154
153 163
153 164
153 167
153 168
153 174
153 179
153 196
153 201
153 211
153 221
153 223
153 232
153 236
153 237
153 250
153 275
153 283
153 286
153 288
153 303
153 323
153 328
153 332
153 343
153 345
154 154
154 163
154 164
154 167
154 168
154 174
154 179
154 196
154 201
154 211
154 221
154 223
154 232
154 236
154 237
154 250
154 275
154 283
154 286
154 288
154 303
154 323
154 328
154 332
154 343
154 345
155 154
155 163
155 164
155 167
155 168
155 174
155 179
155 196
155 201
155 211
155 221
155 223
155 232
155 236
155 237
155 250
155 283
155 286
155 303
155 323
155 328
155 332
155 343
155 345
156 154
156 163
156 164
156 167
156 168
156 174
156 179
156 196
156 201
156 211
156 221
156 223
156 232
156 236
156 237
156 250
156 283
156 286
156 303
156 323
156 328
156 332
156 343
156 345
157 154
157 163
157 164
157 167
157 168
157 174
157 179
157 196
157 201
157 211
157 221
157 223
157 232
157 236
157 237
157 250
157 260
157 283
157 286
157 303
157 323
157 328
157 332
157 343
157 345
158 154
158 163
158 164
158 167
158 168
158 174
158 179
158 196
158 201
158 211
158 221
158 223
158 232
158 236
158 237
158 250
158 260
158 283
158 286
158 303
158 323
158 328
158 332
158 343
158 345
159 154
159 163
159 164
159 167
159 168
159 174
159 179
159 196
159 201
159 211
159 221
159 223
159 232
159 236
159 237
159 250
159 260
159 283
159 286
159 303
159 323
159 328
159 332
159 343
159 345
160 163
160 167
160 168
160 174
160 179
160 196
160 201
160 211
160 221
160 223
160 232
160 236
160 250
160 254
160 260
160 286
160 328
160 332
160 343
160 345
161 163
161 167
161 168
161 174
161 183
161 196
161 201
161 211
161 221
161 223
161 224
161 229
161 232
161 236
161 250
161 254
161 260
161 286
161 328
161 332
161 343
161 345
162 167
162 174
162 183
162 196
162 201
162 211
162 221
162 223
162 224
162 229
162 232
162 254
162 265
162 271
162 286
162 328
162 332
162 343
163 167
163 174
163 183
163 196
163 201
163 211
163 221
163 223
163 224
163 229
163 232
163 254
163 265
163 271
163 286
163 328
163 332
163 343
164 167
164 174
164 183
164 187
164 196
164 201
164 211
164 221
164 223
164 224
164 229
164 232
164 254
164 265
164 271
164 286
164 328
164 332
164 343
165 167
165 174
165 183
165 187
165 196
165 201
165 211
165 221
165 223
165 224
165 229
165 232
165 254
165 265
165 268
165 271
165 286
165 328
165 332
165 343
166 167
166 174
166 183
166 187
166 196
166 201
166 211
166 221
166 223
166 224
166 229
166 232
166 254
166 265
166 268
166 271
166 286
166 328
166 332
166 343
167 167
167 174
167 183
167 187
167 196
167 201
167 211
167 221
167 223
167 224
167 229
167 232
167 254
167 265
167 268
167 271
167 286
167 328
167 332
167 343
168 167
168 174
168 183
168 187
168 196
168 201
168 211
168 221
168 223
168 224
168 229
168 232
168 254
168 265
168 268
168 271
168 286
168 328
168 332
168 343
169 167
169 174
169 187
169 196
169 201
169 211
169 221
169 223
169 224
169 229
169 232
169 254
169 257
169 268
169 271
169 327
169 328
169 331
169 332
169 343
170 167
170 174
170 187
170 196
170 201
170 211
170 221
170 223
170 224
170 229
170 232
170 254
170 257
170 268
170 271
170 327
170 328
170 331
170 332
170 343
171 167
171 174
171 187
171 196
171 201
171 211
171 221
171 223
171 224
171 229
171 232
171 254
171 257
171 268
171 271
171 327
171 328
171 331
171 332
171 343
172 167
172 174
172 187
172 190
172 196
172 201
172 211
172 221
172 223
172 224
172 225
172 229
172 232
172 254
172 257
172 268
172 271
172 327
172 328
172 331
172 332
172 343
173 174
173 187
173 190
173 196
173 201
173 211
173 221
173 223
173 224
173 225
173 229
173 232
173 254
173 257
173 268
173 271
173 327
173 328
173 331
173 332
173 343
174 174
174 180
174 187
174 190
174 196
174 201
174 211
174 221
174 223
174 224
174 229
174 232
174 238
174 257
174 268
174 271
174 315
174 327
174 328
174 331
174 332
174 343
175 174
175 180
175 187
175 190
175 196
175 201
175 211
175 221
175 223
175 224
175 229
175 232
175 238
175 257
175 268
175 271
175 315
175 327
175 328
175 331
175 332
175 343
176 174
176 180
176 187
176 190
176 201
176 211
176 223
176 224
176 229
176 232
176 238
176 257
176 315
176 327
176 328
176 331
176 332
176 343
177 174
177 180
177 187
177 190
177 201
177 211
177 223
177 224
177 229
177 232
177 238
177 248
177 276
177 314
177 315
177 327
177 332
177 343
178 174
178 180
178 187
178 190
178 201
178 211
178 223
178 224
178 229
178 232
178 238
178 248
178 276
178 314
178 315
178 327
178 332
178 343
179 174
179 180
179 187
179 190
179 201
179 211
179 223
179 224
179 229
179 232
179 238
179 248
179 276
179 314
179 315
179 327
179 332
179 340
179 343
180 174
180 180
180 187
180 190
180 201
180 211
180 223
180 224
180 229
180 232
180 238
180 248
180 276
180 314
180 315
180 327
180 332
180 334
180 340
180 343
181 174
181 187
181 190
181 201
181 211
181 223
181 229
181 232
181 238
181 248
181 276
181 314
181 315
181 327
181 332
181 334
181 340
181 343
182 174
182 187
182 190
182 201
182 211
182 223
182 229
182 232
182 238
182 248
182 276
182 314
182 315
182 327
182 332
182 334
182 340
182 343
183 174
183 187
183 190
183 201
183 211
183 223
183 229
183 232
183 238
183 248
183 276
183 314
183 315
183 327
183 332
183 334
183 340
183 343
184 174
184 187
184 190
184 201
184 211
184 223
184 229
184 232
184 238
184 248
184 276
184 314
184 315
184 327
184 332
184 334
184 340
185 174
185 187
185 190
185 201
185 211
185 220
185 229
185 232
185 238
185 248
185 276
185 304
185 314
185 315
185 319
185 327
185 332
185 334
185 340
186 174
186 187
186 190
186 201
186 211
186 220
186 229
186 232
186 238
186 248
186 276
186 304
186 314
186 315
186 319
186 327
186 332
186 334
186 340
187 174
187 187
187 190
187 201
187 211
187 220
187 229
187 232
187 238
187 248
187 276
187 304
187 314
187 315
187 319
187 327
187 332
187 334
187 340
187 344
188 174
188 187
188 190
188 201
188 211
188 220
188 229
188 232
188 238
188 248
188 276
188 304
188 314
188 315
188 319
188 327
188 332
188 334
188 340
188 344
189 174
189 187
189 190
189 201
189 211
189 220
189 229
189 232
189 238
189 248
189 276
189 304
189 314
189 315
189 319
189 327
189 332
189 334
189 340
189 344
190 174
190 187
190 190
190 201
190 211
190 220
190 229
190 232
190 238
190 248
190 276
190 304
190 314
190 315
190 327
190 332
190 334
190 340
190 344
191 174
191 187
191 190
191 201
191 211
191 220
191 229
191 232
191 238
191 248
191 276
191 304
191 314
191 315
191 327
191 332
191 334
191 340
191 344
192 174
192 187
192 190
192 201
192 211
192 220
192 229
192 232
192 238
192 248
192 276
192 304
192 314
192 315
192 327
192 332
192 334
192 340
192 344
193 187
193 190
193 201
193 211
193 220
193 229
193 232
193 238
193 248
193 252
193 270
193 274
193 276
193 289
193 290
193 300
193 304
193 315
193 327
193 332
193 340
193 344
194 187
194 190
194 201
194 211
194 220
194 232
194 238
194 248
194 252
194 270
194 274
194 276
194 289
194 290
194 300
194 304
194 315
194 327
194 332
194 340
194 344
195 187
195 190
195 201
195 211
195 220
195 238
195 248
195 252
195 270
195 274
195 276
195 289
195 290
195 300
195 304
195 315
195 327
195 332
195 340
195 344
196 187
196 190
196 201
196 211
196 220
196 238
196 248
196 252
196 270
196 274
196 276
196 290
196 300
196 304
196 315
196 327
196 332
196 340
196 344
197 187
197 190
197 201
197 211
197 220
197 238
197 248
197 252
197 274
197 276
197 290
197 300
197 304
197 315
197 327
197 332
197 340
197 344
198 187
198 190
198 201
198 211
198 220
198 238
198 248
198 252
198 274
198 276
198 290
198 300
198 304
198 315
198 327
198 332
198 340
198 344
199 187
199 190
199 201
199 211
199 220
199 238
199 248
199 251
199 261
199 274
199 290
199 300
199 304
199 315
199 321
199 327
199 332
199 340
199 344
200 187
200 201
200 211
200 220
200 238
200 248
200 251
200 261
200 274
200 290
200 300
200 304
200 315
200 321
200 327
200 332
200 340
200 344
201 187
201 201
201 211
201 220
201 238
201 248
201 251
201 261
201 274
201 290
201 300
201 304
201 315
201 321
201 327
201 332
201 340
201 344
202 187
202 201
202 211
202 220
202 238
202 248
202 251
202 261
202 274
202 290
202 300
202 304
202 315
202 321
202 327
202 332
202 340
202 344
203 187
203 201
203 211
203 238
203 248
203 251
203 261
203 272
203 274
203 284
203 290
203 300
203 304
203 311
203 315
203 321
203 327
203 332
203 344
204 187
204 201
204 211
204 238
204 248
204 251
204 261
204 272
204 274
204 284
204 290
204 300
204 304
204 311
204 315
204 321
204 327
204 332
204 344
205 187
205 201
205 211
205 238
205 248
205 251
205 261
205 272
205 274
205 284
205 290
205 300
205 304
205 311
205 315
205 321
205 332
205 344
206 187
206 201
206 211
206 238
206 248
206 251
206 261
206 272
206 274
206 284
206 290
206 300
206 304
206 308
206 311
206 315
206 321
206 332
206 335
206 344
207 187
207 201
207 211
207 238
207 248
207 251
207 261
207 272
207 274
207 284
207 290
207 300
207 304
207 308
207 311
207 315
207 321
207 332
207 335
207 344
208 187
208 201
208 211
208 238
208 248
208 251
208 261
208 272
208 274
208 284
208 290
208 300
208 304
208 308
208 311
208 315
208 321
208 332
208 335
208 344
209 187
209 201
209 211
209 238
209 248
209 251
209 261
209 272
209 274
209 284
209 290
209 300
209 304
209 308
209 311
209 315
209 321
209 332
209 335
209 344
210 187
210 201
210 211
210 228
210 238
210 248
210 251
210 261
210 272
210 274
210 284
210 290
210 300
210 304
210 308
210 311
210 315
210 321
210 332
210 335
210 344
211 201
211 211
211 228
211 238
211 248
211 251
211 261
211 272
211 274
211 284
211 290
211 300
211 304
211 308
211 311
211 315
211 321
211 332
211 335
211 344
212 201
212 211
212 228
212 238
212 248
212 251
212 261
212 274
212 284
212 290
212 293
212 300
212 304
212 308
212 311
212 315
212 321
212 332
212 335
212 344
213 201
213 211
213 228
213 238
213 248
213 251
213 261
213 274
213 284
213 290
213 293
213 300
213 304
213 308
213 311
213 315
213 321
213 332
213 335
213 344
214 201
214 211
214 228
214 233
214 238
214 248
214 251
214 261
214 274
214 284
214 290
214 293
214 300
214 304
214 308
214 311
214 321
214 332
214 335
214 344
215 201
215 211
215 228
215 233
215 238
215 248
215 251
215 261
215 274
215 284
215 290
215 293
215 300
215 304
215 308
215 311
215 321
215 332
215 335
215 344
216 201
216 211
216 228
216 233
216 234
216 238
216 248
216 251
216 261
216 274
216 284
216 290
216 293
216 300
216 304
216 308
216 311
216 321
216 332
216 335
216 344
217 201
217 211
217 228
217 233
217 238
217 248
217 251
217 261
217 274
217 284
217 290
217 293
217 300
217 304
217 308
217 311
217 321
217 332
217 335
217 344
218 201
218 211
218 228
218 233
218 238
218 248
218 251
218 261
218 274
218 284
218 290
218 293
218 300
218 304
218 308
218 311
218 321
218 332
218 335
218 344
219 201
219 211
219 228
219 233
219 238
219 248
219 251
219 261
219 274
219 290
219 293
219 300
219 304
219 308
219 311
219 321
219 332
219 335
219 344
220 201
220 211
220 228
220 233
220 238
220 248
220 251
220 261
220 274
220 290
220 293
220 300
220 304
220 308
220 311
220 321
220 332
220 335
220 344
221 201
221 211
221 228
221 233
221 238
221 248
221 251
221 261
221 274
221 290
221 293
221 300
221 304
221 308
221 311
221 321
221 332
221 335
221 344
222 211
222 228
222 233
222 238
222 248
222 251
222 261
222 274
222 285
222 287
222 290
222 293
222 300
222 304
222 308
222 311
222 321
222 332
222 335
222 344
223 211
223 228
223 233
223 238
223 248
223 251
223 261
223 274
223 285
223 287
223 290
223 293
223 300
223 308
223 311
223 321
223 332
223 335
223 344
224 233
224 248
224 251
224 261
224 274
224 285
224 290
224 293
224 308
224 311
224 312
224 320
224 321
224 344
225 233
225 251
225 261
225 274
225 285
225 290
225 293
225 308
225 311
225 312
225 320
225 321
225 344
226 233
226 251
226 261
226 267
226 274
226 285
226 290
226 293
226 308
226 311
226 312
226 320
226 321
226 344
227 251
227 261
227 274
227 282
227 285
227 290
227 292
227 293
227 308
227 311
227 312
227 320
227 321
227 344
228 251
228 261
228 274
228 282
228 285
228 290
228 292
228 293
228 308
228 311
228 312
228 320
228 321
228 344
229 251
229 261
229 274
229 282
229 285
229 290
229 292
229 293
229 311
229 312
229 320
229 321
229 344
230 251
230 261
230 274
230 282
230 285
230 290
230 292
230 293
230 311
230 312
230 320
230 321
230 344
231 251
231 261
231 274
231 282
231 285
231 290
231 292
231 293
231 311
231 312
231 320
231 321
231 344
232 245
232 251
232 261
232 274
232 282
232 285
232 290
232 293
232 305
232 311
232 312
232 320
232 321
232 344
233 245
233 251
233 261
233 274
233 282
233 285
233 290
233 293
233 305
233 311
233 312
233 320
233 321
233 344
234 245
234 251
234 261
234 274
234 282
234 285
234 290
234 293
234 305
234 311
234 312
234 320
234 321
234 344
235 245
235 251
235 261
235 274
235 282
235 285
235 290
235 293
235 305
235 311
235 312
235 320
235 321
235 344
236 245
236 251
236 261
236 274
236 282
236 285
236 290
236 293
236 305
236 311
236 312
236 320
236 321
236 344
237 245
237 251
237 261
237 274
237 282
237 285
237 290
237 293
237 305
237 311
237 312
237 320
237 321
237 344
238 245
238 251
238 261
238 274
238 282
238 285
238 290
238 293
238 305
238 311
238 312
238 320
238 321
238 344
239 245
239 251
239 261
239 274
239 282
239 285
239 290
239 293
239 311
239 312
239 320
239 321
239 344
240 245
240 251
240 261
240 274
240 282
240 285
240 290
240 293
240 311
240 312
240 320
240 321
240 344
241 245
241 251
241 261
241 273
241 274
241 282
241 285
241 290
241 293
241 311
241 312
241 320
241 321
241 344
242 245
242 251
242 261
242 273
242 274
242 282
242 285
242 290
242 293
242 311
242 312
242 320
242 321
242 344
243 245
243 251
243 261
243 273
243 274
243 282
243 285
243 290
243 293
243 311
243 312
243 320
243 321
243 344
244 245
244 251
244 261
244 273
244 274
244 282
244 285
244 290
244 293
244 311
244 320
244 321
244 336
244 344
245 245
245 251
245 256
245 264
245 273
245 274
245 282
245 290
245 293
245 311
245 320
245 321
245 336
246 245
246 251
246 256
246 264
246 273
246 282
246 290
246 293
246 311
246 321
246 336
247 245
247 251
247 256
247 264
247 273
247 282
247 290
247 293
247 311
247 321
247 336
248 245
248 251
248 256
248 264
248 273
248 282
248 290
248 293
248 311
248 321
248 336
249 245
249 251
249 256
249 264
249 273
249 282
249 290
249 293
249 311
249 321
249 339
250 245
250 251
250 256
250 264
250 273
250 282
250 290
250 293
250 311
250 321
250 339
251 245
251 251
251 256
251 264
251 273
251 282
251 290
251 293
251 296
251 311
251 321
251 339
252 251
252 256
252 264
252 273
252 282
252 290
252 291
252 293
252 296
252 321
252 339
253 251
253 256
253 262
253 264
253 273
253 282
253 290
253 293
253 341
254 251
254 256
254 262
254 264
254 273
254 282
254 290
254 293
254 341
255 251
255 256
255 262
255 264
255 273
255 282
255 290
255 293
255 294
255 341
256 251
256 256
256 262
256 264
256 273
256 282
256 290
256 294
256 313
256 341
257 251
257 256
257 262
257 264
257 273
257 282
257 313
257 337
257 341
257 347
258 251
258 262
258 264
258 273
258 282
258 313
258 337
258 341
258 347
259 251
259 262
259 264
259 273
259 282
259 313
259 337
259 341
259 347
260 251
260 262
260 264
260 273
260 282
260 313
260 337
260 341
260 347
261 251
261 262
261 264
261 273
261 282
261 313
261 337
261 341
261 347
262 251
262 262
262 264
262 273
262 282
262 313
262 337
262 341
262 347
263 251
263 262
263 264
263 273
263 282
263 313
263 337
263 341
263 347
264 251
264 262
264 264
264 273
264 282
264 313
264 337
264 341
264 347
265 251
265 262
265 264
265 273
265 282
265 313
265 337
265 341
265 347
266 251
266 262
266 264
266 273
266 282
266 313
266 337
266 341
266 347
267 251
267 262
267 264
267 273
267 282
267 337
267 341
267 347
268 251
268 262
268 264
268 273
268 282
268 337
268 341
268 347
269 251
269 264
269 273
269 282
269 316
269 317
269 337
269 341
269 347
270 251
270 264
270 273
270 282
270 316
270 317
270 337
270 341
270 347
271 251
271 264
271 273
271 282
271 316
271 317
271 337
271 341
271 347
272 251
272 264
272 273
272 282
272 316
272 317
272 337
272 341
272 347
273 251
273 264
273 273
273 282
273 316
273 317
273 330
273 337
273 341
273 347
274 251
274 264
274 273
274 282
274 295
274 316
274 317
274 330
274 337
274 341
274 347
275 251
275 264
275 273
275 282
275 295
275 316
275 317
275 330
275 337
275 341
275 347
276 251
276 264
276 273
276 282
276 295
276 316
276 317
276 330
276 337
276 341
276 347
277 251
277 264
277 273
277 282
277 295
277 297
277 316
277 317
277 330
277 337
277 341
277 347
278 251
278 264
278 273
278 282
278 295
278 297
278 316
278 317
278 330
278 337
278 341
278 347
279 251
279 264
279 273
279 282
279 295
279 297
279 316
279 317
279 330
279 337
279 341
279 347
280 251
280 264
280 273
280 282
280 295
280 297
280 316
280 317
280 330
280 337
280 341
280 347
281 251
281 264
281 273
281 282
281 295
281 297
281 316
281 317
281 330
281 337
281 341
281 347
282 251
282 264
282 273
282 282
282 295
282 297
282 316
282 317
282 330
282 337
282 341
282 347
283 251
283 264
283 273
283 282
283 295
283 297
283 316
283 317
283 330
283 337
283 341
283 347
283 348
284 251
284 264
284 273
284 282
284 295
284 297
284 316
284 317
284 330
284 337
284 341
284 347
284 348
285 251
285 264
285 273
285 282
285 295
285 297
285 316
285 317
285 330
285 337
285 341
285 347
285 348
286 251
286 273
286 282
286 295
286 297
286 316
286 330
286 337
286 341
286 347
286 348
287 251
287 273
287 282
287 295
287 330
287 337
287 341
287 347
287 348
288 251
288 273
288 282
288 295
288 330
288 337
288 341
288 347
288 348
289 251
289 282
289 295
289 324
289 330
289 337
289 341
289 347
289 348
290 251
290 282
290 295
290 324
290 330
290 337
290 341
290 347
290 348
291 251
291 282
291 295
291 324
291 330
291 337
291 341
291 347
291 348
292 251
292 282
292 295
292 324
292 330
292 337
292 341
292 347
292 348
293 251
293 282
293 295
293 324
293 330
293 337
293 341
293 348
294 251
294 282
294 295
294 324
294 330
294 337
294 341
294 348
295 251
295 282
295 295
295 324
295 330
295 337
295 341
295 348
296 251
296 282
296 295
296 324
296 330
296 337
296 341
296 348
297 251
297 282
297 295
297 324
297 330
297 337
297 341
297 348
298 251
298 295
298 324
298 326
298 330
298 337
298 348
299 251
299 295
299 324
299 326
299 330
299 337
299 348
300 324
300 326
300 330
300 337
300 348
300 349
301 324
301 326
301 330
301 337
301 348
301 349
302 324
302 326
302 330
302 337
302 348
302 349
303 324
303 326
303 330
303 337
303 348
303 349
304 324
304 326
304 330
304 337
304 348
304 349
305 324
305 326
305 330
305 337
305 348
305 349
306 324
306 326
306 330
306 337
306 348
306 349
307 324
307 326
307 330
307 337
307 348
307 349
308 324
308 326
308 330
308 337
308 348
308 349
309 324
309 326
309 330
309 337
309 348
309 349
310 324
310 326
310 330
310 337
310 348
310 349
311 324
311 326
311 330
311 337
311 348
311 349
312 324
312 326
312 337
312 348
312 349
313 324
313 326
313 337
313 348
313 349
314 324
314 326
314 337
314 348
314 349
315 324
315 326
315 337
315 348
315 349
316 326
316 337
316 348
316 349
317 326
317 337
317 348
317 349
318 326
318 337
318 349
319 326
319 337
319 349
320 326
320 329
320 337
320 338
320 349
321 326
321 329
321 337
321 338
321 349
322 326
322 329
322 337
322 338
322 349
323 326
323 329
323 337
323 338
324 326
324 329
324 337
324 338
325 326
325 329
325 337
325 338
326 326
326 329
326 337
326 338
327 326
327 329
327 337
327 338
328 326
328 329
328 337
328 338
329 326
329 329
329 337
329 338
330 326
330 329
330 338
331 326
331 329
331 338
332 326
332 329
332 338
333 326
333 329
333 338
334 326
334 329
334 338
335 326
335 329
335 338
336 326
336 338
337 326
337 338
338 326
338 338
339 326
339 338
340 326
340 338
341 326
342 326
343 326
344 326
345 326
346 326
347 326
348 326
349 326
