0 9
0 15
0 17
0 47
0 97
0 100
0 114
0 129
0 227
1 15
1 47
1 97
1 100
1 114
1 129
1 227
2 15
2 47
2 97
2 100
2 114
2 129
2 227
3 14
3 15
3 61
3 97
3 100
3 129
3 137
3 227
4 8
4 12
4 16
4 35
4 55
4 65
4 97
4 107
4 124
4 129
4 137
4 147
4 166
4 168
4 227
4 290
4 304
5 6
5 16
5 35
5 55
5 65
5 97
5 107
5 124
5 129
5 137
5 147
5 166
5 168
5 227
5 290
5 304
6 19
6 26
6 29
6 31
6 34
6 35
6 55
6 62
6 65
6 97
6 107
6 124
6 129
6 137
6 147
6 166
6 168
6 174
6 227
6 290
6 304
7 19
7 26
7 29
7 31
7 34
7 35
7 55
7 62
7 65
7 97
7 107
7 124
7 129
7 137
7 147
7 166
7 168
7 174
7 227
7 290
7 304
8 19
8 29
8 31
8 32
8 34
8 55
8 62
8 65
8 97
8 124
8 137
8 147
8 166
8 168
8 174
8 227
8 262
8 286
8 290
8 304
9 28
9 29
9 31
9 32
9 34
9 55
9 62
9 65
9 97
9 124
9 137
9 147
9 166
9 168
9 174
9 205
9 227
9 262
9 286
9 290
9 304
10 21
10 28
10 29
10 31
10 34
10 39
10 55
10 62
10 65
10 97
10 124
10 137
10 147
10 162
10 166
10 168
10 174
10 205
10 221
10 227
10 262
10 282
10 286
10 290
10 304
11 21
11 28
11 29
11 31
11 34
11 39
11 55
11 62
11 65
11 97
11 124
11 137
11 147
11 162
11 166
11 168
11 174
11 195
11 205
11 221
11 227
11 262
11 282
11 286
11 290
11 304
12 22
12 25
12 29
12 31
12 39
12 42
12 55
12 58
12 62
12 65
12 97
12 137
12 144
12 147
12 162
12 166
12 168
12 174
12 179
12 195
12 221
12 227
12 262
12 282
12 290
12 304
13 22
13 29
13 31
13 39
13 42
13 55
13 58
13 62
13 65
13 97
13 112
13 137
13 144
13 147
13 162
13 166
13 168
13 174
13 179
13 195
13 221
13 244
13 262
13 282
13 290
13 304
14 24
14 29
14 36
14 63
14 65
14 76
14 97
14 112
14 133
14 137
14 144
14 147
14 155
14 166
14 168
14 179
14 195
14 221
14 244
14 262
14 282
14 290
14 309
15 24
15 29
15 36
15 65
15 76
15 97
15 112
15 133
15 137
15 144
15 155
15 166
15 168
15 179
15 195
15 221
15 244
15 262
15 282
15 290
15 309
16 24
16 65
16 76
16 97
16 112
16 131
16 133
16 137
16 144
16 155
16 166
16 168
16 179
16 221
16 244
16 262
16 282
16 290
16 309
17 18
17 65
17 76
17 86
17 97
17 111
17 131
17 133
17 137
17 144
17 155
17 166
17 168
17 179
17 221
17 231
17 242
17 244
17 262
17 282
17 290
17 309
18 20
18 65
18 76
18 86
18 97
18 111
18 131
18 133
18 137
18 144
18 155
18 156
18 166
18 168
18 179
18 221
18 231
18 244
18 262
18 282
18 309
19 56
19 65
19 68
19 69
19 86
19 97
19 99
19 111
19 131
19 133
19 137
19 144
19 155
19 156
19 166
19 168
19 221
19 244
19 262
19 282
20 56
20 65
20 68
20 69
20 86
20 97
20 99
20 111
20 131
20 133
20 137
20 144
20 155
20 156
20 166
20 168
20 221
20 244
20 262
20 282
21 46
21 56
21 68
21 69
21 86
21 97
21 98
21 99
21 111
21 131
21 133
21 137
21 144
21 155
21 156
21 166
21 221
21 244
21 262
21 282
21 339
22 46
22 56
22 68
22 69
22 86
22 97
22 98
22 99
22 111
22 131
22 133
22 137
22 144
22 155
22 156
22 166
22 221
22 244
22 262
22 282
22 339
23 46
23 51
23 56
23 68
23 75
23 77
23 86
23 97
23 118
23 131
23 137
23 144
23 155
23 156
23 166
23 201
23 244
23 249
23 262
23 282
23 287
23 292
23 339
24 37
24 46
24 51
24 56
24 68
24 73
24 75
24 77
24 86
24 97
24 131
24 137
24 144
24 155
24 156
24 166
24 198
24 201
24 244
24 249
24 262
24 282
24 287
24 292
24 339
25 37
25 51
25 56
25 73
25 86
25 97
25 131
25 137
25 144
25 155
25 156
25 198
25 201
25 217
25 244
25 249
25 262
25 282
25 287
25 292
25 298
25 339
25 343
26 37
26 41
26 48
26 51
26 56
26 73
26 86
26 131
26 137
26 144
26 155
26 156
26 198
26 201
26 217
26 220
26 244
26 262
26 282
26 287
26 292
26 298
26 339
26 343
27 37
27 41
27 48
27 51
27 56
27 70
27 74
27 86
27 137
27 144
27 150
27 156
27 198
27 201
27 217
27 220
27 244
27 262
27 282
27 287
27 292
27 298
27 339
27 343
28 41
28 48
28 51
28 53
28 56
28 66
28 70
28 74
28 92
28 144
28 150
28 156
28 169
28 198
28 208
28 217
28 220
28 244
28 262
28 282
28 287
28 292
28 298
28 339
28 343
29 41
29 48
29 51
29 53
29 56
29 66
29 70
29 74
29 92
29 136
29 144
29 150
29 156
29 169
29 198
29 208
29 217
29 220
29 230
29 244
29 262
29 282
29 287
29 292
29 298
29 339
29 343
30 40
30 41
30 48
30 51
30 53
30 56
30 64
30 66
30 70
30 74
30 92
30 106
30 136
30 144
30 156
30 169
30 198
30 208
30 217
30 220
30 230
30 244
30 262
30 282
30 287
30 292
30 298
30 339
30 343
31 40
31 41
31 48
31 51
31 53
31 56
31 64
31 66
31 70
31 74
31 92
31 106
31 136
31 144
31 156
31 169
31 198
31 208
31 217
31 220
31 230
31 244
31 262
31 282
31 287
31 292
31 298
31 339
31 343
32 41
32 48
32 51
32 53
32 70
32 74
32 82
32 92
32 106
32 136
32 144
32 156
32 169
32 198
32 208
32 217
32 220
32 244
32 262
32 282
32 287
32 292
32 298
32 339
32 343
33 38
33 51
33 53
33 70
33 74
33 82
33 92
33 106
33 136
33 144
33 156
33 169
33 198
33 208
33 217
33 220
33 244
33 262
33 282
33 287
33 292
33 298
33 339
33 343
34 43
34 51
34 53
34 70
34 74
34 82
34 92
34 106
34 136
34 144
34 156
34 169
34 198
34 208
34 217
34 220
34 244
34 262
34 282
34 287
34 298
34 339
34 343
35 43
35 51
35 53
35 70
35 74
35 82
35 92
35 106
35 136
35 144
35 156
35 169
35 198
35 208
35 217
35 220
35 244
35 262
35 282
35 287
35 298
35 339
35 343
36 43
36 51
36 53
36 70
36 74
36 82
36 92
36 106
36 136
36 144
36 156
36 169
36 198
36 208
36 217
36 220
36 244
36 262
36 282
36 287
36 298
36 339
36 343
37 43
37 51
37 53
37 70
37 74
37 82
37 92
37 106
37 136
37 144
37 156
37 169
37 198
37 208
37 217
37 220
37 244
37 262
37 282
37 287
37 298
37 339
37 343
38 54
38 70
38 81
38 91
38 92
38 93
38 101
38 117
38 136
38 138
38 144
38 156
38 169
38 176
38 208
38 217
38 220
38 244
38 282
38 287
38 298
38 306
38 339
38 343
39 54
39 70
39 81
39 91
39 92
39 93
39 101
39 117
39 136
39 138
39 144
39 156
39 169
39 176
39 208
39 217
39 220
39 244
39 282
39 287
39 298
39 306
39 339
39 343
40 54
40 81
40 91
40 92
40 93
40 101
40 117
40 122
40 136
40 138
40 143
40 144
40 156
40 169
40 176
40 208
40 217
40 220
40 244
40 282
40 287
40 298
40 306
40 339
40 343
41 54
41 57
41 81
41 91
41 92
41 93
41 101
41 117
41 122
41 136
41 138
41 143
41 149
41 156
41 157
41 169
41 176
41 208
41 217
41 220
41 244
41 254
41 282
41 287
41 298
41 339
41 343
42 54
42 57
42 81
42 91
42 92
42 93
42 101
42 117
42 122
42 136
42 138
42 143
42 149
42 156
42 157
42 169
42 176
42 208
42 217
42 220
42 244
42 254
42 282
42 287
42 298
42 339
42 343
43 54
43 57
43 81
43 91
43 92
43 93
43 101
43 117
43 122
43 136
43 138
43 143
43 149
43 156
43 157
43 169
43 176
43 208
43 217
43 220
43 244
43 254
43 282
43 287
43 298
43 339
43 343
44 54
44 57
44 81
44 91
44 92
44 93
44 101
44 117
44 122
44 136
44 138
44 143
44 149
44 156
44 157
44 169
44 176
44 208
44 217
44 220
44 244
44 254
44 282
44 287
44 298
44 339
44 343
45 57
45 60
45 91
45 92
45 93
45 101
45 122
45 128
45 136
45 138
45 143
45 149
45 156
45 157
45 169
45 176
45 208
45 217
45 220
45 244
45 254
45 298
45 339
45 343
46 49
46 57
46 60
46 91
46 92
46 101
46 122
46 128
46 136
46 138
46 143
46 149
46 156
46 157
46 169
46 176
46 208
46 212
46 217
46 220
46 244
46 254
46 298
46 339
46 343
47 57
47 60
47 78
47 92
47 101
47 122
47 128
47 136
47 138
47 143
47 149
47 156
47 157
47 169
47 176
47 208
47 212
47 217
47 220
47 244
47 254
47 298
47 343
48 52
48 78
48 92
48 101
48 122
48 128
48 136
48 138
48 143
48 149
48 156
48 157
48 169
48 175
48 176
48 208
48 212
48 217
48 220
48 244
48 254
48 298
48 343
49 78
49 83
49 92
49 101
49 122
49 128
49 136
49 138
49 143
49 149
49 156
49 157
49 169
49 175
49 176
49 182
49 208
49 212
49 217
49 220
49 241
49 244
49 253
49 254
49 259
49 298
50 78
50 83
50 92
50 101
50 122
50 128
50 136
50 138
50 143
50 149
50 156
50 157
50 169
50 175
50 176
50 182
50 208
50 212
50 217
50 220
50 241
50 244
50 253
50 254
50 259
50 298
51 78
51 83
51 92
51 101
51 122
51 128
51 136
51 138
51 143
51 149
51 156
51 157
51 169
51 175
51 176
51 182
51 208
51 212
51 217
51 220
51 241
51 244
51 253
51 254
51 259
51 298
52 71
52 78
52 83
52 101
52 122
52 128
52 136
52 143
52 149
52 156
52 157
52 169
52 176
52 182
52 208
52 212
52 217
52 220
52 241
52 244
52 253
52 254
52 259
52 298
53 71
53 78
53 83
53 101
53 122
53 128
53 136
53 143
53 149
53 156
53 157
53 169
53 176
53 182
53 208
53 212
53 217
53 220
53 241
53 244
53 253
53 254
53 259
53 285
53 298
54 71
54 78
54 83
54 101
54 122
54 128
54 136
54 143
54 149
54 156
54 157
54 169
54 176
54 182
54 208
54 212
54 217
54 220
54 241
54 244
54 253
54 254
54 259
54 285
54 298
55 71
55 78
55 83
55 101
55 122
55 128
55 136
55 143
55 149
55 156
55 157
55 169
55 176
55 182
55 208
55 212
55 217
55 220
55 241
55 244
55 253
55 254
55 259
55 285
55 298
56 71
56 78
56 83
56 101
56 122
56 128
56 136
56 143
56 149
56 156
56 157
56 169
56 176
56 182
56 202
56 208
56 212
56 217
56 220
56 241
56 244
56 250
56 253
56 254
56 259
56 285
56 298
57 71
57 78
57 83
57 101
57 122
57 128
57 136
57 143
57 149
57 156
57 157
57 169
57 176
57 182
57 202
57 208
57 212
57 217
57 220
57 241
57 244
57 250
57 253
57 254
57 259
57 285
57 298
58 71
58 78
58 83
58 101
58 122
58 128
58 136
58 143
58 149
58 156
58 157
58 169
58 176
58 182
58 202
58 208
58 212
58 217
58 220
58 241
58 244
58 250
58 253
58 254
58 259
58 285
58 298
59 71
59 78
59 83
59 101
59 122
59 128
59 136
59 143
59 149
59 156
59 157
59 169
59 176
59 182
59 202
59 208
59 209
59 212
59 217
59 219
59 220
59 241
59 244
59 250
59 253
59 254
59 259
59 285
59 298
60 67
60 71
60 78
60 80
60 83
60 85
60 128
60 136
60 143
60 149
60 154
60 157
60 169
60 182
60 202
60 208
60 209
60 212
60 217
60 219
60 220
60 241
60 244
60 250
60 253
60 254
60 259
60 285
60 298
61 71
61 72
61 78
61 80
61 83
61 85
61 94
61 128
61 136
61 143
61 149
61 154
61 157
61 169
61 182
61 186
61 202
61 208
61 209
61 212
61 217
61 219
61 220
61 236
61 241
61 244
61 250
61 253
61 254
61 259
61 285
61 298
61 340
62 71
62 72
62 78
62 80
62 84
62 85
62 94
62 128
62 136
62 143
62 149
62 154
62 157
62 169
62 182
62 186
62 202
62 208
62 209
62 217
62 219
62 220
62 236
62 241
62 244
62 250
62 253
62 254
62 259
62 285
62 298
62 340
63 72
63 78
63 80
63 84
63 85
63 94
63 128
63 136
63 146
63 149
63 157
63 169
63 182
63 186
63 202
63 208
63 209
63 217
63 219
63 220
63 241
63 244
63 250
63 253
63 254
63 259
63 285
63 298
63 340
64 72
64 78
64 80
64 84
64 85
64 94
64 128
64 136
64 146
64 149
64 157
64 169
64 182
64 186
64 202
64 208
64 209
64 217
64 219
64 220
64 241
64 244
64 250
64 253
64 254
64 259
64 285
64 298
64 340
65 72
65 78
65 80
65 84
65 85
65 94
65 128
65 136
65 146
65 149
65 157
65 169
65 182
65 186
65 202
65 208
65 209
65 217
65 219
65 220
65 241
65 244
65 250
65 253
65 254
65 259
65 260
65 285
65 298
65 338
65 340
66 72
66 78
66 80
66 84
66 85
66 94
66 119
66 128
66 136
66 146
66 149
66 157
66 169
66 172
66 182
66 186
66 202
66 208
66 209
66 217
66 219
66 220
66 241
66 244
66 250
66 253
66 254
66 259
66 260
66 285
66 298
66 338
66 340
67 78
67 80
67 84
67 85
67 94
67 96
67 105
67 119
67 146
67 149
67 157
67 169
67 172
67 182
67 186
67 202
67 208
67 209
67 217
67 219
67 220
67 241
67 250
67 253
67 254
67 259
67 260
67 338
67 340
68 78
68 80
68 85
68 94
68 96
68 105
68 119
68 140
68 146
68 149
68 157
68 169
68 172
68 182
68 186
68 202
68 208
68 209
68 217
68 219
68 220
68 241
68 250
68 254
68 259
68 260
68 334
68 338
68 340
69 78
69 80
69 85
69 94
69 96
69 105
69 119
69 140
69 146
69 149
69 157
69 169
69 172
69 182
69 186
69 202
69 208
69 209
69 213
69 217
69 219
69 220
69 241
69 250
69 254
69 259
69 260
69 334
69 338
69 340
70 78
70 80
70 85
70 89
70 94
70 96
70 105
70 110
70 119
70 140
70 145
70 146
70 149
70 159
70 169
70 172
70 182
70 186
70 202
70 208
70 209
70 213
70 219
70 241
70 250
70 254
70 259
70 334
70 338
70 340
70 349
71 78
71 80
71 85
71 89
71 94
71 96
71 105
71 110
71 119
71 140
71 145
71 146
71 149
71 159
71 169
71 172
71 182
71 186
71 202
71 208
71 209
71 213
71 219
71 241
71 250
71 254
71 259
71 334
71 338
71 340
71 349
72 78
72 80
72 85
72 89
72 94
72 96
72 105
72 110
72 119
72 145
72 146
72 149
72 159
72 169
72 172
72 182
72 186
72 202
72 208
72 209
72 213
72 241
72 250
72 254
72 259
72 334
72 338
72 340
72 349
73 78
73 85
73 89
73 94
73 96
73 105
73 110
73 115
73 119
73 145
73 146
73 149
73 159
73 169
73 182
73 186
73 202
73 208
73 209
73 213
73 233
73 241
73 250
73 254
73 259
73 334
73 338
73 340
73 349
74 78
74 85
74 94
74 96
74 105
74 109
74 110
74 115
74 119
74 145
74 146
74 159
74 169
74 182
74 184
74 185
74 202
74 208
74 209
74 213
74 223
74 233
74 241
74 250
74 254
74 259
74 334
74 338
74 340
74 349
75 78
75 85
75 94
75 96
75 105
75 109
75 110
75 115
75 119
75 145
75 146
75 159
75 182
75 184
75 185
75 202
75 208
75 209
75 213
75 223
75 233
75 241
75 254
75 259
75 334
75 338
75 340
75 349
76 78
76 94
76 96
76 105
76 109
76 110
76 115
76 119
76 145
76 146
76 159
76 184
76 185
76 202
76 208
76 209
76 213
76 223
76 233
76 241
76 254
76 259
76 334
76 338
76 340
76 349
77 78
77 94
77 96
77 105
77 109
77 110
77 115
77 119
77 145
77 146
77 159
77 184
77 185
77 202
77 208
77 209
77 213
77 223
77 233
77 241
77 254
77 259
77 334
77 338
77 340
77 349
78 78
78 90
78 96
78 105
78 109
78 110
78 115
78 119
78 145
78 146
78 159
78 184
78 185
78 202
78 208
78 209
78 213
78 223
78 233
78 241
78 254
78 259
78 273
78 334
78 338
78 340
78 349
79 78
79 90
79 96
79 105
79 109
79 110
79 115
79 119
79 145
79 146
79 159
79 184
79 185
79 202
79 208
79 209
79 213
79 223
79 233
79 234
79 241
79 254
79 273
79 334
79 338
79 340
79 349
80 78
80 87
80 90
80 96
80 105
80 109
80 110
80 115
80 145
80 146
80 159
80 161
80 185
80 191
80 202
80 208
80 209
80 213
80 223
80 233
80 234
80 241
80 254
80 271
80 273
80 334
80 338
80 340
80 349
81 78
81 96
81 105
81 109
81 110
81 115
81 145
81 146
81 159
81 170
81 185
81 191
81 202
81 208
81 209
81 213
81 223
81 233
81 234
81 241
81 254
81 271
81 273
81 279
81 334
81 338
81 340
81 348
81 349
82 78
82 96
82 104
82 109
82 110
82 115
82 145
82 146
82 159
82 185
82 191
82 202
82 208
82 209
82 213
82 223
82 233
82 234
82 254
82 271
82 273
82 279
82 280
82 312
82 334
82 335
82 338
82 340
82 349
83 88
83 104
83 108
83 115
83 125
83 145
83 146
83 159
83 165
83 187
83 191
83 208
83 209
83 213
83 223
83 233
83 234
83 254
83 271
83 273
83 279
83 280
83 312
83 334
83 335
83 338
83 340
83 349
84 88
84 104
84 108
84 115
84 116
84 125
84 145
84 146
84 159
84 165
84 187
84 191
84 208
84 209
84 213
84 223
84 233
84 254
84 273
84 279
84 280
84 312
84 335
84 338
84 340
84 349
85 104
85 115
85 116
85 125
85 127
85 145
85 146
85 153
85 159
85 165
85 180
85 187
85 191
85 208
85 209
85 213
85 223
85 233
85 254
85 267
85 279
85 312
85 322
85 335
85 338
85 349
86 104
86 125
86 127
86 145
86 146
86 153
86 159
86 165
86 180
86 187
86 191
86 208
86 209
86 213
86 223
86 233
86 254
86 267
86 279
86 312
86 322
86 335
86 338
86 349
87 104
87 125
87 127
87 145
87 146
87 151
87 153
87 159
87 165
87 180
87 187
87 191
87 208
87 209
87 213
87 223
87 233
87 254
87 267
87 279
87 312
87 322
87 335
87 338
88 104
88 125
88 127
88 145
88 151
88 153
88 159
88 165
88 180
88 187
88 190
88 191
88 208
88 209
88 213
88 223
88 233
88 254
88 267
88 279
88 312
88 322
88 335
88 338
89 103
89 104
89 125
89 127
89 145
89 151
89 159
89 165
89 180
89 187
89 190
89 191
89 208
89 209
89 213
89 223
89 254
89 267
89 279
89 312
89 322
89 335
89 338
90 103
90 104
90 123
90 125
90 127
90 145
90 159
90 165
90 180
90 187
90 190
90 191
90 208
90 209
90 213
90 223
90 254
90 267
90 279
90 284
90 312
90 322
90 335
90 338
90 346
91 103
91 104
91 123
91 125
91 127
91 145
91 159
91 165
91 180
91 187
91 190
91 191
91 208
91 209
91 213
91 223
91 254
91 267
91 279
91 284
91 312
91 322
91 335
91 338
91 346
92 103
92 123
92 125
92 127
92 145
92 158
92 159
92 165
92 180
92 187
92 190
92 191
92 208
92 209
92 213
92 223
92 254
92 267
92 279
92 284
92 312
92 322
92 335
92 338
92 346
93 103
93 123
93 125
93 127
93 145
93 158
93 159
93 165
93 180
93 187
93 190
93 191
93 208
93 209
93 213
93 223
93 254
93 279
93 284
93 312
93 322
93 335
93 338
93 346
94 103
94 123
94 125
94 127
94 145
94 158
94 159
94 165
94 180
94 187
94 190
94 208
94 209
94 213
94 223
94 254
94 279
94 284
94 312
94 322
94 335
94 338
94 346
95 102
95 103
95 123
95 125
95 127
95 145
95 158
95 159
95 165
95 180
95 187
95 190
95 208
95 209
95 213
95 223
95 254
95 279
95 284
95 312
95 322
95 335
95 338
95 346
96 102
96 103
96 123
96 125
96 127
96 145
96 158
96 159
96 165
96 187
96 190
96 208
96 209
96 213
96 223
96 254
96 279
96 284
96 312
96 322
96 335
96 338
96 346
97 102
97 123
97 125
97 127
97 145
97 158
97 159
97 165
97 187
97 190
97 208
97 209
97 213
97 223
97 254
97 279
97 284
97 297
97 312
97 322
97 335
97 338
97 346
98 102
98 125
98 127
98 145
98 158
98 159
98 165
98 187
98 190
98 208
98 209
98 213
98 223
98 254
98 279
98 284
98 297
98 312
98 322
98 335
98 338
98 346
99 102
99 125
99 127
99 145
99 148
99 158
99 159
99 163
99 165
99 183
99 187
99 190
99 208
99 209
99 213
99 223
99 254
99 279
99 284
99 297
99 312
99 322
99 335
99 338
99 346
100 102
100 125
100 127
100 145
100 148
100 158
100 159
100 163
100 165
100 183
100 187
100 190
100 208
100 209
100 213
100 223
100 229
100 254
100 279
100 284
100 297
100 312
100 322
100 335
100 338
100 346
101 102
101 125
101 127
101 142
101 145
101 148
101 158
101 159
101 163
101 165
101 183
101 190
101 208
101 209
101 213
101 223
101 229
101 254
101 279
101 284
101 297
101 299
101 312
101 322
101 324
101 335
101 338
101 346
102 102
102 125
102 127
102 142
102 145
102 148
102 158
102 159
102 163
102 165
102 183
102 190
102 208
102 209
102 213
102 223
102 229
102 254
102 279
102 284
102 297
102 299
102 312
102 322
102 324
102 335
102 338
102 346
103 102
103 125
103 126
103 127
103 134
103 142
103 145
103 148
103 158
103 159
103 163
103 165
103 183
103 190
103 200
103 208
103 209
103 213
103 223
103 229
103 254
103 279
103 284
103 297
103 299
103 312
103 322
103 324
103 335
103 338
103 346
104 102
104 120
104 125
104 126
104 127
104 134
104 142
104 145
104 148
104 158
104 159
104 163
104 165
104 183
104 190
104 200
104 208
104 209
104 223
104 229
104 254
104 279
104 284
104 297
104 299
104 312
104 322
104 324
104 335
104 338
104 346
105 120
105 125
105 126
105 127
105 134
105 142
105 145
105 148
105 158
105 159
105 163
105 165
105 183
105 190
105 200
105 208
105 209
105 223
105 229
105 254
105 279
105 284
105 297
105 299
105 302
105 312
105 322
105 324
105 335
105 338
105 346
106 120
106 125
106 126
106 127
106 134
106 142
106 145
106 148
106 158
106 159
106 163
106 165
106 183
106 190
106 200
106 208
106 209
106 223
106 229
106 254
106 279
106 284
106 297
106 299
106 302
106 312
106 322
106 324
106 335
106 338
106 346
107 120
107 125
107 126
107 127
107 134
107 142
107 145
107 148
107 158
107 159
107 163
107 165
107 183
107 190
107 200
107 208
107 209
107 223
107 229
107 254
107 279
107 284
107 297
107 299
107 302
107 312
107 322
107 324
107 335
107 338
107 346
108 120
108 125
108 126
108 127
108 134
108 142
108 145
108 148
108 158
108 159
108 163
108 165
108 183
108 190
108 200
108 208
108 209
108 223
108 229
108 254
108 279
108 284
108 297
108 299
108 302
108 312
108 322
108 324
108 335
108 338
108 346
109 120
109 125
109 126
109 127
109 132
109 134
109 142
109 145
109 148
109 158
109 159
109 163
109 165
109 183
109 190
109 200
109 208
109 209
109 223
109 229
109 254
109 279
109 284
109 297
109 299
109 302
109 312
109 322
109 324
109 335
109 346
110 120
110 125
110 126
110 127
110 134
110 142
110 145
110 148
110 158
110 159
110 163
110 165
110 183
110 190
110 200
110 208
110 209
110 223
110 229
110 279
110 284
110 297
110 299
110 302
110 312
110 322
110 324
110 329
110 335
110 346
111 120
111 125
111 126
111 127
111 134
111 142
111 145
111 148
111 158
111 159
111 163
111 165
111 183
111 190
111 200
111 208
111 209
111 223
111 229
111 279
111 284
111 297
111 299
111 302
111 307
111 312
111 322
111 324
111 329
111 335
111 346
112 120
112 125
112 126
112 127
112 134
112 142
112 145
112 148
112 158
112 159
112 163
112 165
112 183
112 190
112 200
112 209
112 223
112 229
112 279
112 284
112 297
112 299
112 302
112 307
112 312
112 322
112 329
112 335
112 346
113 120
113 125
113 126
113 127
113 134
113 142
113 145
113 148
113 158
113 159
113 163
113 165
113 173
113 183
113 200
113 209
113 216
113 223
113 229
113 279
113 284
113 297
113 299
113 302
113 307
113 312
113 322
113 329
113 335
113 346
114 120
114 125
114 126
114 127
114 134
114 141
114 142
114 145
114 148
114 158
114 163
114 165
114 173
114 183
114 200
114 206
114 209
114 216
114 223
114 229
114 279
114 284
114 297
114 299
114 302
114 307
114 312
114 322
114 329
114 335
114 346
115 120
115 125
115 126
115 127
115 134
115 141
115 142
115 145
115 148
115 158
115 163
115 165
115 173
115 183
115 200
115 206
115 209
115 216
115 223
115 229
115 279
115 284
115 297
115 299
115 302
115 307
115 312
115 322
115 329
115 335
115 346
116 120
116 126
116 127
116 134
116 141
116 142
116 145
116 148
116 158
116 163
116 165
116 173
116 183
116 200
116 206
116 209
116 216
116 223
116 229
116 279
116 284
116 289
116 297
116 299
116 302
116 307
116 312
116 322
116 329
116 335
116 346
117 120
117 126
117 127
117 134
117 141
117 142
117 145
117 148
117 158
117 163
117 165
117 173
117 183
117 200
117 206
117 209
117 223
117 229
117 279
117 284
117 289
117 297
117 299
117 302
117 307
117 312
117 329
117 332
117 335
117 346
118 120
118 126
118 127
118 134
118 135
118 141
118 142
118 145
118 148
118 158
118 163
118 165
118 173
118 200
118 206
118 209
118 223
118 229
118 238
118 279
118 284
118 289
118 297
118 299
118 302
118 307
118 312
118 329
118 335
118 346
119 120
119 126
119 127
119 134
119 135
119 141
119 142
119 145
119 158
119 163
119 165
119 173
119 196
119 200
119 206
119 209
119 223
119 229
119 238
119 279
119 284
119 289
119 297
119 299
119 302
119 307
119 312
119 329
119 335
119 346
120 120
120 126
120 127
120 134
120 135
120 141
120 142
120 158
120 163
120 165
120 173
120 196
120 200
120 206
120 209
120 223
120 229
120 238
120 264
120 279
120 284
120 289
120 297
120 299
120 302
120 307
120 312
120 329
120 335
120 346
120 347
121 120
121 126
121 127
121 134
121 135
121 141
121 142
121 158
121 163
121 165
121 173
121 196
121 200
121 209
121 223
121 229
121 264
121 279
121 284
121 289
121 297
121 299
121 302
121 307
121 312
121 329
121 335
121 346
121 347
122 126
122 127
122 134
122 135
122 142
122 163
122 165
122 173
122 196
122 200
122 209
122 223
122 229
122 264
122 279
122 284
122 289
122 297
122 299
122 302
122 307
122 312
122 329
122 335
122 346
122 347
123 126
123 134
123 135
123 139
123 142
123 165
123 196
123 200
123 209
123 223
123 229
123 264
123 279
123 284
123 289
123 299
123 302
123 307
123 312
123 329
123 335
123 346
123 347
124 126
124 134
124 135
124 139
124 142
124 165
124 171
124 196
124 200
124 209
124 223
124 264
124 265
124 284
124 289
124 299
124 302
124 307
124 312
124 319
124 329
124 335
124 346
124 347
125 126
125 134
125 135
125 139
125 142
125 165
125 171
125 196
125 200
125 209
125 223
125 264
125 265
125 284
125 289
125 299
125 302
125 307
125 312
125 319
125 329
125 335
125 346
125 347
126 126
126 134
126 135
126 139
126 142
126 171
126 193
126 196
126 200
126 209
126 223
126 232
126 246
126 264
126 265
126 275
126 284
126 289
126 299
126 302
126 312
126 319
126 329
126 335
126 346
126 347
127 134
127 135
127 139
127 142
127 171
127 193
127 196
127 200
127 222
127 223
127 226
127 232
127 246
127 264
127 265
127 275
127 283
127 284
127 289
127 299
127 302
127 312
127 316
127 319
127 335
127 346
127 347
128 134
128 135
128 139
128 142
128 171
128 193
128 196
128 200
128 222
128 223
128 226
128 232
128 246
128 264
128 265
128 275
128 283
128 284
128 289
128 299
128 302
128 312
128 316
128 319
128 335
128 346
128 347
129 134
129 135
129 139
129 142
129 171
129 193
129 196
129 200
129 222
129 223
129 226
129 232
129 246
129 264
129 265
129 275
129 283
129 284
129 289
129 299
129 302
129 312
129 316
129 319
129 335
129 346
129 347
130 134
130 135
130 139
130 142
130 171
130 193
130 196
130 200
130 211
130 215
130 222
130 226
130 232
130 246
130 265
130 275
130 283
130 284
130 289
130 299
130 302
130 312
130 316
130 335
130 346
130 347
131 134
131 135
131 139
131 142
131 171
131 193
131 196
131 200
131 211
131 215
131 222
131 226
131 232
131 246
131 265
131 283
131 284
131 289
131 299
131 302
131 312
131 316
131 335
131 346
131 347
132 134
132 135
132 139
132 142
132 152
132 171
132 193
132 196
132 200
132 211
132 215
132 222
132 226
132 232
132 246
132 265
132 283
132 284
132 289
132 299
132 302
132 312
132 316
132 323
132 335
132 346
132 347
133 134
133 135
133 139
133 142
133 171
133 193
133 196
133 200
133 211
133 215
133 222
133 226
133 232
133 246
133 265
133 283
133 284
133 289
133 299
133 302
133 312
133 316
133 323
133 335
133 346
133 347
134 134
134 135
134 139
134 142
134 171
134 193
134 196
134 200
134 211
134 215
134 222
134 226
134 232
134 246
134 265
134 283
134 284
134 289
134 299
134 302
134 312
134 316
134 323
134 335
134 346
134 347
135 134
135 135
135 139
135 142
135 171
135 193
135 196
135 200
135 211
135 215
135 222
135 226
135 232
135 246
135 265
135 283
135 284
135 289
135 299
135 302
135 312
135 316
135 323
135 335
135 346
135 347
136 135
136 139
136 142
136 171
136 193
136 196
136 200
136 211
136 222
136 226
136 232
136 240
136 246
136 265
136 283
136 284
136 289
136 299
136 302
136 312
136 323
136 335
136 346
136 347
137 139
137 142
137 171
137 193
137 196
137 200
137 211
137 222
137 226
137 232
137 240
137 246
137 265
137 283
137 284
137 289
137 299
137 302
137 312
137 320
137 323
137 335
137 346
137 347
138 139
138 167
138 171
138 193
138 196
138 222
138 226
138 232
138 240
138 246
138 265
138 269
138 283
138 284
138 289
138 299
138 302
138 312
138 320
138 323
138 335
138 346
138 347
139 139
139 167
139 171
139 193
139 196
139 197
139 214
139 222
139 226
139 232
139 240
139 246
139 265
139 269
139 283
139 284
139 289
139 299
139 302
139 312
139 320
139 323
139 335
139 346
139 347
140 139
140 167
140 171
140 193
140 196
140 197
140 214
140 222
140 226
140 235
140 240
140 246
140 265
140 268
140 269
140 283
140 284
140 289
140 299
140 302
140 312
140 320
140 323
140 335
140 346
140 347
141 139
141 167
141 171
141 193
141 196
141 197
141 214
141 222
141 226
141 235
141 240
141 246
141 265
141 268
141 269
141 283
141 284
141 289
141 299
141 302
141 312
141 320
141 323
141 335
141 346
141 347
142 139
142 167
142 171
142 193
142 196
142 197
142 214
142 222
142 226
142 235
142 240
142 246
142 265
142 268
142 269
142 283
142 284
142 289
142 299
142 302
142 312
142 320
142 323
142 335
142 346
142 347
143 139
143 167
143 171
143 193
143 196
143 197
143 214
143 222
143 226
143 235
143 240
143 246
143 265
143 268
143 269
143 283
143 284
143 289
143 299
143 302
143 312
143 320
143 323
143 335
143 346
143 347
144 139
144 167
144 171
144 178
144 193
144 196
144 203
144 214
144 222
144 235
144 240
144 246
144 265
144 268
144 269
144 283
144 284
144 289
144 299
144 301
144 302
144 312
144 320
144 323
144 346
144 347
145 139
145 167
145 171
145 178
145 193
145 196
145 203
145 214
145 222
145 235
145 240
145 246
145 265
145 268
145 269
145 283
145 284
145 289
145 299
145 301
145 302
145 312
145 320
145 323
145 346
145 347
146 139
146 171
146 178
146 193
146 196
146 203
146 214
146 222
146 224
146 235
146 240
146 246
146 268
146 269
146 283
146 284
146 289
146 299
146 301
146 302
146 312
146 320
146 323
146 346
146 347
147 139
147 171
147 178
147 193
147 196
147 203
147 214
147 222
147 224
147 235
147 240
147 246
147 268
147 269
147 283
147 284
147 289
147 299
147 301
147 302
147 312
147 320
147 323
147 346
147 347
148 139
148 171
148 178
148 193
148 196
148 203
148 214
148 222
148 224
148 235
148 240
148 246
148 268
148 269
148 283
148 284
148 289
148 299
148 301
148 302
148 312
148 320
148 323
148 346
148 347
149 139
149 171
149 178
149 193
149 196
149 203
149 214
149 222
149 224
149 235
149 240
149 243
149 246
149 269
149 284
149 289
149 301
149 302
149 312
149 318
149 320
149 323
149 346
149 347
150 139
150 171
150 178
150 193
150 196
150 203
150 214
150 222
150 224
150 235
150 240
150 243
150 246
150 269
150 284
150 289
150 301
150 302
150 312
150 318
150 320
150 323
150 346
150 347
151 139
151 171
151 178
151 196
151 203
151 214
151 222
151 224
151 235
151 240
151 243
151 246
151 269
151 284
151 289
151 301
151 302
151 312
151 318
151 320
151 323
151 346
151 347
152 139
152 171
152 196
152 203
152 214
152 222
152 224
152 235
152 240
152 243
152 246
152 269
152 284
152 289
152 301
152 302
152 312
152 318
152 320
152 323
152 346
152 347
153 139
153 171
153 196
153 203
153 214
153 222
153 224
153 235
153 240
153 243
153 246
153 269
153 284
153 301
153 302
153 312
153 318
153 320
153 323
153 346
153 347
154 139
154 164
154 171
154 181
154 196
154 203
154 222
154 224
154 235
154 240
154 243
154 245
154 246
154 269
154 284
154 301
154 302
154 312
154 318
154 320
154 323
154 346
154 347
155 139
155 160
155 164
155 171
155 181
155 196
155 203
155 222
155 224
155 235
155 240
155 246
155 269
155 284
155 301
155 302
155 312
155 318
155 320
155 323
155 346
155 347
156 139
156 160
156 164
156 171
156 181
156 196
156 203
156 218
156 224
156 235
156 240
156 246
156 269
156 284
156 301
156 302
156 312
156 318
156 320
156 323
156 346
156 347
157 139
157 164
157 171
157 181
157 196
157 203
157 218
157 224
157 235
157 240
157 246
157 256
157 269
157 284
157 301
157 302
157 312
157 318
157 320
157 323
157 346
157 347
158 139
158 164
158 171
158 181
158 196
158 218
158 224
158 235
158 240
158 246
158 256
158 269
158 284
158 301
158 302
158 312
158 318
158 320
158 323
158 346
158 347
159 139
159 171
159 181
159 196
159 218
159 224
159 235
159 240
159 246
159 256
159 269
159 274
159 284
159 301
159 302
159 312
159 318
159 320
159 323
159 347
160 139
160 171
160 181
160 196
160 218
160 224
160 235
160 240
160 246
160 256
160 269
160 274
160 284
160 301
160 302
160 312
160 318
160 320
160 323
160 347
161 139
161 171
161 181
161 196
161 218
161 224
161 235
161 240
161 246
161 256
161 269
161 274
161 284
161 301
161 302
161 312
161 318
161 320
161 323
161 347
162 171
162 181
162 196
162 218
162 224
162 235
162 237
162 239
162 240
162 246
162 269
162 274
162 284
162 301
162 302
162 312
162 318
162 320
162 323
162 347
163 171
163 181
163 196
163 218
163 224
163 235
163 237
163 239
163 240
163 246
163 269
163 274
163 284
163 302
163 312
163 318
163 320
163 323
163 347
164 171
164 181
164 196
164 218
164 224
164 235
164 237
164 239
164 240
164 246
164 269
164 274
164 284
164 302
164 312
164 318
164 320
164 347
165 171
165 181
165 196
165 218
165 235
165 237
165 239
165 240
165 246
165 269
165 274
165 284
165 302
165 312
165 318
165 320
165 347
166 171
166 181
166 196
166 218
166 239
166 240
166 246
166 251
166 269
166 274
166 284
166 302
166 312
166 318
166 320
166 347
167 171
167 181
167 196
167 218
167 239
167 240
167 246
167 251
167 255
167 269
167 274
167 284
167 302
167 312
167 318
167 320
167 347
168 171
168 194
168 196
168 218
168 239
168 240
168 246
168 251
168 255
168 269
168 274
168 284
168 302
168 312
168 318
168 320
168 330
168 347
169 171
169 194
169 196
169 218
169 239
169 240
169 246
169 251
169 255
169 269
169 274
169 284
169 302
169 312
169 318
169 320
169 327
169 330
169 347
170 171
170 188
170 194
170 218
170 239
170 240
170 246
170 251
170 255
170 269
170 274
170 284
170 302
170 303
170 312
170 318
170 320
170 327
170 330
170 342
170 347
171 171
171 177
171 188
171 194
171 218
171 239
171 240
171 246
171 251
171 255
171 269
171 270
171 274
171 302
171 303
171 312
171 315
171 318
171 320
171 327
171 330
171 342
171 347
172 171
172 177
172 188
172 204
172 218
172 239
172 240
172 246
172 251
172 255
172 269
172 270
172 274
172 302
172 303
172 312
172 315
172 318
172 320
172 330
172 342
172 347
173 171
173 177
173 188
173 189
173 207
173 218
173 239
173 240
173 251
173 252
173 255
173 269
173 274
173 302
173 312
173 315
173 318
173 320
173 330
173 342
173 347
174 171
174 177
174 188
174 189
174 207
174 218
174 239
174 240
174 251
174 252
174 269
174 274
174 302
174 312
174 315
174 318
174 320
174 330
174 342
174 347
175 171
175 177
175 188
175 207
175 218
175 239
175 240
175 251
175 252
175 269
175 274
175 302
175 312
175 315
175 318
175 320
175 330
175 342
175 347
176 171
176 177
176 188
176 207
176 218
176 239
176 240
176 251
176 252
176 269
176 274
176 302
176 312
176 315
176 318
176 320
176 330
176 342
176 347
177 171
177 177
177 188
177 218
177 239
177 240
177 251
177 252
177 269
177 274
177 302
177 312
177 315
177 318
177 320
177 321
177 330
177 342
178 171
178 177
178 188
178 218
178 239
178 240
178 251
178 252
178 269
178 274
178 302
178 312
178 315
178 318
178 320
178 321
178 330
178 342
179 177
179 188
179 218
179 240
179 251
179 252
179 269
179 274
179 302
179 312
179 315
179 318
179 320
179 321
179 330
179 342
180 177
180 188
180 218
180 240
180 251
180 252
180 269
180 274
180 302
180 312
180 315
180 318
180 320
180 321
180 330
180 342
181 177
181 188
181 218
181 240
181 251
181 252
181 269
181 274
181 302
181 312
181 315
181 318
181 320
181 321
181 330
181 342
182 188
182 218
182 240
182 252
182 269
182 274
182 302
182 312
182 315
182 318
182 320
182 321
182 328
182 330
182 342
183 188
183 218
183 240
183 252
183 269
183 274
183 302
183 312
183 315
183 318
183 320
183 321
183 328
183 330
183 342
184 188
184 218
184 240
184 252
184 269
184 274
184 302
184 312
184 315
184 318
184 320
184 321
184 328
184 330
185 188
185 218
185 240
185 252
185 269
185 274
185 302
185 312
185 315
185 318
185 320
185 321
185 328
185 330
186 218
186 240
186 247
186 252
186 269
186 274
186 302
186 312
186 315
186 318
186 320
186 321
186 328
186 330
187 218
187 240
187 247
187 252
187 269
187 274
187 302
187 312
187 315
187 318
187 320
187 321
187 328
187 330
188 218
188 240
188 247
188 252
188 269
188 274
188 302
188 312
188 315
188 318
188 320
188 321
188 328
188 330
189 218
189 240
189 247
189 252
189 269
189 274
189 302
189 312
189 315
189 318
189 320
189 321
189 328
189 330
190 218
190 240
190 247
190 252
190 269
190 274
190 302
190 312
190 315
190 318
190 320
190 321
190 328
190 330
191 240
191 247
191 252
191 269
191 274
191 302
191 312
191 315
191 318
191 320
191 321
191 330
192 240
192 247
192 252
192 269
192 274
192 302
192 312
192 318
192 320
192 321
192 330
193 240
193 247
193 252
193 269
193 312
193 318
193 320
193 321
193 330
194 240
194 247
194 252
194 269
194 312
194 318
194 320
194 321
194 330
195 199
195 240
195 247
195 252
195 269
195 312
195 318
195 320
195 321
195 330
196 199
196 240
196 252
196 269
196 291
196 318
196 320
196 321
196 330
196 344
197 199
197 240
197 252
197 269
197 291
197 318
197 320
197 321
197 330
197 344
198 199
198 240
198 252
198 269
198 291
198 318
198 320
198 321
198 330
198 344
199 199
199 252
199 269
199 291
199 318
199 320
199 321
199 330
199 344
200 199
200 252
200 269
200 291
200 318
200 320
200 321
200 330
200 344
201 199
201 252
201 269
201 291
201 318
201 320
201 321
201 330
201 344
202 199
202 252
202 269
202 291
202 318
202 320
202 321
202 330
202 344
203 199
203 252
203 269
203 291
203 318
203 320
203 321
203 330
203 344
204 199
204 252
204 269
204 291
204 318
204 320
204 321
204 330
204 344
205 199
205 252
205 269
205 291
205 318
205 320
205 321
205 330
205 344
206 199
206 252
206 269
206 291
206 318
206 320
206 321
206 330
206 344
207 252
207 269
207 291
207 318
207 320
207 321
207 330
207 344
208 248
208 252
208 269
208 288
208 291
208 295
208 318
208 320
208 330
208 344
209 252
209 269
209 288
209 291
209 295
209 318
209 320
209 330
209 333
209 344
210 252
210 269
210 288
210 291
210 295
210 318
210 320
210 330
210 333
210 344
211 252
211 269
211 288
211 291
211 295
211 318
211 320
211 330
211 333
211 344
212 252
212 269
212 288
212 291
212 295
212 318
212 320
212 330
212 333
212 344
213 252
213 269
213 288
213 291
213 295
213 318
213 320
213 330
213 333
213 344
214 252
214 269
214 288
214 291
214 293
214 295
214 314
214 320
214 330
214 333
214 344
215 252
215 288
215 293
215 295
215 314
215 320
215 330
215 333
215 344
216 252
216 288
216 293
216 295
216 314
216 320
216 330
216 333
216 344
217 252
217 288
217 293
217 295
217 314
217 320
217 330
217 333
217 344
218 252
218 288
218 293
218 295
218 314
218 320
218 330
218 333
218 344
219 228
219 252
219 288
219 293
219 295
219 296
219 314
219 320
219 330
219 344
220 228
220 252
220 261
220 288
220 293
220 295
220 296
220 314
220 320
220 330
220 344
221 228
221 252
221 261
221 288
221 293
221 295
221 296
221 314
221 320
221 330
221 344
222 228
222 252
222 261
222 288
222 293
222 295
222 296
222 314
222 320
222 330
222 344
223 228
223 252
223 261
223 281
223 288
223 293
223 295
223 296
223 320
223 330
223 344
224 225
224 228
224 252
224 261
224 281
224 288
224 293
224 295
224 296
224 320
224 330
224 344
225 228
225 252
225 261
225 281
225 288
225 293
225 295
225 296
225 320
225 330
225 344
226 228
226 261
226 281
226 288
226 293
226 295
226 296
226 320
226 330
226 344
227 228
227 261
227 281
227 288
227 293
227 295
227 296
227 320
227 330
227 344
228 228
228 261
228 281
228 288
228 293
228 295
228 296
228 320
228 330
228 344
229 261
229 281
229 288
229 295
229 296
229 320
229 330
229 344
230 261
230 281
230 288
230 295
230 296
230 305
230 320
230 330
230 337
230 344
231 261
231 281
231 288
231 295
231 296
231 305
231 310
231 320
231 330
231 337
231 344
232 261
232 263
232 281
232 288
232 294
232 295
232 296
232 305
232 310
232 330
232 337
232 344
233 263
233 281
233 288
233 294
233 295
233 296
233 305
233 310
233 330
233 337
234 263
234 276
234 281
234 288
234 294
234 295
234 296
234 300
234 305
234 310
234 330
234 336
234 337
235 263
235 276
235 281
235 288
235 294
235 295
235 296
235 300
235 310
235 330
235 336
235 337
236 263
236 276
236 281
236 288
236 294
236 295
236 296
236 300
236 310
236 330
236 336
236 337
237 263
237 276
237 281
237 288
237 294
237 295
237 296
237 300
237 310
237 330
237 336
237 337
238 263
238 281
238 294
238 295
238 296
238 300
238 310
238 330
238 336
238 337
239 263
239 281
239 294
239 295
239 296
239 300
239 310
239 330
239 336
239 337
240 263
240 281
240 294
240 295
240 296
240 300
240 310
240 330
240 336
240 337
241 263
241 281
241 294
241 295
241 296
241 300
241 310
241 330
241 336
241 337
242 263
242 281
242 294
242 295
242 296
242 300
242 310
242 311
242 330
242 336
242 337
243 263
243 281
243 294
243 295
243 296
243 300
243 310
243 311
243 330
243 336
243 337
244 263
244 281
244 294
244 295
244 296
244 300
244 310
244 311
244 325
244 330
244 336
244 337
245 263
245 281
245 294
245 295
245 296
245 300
245 310
245 311
245 325
245 330
245 336
245 337
246 263
246 281
246 294
246 295
246 296
246 300
246 310
246 311
246 325
246 330
246 336
246 337
247 281
247 295
247 310
247 311
247 325
247 330
247 336
248 281
248 295
248 310
248 311
248 325
248 330
248 336
249 281
249 295
249 310
249 311
249 325
249 330
249 336
250 281
250 295
250 310
250 311
250 325
250 330
250 336
251 281
251 310
251 311
251 317
251 325
251 330
251 336
252 281
252 310
252 311
252 317
252 325
252 330
252 336
253 281
253 310
253 311
253 317
253 325
253 330
253 336
254 281
254 310
254 311
254 317
254 325
254 330
254 336
255 281
255 310
255 311
255 317
255 325
255 330
255 336
256 281
256 310
256 311
256 317
256 325
256 330
256 336
257 281
257 310
257 311
257 317
257 325
257 330
257 336
258 281
258 310
258 311
258 317
258 325
258 330
258 336
259 281
259 310
259 311
259 317
259 325
259 330
259 336
260 281
260 310
260 311
260 317
260 325
260 330
260 336
261 266
261 277
261 281
261 308
261 310
261 311
261 317
261 325
261 330
261 336
261 345
262 266
262 277
262 281
262 308
262 310
262 311
262 317
262 325
262 330
262 336
262 345
263 266
263 277
263 281
263 308
263 310
263 311
263 317
263 325
263 330
263 336
263 345
264 266
264 277
264 281
264 308
264 310
264 311
264 317
264 325
264 336
264 345
265 266
265 277
265 281
265 308
265 310
265 311
265 317
265 325
265 336
265 345
266 266
266 277
266 281
266 308
266 310
266 311
266 317
266 325
266 336
266 345
267 277
267 281
267 308
267 310
267 311
267 317
267 325
267 336
267 345
268 277
268 281
268 308
268 310
268 311
268 317
268 325
268 336
268 345
269 281
269 308
269 310
269 311
269 317
269 325
269 336
269 345
270 281
270 308
270 310
270 311
270 317
270 336
270 345
271 281
271 308
271 310
271 311
271 313
271 317
271 345
272 281
272 310
272 311
272 313
272 317
272 345
273 281
273 310
273 311
273 313
273 317
274 281
274 310
274 311
274 313
274 317
275 310
275 311
275 313
275 317
276 310
276 311
276 313
276 317
277 310
277 311
277 313
277 317
278 310
278 311
278 313
278 317
279 310
279 311
279 313
279 317
280 310
280 311
280 313
280 317
281 310
281 311
281 313
281 317
282 310
282 311
282 313
282 317
283 310
283 311
283 313
283 317
284 310
284 311
284 313
284 317
285 310
285 311
285 313
285 317
286 310
286 311
286 317
287 310
287 311
287 317
288 310
288 311
288 317
289 310
289 311
289 317
290 310
290 311
290 317
291 310
291 311
291 317
291 331
292 310
292 311
292 317
292 331
293 310
293 311
293 317
293 331
294 310
294 311
294 317
294 331
295 310
295 311
295 317
295 331
296 310
296 311
296 317
296 331
297 310
297 311
297 317
297 331
298 310
298 311
298 317
298 331
299 310
299 311
299 317
299 331
300 310
300 311
300 317
300 331
301 310
301 311
301 317
301 331
302 310
302 311
302 317
302 331
303 310
303 311
303 317
303 331
304 310
304 311
304 317
304 331
304 341
305 310
305 311
305 317
305 331
306 310
306 311
306 317
306 331
307 310
307 311
307 317
307 331
308 310
308 311
308 317
308 331
309 310
309 311
309 317
309 331
310 310
310 311
310 317
310 331
311 310
311 311
311 317
311 331
312 310
312 311
312 317
312 331
313 310
313 311
313 317
313 331
314 310
314 311
314 317
314 331
315 310
315 311
315 317
315 331
316 310
316 311
316 317
316 331
317 310
317 311
317 317
317 331
318 310
318 311
318 317
318 331
319 310
319 311
319 317
319 331
320 310
320 311
320 317
320 331
321 310
321 311
321 317
321 331
322 310
322 311
322 317
322 331
323 310
323 311
323 317
323 331
324 310
324 311
324 317
324 331
325 310
325 311
325 317
325 331
326 310
326 311
326 317
326 331
327 310
327 311
327 317
327 331
328 311
328 317
328 331
329 311
329 331
330 311
330 331
331 311
331 331
332 311
332 331
333 311
333 331
334 311
334 331
335 311
335 331
336 311
336 331
337 311
337 331
338 311
338 331
339 311
339 331
340 311
340 331
341 311
341 331
342 331
343 331
344 331
345 331
346 331
347 331
348 331
349 331
