0 14
0 24
0 27
0 73
0 111
0 213
1 14
1 20
1 24
1 27
1 73
1 111
1 213
2 26
2 60
2 73
2 80
2 103
2 111
2 143
2 163
2 213
2 299
3 43
3 60
3 73
3 80
3 90
3 103
3 111
3 143
3 163
3 213
3 299
4 43
4 60
4 73
4 80
4 90
4 103
4 111
4 143
4 163
4 213
4 299
5 7
5 19
5 43
5 52
5 55
5 60
5 73
5 80
5 90
5 103
5 111
5 143
5 163
5 213
5 299
5 317
6 6
6 9
6 15
6 16
6 19
6 23
6 43
6 52
6 55
6 60
6 73
6 80
6 90
6 103
6 143
6 163
6 188
6 213
6 299
6 309
6 317
7 6
7 15
7 16
7 19
7 23
7 43
7 52
7 55
7 60
7 73
7 80
7 90
7 100
7 103
7 143
7 163
7 188
7 213
7 299
7 309
7 317
8 6
8 13
8 15
8 16
8 19
8 23
8 43
8 55
8 60
8 73
8 80
8 90
8 100
8 103
8 143
8 163
8 188
8 213
8 278
8 299
8 309
8 317
9 12
9 13
9 15
9 19
9 23
9 43
9 55
9 60
9 73
9 80
9 84
9 90
9 97
9 100
9 103
9 143
9 163
9 188
9 213
9 278
9 299
9 309
9 317
10 12
10 13
10 15
10 19
10 23
10 43
10 55
10 60
10 73
10 80
10 84
10 90
10 97
10 100
10 103
10 143
10 163
10 188
10 213
10 278
10 299
10 309
10 317
11 19
11 43
11 55
11 60
11 73
11 80
11 84
11 97
11 100
11 103
11 143
11 163
11 188
11 213
11 278
11 299
11 309
11 317
12 19
12 31
12 43
12 45
12 55
12 60
12 73
12 80
12 84
12 97
12 100
12 103
12 143
12 163
12 188
12 213
12 278
12 299
12 309
12 317
13 19
13 31
13 43
13 55
13 60
13 73
13 80
13 84
13 97
13 100
13 103
13 143
13 163
13 188
13 213
13 278
13 299
13 309
13 317
14 19
14 21
14 31
14 55
14 66
14 73
14 84
14 97
14 100
14 103
14 126
14 141
14 143
14 163
14 188
14 213
14 278
14 299
14 309
14 317
15 25
15 56
15 58
15 66
15 73
15 84
15 97
15 126
15 141
15 143
15 146
15 188
15 205
15 213
15 278
15 299
15 309
15 317
16 22
16 25
16 56
16 58
16 73
16 84
16 97
16 126
16 141
16 143
16 146
16 188
16 205
16 213
16 278
16 299
16 309
16 317
16 334
17 58
17 73
17 84
17 97
17 126
17 141
17 143
17 188
17 205
17 278
17 299
17 309
17 317
17 334
18 28
18 58
18 62
18 73
18 84
18 93
18 97
18 101
18 122
18 126
18 141
18 143
18 172
18 178
18 188
18 205
18 240
18 272
18 278
18 299
18 309
18 317
19 28
19 58
19 62
19 73
19 84
19 93
19 97
19 101
19 122
19 126
19 141
19 143
19 172
19 178
19 188
19 205
19 240
19 272
19 278
19 299
19 309
19 317
20 28
20 58
20 62
20 73
20 84
20 93
20 97
20 101
20 122
20 126
20 141
20 143
20 172
20 178
20 188
20 205
20 240
20 272
20 278
20 299
20 309
20 317
21 28
21 58
21 62
21 73
21 84
21 93
21 97
21 101
21 122
21 126
21 141
21 143
21 172
21 178
21 188
21 205
21 240
21 272
21 278
21 299
21 309
21 317
22 28
22 58
22 62
22 73
22 84
22 93
22 97
22 101
22 122
22 126
22 141
22 143
22 172
22 178
22 188
22 205
22 240
22 272
22 278
22 299
22 309
22 317
23 28
23 58
23 62
23 73
23 93
23 97
23 101
23 122
23 126
23 141
23 143
23 172
23 178
23 188
23 205
23 240
23 272
23 278
23 299
23 309
23 317
24 28
24 93
24 97
24 101
24 119
24 122
24 126
24 141
24 143
24 144
24 167
24 172
24 178
24 188
24 240
24 272
24 278
24 299
24 309
24 317
25 28
25 93
25 97
25 101
25 119
25 122
25 126
25 141
25 143
25 144
25 167
25 172
25 178
25 188
25 240
25 272
25 278
25 299
25 309
25 317
26 30
26 32
26 34
26 36
26 44
26 69
26 93
26 97
26 101
26 106
26 119
26 122
26 126
26 141
26 144
26 166
26 167
26 172
26 178
26 188
26 222
26 240
26 272
26 278
26 299
26 302
26 309
26 317
27 30
27 32
27 34
27 36
27 61
27 69
27 78
27 93
27 97
27 101
27 106
27 119
27 122
27 126
27 141
27 144
27 166
27 167
27 172
27 178
27 188
27 215
27 222
27 240
27 272
27 278
27 299
27 302
27 309
27 317
28 30
28 32
28 34
28 36
28 61
28 69
28 78
28 93
28 97
28 101
28 106
28 119
28 122
28 126
28 141
28 144
28 166
28 167
28 172
28 178
28 188
28 215
28 222
28 240
28 272
28 278
28 299
28 302
28 309
28 317
29 30
29 34
29 36
29 61
29 63
29 69
29 93
29 97
29 101
29 106
29 119
29 122
29 126
29 141
29 144
29 166
29 167
29 172
29 178
29 188
29 215
29 222
29 240
29 272
29 278
29 299
29 302
29 309
29 317
30 34
30 36
30 61
30 63
30 69
30 93
30 97
30 101
30 106
30 119
30 126
30 141
30 144
30 166
30 167
30 172
30 178
30 188
30 215
30 222
30 240
30 272
30 278
30 299
30 302
30 309
30 317
31 34
31 42
31 61
31 63
31 69
31 87
31 93
31 97
31 101
31 106
31 119
31 126
31 141
31 144
31 166
31 167
31 172
31 178
31 188
31 204
31 215
31 222
31 240
31 278
31 299
31 302
31 309
31 317
32 34
32 35
32 47
32 49
32 93
32 101
32 102
32 106
32 107
32 114
32 119
32 141
32 144
32 166
32 167
32 172
32 178
32 188
32 215
32 222
32 240
32 278
32 299
32 302
32 309
32 317
32 349
33 35
33 46
33 48
33 49
33 54
33 57
33 75
33 88
33 102
33 104
33 107
33 117
33 155
33 165
33 166
33 167
33 170
33 172
33 173
33 178
33 188
33 214
33 215
33 217
33 222
33 234
33 240
33 278
33 299
33 309
33 317
33 349
34 35
34 46
34 48
34 49
34 54
34 57
34 75
34 88
34 102
34 104
34 107
34 117
34 155
34 165
34 166
34 167
34 170
34 172
34 173
34 178
34 188
34 214
34 215
34 217
34 222
34 234
34 240
34 278
34 299
34 309
34 317
34 349
35 40
35 46
35 49
35 54
35 75
35 76
35 81
35 88
35 102
35 104
35 107
35 117
35 160
35 165
35 167
35 170
35 172
35 173
35 174
35 178
35 188
35 214
35 215
35 217
35 222
35 234
35 240
35 278
35 299
35 309
35 317
35 349
36 40
36 46
36 49
36 54
36 76
36 81
36 88
36 102
36 104
36 107
36 117
36 160
36 165
36 167
36 170
36 172
36 173
36 174
36 178
36 188
36 214
36 215
36 217
36 222
36 234
36 240
36 278
36 299
36 309
36 317
36 349
37 41
37 49
37 54
37 65
37 79
37 81
37 86
37 88
37 99
37 104
37 107
37 117
37 160
37 165
37 167
37 170
37 172
37 173
37 174
37 178
37 188
37 214
37 217
37 234
37 235
37 240
37 278
37 299
37 309
37 317
37 349
38 41
38 49
38 54
38 65
38 79
38 81
38 86
38 88
38 91
38 99
38 104
38 107
38 117
38 138
38 160
38 165
38 167
38 170
38 172
38 173
38 174
38 178
38 188
38 214
38 217
38 234
38 235
38 240
38 278
38 299
38 317
38 349
39 41
39 49
39 54
39 65
39 72
39 79
39 81
39 86
39 88
39 91
39 99
39 104
39 107
39 138
39 160
39 165
39 167
39 170
39 172
39 173
39 174
39 178
39 184
39 188
39 214
39 217
39 224
39 228
39 234
39 235
39 240
39 278
39 299
39 317
39 349
40 41
40 49
40 54
40 65
40 72
40 79
40 81
40 86
40 88
40 91
40 99
40 104
40 107
40 138
40 160
40 165
40 167
40 169
40 170
40 172
40 173
40 174
40 178
40 184
40 188
40 214
40 217
40 224
40 228
40 234
40 235
40 240
40 278
40 299
40 317
40 349
41 65
41 72
41 79
41 81
41 83
41 86
41 88
41 91
41 99
41 104
41 107
41 138
41 165
41 167
41 169
41 170
41 172
41 173
41 184
41 188
41 214
41 217
41 224
41 228
41 234
41 235
41 240
41 278
41 299
41 311
41 317
41 349
42 65
42 72
42 79
42 81
42 83
42 86
42 88
42 99
42 104
42 107
42 138
42 165
42 167
42 169
42 170
42 172
42 173
42 184
42 188
42 214
42 217
42 224
42 228
42 234
42 235
42 240
42 278
42 299
42 311
42 317
42 349
43 53
43 65
43 72
43 79
43 81
43 83
43 88
43 99
43 104
43 107
43 138
43 165
43 167
43 169
43 170
43 172
43 173
43 184
43 188
43 214
43 217
43 224
43 228
43 234
43 235
43 240
43 278
43 299
43 311
43 317
43 349
44 53
44 81
44 88
44 92
44 99
44 104
44 107
44 138
44 167
44 169
44 170
44 173
44 184
44 185
44 188
44 214
44 217
44 224
44 228
44 234
44 235
44 244
44 278
44 299
44 311
44 317
44 335
44 349
45 68
45 88
45 92
45 99
45 104
45 107
45 138
45 167
45 168
45 169
45 170
45 173
45 184
45 185
45 188
45 214
45 217
45 224
45 228
45 234
45 235
45 244
45 278
45 299
45 311
45 317
45 335
45 349
46 68
46 88
46 92
46 99
46 107
46 134
46 138
46 167
46 169
46 170
46 173
46 184
46 185
46 188
46 214
46 217
46 224
46 228
46 235
46 244
46 270
46 278
46 299
46 311
46 317
46 335
46 349
47 68
47 88
47 92
47 99
47 107
47 134
47 167
47 169
47 170
47 173
47 184
47 185
47 188
47 214
47 217
47 224
47 228
47 235
47 244
47 270
47 278
47 283
47 299
47 311
47 317
47 335
47 349
48 68
48 88
48 92
48 99
48 107
48 134
48 167
48 169
48 170
48 173
48 175
48 184
48 185
48 188
48 214
48 217
48 224
48 228
48 235
48 270
48 278
48 283
48 299
48 311
48 317
48 335
48 349
49 88
49 107
49 134
49 169
49 170
49 184
49 185
49 188
49 214
49 217
49 224
49 228
49 235
49 270
49 283
49 299
49 311
49 335
49 349
50 64
50 88
50 107
50 134
50 136
50 169
50 170
50 184
50 185
50 188
50 202
50 214
50 217
50 224
50 228
50 235
50 270
50 283
50 299
50 311
50 335
50 349
51 64
51 88
51 107
51 134
51 136
51 142
51 169
51 170
51 184
51 185
51 188
51 202
51 214
51 217
51 224
51 228
51 235
51 270
51 283
51 299
51 311
51 335
51 349
52 64
52 107
52 134
52 136
52 142
52 169
52 170
52 184
52 185
52 188
52 202
52 214
52 217
52 224
52 228
52 235
52 270
52 283
52 299
52 311
52 349
53 59
53 64
53 107
53 134
53 136
53 142
53 169
53 170
53 184
53 185
53 188
53 214
53 217
53 224
53 228
53 235
53 270
53 283
53 299
53 311
53 349
54 64
54 107
54 134
54 136
54 142
54 169
54 170
54 184
54 185
54 188
54 214
54 217
54 228
54 235
54 270
54 275
54 283
54 299
54 311
54 349
55 64
55 107
55 134
55 136
55 140
55 142
55 169
55 170
55 184
55 185
55 188
55 214
55 217
55 228
55 235
55 270
55 275
55 283
55 299
55 311
55 349
56 64
56 107
56 134
56 136
56 140
56 142
56 169
56 170
56 184
56 185
56 188
56 214
56 217
56 228
56 235
56 270
56 275
56 283
56 299
56 311
56 349
57 107
57 113
57 136
57 140
57 142
57 169
57 170
57 184
57 185
57 188
57 214
57 217
57 228
57 235
57 270
57 275
57 283
57 299
57 349
58 107
58 113
58 136
58 140
58 142
58 169
58 170
58 184
58 185
58 188
58 214
58 217
58 228
58 235
58 270
58 275
58 283
58 299
58 349
59 70
59 107
59 108
59 113
59 136
59 140
59 142
59 169
59 170
59 184
59 185
59 188
59 214
59 217
59 228
59 235
59 270
59 275
59 283
59 299
59 340
59 349
60 70
60 107
60 108
60 113
60 136
60 140
60 142
60 169
60 170
60 184
60 185
60 188
60 214
60 217
60 228
60 235
60 270
60 275
60 283
60 299
60 340
60 349
61 70
61 107
61 108
61 113
61 140
61 142
61 169
61 170
61 184
61 185
61 188
61 214
61 217
61 228
61 235
61 270
61 275
61 283
61 299
61 340
61 349
62 67
62 70
62 74
62 107
62 108
62 113
62 140
62 142
62 169
62 170
62 185
62 188
62 190
62 214
62 217
62 228
62 235
62 270
62 275
62 283
62 299
62 340
62 349
63 67
63 70
63 74
63 107
63 108
63 113
63 140
63 142
63 169
63 170
63 185
63 188
63 190
63 214
63 217
63 228
63 235
63 270
63 275
63 283
63 299
63 340
63 349
64 67
64 70
64 74
64 107
64 108
64 113
64 140
64 142
64 169
64 170
64 185
64 188
64 190
64 198
64 214
64 217
64 228
64 235
64 270
64 275
64 283
64 299
64 308
64 340
64 349
65 67
65 70
65 74
65 107
65 108
65 142
65 169
65 170
65 185
65 188
65 190
65 198
65 214
65 217
65 228
65 235
65 270
65 275
65 283
65 299
65 308
65 340
65 349
66 67
66 70
66 74
66 107
66 108
66 142
66 169
66 170
66 185
66 188
66 190
66 198
66 214
66 217
66 228
66 235
66 270
66 275
66 283
66 299
66 308
66 340
66 349
67 67
67 70
67 74
67 107
67 108
67 142
67 169
67 170
67 185
67 188
67 190
67 198
67 214
67 217
67 228
67 235
67 270
67 275
67 280
67 283
67 299
67 307
67 308
67 340
67 349
68 70
68 74
68 108
68 142
68 169
68 185
68 188
68 198
68 214
68 217
68 228
68 235
68 270
68 275
68 280
68 283
68 299
68 307
68 308
68 340
68 349
69 70
69 74
69 108
69 142
69 169
69 185
69 188
69 198
69 214
69 217
69 228
69 235
69 270
69 275
69 280
69 283
69 299
69 307
69 308
69 340
69 349
70 70
70 74
70 108
70 142
70 169
70 185
70 188
70 198
70 214
70 217
70 228
70 235
70 270
70 275
70 280
70 283
70 299
70 307
70 308
70 340
70 349
71 74
71 108
71 142
71 169
71 185
71 188
71 198
71 214
71 217
71 228
71 235
71 270
71 275
71 280
71 283
71 299
71 307
71 308
71 340
71 349
72 74
72 94
72 169
72 188
72 198
72 214
72 217
72 228
72 235
72 251
72 270
72 275
72 280
72 283
72 299
72 307
72 308
72 340
72 349
73 94
73 120
73 123
73 169
73 188
73 198
73 214
73 217
73 228
73 235
73 246
73 270
73 275
73 280
73 283
73 299
73 307
73 308
73 340
73 349
74 94
74 120
74 123
74 169
74 188
74 198
74 214
74 217
74 228
74 235
74 246
74 270
74 275
74 280
74 283
74 299
74 307
74 308
74 340
74 349
75 94
75 95
75 120
75 123
75 169
75 188
75 198
75 210
75 214
75 217
75 228
75 235
75 246
75 270
75 275
75 280
75 283
75 307
75 308
75 340
75 349
76 85
76 94
76 95
76 120
76 123
76 169
76 188
76 198
76 214
76 217
76 228
76 235
76 246
76 270
76 275
76 280
76 283
76 307
76 308
76 340
76 349
77 85
77 94
77 95
77 120
77 123
77 169
77 188
77 198
77 214
77 217
77 228
77 235
77 246
77 270
77 275
77 280
77 283
77 307
77 308
77 340
77 349
78 85
78 94
78 95
78 120
78 123
78 169
78 188
78 198
78 214
78 217
78 220
78 228
78 235
78 246
78 270
78 275
78 280
78 283
78 307
78 308
78 340
78 349
79 85
79 94
79 95
79 120
79 123
79 124
79 169
79 188
79 198
79 214
79 217
79 220
79 228
79 235
79 246
79 270
79 275
79 280
79 283
79 307
79 308
79 340
79 349
80 85
80 94
80 95
80 120
80 123
80 124
80 169
80 188
80 198
80 214
80 217
80 220
80 228
80 235
80 246
80 270
80 275
80 280
80 283
80 307
80 308
80 340
80 349
81 85
81 95
81 120
81 123
81 124
81 169
81 188
81 198
81 214
81 217
81 220
81 228
81 235
81 246
81 270
81 275
81 280
81 283
81 307
81 308
81 340
81 349
82 120
82 123
82 169
82 188
82 198
82 214
82 217
82 220
82 228
82 235
82 241
82 245
82 246
82 270
82 275
82 280
82 283
82 307
82 308
82 340
82 349
83 96
83 115
83 120
83 123
83 169
83 188
83 191
83 198
83 214
83 217
83 220
83 228
83 235
83 241
83 245
83 246
83 270
83 275
83 280
83 283
83 307
83 308
83 340
83 349
84 96
84 115
84 120
84 123
84 169
84 188
84 191
84 198
84 214
84 217
84 220
84 228
84 235
84 241
84 245
84 246
84 270
84 275
84 280
84 283
84 307
84 308
84 340
84 349
85 96
85 115
85 120
85 123
85 161
85 169
85 188
85 191
85 198
85 214
85 217
85 220
85 228
85 235
85 241
85 245
85 246
85 270
85 275
85 280
85 283
85 308
85 340
85 349
86 96
86 115
86 120
86 123
86 161
86 169
86 188
86 191
86 198
86 214
86 217
86 220
86 228
86 235
86 241
86 245
86 246
86 270
86 275
86 280
86 283
86 308
86 340
86 349
87 96
87 115
87 120
87 123
87 161
87 169
87 179
87 188
87 191
87 214
87 217
87 220
87 228
87 235
87 241
87 245
87 246
87 270
87 275
87 280
87 283
87 308
87 340
87 349
88 96
88 115
88 120
88 123
88 161
88 169
88 179
88 188
88 191
88 214
88 217
88 220
88 228
88 235
88 241
88 245
88 246
88 270
88 275
88 280
88 283
88 308
88 340
88 349
89 96
89 115
89 120
89 123
89 125
89 139
89 161
89 169
89 179
89 191
89 195
89 217
89 220
89 228
89 235
89 241
89 245
89 246
89 270
89 275
89 280
89 283
89 288
89 308
89 340
89 349
90 96
90 110
90 115
90 120
90 123
90 125
90 139
90 169
90 179
90 191
90 195
90 217
90 220
90 228
90 229
90 235
90 241
90 245
90 246
90 270
90 275
90 280
90 283
90 288
90 308
90 340
90 349
91 96
91 109
91 110
91 115
91 120
91 123
91 125
91 139
91 169
91 179
91 191
91 195
91 217
91 220
91 228
91 229
91 235
91 241
91 245
91 246
91 270
91 275
91 280
91 283
91 288
91 308
91 340
91 349
92 96
92 109
92 110
92 115
92 120
92 123
92 125
92 139
92 169
92 179
92 191
92 195
92 217
92 220
92 228
92 229
92 235
92 241
92 245
92 246
92 270
92 275
92 280
92 283
92 288
92 308
92 340
92 349
93 96
93 109
93 110
93 120
93 123
93 125
93 128
93 139
93 150
93 158
93 159
93 169
93 191
93 195
93 199
93 217
93 220
93 228
93 229
93 245
93 246
93 270
93 275
93 280
93 283
93 288
93 308
93 340
94 96
94 109
94 110
94 120
94 123
94 125
94 128
94 139
94 150
94 158
94 159
94 169
94 191
94 195
94 199
94 217
94 220
94 228
94 229
94 245
94 246
94 270
94 275
94 280
94 283
94 288
94 308
94 340
95 96
95 109
95 110
95 120
95 123
95 125
95 128
95 137
95 139
95 150
95 154
95 158
95 159
95 169
95 191
95 195
95 199
95 228
95 229
95 245
95 246
95 269
95 270
95 280
95 282
95 283
95 308
95 340
96 96
96 109
96 110
96 120
96 123
96 125
96 128
96 137
96 139
96 150
96 154
96 158
96 159
96 169
96 191
96 195
96 199
96 228
96 229
96 245
96 246
96 269
96 270
96 280
96 282
96 283
96 308
96 340
97 96
97 109
97 110
97 120
97 125
97 135
97 137
97 139
97 150
97 154
97 158
97 159
97 169
97 186
97 191
97 195
97 228
97 229
97 245
97 246
97 269
97 270
97 280
97 282
97 283
97 308
97 340
98 96
98 109
98 110
98 120
98 125
98 135
98 137
98 139
98 150
98 154
98 158
98 159
98 169
98 186
98 191
98 195
98 228
98 229
98 233
98 245
98 246
98 269
98 270
98 280
98 283
98 308
98 340
99 96
99 109
99 110
99 120
99 125
99 135
99 137
99 139
99 150
99 152
99 154
99 158
99 159
99 169
99 186
99 191
99 195
99 228
99 229
99 233
99 245
99 246
99 269
99 270
99 280
99 283
99 308
99 340
100 96
100 109
100 110
100 120
100 125
100 135
100 139
100 150
100 152
100 154
100 158
100 159
100 169
100 186
100 191
100 195
100 228
100 229
100 233
100 245
100 246
100 269
100 270
100 280
100 283
100 291
100 308
100 340
101 96
101 105
101 109
101 110
101 120
101 125
101 139
101 150
101 152
101 154
101 158
101 159
101 169
101 186
101 191
101 195
101 227
101 228
101 229
101 233
101 245
101 246
101 269
101 270
101 280
101 283
101 291
101 308
101 340
102 96
102 109
102 110
102 120
102 125
102 139
102 150
102 152
102 154
102 158
102 159
102 186
102 191
102 195
102 227
102 228
102 229
102 233
102 245
102 246
102 269
102 270
102 280
102 283
102 291
102 308
102 333
102 340
103 109
103 110
103 112
103 120
103 139
103 150
103 154
103 158
103 159
103 186
103 191
103 225
103 227
103 228
103 229
103 233
103 245
103 246
103 269
103 270
103 280
103 283
103 291
103 308
103 333
103 340
104 109
104 110
104 112
104 120
104 139
104 150
104 154
104 158
104 159
104 186
104 191
104 225
104 227
104 228
104 229
104 233
104 245
104 246
104 269
104 270
104 280
104 283
104 291
104 308
104 333
104 340
105 109
105 110
105 112
105 120
105 139
105 150
105 154
105 158
105 159
105 186
105 191
105 225
105 227
105 228
105 229
105 233
105 245
105 246
105 269
105 270
105 280
105 283
105 291
105 308
105 333
105 340
106 109
106 110
106 112
106 120
106 139
106 148
106 150
106 154
106 158
106 159
106 186
106 191
106 225
106 228
106 229
106 233
106 245
106 246
106 269
106 270
106 280
106 283
106 291
106 308
106 333
106 340
107 109
107 110
107 112
107 120
107 139
107 148
107 150
107 154
107 159
107 186
107 191
107 225
107 228
107 229
107 233
107 245
107 246
107 269
107 270
107 280
107 283
107 291
107 308
107 333
107 340
108 109
108 110
108 112
108 120
108 139
108 148
108 154
108 159
108 186
108 191
108 225
108 228
108 229
108 233
108 245
108 246
108 269
108 270
108 280
108 283
108 291
108 308
108 333
108 340
109 109
109 110
109 112
109 120
109 139
109 148
109 154
109 159
109 186
109 191
109 225
109 228
109 229
109 233
109 245
109 246
109 270
109 280
109 283
109 291
109 294
109 308
109 333
109 340
110 109
110 110
110 112
110 118
110 120
110 139
110 159
110 186
110 191
110 223
110 225
110 228
110 229
110 233
110 245
110 246
110 270
110 280
110 291
110 308
110 333
110 340
111 109
111 110
111 112
111 118
111 120
111 139
111 159
111 186
111 191
111 223
111 225
111 228
111 229
111 233
111 245
111 270
111 280
111 291
111 308
111 333
111 340
112 109
112 110
112 112
112 118
112 120
112 139
112 159
112 177
112 186
112 191
112 196
112 223
112 225
112 229
112 233
112 245
112 270
112 277
112 280
112 291
112 308
112 333
112 340
113 109
113 110
113 112
113 118
113 120
113 159
113 177
113 186
113 191
113 223
113 225
113 229
113 233
113 245
113 253
113 270
113 277
113 280
113 291
113 308
113 333
113 340
113 346
114 110
114 112
114 121
114 127
114 132
114 159
114 177
114 186
114 191
114 207
114 223
114 225
114 229
114 233
114 245
114 253
114 270
114 277
114 280
114 291
114 306
114 308
114 333
114 340
114 346
115 110
115 121
115 127
115 130
115 132
115 159
115 177
115 191
115 207
115 223
115 225
115 229
115 233
115 245
115 253
115 270
115 277
115 280
115 291
115 306
115 333
115 340
115 346
116 110
116 127
116 130
116 132
116 159
116 177
116 191
116 207
116 223
116 225
116 229
116 233
116 245
116 253
116 270
116 277
116 280
116 291
116 306
116 318
116 333
116 340
116 346
117 110
117 127
117 132
117 153
117 159
117 177
117 181
117 191
117 200
117 207
117 223
117 225
117 229
117 233
117 245
117 253
117 277
117 280
117 306
117 318
117 333
117 340
117 346
118 110
118 132
118 133
118 145
118 153
118 157
118 159
118 177
118 181
118 200
118 207
118 209
118 225
118 233
118 253
118 290
118 306
118 318
118 326
118 333
118 340
118 345
118 346
119 133
119 145
119 147
119 153
119 157
119 159
119 177
119 200
119 207
119 225
119 253
119 290
119 293
119 306
119 318
119 326
119 333
119 340
119 345
119 346
120 133
120 145
120 153
120 157
120 177
120 200
120 207
120 225
120 253
120 290
120 293
120 306
120 318
120 326
120 333
120 340
120 345
120 346
121 133
121 145
121 153
121 157
121 177
121 200
121 207
121 225
121 253
121 290
121 293
121 306
121 318
121 326
121 340
121 345
121 346
122 133
122 145
122 153
122 157
122 177
122 200
122 207
122 225
122 253
122 290
122 293
122 306
122 318
122 326
122 340
122 345
122 346
123 129
123 145
123 153
123 157
123 200
123 207
123 225
123 253
123 259
123 293
123 306
123 318
123 324
123 326
123 340
123 345
124 129
124 145
124 153
124 157
124 200
124 207
124 225
124 253
124 259
124 293
124 306
124 318
124 324
124 326
124 340
124 345
125 129
125 145
125 153
125 157
125 200
125 207
125 225
125 253
125 259
125 281
125 293
125 306
125 318
125 324
125 326
125 340
125 345
126 129
126 145
126 153
126 157
126 200
126 207
126 225
126 253
126 259
126 281
126 293
126 306
126 318
126 324
126 326
126 340
126 345
127 129
127 145
127 153
127 157
127 171
127 194
127 200
127 207
127 225
127 253
127 259
127 281
127 293
127 306
127 318
127 324
127 326
127 340
127 345
128 129
128 145
128 153
128 157
128 171
128 194
128 200
128 207
128 225
128 253
128 259
128 281
128 293
128 306
128 318
128 324
128 326
128 340
128 345
129 129
129 145
129 153
129 157
129 171
129 194
129 200
129 207
129 225
129 253
129 259
129 281
129 293
129 306
129 318
129 324
129 326
129 340
129 345
130 129
130 145
130 153
130 157
130 171
130 194
130 200
130 207
130 225
130 253
130 259
130 281
130 293
130 306
130 318
130 324
130 326
130 340
130 345
131 129
131 145
131 153
131 157
131 171
131 194
131 200
131 207
131 225
131 253
131 259
131 281
131 293
131 306
131 318
131 324
131 326
131 340
131 345
132 129
132 145
132 153
132 157
132 171
132 194
132 200
132 207
132 225
132 253
132 259
132 281
132 293
132 306
132 318
132 324
132 326
132 340
132 345
133 129
133 145
133 153
133 157
133 171
133 200
133 207
133 225
133 249
133 253
133 259
133 281
133 293
133 306
133 318
133 324
133 326
133 340
133 345
134 129
134 145
134 153
134 157
134 171
134 200
134 207
134 225
134 249
134 253
134 259
134 281
134 293
134 306
134 318
134 324
134 326
134 340
134 345
135 145
135 153
135 157
135 171
135 200
135 207
135 225
135 249
135 253
135 259
135 281
135 293
135 300
135 306
135 318
135 324
135 326
135 345
136 145
136 153
136 157
136 171
136 200
136 207
136 225
136 249
136 253
136 259
136 281
136 293
136 300
136 306
136 318
136 324
136 326
136 345
137 145
137 153
137 157
137 171
137 200
137 207
137 249
137 253
137 259
137 281
137 293
137 300
137 306
137 318
137 324
137 326
138 145
138 153
138 157
138 171
138 200
138 207
138 249
138 253
138 259
138 281
138 293
138 300
138 306
138 318
138 324
138 326
139 153
139 156
139 157
139 164
139 171
139 197
139 200
139 207
139 230
139 249
139 257
139 259
139 281
139 285
139 286
139 293
139 300
139 306
139 318
139 324
139 326
139 331
140 153
140 156
140 164
140 197
140 200
140 207
140 230
140 236
140 249
140 257
140 259
140 281
140 285
140 286
140 293
140 300
140 306
140 318
140 324
140 326
140 331
141 153
141 156
141 164
141 197
141 200
141 207
141 230
141 236
141 249
141 257
141 259
141 281
141 285
141 286
141 293
141 300
141 306
141 318
141 324
141 326
141 331
142 153
142 156
142 164
142 197
142 200
142 207
142 230
142 236
142 249
142 257
142 259
142 281
142 285
142 286
142 293
142 300
142 306
142 318
142 324
142 326
142 331
143 153
143 156
143 164
143 197
143 200
143 207
143 230
143 236
143 249
143 257
143 259
143 281
143 285
143 286
143 293
143 300
143 306
143 318
143 324
143 326
143 331
144 153
144 156
144 164
144 197
144 200
144 207
144 230
144 236
144 249
144 257
144 259
144 281
144 285
144 286
144 293
144 300
144 306
144 318
144 322
144 324
144 326
144 331
145 153
145 156
145 164
145 176
145 189
145 197
145 200
145 230
145 236
145 249
145 257
145 259
145 285
145 286
145 293
145 300
145 306
145 313
145 318
145 322
145 324
145 326
145 331
146 153
146 156
146 164
146 176
146 197
146 200
146 230
146 236
146 243
146 249
146 256
146 257
146 259
146 279
146 285
146 286
146 293
146 306
146 313
146 318
146 322
146 324
146 326
146 331
147 153
147 156
147 164
147 176
147 197
147 200
147 230
147 236
147 243
147 249
147 255
147 256
147 259
147 279
147 285
147 286
147 293
147 306
147 313
147 318
147 322
147 324
147 326
147 331
147 337
148 153
148 156
148 164
148 176
148 197
148 230
148 236
148 243
148 249
148 255
148 256
148 259
148 263
148 279
148 285
148 286
148 293
148 306
148 313
148 318
148 322
148 324
148 326
148 331
148 337
149 153
149 156
149 164
149 176
149 183
149 197
149 230
149 236
149 243
149 249
149 255
149 256
149 259
149 263
149 279
149 285
149 286
149 293
149 306
149 313
149 318
149 322
149 324
149 326
149 331
149 337
150 156
150 164
150 183
150 197
150 230
150 236
150 243
150 249
150 255
150 256
150 259
150 263
150 279
150 285
150 286
150 293
150 301
150 306
150 313
150 318
150 322
150 324
150 326
150 337
151 156
151 164
151 183
151 193
151 197
151 230
151 236
151 243
151 249
151 255
151 256
151 259
151 263
151 279
151 285
151 286
151 293
151 301
151 306
151 313
151 318
151 322
151 324
151 326
151 337
152 156
152 164
152 183
152 193
152 197
152 230
152 243
152 249
152 255
152 256
152 259
152 263
152 279
152 285
152 286
152 293
152 301
152 306
152 313
152 318
152 322
152 324
152 326
152 337
153 156
153 164
153 183
153 193
153 197
153 230
153 243
153 249
153 255
153 256
153 259
153 263
153 279
153 285
153 286
153 293
153 301
153 306
153 313
153 322
153 324
153 326
153 337
154 156
154 164
154 183
154 193
154 197
154 230
154 243
154 249
154 255
154 256
154 259
154 263
154 279
154 285
154 286
154 293
154 301
154 306
154 313
154 322
154 324
154 326
154 337
155 156
155 164
155 183
155 193
155 197
155 230
155 243
155 249
155 255
155 256
155 259
155 263
155 279
155 285
155 286
155 293
155 301
155 306
155 313
155 322
155 324
155 326
155 337
155 344
156 156
156 164
156 183
156 193
156 197
156 230
156 243
156 249
156 255
156 256
156 259
156 263
156 279
156 285
156 286
156 293
156 301
156 306
156 313
156 322
156 324
156 326
156 337
156 344
157 156
157 164
157 183
157 193
157 197
157 230
157 243
157 249
157 255
157 256
157 259
157 263
157 279
157 285
157 286
157 293
157 301
157 306
157 313
157 322
157 324
157 326
157 337
157 344
158 156
158 164
158 183
158 193
158 197
158 230
158 243
158 249
158 255
158 256
158 259
158 263
158 279
158 285
158 286
158 293
158 298
158 301
158 306
158 313
158 322
158 324
158 326
158 337
158 344
159 164
159 183
159 193
159 197
159 230
159 243
159 249
159 255
159 256
159 259
159 263
159 279
159 285
159 286
159 293
159 298
159 301
159 306
159 313
159 322
159 324
159 326
159 337
159 344
160 164
160 193
160 197
160 201
160 230
160 243
160 249
160 254
160 255
160 256
160 263
160 279
160 285
160 286
160 293
160 298
160 301
160 306
160 313
160 322
160 324
160 326
160 337
160 344
161 164
161 193
161 197
161 201
161 230
161 243
161 249
161 254
161 255
161 256
161 263
161 279
161 285
161 286
161 293
161 298
161 301
161 304
161 306
161 313
161 322
161 324
161 326
161 337
161 344
162 164
162 193
162 197
162 201
162 230
162 243
162 249
162 254
162 255
162 256
162 263
162 279
162 285
162 286
162 293
162 298
162 301
162 304
162 306
162 313
162 322
162 324
162 326
162 337
162 344
163 193
163 197
163 201
163 218
163 230
163 243
163 249
163 254
163 255
163 256
163 263
163 279
163 285
163 286
163 293
163 298
163 301
163 304
163 306
163 313
163 322
163 324
163 326
163 344
164 193
164 197
164 201
164 218
164 230
164 232
164 243
164 249
164 254
164 255
164 263
164 279
164 285
164 286
164 293
164 301
164 304
164 306
164 313
164 316
164 322
164 324
164 326
164 344
165 193
165 197
165 201
165 218
165 230
165 232
165 243
165 249
165 254
165 255
165 263
165 279
165 285
165 286
165 293
165 301
165 304
165 306
165 313
165 316
165 322
165 324
165 326
165 344
166 193
166 197
166 201
166 218
166 232
166 243
166 249
166 254
166 255
166 263
166 279
166 285
166 286
166 301
166 304
166 306
166 313
166 316
166 322
166 324
166 326
166 344
167 193
167 197
167 201
167 218
167 232
167 243
167 249
167 254
167 255
167 263
167 279
167 285
167 286
167 301
167 304
167 306
167 313
167 316
167 322
167 324
167 326
167 344
168 193
168 197
168 201
168 218
168 232
168 243
168 249
168 254
168 255
168 263
168 279
168 285
168 286
168 301
168 304
168 306
168 313
168 316
168 322
168 324
168 326
168 344
169 193
169 197
169 201
169 218
169 232
169 243
169 249
169 254
169 255
169 263
169 279
169 285
169 286
169 301
169 304
169 306
169 316
169 322
169 324
169 326
169 329
169 344
170 193
170 197
170 201
170 218
170 232
170 243
170 249
170 254
170 255
170 263
170 285
170 286
170 301
170 304
170 306
170 316
170 322
170 324
170 326
170 329
170 342
170 344
171 193
171 197
171 201
171 218
171 232
171 243
171 249
171 254
171 255
171 263
171 285
171 286
171 301
171 304
171 306
171 316
171 322
171 324
171 329
171 342
171 344
172 193
172 197
172 201
172 218
172 232
172 243
172 249
172 254
172 255
172 263
172 285
172 286
172 301
172 304
172 306
172 316
172 322
172 324
172 329
172 342
172 344
173 193
173 197
173 201
173 218
173 232
173 243
173 249
173 254
173 255
173 263
173 285
173 286
173 301
173 304
173 306
173 316
173 322
173 324
173 329
173 342
173 344
174 193
174 197
174 201
174 218
174 232
174 243
174 249
174 254
174 255
174 263
174 285
174 286
174 301
174 304
174 306
174 316
174 322
174 324
174 329
174 342
174 344
175 193
175 197
175 201
175 218
175 232
175 243
175 249
175 254
175 255
175 263
175 285
175 286
175 301
175 304
175 306
175 316
175 322
175 324
175 329
175 342
175 344
176 193
176 197
176 201
176 218
176 232
176 243
176 249
176 254
176 255
176 263
176 267
176 285
176 286
176 301
176 304
176 306
176 316
176 322
176 324
176 329
176 342
176 344
177 193
177 197
177 201
177 218
177 232
177 243
177 249
177 254
177 255
177 263
177 267
177 285
177 286
177 301
177 304
177 306
177 316
177 322
177 324
177 329
177 342
177 344
178 193
178 197
178 201
178 218
178 232
178 243
178 249
178 254
178 255
178 263
178 267
178 285
178 286
178 301
178 304
178 306
178 316
178 322
178 324
178 329
178 342
178 344
179 193
179 197
179 201
179 218
179 232
179 254
179 255
179 263
179 267
179 285
179 286
179 301
179 304
179 306
179 316
179 322
179 324
179 329
179 342
179 344
180 193
180 197
180 201
180 218
180 232
180 254
180 255
180 263
180 267
180 285
180 286
180 301
180 304
180 306
180 316
180 322
180 324
180 329
180 342
180 344
181 193
181 197
181 201
181 218
181 232
181 254
181 255
181 263
181 267
181 285
181 286
181 301
181 304
181 306
181 316
181 322
181 324
181 329
181 342
181 344
182 192
182 193
182 197
182 201
182 218
182 238
182 255
182 263
182 267
182 285
182 286
182 301
182 304
182 322
182 324
182 329
182 342
182 344
183 192
183 193
183 197
183 201
183 218
183 238
183 255
183 263
183 267
183 285
183 286
183 301
183 304
183 310
183 322
183 324
183 329
183 342
183 344
184 192
184 193
184 197
184 201
184 218
184 238
184 255
184 263
184 267
184 285
184 286
184 301
184 304
184 310
184 322
184 324
184 328
184 329
184 342
184 344
185 192
185 193
185 197
185 201
185 218
185 231
185 238
185 255
185 263
185 267
185 285
185 286
185 301
185 304
185 310
185 312
185 322
185 324
185 328
185 329
185 342
186 192
186 193
186 197
186 201
186 218
186 231
186 238
186 263
186 267
186 285
186 286
186 301
186 304
186 310
186 312
186 322
186 324
186 328
186 329
186 342
187 192
187 193
187 197
187 201
187 218
187 231
187 238
187 263
187 267
187 285
187 286
187 301
187 304
187 310
187 312
187 322
187 324
187 328
187 329
187 342
188 192
188 193
188 197
188 201
188 218
188 231
188 238
188 263
188 267
188 285
188 286
188 301
188 304
188 310
188 312
188 322
188 324
188 328
188 329
188 342
189 192
189 193
189 197
189 201
189 218
189 231
189 238
189 267
189 285
189 286
189 301
189 304
189 310
189 312
189 322
189 324
189 328
189 329
189 342
190 192
190 193
190 201
190 218
190 238
190 285
190 286
190 301
190 304
190 310
190 312
190 322
190 328
190 329
190 342
191 192
191 201
191 218
191 221
191 238
191 276
191 285
191 286
191 301
191 310
191 312
191 322
191 328
191 329
191 330
191 342
192 192
192 201
192 218
192 238
192 247
192 276
192 285
192 286
192 301
192 310
192 312
192 322
192 328
192 329
192 330
192 342
193 192
193 201
193 208
193 218
193 238
193 247
193 285
193 286
193 301
193 310
193 312
193 322
193 328
193 329
193 330
193 342
194 192
194 201
194 208
194 218
194 238
194 239
194 247
194 285
194 286
194 301
194 310
194 312
194 322
194 328
194 329
194 330
194 342
195 192
195 201
195 208
195 218
195 238
195 239
195 247
195 285
195 286
195 301
195 310
195 312
195 322
195 328
195 329
195 330
195 342
196 192
196 201
196 208
196 218
196 238
196 239
196 247
196 285
196 286
196 301
196 310
196 312
196 322
196 328
196 329
196 330
196 342
197 192
197 201
197 208
197 218
197 238
197 239
197 247
197 285
197 286
197 301
197 305
197 310
197 312
197 322
197 328
197 329
197 330
197 342
198 192
198 201
198 208
198 218
198 238
198 239
198 247
198 285
198 286
198 301
198 305
198 310
198 312
198 322
198 328
198 329
198 330
198 342
199 192
199 201
199 208
199 218
199 238
199 239
199 247
199 285
199 286
199 301
199 305
199 310
199 312
199 322
199 328
199 329
199 330
199 342
200 192
200 201
200 208
200 218
200 238
200 239
200 247
200 285
200 286
200 292
200 301
200 303
200 305
200 310
200 312
200 322
200 328
200 329
200 330
200 342
201 192
201 201
201 208
201 211
201 218
201 238
201 239
201 247
201 286
201 292
201 301
201 303
201 305
201 310
201 312
201 322
201 323
201 329
201 330
201 342
202 192
202 201
202 208
202 211
202 218
202 238
202 239
202 247
202 286
202 292
202 301
202 303
202 305
202 310
202 312
202 322
202 323
202 329
202 330
202 342
203 192
203 201
203 208
203 211
203 218
203 238
203 239
203 247
203 286
203 292
203 301
203 303
203 305
203 312
203 322
203 323
203 329
203 330
203 342
204 201
204 208
204 211
204 216
204 218
204 226
204 238
204 239
204 247
204 261
204 292
204 301
204 303
204 305
204 312
204 322
204 323
204 329
204 330
204 342
205 201
205 208
205 211
205 216
205 218
205 226
205 238
205 239
205 247
205 261
205 292
205 301
205 303
205 305
205 312
205 322
205 323
205 329
205 330
205 342
206 201
206 208
206 211
206 212
206 218
206 226
206 237
206 238
206 239
206 247
206 250
206 261
206 284
206 292
206 301
206 303
206 305
206 312
206 322
206 323
206 329
206 330
206 342
207 201
207 208
207 211
207 212
207 218
207 226
207 237
207 238
207 239
207 247
207 250
207 261
207 284
207 292
207 301
207 303
207 305
207 312
207 322
207 323
207 329
207 330
207 342
207 347
208 201
208 208
208 211
208 212
208 218
208 226
208 237
208 238
208 239
208 247
208 250
208 261
208 284
208 292
208 301
208 303
208 305
208 312
208 322
208 323
208 329
208 330
208 342
209 201
209 208
209 211
209 212
209 218
209 226
209 237
209 238
209 239
209 247
209 250
209 261
209 284
209 292
209 301
209 303
209 305
209 312
209 323
209 329
209 330
209 342
210 201
210 208
210 211
210 212
210 218
210 226
210 237
210 238
210 239
210 247
210 250
210 261
210 284
210 292
210 301
210 303
210 305
210 312
210 323
210 329
210 330
210 342
211 201
211 208
211 211
211 212
211 218
211 226
211 237
211 238
211 239
211 247
211 250
211 261
211 284
211 292
211 301
211 303
211 305
211 312
211 323
211 329
211 330
211 342
212 201
212 208
212 211
212 212
212 218
212 226
212 237
212 238
212 239
212 247
212 250
212 261
212 284
212 292
212 301
212 303
212 305
212 312
212 323
212 329
212 330
212 342
213 201
213 208
213 211
213 212
213 218
213 226
213 237
213 238
213 239
213 247
213 250
213 261
213 284
213 292
213 301
213 303
213 305
213 312
213 323
213 329
213 330
213 342
214 201
214 208
214 211
214 212
214 218
214 226
214 237
214 238
214 239
214 247
214 250
214 261
214 284
214 292
214 301
214 303
214 305
214 312
214 323
214 329
214 330
214 342
215 201
215 208
215 211
215 212
215 218
215 226
215 237
215 238
215 239
215 247
215 250
215 261
215 284
215 292
215 301
215 303
215 323
215 329
215 330
215 342
216 201
216 208
216 211
216 212
216 218
216 226
216 237
216 238
216 239
216 247
216 250
216 261
216 274
216 284
216 287
216 292
216 301
216 303
216 323
216 329
216 330
216 342
217 201
217 208
217 211
217 218
217 226
217 237
217 238
217 239
217 247
217 250
217 261
217 274
217 284
217 287
217 292
217 301
217 303
217 323
217 330
217 342
218 201
218 208
218 211
218 218
218 226
218 237
218 238
218 239
218 247
218 250
218 261
218 274
218 284
218 287
218 292
218 301
218 303
218 323
218 330
218 342
219 201
219 208
219 218
219 226
219 237
219 238
219 239
219 247
219 250
219 261
219 266
219 274
219 284
219 287
219 292
219 301
219 303
219 323
219 330
219 342
220 201
220 208
220 218
220 226
220 237
220 238
220 247
220 248
220 250
220 261
220 266
220 274
220 284
220 287
220 292
220 301
220 303
220 323
220 330
220 342
221 201
221 208
221 218
221 226
221 237
221 238
221 247
221 248
221 250
221 261
221 266
221 274
221 287
221 292
221 301
221 303
221 323
221 330
221 342
222 201
222 208
222 218
222 226
222 237
222 238
222 247
222 248
222 250
222 261
222 262
222 266
222 274
222 287
222 292
222 301
222 303
222 323
222 330
222 342
223 201
223 218
223 226
223 237
223 238
223 247
223 248
223 250
223 261
223 262
223 266
223 274
223 287
223 292
223 301
223 303
223 323
223 330
223 342
224 201
224 218
224 226
224 237
224 238
224 247
224 248
224 250
224 261
224 262
224 266
224 274
224 287
224 292
224 301
224 323
224 330
224 332
224 342
225 201
225 218
225 226
225 237
225 238
225 247
225 248
225 260
225 261
225 262
225 266
225 274
225 287
225 292
225 301
225 323
225 330
225 332
225 342
226 201
226 218
226 226
226 237
226 238
226 247
226 248
226 260
226 261
226 262
226 266
226 274
226 287
226 292
226 301
226 323
226 330
226 332
226 342
227 201
227 218
227 226
227 237
227 238
227 247
227 248
227 260
227 261
227 266
227 274
227 287
227 292
227 301
227 323
227 330
227 332
227 342
228 201
228 218
228 226
228 237
228 238
228 247
228 248
228 260
228 261
228 266
228 274
228 292
228 301
228 323
228 330
228 332
228 342
228 343
229 201
229 218
229 226
229 237
229 238
229 247
229 248
229 260
229 261
229 266
229 274
229 292
229 301
229 323
229 330
229 332
229 342
230 201
230 218
230 226
230 237
230 238
230 247
230 248
230 260
230 261
230 266
230 273
230 274
230 292
230 301
230 323
230 330
230 342
231 201
231 218
231 226
231 237
231 238
231 247
231 248
231 260
231 261
231 266
231 273
231 274
231 292
231 301
231 323
231 330
231 342
232 201
232 218
232 226
232 237
232 238
232 247
232 248
232 261
232 266
232 273
232 274
232 292
232 301
232 323
232 330
232 339
232 342
233 201
233 218
233 226
233 237
233 238
233 247
233 248
233 261
233 266
233 273
233 274
233 292
233 323
233 330
233 339
233 342
234 201
234 218
234 226
234 237
234 238
234 247
234 248
234 252
234 261
234 266
234 268
234 273
234 274
234 292
234 323
234 330
235 201
235 218
235 226
235 237
235 238
235 247
235 248
235 252
235 261
235 266
235 268
235 273
235 274
235 292
235 323
235 330
236 201
236 218
236 226
236 237
236 238
236 247
236 248
236 252
236 261
236 266
236 268
236 273
236 274
236 292
236 323
236 330
237 201
237 218
237 237
237 238
237 248
237 252
237 261
237 266
237 268
237 273
237 292
237 323
237 330
238 237
238 238
238 248
238 252
238 266
238 268
238 273
238 292
238 323
238 330
239 237
239 238
239 248
239 252
239 268
239 273
239 292
239 330
240 237
240 238
240 248
240 252
240 268
240 273
240 292
240 330
241 237
241 238
241 248
241 252
241 268
241 273
241 292
241 330
242 237
242 238
242 248
242 252
242 268
242 273
242 292
242 330
243 237
243 238
243 248
243 252
243 268
243 273
243 292
243 330
244 237
244 238
244 248
244 252
244 268
244 273
244 292
244 330
245 237
245 248
245 252
245 268
245 273
245 330
246 237
246 248
246 252
246 268
246 273
246 330
247 237
247 248
247 252
247 258
247 268
247 273
247 315
247 330
248 237
248 248
248 252
248 258
248 268
248 273
248 315
248 330
249 237
249 248
249 252
249 258
249 268
249 273
249 315
249 330
250 237
250 248
250 252
250 258
250 268
250 273
250 315
250 330
251 248
251 252
251 258
251 268
251 273
251 315
251 319
251 330
252 248
252 252
252 258
252 268
252 273
252 315
252 319
252 330
253 252
253 268
253 271
253 273
253 315
253 319
253 330
254 252
254 268
254 271
254 273
254 315
254 319
254 330
255 252
255 268
255 271
255 273
255 315
255 319
255 330
256 268
256 271
256 273
256 315
256 319
256 330
257 268
257 271
257 315
257 319
257 330
258 268
258 271
258 295
258 315
258 319
258 330
259 268
259 271
259 295
259 315
259 319
259 330
260 268
260 271
260 295
260 315
260 319
260 330
261 268
261 271
261 295
261 315
261 319
261 330
262 268
262 271
262 295
262 315
262 319
262 330
263 268
263 295
263 315
263 319
263 330
263 341
264 268
264 295
264 315
264 319
264 330
264 341
265 268
265 289
265 295
265 315
265 319
265 330
265 341
265 348
266 268
266 289
266 295
266 315
266 319
266 330
266 341
266 348
267 268
267 289
267 295
267 296
267 315
267 319
267 330
267 341
267 348
268 268
268 289
268 295
268 296
268 315
268 319
268 330
268 341
268 348
269 268
269 289
269 295
269 296
269 315
269 319
269 330
269 341
269 348
270 268
270 289
270 295
270 296
270 319
270 330
270 336
270 341
270 348
271 268
271 289
271 295
271 296
271 319
271 330
271 336
271 341
271 348
272 268
272 289
272 295
272 296
272 319
272 330
272 336
272 341
272 348
273 268
273 289
273 295
273 296
273 319
273 330
273 336
273 341
273 348
274 268
274 289
274 295
274 296
274 319
274 330
274 336
274 341
274 348
275 268
275 289
275 295
275 296
275 297
275 319
275 330
275 336
275 341
275 348
276 268
276 289
276 295
276 296
276 297
276 319
276 325
276 330
276 336
276 341
276 348
277 268
277 295
277 296
277 297
277 319
277 325
277 330
277 336
277 341
277 348
278 268
278 295
278 296
278 297
278 319
278 325
278 330
278 336
278 341
278 348
279 268
279 295
279 296
279 297
279 319
279 325
279 330
279 336
279 341
279 348
280 268
280 295
280 296
280 297
280 319
280 325
280 330
280 336
280 341
280 348
281 268
281 295
281 296
281 297
281 319
281 325
281 330
281 336
281 348
282 268
282 295
282 296
282 297
282 319
282 325
282 330
282 336
282 348
283 268
283 295
283 297
283 319
283 325
283 330
283 336
283 338
283 348
284 268
284 295
284 297
284 319
284 325
284 330
284 336
284 338
284 348
285 268
285 295
285 297
285 319
285 325
285 330
285 336
285 338
285 348
286 268
286 295
286 297
286 319
286 325
286 330
286 336
286 338
286 348
287 268
287 295
287 297
287 319
287 325
287 330
287 336
287 338
287 348
288 268
288 295
288 297
288 319
288 325
288 330
288 336
288 338
288 348
289 268
289 295
289 297
289 314
289 319
289 325
289 330
289 336
289 338
289 348
290 268
290 295
290 297
290 314
290 319
290 325
290 330
290 336
290 338
290 348
291 268
291 295
291 297
291 314
291 319
291 325
291 330
291 336
291 338
291 348
292 268
292 295
292 297
292 314
292 319
292 325
292 330
292 336
292 338
292 348
293 268
293 295
293 297
293 314
293 319
293 325
293 330
293 336
293 348
294 268
294 295
294 314
294 319
294 325
294 330
294 336
294 348
295 268
295 295
295 314
295 319
295 325
295 336
295 348
296 268
296 295
296 314
296 319
296 325
296 336
296 348
297 268
297 314
297 319
297 325
297 336
297 348
298 268
298 314
298 319
298 325
298 336
298 348
299 268
299 314
299 319
299 325
299 336
299 348
300 268
300 314
300 319
300 336
300 348
301 268
301 314
301 319
301 336
301 348
302 268
302 314
302 319
302 336
302 348
303 314
303 319
303 321
303 336
303 348
304 314
304 319
304 321
304 336
304 348
305 314
305 319
305 321
305 336
305 348
306 319
306 321
306 336
306 348
307 319
307 321
307 336
307 348
308 319
308 321
308 336
308 348
309 319
309 321
309 336
309 348
310 319
310 321
310 336
311 336
312 336
