0 2
0 47
0 63
1 4
1 5
1 7
1 47
1 63
1 72
2 4
2 7
2 37
2 47
2 63
2 72
2 93
3 9
3 44
3 47
3 63
3 72
3 199
3 290
4 6
4 44
4 47
4 63
4 72
4 115
4 129
4 144
4 199
4 290
5 6
5 8
5 44
5 47
5 63
5 72
5 115
5 129
5 144
5 290
5 347
6 8
6 17
6 43
6 44
6 46
6 47
6 72
6 115
6 129
6 144
6 213
6 290
6 308
6 347
7 8
7 23
7 43
7 44
7 46
7 47
7 72
7 125
7 129
7 144
7 162
7 213
7 290
7 308
7 347
8 15
8 30
8 38
8 43
8 44
8 47
8 54
8 58
8 72
8 125
8 142
8 162
8 178
8 201
8 213
8 235
8 262
8 290
8 308
8 347
9 15
9 30
9 38
9 43
9 44
9 47
9 54
9 58
9 72
9 125
9 142
9 162
9 178
9 201
9 213
9 235
9 262
9 290
9 308
9 347
10 15
10 18
10 30
10 38
10 43
10 44
10 50
10 54
10 58
10 68
10 72
10 125
10 142
10 162
10 178
10 201
10 213
10 235
10 262
10 290
10 308
10 347
11 14
11 15
11 21
11 25
11 30
11 36
11 43
11 48
11 58
11 68
11 125
11 142
11 148
11 162
11 170
11 178
11 201
11 213
11 235
11 262
11 290
11 308
11 347
12 20
12 22
12 30
12 36
12 40
12 48
12 58
12 70
12 73
12 85
12 125
12 136
12 162
12 170
12 178
12 201
12 213
12 235
12 246
12 249
12 262
12 265
12 290
12 308
12 335
12 347
13 20
13 22
13 30
13 36
13 40
13 48
13 58
13 70
13 73
13 85
13 125
13 136
13 162
13 170
13 178
13 201
13 213
13 235
13 246
13 249
13 262
13 265
13 290
13 308
13 335
13 347
14 20
14 22
14 36
14 40
14 48
14 58
14 70
14 73
14 85
14 125
14 136
14 162
14 170
14 178
14 201
14 213
14 223
14 235
14 246
14 249
14 262
14 265
14 290
14 308
14 335
14 347
15 20
15 22
15 36
15 40
15 48
15 58
15 70
15 73
15 85
15 125
15 136
15 162
15 170
15 178
15 201
15 213
15 223
15 235
15 246
15 249
15 262
15 265
15 290
15 308
15 335
15 347
16 20
16 27
16 36
16 48
16 58
16 60
16 70
16 73
16 85
16 125
16 136
16 162
16 170
16 178
16 201
16 213
16 223
16 235
16 246
16 249
16 262
16 290
16 308
16 335
16 347
17 35
17 48
17 49
17 57
17 60
17 69
17 73
17 75
17 81
17 87
17 125
17 178
17 182
17 201
17 213
17 222
17 223
17 235
17 246
17 249
17 259
17 262
17 282
17 290
17 303
17 308
17 320
17 335
17 347
18 35
18 48
18 49
18 57
18 60
18 69
18 73
18 75
18 78
18 81
18 87
18 125
18 178
18 182
18 201
18 213
18 222
18 223
18 235
18 246
18 249
18 262
18 282
18 290
18 303
18 308
18 320
18 347
19 32
19 35
19 49
19 55
19 57
19 60
19 73
19 75
19 78
19 81
19 87
19 125
19 178
19 182
19 213
19 222
19 223
19 229
19 246
19 249
19 262
19 282
19 290
19 303
19 308
19 320
19 347
20 35
20 49
20 55
20 57
20 60
20 73
20 78
20 87
20 128
20 158
20 178
20 182
20 213
20 222
20 223
20 229
20 246
20 249
20 262
20 282
20 290
20 303
20 308
20 320
20 336
20 347
21 35
21 49
21 55
21 57
21 60
21 73
21 78
21 87
21 128
21 158
21 178
21 182
21 213
21 222
21 223
21 246
21 249
21 262
21 282
21 290
21 303
21 308
21 320
21 336
21 347
22 35
22 49
22 55
22 57
22 60
22 73
22 78
22 87
22 128
22 158
22 178
22 182
22 213
22 222
22 223
22 246
22 249
22 262
22 282
22 290
22 303
22 308
22 320
22 336
22 347
23 29
23 35
23 49
23 55
23 57
23 60
23 73
23 78
23 87
23 128
23 158
23 178
23 182
23 213
23 222
23 223
23 246
23 249
23 262
23 282
23 290
23 303
23 308
23 320
23 336
23 347
24 29
24 35
24 49
24 53
24 57
24 60
24 78
24 128
24 158
24 178
24 182
24 222
24 223
24 246
24 249
24 262
24 282
24 290
24 303
24 308
24 320
24 336
24 347
25 29
25 35
25 49
25 57
25 60
25 78
25 101
25 128
25 158
25 178
25 182
25 222
25 223
25 246
25 249
25 262
25 282
25 290
25 303
25 308
25 320
25 336
25 347
26 29
26 35
26 49
26 57
26 60
26 78
26 101
26 128
26 158
26 178
26 182
26 222
26 223
26 246
26 249
26 262
26 282
26 290
26 303
26 308
26 320
26 336
26 347
27 29
27 35
27 49
27 57
27 60
27 78
27 101
27 128
27 158
27 178
27 182
27 222
27 223
27 246
27 249
27 262
27 282
27 290
27 303
27 308
27 320
27 336
27 347
28 29
28 34
28 49
28 57
28 60
28 78
28 101
28 128
28 158
28 178
28 182
28 217
28 222
28 223
28 246
28 249
28 262
28 282
28 308
28 320
28 336
28 347
29 29
29 34
29 60
29 62
29 64
29 79
29 86
29 101
29 158
29 166
29 178
29 179
29 182
29 200
29 217
29 222
29 223
29 246
29 249
29 262
29 282
29 308
29 320
29 336
29 347
30 29
30 60
30 62
30 64
30 79
30 86
30 101
30 158
30 166
30 178
30 179
30 182
30 200
30 217
30 222
30 223
30 246
30 249
30 262
30 282
30 308
30 320
30 329
30 336
30 347
31 56
31 79
31 86
31 101
31 158
31 178
31 179
31 182
31 190
31 200
31 217
31 222
31 223
31 246
31 249
31 256
31 257
31 262
31 275
31 280
31 282
31 301
31 308
31 318
31 320
31 329
31 336
31 347
32 39
32 56
32 79
32 86
32 101
32 158
32 178
32 179
32 182
32 190
32 200
32 217
32 222
32 223
32 246
32 249
32 256
32 257
32 262
32 280
32 282
32 301
32 308
32 318
32 320
32 329
32 336
32 347
33 56
33 79
33 99
33 101
33 126
33 178
33 179
33 182
33 190
33 200
33 222
33 223
33 246
33 249
33 256
33 257
33 262
33 280
33 282
33 301
33 308
33 318
33 320
33 329
33 336
33 347
34 56
34 79
34 99
34 101
34 126
34 178
34 179
34 182
34 190
34 200
34 222
34 223
34 246
34 249
34 256
34 257
34 262
34 280
34 282
34 301
34 308
34 318
34 320
34 329
34 336
34 347
35 45
35 56
35 79
35 99
35 101
35 126
35 178
35 179
35 182
35 190
35 200
35 222
35 223
35 246
35 249
35 256
35 257
35 262
35 280
35 282
35 301
35 308
35 318
35 320
35 329
35 336
35 347
36 45
36 56
36 65
36 79
36 101
36 126
36 178
36 179
36 182
36 190
36 200
36 222
36 223
36 246
36 249
36 256
36 257
36 262
36 280
36 282
36 301
36 308
36 318
36 320
36 329
36 336
36 340
36 347
37 45
37 56
37 65
37 71
37 79
37 101
37 126
37 179
37 182
37 190
37 192
37 200
37 222
37 223
37 246
37 248
37 249
37 256
37 257
37 262
37 280
37 282
37 301
37 308
37 318
37 320
37 329
37 336
37 340
37 347
38 45
38 65
38 71
38 79
38 101
38 126
38 154
38 159
38 179
38 182
38 190
38 192
38 200
38 222
38 223
38 246
38 248
38 249
38 256
38 257
38 262
38 280
38 282
38 301
38 308
38 318
38 320
38 329
38 336
38 340
38 347
39 42
39 45
39 65
39 71
39 76
39 79
39 100
39 101
39 154
39 159
39 179
39 182
39 190
39 192
39 200
39 223
39 246
39 248
39 256
39 257
39 262
39 280
39 282
39 301
39 308
39 318
39 320
39 329
39 336
39 340
39 347
40 42
40 45
40 65
40 71
40 76
40 79
40 100
40 101
40 154
40 159
40 179
40 182
40 190
40 192
40 200
40 223
40 246
40 248
40 256
40 257
40 262
40 280
40 282
40 301
40 308
40 318
40 320
40 329
40 336
40 340
40 347
41 59
41 71
41 84
41 98
41 100
41 114
41 134
41 154
41 159
41 179
41 182
41 190
41 192
41 200
41 223
41 246
41 248
41 256
41 257
41 262
41 280
41 282
41 301
41 308
41 320
41 329
41 336
41 340
41 347
42 71
42 80
42 84
42 98
42 114
42 134
42 154
42 159
42 179
42 182
42 190
42 192
42 200
42 220
42 223
42 246
42 248
42 256
42 257
42 262
42 280
42 282
42 301
42 308
42 320
42 329
42 336
42 347
43 61
43 71
43 80
43 84
43 98
43 114
43 134
43 154
43 159
43 179
43 182
43 190
43 192
43 200
43 220
43 223
43 246
43 248
43 256
43 257
43 262
43 280
43 282
43 301
43 308
43 320
43 329
43 336
43 347
44 61
44 71
44 80
44 84
44 98
44 103
44 134
44 159
44 179
44 182
44 190
44 192
44 200
44 220
44 223
44 246
44 248
44 256
44 257
44 262
44 280
44 282
44 301
44 308
44 320
44 323
44 329
44 336
44 347
45 80
45 84
45 89
45 98
45 108
45 112
45 120
45 134
45 143
45 149
45 159
45 179
45 182
45 192
45 200
45 220
45 238
45 246
45 248
45 256
45 257
45 262
45 280
45 301
45 308
45 320
45 323
45 329
45 336
45 342
45 347
46 80
46 84
46 89
46 98
46 107
46 108
46 112
46 116
46 120
46 134
46 143
46 149
46 159
46 179
46 182
46 192
46 200
46 220
46 238
46 246
46 248
46 256
46 257
46 262
46 280
46 301
46 308
46 320
46 323
46 329
46 336
46 342
46 347
47 84
47 89
47 107
47 108
47 112
47 116
47 134
47 143
47 149
47 159
47 179
47 182
47 192
47 200
47 220
47 238
47 248
47 256
47 257
47 262
47 280
47 301
47 308
47 320
47 323
47 329
47 336
47 342
47 347
48 84
48 89
48 107
48 108
48 112
48 116
48 134
48 143
48 149
48 159
48 179
48 182
48 192
48 200
48 220
48 238
48 248
48 256
48 257
48 262
48 280
48 301
48 308
48 320
48 323
48 329
48 336
48 342
48 347
49 84
49 89
49 97
49 107
49 108
49 112
49 116
49 133
49 134
49 143
49 149
49 182
49 192
49 200
49 220
49 238
49 248
49 256
49 257
49 262
49 280
49 301
49 308
49 320
49 323
49 329
49 336
49 342
49 347
50 84
50 89
50 97
50 107
50 108
50 112
50 116
50 133
50 134
50 143
50 149
50 182
50 192
50 200
50 220
50 238
50 248
50 256
50 257
50 262
50 280
50 301
50 308
50 320
50 323
50 329
50 336
50 342
50 347
51 84
51 89
51 97
51 107
51 108
51 112
51 116
51 133
51 134
51 143
51 149
51 182
51 192
51 200
51 220
51 238
51 248
51 256
51 257
51 262
51 280
51 301
51 308
51 320
51 323
51 329
51 336
51 342
51 347
52 66
52 84
52 89
52 91
52 97
52 108
52 112
52 116
52 133
52 134
52 143
52 149
52 182
52 192
52 200
52 220
52 238
52 248
52 256
52 257
52 262
52 280
52 301
52 308
52 320
52 323
52 329
52 336
52 342
52 347
53 66
53 84
53 89
53 91
53 97
53 108
53 112
53 116
53 134
53 143
53 149
53 182
53 192
53 200
53 206
53 220
53 238
53 248
53 256
53 257
53 262
53 280
53 301
53 308
53 320
53 323
53 329
53 336
53 342
53 344
53 347
54 66
54 89
54 90
54 91
54 96
54 97
54 106
54 112
54 116
54 134
54 143
54 149
54 182
54 192
54 200
54 206
54 220
54 238
54 241
54 248
54 257
54 262
54 280
54 301
54 308
54 320
54 323
54 329
54 336
54 342
54 344
54 347
55 66
55 90
55 91
55 96
55 97
55 106
55 112
55 116
55 134
55 143
55 149
55 182
55 192
55 200
55 206
55 220
55 238
55 241
55 248
55 257
55 262
55 280
55 301
55 308
55 320
55 323
55 329
55 342
55 344
55 347
56 66
56 90
56 91
56 96
56 97
56 106
56 112
56 116
56 134
56 143
56 149
56 182
56 192
56 200
56 206
56 220
56 238
56 241
56 248
56 257
56 262
56 280
56 301
56 308
56 320
56 323
56 329
56 342
56 344
56 347
57 66
57 90
57 91
57 96
57 97
57 106
57 130
57 134
57 143
57 149
57 182
57 192
57 200
57 206
57 218
57 220
57 238
57 241
57 248
57 257
57 262
57 280
57 301
57 308
57 320
57 323
57 329
57 342
57 344
57 347
58 66
58 90
58 91
58 96
58 97
58 106
58 130
58 134
58 143
58 149
58 182
58 192
58 198
58 200
58 206
58 218
58 220
58 238
58 241
58 248
58 257
58 280
58 301
58 308
58 320
58 323
58 329
58 342
58 344
58 347
59 66
59 90
59 91
59 96
59 97
59 106
59 130
59 134
59 143
59 149
59 182
59 192
59 198
59 200
59 206
59 218
59 220
59 238
59 241
59 248
59 280
59 301
59 308
59 320
59 323
59 329
59 342
59 344
60 66
60 90
60 91
60 96
60 97
60 106
60 130
60 134
60 143
60 149
60 182
60 192
60 198
60 200
60 206
60 218
60 220
60 238
60 241
60 248
60 276
60 301
60 306
60 308
60 320
60 323
60 329
60 342
60 344
61 66
61 67
61 90
61 96
61 97
61 106
61 113
61 130
61 134
61 143
61 149
61 182
61 191
61 192
61 198
61 200
61 218
61 220
61 238
61 241
61 248
61 276
61 301
61 306
61 308
61 320
61 323
61 329
61 342
61 344
62 66
62 67
62 90
62 96
62 97
62 106
62 113
62 130
62 134
62 143
62 149
62 182
62 191
62 192
62 198
62 200
62 218
62 220
62 238
62 241
62 248
62 276
62 301
62 306
62 308
62 320
62 323
62 329
62 333
62 342
62 344
63 66
63 67
63 90
63 96
63 97
63 106
63 113
63 130
63 134
63 143
63 149
63 182
63 191
63 192
63 198
63 200
63 218
63 220
63 238
63 241
63 248
63 276
63 301
63 306
63 308
63 320
63 323
63 329
63 333
63 342
63 344
64 66
64 67
64 90
64 94
64 96
64 97
64 106
64 113
64 130
64 134
64 143
64 149
64 156
64 182
64 191
64 192
64 198
64 200
64 218
64 220
64 238
64 241
64 248
64 276
64 301
64 306
64 308
64 320
64 323
64 329
64 333
64 342
64 344
65 66
65 67
65 90
65 94
65 96
65 97
65 106
65 113
65 134
65 143
65 149
65 156
65 182
65 191
65 198
65 200
65 220
65 238
65 241
65 248
65 276
65 301
65 306
65 308
65 313
65 320
65 323
65 329
65 333
65 342
65 344
66 66
66 67
66 90
66 94
66 95
66 96
66 97
66 106
66 113
66 134
66 139
66 156
66 177
66 180
66 182
66 188
66 191
66 198
66 200
66 207
66 220
66 238
66 241
66 248
66 276
66 301
66 306
66 308
66 313
66 317
66 320
66 323
66 329
66 333
66 342
66 344
67 66
67 67
67 90
67 96
67 97
67 106
67 113
67 139
67 156
67 165
67 177
67 180
67 182
67 188
67 191
67 198
67 200
67 207
67 220
67 238
67 241
67 248
67 276
67 301
67 306
67 308
67 313
67 317
67 320
67 323
67 329
67 333
67 342
67 344
68 66
68 67
68 90
68 96
68 97
68 113
68 139
68 147
68 156
68 165
68 177
68 180
68 182
68 188
68 191
68 198
68 200
68 207
68 220
68 238
68 241
68 248
68 276
68 301
68 306
68 308
68 313
68 317
68 320
68 323
68 329
68 333
68 342
68 344
69 66
69 67
69 90
69 96
69 97
69 113
69 139
69 147
69 156
69 165
69 177
69 180
69 188
69 191
69 198
69 200
69 207
69 220
69 238
69 241
69 248
69 276
69 301
69 306
69 308
69 313
69 317
69 320
69 323
69 329
69 333
69 342
69 344
70 66
70 90
70 96
70 97
70 102
70 105
70 113
70 139
70 147
70 156
70 165
70 177
70 180
70 191
70 198
70 200
70 207
70 220
70 238
70 241
70 248
70 276
70 301
70 306
70 308
70 313
70 317
70 320
70 323
70 329
70 333
70 338
70 342
70 344
71 66
71 90
71 96
71 97
71 102
71 105
71 113
71 139
71 156
71 165
71 177
71 180
71 191
71 198
71 200
71 207
71 220
71 238
71 241
71 248
71 276
71 301
71 306
71 308
71 313
71 317
71 320
71 323
71 329
71 333
71 338
71 342
71 344
72 66
72 90
72 96
72 97
72 102
72 105
72 113
72 139
72 156
72 165
72 177
72 180
72 191
72 198
72 200
72 207
72 220
72 241
72 248
72 276
72 301
72 306
72 308
72 313
72 317
72 320
72 323
72 329
72 333
72 338
72 342
72 344
73 66
73 90
73 96
73 97
73 102
73 105
73 110
73 113
73 139
73 156
73 165
73 177
73 180
73 191
73 198
73 200
73 207
73 220
73 241
73 245
73 248
73 276
73 306
73 308
73 313
73 317
73 320
73 323
73 329
73 333
73 338
73 342
73 344
74 66
74 82
74 90
74 96
74 97
74 102
74 105
74 110
74 113
74 139
74 156
74 165
74 177
74 180
74 191
74 198
74 200
74 207
74 220
74 241
74 245
74 248
74 266
74 276
74 306
74 308
74 313
74 317
74 320
74 323
74 329
74 333
74 338
74 342
74 344
75 66
75 90
75 96
75 97
75 102
75 105
75 110
75 113
75 139
75 156
75 165
75 177
75 180
75 191
75 198
75 200
75 207
75 220
75 241
75 245
75 248
75 266
75 276
75 306
75 308
75 313
75 317
75 320
75 323
75 329
75 333
75 338
75 342
75 344
76 66
76 90
76 96
76 97
76 102
76 105
76 110
76 113
76 118
76 121
76 139
76 156
76 165
76 177
76 180
76 191
76 198
76 200
76 203
76 207
76 220
76 241
76 245
76 248
76 266
76 276
76 306
76 308
76 313
76 317
76 320
76 323
76 329
76 333
76 337
76 338
76 342
76 344
77 90
77 96
77 110
77 113
77 118
77 119
77 121
77 156
77 165
77 177
77 186
77 191
77 195
77 198
77 200
77 203
77 207
77 220
77 241
77 245
77 248
77 266
77 276
77 306
77 308
77 313
77 317
77 320
77 323
77 329
77 333
77 337
77 338
77 342
77 344
77 349
78 88
78 90
78 96
78 110
78 113
78 118
78 119
78 121
78 156
78 165
78 177
78 185
78 186
78 191
78 195
78 198
78 200
78 203
78 207
78 220
78 241
78 245
78 248
78 266
78 276
78 306
78 308
78 313
78 317
78 320
78 323
78 329
78 333
78 337
78 338
78 342
78 344
78 349
79 88
79 96
79 110
79 113
79 118
79 119
79 156
79 165
79 177
79 185
79 186
79 191
79 195
79 198
79 200
79 203
79 207
79 220
79 241
79 245
79 248
79 266
79 276
79 306
79 308
79 313
79 317
79 320
79 323
79 329
79 333
79 337
79 338
79 342
79 344
79 349
80 88
80 96
80 110
80 113
80 118
80 119
80 156
80 165
80 177
80 185
80 186
80 191
80 195
80 198
80 200
80 203
80 207
80 220
80 241
80 245
80 248
80 266
80 276
80 306
80 308
80 313
80 317
80 320
80 323
80 329
80 333
80 337
80 338
80 342
80 344
80 349
81 88
81 96
81 110
81 113
81 118
81 119
81 156
81 165
81 177
81 185
81 186
81 191
81 195
81 198
81 200
81 203
81 207
81 220
81 241
81 245
81 248
81 266
81 276
81 306
81 308
81 313
81 317
81 320
81 323
81 329
81 333
81 337
81 338
81 342
81 344
81 349
82 88
82 92
82 96
82 110
82 113
82 118
82 119
82 151
82 156
82 165
82 177
82 185
82 186
82 191
82 195
82 198
82 200
82 203
82 207
82 220
82 241
82 247
82 248
82 266
82 276
82 306
82 308
82 313
82 317
82 320
82 323
82 329
82 333
82 337
82 338
82 342
82 344
82 349
83 88
83 92
83 96
83 110
83 113
83 119
83 151
83 156
83 165
83 177
83 185
83 186
83 191
83 195
83 198
83 200
83 203
83 207
83 220
83 241
83 247
83 248
83 266
83 276
83 306
83 308
83 313
83 317
83 320
83 323
83 329
83 333
83 337
83 338
83 342
83 344
83 349
84 88
84 92
84 96
84 110
84 113
84 119
84 151
84 156
84 165
84 168
84 177
84 181
84 185
84 186
84 191
84 195
84 198
84 200
84 203
84 207
84 220
84 241
84 247
84 248
84 266
84 276
84 308
84 313
84 316
84 317
84 320
84 323
84 329
84 333
84 337
84 338
84 342
84 344
84 349
85 88
85 92
85 96
85 110
85 113
85 119
85 151
85 156
85 165
85 168
85 177
85 181
85 185
85 186
85 191
85 195
85 198
85 200
85 203
85 207
85 220
85 241
85 247
85 248
85 266
85 276
85 308
85 313
85 316
85 317
85 320
85 323
85 329
85 333
85 337
85 338
85 342
85 344
85 349
86 88
86 92
86 96
86 110
86 119
86 156
86 165
86 168
86 177
86 181
86 185
86 186
86 191
86 195
86 198
86 200
86 203
86 207
86 220
86 241
86 247
86 248
86 266
86 276
86 308
86 313
86 316
86 317
86 320
86 323
86 329
86 333
86 337
86 338
86 342
86 344
86 349
87 88
87 96
87 110
87 119
87 156
87 165
87 168
87 177
87 181
87 185
87 186
87 191
87 195
87 198
87 200
87 203
87 207
87 220
87 241
87 247
87 248
87 266
87 276
87 308
87 313
87 316
87 317
87 320
87 323
87 329
87 333
87 337
87 338
87 342
87 344
87 349
88 88
88 96
88 110
88 119
88 156
88 165
88 168
88 177
88 181
88 185
88 186
88 191
88 195
88 198
88 200
88 203
88 207
88 220
88 241
88 247
88 248
88 266
88 276
88 308
88 313
88 316
88 317
88 320
88 323
88 329
88 333
88 337
88 338
88 342
88 344
88 349
89 88
89 96
89 110
89 119
89 156
89 165
89 168
89 177
89 181
89 185
89 186
89 191
89 195
89 198
89 200
89 203
89 207
89 220
89 241
89 247
89 248
89 266
89 276
89 308
89 313
89 316
89 317
89 320
89 323
89 329
89 333
89 337
89 338
89 342
89 344
89 349
90 88
90 96
90 110
90 119
90 145
90 165
90 168
90 177
90 181
90 185
90 191
90 195
90 198
90 200
90 203
90 207
90 220
90 241
90 247
90 248
90 266
90 276
90 308
90 313
90 316
90 317
90 320
90 323
90 329
90 333
90 337
90 338
90 342
90 344
90 349
91 88
91 110
91 123
91 145
91 164
91 165
91 168
91 177
91 181
91 185
91 191
91 195
91 198
91 200
91 203
91 207
91 220
91 221
91 241
91 247
91 248
91 266
91 276
91 308
91 316
91 317
91 320
91 323
91 329
91 333
91 337
91 338
91 342
91 344
91 349
92 110
92 123
92 145
92 164
92 165
92 168
92 177
92 181
92 185
92 191
92 195
92 198
92 200
92 203
92 207
92 220
92 221
92 241
92 247
92 248
92 266
92 276
92 308
92 316
92 317
92 320
92 323
92 329
92 333
92 337
92 338
92 344
93 123
93 127
93 131
93 138
93 141
93 164
93 165
93 168
93 177
93 181
93 185
93 191
93 195
93 198
93 200
93 203
93 207
93 220
93 221
93 241
93 247
93 248
93 276
93 308
93 316
93 317
93 320
93 323
93 329
93 333
93 337
93 338
93 344
94 123
94 127
94 131
94 138
94 141
94 164
94 165
94 168
94 177
94 181
94 185
94 191
94 195
94 198
94 200
94 203
94 207
94 220
94 221
94 241
94 247
94 248
94 276
94 308
94 316
94 317
94 320
94 323
94 329
94 333
94 337
94 338
94 344
95 123
95 127
95 131
95 138
95 141
95 164
95 165
95 168
95 177
95 181
95 185
95 191
95 195
95 198
95 200
95 203
95 207
95 220
95 221
95 241
95 247
95 248
95 276
95 308
95 317
95 320
95 323
95 329
95 333
95 337
95 338
95 344
96 131
96 138
96 141
96 164
96 165
96 168
96 177
96 181
96 185
96 191
96 195
96 198
96 200
96 203
96 207
96 220
96 221
96 241
96 247
96 248
96 276
96 308
96 317
96 320
96 323
96 329
96 330
96 333
96 337
96 338
96 344
97 122
97 124
97 138
97 141
97 150
97 164
97 165
97 171
97 181
97 185
97 191
97 195
97 198
97 200
97 203
97 207
97 214
97 220
97 221
97 233
97 241
97 247
97 248
97 276
97 308
97 317
97 320
97 323
97 330
97 333
97 337
97 344
98 122
98 124
98 138
98 141
98 150
98 164
98 165
98 171
98 181
98 185
98 191
98 195
98 198
98 200
98 203
98 207
98 214
98 220
98 221
98 233
98 241
98 247
98 248
98 276
98 308
98 317
98 320
98 323
98 330
98 333
98 337
98 344
99 122
99 124
99 138
99 141
99 150
99 164
99 165
99 171
99 181
99 185
99 191
99 195
99 198
99 200
99 203
99 207
99 214
99 220
99 221
99 233
99 241
99 247
99 248
99 276
99 308
99 317
99 320
99 323
99 330
99 333
99 337
99 344
100 122
100 124
100 138
100 141
100 150
100 164
100 171
100 181
100 185
100 191
100 195
100 198
100 200
100 203
100 207
100 214
100 220
100 233
100 241
100 248
100 276
100 308
100 317
100 320
100 330
100 333
100 337
100 344
101 122
101 124
101 138
101 141
101 150
101 164
101 171
101 181
101 185
101 191
101 195
101 198
101 200
101 203
101 207
101 214
101 220
101 233
101 241
101 248
101 276
101 308
101 317
101 320
101 330
101 333
101 337
101 344
102 122
102 138
102 141
102 164
102 171
102 181
102 185
102 191
102 195
102 198
102 200
102 203
102 207
102 214
102 220
102 233
102 234
102 241
102 248
102 251
102 276
102 308
102 320
102 330
102 333
102 337
102 344
103 104
103 109
103 122
103 138
103 141
103 164
103 171
103 181
103 185
103 191
103 195
103 198
103 200
103 203
103 207
103 210
103 214
103 220
103 233
103 234
103 241
103 248
103 251
103 276
103 277
103 308
103 320
103 330
103 333
103 337
103 344
104 104
104 109
104 122
104 138
104 141
104 164
104 171
104 181
104 185
104 191
104 195
104 198
104 200
104 203
104 207
104 210
104 214
104 220
104 233
104 234
104 241
104 248
104 251
104 276
104 277
104 320
104 330
104 333
104 337
104 344
105 109
105 122
105 138
105 141
105 146
105 164
105 171
105 181
105 185
105 191
105 195
105 198
105 203
105 207
105 208
105 210
105 214
105 220
105 241
105 248
105 251
105 276
105 277
105 320
105 330
105 333
105 337
105 344
105 345
106 109
106 122
106 138
106 141
106 146
106 164
106 171
106 181
106 185
106 191
106 195
106 198
106 203
106 207
106 208
106 210
106 214
106 220
106 241
106 248
106 251
106 276
106 277
106 320
106 330
106 333
106 337
106 344
106 345
107 109
107 122
107 138
107 141
107 146
107 164
107 171
107 181
107 185
107 191
107 195
107 198
107 203
107 207
107 208
107 214
107 220
107 241
107 248
107 251
107 276
107 277
107 320
107 330
107 333
107 337
107 344
107 345
108 109
108 122
108 138
108 141
108 146
108 164
108 171
108 181
108 184
108 185
108 195
108 198
108 203
108 207
108 208
108 214
108 220
108 241
108 248
108 251
108 276
108 277
108 330
108 333
108 337
108 344
108 345
109 109
109 122
109 138
109 141
109 146
109 164
109 171
109 181
109 184
109 185
109 195
109 198
109 203
109 207
109 208
109 214
109 220
109 241
109 248
109 251
109 276
109 277
109 295
109 330
109 333
109 337
109 344
110 122
110 132
110 141
110 146
110 155
110 160
110 164
110 171
110 184
110 185
110 195
110 198
110 203
110 207
110 208
110 214
110 220
110 241
110 248
110 251
110 258
110 261
110 276
110 277
110 295
110 330
110 333
110 337
110 344
111 122
111 132
111 141
111 146
111 155
111 160
111 164
111 171
111 184
111 185
111 195
111 198
111 203
111 207
111 208
111 214
111 241
111 248
111 251
111 258
111 261
111 276
111 277
111 295
111 330
111 333
111 337
111 344
112 132
112 141
112 146
112 155
112 160
112 164
112 171
112 184
112 185
112 195
112 198
112 203
112 207
112 208
112 214
112 241
112 248
112 251
112 258
112 261
112 276
112 277
112 295
112 330
112 333
112 337
112 344
113 132
113 141
113 146
113 155
113 160
113 164
113 171
113 184
113 185
113 195
113 198
113 203
113 207
113 208
113 209
113 214
113 241
113 248
113 251
113 258
113 261
113 276
113 277
113 295
113 330
113 333
113 337
113 344
114 132
114 141
114 146
114 155
114 160
114 164
114 171
114 184
114 185
114 195
114 198
114 203
114 207
114 208
114 209
114 214
114 241
114 248
114 251
114 258
114 261
114 276
114 277
114 295
114 330
114 333
114 337
114 344
115 132
115 141
115 146
115 155
115 160
115 164
115 171
115 185
115 195
115 198
115 203
115 207
115 208
115 209
115 214
115 241
115 248
115 251
115 258
115 261
115 276
115 277
115 295
115 330
115 333
115 337
115 344
116 132
116 141
116 146
116 155
116 160
116 164
116 171
116 185
116 195
116 198
116 203
116 207
116 208
116 209
116 214
116 241
116 248
116 251
116 258
116 261
116 276
116 277
116 295
116 330
116 333
116 337
116 344
117 132
117 141
117 146
117 155
117 160
117 164
117 171
117 185
117 195
117 198
117 203
117 207
117 208
117 209
117 214
117 241
117 248
117 251
117 258
117 261
117 276
117 277
117 295
117 330
117 337
117 344
118 132
118 157
118 164
118 183
118 185
118 203
118 207
118 208
118 209
118 214
118 240
118 241
118 248
118 251
118 258
118 261
118 276
118 297
118 330
118 337
118 344
119 132
119 157
119 161
119 164
119 183
119 185
119 203
119 207
119 209
119 214
119 240
119 241
119 248
119 251
119 258
119 261
119 276
119 297
119 330
119 337
120 157
120 161
120 164
120 183
120 185
120 203
120 207
120 209
120 214
120 240
120 241
120 248
120 251
120 258
120 261
120 276
120 297
120 330
120 337
121 157
121 161
121 164
121 183
121 185
121 203
121 207
121 209
121 214
121 240
121 241
121 248
121 251
121 258
121 261
121 276
121 297
121 330
121 337
122 157
122 161
122 189
122 203
122 207
122 209
122 214
122 240
122 241
122 248
122 251
122 258
122 267
122 276
122 297
122 330
122 337
123 157
123 161
123 189
123 203
123 207
123 209
123 214
123 240
123 241
123 248
123 251
123 258
123 267
123 276
123 297
123 330
123 337
124 157
124 161
124 189
124 203
124 207
124 209
124 214
124 240
124 241
124 248
124 251
124 258
124 267
124 276
124 330
124 337
125 157
125 161
125 169
125 189
125 203
125 207
125 209
125 214
125 228
125 240
125 241
125 251
125 258
125 267
125 276
125 293
125 319
125 330
126 157
126 161
126 169
126 189
126 203
126 207
126 209
126 214
126 219
126 228
126 240
126 241
126 251
126 258
126 267
126 276
126 293
126 319
126 330
127 157
127 161
127 163
127 169
127 189
127 203
127 207
127 209
127 214
127 228
127 240
127 241
127 250
127 251
127 258
127 267
127 276
127 293
127 319
127 330
128 157
128 161
128 163
128 169
128 189
128 203
128 204
128 207
128 209
128 214
128 228
128 240
128 241
128 250
128 251
128 258
128 267
128 276
128 293
128 319
128 330
129 157
129 161
129 163
129 169
129 189
129 203
129 204
129 207
129 209
129 214
129 228
129 240
129 241
129 250
129 251
129 258
129 267
129 276
129 293
129 319
129 330
130 140
130 157
130 161
130 163
130 169
130 189
130 204
130 207
130 209
130 214
130 228
130 241
130 250
130 251
130 258
130 267
130 276
130 293
130 309
130 319
130 330
131 140
131 157
131 161
131 163
131 169
131 189
131 204
131 207
131 209
131 214
131 228
131 241
131 250
131 251
131 258
131 267
131 276
131 293
131 309
131 319
131 330
132 140
132 157
132 161
132 163
132 169
132 189
132 204
132 207
132 209
132 214
132 228
132 241
132 250
132 251
132 258
132 267
132 276
132 293
132 309
132 319
132 330
133 140
133 157
133 161
133 163
133 169
133 189
133 204
133 207
133 209
133 214
133 228
133 241
133 250
133 251
133 258
133 267
133 276
133 293
133 319
133 330
134 140
134 157
134 161
134 163
134 169
134 189
134 204
134 207
134 209
134 214
134 228
134 241
134 244
134 250
134 251
134 258
134 267
134 276
134 293
134 319
134 330
135 140
135 157
135 161
135 163
135 169
135 189
135 204
135 207
135 209
135 214
135 228
135 241
135 244
135 250
135 251
135 258
135 267
135 276
135 283
135 293
135 319
135 330
136 140
136 157
136 161
136 163
136 169
136 189
136 204
136 207
136 209
136 214
136 228
136 241
136 244
136 250
136 251
136 258
136 267
136 276
136 283
136 293
136 319
136 330
137 140
137 157
137 161
137 163
137 169
137 189
137 204
137 207
137 209
137 214
137 228
137 241
137 244
137 250
137 251
137 258
137 267
137 276
137 283
137 293
137 319
137 330
138 140
138 157
138 161
138 163
138 169
138 189
138 204
138 207
138 209
138 214
138 228
138 241
138 244
138 250
138 258
138 267
138 276
138 283
138 293
138 319
138 330
139 140
139 157
139 161
139 163
139 169
139 189
139 204
139 207
139 209
139 214
139 228
139 241
139 244
139 250
139 258
139 267
139 276
139 283
139 293
139 319
139 330
140 140
140 157
140 161
140 163
140 169
140 187
140 189
140 204
140 207
140 209
140 214
140 228
140 241
140 244
140 250
140 258
140 267
140 276
140 283
140 293
140 319
140 330
141 152
141 157
141 161
141 163
141 187
141 189
141 207
141 209
141 214
141 227
141 228
141 239
141 241
141 243
141 244
141 250
141 258
141 267
141 276
141 283
141 293
141 319
141 330
142 152
142 157
142 161
142 163
142 187
142 189
142 207
142 209
142 214
142 227
142 228
142 239
142 241
142 243
142 244
142 250
142 258
142 267
142 276
142 283
142 293
142 319
142 330
143 152
143 157
143 161
143 163
143 187
143 189
143 207
143 209
143 214
143 227
143 228
143 239
143 241
143 243
143 244
143 250
143 258
143 267
143 276
143 283
143 293
143 319
143 330
144 152
144 157
144 161
144 163
144 187
144 189
144 209
144 214
144 227
144 228
144 239
144 241
144 243
144 244
144 258
144 267
144 276
144 283
144 293
144 319
144 330
145 152
145 157
145 161
145 163
145 187
145 189
145 209
145 214
145 227
145 228
145 239
145 241
145 243
145 244
145 258
145 267
145 276
145 283
145 293
145 319
145 330
146 152
146 157
146 163
146 187
146 189
146 209
146 214
146 228
146 239
146 241
146 243
146 244
146 258
146 267
146 276
146 283
146 293
146 319
146 330
147 152
147 157
147 173
147 174
147 187
147 189
147 209
147 214
147 228
147 239
147 241
147 243
147 244
147 264
147 267
147 276
147 283
147 293
147 311
147 319
147 330
148 152
148 157
148 172
148 173
148 174
148 175
148 187
148 189
148 209
148 214
148 228
148 239
148 241
148 243
148 244
148 264
148 267
148 269
148 276
148 283
148 292
148 293
148 294
148 311
148 319
149 152
149 157
149 173
149 174
149 175
149 187
149 214
149 225
149 241
149 242
149 243
149 255
149 264
149 276
149 283
149 292
149 293
149 294
149 299
149 311
149 319
150 152
150 157
150 173
150 174
150 175
150 187
150 214
150 242
150 243
150 255
150 264
150 276
150 283
150 292
150 293
150 294
150 299
150 311
150 319
151 152
151 157
151 173
151 174
151 175
151 187
151 214
151 242
151 243
151 255
151 264
151 276
151 283
151 292
151 293
151 294
151 299
151 311
151 319
152 152
152 173
152 176
152 187
152 194
152 214
152 242
152 243
152 264
152 292
152 293
152 294
152 311
152 319
153 152
153 173
153 176
153 187
153 194
153 214
153 242
153 243
153 264
153 293
153 294
153 311
153 319
154 152
154 173
154 176
154 187
154 194
154 214
154 242
154 243
154 264
154 293
154 294
154 311
154 319
155 152
155 167
155 173
155 176
155 187
155 194
155 196
155 214
155 226
155 242
155 243
155 264
155 293
155 294
155 311
155 319
156 152
156 167
156 173
156 176
156 187
156 194
156 196
156 214
156 226
156 242
156 243
156 264
156 293
156 294
156 311
156 319
157 152
157 167
157 173
157 176
157 187
157 194
157 196
157 214
157 226
157 230
157 242
157 243
157 264
157 293
157 294
157 311
157 319
158 152
158 167
158 173
158 176
158 187
158 194
158 196
158 214
158 226
158 230
158 242
158 243
158 264
158 293
158 294
158 319
159 152
159 167
159 176
159 187
159 194
159 196
159 214
159 215
159 230
159 242
159 243
159 264
159 287
159 293
159 294
159 319
159 343
160 152
160 167
160 176
160 187
160 194
160 196
160 214
160 215
160 230
160 242
160 243
160 264
160 287
160 293
160 294
160 319
160 343
161 152
161 167
161 176
161 187
161 194
161 196
161 214
161 215
161 230
161 242
161 243
161 264
161 287
161 293
161 294
161 314
161 319
161 343
162 152
162 167
162 176
162 187
162 194
162 196
162 214
162 230
162 242
162 243
162 264
162 287
162 293
162 294
162 314
162 319
162 343
163 152
163 167
163 176
163 187
163 194
163 196
163 214
163 230
163 242
163 243
163 264
163 287
163 293
163 294
163 314
163 319
163 343
164 152
164 167
164 176
164 187
164 194
164 196
164 214
164 224
164 230
164 242
164 243
164 264
164 287
164 293
164 294
164 296
164 314
164 319
164 343
165 167
165 176
165 187
165 194
165 196
165 214
165 224
165 230
165 242
165 243
165 264
165 287
165 293
165 294
165 296
165 314
165 319
166 167
166 176
166 187
166 194
166 196
166 214
166 224
166 230
166 242
166 243
166 264
166 287
166 293
166 294
166 296
166 314
166 319
167 167
167 176
167 187
167 194
167 196
167 214
167 224
167 230
167 242
167 243
167 264
167 287
167 293
167 294
167 296
167 314
167 319
168 167
168 187
168 194
168 196
168 224
168 230
168 242
168 243
168 264
168 286
168 287
168 293
168 294
168 296
168 314
168 319
169 167
169 187
169 194
169 196
169 224
169 230
169 242
169 243
169 264
169 286
169 287
169 293
169 294
169 296
169 314
169 319
170 167
170 194
170 224
170 230
170 243
170 264
170 286
170 287
170 293
170 294
170 296
170 314
170 319
171 167
171 194
171 224
171 243
171 264
171 286
171 287
171 293
171 294
171 296
171 314
171 319
172 167
172 194
172 224
172 243
172 264
172 286
172 287
172 293
172 294
172 296
172 314
172 319
173 167
173 194
173 243
173 264
173 286
173 287
173 293
173 294
173 296
173 314
173 319
174 167
174 194
174 243
174 264
174 286
174 287
174 293
174 294
174 296
174 314
174 319
175 167
175 194
175 243
175 264
175 286
175 287
175 293
175 294
175 296
175 314
175 319
176 167
176 243
176 264
176 286
176 287
176 293
176 294
176 296
176 314
176 319
177 167
177 243
177 264
177 286
177 287
177 293
177 294
177 296
177 314
177 319
178 243
178 264
178 286
178 287
178 293
178 294
178 296
178 314
178 319
179 243
179 264
179 285
179 286
179 287
179 293
179 294
179 296
179 314
179 319
179 322
180 243
180 285
180 286
180 287
180 293
180 294
180 296
180 314
180 322
181 243
181 285
181 286
181 287
181 293
181 294
181 296
181 298
181 314
181 322
182 243
182 285
182 286
182 287
182 293
182 296
182 298
182 314
182 322
183 243
183 285
183 286
183 287
183 293
183 296
183 298
183 314
183 322
184 243
184 285
184 286
184 287
184 293
184 296
184 298
184 314
185 243
185 285
185 286
185 287
185 293
185 296
185 298
185 314
186 243
186 268
186 285
186 286
186 287
186 293
186 296
186 298
186 314
187 202
187 211
187 243
187 254
187 268
187 285
187 286
187 287
187 293
187 296
187 298
187 314
188 202
188 211
188 243
188 254
188 268
188 285
188 286
188 287
188 291
188 296
188 298
188 314
189 202
189 211
189 243
189 254
189 268
189 285
189 286
189 287
189 291
189 296
189 298
189 314
190 202
190 211
190 243
190 254
190 268
190 285
190 286
190 287
190 291
190 296
191 202
191 211
191 243
191 254
191 268
191 285
191 286
191 287
191 291
191 296
192 202
192 211
192 243
192 254
192 268
192 285
192 286
192 287
192 291
192 296
192 312
193 202
193 211
193 243
193 254
193 268
193 285
193 286
193 287
193 288
193 291
193 296
193 312
194 202
194 211
194 243
194 254
194 268
194 285
194 286
194 287
194 288
194 291
194 296
194 312
195 202
195 211
195 243
195 254
195 268
195 272
195 285
195 286
195 287
195 288
195 291
195 296
195 312
196 202
196 211
196 243
196 254
196 268
196 272
196 285
196 286
196 288
196 291
196 296
196 307
196 312
197 211
197 243
197 254
197 268
197 272
197 285
197 286
197 291
197 296
197 307
197 312
198 211
198 243
198 254
198 268
198 272
198 285
198 286
198 291
198 296
198 307
198 312
199 211
199 236
199 243
199 254
199 268
199 272
199 285
199 286
199 291
199 296
199 307
199 312
200 211
200 236
200 243
200 254
200 268
200 272
200 285
200 286
200 291
200 296
200 307
200 312
201 211
201 236
201 243
201 254
201 268
201 272
201 285
201 286
201 291
201 296
201 307
201 312
202 211
202 237
202 243
202 253
202 254
202 268
202 272
202 285
202 286
202 291
202 296
202 307
202 312
203 211
203 237
203 243
203 253
203 254
203 268
203 272
203 285
203 286
203 291
203 296
203 307
203 312
204 211
204 237
204 243
204 253
204 254
204 268
204 272
204 285
204 286
204 291
204 296
204 307
204 312
205 211
205 231
205 237
205 243
205 253
205 254
205 272
205 285
205 286
205 291
205 296
205 307
205 312
206 211
206 231
206 237
206 243
206 253
206 254
206 272
206 285
206 286
206 291
206 296
206 307
206 312
207 211
207 231
207 237
207 243
207 253
207 254
207 272
207 285
207 286
207 291
207 296
207 307
207 312
208 211
208 231
208 237
208 243
208 252
208 253
208 254
208 286
208 291
208 296
208 305
208 307
208 312
209 211
209 231
209 237
209 243
209 252
209 253
209 254
209 286
209 291
209 296
209 305
209 307
209 312
210 211
210 231
210 237
210 243
210 252
210 253
210 254
210 286
210 291
210 296
210 305
210 307
210 312
211 211
211 231
211 237
211 243
211 252
211 253
211 254
211 286
211 291
211 296
211 305
211 307
211 312
212 211
212 231
212 237
212 243
212 252
212 253
212 254
212 286
212 291
212 296
212 305
212 307
212 312
213 211
213 231
213 237
213 243
213 252
213 253
213 254
213 286
213 291
213 296
213 305
213 307
213 312
214 211
214 231
214 237
214 243
214 252
214 253
214 254
214 286
214 296
214 305
214 307
214 312
215 211
215 231
215 237
215 243
215 252
215 253
215 254
215 286
215 296
215 305
215 307
215 312
216 211
216 231
216 237
216 243
216 252
216 253
216 254
216 286
216 296
216 305
216 307
216 312
217 211
217 231
217 237
217 243
217 252
217 253
217 254
217 296
217 305
217 307
217 312
218 211
218 231
218 237
218 243
218 252
218 253
218 254
218 305
218 307
218 312
218 326
219 231
219 237
219 243
219 252
219 253
219 254
219 305
219 307
219 312
219 326
220 231
220 237
220 243
220 252
220 253
220 254
220 260
220 305
220 307
220 312
220 326
221 231
221 237
221 243
221 252
221 253
221 254
221 260
221 304
221 305
221 307
221 312
221 326
222 231
222 237
222 243
222 252
222 253
222 254
222 260
222 274
222 304
222 305
222 307
222 312
222 326
223 231
223 237
223 243
223 252
223 253
223 254
223 260
223 274
223 304
223 305
223 307
223 312
223 326
224 231
224 237
224 243
224 252
224 253
224 254
224 260
224 274
224 304
224 307
224 312
224 326
225 231
225 237
225 243
225 252
225 253
225 254
225 260
225 274
225 304
225 307
225 312
225 326
226 231
226 237
226 243
226 252
226 253
226 254
226 260
226 274
226 304
226 307
226 312
226 326
227 237
227 243
227 252
227 253
227 254
227 260
227 274
227 289
227 312
228 237
228 243
228 253
228 254
228 260
228 274
228 289
228 312
229 237
229 243
229 253
229 254
229 260
229 274
229 289
229 312
230 237
230 243
230 253
230 254
230 260
230 274
230 289
230 312
231 237
231 243
231 253
231 254
231 260
231 270
231 274
231 289
231 312
232 237
232 243
232 253
232 254
232 260
232 270
232 274
232 289
232 312
233 237
233 243
233 253
233 254
233 260
233 270
233 274
233 289
233 312
234 237
234 243
234 253
234 254
234 260
234 270
234 274
234 289
234 312
235 237
235 243
235 253
235 254
235 260
235 270
235 274
235 289
235 312
236 237
236 243
236 253
236 254
236 260
236 270
236 274
236 289
236 312
237 237
237 243
237 253
237 254
237 260
237 270
237 274
237 289
237 312
238 237
238 253
238 254
238 260
238 270
238 274
238 289
238 312
239 237
239 254
239 270
239 274
239 289
239 312
240 237
240 254
240 270
240 274
240 289
240 300
240 312
240 324
241 237
241 254
241 270
241 274
241 289
241 300
241 302
241 312
241 324
242 237
242 254
242 270
242 274
242 289
242 300
242 302
242 312
242 324
242 348
243 237
243 254
243 270
243 274
243 278
243 289
243 300
243 302
243 312
243 324
243 348
244 237
244 254
244 270
244 274
244 278
244 289
244 300
244 302
244 312
244 324
244 348
245 237
245 254
245 270
245 274
245 278
245 289
245 300
245 302
245 312
245 324
245 348
246 237
246 254
246 270
246 274
246 278
246 289
246 300
246 302
246 312
246 324
246 341
246 348
247 237
247 270
247 274
247 278
247 279
247 289
247 300
247 302
247 312
247 324
247 341
247 348
248 237
248 270
248 274
248 278
248 279
248 289
248 300
248 302
248 312
248 324
248 341
248 348
249 237
249 270
249 274
249 278
249 279
249 289
249 300
249 302
249 312
249 324
249 341
249 348
250 237
250 263
250 270
250 279
250 289
250 300
250 302
250 312
250 324
250 341
250 348
251 237
251 263
251 270
251 273
251 279
251 289
251 300
251 302
251 312
251 324
251 332
251 341
251 348
252 237
252 263
252 270
252 273
252 279
252 289
252 300
252 302
252 312
252 324
252 332
252 341
252 348
253 237
253 263
253 270
253 273
253 279
253 289
253 300
253 302
253 312
253 324
253 332
253 341
253 348
254 237
254 263
254 270
254 273
254 279
254 289
254 300
254 302
254 312
254 324
254 332
254 341
254 348
255 237
255 263
255 270
255 273
255 279
255 289
255 300
255 302
255 312
255 324
255 332
255 341
255 348
256 237
256 263
256 270
256 273
256 279
256 289
256 300
256 302
256 312
256 324
256 332
256 341
256 348
257 237
257 263
257 270
257 273
257 279
257 289
257 300
257 302
257 310
257 312
257 324
257 331
257 332
257 341
257 348
258 237
258 263
258 270
258 273
258 279
258 289
258 300
258 302
258 310
258 312
258 324
258 331
258 332
258 341
258 348
259 237
259 263
259 270
259 273
259 279
259 281
259 289
259 300
259 302
259 310
259 312
259 324
259 331
259 332
259 341
259 348
260 237
260 263
260 270
260 273
260 279
260 281
260 289
260 300
260 302
260 310
260 312
260 324
260 331
260 332
260 341
260 348
261 237
261 263
261 270
261 273
261 279
261 281
261 289
261 300
261 302
261 310
261 312
261 331
261 332
261 341
261 348
262 237
262 263
262 270
262 273
262 279
262 281
262 289
262 300
262 302
262 312
262 331
262 332
262 341
262 348
263 237
263 263
263 270
263 273
263 279
263 281
263 289
263 300
263 302
263 312
263 331
263 332
263 341
263 348
264 263
264 270
264 273
264 281
264 289
264 300
264 302
264 312
264 331
264 332
264 348
265 263
265 270
265 273
265 281
265 289
265 300
265 302
265 312
265 321
265 331
265 332
265 348
266 263
266 270
266 273
266 281
266 289
266 300
266 302
266 312
266 321
266 331
266 332
266 348
267 263
267 270
267 273
267 281
267 300
267 302
267 312
267 321
267 331
267 332
267 348
268 263
268 270
268 273
268 281
268 300
268 302
268 312
268 321
268 331
268 332
268 348
269 263
269 270
269 273
269 281
269 300
269 302
269 312
269 321
269 331
269 332
269 348
270 263
270 270
270 273
270 281
270 300
270 302
270 312
270 321
270 331
270 332
270 348
271 270
271 273
271 281
271 300
271 302
271 312
271 321
271 327
271 331
271 332
271 339
271 348
272 270
272 273
272 281
272 300
272 302
272 312
272 321
272 327
272 331
272 332
272 339
272 348
273 270
273 273
273 281
273 300
273 302
273 312
273 321
273 327
273 331
273 332
273 339
273 348
274 270
274 273
274 281
274 300
274 302
274 312
274 321
274 327
274 331
274 332
274 339
274 348
275 270
275 273
275 281
275 300
275 302
275 312
275 321
275 327
275 331
275 332
275 339
275 348
276 270
276 273
276 281
276 300
276 302
276 312
276 321
276 327
276 331
276 332
276 339
276 348
277 270
277 273
277 281
277 300
277 302
277 312
277 321
277 327
277 328
277 331
277 332
277 339
277 348
278 270
278 273
278 281
278 300
278 302
278 312
278 321
278 327
278 328
278 331
278 332
278 339
278 348
279 270
279 281
279 300
279 302
279 312
279 321
279 327
279 328
279 331
279 332
279 339
279 348
280 270
280 281
280 300
280 302
280 321
280 327
280 328
280 331
280 332
280 339
280 348
281 270
281 281
281 300
281 302
281 321
281 327
281 328
281 331
281 332
281 339
281 346
281 348
282 270
282 281
282 300
282 302
282 321
282 327
282 328
282 331
282 332
282 346
282 348
283 270
283 281
283 300
283 302
283 321
283 327
283 328
283 331
283 332
283 346
283 348
284 270
284 281
284 300
284 302
284 321
284 325
284 327
284 328
284 331
284 332
284 346
284 348
285 270
285 281
285 300
285 302
285 321
285 325
285 327
285 328
285 331
285 332
285 346
285 348
286 270
286 281
286 300
286 302
286 321
286 325
286 327
286 328
286 331
286 332
286 346
286 348
287 300
287 302
287 325
287 327
287 328
287 331
287 332
288 300
288 302
288 325
288 327
288 328
288 331
288 332
289 300
289 302
289 315
289 325
289 327
289 331
289 332
290 300
290 315
290 325
290 327
290 331
290 332
291 300
291 315
291 325
291 327
291 331
291 332
292 300
292 315
292 325
292 327
292 331
292 332
293 300
293 315
293 325
293 327
293 331
293 332
294 300
294 315
294 325
294 327
294 331
294 332
295 300
295 315
295 325
295 327
295 331
295 332
296 300
296 315
296 325
296 327
296 331
296 332
297 300
297 315
297 325
297 327
297 331
297 332
298 300
298 315
298 325
298 327
298 331
298 332
299 300
299 315
299 325
299 327
299 331
299 332
300 300
300 315
300 325
300 327
300 331
300 332
301 300
301 315
301 325
301 327
301 331
301 332
302 300
302 315
302 325
302 327
302 331
302 332
303 300
303 315
303 325
303 327
303 331
303 332
304 300
304 315
304 325
304 327
304 331
304 332
305 300
305 315
305 325
305 327
305 331
305 332
306 300
306 315
306 325
306 327
306 331
306 332
307 300
307 315
307 325
307 327
307 331
307 332
308 315
308 325
308 327
308 331
308 332
309 315
309 325
309 327
309 331
309 332
310 315
310 325
310 327
310 331
310 332
311 315
311 325
311 327
311 331
311 332
312 315
312 325
312 331
312 332
313 315
313 325
313 331
313 332
314 315
314 325
314 331
314 332
315 315
315 325
315 331
315 332
316 315
316 325
316 331
316 332
317 315
317 325
317 331
317 332
318 315
318 325
318 332
319 315
319 325
319 332
320 315
320 325
320 332
321 315
321 325
321 332
322 315
322 325
322 332
323 315
323 325
323 332
324 315
324 325
324 332
325 315
325 325
325 332
326 315
326 325
326 332
327 325
327 332
328 325
328 332
329 325
329 332
330 325
330 332
331 325
331 332
331 334
332 325
332 332
332 334
333 325
333 332
334 325
334 332
335 325
335 332
336 325
336 332
337 325
337 332
338 325
338 332
339 325
339 332
340 325
340 332
341 325
341 332
342 325
342 332
343 325
343 332
344 325
344 332
345 325
345 332
346 325
346 332
347 325
347 332
348 325
348 332
349 325
349 332
