0 8
0 32
1 3
1 8
1 32
1 88
2 32
2 53
2 88
3 22
3 32
3 33
3 53
3 87
3 88
3 294
4 22
4 32
4 33
4 53
4 87
4 88
4 294
5 11
5 18
5 26
5 32
5 53
5 63
5 64
5 87
5 88
5 230
5 294
6 9
6 16
6 27
6 34
6 37
6 43
6 46
6 87
6 88
6 192
6 202
6 230
6 278
6 289
6 290
7 34
7 46
7 65
7 87
7 88
7 133
7 202
7 217
7 230
7 278
7 289
7 290
8 25
8 34
8 46
8 65
8 87
8 88
8 92
8 133
8 202
8 217
8 223
8 230
8 278
8 289
8 324
9 12
9 14
9 59
9 65
9 87
9 88
9 102
9 109
9 202
9 210
9 217
9 219
9 223
9 230
9 233
9 278
9 289
9 324
10 14
10 15
10 19
10 59
10 65
10 87
10 88
10 102
10 107
10 109
10 143
10 197
10 202
10 210
10 217
10 219
10 223
10 230
10 233
10 276
10 278
10 289
10 314
10 324
11 14
11 15
11 19
11 59
11 65
11 87
11 88
11 102
11 107
11 109
11 143
11 197
11 202
11 210
11 217
11 219
11 223
11 230
11 233
11 276
11 278
11 289
11 314
11 324
12 14
12 15
12 19
12 29
12 59
12 65
12 87
12 88
12 102
12 107
12 109
12 143
12 197
12 202
12 210
12 217
12 219
12 223
12 230
12 233
12 276
12 278
12 289
12 314
12 324
13 14
13 15
13 19
13 59
13 65
13 73
13 87
13 88
13 102
13 107
13 109
13 143
13 163
13 197
13 202
13 210
13 217
13 219
13 223
13 230
13 233
13 276
13 278
13 289
13 314
13 324
14 14
14 15
14 19
14 59
14 65
14 73
14 87
14 88
14 102
14 107
14 143
14 163
14 197
14 202
14 210
14 217
14 219
14 223
14 230
14 233
14 276
14 278
14 289
14 314
14 324
14 328
15 20
15 59
15 73
15 88
15 102
15 103
15 107
15 143
15 163
15 197
15 202
15 205
15 210
15 217
15 218
15 219
15 223
15 230
15 233
15 263
15 276
15 278
15 289
15 314
15 324
15 328
16 20
16 59
16 73
16 88
16 102
16 103
16 107
16 143
16 163
16 197
16 202
16 205
16 210
16 217
16 218
16 219
16 223
16 230
16 233
16 263
16 276
16 278
16 289
16 314
16 324
16 328
17 20
17 59
17 61
17 73
17 88
17 102
17 103
17 107
17 143
17 163
17 197
17 202
17 205
17 210
17 213
17 217
17 219
17 223
17 230
17 233
17 263
17 278
17 289
17 314
17 324
17 328
18 20
18 59
18 61
18 68
18 73
18 88
18 102
18 103
18 107
18 143
18 163
18 197
18 202
18 205
18 207
18 210
18 213
18 217
18 219
18 223
18 230
18 233
18 263
18 278
18 289
18 314
18 324
18 328
19 21
19 41
19 61
19 68
19 73
19 88
19 102
19 103
19 107
19 126
19 143
19 163
19 197
19 205
19 207
19 210
19 213
19 217
19 219
19 223
19 230
19 233
19 239
19 244
19 263
19 278
19 289
19 314
19 324
19 328
19 332
20 21
20 41
20 61
20 68
20 73
20 88
20 102
20 103
20 107
20 126
20 138
20 143
20 163
20 197
20 205
20 207
20 210
20 213
20 217
20 219
20 223
20 230
20 233
20 239
20 244
20 263
20 278
20 289
20 314
20 324
20 328
20 332
21 41
21 61
21 68
21 73
21 88
21 102
21 103
21 107
21 126
21 138
21 143
21 163
21 197
21 205
21 207
21 210
21 217
21 219
21 221
21 223
21 224
21 230
21 233
21 239
21 244
21 263
21 278
21 289
21 314
21 324
21 328
21 332
22 23
22 48
22 61
22 68
22 88
22 103
22 107
22 126
22 138
22 143
22 163
22 197
22 205
22 207
22 210
22 217
22 219
22 221
22 223
22 230
22 233
22 239
22 244
22 263
22 278
22 289
22 314
22 318
22 324
22 328
22 332
23 49
23 61
23 68
23 103
23 106
23 107
23 126
23 138
23 163
23 197
23 205
23 207
23 210
23 217
23 219
23 221
23 223
23 230
23 233
23 239
23 244
23 263
23 278
23 289
23 314
23 318
23 324
23 328
23 332
24 61
24 68
24 103
24 106
24 107
24 126
24 138
24 163
24 170
24 197
24 205
24 207
24 210
24 217
24 219
24 221
24 223
24 230
24 233
24 239
24 244
24 263
24 278
24 289
24 314
24 318
24 324
24 328
24 332
25 36
25 56
25 61
25 103
25 106
25 107
25 126
25 138
25 156
25 163
25 170
25 205
25 207
25 210
25 217
25 219
25 221
25 223
25 230
25 233
25 239
25 244
25 263
25 278
25 289
25 314
25 318
25 324
25 328
25 332
26 30
26 36
26 56
26 61
26 103
26 106
26 107
26 126
26 138
26 156
26 163
26 170
26 205
26 207
26 210
26 217
26 219
26 221
26 223
26 230
26 233
26 239
26 244
26 263
26 278
26 284
26 289
26 314
26 318
26 324
26 328
26 332
27 30
27 36
27 56
27 61
27 71
27 103
27 106
27 107
27 126
27 138
27 156
27 163
27 170
27 205
27 207
27 210
27 217
27 221
27 223
27 230
27 233
27 239
27 244
27 263
27 278
27 284
27 289
27 314
27 318
27 324
27 328
27 332
28 30
28 36
28 44
28 61
28 62
28 71
28 86
28 91
28 103
28 106
28 107
28 120
28 126
28 129
28 138
28 152
28 156
28 163
28 170
28 205
28 210
28 217
28 221
28 223
28 230
28 233
28 239
28 244
28 263
28 278
28 284
28 289
28 314
28 318
28 324
28 328
28 332
29 30
29 36
29 42
29 44
29 61
29 62
29 71
29 91
29 103
29 106
29 107
29 120
29 126
29 129
29 138
29 152
29 156
29 163
29 170
29 205
29 210
29 217
29 221
29 223
29 230
29 233
29 239
29 244
29 263
29 278
29 284
29 289
29 314
29 318
29 324
29 328
29 332
30 42
30 44
30 50
30 61
30 71
30 103
30 106
30 107
30 120
30 126
30 129
30 138
30 152
30 156
30 163
30 170
30 205
30 210
30 217
30 221
30 223
30 230
30 233
30 244
30 263
30 278
30 284
30 289
30 299
30 314
30 318
30 324
30 328
30 332
31 42
31 44
31 50
31 61
31 71
31 103
31 106
31 107
31 120
31 126
31 129
31 138
31 152
31 156
31 163
31 170
31 205
31 210
31 217
31 221
31 223
31 228
31 230
31 233
31 244
31 263
31 278
31 284
31 289
31 299
31 314
31 318
31 324
31 328
31 332
32 42
32 44
32 50
32 61
32 71
32 103
32 106
32 107
32 120
32 126
32 129
32 138
32 152
32 156
32 163
32 170
32 205
32 210
32 217
32 221
32 223
32 228
32 230
32 231
32 233
32 244
32 263
32 278
32 284
32 289
32 299
32 314
32 318
32 324
32 328
32 332
33 42
33 44
33 50
33 71
33 103
33 106
33 107
33 120
33 126
33 129
33 138
33 152
33 156
33 163
33 170
33 190
33 205
33 210
33 217
33 221
33 223
33 228
33 230
33 231
33 233
33 236
33 244
33 263
33 278
33 284
33 289
33 299
33 314
33 318
33 324
33 328
33 332
34 38
34 42
34 60
34 71
34 75
34 81
34 83
34 103
34 106
34 107
34 112
34 129
34 138
34 139
34 152
34 156
34 163
34 170
34 190
34 205
34 210
34 217
34 221
34 223
34 230
34 231
34 236
34 244
34 263
34 283
34 284
34 289
34 299
34 318
34 324
34 328
34 332
34 333
35 38
35 60
35 71
35 75
35 81
35 83
35 103
35 106
35 107
35 112
35 129
35 138
35 139
35 152
35 156
35 163
35 170
35 190
35 205
35 210
35 217
35 221
35 223
35 230
35 231
35 236
35 244
35 263
35 283
35 284
35 289
35 299
35 318
35 324
35 328
35 332
35 333
36 38
36 54
36 57
36 60
36 71
36 75
36 81
36 83
36 103
36 106
36 107
36 138
36 139
36 152
36 156
36 163
36 170
36 190
36 205
36 210
36 217
36 223
36 230
36 231
36 236
36 244
36 263
36 283
36 284
36 289
36 299
36 318
36 324
36 328
36 332
36 333
37 38
37 54
37 57
37 60
37 71
37 75
37 81
37 83
37 103
37 106
37 107
37 138
37 139
37 152
37 156
37 163
37 170
37 190
37 205
37 210
37 217
37 223
37 230
37 231
37 236
37 244
37 263
37 283
37 284
37 289
37 299
37 318
37 324
37 328
37 332
37 333
38 38
38 54
38 57
38 71
38 75
38 77
38 81
38 83
38 103
38 106
38 107
38 134
38 138
38 139
38 152
38 156
38 163
38 170
38 190
38 205
38 210
38 223
38 230
38 236
38 244
38 283
38 284
38 289
38 299
38 318
38 324
38 328
38 332
38 333
39 38
39 54
39 67
39 71
39 75
39 81
39 83
39 103
39 106
39 107
39 134
39 139
39 152
39 163
39 170
39 171
39 179
39 190
39 205
39 210
39 223
39 230
39 236
39 244
39 283
39 284
39 289
39 299
39 318
39 324
39 328
39 332
39 333
40 38
40 54
40 67
40 71
40 75
40 81
40 83
40 103
40 106
40 107
40 134
40 139
40 140
40 152
40 163
40 170
40 171
40 179
40 190
40 205
40 210
40 223
40 230
40 236
40 244
40 281
40 283
40 284
40 289
40 299
40 318
40 324
40 328
40 332
40 333
41 38
41 54
41 67
41 71
41 75
41 81
41 83
41 103
41 106
41 107
41 134
41 139
41 140
41 152
41 163
41 170
41 171
41 179
41 190
41 205
41 210
41 223
41 230
41 236
41 244
41 281
41 283
41 284
41 289
41 299
41 318
41 324
41 328
41 332
41 333
42 54
42 67
42 71
42 75
42 81
42 83
42 93
42 103
42 107
42 134
42 139
42 140
42 163
42 170
42 171
42 179
42 190
42 203
42 205
42 210
42 223
42 230
42 236
42 244
42 281
42 284
42 289
42 299
42 318
42 324
42 328
42 332
42 333
43 52
43 67
43 69
43 71
43 75
43 83
43 93
43 103
43 107
43 117
43 134
43 139
43 140
43 163
43 170
43 171
43 179
43 190
43 203
43 205
43 210
43 223
43 230
43 232
43 236
43 244
43 281
43 284
43 289
43 299
43 318
43 324
43 328
43 332
43 333
44 52
44 67
44 69
44 71
44 75
44 83
44 93
44 103
44 107
44 117
44 134
44 139
44 140
44 163
44 170
44 171
44 179
44 203
44 205
44 210
44 223
44 230
44 232
44 236
44 244
44 267
44 281
44 284
44 289
44 299
44 318
44 324
44 328
44 332
44 333
45 52
45 67
45 69
45 71
45 75
45 83
45 93
45 103
45 107
45 117
45 134
45 139
45 140
45 163
45 170
45 171
45 179
45 203
45 205
45 210
45 223
45 230
45 232
45 236
45 244
45 267
45 281
45 284
45 289
45 299
45 318
45 324
45 328
45 332
45 333
46 52
46 67
46 69
46 71
46 75
46 83
46 93
46 103
46 107
46 117
46 134
46 139
46 140
46 163
46 170
46 171
46 179
46 203
46 205
46 210
46 223
46 230
46 232
46 236
46 244
46 267
46 281
46 284
46 289
46 299
46 318
46 324
46 328
46 332
46 333
47 52
47 67
47 69
47 71
47 75
47 83
47 93
47 103
47 107
47 117
47 134
47 139
47 140
47 163
47 170
47 171
47 179
47 203
47 205
47 210
47 223
47 230
47 232
47 236
47 244
47 267
47 281
47 284
47 289
47 299
47 318
47 324
47 328
47 332
48 52
48 67
48 69
48 71
48 75
48 83
48 93
48 103
48 107
48 117
48 134
48 139
48 140
48 163
48 170
48 171
48 179
48 203
48 205
48 210
48 223
48 230
48 232
48 236
48 244
48 267
48 281
48 284
48 289
48 299
48 318
48 324
48 328
48 332
49 52
49 67
49 69
49 71
49 75
49 83
49 93
49 103
49 107
49 116
49 117
49 134
49 139
49 140
49 163
49 170
49 171
49 179
49 203
49 205
49 210
49 223
49 230
49 232
49 236
49 244
49 267
49 281
49 284
49 289
49 299
49 318
49 324
49 328
49 332
50 52
50 67
50 69
50 71
50 75
50 83
50 93
50 103
50 107
50 116
50 117
50 134
50 139
50 140
50 163
50 170
50 171
50 179
50 203
50 205
50 210
50 223
50 230
50 232
50 236
50 244
50 267
50 281
50 284
50 289
50 299
50 318
50 324
50 328
50 332
51 52
51 67
51 71
51 75
51 83
51 93
51 103
51 107
51 116
51 117
51 134
51 139
51 140
51 163
51 170
51 171
51 179
51 203
51 205
51 210
51 223
51 230
51 232
51 236
51 244
51 267
51 281
51 284
51 289
51 299
51 318
51 324
51 328
51 332
52 52
52 67
52 71
52 75
52 83
52 93
52 103
52 107
52 116
52 117
52 134
52 139
52 140
52 163
52 170
52 171
52 179
52 203
52 205
52 210
52 223
52 230
52 232
52 236
52 244
52 267
52 281
52 284
52 289
52 299
52 318
52 324
52 328
52 332
53 52
53 67
53 71
53 75
53 83
53 93
53 103
53 107
53 116
53 117
53 139
53 140
53 163
53 170
53 171
53 179
53 203
53 205
53 210
53 223
53 230
53 232
53 236
53 244
53 267
53 281
53 284
53 289
53 299
53 318
53 324
53 328
53 332
54 52
54 67
54 71
54 75
54 83
54 93
54 103
54 107
54 116
54 117
54 139
54 140
54 141
54 163
54 170
54 171
54 179
54 203
54 205
54 210
54 223
54 230
54 236
54 244
54 267
54 281
54 284
54 289
54 299
54 318
54 324
54 328
54 332
55 67
55 71
55 75
55 83
55 93
55 103
55 107
55 116
55 117
55 121
55 139
55 140
55 141
55 170
55 171
55 179
55 205
55 210
55 223
55 230
55 236
55 244
55 267
55 281
55 284
55 289
55 299
55 306
55 318
55 324
55 328
55 332
56 67
56 71
56 83
56 103
56 107
56 116
56 117
56 121
56 139
56 140
56 141
56 170
56 171
56 179
56 205
56 210
56 230
56 236
56 244
56 267
56 281
56 284
56 289
56 299
56 306
56 318
56 324
56 328
56 332
57 67
57 71
57 83
57 103
57 107
57 116
57 117
57 121
57 139
57 140
57 141
57 150
57 170
57 171
57 179
57 205
57 210
57 230
57 236
57 244
57 281
57 284
57 289
57 299
57 306
57 318
57 324
57 328
57 332
58 71
58 72
58 83
58 103
58 107
58 116
58 117
58 139
58 140
58 141
58 150
58 170
58 171
58 179
58 205
58 210
58 230
58 236
58 244
58 281
58 289
58 299
58 318
58 324
58 328
58 332
59 72
59 83
59 103
59 116
59 117
59 139
59 140
59 141
59 150
59 170
59 171
59 178
59 205
59 210
59 230
59 236
59 244
59 253
59 281
59 289
59 299
59 318
59 324
59 328
59 332
60 72
60 83
60 100
60 105
60 116
60 117
60 123
60 139
60 140
60 141
60 150
60 170
60 171
60 205
60 210
60 253
60 281
60 289
60 299
60 318
60 324
60 328
60 332
61 72
61 74
61 76
61 83
61 89
61 100
61 105
61 116
61 117
61 123
61 139
61 140
61 141
61 150
61 170
61 171
61 205
61 210
61 211
61 253
61 281
61 289
61 299
61 318
61 324
61 328
61 332
62 72
62 74
62 76
62 83
62 95
62 100
62 105
62 116
62 117
62 123
62 132
62 139
62 140
62 141
62 170
62 171
62 205
62 210
62 211
62 253
62 271
62 281
62 289
62 299
62 318
62 319
62 324
62 328
62 332
63 72
63 74
63 76
63 83
63 95
63 100
63 105
63 116
63 117
63 123
63 132
63 139
63 140
63 141
63 170
63 171
63 205
63 210
63 211
63 253
63 271
63 281
63 289
63 299
63 318
63 319
63 324
63 328
63 332
64 72
64 74
64 76
64 83
64 95
64 100
64 105
64 116
64 117
64 123
64 132
64 139
64 140
64 141
64 170
64 171
64 205
64 210
64 211
64 253
64 271
64 281
64 289
64 299
64 318
64 319
64 324
64 328
64 332
65 72
65 74
65 76
65 78
65 97
65 100
65 105
65 108
65 116
65 119
65 123
65 132
65 139
65 148
65 158
65 170
65 171
65 175
65 182
65 200
65 205
65 210
65 211
65 222
65 240
65 253
65 264
65 281
65 289
65 295
65 297
65 318
65 319
65 324
65 328
66 78
66 82
66 97
66 105
66 108
66 116
66 119
66 123
66 132
66 139
66 148
66 170
66 171
66 175
66 182
66 187
66 200
66 205
66 210
66 211
66 222
66 229
66 240
66 253
66 254
66 264
66 281
66 289
66 295
66 297
66 318
66 319
66 324
66 328
67 78
67 82
67 97
67 105
67 108
67 116
67 119
67 123
67 132
67 139
67 170
67 171
67 175
67 182
67 187
67 200
67 205
67 210
67 211
67 222
67 229
67 240
67 253
67 254
67 264
67 281
67 289
67 295
67 297
67 318
67 319
67 324
67 328
68 78
68 82
68 97
68 105
68 108
68 116
68 119
68 123
68 139
68 170
68 171
68 175
68 182
68 187
68 200
68 205
68 210
68 222
68 229
68 240
68 253
68 254
68 264
68 281
68 289
68 295
68 297
68 312
68 318
68 319
68 324
68 328
68 342
69 78
69 82
69 94
69 116
69 119
69 139
69 145
69 151
69 166
69 167
69 169
69 170
69 175
69 186
69 187
69 200
69 210
69 222
69 240
69 253
69 254
69 264
69 280
69 289
69 295
69 297
69 312
69 318
69 319
69 323
69 324
69 328
69 342
70 78
70 82
70 84
70 94
70 116
70 119
70 139
70 145
70 151
70 166
70 167
70 169
70 170
70 175
70 186
70 187
70 200
70 210
70 222
70 240
70 253
70 254
70 264
70 280
70 289
70 295
70 297
70 310
70 312
70 318
70 319
70 323
70 324
70 328
70 342
71 82
71 84
71 94
71 116
71 119
71 122
71 131
71 145
71 151
71 157
71 166
71 167
71 169
71 170
71 175
71 184
71 186
71 187
71 200
71 210
71 222
71 240
71 253
71 254
71 264
71 280
71 289
71 295
71 297
71 310
71 312
71 319
71 323
71 324
71 328
71 342
72 82
72 84
72 94
72 116
72 119
72 122
72 131
72 145
72 157
72 166
72 167
72 169
72 170
72 175
72 184
72 186
72 187
72 200
72 210
72 222
72 240
72 253
72 254
72 264
72 280
72 289
72 295
72 297
72 310
72 312
72 319
72 323
72 324
72 328
72 342
73 82
73 84
73 116
73 119
73 122
73 131
73 145
73 157
73 166
73 167
73 169
73 170
73 175
73 184
73 186
73 187
73 200
73 210
73 222
73 240
73 253
73 254
73 264
73 280
73 289
73 295
73 297
73 310
73 312
73 319
73 323
73 324
73 328
73 342
74 84
74 116
74 119
74 122
74 135
74 137
74 145
74 157
74 166
74 167
74 169
74 170
74 175
74 184
74 186
74 187
74 200
74 210
74 222
74 240
74 253
74 254
74 264
74 280
74 289
74 295
74 297
74 310
74 312
74 319
74 323
74 324
74 328
74 341
74 342
75 84
75 116
75 119
75 122
75 135
75 137
75 145
75 157
75 166
75 167
75 169
75 170
75 175
75 184
75 186
75 187
75 200
75 210
75 222
75 240
75 253
75 254
75 264
75 280
75 289
75 295
75 297
75 310
75 312
75 319
75 323
75 324
75 328
75 341
75 342
76 84
76 116
76 119
76 122
76 135
76 137
76 145
76 157
76 166
76 167
76 169
76 170
76 175
76 184
76 186
76 187
76 200
76 210
76 222
76 240
76 253
76 254
76 264
76 280
76 289
76 295
76 297
76 310
76 312
76 319
76 323
76 324
76 328
76 341
76 342
77 116
77 119
77 122
77 135
77 136
77 137
77 145
77 157
77 166
77 167
77 169
77 170
77 175
77 184
77 186
77 187
77 188
77 200
77 210
77 222
77 240
77 253
77 254
77 264
77 280
77 289
77 297
77 310
77 312
77 319
77 323
77 324
77 328
77 341
77 342
78 85
78 116
78 119
78 122
78 135
78 136
78 137
78 145
78 157
78 166
78 167
78 169
78 175
78 184
78 186
78 187
78 188
78 200
78 210
78 222
78 240
78 253
78 254
78 264
78 280
78 289
78 297
78 305
78 310
78 312
78 319
78 323
78 328
78 341
78 342
79 85
79 116
79 119
79 122
79 135
79 136
79 137
79 145
79 157
79 166
79 167
79 169
79 175
79 184
79 186
79 187
79 188
79 200
79 210
79 222
79 240
79 253
79 254
79 264
79 280
79 289
79 297
79 305
79 310
79 312
79 319
79 323
79 328
79 341
79 342
80 85
80 111
80 119
80 125
80 135
80 136
80 137
80 145
80 157
80 167
80 175
80 184
80 187
80 188
80 195
80 200
80 210
80 222
80 240
80 253
80 254
80 264
80 280
80 289
80 297
80 302
80 305
80 310
80 312
80 319
80 323
80 328
80 341
81 111
81 119
81 125
81 135
81 136
81 137
81 145
81 157
81 167
81 175
81 184
81 187
81 188
81 195
81 200
81 210
81 222
81 240
81 253
81 254
81 264
81 280
81 289
81 297
81 302
81 305
81 310
81 312
81 319
81 323
81 328
81 341
82 111
82 119
82 125
82 135
82 136
82 137
82 145
82 157
82 167
82 175
82 184
82 187
82 188
82 195
82 200
82 210
82 240
82 253
82 254
82 264
82 280
82 289
82 297
82 302
82 305
82 310
82 312
82 319
82 323
82 328
82 341
83 99
83 111
83 119
83 125
83 130
83 135
83 145
83 157
83 167
83 175
83 184
83 188
83 200
83 201
83 210
83 253
83 254
83 264
83 280
83 289
83 297
83 302
83 305
83 310
83 312
83 319
83 323
83 328
83 341
84 98
84 99
84 111
84 119
84 125
84 130
84 135
84 145
84 157
84 167
84 175
84 184
84 188
84 200
84 201
84 210
84 253
84 254
84 264
84 280
84 289
84 297
84 302
84 305
84 310
84 312
84 319
84 323
84 328
84 341
85 98
85 99
85 111
85 119
85 125
85 130
85 135
85 145
85 157
85 167
85 175
85 188
85 200
85 201
85 210
85 254
85 264
85 280
85 289
85 297
85 302
85 305
85 310
85 312
85 319
85 323
85 328
85 341
86 98
86 99
86 111
86 119
86 125
86 130
86 135
86 142
86 145
86 157
86 167
86 175
86 188
86 200
86 201
86 210
86 254
86 264
86 280
86 289
86 297
86 302
86 305
86 310
86 312
86 319
86 323
86 328
86 341
87 98
87 99
87 111
87 119
87 130
87 135
87 142
87 145
87 157
87 167
87 175
87 183
87 188
87 200
87 201
87 210
87 220
87 254
87 264
87 280
87 289
87 297
87 302
87 305
87 310
87 312
87 319
87 323
87 328
87 341
88 98
88 99
88 111
88 119
88 130
88 135
88 142
88 145
88 157
88 167
88 175
88 183
88 188
88 200
88 201
88 210
88 220
88 254
88 264
88 280
88 289
88 297
88 302
88 305
88 310
88 312
88 319
88 323
88 328
88 341
89 98
89 99
89 111
89 119
89 130
89 135
89 142
89 145
89 157
89 167
89 175
89 183
89 188
89 200
89 201
89 210
89 220
89 254
89 264
89 280
89 289
89 297
89 302
89 305
89 310
89 312
89 319
89 323
89 328
89 341
90 98
90 119
90 130
90 135
90 142
90 145
90 155
90 157
90 167
90 175
90 183
90 188
90 200
90 201
90 210
90 220
90 254
90 264
90 280
90 289
90 297
90 302
90 305
90 310
90 312
90 319
90 323
90 328
90 335
90 341
91 98
91 119
91 130
91 135
91 142
91 145
91 155
91 157
91 167
91 175
91 183
91 188
91 200
91 201
91 210
91 220
91 254
91 264
91 280
91 289
91 297
91 302
91 305
91 310
91 312
91 319
91 328
91 335
91 341
92 98
92 113
92 130
92 135
92 142
92 145
92 155
92 157
92 167
92 175
92 183
92 188
92 200
92 201
92 210
92 220
92 254
92 264
92 280
92 289
92 291
92 297
92 302
92 305
92 310
92 312
92 319
92 328
92 335
92 341
93 98
93 113
93 130
93 135
93 142
93 145
93 155
93 157
93 167
93 175
93 183
93 188
93 200
93 201
93 210
93 220
93 254
93 264
93 266
93 280
93 289
93 291
93 297
93 302
93 305
93 310
93 312
93 319
93 328
93 335
93 341
94 98
94 113
94 130
94 135
94 142
94 145
94 155
94 157
94 167
94 175
94 183
94 200
94 201
94 210
94 220
94 254
94 264
94 266
94 280
94 289
94 291
94 297
94 302
94 305
94 310
94 312
94 319
94 328
94 335
94 341
95 98
95 113
95 130
95 135
95 142
95 145
95 155
95 157
95 167
95 175
95 200
95 201
95 220
95 254
95 264
95 266
95 277
95 280
95 289
95 291
95 297
95 302
95 304
95 305
95 310
95 312
95 319
95 328
95 335
95 341
96 98
96 113
96 130
96 135
96 142
96 145
96 155
96 157
96 167
96 175
96 200
96 201
96 220
96 254
96 264
96 266
96 277
96 280
96 289
96 291
96 297
96 302
96 304
96 305
96 310
96 312
96 319
96 328
96 335
96 341
97 98
97 113
97 130
97 135
97 142
97 145
97 155
97 157
97 167
97 175
97 200
97 201
97 220
97 254
97 264
97 266
97 277
97 280
97 289
97 291
97 297
97 302
97 304
97 305
97 310
97 312
97 319
97 328
97 335
97 341
98 98
98 113
98 130
98 135
98 142
98 145
98 147
98 155
98 157
98 167
98 175
98 200
98 201
98 220
98 254
98 264
98 280
98 289
98 291
98 297
98 302
98 304
98 305
98 310
98 312
98 319
98 328
98 335
98 341
99 98
99 110
99 113
99 130
99 135
99 142
99 145
99 147
99 155
99 157
99 167
99 175
99 200
99 201
99 220
99 254
99 264
99 280
99 289
99 291
99 297
99 302
99 304
99 305
99 310
99 312
99 319
99 328
99 335
99 341
100 98
100 110
100 113
100 127
100 130
100 142
100 145
100 147
100 155
100 157
100 167
100 175
100 200
100 201
100 220
100 254
100 264
100 272
100 280
100 289
100 291
100 297
100 302
100 304
100 305
100 310
100 312
100 319
100 328
100 335
100 341
101 98
101 110
101 113
101 127
101 130
101 142
101 145
101 147
101 155
101 157
101 167
101 175
101 200
101 201
101 220
101 254
101 264
101 272
101 280
101 289
101 291
101 297
101 302
101 304
101 305
101 310
101 312
101 319
101 328
101 335
101 341
102 98
102 110
102 113
102 127
102 130
102 142
102 145
102 147
102 155
102 157
102 167
102 175
102 200
102 201
102 220
102 254
102 264
102 272
102 280
102 289
102 291
102 297
102 302
102 304
102 305
102 310
102 312
102 319
102 328
102 335
102 341
103 110
103 113
103 130
103 145
103 147
103 155
103 157
103 165
103 167
103 175
103 200
103 201
103 215
103 254
103 272
103 280
103 289
103 291
103 293
103 297
103 302
103 304
103 305
103 310
103 312
103 328
103 335
103 341
104 110
104 113
104 130
104 145
104 146
104 147
104 155
104 157
104 165
104 167
104 175
104 200
104 201
104 215
104 254
104 272
104 275
104 280
104 289
104 291
104 293
104 297
104 302
104 304
104 305
104 310
104 312
104 328
104 335
104 341
105 110
105 124
105 145
105 146
105 147
105 149
105 155
105 157
105 167
105 191
105 198
105 200
105 201
105 254
105 272
105 275
105 280
105 289
105 291
105 293
105 302
105 304
105 305
105 310
105 312
105 328
105 335
105 341
106 110
106 124
106 145
106 146
106 147
106 149
106 155
106 157
106 167
106 191
106 200
106 254
106 272
106 275
106 280
106 289
106 291
106 293
106 302
106 304
106 305
106 310
106 312
106 335
106 341
107 110
107 115
107 124
107 145
107 146
107 147
107 155
107 157
107 167
107 168
107 191
107 200
107 254
107 272
107 275
107 280
107 289
107 291
107 293
107 302
107 304
107 305
107 310
107 312
107 335
107 341
108 110
108 115
108 124
108 145
108 146
108 147
108 155
108 157
108 167
108 168
108 191
108 200
108 254
108 272
108 275
108 280
108 289
108 291
108 293
108 302
108 304
108 305
108 310
108 312
108 335
108 341
109 145
109 146
109 147
109 155
109 157
109 167
109 168
109 191
109 200
109 212
109 254
109 261
109 275
109 280
109 289
109 291
109 293
109 302
109 304
109 310
109 335
109 341
109 345
110 146
110 147
110 155
110 157
110 167
110 168
110 191
110 200
110 212
110 252
110 254
110 261
110 275
110 280
110 289
110 293
110 302
110 304
110 310
110 335
110 341
110 345
111 147
111 155
111 157
111 167
111 168
111 191
111 200
111 212
111 252
111 254
111 261
111 262
111 275
111 280
111 289
111 293
111 302
111 304
111 310
111 335
111 345
112 147
112 153
112 155
112 157
112 167
112 168
112 176
112 191
112 200
112 212
112 252
112 254
112 261
112 262
112 275
112 280
112 289
112 293
112 302
112 304
112 310
112 325
112 335
112 345
113 147
113 153
113 155
113 167
113 168
113 176
113 191
113 200
113 212
113 252
113 254
113 261
113 262
113 275
113 280
113 289
113 293
113 302
113 304
113 310
113 325
113 335
113 345
114 147
114 153
114 155
114 167
114 168
114 173
114 176
114 191
114 200
114 212
114 252
114 254
114 261
114 262
114 275
114 280
114 289
114 293
114 302
114 304
114 310
114 325
114 335
114 345
115 147
115 153
115 155
115 167
115 168
115 173
115 176
115 191
115 200
115 212
115 252
115 254
115 261
115 262
115 275
115 280
115 289
115 293
115 302
115 304
115 310
115 325
115 335
115 345
116 147
116 153
116 155
116 167
116 168
116 173
116 176
116 191
116 200
116 212
116 252
116 254
116 261
116 262
116 275
116 280
116 289
116 293
116 302
116 304
116 310
116 325
116 335
116 345
117 147
117 153
117 155
117 167
117 168
117 173
117 176
117 191
117 200
117 212
117 252
117 254
117 261
117 262
117 275
117 280
117 289
117 293
117 302
117 304
117 310
117 325
117 335
117 345
118 147
118 153
118 155
118 167
118 168
118 173
118 176
118 191
118 200
118 212
118 252
118 254
118 261
118 262
118 275
118 280
118 289
118 293
118 302
118 304
118 310
118 325
118 335
118 345
119 147
119 153
119 155
119 167
119 168
119 173
119 176
119 191
119 200
119 212
119 252
119 254
119 261
119 262
119 275
119 280
119 289
119 293
119 302
119 304
119 310
119 325
119 335
119 345
120 147
120 153
120 155
120 167
120 168
120 173
120 176
120 177
120 191
120 194
120 200
120 212
120 252
120 254
120 261
120 262
120 275
120 280
120 289
120 293
120 302
120 304
120 310
120 325
120 335
120 345
121 147
121 153
121 155
121 167
121 168
121 172
121 173
121 176
121 177
121 191
121 194
121 200
121 208
121 212
121 252
121 254
121 261
121 275
121 280
121 289
121 302
121 304
121 310
121 325
121 335
121 345
122 147
122 153
122 155
122 167
122 168
122 172
122 173
122 176
122 177
122 191
122 194
122 200
122 208
122 212
122 252
122 254
122 261
122 275
122 280
122 289
122 302
122 304
122 310
122 325
122 335
122 345
123 147
123 153
123 155
123 167
123 168
123 172
123 173
123 176
123 177
123 191
123 194
123 200
123 208
123 212
123 252
123 254
123 261
123 275
123 280
123 302
123 304
123 310
123 325
123 335
123 345
124 128
124 147
124 153
124 155
124 167
124 168
124 172
124 173
124 176
124 177
124 191
124 194
124 200
124 208
124 212
124 252
124 254
124 260
124 261
124 275
124 302
124 304
124 310
124 325
124 345
125 128
125 147
125 153
125 155
125 167
125 168
125 172
125 173
125 176
125 177
125 191
125 194
125 200
125 212
125 252
125 254
125 260
125 261
125 275
125 302
125 304
125 310
125 325
125 345
126 128
126 147
126 153
126 167
126 172
126 173
126 176
126 191
126 194
126 200
126 212
126 252
126 254
126 260
126 274
126 275
126 302
126 304
126 310
126 325
126 345
127 128
127 147
127 153
127 167
127 172
127 173
127 176
127 191
127 194
127 200
127 212
127 254
127 260
127 274
127 275
127 302
127 304
127 310
127 325
127 345
128 128
128 147
128 153
128 167
128 172
128 173
128 176
128 191
128 194
128 200
128 212
128 254
128 260
128 274
128 275
128 302
128 304
128 310
128 325
128 345
129 128
129 147
129 153
129 167
129 172
129 173
129 176
129 191
129 194
129 200
129 212
129 254
129 260
129 274
129 275
129 302
129 304
129 310
129 325
129 345
130 128
130 153
130 162
130 167
130 172
130 173
130 176
130 194
130 200
130 212
130 254
130 275
130 302
130 304
130 310
130 325
130 345
131 128
131 153
131 162
131 167
131 172
131 173
131 176
131 194
131 200
131 212
131 254
131 275
131 302
131 304
131 325
131 345
132 153
132 162
132 167
132 172
132 173
132 176
132 194
132 200
132 212
132 254
132 275
132 302
132 304
132 325
132 345
133 153
133 162
133 167
133 172
133 173
133 176
133 194
133 200
133 212
133 254
133 275
133 302
133 304
133 325
133 345
134 153
134 162
134 164
134 167
134 172
134 173
134 176
134 194
134 200
134 212
134 254
134 275
134 302
134 304
134 325
134 345
135 153
135 162
135 164
135 167
135 172
135 173
135 176
135 194
135 200
135 212
135 254
135 275
135 302
135 304
135 325
135 345
136 153
136 162
136 164
136 167
136 172
136 173
136 176
136 194
136 200
136 212
136 254
136 275
136 302
136 304
136 325
136 345
137 162
137 164
137 167
137 173
137 176
137 194
137 200
137 212
137 254
137 275
137 302
137 304
137 325
137 345
138 162
138 164
138 167
138 173
138 174
138 176
138 194
138 200
138 212
138 254
138 275
138 302
138 304
138 325
138 345
139 162
139 164
139 167
139 173
139 174
139 176
139 194
139 200
139 212
139 254
139 275
139 302
139 304
139 325
139 345
140 162
140 164
140 167
140 173
140 174
140 176
140 194
140 200
140 212
140 254
140 275
140 302
140 304
140 325
140 345
141 162
141 164
141 167
141 173
141 174
141 176
141 194
141 200
141 212
141 254
141 302
141 304
141 325
141 345
142 162
142 164
142 167
142 173
142 174
142 176
142 194
142 200
142 212
142 254
142 282
142 302
142 304
142 325
142 345
143 162
143 164
143 167
143 173
143 174
143 176
143 194
143 200
143 212
143 254
143 282
143 302
143 304
143 317
143 325
143 345
144 162
144 164
144 167
144 173
144 174
144 176
144 194
144 200
144 212
144 254
144 282
144 302
144 304
144 317
144 325
144 345
145 154
145 162
145 164
145 167
145 173
145 174
145 180
145 194
145 200
145 212
145 254
145 282
145 302
145 304
145 317
145 325
145 345
146 154
146 162
146 164
146 167
146 173
146 174
146 180
146 194
146 200
146 212
146 254
146 282
146 304
146 317
146 325
146 345
147 154
147 159
147 162
147 164
147 167
147 173
147 174
147 180
147 194
147 200
147 212
147 254
147 282
147 304
147 317
147 325
147 345
148 154
148 159
148 160
148 162
148 164
148 167
148 173
148 174
148 180
148 194
148 200
148 212
148 254
148 282
148 304
148 307
148 317
148 325
149 154
149 159
149 160
149 162
149 164
149 167
149 173
149 174
149 180
149 194
149 200
149 212
149 254
149 304
149 307
149 317
149 325
150 154
150 159
150 160
150 162
150 164
150 173
150 174
150 180
150 194
150 200
150 254
150 304
150 307
150 317
150 325
151 154
151 159
151 160
151 162
151 164
151 173
151 174
151 180
151 194
151 200
151 254
151 304
151 307
151 317
151 325
152 154
152 159
152 160
152 162
152 164
152 173
152 174
152 180
152 181
152 194
152 200
152 254
152 304
152 307
152 317
152 325
153 154
153 159
153 160
153 162
153 174
153 180
153 181
153 194
153 200
153 254
153 304
153 307
153 317
153 325
154 154
154 159
154 160
154 162
154 174
154 180
154 181
154 194
154 200
154 254
154 304
154 307
154 317
154 325
155 154
155 159
155 160
155 162
155 174
155 180
155 181
155 200
155 254
155 304
155 307
155 317
156 154
156 159
156 160
156 162
156 174
156 180
156 181
156 200
156 254
156 304
156 307
156 317
157 154
157 159
157 160
157 162
157 174
157 180
157 181
157 200
157 254
157 304
157 307
157 317
158 154
158 159
158 160
158 162
158 174
158 180
158 181
158 200
158 204
158 254
158 273
158 304
158 307
158 315
158 317
159 159
159 162
159 174
159 180
159 200
159 204
159 254
159 273
159 304
159 307
159 315
159 317
160 159
160 162
160 174
160 180
160 200
160 204
160 254
160 273
160 304
160 307
160 315
160 317
161 159
161 162
161 174
161 180
161 200
161 204
161 234
161 254
161 273
161 304
161 307
161 315
161 317
162 159
162 162
162 174
162 180
162 200
162 204
162 254
162 273
162 304
162 307
162 315
162 317
163 159
163 162
163 174
163 180
163 200
163 204
163 254
163 273
163 304
163 307
163 315
163 317
164 162
164 174
164 189
164 199
164 204
164 225
164 237
164 270
164 273
164 304
164 307
164 315
164 317
164 327
164 343
164 346
165 162
165 174
165 189
165 199
165 204
165 225
165 237
165 270
165 273
165 304
165 307
165 315
165 317
165 327
165 343
165 346
166 162
166 174
166 189
166 199
166 204
166 225
166 237
166 247
166 270
166 273
166 304
166 307
166 315
166 317
166 327
166 343
166 346
167 162
167 174
167 189
167 199
167 204
167 225
167 237
167 242
167 247
167 270
167 273
167 304
167 307
167 315
167 317
167 327
167 343
167 346
168 162
168 174
168 185
168 189
168 199
168 204
168 225
168 237
168 242
168 247
168 249
168 270
168 273
168 304
168 307
168 315
168 317
168 327
168 343
168 346
169 162
169 174
169 185
169 189
169 199
169 204
169 225
169 237
169 242
169 247
169 248
169 249
169 270
169 273
169 304
169 307
169 315
169 317
169 327
169 343
169 346
170 174
170 189
170 199
170 225
170 235
170 237
170 242
170 247
170 249
170 258
170 270
170 273
170 304
170 307
170 315
170 327
170 343
170 346
171 189
171 199
171 225
171 226
171 235
171 237
171 242
171 247
171 258
171 273
171 304
171 307
171 315
171 327
171 343
171 346
172 189
172 199
172 225
172 226
172 242
172 243
172 247
172 258
172 273
172 304
172 315
172 327
172 343
172 346
173 189
173 199
173 225
173 226
173 242
173 243
173 247
173 258
173 273
173 304
173 315
173 327
173 343
173 346
174 189
174 199
174 225
174 226
174 242
174 243
174 247
174 258
174 273
174 304
174 315
174 327
174 343
174 346
175 189
175 199
175 225
175 226
175 242
175 243
175 247
175 258
175 273
175 304
175 315
175 327
175 343
175 346
176 189
176 225
176 226
176 242
176 243
176 247
176 258
176 273
176 304
176 315
176 327
176 343
176 346
177 214
177 225
177 226
177 242
177 243
177 247
177 258
177 273
177 304
177 315
177 327
177 346
178 214
178 225
178 226
178 242
178 243
178 247
178 258
178 304
178 315
178 327
178 346
179 214
179 225
179 226
179 242
179 243
179 247
179 258
179 304
179 315
179 327
179 346
180 214
180 225
180 226
180 242
180 243
180 247
180 258
180 304
180 315
180 327
180 346
181 214
181 226
181 242
181 243
181 247
181 258
181 304
181 315
181 327
181 346
182 214
182 226
182 242
182 243
182 247
182 258
182 304
182 315
182 327
182 346
183 214
183 226
183 242
183 243
183 247
183 258
183 304
183 315
183 327
183 346
184 214
184 226
184 243
184 247
184 258
184 304
184 315
184 327
184 346
185 214
185 226
185 243
185 247
185 258
185 304
185 315
185 320
185 327
185 346
186 214
186 226
186 243
186 247
186 258
186 304
186 315
186 320
186 327
186 346
187 214
187 226
187 243
187 247
187 258
187 304
187 315
187 320
187 327
187 346
188 214
188 226
188 243
188 247
188 258
188 304
188 315
188 320
188 327
188 346
189 214
189 226
189 243
189 247
189 258
189 304
189 315
189 320
189 326
189 327
189 346
190 214
190 226
190 243
190 258
190 304
190 315
190 320
190 326
190 327
190 334
190 344
190 346
191 206
191 214
191 226
191 243
191 258
191 304
191 315
191 320
191 326
191 327
191 334
191 344
191 346
192 206
192 214
192 226
192 258
192 304
192 315
192 320
192 326
192 327
192 334
192 344
192 346
193 206
193 214
193 226
193 258
193 304
193 315
193 320
193 326
193 327
193 334
193 344
193 346
194 196
194 206
194 214
194 226
194 258
194 304
194 315
194 320
194 326
194 327
194 334
194 344
194 346
195 196
195 214
195 226
195 227
195 258
195 259
195 304
195 320
195 327
195 330
195 331
195 344
195 346
196 196
196 214
196 226
196 227
196 258
196 259
196 304
196 320
196 327
196 330
196 331
196 344
196 346
197 196
197 214
197 226
197 227
197 258
197 259
197 304
197 320
197 327
197 330
197 331
197 344
197 346
198 196
198 214
198 226
198 227
198 258
198 259
198 269
198 304
198 320
198 327
198 330
198 331
198 344
198 346
199 196
199 214
199 226
199 227
199 258
199 259
199 269
199 304
199 320
199 327
199 330
199 331
199 344
199 346
200 196
200 214
200 226
200 227
200 258
200 259
200 269
200 304
200 320
200 327
200 330
200 331
200 344
200 346
201 196
201 214
201 226
201 227
201 258
201 259
201 269
201 304
201 320
201 327
201 330
201 331
201 344
201 346
202 214
202 226
202 227
202 258
202 259
202 269
202 304
202 320
202 327
202 330
202 331
202 340
202 344
202 346
203 214
203 226
203 227
203 238
203 258
203 269
203 286
203 304
203 320
203 327
203 330
203 331
203 344
203 346
204 226
204 227
204 238
204 258
204 269
204 286
204 304
204 320
204 327
204 330
204 331
204 344
204 346
205 226
205 227
205 238
205 269
205 286
205 304
205 320
205 327
205 330
205 331
205 344
205 346
206 226
206 227
206 238
206 269
206 286
206 287
206 304
206 320
206 327
206 330
206 331
206 346
207 226
207 238
207 241
207 257
207 269
207 279
207 286
207 287
207 304
207 320
207 327
207 331
208 238
208 241
208 257
208 269
208 279
208 286
208 287
208 304
208 320
208 327
208 331
209 238
209 241
209 257
209 269
209 279
209 286
209 287
209 304
209 320
209 327
209 331
210 238
210 257
210 269
210 279
210 286
210 287
210 304
210 320
210 327
210 331
211 238
211 257
211 269
211 279
211 286
211 287
211 304
211 320
211 327
211 331
212 238
212 257
212 269
212 279
212 286
212 287
212 304
212 320
212 331
213 238
213 257
213 269
213 279
213 286
213 287
213 304
213 320
213 331
214 238
214 257
214 269
214 279
214 286
214 287
214 304
214 320
214 331
215 238
215 250
215 257
215 269
215 279
215 286
215 287
215 304
215 320
215 331
216 238
216 250
216 257
216 269
216 279
216 286
216 287
216 304
216 320
216 331
217 238
217 250
217 257
217 269
217 279
217 286
217 287
217 304
217 331
218 238
218 250
218 257
218 269
218 279
218 286
218 287
218 304
218 331
219 238
219 246
219 250
219 257
219 269
219 279
219 286
219 287
219 304
219 313
219 331
220 238
220 246
220 250
220 257
220 269
220 279
220 286
220 287
220 304
220 313
220 331
221 238
221 246
221 250
221 257
221 269
221 279
221 286
221 287
221 304
221 313
221 331
222 238
222 246
222 250
222 257
222 269
222 279
222 286
222 287
222 313
222 331
223 238
223 246
223 250
223 256
223 257
223 269
223 279
223 286
223 287
223 313
223 348
224 238
224 246
224 250
224 256
224 257
224 269
224 279
224 286
224 287
224 313
224 348
225 238
225 246
225 250
225 256
225 257
225 269
225 279
225 286
225 287
225 348
226 238
226 246
226 250
226 256
226 257
226 269
226 279
226 286
226 287
226 348
227 238
227 246
227 250
227 255
227 256
227 257
227 269
227 279
227 286
227 287
227 348
228 238
228 246
228 250
228 255
228 256
228 257
228 269
228 279
228 286
228 287
228 348
229 238
229 246
229 250
229 255
229 256
229 257
229 269
229 279
229 286
229 287
229 348
230 238
230 246
230 250
230 255
230 256
230 257
230 269
230 279
230 285
230 286
230 292
230 303
230 348
231 238
231 246
231 250
231 255
231 256
231 257
231 269
231 279
231 285
231 286
231 292
231 303
231 348
232 238
232 246
232 250
232 255
232 256
232 257
232 269
232 279
232 285
232 286
232 292
232 303
232 348
233 238
233 246
233 250
233 255
233 256
233 257
233 268
233 269
233 279
233 285
233 286
233 292
233 303
233 348
234 238
234 246
234 250
234 255
234 256
234 257
234 268
234 269
234 279
234 285
234 286
234 292
234 303
234 348
235 238
235 246
235 255
235 256
235 257
235 268
235 269
235 279
235 285
235 288
235 292
235 303
235 348
236 238
236 246
236 255
236 256
236 257
236 268
236 269
236 279
236 285
236 288
236 292
236 303
236 348
237 238
237 246
237 255
237 256
237 257
237 268
237 269
237 279
237 285
237 288
237 292
237 298
237 303
237 316
237 348
238 238
238 246
238 255
238 256
238 257
238 269
238 279
238 285
238 288
238 292
238 298
238 303
238 316
238 348
239 238
239 255
239 256
239 257
239 265
239 269
239 279
239 285
239 288
239 292
239 298
239 303
239 316
239 348
240 238
240 255
240 256
240 257
240 265
240 269
240 279
240 285
240 288
240 292
240 298
240 303
240 316
240 348
241 238
241 255
241 256
241 257
241 265
241 269
241 279
241 285
241 288
241 292
241 298
241 303
241 316
241 348
242 238
242 255
242 256
242 257
242 265
242 269
242 279
242 285
242 292
242 298
242 303
242 316
242 348
243 238
243 255
243 256
243 257
243 265
243 269
243 279
243 285
243 292
243 298
243 303
243 316
243 348
244 238
244 255
244 256
244 257
244 265
244 269
244 279
244 285
244 292
244 298
244 303
244 316
244 348
245 238
245 255
245 256
245 257
245 265
245 269
245 279
245 285
245 292
245 298
245 303
245 316
245 348
246 238
246 255
246 256
246 257
246 265
246 269
246 279
246 285
246 292
246 298
246 303
246 316
246 348
247 238
247 255
247 256
247 265
247 269
247 279
247 285
247 292
247 298
247 303
247 316
247 329
247 348
248 238
248 255
248 256
248 265
248 269
248 279
248 285
248 292
248 298
248 303
248 316
248 329
248 348
249 238
249 255
249 256
249 265
249 269
249 279
249 285
249 292
249 298
249 303
249 316
249 322
249 329
249 348
250 255
250 256
250 265
250 269
250 279
250 285
250 292
250 298
250 303
250 316
250 322
250 329
250 347
250 348
251 255
251 256
251 265
251 269
251 279
251 285
251 292
251 298
251 303
251 316
251 322
251 329
251 347
251 348
252 255
252 256
252 265
252 269
252 279
252 285
252 292
252 298
252 303
252 316
252 322
252 329
252 347
252 348
253 255
253 256
253 265
253 269
253 279
253 285
253 292
253 298
253 303
253 316
253 322
253 329
253 347
253 348
254 255
254 256
254 265
254 269
254 279
254 285
254 292
254 298
254 303
254 316
254 322
254 329
254 347
254 348
255 255
255 256
255 265
255 269
255 279
255 292
255 298
255 303
255 316
255 322
255 329
255 347
255 348
256 255
256 256
256 265
256 269
256 279
256 292
256 298
256 303
256 316
256 322
256 329
256 347
256 348
257 255
257 256
257 265
257 269
257 279
257 292
257 298
257 303
257 316
257 322
257 329
257 337
257 347
257 348
258 255
258 256
258 265
258 269
258 279
258 292
258 298
258 303
258 316
258 322
258 329
258 337
258 347
258 348
259 255
259 256
259 265
259 269
259 279
259 292
259 298
259 303
259 316
259 322
259 329
259 337
259 347
259 348
260 256
260 265
260 269
260 279
260 292
260 298
260 303
260 316
260 322
260 329
260 337
260 347
260 348
261 265
261 269
261 279
261 292
261 298
261 303
261 316
261 329
261 337
261 347
261 348
262 265
262 269
262 279
262 292
262 298
262 316
262 329
262 337
262 347
262 348
263 265
263 269
263 279
263 292
263 298
263 316
263 329
263 337
263 347
263 348
264 265
264 269
264 279
264 292
264 298
264 316
264 329
264 337
264 347
264 348
265 269
265 279
265 292
265 298
265 316
265 329
265 337
265 347
265 348
266 292
266 298
266 329
266 337
266 347
266 348
267 292
267 298
267 329
267 337
267 347
267 348
268 292
268 298
268 329
268 337
268 347
268 348
269 292
269 298
269 329
269 337
269 347
269 348
270 292
270 298
270 311
270 321
270 337
270 347
270 348
271 292
271 298
271 311
271 321
271 337
271 347
271 348
272 292
272 298
272 311
272 321
272 337
272 347
272 348
273 292
273 298
273 311
273 321
273 337
273 347
273 348
274 292
274 298
274 311
274 321
274 337
274 347
274 348
275 292
275 298
275 311
275 321
275 337
275 347
275 348
276 292
276 298
276 311
276 321
276 337
276 347
276 348
277 292
277 298
277 311
277 321
277 337
277 347
277 348
278 292
278 298
278 311
278 337
278 347
278 348
279 292
279 298
279 311
279 337
279 347
279 348
280 292
280 298
280 311
280 337
280 347
280 348
281 292
281 298
281 311
281 337
281 347
281 348
282 292
282 298
282 311
282 337
282 347
282 348
283 292
283 298
283 311
283 337
283 347
283 348
284 292
284 298
284 311
284 336
284 337
284 347
284 348
285 292
285 298
285 311
285 336
285 337
285 347
285 348
286 292
286 298
286 311
286 336
286 337
286 347
286 348
287 292
287 298
287 311
287 336
287 337
287 347
287 348
288 292
288 298
288 308
288 311
288 336
288 337
288 339
288 347
288 348
289 292
289 298
289 308
289 311
289 336
289 337
289 339
289 347
289 348
290 292
290 298
290 308
290 311
290 336
290 339
290 347
290 348
291 292
291 298
291 308
291 336
291 339
291 347
291 348
292 292
292 298
292 308
292 336
292 338
292 339
292 347
292 348
293 292
293 298
293 308
293 336
293 338
293 339
293 347
293 348
294 292
294 298
294 308
294 336
294 338
294 339
294 347
294 348
295 292
295 298
295 308
295 336
295 338
295 339
295 347
295 348
296 292
296 298
296 308
296 336
296 338
296 339
296 347
296 348
297 292
297 298
297 308
297 336
297 338
297 339
297 347
297 348
298 292
298 298
298 308
298 336
298 338
298 339
298 347
298 348
299 292
299 298
299 308
299 338
299 339
299 347
299 348
300 292
300 298
300 308
300 338
300 339
300 347
300 348
301 298
301 308
301 338
301 339
301 347
301 348
302 308
302 338
302 339
302 347
302 348
303 308
303 338
303 339
303 347
303 348
304 308
304 338
304 339
304 347
304 348
305 308
305 338
305 339
305 347
305 348
306 308
306 338
306 339
306 347
306 348
307 308
307 338
307 339
307 347
307 348
308 308
308 339
308 347
309 308
309 339
309 347
310 308
310 339
310 347
311 308
311 339
311 347
312 308
312 347
313 347
314 347
315 347
316 347
317 347
318 347
319 347
320 347
321 347
322 347
323 347
324 347
325 347
326 347
327 347
328 347
329 347
330 347
331 347
332 347
333 347
334 347
335 347
336 347
337 347
338 347
343 349
344 349
345 349
346 349
347 349
348 349
