0 78
0 133
0 154
0 302
1 7
1 78
1 133
1 154
1 250
1 302
2 9
2 24
2 78
2 106
2 140
2 154
2 302
2 313
3 4
3 12
3 78
3 106
3 140
3 154
3 302
3 313
4 4
4 8
4 12
4 64
4 78
4 106
4 140
4 154
4 302
4 313
5 4
5 8
5 12
5 65
5 78
5 106
5 113
5 123
5 140
5 154
5 179
5 186
5 195
5 251
5 302
5 313
6 15
6 25
6 63
6 65
6 75
6 78
6 95
6 123
6 140
6 154
6 179
6 185
6 186
6 195
6 207
6 251
6 295
6 302
6 313
6 328
7 15
7 25
7 34
7 48
7 54
7 87
7 95
7 100
7 123
7 127
7 140
7 154
7 179
7 185
7 186
7 188
7 195
7 207
7 251
7 295
7 302
7 313
7 328
8 15
8 25
8 34
8 48
8 54
8 87
8 95
8 100
8 123
8 127
8 140
8 154
8 179
8 185
8 186
8 188
8 195
8 207
8 251
8 295
8 302
8 313
8 328
9 18
9 87
9 95
9 123
9 127
9 154
9 176
9 179
9 185
9 186
9 187
9 188
9 195
9 207
9 251
9 302
9 313
9 328
10 56
10 87
10 95
10 123
10 127
10 154
10 176
10 179
10 185
10 186
10 187
10 188
10 195
10 207
10 251
10 302
10 313
10 328
11 32
11 51
11 56
11 87
11 95
11 123
11 126
11 127
11 135
11 154
11 176
11 179
11 185
11 186
11 187
11 188
11 195
11 207
11 251
11 302
11 313
11 328
11 345
12 32
12 51
12 52
12 87
12 95
12 98
12 126
12 127
12 135
12 142
12 154
12 176
12 179
12 186
12 188
12 195
12 251
12 277
12 285
12 302
12 313
12 328
12 345
13 32
13 51
13 52
13 82
13 87
13 95
13 98
13 135
13 142
13 147
13 176
13 179
13 186
13 188
13 195
13 210
13 251
13 263
13 277
13 285
13 302
13 313
13 328
13 345
14 22
14 38
14 51
14 52
14 82
14 87
14 93
14 95
14 98
14 135
14 142
14 147
14 176
14 179
14 186
14 188
14 189
14 195
14 210
14 225
14 251
14 263
14 277
14 285
14 302
14 313
14 318
14 328
14 345
15 19
15 27
15 37
15 38
15 51
15 52
15 80
15 82
15 87
15 93
15 95
15 98
15 120
15 135
15 142
15 147
15 176
15 179
15 186
15 188
15 189
15 195
15 210
15 223
15 225
15 251
15 263
15 277
15 285
15 302
15 313
15 318
15 328
15 345
16 19
16 27
16 37
16 38
16 51
16 52
16 82
16 87
16 93
16 95
16 98
16 135
16 142
16 147
16 176
16 179
16 186
16 188
16 189
16 195
16 210
16 223
16 225
16 251
16 263
16 277
16 285
16 302
16 313
16 318
16 328
16 345
17 27
17 37
17 38
17 51
17 52
17 82
17 93
17 95
17 98
17 104
17 109
17 135
17 142
17 147
17 176
17 179
17 186
17 189
17 195
17 210
17 223
17 225
17 251
17 263
17 277
17 285
17 302
17 313
17 318
17 328
17 345
18 27
18 37
18 38
18 51
18 52
18 82
18 93
18 95
18 98
18 104
18 109
18 135
18 142
18 147
18 176
18 179
18 186
18 189
18 195
18 210
18 223
18 225
18 251
18 263
18 277
18 285
18 302
18 313
18 318
18 328
18 345
19 30
19 35
19 37
19 38
19 50
19 51
19 52
19 60
19 82
19 93
19 94
19 95
19 98
19 104
19 109
19 142
19 147
19 176
19 177
19 179
19 186
19 195
19 210
19 223
19 225
19 251
19 263
19 277
19 285
19 313
19 318
19 328
19 345
20 28
20 29
20 30
20 37
20 38
20 51
20 60
20 81
20 82
20 93
20 94
20 95
20 98
20 101
20 104
20 109
20 142
20 147
20 148
20 176
20 177
20 179
20 186
20 195
20 210
20 213
20 223
20 225
20 251
20 263
20 277
20 285
20 313
20 318
20 328
20 345
21 28
21 29
21 37
21 38
21 51
21 60
21 81
21 82
21 93
21 94
21 95
21 98
21 101
21 104
21 109
21 142
21 147
21 148
21 159
21 176
21 177
21 179
21 186
21 194
21 195
21 210
21 213
21 223
21 225
21 251
21 263
21 277
21 285
21 313
21 318
21 328
21 345
22 28
22 29
22 37
22 38
22 51
22 60
22 81
22 82
22 93
22 94
22 95
22 98
22 101
22 104
22 109
22 142
22 147
22 148
22 159
22 176
22 177
22 179
22 186
22 194
22 195
22 210
22 213
22 223
22 225
22 251
22 263
22 277
22 281
22 285
22 313
22 318
22 328
22 345
23 28
23 37
23 51
23 60
23 81
23 93
23 94
23 95
23 98
23 101
23 104
23 109
23 142
23 147
23 148
23 149
23 159
23 174
23 176
23 177
23 179
23 186
23 194
23 195
23 213
23 223
23 225
23 251
23 263
23 265
23 277
23 281
23 285
23 313
23 318
23 328
24 28
24 37
24 51
24 60
24 81
24 93
24 94
24 95
24 101
24 104
24 109
24 142
24 147
24 149
24 159
24 174
24 176
24 177
24 179
24 186
24 194
24 195
24 213
24 223
24 225
24 229
24 251
24 263
24 265
24 277
24 281
24 285
24 313
24 318
24 328
24 332
25 51
25 60
25 81
25 93
25 94
25 95
25 101
25 104
25 109
25 142
25 147
25 149
25 159
25 174
25 176
25 177
25 179
25 183
25 186
25 194
25 195
25 213
25 223
25 225
25 229
25 251
25 263
25 265
25 277
25 281
25 285
25 313
25 318
25 328
25 332
26 31
26 33
26 39
26 51
26 59
26 60
26 81
26 84
26 93
26 95
26 101
26 104
26 109
26 142
26 147
26 149
26 159
26 174
26 176
26 177
26 179
26 183
26 186
26 194
26 195
26 213
26 221
26 223
26 225
26 229
26 251
26 263
26 277
26 281
26 285
26 313
26 318
26 328
26 332
26 349
27 31
27 33
27 36
27 39
27 59
27 60
27 84
27 93
27 95
27 101
27 104
27 109
27 142
27 147
27 149
27 159
27 174
27 176
27 177
27 179
27 183
27 186
27 194
27 195
27 213
27 221
27 223
27 225
27 229
27 251
27 263
27 277
27 281
27 285
27 313
27 318
27 328
27 332
27 336
27 349
28 31
28 39
28 59
28 84
28 93
28 95
28 101
28 102
28 104
28 109
28 110
28 142
28 147
28 149
28 159
28 174
28 176
28 177
28 179
28 186
28 194
28 195
28 213
28 223
28 225
28 251
28 263
28 277
28 281
28 285
28 313
28 318
28 328
28 332
28 336
29 31
29 39
29 46
29 59
29 71
29 84
29 93
29 95
29 101
29 102
29 104
29 109
29 110
29 142
29 147
29 149
29 159
29 174
29 176
29 177
29 179
29 186
29 194
29 195
29 213
29 223
29 225
29 251
29 263
29 277
29 281
29 285
29 313
29 318
29 328
29 332
29 336
30 31
30 39
30 46
30 59
30 67
30 71
30 84
30 93
30 95
30 101
30 102
30 104
30 109
30 110
30 142
30 147
30 149
30 159
30 174
30 176
30 177
30 179
30 186
30 194
30 195
30 213
30 223
30 225
30 251
30 257
30 263
30 277
30 281
30 285
30 313
30 318
30 332
30 336
31 39
31 44
31 45
31 46
31 67
31 71
31 72
31 84
31 93
31 95
31 101
31 102
31 104
31 109
31 110
31 129
31 142
31 147
31 149
31 159
31 174
31 176
31 177
31 179
31 186
31 194
31 195
31 213
31 223
31 236
31 251
31 257
31 263
31 277
31 285
31 313
31 318
31 332
31 336
32 44
32 45
32 46
32 67
32 68
32 71
32 72
32 89
32 93
32 101
32 102
32 104
32 109
32 110
32 129
32 142
32 147
32 149
32 159
32 174
32 176
32 177
32 179
32 186
32 194
32 195
32 213
32 223
32 236
32 251
32 257
32 259
32 263
32 277
32 285
32 313
32 318
32 332
32 336
33 44
33 45
33 46
33 67
33 68
33 71
33 72
33 93
33 101
33 102
33 104
33 109
33 110
33 129
33 142
33 147
33 149
33 159
33 174
33 176
33 177
33 179
33 186
33 194
33 195
33 213
33 223
33 236
33 251
33 257
33 259
33 263
33 277
33 285
33 313
33 318
33 332
33 336
34 44
34 45
34 46
34 67
34 71
34 72
34 92
34 93
34 102
34 104
34 109
34 110
34 129
34 142
34 147
34 149
34 159
34 174
34 176
34 177
34 179
34 186
34 194
34 195
34 213
34 223
34 236
34 251
34 257
34 259
34 263
34 277
34 285
34 312
34 313
34 318
34 330
34 332
34 336
35 44
35 45
35 46
35 67
35 71
35 72
35 92
35 93
35 102
35 104
35 109
35 110
35 129
35 142
35 147
35 149
35 158
35 159
35 174
35 176
35 177
35 179
35 186
35 194
35 195
35 213
35 223
35 236
35 251
35 257
35 259
35 263
35 277
35 285
35 312
35 313
35 318
35 330
35 332
35 336
36 44
36 46
36 47
36 67
36 71
36 72
36 92
36 93
36 102
36 103
36 104
36 110
36 129
36 142
36 147
36 158
36 159
36 176
36 177
36 179
36 186
36 194
36 195
36 203
36 222
36 223
36 254
36 257
36 259
36 263
36 277
36 285
36 312
36 313
36 318
36 330
36 332
36 336
37 44
37 46
37 47
37 67
37 71
37 72
37 92
37 93
37 102
37 103
37 104
37 110
37 129
37 142
37 147
37 158
37 159
37 176
37 177
37 179
37 186
37 194
37 195
37 203
37 222
37 223
37 254
37 257
37 259
37 263
37 277
37 285
37 312
37 313
37 318
37 330
37 332
37 336
38 44
38 46
38 47
38 67
38 71
38 72
38 92
38 93
38 102
38 103
38 104
38 110
38 129
38 142
38 147
38 158
38 159
38 176
38 177
38 179
38 186
38 194
38 195
38 203
38 222
38 223
38 254
38 257
38 259
38 263
38 277
38 285
38 312
38 313
38 318
38 330
38 332
38 336
39 46
39 47
39 58
39 67
39 72
39 74
39 92
39 103
39 104
39 110
39 129
39 142
39 147
39 150
39 152
39 158
39 159
39 171
39 177
39 179
39 186
39 194
39 195
39 222
39 223
39 254
39 257
39 259
39 263
39 277
39 285
39 312
39 313
39 318
39 330
39 332
40 43
40 47
40 58
40 72
40 73
40 92
40 103
40 108
40 129
40 142
40 147
40 150
40 152
40 158
40 159
40 171
40 177
40 179
40 186
40 194
40 195
40 222
40 223
40 257
40 259
40 263
40 269
40 277
40 285
40 297
40 312
40 313
40 318
40 330
40 332
41 43
41 47
41 58
41 73
41 103
41 108
41 129
41 142
41 147
41 150
41 152
41 158
41 159
41 171
41 177
41 179
41 186
41 194
41 195
41 222
41 223
41 249
41 257
41 259
41 261
41 263
41 269
41 270
41 277
41 285
41 297
41 312
41 313
41 318
41 322
41 330
41 332
42 43
42 58
42 61
42 73
42 77
42 103
42 129
42 130
42 142
42 147
42 150
42 152
42 158
42 159
42 171
42 177
42 186
42 194
42 195
42 222
42 223
42 249
42 257
42 259
42 261
42 269
42 270
42 277
42 285
42 297
42 312
42 313
42 318
42 322
42 330
42 332
43 43
43 58
43 61
43 73
43 77
43 103
43 129
43 130
43 142
43 147
43 150
43 152
43 158
43 159
43 171
43 177
43 186
43 194
43 195
43 222
43 223
43 249
43 257
43 259
43 261
43 269
43 270
43 277
43 285
43 297
43 312
43 313
43 318
43 322
43 330
43 332
44 43
44 58
44 61
44 73
44 77
44 103
44 129
44 130
44 142
44 147
44 150
44 152
44 158
44 159
44 171
44 186
44 194
44 195
44 222
44 223
44 249
44 257
44 259
44 261
44 269
44 270
44 277
44 285
44 297
44 305
44 312
44 313
44 318
44 322
44 330
44 332
45 43
45 58
45 61
45 73
45 77
45 103
45 129
45 130
45 142
45 147
45 150
45 152
45 158
45 159
45 160
45 171
45 186
45 194
45 195
45 222
45 223
45 249
45 257
45 259
45 261
45 267
45 269
45 270
45 277
45 285
45 297
45 305
45 312
45 313
45 318
45 322
45 330
45 332
46 61
46 73
46 76
46 77
46 103
46 129
46 130
46 138
46 142
46 147
46 150
46 152
46 160
46 163
46 171
46 194
46 197
46 222
46 223
46 249
46 257
46 259
46 261
46 267
46 269
46 277
46 285
46 297
46 305
46 312
46 313
46 318
46 322
46 330
46 332
47 73
47 76
47 77
47 79
47 103
47 129
47 130
47 138
47 142
47 147
47 150
47 152
47 160
47 163
47 171
47 194
47 197
47 222
47 223
47 257
47 259
47 261
47 267
47 269
47 277
47 285
47 297
47 305
47 312
47 313
47 322
47 330
47 332
48 55
48 77
48 79
48 99
48 103
48 130
48 138
48 139
48 142
48 147
48 152
48 160
48 163
48 171
48 194
48 197
48 218
48 222
48 223
48 257
48 259
48 261
48 267
48 277
48 285
48 297
48 305
48 312
48 313
48 330
48 332
49 55
49 57
49 77
49 79
49 99
49 103
49 130
49 138
49 139
49 142
49 147
49 152
49 160
49 163
49 171
49 194
49 197
49 218
49 222
49 223
49 257
49 259
49 261
49 267
49 277
49 285
49 297
49 305
49 312
49 313
49 330
49 332
50 55
50 57
50 77
50 99
50 103
50 130
50 138
50 139
50 142
50 147
50 152
50 153
50 160
50 163
50 171
50 194
50 197
50 218
50 222
50 223
50 257
50 259
50 261
50 267
50 277
50 285
50 297
50 305
50 312
50 313
50 330
50 332
51 55
51 57
51 77
51 99
51 103
51 130
51 138
51 139
51 142
51 147
51 152
51 153
51 160
51 163
51 171
51 194
51 197
51 218
51 222
51 223
51 257
51 259
51 261
51 267
51 277
51 285
51 297
51 305
51 312
51 313
51 330
51 332
52 57
52 77
52 99
52 103
52 130
52 138
52 139
52 142
52 147
52 152
52 153
52 163
52 171
52 194
52 197
52 218
52 222
52 223
52 257
52 259
52 261
52 267
52 277
52 285
52 297
52 305
52 312
52 313
52 332
53 57
53 103
53 130
53 139
53 142
53 147
53 152
53 153
53 163
53 171
53 194
53 197
53 218
53 222
53 223
53 239
53 257
53 259
53 261
53 267
53 277
53 285
53 297
53 305
53 312
53 313
53 332
54 57
54 103
54 116
54 130
54 139
54 142
54 147
54 152
54 153
54 163
54 194
54 197
54 218
54 222
54 223
54 239
54 257
54 259
54 261
54 267
54 277
54 285
54 297
54 305
54 312
54 313
54 332
55 57
55 103
55 116
55 130
55 139
55 142
55 147
55 152
55 153
55 163
55 194
55 197
55 218
55 222
55 223
55 239
55 257
55 259
55 261
55 267
55 277
55 285
55 297
55 305
55 312
55 313
55 332
56 90
56 103
56 116
56 139
56 142
56 147
56 152
56 153
56 163
56 194
56 197
56 218
56 222
56 223
56 228
56 239
56 257
56 259
56 261
56 267
56 277
56 285
56 297
56 305
56 312
56 313
56 332
57 90
57 103
57 116
57 139
57 142
57 147
57 152
57 153
57 163
57 197
57 218
57 222
57 223
57 228
57 239
57 257
57 259
57 261
57 267
57 277
57 285
57 297
57 305
57 312
57 313
57 332
58 83
58 103
58 116
58 139
58 142
58 147
58 152
58 153
58 197
58 218
58 222
58 223
58 228
58 239
58 247
58 257
58 259
58 261
58 267
58 274
58 277
58 285
58 297
58 305
58 312
58 313
58 332
59 83
59 103
59 116
59 139
59 142
59 147
59 152
59 153
59 197
59 218
59 222
59 223
59 228
59 239
59 247
59 257
59 259
59 261
59 267
59 274
59 277
59 285
59 297
59 305
59 312
59 313
59 332
60 83
60 103
60 116
60 139
60 142
60 147
60 152
60 153
60 197
60 218
60 222
60 223
60 228
60 239
60 247
60 257
60 259
60 261
60 267
60 274
60 277
60 285
60 297
60 305
60 312
60 313
60 332
61 83
61 103
61 116
61 139
61 142
61 147
61 152
61 153
61 197
61 218
61 222
61 223
61 228
61 239
61 247
61 257
61 259
61 261
61 267
61 274
61 277
61 285
61 297
61 305
61 312
61 313
61 332
62 83
62 103
62 116
62 139
62 142
62 147
62 152
62 153
62 197
62 218
62 222
62 223
62 228
62 239
62 247
62 257
62 259
62 261
62 267
62 274
62 277
62 285
62 297
62 305
62 312
62 313
62 332
63 83
63 103
63 116
63 139
63 142
63 147
63 152
63 153
63 197
63 218
63 222
63 223
63 228
63 239
63 247
63 257
63 259
63 261
63 267
63 274
63 277
63 285
63 297
63 305
63 312
63 313
63 332
64 83
64 103
64 116
64 134
64 139
64 142
64 147
64 152
64 153
64 197
64 218
64 222
64 223
64 228
64 239
64 247
64 257
64 259
64 261
64 267
64 274
64 277
64 285
64 297
64 305
64 312
64 313
64 332
65 83
65 103
65 116
65 134
65 139
65 142
65 147
65 152
65 153
65 197
65 218
65 222
65 223
65 228
65 239
65 247
65 257
65 261
65 267
65 274
65 277
65 285
65 297
65 305
65 312
65 313
65 332
66 83
66 103
66 116
66 134
66 139
66 142
66 147
66 152
66 153
66 197
66 218
66 222
66 223
66 228
66 239
66 247
66 257
66 261
66 267
66 274
66 277
66 285
66 297
66 305
66 312
66 313
66 332
67 83
67 103
67 116
67 134
67 139
67 142
67 147
67 152
67 153
67 197
67 218
67 222
67 223
67 228
67 234
67 239
67 247
67 257
67 261
67 267
67 274
67 277
67 285
67 297
67 305
67 312
67 313
67 332
68 83
68 103
68 116
68 139
68 142
68 147
68 152
68 153
68 197
68 218
68 222
68 223
68 228
68 234
68 239
68 247
68 257
68 261
68 267
68 274
68 277
68 285
68 297
68 305
68 312
68 313
68 332
69 83
69 103
69 116
69 139
69 142
69 147
69 152
69 153
69 197
69 218
69 222
69 223
69 228
69 234
69 239
69 247
69 257
69 261
69 267
69 274
69 277
69 285
69 297
69 305
69 312
69 313
69 332
70 83
70 86
70 103
70 116
70 139
70 142
70 147
70 152
70 153
70 197
70 218
70 222
70 223
70 228
70 234
70 239
70 247
70 257
70 261
70 267
70 274
70 277
70 282
70 285
70 297
70 305
70 312
70 313
70 332
71 83
71 86
71 103
71 139
71 142
71 144
71 147
71 152
71 153
71 197
71 218
71 222
71 223
71 228
71 234
71 239
71 247
71 257
71 261
71 267
71 274
71 275
71 277
71 282
71 285
71 297
71 305
71 312
71 313
71 332
72 83
72 86
72 103
72 139
72 142
72 144
72 147
72 152
72 153
72 197
72 218
72 222
72 223
72 228
72 234
72 239
72 247
72 257
72 261
72 267
72 274
72 275
72 277
72 282
72 285
72 297
72 305
72 312
72 313
72 332
73 83
73 86
73 103
73 139
73 142
73 144
73 147
73 152
73 153
73 184
73 197
73 218
73 222
73 223
73 228
73 234
73 239
73 247
73 257
73 267
73 274
73 275
73 277
73 282
73 285
73 297
73 305
73 312
73 313
73 314
73 332
74 86
74 103
74 139
74 142
74 144
74 147
74 152
74 153
74 184
74 197
74 218
74 222
74 223
74 228
74 234
74 239
74 247
74 257
74 267
74 274
74 275
74 277
74 282
74 285
74 297
74 305
74 312
74 313
74 314
74 332
75 86
75 103
75 139
75 142
75 144
75 147
75 152
75 153
75 184
75 197
75 218
75 222
75 223
75 228
75 234
75 239
75 247
75 257
75 267
75 274
75 275
75 277
75 282
75 285
75 297
75 305
75 312
75 313
75 314
75 332
76 103
76 119
76 142
76 147
76 152
76 153
76 166
76 184
76 218
76 222
76 223
76 228
76 234
76 239
76 247
76 257
76 267
76 274
76 275
76 277
76 282
76 285
76 297
76 305
76 311
76 312
76 313
76 332
77 103
77 119
77 142
77 147
77 152
77 153
77 166
77 184
77 218
77 222
77 223
77 228
77 234
77 239
77 247
77 257
77 267
77 274
77 275
77 277
77 282
77 285
77 297
77 305
77 311
77 312
77 313
77 332
78 85
78 103
78 119
78 142
78 147
78 152
78 153
78 166
78 172
78 184
78 218
78 222
78 223
78 228
78 234
78 239
78 252
78 257
78 267
78 274
78 275
78 277
78 282
78 285
78 297
78 305
78 311
78 312
78 313
78 332
79 85
79 103
79 142
79 147
79 152
79 153
79 166
79 172
79 184
79 218
79 222
79 223
79 228
79 234
79 239
79 252
79 257
79 267
79 274
79 275
79 277
79 282
79 285
79 297
79 305
79 311
79 312
79 313
79 332
80 85
80 103
80 112
80 147
80 152
80 153
80 166
80 172
80 180
80 184
80 202
80 218
80 222
80 223
80 228
80 234
80 252
80 257
80 267
80 274
80 275
80 277
80 282
80 285
80 297
80 305
80 311
80 312
80 313
80 325
80 332
81 85
81 103
81 112
81 147
81 152
81 153
81 166
81 172
81 180
81 184
81 202
81 218
81 222
81 223
81 228
81 234
81 252
81 257
81 267
81 274
81 275
81 277
81 282
81 285
81 297
81 305
81 311
81 312
81 313
81 325
81 332
82 85
82 103
82 112
82 147
82 151
82 152
82 153
82 166
82 172
82 180
82 184
82 202
82 218
82 222
82 223
82 228
82 234
82 252
82 257
82 267
82 274
82 275
82 277
82 282
82 285
82 297
82 305
82 311
82 312
82 313
82 325
82 332
83 85
83 103
83 112
83 147
83 151
83 152
83 153
83 166
83 172
83 180
83 184
83 202
83 218
83 222
83 223
83 228
83 234
83 252
83 257
83 267
83 274
83 275
83 277
83 282
83 285
83 297
83 305
83 311
83 312
83 313
83 325
83 332
84 103
84 112
84 141
84 147
84 151
84 152
84 153
84 166
84 172
84 180
84 184
84 202
84 218
84 222
84 223
84 228
84 234
84 252
84 257
84 267
84 274
84 275
84 277
84 282
84 285
84 297
84 305
84 311
84 312
84 313
84 325
84 332
85 103
85 112
85 141
85 147
85 151
85 152
85 153
85 166
85 172
85 180
85 184
85 202
85 218
85 222
85 223
85 228
85 234
85 252
85 257
85 262
85 267
85 274
85 275
85 277
85 285
85 297
85 305
85 311
85 312
85 313
85 325
85 332
86 103
86 112
86 141
86 147
86 151
86 152
86 153
86 166
86 172
86 180
86 184
86 202
86 218
86 222
86 223
86 228
86 234
86 252
86 257
86 262
86 267
86 274
86 275
86 277
86 285
86 297
86 305
86 311
86 312
86 313
86 325
86 332
87 112
87 114
87 141
87 145
87 147
87 151
87 152
87 153
87 166
87 172
87 180
87 184
87 202
87 218
87 222
87 223
87 228
87 234
87 252
87 257
87 262
87 267
87 274
87 275
87 285
87 297
87 305
87 311
87 312
87 313
87 325
87 332
88 96
88 107
88 112
88 114
88 141
88 145
88 147
88 151
88 152
88 153
88 166
88 172
88 180
88 184
88 202
88 218
88 222
88 223
88 228
88 234
88 252
88 257
88 262
88 267
88 274
88 275
88 285
88 297
88 305
88 311
88 312
88 313
88 325
88 332
89 112
89 114
89 141
89 145
89 151
89 152
89 153
89 166
89 172
89 180
89 184
89 200
89 202
89 218
89 222
89 223
89 228
89 234
89 242
89 244
89 252
89 257
89 262
89 267
89 274
89 275
89 285
89 297
89 305
89 311
89 312
89 313
89 325
89 332
90 97
90 141
90 151
90 152
90 153
90 172
90 178
90 180
90 184
90 196
90 200
90 202
90 212
90 215
90 218
90 222
90 223
90 234
90 252
90 257
90 262
90 267
90 271
90 274
90 275
90 285
90 297
90 305
90 312
90 313
90 335
91 97
91 118
91 141
91 151
91 152
91 153
91 167
91 172
91 178
91 180
91 184
91 196
91 200
91 202
91 212
91 215
91 218
91 222
91 223
91 234
91 248
91 252
91 257
91 262
91 267
91 271
91 274
91 275
91 285
91 297
91 305
91 306
91 312
91 313
91 335
92 97
92 118
92 141
92 151
92 152
92 153
92 167
92 172
92 178
92 180
92 184
92 196
92 200
92 202
92 212
92 215
92 218
92 222
92 223
92 234
92 248
92 252
92 257
92 262
92 267
92 271
92 274
92 275
92 285
92 297
92 305
92 306
92 312
92 313
92 335
93 97
93 118
93 141
93 151
93 152
93 153
93 167
93 172
93 178
93 180
93 184
93 196
93 200
93 202
93 212
93 215
93 218
93 222
93 223
93 234
93 248
93 252
93 257
93 262
93 271
93 274
93 275
93 285
93 297
93 305
93 306
93 312
93 313
93 335
94 97
94 118
94 124
94 141
94 151
94 153
94 167
94 172
94 173
94 178
94 180
94 196
94 200
94 202
94 212
94 215
94 218
94 222
94 223
94 234
94 248
94 252
94 262
94 271
94 274
94 275
94 285
94 297
94 305
94 306
94 308
94 312
94 313
94 335
94 339
95 97
95 118
95 124
95 141
95 151
95 153
95 167
95 172
95 173
95 178
95 180
95 196
95 200
95 202
95 212
95 215
95 222
95 223
95 234
95 248
95 252
95 262
95 271
95 274
95 275
95 285
95 297
95 305
95 306
95 308
95 312
95 313
95 335
95 339
96 97
96 118
96 124
96 141
96 151
96 153
96 167
96 172
96 173
96 178
96 180
96 196
96 200
96 202
96 212
96 215
96 222
96 223
96 234
96 248
96 252
96 262
96 271
96 274
96 275
96 285
96 297
96 305
96 306
96 308
96 312
96 313
96 335
96 339
97 97
97 118
97 124
97 141
97 151
97 153
97 167
97 172
97 173
97 178
97 180
97 196
97 200
97 202
97 212
97 215
97 222
97 223
97 234
97 248
97 252
97 262
97 271
97 274
97 275
97 285
97 297
97 305
97 306
97 308
97 312
97 313
97 335
97 339
98 97
98 118
98 124
98 141
98 151
98 153
98 167
98 172
98 173
98 178
98 180
98 196
98 200
98 202
98 212
98 215
98 223
98 234
98 248
98 252
98 262
98 271
98 274
98 275
98 285
98 297
98 305
98 306
98 308
98 312
98 313
98 335
98 339
99 97
99 118
99 124
99 141
99 151
99 153
99 167
99 172
99 173
99 178
99 180
99 200
99 202
99 212
99 215
99 223
99 234
99 248
99 252
99 262
99 271
99 274
99 275
99 285
99 297
99 305
99 306
99 308
99 312
99 313
99 335
99 339
100 115
100 117
100 124
100 141
100 151
100 153
100 167
100 172
100 173
100 178
100 200
100 202
100 212
100 215
100 234
100 248
100 262
100 271
100 274
100 275
100 285
100 297
100 305
100 306
100 308
100 312
100 313
100 335
100 339
101 115
101 117
101 141
101 151
101 153
101 167
101 172
101 173
101 178
101 200
101 202
101 212
101 215
101 234
101 248
101 262
101 271
101 274
101 275
101 285
101 297
101 305
101 306
101 308
101 312
101 313
101 335
101 339
102 115
102 117
102 141
102 151
102 153
102 167
102 172
102 173
102 178
102 202
102 212
102 215
102 234
102 248
102 262
102 271
102 274
102 275
102 285
102 297
102 305
102 306
102 308
102 312
102 313
102 335
102 339
103 115
103 117
103 141
103 151
103 153
103 167
103 172
103 173
103 178
103 202
103 212
103 215
103 234
103 248
103 262
103 271
103 274
103 275
103 285
103 297
103 305
103 306
103 308
103 312
103 313
103 335
103 339
104 115
104 128
104 131
104 137
104 141
104 151
104 167
104 172
104 173
104 202
104 208
104 215
104 234
104 241
104 262
104 271
104 274
104 275
104 285
104 297
104 305
104 306
104 308
104 312
104 313
104 335
104 339
105 115
105 128
105 131
105 137
105 141
105 151
105 167
105 172
105 173
105 202
105 215
105 234
105 241
105 262
105 271
105 274
105 275
105 285
105 297
105 305
105 306
105 308
105 312
105 313
105 335
105 339
106 115
106 128
106 131
106 137
106 141
106 151
106 167
106 172
106 173
106 202
106 215
106 234
106 241
106 262
106 271
106 274
106 275
106 285
106 297
106 305
106 306
106 308
106 312
106 313
106 335
106 339
107 115
107 125
107 128
107 131
107 137
107 141
107 151
107 167
107 172
107 173
107 190
107 202
107 211
107 215
107 234
107 241
107 262
107 271
107 274
107 275
107 297
107 305
107 306
107 308
107 312
107 313
107 335
107 339
108 115
108 125
108 131
108 137
108 141
108 151
108 167
108 172
108 173
108 190
108 202
108 211
108 215
108 234
108 241
108 262
108 271
108 274
108 275
108 305
108 306
108 308
108 312
108 313
108 335
108 339
109 115
109 125
109 131
109 137
109 141
109 151
109 167
109 172
109 173
109 190
109 202
109 211
109 215
109 234
109 241
109 262
109 271
109 274
109 275
109 305
109 306
109 308
109 312
109 313
109 335
109 339
110 115
110 122
110 125
110 131
110 137
110 141
110 143
110 151
110 167
110 172
110 173
110 202
110 211
110 215
110 234
110 241
110 262
110 271
110 274
110 275
110 305
110 306
110 313
110 335
110 339
111 115
111 122
111 125
111 131
111 137
111 141
111 143
111 151
111 167
111 172
111 173
111 202
111 211
111 215
111 234
111 241
111 262
111 271
111 274
111 275
111 305
111 306
111 313
111 335
111 339
112 115
112 122
112 125
112 131
112 137
112 141
112 143
112 151
112 167
112 172
112 173
112 202
112 211
112 215
112 234
112 241
112 262
112 271
112 274
112 275
112 305
112 306
112 313
112 335
112 339
113 115
113 122
113 125
113 131
113 137
113 141
113 143
113 167
113 172
113 202
113 215
113 234
113 241
113 253
113 262
113 271
113 274
113 305
113 306
113 313
113 315
113 335
113 339
114 115
114 122
114 125
114 131
114 137
114 141
114 143
114 167
114 172
114 202
114 215
114 234
114 241
114 253
114 262
114 271
114 274
114 305
114 306
114 313
114 315
114 335
114 339
115 115
115 122
115 125
115 131
115 137
115 141
115 143
115 165
115 167
115 172
115 202
115 215
115 234
115 241
115 253
115 262
115 271
115 274
115 305
115 306
115 313
115 315
115 335
115 339
116 115
116 122
116 125
116 131
116 137
116 141
116 143
116 165
116 167
116 172
116 202
116 215
116 234
116 241
116 253
116 262
116 271
116 274
116 305
116 306
116 313
116 315
116 339
117 115
117 122
117 125
117 131
117 137
117 141
117 143
117 165
117 167
117 234
117 241
117 253
117 262
117 271
117 274
117 305
117 306
117 313
117 315
117 339
118 122
118 125
118 141
118 143
118 165
118 167
118 170
118 234
118 241
118 253
118 255
118 262
118 271
118 274
118 278
118 290
118 305
118 306
118 313
118 315
118 339
119 122
119 125
119 141
119 143
119 167
119 168
119 170
119 234
119 241
119 253
119 255
119 262
119 271
119 274
119 278
119 290
119 305
119 306
119 313
119 315
119 339
120 122
120 125
120 141
120 143
120 146
120 167
120 168
120 170
120 181
120 231
120 234
120 241
120 253
120 255
120 262
120 271
120 274
120 278
120 290
120 305
120 306
120 313
120 315
120 339
121 122
121 141
121 143
121 146
121 164
121 167
121 168
121 170
121 181
121 231
121 234
121 241
121 253
121 255
121 262
121 271
121 274
121 290
121 305
121 306
121 313
121 315
121 337
121 339
122 122
122 141
122 143
122 146
122 162
122 164
122 167
122 168
122 170
122 181
122 226
122 231
122 234
122 253
122 255
122 262
122 271
122 274
122 290
122 306
122 309
122 313
122 315
122 337
122 339
123 122
123 143
123 146
123 162
123 164
123 167
123 168
123 181
123 226
123 231
123 234
123 253
123 255
123 262
123 271
123 274
123 290
123 291
123 306
123 309
123 313
123 315
123 323
123 337
123 339
124 122
124 143
124 146
124 162
124 164
124 167
124 168
124 181
124 226
124 231
124 234
124 253
124 255
124 262
124 271
124 274
124 290
124 291
124 306
124 309
124 313
124 315
124 323
124 337
124 339
125 122
125 143
125 146
125 162
125 164
125 167
125 181
125 226
125 231
125 234
125 253
125 255
125 262
125 271
125 274
125 290
125 291
125 306
125 309
125 313
125 315
125 323
125 337
125 339
126 122
126 143
126 146
126 162
126 164
126 167
126 181
126 226
126 231
126 234
126 253
126 255
126 262
126 271
126 274
126 290
126 291
126 306
126 309
126 313
126 315
126 323
126 337
126 339
127 122
127 143
127 146
127 162
127 164
127 167
127 175
127 181
127 226
127 231
127 234
127 253
127 255
127 262
127 271
127 274
127 290
127 291
127 306
127 309
127 313
127 315
127 323
127 337
127 339
128 122
128 132
128 143
128 146
128 162
128 164
128 167
128 175
128 181
128 226
128 231
128 234
128 253
128 255
128 262
128 271
128 274
128 290
128 291
128 306
128 309
128 313
128 315
128 323
128 337
128 339
129 122
129 143
129 146
129 155
129 162
129 164
129 167
129 175
129 226
129 234
129 253
129 255
129 262
129 271
129 274
129 290
129 291
129 306
129 309
129 313
129 315
129 323
129 329
129 337
129 339
130 122
130 143
130 146
130 155
130 156
130 162
130 164
130 167
130 226
130 234
130 253
130 255
130 271
130 274
130 290
130 291
130 306
130 309
130 313
130 315
130 323
130 329
130 337
131 122
131 143
131 146
131 155
131 156
131 162
131 164
131 167
131 226
131 234
131 253
131 255
131 271
131 274
131 290
131 291
131 306
131 309
131 313
131 315
131 323
131 329
131 337
132 122
132 143
132 146
132 155
132 156
132 162
132 164
132 167
132 226
132 234
132 253
132 255
132 271
132 274
132 290
132 291
132 306
132 309
132 313
132 315
132 323
132 329
132 337
133 122
133 143
133 146
133 155
133 156
133 162
133 164
133 167
133 226
133 234
133 253
133 255
133 271
133 274
133 290
133 291
133 306
133 309
133 313
133 315
133 323
133 329
133 337
134 122
134 143
134 146
134 155
134 167
134 226
134 234
134 253
134 255
134 271
134 274
134 290
134 291
134 292
134 306
134 309
134 313
134 315
134 323
134 329
134 337
135 122
135 143
135 146
135 167
135 226
135 234
135 253
135 255
135 271
135 274
135 290
135 291
135 292
135 306
135 309
135 313
135 315
135 323
135 329
135 337
136 122
136 143
136 146
136 167
136 226
136 234
136 253
136 255
136 271
136 274
136 290
136 291
136 292
136 306
136 309
136 313
136 315
136 323
136 329
136 337
137 143
137 146
137 161
137 167
137 206
137 226
137 234
137 253
137 255
137 271
137 274
137 290
137 291
137 292
137 306
137 309
137 313
137 315
137 323
137 329
137 337
138 143
138 146
138 161
138 167
138 192
138 206
138 234
138 253
138 255
138 271
138 274
138 290
138 291
138 292
138 306
138 309
138 313
138 315
138 323
138 329
138 337
139 143
139 146
139 167
139 192
139 206
139 234
139 253
139 255
139 271
139 274
139 290
139 291
139 292
139 306
139 309
139 313
139 315
139 323
139 329
139 337
140 143
140 146
140 167
140 192
140 206
140 234
140 255
140 271
140 274
140 290
140 292
140 306
140 309
140 313
140 315
140 323
140 329
140 337
141 143
141 146
141 167
141 192
141 206
141 234
141 255
141 271
141 274
141 290
141 292
141 306
141 309
141 313
141 315
141 323
141 329
141 337
142 143
142 146
142 167
142 192
142 206
142 234
142 255
142 271
142 274
142 290
142 292
142 306
142 309
142 313
142 315
142 323
142 329
142 337
143 143
143 146
143 167
143 192
143 204
143 206
143 234
143 255
143 268
143 271
143 274
143 276
143 290
143 292
143 306
143 309
143 313
143 315
143 323
143 329
143 337
144 143
144 146
144 167
144 192
144 204
144 205
144 206
144 224
144 234
144 255
144 268
144 271
144 274
144 276
144 284
144 290
144 292
144 309
144 313
144 315
144 323
144 329
144 334
144 337
144 348
145 143
145 146
145 167
145 192
145 204
145 205
145 206
145 224
145 234
145 255
145 268
145 271
145 274
145 276
145 284
145 290
145 292
145 309
145 313
145 315
145 323
145 329
145 334
145 337
145 348
146 143
146 146
146 192
146 204
146 205
146 206
146 219
146 224
146 234
146 255
146 268
146 271
146 274
146 276
146 284
146 290
146 292
146 309
146 313
146 315
146 317
146 323
146 329
146 334
146 337
146 348
147 143
147 146
147 192
147 204
147 205
147 206
147 219
147 224
147 234
147 255
147 268
147 271
147 274
147 276
147 284
147 290
147 292
147 309
147 313
147 315
147 317
147 323
147 329
147 334
147 337
147 348
148 143
148 146
148 192
148 204
148 205
148 206
148 219
148 224
148 234
148 255
148 268
148 271
148 274
148 276
148 284
148 290
148 292
148 309
148 313
148 315
148 317
148 323
148 329
148 334
148 337
148 348
149 143
149 146
149 192
149 204
149 205
149 206
149 219
149 224
149 234
149 255
149 268
149 271
149 274
149 276
149 284
149 290
149 292
149 309
149 313
149 315
149 317
149 323
149 329
149 334
149 337
149 348
150 143
150 146
150 192
150 204
150 205
150 206
150 219
150 224
150 234
150 255
150 268
150 271
150 274
150 276
150 284
150 290
150 292
150 309
150 313
150 315
150 317
150 323
150 329
150 334
150 337
150 348
151 143
151 146
151 192
151 204
151 206
151 219
151 224
151 234
151 255
151 268
151 271
151 274
151 276
151 284
151 288
151 290
151 292
151 309
151 313
151 315
151 317
151 323
151 329
151 334
151 337
151 348
152 146
152 192
152 204
152 206
152 219
152 224
152 234
152 268
152 271
152 274
152 276
152 284
152 288
152 290
152 292
152 309
152 313
152 315
152 317
152 323
152 329
152 334
152 337
152 343
152 348
153 146
153 192
153 204
153 206
153 219
153 224
153 234
153 240
153 268
153 271
153 276
153 284
153 288
153 290
153 292
153 309
153 313
153 315
153 317
153 329
153 334
153 337
153 343
153 348
154 146
154 192
154 204
154 206
154 219
154 224
154 234
154 240
154 268
154 271
154 276
154 284
154 288
154 290
154 292
154 309
154 313
154 315
154 317
154 329
154 334
154 337
154 343
154 348
155 146
155 192
155 204
155 206
155 219
155 224
155 234
155 240
155 268
155 271
155 276
155 284
155 288
155 290
155 292
155 309
155 313
155 315
155 317
155 329
155 334
155 337
155 343
155 348
156 146
156 192
156 204
156 206
156 219
156 224
156 234
156 240
156 268
156 271
156 276
156 284
156 288
156 290
156 292
156 309
156 313
156 315
156 317
156 329
156 334
156 337
156 343
156 348
157 146
157 204
157 206
157 219
157 224
157 234
157 240
157 268
157 271
157 276
157 284
157 288
157 290
157 292
157 309
157 313
157 315
157 324
157 329
157 334
157 337
157 343
157 348
158 146
158 204
158 206
158 219
158 224
158 240
158 268
158 271
158 276
158 284
158 290
158 292
158 309
158 313
158 324
158 329
158 334
158 337
158 343
158 348
159 146
159 191
159 204
159 206
159 219
159 224
159 240
159 268
159 271
159 276
159 284
159 290
159 292
159 309
159 313
159 324
159 329
159 334
159 337
159 343
159 348
160 146
160 191
160 204
160 206
160 219
160 240
160 268
160 271
160 276
160 284
160 290
160 292
160 309
160 313
160 324
160 329
160 334
160 337
160 343
160 348
161 146
161 191
161 204
161 206
161 219
161 240
161 268
161 271
161 276
161 284
161 290
161 292
161 309
161 313
161 324
161 329
161 334
161 337
161 343
161 348
162 146
162 191
162 206
162 209
162 219
162 227
162 240
162 268
162 271
162 276
162 284
162 290
162 292
162 309
162 324
162 329
162 334
162 337
162 343
162 348
163 191
163 206
163 219
163 227
163 240
163 268
163 271
163 284
163 290
163 292
163 309
163 310
163 324
163 329
163 334
163 337
163 343
163 348
164 191
164 206
164 219
164 227
164 240
164 268
164 271
164 284
164 290
164 292
164 309
164 310
164 324
164 329
164 334
164 337
164 343
164 348
165 191
165 206
165 219
165 227
165 240
165 268
165 271
165 284
165 290
165 292
165 309
165 310
165 324
165 329
165 334
165 337
165 343
165 348
166 206
166 219
166 227
166 240
166 268
166 271
166 284
166 290
166 292
166 309
166 310
166 324
166 329
166 333
166 334
166 337
166 343
166 348
167 206
167 219
167 227
167 240
167 268
167 271
167 284
167 290
167 292
167 309
167 310
167 324
167 329
167 333
167 334
167 337
167 343
167 348
168 206
168 219
168 227
168 240
168 268
168 271
168 272
168 284
168 290
168 292
168 309
168 310
168 324
168 329
168 333
168 334
168 337
168 343
168 348
169 206
169 219
169 227
169 240
169 264
169 268
169 271
169 272
169 284
169 290
169 309
169 324
169 329
169 333
169 334
169 341
169 343
169 348
170 206
170 219
170 227
170 240
170 264
170 268
170 271
170 272
170 284
170 290
170 309
170 324
170 329
170 334
170 341
170 343
170 348
171 206
171 219
171 227
171 237
171 240
171 264
171 268
171 271
171 272
171 284
171 290
171 309
171 324
171 329
171 334
171 341
171 343
171 348
172 206
172 219
172 227
172 237
172 240
172 264
172 268
172 271
172 272
172 284
172 290
172 309
172 324
172 329
172 334
172 341
172 343
172 348
173 206
173 219
173 227
173 240
173 268
173 271
173 272
173 284
173 290
173 309
173 329
173 334
173 341
173 343
173 348
174 206
174 219
174 227
174 240
174 268
174 271
174 272
174 284
174 287
174 290
174 298
174 309
174 329
174 334
174 341
174 343
174 348
175 206
175 227
175 240
175 246
175 268
175 271
175 272
175 287
175 290
175 298
175 309
175 329
175 334
175 341
175 342
175 343
175 348
176 206
176 227
176 240
176 246
176 268
176 271
176 272
176 287
176 290
176 298
176 309
176 329
176 334
176 341
176 342
176 343
176 348
177 227
177 246
177 271
177 272
177 287
177 290
177 298
177 309
177 329
177 334
177 341
177 342
177 343
177 346
177 348
178 227
178 246
178 271
178 272
178 287
178 290
178 298
178 309
178 329
178 334
178 341
178 342
178 343
178 346
178 348
179 227
179 246
179 271
179 272
179 290
179 298
179 329
179 334
179 341
179 342
179 343
179 346
179 348
180 216
180 227
180 235
180 246
180 271
180 272
180 290
180 298
180 334
180 341
180 342
180 343
180 346
180 348
181 216
181 227
181 235
181 246
181 271
181 272
181 290
181 298
181 334
181 341
181 342
181 343
181 346
181 348
182 216
182 227
182 235
182 246
182 271
182 272
182 290
182 298
182 334
182 341
182 342
182 343
182 346
182 348
183 216
183 227
183 235
183 246
183 271
183 272
183 290
183 298
183 334
183 341
183 342
183 343
183 346
183 348
184 216
184 227
184 235
184 246
184 271
184 272
184 290
184 298
184 334
184 341
184 342
184 343
184 346
184 348
185 198
185 216
185 227
185 235
185 243
185 246
185 271
185 272
185 290
185 298
185 334
185 341
185 342
185 343
185 348
186 198
186 216
186 227
186 235
186 243
186 246
186 271
186 272
186 290
186 298
186 334
186 341
186 342
186 343
186 348
187 198
187 216
187 243
187 246
187 271
187 272
187 290
187 298
187 334
187 341
187 342
187 343
187 348
188 198
188 216
188 243
188 246
188 271
188 272
188 290
188 298
188 334
188 341
188 342
188 343
188 348
189 198
189 216
189 243
189 246
189 271
189 272
189 290
189 298
189 334
189 341
189 342
189 343
189 348
190 198
190 243
190 246
190 271
190 272
190 290
190 298
190 334
190 341
190 342
190 343
190 348
191 198
191 201
191 214
191 238
191 243
191 245
191 246
191 271
191 272
191 290
191 298
191 307
191 316
191 334
191 341
191 342
191 343
191 348
192 198
192 201
192 214
192 238
192 243
192 246
192 271
192 272
192 290
192 298
192 307
192 316
192 334
192 341
192 342
192 343
192 348
193 198
193 201
193 214
193 238
193 243
193 246
193 271
193 272
193 290
193 298
193 307
193 316
193 334
193 341
193 342
193 343
194 198
194 201
194 214
194 238
194 243
194 246
194 271
194 272
194 290
194 298
194 307
194 316
194 334
194 341
194 342
194 343
195 198
195 201
195 214
195 238
195 243
195 246
195 271
195 272
195 290
195 298
195 307
195 316
195 334
195 341
195 342
195 343
196 198
196 201
196 214
196 243
196 246
196 271
196 272
196 290
196 298
196 307
196 316
196 334
196 341
196 342
196 343
197 198
197 201
197 214
197 243
197 246
197 272
197 298
197 307
197 316
197 334
197 341
197 342
197 343
198 198
198 201
198 214
198 243
198 246
198 272
198 298
198 307
198 316
198 334
198 341
198 342
198 343
199 198
199 201
199 214
199 243
199 246
199 272
199 298
199 307
199 316
199 334
199 341
199 342
199 343
200 198
200 201
200 214
200 243
200 246
200 272
200 298
200 307
200 316
200 334
200 341
200 342
200 343
201 198
201 201
201 214
201 243
201 246
201 272
201 279
201 298
201 307
201 316
201 327
201 334
201 342
201 343
202 198
202 201
202 214
202 243
202 246
202 272
202 279
202 298
202 307
202 316
202 327
202 334
202 342
202 343
203 198
203 201
203 214
203 243
203 246
203 272
203 279
203 298
203 307
203 316
203 327
203 334
203 342
203 343
204 198
204 201
204 217
204 243
204 246
204 260
204 272
204 279
204 298
204 307
204 316
204 327
204 342
204 343
205 198
205 201
205 220
205 232
205 243
205 246
205 260
205 272
205 279
205 298
205 307
205 316
205 327
205 342
205 343
206 198
206 201
206 220
206 232
206 243
206 246
206 260
206 272
206 279
206 298
206 307
206 316
206 327
206 342
206 343
207 198
207 201
207 220
207 232
207 243
207 246
207 260
207 272
207 279
207 298
207 307
207 316
207 327
207 342
207 343
208 198
208 201
208 220
208 232
208 243
208 246
208 260
208 272
208 279
208 298
208 307
208 316
208 327
208 342
208 343
209 198
209 201
209 220
209 243
209 246
209 260
209 272
209 279
209 298
209 307
209 316
209 319
209 327
209 342
209 343
210 201
210 220
210 230
210 243
210 246
210 266
210 272
210 279
210 286
210 298
210 307
210 316
210 319
210 327
210 342
210 343
211 201
211 220
211 230
211 243
211 246
211 266
211 272
211 279
211 286
211 298
211 307
211 316
211 319
211 327
211 342
211 343
212 201
212 220
212 230
212 243
212 246
212 266
212 272
212 279
212 286
212 298
212 307
212 316
212 319
212 327
212 342
212 343
213 201
213 220
213 230
213 243
213 246
213 266
213 272
213 279
213 286
213 298
213 307
213 316
213 319
213 327
213 342
213 343
214 201
214 220
214 230
214 243
214 246
214 266
214 272
214 279
214 286
214 298
214 307
214 316
214 319
214 327
214 343
215 201
215 220
215 230
215 243
215 246
215 266
215 272
215 279
215 286
215 298
215 307
215 316
215 319
215 327
215 343
216 220
216 230
216 243
216 246
216 266
216 272
216 279
216 286
216 298
216 307
216 316
216 319
216 327
216 343
217 230
217 243
217 246
217 266
217 272
217 279
217 286
217 298
217 307
217 316
217 327
217 343
218 243
218 246
218 266
218 272
218 279
218 286
218 298
218 307
218 316
218 327
218 343
219 243
219 246
219 266
219 272
219 279
219 286
219 298
219 307
219 316
219 327
219 343
220 243
220 246
220 266
220 272
220 279
220 286
220 298
220 307
220 316
220 327
220 343
221 243
221 246
221 266
221 272
221 279
221 286
221 298
221 307
221 316
221 327
221 343
222 243
222 266
222 279
222 286
222 298
222 307
222 316
222 327
222 343
223 243
223 266
223 279
223 286
223 298
223 307
223 316
223 327
223 343
224 243
224 279
224 283
224 286
224 307
224 316
224 327
224 343
225 233
225 243
225 283
225 286
225 307
225 316
225 327
225 343
226 243
226 283
226 286
226 307
226 316
226 327
226 343
227 243
227 283
227 286
227 304
227 316
227 327
227 343
228 243
228 283
228 286
228 304
228 316
228 327
228 343
229 243
229 283
229 286
229 304
229 316
229 327
229 343
230 243
230 283
230 286
230 303
230 304
230 316
230 327
230 343
231 243
231 283
231 286
231 303
231 304
231 316
231 327
231 343
232 243
232 283
232 286
232 303
232 304
232 316
232 327
232 343
233 243
233 283
233 286
233 303
233 304
233 316
233 327
233 343
234 243
234 283
234 286
234 303
234 304
234 316
234 327
234 343
235 243
235 283
235 286
235 303
235 304
235 316
235 327
235 343
236 243
236 283
236 286
236 293
236 304
236 316
236 327
236 343
237 243
237 283
237 286
237 293
237 304
237 316
237 327
237 343
238 243
238 283
238 286
238 293
238 304
238 316
238 327
238 343
239 243
239 283
239 286
239 293
239 327
239 343
240 243
240 256
240 283
240 286
240 293
240 327
240 343
241 243
241 256
241 283
241 286
241 293
241 327
241 343
242 243
242 256
242 283
242 286
242 293
242 327
242 343
243 243
243 256
243 283
243 286
243 293
243 327
243 343
244 243
244 256
244 273
244 283
244 286
244 293
244 327
244 343
245 243
245 256
245 273
245 283
245 286
245 293
245 327
245 343
246 243
246 256
246 273
246 283
246 286
246 293
246 327
246 343
247 243
247 256
247 273
247 283
247 286
247 293
247 327
247 343
248 243
248 256
248 273
248 283
248 286
248 293
248 327
248 343
249 243
249 256
249 273
249 283
249 286
249 293
249 327
249 343
249 347
250 243
250 256
250 273
250 286
250 293
250 294
250 326
250 327
250 338
250 343
250 347
251 243
251 256
251 258
251 273
251 286
251 293
251 294
251 326
251 327
251 338
251 343
251 347
252 243
252 256
252 273
252 286
252 293
252 294
252 326
252 327
252 338
252 343
252 347
253 243
253 256
253 273
253 286
253 293
253 294
253 326
253 327
253 338
253 343
253 347
254 243
254 256
254 273
254 286
254 293
254 294
254 296
254 326
254 327
254 338
254 343
254 347
255 243
255 256
255 273
255 286
255 293
255 294
255 296
255 326
255 327
255 338
255 343
255 347
256 243
256 256
256 273
256 286
256 293
256 294
256 296
256 326
256 327
256 338
256 343
256 347
257 243
257 256
257 273
257 286
257 293
257 294
257 296
257 326
257 327
257 338
257 343
257 347
258 243
258 256
258 273
258 286
258 293
258 294
258 296
258 326
258 327
258 338
258 343
258 347
259 243
259 256
259 273
259 286
259 293
259 294
259 296
259 326
259 327
259 338
259 343
259 347
260 243
260 256
260 286
260 293
260 294
260 296
260 326
260 327
260 338
260 343
260 347
261 243
261 256
261 286
261 293
261 294
261 296
261 326
261 327
261 338
261 343
261 347
262 243
262 286
262 293
262 294
262 296
262 326
262 327
262 338
262 343
262 347
263 243
263 286
263 293
263 294
263 296
263 326
263 327
263 338
263 343
263 347
264 243
264 286
264 293
264 294
264 296
264 300
264 326
264 327
264 338
264 343
264 347
265 243
265 286
265 293
265 294
265 296
265 300
265 326
265 327
265 338
265 343
265 347
266 243
266 286
266 293
266 294
266 296
266 300
266 338
266 343
267 243
267 286
267 293
267 294
267 296
267 300
267 338
267 343
268 243
268 286
268 293
268 294
268 296
268 300
268 338
268 343
269 243
269 286
269 293
269 294
269 296
269 300
269 343
270 243
270 286
270 294
270 296
270 300
270 343
271 243
271 286
271 294
271 296
271 299
271 300
271 343
272 243
272 286
272 294
272 296
272 299
272 300
272 343
273 243
273 286
273 294
273 296
273 299
273 300
273 343
274 243
274 286
274 294
274 296
274 299
274 343
275 243
275 286
275 294
275 296
275 299
275 321
275 343
276 243
276 286
276 294
276 296
276 299
276 321
276 343
277 243
277 286
277 294
277 296
277 299
277 321
277 343
278 243
278 286
278 294
278 296
278 299
278 321
278 343
279 243
279 286
279 294
279 296
279 299
279 321
280 243
280 286
280 294
280 296
280 299
280 321
281 243
281 286
281 294
281 296
281 299
281 321
282 243
282 286
282 294
282 296
282 299
282 321
282 344
283 243
283 286
283 294
283 296
283 299
283 320
283 321
283 344
284 243
284 286
284 294
284 296
284 299
284 320
284 321
284 344
285 243
285 286
285 294
285 296
285 299
285 320
285 344
286 286
286 294
286 296
286 299
286 320
286 344
287 286
287 294
287 296
287 299
287 320
287 344
288 286
288 294
288 296
288 299
288 320
288 340
288 344
289 286
289 294
289 296
289 299
289 320
289 340
289 344
290 286
290 294
290 296
290 299
290 320
290 340
290 344
291 286
291 294
291 296
291 299
291 320
291 340
291 344
292 286
292 294
292 296
292 299
292 320
292 340
292 344
293 286
293 294
293 296
293 299
293 320
293 340
293 344
294 286
294 294
294 296
294 299
294 320
294 340
294 344
295 286
295 294
295 296
295 299
295 320
295 340
295 344
296 286
296 294
296 299
296 320
296 340
296 344
297 286
297 294
297 299
297 320
297 340
297 344
298 286
298 294
298 299
298 320
298 340
298 344
299 286
299 294
299 299
299 320
299 340
299 344
300 286
300 294
300 299
300 320
300 340
300 344
301 286
301 294
301 299
301 320
301 340
301 344
302 286
302 294
302 299
302 320
302 340
302 344
303 286
303 294
303 299
303 320
303 340
303 344
304 286
304 294
304 299
304 320
304 340
304 344
305 286
305 294
305 299
305 320
305 340
306 286
306 294
306 299
306 320
306 340
307 286
307 294
307 299
307 320
307 340
308 286
308 294
308 320
308 340
309 286
309 294
309 320
309 340
310 286
310 294
310 320
310 340
311 286
311 294
311 320
311 340
312 286
312 294
312 320
312 340
313 286
313 294
313 320
313 340
314 286
314 294
314 320
314 340
315 286
315 294
315 320
315 331
315 340
316 286
316 294
316 320
316 331
316 340
317 286
317 294
317 320
317 331
317 340
318 286
318 320
318 331
318 340
319 286
319 320
319 331
320 286
320 320
320 331
321 286
321 320
321 331
322 286
322 320
322 331
323 286
323 320
323 331
324 286
324 320
324 331
325 286
325 320
326 286
326 320
327 286
327 320
328 286
328 320
329 286
329 320
330 286
330 320
331 286
331 320
332 286
332 320
333 286
333 320
334 286
334 320
335 286
335 320
336 286
336 320
337 286
337 320
338 286
338 320
339 286
339 320
340 286
340 320
341 286
341 320
342 286
342 320
343 286
343 320
344 286
344 320
345 286
345 320
346 286
347 286
348 286
349 286
