0 6
1 58
1 322
1 332
2 58
2 148
2 152
2 322
2 332
3 10
3 21
3 28
3 58
3 152
3 153
3 322
3 332
4 33
4 75
4 79
4 80
4 96
4 152
4 153
4 208
4 252
4 322
4 332
5 16
5 33
5 39
5 64
5 75
5 80
5 82
5 88
5 152
5 153
5 184
5 208
5 213
5 252
5 322
5 332
5 339
6 16
6 33
6 39
6 64
6 75
6 80
6 82
6 88
6 152
6 153
6 184
6 208
6 213
6 252
6 322
6 332
6 339
7 8
7 16
7 22
7 46
7 57
7 80
7 82
7 108
7 114
7 152
7 184
7 208
7 213
7 252
7 304
7 322
7 332
7 339
8 9
8 22
8 46
8 53
8 57
8 80
8 82
8 108
8 114
8 152
8 184
8 208
8 213
8 252
8 304
8 322
8 332
8 339
9 15
9 36
9 45
9 50
9 80
9 82
9 104
9 152
9 184
9 208
9 213
9 234
9 252
9 304
9 322
9 332
9 339
10 12
10 15
10 18
10 27
10 45
10 61
10 80
10 82
10 104
10 125
10 152
10 184
10 208
10 213
10 234
10 252
10 304
10 322
10 332
10 339
11 12
11 15
11 18
11 27
11 38
11 45
11 61
11 80
11 104
11 125
11 152
11 184
11 208
11 213
11 234
11 252
11 304
11 322
11 332
11 339
12 14
12 23
12 30
12 73
12 80
12 104
12 130
12 152
12 175
12 208
12 213
12 234
12 242
12 243
12 252
12 299
12 304
12 322
12 323
12 332
12 339
13 14
13 23
13 30
13 73
13 80
13 104
13 130
13 152
13 175
13 208
13 213
13 234
13 242
13 243
13 252
13 299
13 304
13 322
13 323
13 332
13 339
14 23
14 30
14 69
14 73
14 80
14 104
14 128
14 152
14 175
14 208
14 213
14 234
14 242
14 243
14 252
14 299
14 304
14 322
14 323
14 332
14 339
15 23
15 68
15 73
15 76
15 104
15 175
15 188
15 208
15 213
15 234
15 242
15 243
15 252
15 299
15 304
15 322
15 323
15 332
15 339
16 23
16 68
16 73
16 76
16 104
16 175
16 188
16 208
16 213
16 234
16 242
16 243
16 252
16 299
16 304
16 322
16 323
16 332
16 339
17 23
17 37
17 68
17 76
17 104
17 175
17 188
17 208
17 213
17 234
17 242
17 243
17 252
17 299
17 304
17 322
17 323
17 332
17 339
18 23
18 37
18 40
18 68
18 76
18 90
18 104
18 132
18 175
18 185
18 188
18 208
18 213
18 234
18 242
18 243
18 252
18 299
18 304
18 322
18 323
18 332
18 339
19 56
19 68
19 76
19 93
19 104
19 132
19 166
19 183
19 185
19 188
19 190
19 208
19 209
19 234
19 242
19 299
19 304
19 322
19 323
19 332
19 339
20 56
20 76
20 81
20 104
20 132
20 144
20 166
20 183
20 185
20 188
20 190
20 208
20 209
20 234
20 242
20 299
20 304
20 322
20 323
20 332
20 339
21 56
21 60
21 132
21 142
21 144
21 156
21 166
21 180
21 183
21 185
21 188
21 190
21 202
21 209
21 242
21 299
21 304
21 321
21 322
21 323
21 332
21 339
22 56
22 60
22 132
22 142
22 144
22 156
22 166
22 180
22 183
22 185
22 188
22 190
22 196
22 202
22 209
22 242
22 299
22 304
22 321
22 322
22 323
22 332
22 339
23 34
23 60
23 132
23 142
23 156
23 166
23 180
23 183
23 185
23 190
23 196
23 198
23 202
23 209
23 299
23 304
23 321
23 322
23 323
23 332
23 339
24 34
24 60
24 132
24 142
24 156
24 166
24 180
24 183
24 185
24 190
24 196
24 198
24 202
24 209
24 299
24 304
24 321
24 322
24 323
24 332
24 339
25 34
25 60
25 132
25 142
25 156
25 166
25 180
25 183
25 185
25 190
25 196
25 198
25 202
25 209
25 299
25 304
25 321
25 322
25 323
25 339
26 34
26 60
26 132
26 142
26 147
26 156
26 166
26 180
26 183
26 185
26 190
26 196
26 202
26 209
26 299
26 304
26 321
26 322
26 323
26 339
27 34
27 60
27 132
27 142
27 147
27 156
27 166
27 180
27 183
27 185
27 190
27 196
27 202
27 209
27 299
27 304
27 321
27 322
27 323
27 339
28 60
28 98
28 132
28 142
28 156
28 166
28 180
28 183
28 185
28 190
28 196
28 202
28 209
28 299
28 304
28 321
28 322
28 323
28 339
29 52
29 60
29 98
29 132
29 142
29 156
29 166
29 180
29 183
29 185
29 190
29 194
29 196
29 202
29 209
29 299
29 304
29 321
29 322
29 323
29 339
30 41
30 60
30 98
30 132
30 142
30 156
30 166
30 180
30 183
30 185
30 190
30 196
30 202
30 209
30 299
30 304
30 321
30 322
30 323
30 339
31 41
31 60
31 98
31 132
31 142
31 156
31 166
31 180
31 183
31 185
31 190
31 196
31 202
31 209
31 299
31 321
31 322
31 323
31 339
32 41
32 60
32 98
32 132
32 142
32 156
32 166
32 167
32 180
32 183
32 185
32 190
32 196
32 202
32 209
32 299
32 321
32 322
32 323
32 339
33 41
33 60
33 62
33 98
33 132
33 142
33 156
33 166
33 167
33 180
33 183
33 185
33 190
33 196
33 202
33 209
33 299
33 321
33 322
33 339
34 42
34 59
34 62
34 100
34 132
34 142
34 156
34 160
34 166
34 167
34 180
34 183
34 185
34 196
34 202
34 209
34 299
34 321
34 322
34 326
34 339
35 59
35 62
35 100
35 132
35 142
35 156
35 160
35 166
35 167
35 180
35 183
35 185
35 196
35 202
35 209
35 249
35 299
35 321
35 322
35 326
35 339
36 62
36 100
36 132
36 142
36 156
36 160
36 166
36 167
36 180
36 183
36 185
36 196
36 202
36 209
36 249
36 321
36 322
36 326
36 339
37 94
37 100
37 132
37 142
37 156
37 160
37 166
37 167
37 170
37 180
37 183
37 185
37 202
37 209
37 227
37 230
37 249
37 310
37 321
37 322
37 326
37 339
38 43
38 74
38 94
38 100
38 101
38 132
38 142
38 156
38 160
38 167
38 170
38 180
38 183
38 185
38 202
38 227
38 230
38 249
38 310
38 321
38 322
38 326
38 339
39 43
39 94
39 100
39 101
39 132
39 142
39 156
39 160
39 167
39 170
39 180
39 183
39 185
39 202
39 227
39 230
39 249
39 310
39 321
39 326
39 339
40 43
40 51
40 100
40 119
40 160
40 167
40 170
40 180
40 183
40 185
40 202
40 221
40 227
40 230
40 310
40 321
40 326
40 339
41 43
41 65
41 71
41 100
41 119
41 160
41 167
41 170
41 180
41 183
41 185
41 202
41 221
41 227
41 230
41 321
41 326
41 339
42 43
42 48
42 65
42 71
42 119
42 160
42 167
42 180
42 183
42 185
42 202
42 221
42 225
42 227
42 230
42 262
42 288
42 291
42 321
42 326
42 334
42 339
43 43
43 48
43 65
43 71
43 119
43 160
43 167
43 180
43 183
43 185
43 202
43 221
43 225
43 227
43 230
43 262
43 288
43 291
43 321
43 326
43 334
43 339
44 43
44 48
44 65
44 71
44 119
44 160
44 167
44 180
44 183
44 185
44 202
44 221
44 225
44 227
44 230
44 262
44 288
44 291
44 321
44 326
44 334
44 339
45 43
45 48
45 49
45 65
45 71
45 83
45 119
45 160
45 167
45 180
45 182
45 183
45 185
45 221
45 225
45 230
45 262
45 288
45 291
45 293
45 321
45 326
45 334
45 339
46 48
46 49
46 83
46 119
46 131
46 160
46 167
46 180
46 182
46 183
46 185
46 221
46 225
46 230
46 262
46 288
46 291
46 293
46 321
46 326
46 334
47 48
47 49
47 70
47 72
47 119
47 180
47 182
47 183
47 185
47 206
47 221
47 224
47 230
47 237
47 262
47 287
47 288
47 290
47 291
47 311
47 321
47 334
48 48
48 49
48 70
48 72
48 86
48 119
48 180
48 182
48 183
48 185
48 206
48 221
48 224
48 230
48 237
48 262
48 287
48 288
48 290
48 291
48 311
48 321
48 334
49 48
49 49
49 70
49 72
49 86
49 119
49 180
49 182
49 183
49 185
49 206
49 221
49 224
49 230
49 237
49 262
49 287
49 288
49 290
49 291
49 311
49 321
49 334
50 48
50 70
50 72
50 86
50 119
50 180
50 182
50 185
50 206
50 221
50 230
50 237
50 244
50 262
50 287
50 288
50 290
50 291
50 311
50 321
50 334
51 48
51 70
51 72
51 86
51 119
51 180
51 182
51 185
51 206
51 221
51 230
51 237
51 244
51 262
51 287
51 288
51 290
51 291
51 321
51 334
52 48
52 54
52 55
52 70
52 72
52 86
52 92
52 119
52 180
52 182
52 206
52 221
52 230
52 235
52 244
52 262
52 286
52 287
52 288
52 290
52 291
52 321
52 334
53 48
53 54
53 55
53 70
53 72
53 86
53 92
53 119
53 180
53 182
53 206
53 221
53 230
53 235
53 244
53 262
53 286
53 287
53 288
53 290
53 291
53 321
53 334
54 48
54 54
54 55
54 92
54 103
54 119
54 180
54 182
54 206
54 221
54 235
54 262
54 265
54 286
54 287
54 288
54 291
54 321
54 334
55 48
55 54
55 55
55 92
55 103
55 119
55 180
55 182
55 206
55 221
55 235
55 262
55 265
55 286
55 287
55 288
55 291
55 321
55 334
56 48
56 54
56 103
56 119
56 182
56 206
56 221
56 235
56 262
56 265
56 286
56 287
56 288
56 321
56 334
57 48
57 66
57 87
57 103
57 119
57 182
57 206
57 220
57 221
57 235
57 257
57 262
57 265
57 268
57 286
57 287
57 288
57 321
57 334
58 66
58 85
58 87
58 103
58 119
58 182
58 206
58 220
58 221
58 235
58 257
58 262
58 265
58 268
58 286
58 287
58 288
58 321
58 334
59 84
59 103
59 119
59 206
59 220
59 221
59 235
59 257
59 262
59 265
59 268
59 286
59 287
59 288
59 334
60 84
60 103
60 119
60 206
60 220
60 221
60 235
60 257
60 262
60 265
60 267
60 268
60 286
60 287
60 288
60 334
61 84
61 103
61 126
61 206
61 220
61 221
61 235
61 257
61 262
61 265
61 267
61 268
61 286
61 287
61 288
61 334
62 84
62 103
62 126
62 206
62 220
62 257
62 262
62 265
62 268
62 286
62 287
62 334
63 84
63 103
63 126
63 220
63 257
63 262
63 265
63 268
63 286
63 287
63 334
64 84
64 115
64 126
64 204
64 220
64 257
64 265
64 268
64 286
64 287
64 334
65 84
65 115
65 126
65 204
65 220
65 257
65 265
65 268
65 286
65 287
65 334
66 84
66 126
66 141
66 177
66 204
66 220
66 247
66 265
66 268
66 286
66 287
66 334
67 84
67 141
67 177
67 204
67 247
67 265
67 268
67 286
67 287
67 334
68 84
68 141
68 177
68 204
68 247
68 265
68 268
68 286
68 287
68 334
69 84
69 141
69 177
69 204
69 247
69 265
69 268
69 286
69 287
69 334
70 84
70 141
70 177
70 204
70 247
70 265
70 268
70 286
70 287
70 334
71 84
71 141
71 177
71 204
71 247
71 265
71 268
71 286
71 287
71 334
72 84
72 91
72 141
72 143
72 177
72 204
72 247
72 265
72 268
72 286
72 287
72 334
73 84
73 91
73 122
73 141
73 154
73 177
73 204
73 247
73 265
73 268
73 286
73 287
73 334
74 84
74 91
74 122
74 141
74 154
74 177
74 204
74 247
74 265
74 268
74 286
74 287
74 334
75 84
75 91
75 122
75 123
75 141
75 154
75 177
75 179
75 204
75 247
75 268
75 286
75 287
75 334
76 84
76 123
76 135
76 141
76 154
76 179
76 204
76 247
76 268
76 286
76 287
76 334
77 84
77 123
77 135
77 141
77 154
77 179
77 204
77 247
77 268
77 286
77 287
77 334
78 123
78 135
78 141
78 154
78 204
78 247
78 268
78 286
78 287
78 308
78 334
79 123
79 135
79 141
79 154
79 204
79 247
79 268
79 286
79 287
79 308
79 334
79 343
80 123
80 135
80 141
80 204
80 247
80 268
80 286
80 287
80 308
80 334
80 343
81 123
81 135
81 141
81 204
81 247
81 268
81 286
81 287
81 308
81 334
81 343
82 95
82 105
82 112
82 135
82 136
82 138
82 141
82 149
82 164
82 204
82 231
82 247
82 268
82 286
82 308
82 334
82 343
83 95
83 105
83 107
83 112
83 135
83 136
83 138
83 141
83 149
83 164
83 172
83 204
83 247
83 266
83 268
83 286
83 308
83 324
83 334
83 343
84 95
84 105
84 107
84 112
84 135
84 136
84 138
84 141
84 149
84 172
84 204
84 212
84 247
84 266
84 268
84 286
84 308
84 324
84 334
84 343
85 95
85 97
85 107
85 112
85 135
85 136
85 141
85 163
85 172
85 192
85 204
85 212
85 222
85 247
85 268
85 286
85 308
85 324
85 334
85 343
86 95
86 97
86 106
86 107
86 112
86 135
86 136
86 141
86 163
86 172
86 192
86 204
86 212
86 222
86 247
86 268
86 286
86 308
86 315
86 324
86 334
86 343
87 95
87 97
87 107
87 112
87 135
87 136
87 141
87 163
87 172
87 192
87 204
87 212
87 222
87 247
87 268
87 286
87 308
87 315
87 324
87 334
87 343
88 95
88 97
88 107
88 112
88 135
88 141
88 163
88 172
88 192
88 204
88 212
88 222
88 247
88 268
88 286
88 308
88 315
88 324
88 334
88 343
89 95
89 97
89 107
89 112
89 163
89 172
89 192
89 204
89 212
89 222
89 247
89 268
89 286
89 308
89 315
89 324
89 334
89 343
90 95
90 97
90 107
90 112
90 163
90 172
90 192
90 204
90 212
90 222
90 247
90 268
90 286
90 308
90 315
90 324
90 334
90 343
91 95
91 97
91 107
91 112
91 134
91 163
91 172
91 192
91 204
91 212
91 222
91 238
91 247
91 268
91 286
91 308
91 315
91 324
91 334
92 95
92 107
92 112
92 134
92 163
92 165
92 172
92 192
92 204
92 212
92 222
92 238
92 247
92 268
92 286
92 308
92 315
92 324
92 334
93 95
93 134
93 163
93 165
93 172
93 192
93 204
93 212
93 222
93 238
93 247
93 268
93 286
93 308
93 315
93 324
93 334
94 95
94 111
94 127
94 134
94 145
94 165
94 172
94 192
94 204
94 214
94 222
94 238
94 268
94 286
94 308
94 315
94 324
94 334
95 95
95 99
95 110
95 111
95 127
95 134
95 145
95 157
95 165
95 172
95 192
95 214
95 222
95 238
95 268
95 286
95 308
95 315
95 324
95 335
96 95
96 99
96 110
96 111
96 127
96 134
96 145
96 157
96 165
96 172
96 192
96 214
96 222
96 238
96 268
96 286
96 308
96 315
96 324
96 335
97 95
97 99
97 110
97 111
97 127
97 134
97 145
97 157
97 192
97 214
97 222
97 238
97 268
97 286
97 308
97 315
97 324
97 335
98 95
98 99
98 110
98 111
98 127
98 134
98 145
98 157
98 192
98 214
98 222
98 226
98 238
98 268
98 286
98 308
98 315
98 324
98 335
99 99
99 110
99 111
99 113
99 121
99 127
99 134
99 140
99 145
99 157
99 192
99 214
99 222
99 238
99 254
99 286
99 308
99 315
99 324
99 335
99 338
100 110
100 111
100 113
100 121
100 127
100 134
100 140
100 145
100 157
100 192
100 214
100 222
100 238
100 286
100 308
100 315
100 318
100 324
100 335
100 338
101 109
101 110
101 111
101 117
101 120
101 121
101 127
101 134
101 139
101 192
101 200
101 214
101 222
101 238
101 269
101 286
101 308
101 315
101 318
101 324
101 338
102 109
102 110
102 111
102 117
102 120
102 121
102 127
102 134
102 139
102 192
102 200
102 214
102 222
102 238
102 269
102 286
102 308
102 313
102 315
102 318
102 324
102 338
103 109
103 110
103 111
103 117
103 120
103 121
103 127
103 134
103 139
103 192
103 200
103 214
103 222
103 238
103 269
103 286
103 308
103 313
103 315
103 318
103 324
103 338
104 109
104 110
104 111
104 116
104 117
104 120
104 121
104 127
104 134
104 139
104 192
104 200
104 214
104 222
104 238
104 269
104 286
104 308
104 313
104 315
104 318
104 324
104 338
105 109
105 110
105 116
105 117
105 120
105 121
105 127
105 134
105 139
105 192
105 200
105 205
105 222
105 238
105 269
105 286
105 308
105 313
105 315
105 318
105 324
105 338
106 109
106 110
106 116
106 117
106 120
106 121
106 127
106 134
106 187
106 192
106 200
106 205
106 222
106 238
106 263
106 269
106 286
106 308
106 313
106 315
106 318
106 324
106 338
107 109
107 110
107 116
107 117
107 120
107 187
107 192
107 200
107 205
107 222
107 263
107 269
107 286
107 308
107 313
107 315
107 318
107 324
107 338
108 110
108 116
108 117
108 120
108 187
108 192
108 222
108 263
108 269
108 286
108 305
108 308
108 313
108 315
108 318
108 324
108 338
109 110
109 116
109 117
109 120
109 187
109 192
109 222
109 263
109 269
109 286
109 305
109 308
109 313
109 315
109 318
109 324
109 338
109 340
110 110
110 116
110 117
110 120
110 187
110 192
110 222
110 263
110 269
110 286
110 305
110 308
110 313
110 315
110 318
110 324
110 338
110 340
111 110
111 116
111 117
111 120
111 187
111 192
111 222
111 263
111 269
111 286
111 305
111 308
111 313
111 315
111 318
111 324
111 338
111 340
112 110
112 116
112 117
112 120
112 187
112 189
112 192
112 222
112 263
112 286
112 305
112 308
112 313
112 315
112 318
112 324
112 340
113 110
113 117
113 118
113 120
113 133
113 181
113 187
113 189
113 192
113 197
113 261
113 279
113 286
113 305
113 308
113 313
113 318
113 324
113 340
114 117
114 120
114 124
114 133
114 161
114 181
114 187
114 189
114 192
114 197
114 261
114 279
114 286
114 305
114 308
114 313
114 318
114 324
114 340
115 117
115 124
115 133
115 161
115 181
115 187
115 189
115 192
115 197
115 261
115 279
115 286
115 305
115 308
115 313
115 318
115 324
115 340
116 117
116 124
116 133
116 161
116 181
116 187
116 189
116 192
116 197
116 261
116 279
116 286
116 305
116 308
116 313
116 318
116 324
116 340
117 117
117 124
117 133
117 161
117 181
117 187
117 189
117 192
117 197
117 261
117 279
117 286
117 305
117 308
117 313
117 318
117 324
117 340
118 117
118 124
118 133
118 161
118 181
118 187
118 189
118 192
118 197
118 261
118 279
118 286
118 305
118 308
118 313
118 318
118 324
118 340
119 117
119 124
119 133
119 161
119 181
119 187
119 189
119 192
119 197
119 217
119 261
119 279
119 286
119 305
119 308
119 313
119 318
119 324
119 340
120 124
120 133
120 151
120 181
120 187
120 189
120 192
120 197
120 241
120 248
120 261
120 279
120 286
120 313
120 318
120 324
120 340
121 124
121 133
121 151
121 181
121 187
121 189
121 192
121 197
121 241
121 248
121 261
121 279
121 286
121 313
121 318
121 324
121 340
122 124
122 133
122 151
122 181
122 187
122 189
122 192
122 197
122 241
122 248
122 261
122 279
122 283
122 286
122 313
122 318
122 324
122 340
123 124
123 151
123 181
123 187
123 189
123 192
123 197
123 241
123 248
123 261
123 279
123 283
123 286
123 313
123 318
123 324
123 340
124 124
124 151
124 181
124 187
124 189
124 192
124 197
124 241
124 248
124 261
124 279
124 283
124 286
124 313
124 318
124 324
124 340
125 151
125 181
125 187
125 189
125 192
125 197
125 241
125 248
125 261
125 279
125 283
125 286
125 313
125 318
125 324
125 340
126 151
126 181
126 187
126 189
126 192
126 197
126 241
126 248
126 261
126 279
126 283
126 286
126 313
126 318
126 324
126 340
127 151
127 181
127 189
127 192
127 197
127 241
127 248
127 261
127 279
127 283
127 286
127 313
127 318
127 324
127 340
128 158
128 178
128 181
128 197
128 241
128 248
128 261
128 279
128 283
128 286
128 313
128 324
128 340
129 158
129 178
129 181
129 197
129 241
129 248
129 261
129 279
129 283
129 286
129 313
129 324
129 340
130 158
130 178
130 181
130 197
130 241
130 248
130 261
130 279
130 283
130 286
130 313
130 324
130 340
131 158
131 178
131 181
131 197
131 241
131 248
131 261
131 279
131 283
131 286
131 313
131 324
131 340
132 146
132 158
132 178
132 241
132 248
132 250
132 279
132 283
132 286
132 324
132 333
132 340
133 146
133 158
133 178
133 241
133 248
133 250
133 279
133 283
133 286
133 324
133 333
133 340
134 146
134 150
134 158
134 178
134 241
134 248
134 250
134 279
134 283
134 286
134 324
134 333
134 340
135 150
135 178
135 241
135 248
135 250
135 279
135 283
135 286
135 324
135 333
135 337
135 340
136 150
136 241
136 248
136 250
136 279
136 283
136 286
136 324
136 333
136 337
136 340
137 150
137 241
137 250
137 279
137 283
137 286
137 324
137 333
137 337
137 340
138 150
138 155
138 241
138 250
138 279
138 283
138 286
138 324
138 333
138 337
138 340
139 150
139 155
139 241
139 250
139 264
139 279
139 283
139 284
139 286
139 324
139 333
139 337
139 340
140 150
140 155
140 173
140 241
140 250
140 264
140 279
140 284
140 286
140 306
140 324
140 333
140 337
140 340
141 150
141 155
141 173
141 241
141 250
141 264
141 279
141 284
141 286
141 306
141 324
141 333
141 337
141 340
142 150
142 155
142 173
142 229
142 241
142 250
142 264
142 279
142 284
142 286
142 306
142 324
142 333
142 337
142 340
143 150
143 155
143 173
143 199
143 201
143 229
143 241
143 250
143 253
143 264
143 279
143 284
143 286
143 306
143 324
143 333
143 337
143 340
144 150
144 155
144 173
144 174
144 199
144 201
144 229
144 241
144 250
144 264
144 279
144 284
144 285
144 286
144 306
144 324
144 333
144 337
144 340
145 150
145 155
145 174
145 199
145 201
145 229
145 241
145 250
145 264
145 279
145 284
145 285
145 286
145 306
145 324
145 333
145 337
145 340
146 150
146 155
146 174
146 199
146 201
146 229
146 241
146 250
146 264
146 279
146 284
146 285
146 286
146 306
146 324
146 333
146 337
146 340
147 150
147 155
147 174
147 199
147 201
147 229
147 241
147 250
147 264
147 279
147 284
147 306
147 324
147 333
147 337
147 340
148 150
148 155
148 174
148 199
148 201
148 229
148 241
148 250
148 264
148 279
148 284
148 306
148 324
148 333
148 337
148 340
149 150
149 155
149 174
149 199
149 201
149 203
149 229
149 241
149 250
149 264
149 279
149 284
149 306
149 324
149 333
149 337
149 340
150 150
150 155
150 168
150 174
150 199
150 201
150 229
150 241
150 250
150 264
150 279
150 284
150 306
150 324
150 333
150 337
150 340
151 150
151 155
151 168
151 174
151 195
151 199
151 201
151 216
151 229
151 233
151 241
151 250
151 255
151 264
151 279
151 284
151 324
151 337
151 340
152 150
152 155
152 168
152 174
152 195
152 199
152 201
152 216
152 219
152 229
152 233
152 241
152 250
152 255
152 264
152 272
152 279
152 280
152 324
152 329
152 337
152 340
153 150
153 155
153 168
153 174
153 195
153 199
153 219
153 229
153 233
153 241
153 250
153 255
153 264
153 272
153 279
153 324
153 329
153 337
153 340
154 155
154 168
154 174
154 195
154 199
154 219
154 229
154 233
154 241
154 250
154 255
154 264
154 272
154 279
154 324
154 329
154 337
154 340
155 155
155 168
155 174
155 199
155 219
155 229
155 233
155 241
155 255
155 264
155 279
155 324
155 329
155 337
155 340
156 155
156 168
156 174
156 199
156 219
156 229
156 233
156 241
156 255
156 264
156 279
156 324
156 329
156 337
156 340
157 155
157 168
157 174
157 199
157 219
157 229
157 233
157 241
157 255
157 279
157 297
157 324
157 329
157 337
157 340
158 155
158 168
158 199
158 219
158 229
158 233
158 241
158 255
158 277
158 279
158 297
158 324
158 329
158 337
158 340
159 155
159 168
159 171
159 199
159 219
159 233
159 241
159 255
159 277
159 279
159 297
159 324
159 329
159 337
159 340
160 155
160 168
160 171
160 191
160 199
160 219
160 228
160 241
160 245
160 255
160 277
160 279
160 297
160 324
160 329
160 337
160 340
161 155
161 168
161 171
161 191
161 199
161 219
161 228
161 241
161 245
161 255
161 277
161 279
161 294
161 297
161 324
161 329
161 337
161 340
162 168
162 171
162 191
162 199
162 210
162 219
162 228
162 241
162 245
162 255
162 277
162 279
162 294
162 297
162 300
162 324
162 329
162 337
162 340
163 168
163 169
163 171
163 191
163 199
163 210
163 219
163 228
163 240
163 241
163 245
163 255
163 277
163 279
163 294
163 297
163 300
163 324
163 329
163 337
163 340
164 168
164 169
164 171
164 191
164 199
164 210
164 219
164 228
164 240
164 241
164 245
164 255
164 277
164 279
164 294
164 297
164 300
164 324
164 327
164 329
164 337
165 168
165 169
165 171
165 210
165 219
165 228
165 241
165 245
165 255
165 279
165 289
165 294
165 297
165 300
165 324
165 327
165 329
165 330
165 337
166 168
166 171
166 210
166 219
166 228
166 241
166 245
166 255
166 279
166 289
166 294
166 296
166 297
166 300
166 324
166 327
166 329
166 330
166 337
167 168
167 171
167 210
167 219
167 228
167 241
167 245
167 255
167 279
167 289
167 294
167 296
167 297
167 300
167 324
167 327
167 329
167 330
167 337
168 168
168 171
168 210
168 219
168 228
168 241
168 245
168 255
168 279
168 289
168 294
168 296
168 297
168 324
168 327
168 329
168 330
168 337
169 168
169 171
169 210
169 219
169 228
169 241
169 255
169 279
169 289
169 294
169 296
169 297
169 324
169 325
169 327
169 329
169 330
169 337
170 168
170 171
170 210
170 219
170 228
170 241
170 255
170 289
170 294
170 296
170 297
170 324
170 325
170 327
170 329
170 330
170 337
171 168
171 210
171 228
171 239
171 241
171 251
171 255
171 289
171 294
171 296
171 297
171 324
171 325
171 329
171 330
171 337
172 168
172 210
172 228
172 239
172 241
172 251
172 255
172 289
172 294
172 296
172 297
172 298
172 324
172 325
172 329
172 330
172 337
173 168
173 210
173 218
173 228
173 239
173 241
173 251
173 255
173 289
173 294
173 296
173 297
173 298
173 324
173 325
173 329
173 330
173 337
174 168
174 210
174 218
174 228
174 239
174 241
174 255
174 289
174 294
174 296
174 297
174 298
174 324
174 325
174 329
174 330
174 337
174 348
175 168
175 210
175 218
175 239
175 241
175 255
175 294
175 296
175 297
175 298
175 324
175 325
175 329
175 337
175 348
176 168
176 210
176 218
176 239
176 241
176 255
176 294
176 296
176 297
176 324
176 325
176 329
176 337
176 348
177 168
177 210
177 218
177 239
177 241
177 255
177 294
177 296
177 324
177 325
177 329
177 337
177 348
178 168
178 210
178 218
178 239
178 241
178 255
178 294
178 296
178 324
178 325
178 329
178 337
178 348
179 168
179 210
179 218
179 239
179 241
179 255
179 294
179 296
179 324
179 325
179 329
179 337
179 348
180 168
180 218
180 239
180 241
180 255
180 294
180 296
180 324
180 325
180 329
180 337
180 348
181 168
181 218
181 239
181 241
181 255
181 296
181 324
181 325
181 329
181 337
181 348
182 168
182 218
182 239
182 241
182 255
182 278
182 296
182 324
182 325
182 328
182 329
182 346
182 348
183 168
183 218
183 239
183 241
183 255
183 278
183 296
183 325
183 328
183 329
183 346
183 348
184 168
184 215
184 218
184 239
184 241
184 255
184 278
184 296
184 325
184 328
184 329
184 346
184 348
185 168
185 215
185 239
185 241
185 255
185 278
185 296
185 302
185 325
185 328
185 329
185 346
185 348
186 168
186 211
186 239
186 241
186 255
186 256
186 278
186 296
186 302
186 325
186 328
186 329
186 348
187 211
187 239
187 241
187 255
187 256
187 278
187 296
187 302
187 325
187 328
187 329
187 348
188 211
188 239
188 241
188 255
188 256
188 278
188 296
188 302
188 325
188 328
188 329
188 348
189 211
189 239
189 241
189 256
189 278
189 296
189 302
189 325
189 328
189 329
189 348
190 211
190 239
190 241
190 256
190 278
190 296
190 302
190 325
190 328
190 329
190 348
191 207
191 211
191 239
191 241
191 256
191 278
191 296
191 302
191 325
191 329
191 348
192 207
192 211
192 239
192 256
192 278
192 296
192 302
192 325
192 329
192 348
193 211
193 239
193 278
193 296
193 302
193 325
193 329
194 211
194 239
194 278
194 296
194 302
194 325
195 211
195 239
195 278
195 296
195 302
195 325
196 211
196 239
196 296
196 302
196 325
197 211
197 239
197 296
197 302
197 325
197 331
198 211
198 239
198 296
198 302
198 325
198 331
199 211
199 239
199 296
199 302
199 325
199 331
200 211
200 239
200 296
200 302
200 325
200 331
201 211
201 232
201 239
201 275
201 296
201 302
201 325
201 331
202 211
202 232
202 239
202 275
202 296
202 302
202 325
202 331
203 211
203 232
203 239
203 275
203 296
203 325
203 331
204 211
204 232
204 239
204 275
204 296
204 325
204 331
205 211
205 232
205 239
205 275
205 296
205 325
205 331
206 211
206 239
206 275
206 296
206 325
206 331
207 211
207 239
207 271
207 275
207 296
207 325
207 331
208 211
208 239
208 271
208 275
208 296
208 325
208 331
209 211
209 239
209 271
209 275
209 296
209 325
209 331
210 211
210 239
210 271
210 275
210 296
210 325
210 331
211 211
211 239
211 271
211 275
211 296
211 325
211 331
212 211
212 239
212 271
212 275
212 296
212 325
212 331
213 211
213 239
213 271
213 275
213 296
213 325
213 331
214 211
214 271
214 307
214 325
214 331
215 271
215 307
216 276
216 307
216 317
216 319
216 349
217 276
217 307
217 317
217 319
217 349
218 276
218 307
218 317
218 319
218 349
219 276
219 307
219 317
219 319
219 349
220 276
220 307
220 317
220 319
220 349
221 276
221 307
221 317
221 319
221 349
222 307
222 317
222 319
222 349
223 307
223 317
223 319
223 349
224 260
224 307
224 317
224 319
224 349
225 260
225 307
225 317
225 319
225 349
226 260
226 307
226 317
226 319
226 349
227 260
227 307
227 317
227 319
227 349
228 260
228 307
228 317
228 319
228 349
229 260
229 307
229 317
229 319
229 349
230 307
230 317
230 319
230 349
231 258
231 307
231 317
231 319
231 349
232 258
232 317
232 319
232 349
233 258
233 317
233 319
233 349
234 258
234 317
234 319
234 349
235 258
235 317
235 319
235 349
236 258
236 317
236 349
237 258
237 317
237 349
238 258
238 282
238 317
238 320
238 349
239 258
239 282
239 317
239 320
239 349
240 282
240 314
240 317
240 320
240 344
240 349
241 314
241 317
241 320
241 344
241 349
242 314
242 317
242 320
242 344
242 349
243 273
243 281
243 314
243 317
243 320
243 344
243 349
244 273
244 281
244 314
244 317
244 320
244 344
244 349
245 273
245 281
245 314
245 317
245 320
245 344
245 349
246 273
246 281
246 314
246 317
246 320
246 344
246 349
247 273
247 281
247 314
247 317
247 320
247 344
247 349
248 273
248 281
248 314
248 317
248 320
248 344
248 349
249 273
249 281
249 314
249 317
249 320
249 344
249 349
250 273
250 274
250 281
250 301
250 314
250 317
250 320
250 344
250 349
251 273
251 281
251 292
251 301
251 314
251 317
251 320
251 344
251 347
251 349
252 273
252 281
252 292
252 301
252 314
252 317
252 344
252 347
252 349
253 273
253 281
253 292
253 301
253 314
253 317
253 344
253 347
253 349
254 273
254 281
254 292
254 312
254 314
254 317
254 344
254 347
254 349
255 273
255 281
255 292
255 312
255 314
255 317
255 344
255 347
255 349
256 270
256 273
256 281
256 292
256 312
256 314
256 317
256 344
256 347
256 349
257 270
257 273
257 281
257 292
257 312
257 314
257 317
257 344
257 347
257 349
258 270
258 273
258 281
258 292
258 312
258 314
258 317
258 344
258 347
258 349
259 270
259 273
259 281
259 292
259 312
259 314
259 317
259 344
259 347
259 349
260 270
260 273
260 281
260 292
260 312
260 314
260 317
260 344
260 347
260 349
261 270
261 273
261 281
261 292
261 312
261 314
261 317
261 344
261 347
261 349
262 270
262 273
262 281
262 292
262 312
262 314
262 317
262 344
262 347
262 349
263 270
263 273
263 281
263 292
263 312
263 314
263 317
263 344
263 347
263 349
264 270
264 273
264 281
264 292
264 312
264 314
264 317
264 344
264 347
264 349
265 273
265 281
265 292
265 312
265 314
265 317
265 344
265 347
265 349
266 273
266 281
266 292
266 312
266 314
266 317
266 344
266 347
266 349
267 273
267 281
267 292
267 312
267 314
267 317
267 344
267 347
267 349
268 273
268 281
268 292
268 312
268 314
268 317
268 344
268 347
268 349
269 273
269 281
269 292
269 312
269 314
269 317
269 344
269 347
269 349
270 273
270 281
270 292
270 312
270 314
270 317
270 344
270 347
270 349
271 273
271 281
271 292
271 295
271 312
271 314
271 317
271 344
271 347
271 349
272 273
272 281
272 292
272 295
272 312
272 314
272 317
272 344
272 347
272 349
273 273
273 281
273 292
273 295
273 312
273 314
273 317
273 344
273 347
273 349
274 273
274 281
274 292
274 295
274 312
274 314
274 317
274 344
274 347
274 349
275 273
275 281
275 292
275 295
275 309
275 312
275 314
275 317
275 344
275 347
276 273
276 281
276 292
276 295
276 309
276 312
276 314
276 317
276 344
276 347
277 273
277 281
277 292
277 295
277 309
277 312
277 314
277 317
277 344
277 347
278 273
278 281
278 295
278 309
278 312
278 314
278 344
278 347
279 273
279 281
279 295
279 309
279 312
279 314
279 344
279 347
280 273
280 281
280 295
280 309
280 312
280 314
280 344
280 347
281 295
281 309
281 312
281 314
281 344
282 295
282 309
282 312
282 314
282 344
283 295
283 309
283 312
283 314
283 344
284 295
284 309
284 312
284 314
284 344
285 295
285 309
285 312
285 314
285 344
286 295
286 309
286 312
286 344
287 295
287 309
287 312
287 336
287 344
288 295
288 309
288 312
288 336
289 295
289 309
289 312
289 336
290 309
290 312
290 336
291 309
291 316
291 336
292 309
292 316
292 336
293 309
293 316
293 336
294 309
294 316
294 336
295 309
295 316
295 336
296 309
296 316
296 336
297 309
297 316
297 336
298 309
298 316
298 336
299 316
299 336
300 316
301 303
301 316
302 316
303 316
304 316
305 316
306 316
307 316
308 316
309 316
310 316
311 316
312 316
329 345
330 342
330 345
331 342
331 345
332 342
332 345
333 342
333 345
334 342
335 342
336 342
337 342
338 342
339 342
340 342
