0 51
0 170
1 51
1 170
2 51
2 115
2 150
2 170
3 6
3 8
3 9
3 13
3 16
3 18
3 22
3 51
3 56
3 63
3 86
3 111
3 115
3 149
3 170
3 172
3 188
4 8
4 9
4 13
4 16
4 18
4 22
4 23
4 51
4 56
4 63
4 69
4 95
4 111
4 115
4 149
4 170
4 172
4 188
5 9
5 13
5 16
5 23
5 51
5 56
5 63
5 69
5 78
5 88
5 95
5 111
5 115
5 149
5 170
5 172
5 188
5 203
6 7
6 41
6 51
6 56
6 63
6 69
6 77
6 78
6 88
6 95
6 111
6 115
6 142
6 149
6 170
6 172
6 188
6 203
7 10
7 12
7 27
7 35
7 41
7 44
7 59
7 70
7 95
7 111
7 115
7 135
7 136
7 142
7 149
7 170
7 172
7 173
7 188
7 193
7 200
7 203
7 227
8 10
8 27
8 35
8 41
8 44
8 52
8 59
8 70
8 95
8 111
8 115
8 135
8 136
8 142
8 149
8 170
8 172
8 173
8 188
8 193
8 200
8 203
8 227
9 10
9 41
9 44
9 52
9 59
9 70
9 95
9 111
9 115
9 135
9 136
9 142
9 149
9 170
9 172
9 173
9 188
9 193
9 200
9 203
9 219
9 227
10 10
10 41
10 44
10 52
10 59
10 70
10 95
10 111
10 115
10 136
10 142
10 149
10 170
10 172
10 173
10 188
10 193
10 200
10 203
10 207
10 219
10 227
11 10
11 44
11 52
11 59
11 70
11 95
11 111
11 115
11 136
11 142
11 149
11 170
11 172
11 173
11 188
11 193
11 200
11 203
11 207
11 219
11 227
12 10
12 14
12 36
12 38
12 44
12 52
12 59
12 67
12 70
12 95
12 111
12 115
12 136
12 142
12 149
12 170
12 173
12 188
12 193
12 207
12 219
12 227
12 247
13 14
13 17
13 25
13 36
13 39
13 45
13 46
13 53
13 59
13 67
13 70
13 72
13 95
13 111
13 113
13 115
13 136
13 141
13 142
13 149
13 170
13 175
13 188
13 207
13 219
13 227
13 288
14 14
14 17
14 25
14 39
14 45
14 46
14 47
14 53
14 59
14 67
14 70
14 95
14 111
14 113
14 115
14 136
14 141
14 142
14 149
14 170
14 175
14 188
14 207
14 219
14 227
14 288
14 296
15 14
15 25
15 39
15 45
15 46
15 47
15 53
15 59
15 67
15 70
15 94
15 95
15 111
15 113
15 115
15 136
15 141
15 142
15 149
15 170
15 175
15 199
15 207
15 219
15 227
15 288
16 33
16 45
16 46
16 47
16 53
16 59
16 67
16 70
16 84
16 85
16 94
16 95
16 100
16 103
16 111
16 113
16 115
16 136
16 142
16 149
16 170
16 175
16 177
16 183
16 199
16 207
16 209
16 219
16 229
16 288
17 33
17 45
17 47
17 53
17 59
17 67
17 70
17 84
17 85
17 94
17 95
17 103
17 111
17 113
17 115
17 136
17 142
17 149
17 170
17 175
17 177
17 183
17 199
17 207
17 209
17 219
17 229
17 288
18 28
18 33
18 45
18 59
18 67
18 70
18 82
18 84
18 94
18 95
18 103
18 111
18 113
18 115
18 136
18 142
18 149
18 170
18 175
18 177
18 183
18 199
18 207
18 209
18 219
18 229
18 288
19 28
19 33
19 45
19 59
19 67
19 70
19 82
19 94
19 95
19 103
19 111
19 113
19 115
19 136
19 142
19 149
19 170
19 175
19 177
19 183
19 199
19 207
19 209
19 219
19 229
19 260
19 288
20 26
20 28
20 33
20 45
20 59
20 62
20 67
20 70
20 82
20 94
20 95
20 103
20 111
20 113
20 115
20 136
20 142
20 149
20 170
20 175
20 177
20 183
20 199
20 207
20 209
20 219
20 229
20 260
20 288
21 26
21 28
21 33
21 45
21 59
21 62
21 67
21 70
21 82
21 94
21 95
21 103
21 111
21 113
21 115
21 136
21 139
21 142
21 149
21 170
21 175
21 177
21 183
21 199
21 207
21 209
21 219
21 229
21 260
21 288
22 26
22 28
22 33
22 45
22 59
22 62
22 67
22 70
22 82
22 94
22 95
22 103
22 110
22 111
22 113
22 115
22 136
22 139
22 142
22 149
22 170
22 175
22 177
22 183
22 199
22 207
22 209
22 219
22 229
22 260
22 288
23 26
23 28
23 33
23 45
23 59
23 61
23 62
23 67
23 70
23 82
23 94
23 95
23 103
23 110
23 111
23 113
23 115
23 136
23 139
23 142
23 149
23 170
23 175
23 177
23 183
23 199
23 207
23 209
23 219
23 229
23 260
23 288
24 26
24 28
24 33
24 45
24 59
24 61
24 62
24 67
24 70
24 82
24 95
24 103
24 110
24 111
24 113
24 115
24 136
24 139
24 142
24 149
24 170
24 175
24 177
24 183
24 199
24 207
24 209
24 219
24 229
24 260
24 288
25 26
25 28
25 33
25 45
25 57
25 59
25 61
25 62
25 67
25 70
25 74
25 82
25 95
25 103
25 110
25 111
25 115
25 136
25 139
25 142
25 149
25 170
25 175
25 177
25 183
25 199
25 207
25 209
25 219
25 229
25 260
26 26
26 28
26 33
26 45
26 57
26 59
26 61
26 67
26 70
26 74
26 82
26 95
26 103
26 110
26 111
26 115
26 136
26 139
26 142
26 149
26 170
26 175
26 177
26 183
26 199
26 204
26 209
26 219
26 229
26 260
27 26
27 33
27 45
27 57
27 59
27 61
27 67
27 70
27 74
27 82
27 95
27 103
27 110
27 115
27 136
27 142
27 149
27 160
27 170
27 175
27 177
27 183
27 199
27 204
27 209
27 219
27 229
27 260
28 33
28 45
28 57
28 61
28 67
28 70
28 74
28 82
28 95
28 103
28 110
28 115
28 136
28 142
28 149
28 160
28 170
28 175
28 177
28 183
28 199
28 204
28 209
28 219
28 229
28 260
29 33
29 45
29 57
29 61
29 67
29 70
29 74
29 82
29 95
29 103
29 110
29 115
29 136
29 142
29 149
29 160
29 170
29 175
29 177
29 183
29 199
29 204
29 209
29 219
29 229
29 260
30 33
30 57
30 61
30 67
30 74
30 82
30 95
30 96
30 103
30 115
30 136
30 142
30 148
30 149
30 160
30 170
30 175
30 177
30 183
30 199
30 204
30 209
30 219
30 229
30 260
30 313
31 34
31 57
31 61
31 67
31 73
31 74
31 82
31 95
31 96
31 103
31 115
31 136
31 148
31 149
31 160
31 175
31 177
31 183
31 204
31 209
31 219
31 229
31 260
31 313
32 34
32 57
32 61
32 67
32 73
32 74
32 82
32 95
32 96
32 103
32 115
32 136
32 148
32 149
32 160
32 175
32 177
32 183
32 204
32 209
32 219
32 229
32 260
32 313
33 57
33 61
33 67
33 71
33 73
33 74
33 82
33 95
33 96
33 103
33 115
33 136
33 148
33 149
33 160
33 171
33 175
33 183
33 204
33 209
33 219
33 229
33 260
33 308
33 313
34 37
34 57
34 61
34 71
34 74
34 96
34 101
34 103
34 109
34 115
34 118
34 136
34 137
34 149
34 160
34 164
34 171
34 175
34 183
34 190
34 204
34 209
34 219
34 229
34 250
34 305
34 308
34 313
35 37
35 57
35 61
35 71
35 74
35 96
35 101
35 103
35 109
35 115
35 118
35 136
35 137
35 149
35 154
35 160
35 164
35 171
35 175
35 183
35 190
35 204
35 209
35 211
35 219
35 229
35 233
35 250
35 305
35 308
35 313
36 37
36 61
36 71
36 74
36 96
36 101
36 103
36 109
36 115
36 118
36 136
36 137
36 149
36 154
36 160
36 164
36 171
36 175
36 183
36 190
36 204
36 209
36 211
36 219
36 229
36 233
36 250
36 305
36 308
36 313
37 37
37 61
37 71
37 74
37 96
37 101
37 109
37 114
37 115
37 118
37 136
37 137
37 146
37 147
37 149
37 154
37 160
37 164
37 171
37 175
37 183
37 190
37 204
37 209
37 211
37 229
37 233
37 250
37 263
37 305
37 308
37 313
37 317
38 55
38 61
38 71
38 87
38 96
38 109
38 114
38 115
38 118
38 136
38 137
38 138
38 146
38 147
38 149
38 154
38 160
38 164
38 171
38 175
38 183
38 204
38 209
38 211
38 229
38 233
38 250
38 263
38 305
38 308
38 313
38 317
39 48
39 55
39 61
39 71
39 87
39 96
39 109
39 114
39 115
39 118
39 136
39 137
39 138
39 146
39 147
39 149
39 160
39 164
39 171
39 175
39 183
39 204
39 209
39 229
39 233
39 241
39 250
39 263
39 308
39 313
39 317
40 43
40 48
40 55
40 61
40 76
40 87
40 96
40 109
40 114
40 115
40 118
40 134
40 136
40 137
40 138
40 146
40 147
40 149
40 160
40 164
40 171
40 183
40 204
40 209
40 229
40 233
40 241
40 250
40 263
40 308
40 313
40 317
41 43
41 48
41 55
41 61
41 76
41 87
41 96
41 109
41 114
41 115
41 118
41 134
41 136
41 137
41 138
41 146
41 147
41 149
41 164
41 171
41 183
41 204
41 209
41 229
41 233
41 241
41 250
41 263
41 308
41 313
41 317
42 43
42 48
42 55
42 76
42 87
42 96
42 109
42 114
42 115
42 118
42 134
42 136
42 137
42 138
42 146
42 147
42 149
42 164
42 171
42 183
42 204
42 209
42 229
42 233
42 241
42 250
42 263
42 308
42 309
42 313
42 317
43 43
43 48
43 55
43 76
43 87
43 96
43 109
43 114
43 115
43 118
43 134
43 136
43 137
43 138
43 146
43 147
43 149
43 164
43 171
43 183
43 204
43 209
43 229
43 233
43 234
43 241
43 250
43 263
43 308
43 309
43 313
43 317
44 43
44 48
44 55
44 76
44 87
44 96
44 109
44 114
44 115
44 118
44 134
44 136
44 137
44 138
44 146
44 147
44 149
44 164
44 171
44 183
44 204
44 209
44 229
44 233
44 234
44 241
44 250
44 254
44 263
44 308
44 309
44 317
45 48
45 54
45 55
45 76
45 87
45 96
45 97
45 109
45 114
45 115
45 118
45 134
45 136
45 137
45 138
45 147
45 149
45 164
45 171
45 183
45 204
45 214
45 229
45 233
45 234
45 241
45 249
45 250
45 254
45 263
45 308
45 309
45 317
46 55
46 76
46 87
46 96
46 97
46 109
46 114
46 115
46 118
46 134
46 136
46 137
46 138
46 147
46 149
46 155
46 164
46 171
46 183
46 204
46 214
46 229
46 233
46 234
46 241
46 249
46 250
46 254
46 263
46 273
46 308
46 309
46 317
47 55
47 76
47 87
47 96
47 97
47 109
47 114
47 115
47 118
47 134
47 136
47 137
47 138
47 147
47 149
47 155
47 164
47 171
47 183
47 204
47 214
47 229
47 233
47 234
47 241
47 249
47 250
47 254
47 263
47 273
47 308
47 309
47 317
48 55
48 76
48 87
48 96
48 97
48 109
48 114
48 115
48 118
48 134
48 136
48 137
48 138
48 147
48 149
48 155
48 164
48 171
48 183
48 204
48 214
48 229
48 233
48 234
48 241
48 249
48 250
48 254
48 263
48 273
48 307
48 309
48 317
49 55
49 76
49 87
49 96
49 97
49 109
49 114
49 115
49 118
49 136
49 137
49 138
49 147
49 149
49 153
49 155
49 164
49 183
49 204
49 214
49 229
49 233
49 234
49 241
49 249
49 250
49 254
49 263
49 273
49 307
49 309
49 317
49 344
50 55
50 58
50 87
50 97
50 109
50 114
50 118
50 136
50 137
50 138
50 147
50 149
50 153
50 155
50 158
50 164
50 183
50 187
50 197
50 204
50 214
50 220
50 229
50 233
50 234
50 241
50 249
50 250
50 254
50 263
50 298
50 307
50 317
50 344
51 55
51 58
51 87
51 92
51 97
51 109
51 114
51 118
51 136
51 138
51 147
51 149
51 153
51 155
51 156
51 158
51 164
51 183
51 185
51 187
51 197
51 214
51 215
51 220
51 229
51 233
51 234
51 241
51 249
51 250
51 254
51 263
51 285
51 298
51 307
51 317
51 344
52 55
52 58
52 87
52 92
52 109
52 114
52 118
52 136
52 138
52 147
52 149
52 153
52 155
52 156
52 158
52 164
52 168
52 183
52 185
52 187
52 197
52 214
52 215
52 220
52 229
52 233
52 234
52 241
52 249
52 250
52 254
52 263
52 285
52 298
52 307
52 317
52 344
53 55
53 60
53 92
53 109
53 114
53 118
53 136
53 138
53 147
53 149
53 153
53 155
53 156
53 158
53 164
53 168
53 183
53 185
53 187
53 197
53 214
53 215
53 220
53 229
53 233
53 234
53 241
53 249
53 250
53 254
53 263
53 285
53 298
53 317
53 344
54 55
54 60
54 92
54 109
54 118
54 136
54 138
54 147
54 149
54 153
54 155
54 156
54 158
54 164
54 168
54 183
54 185
54 187
54 197
54 201
54 205
54 214
54 215
54 220
54 226
54 229
54 233
54 234
54 241
54 249
54 250
54 254
54 263
54 285
54 298
54 317
54 344
55 55
55 60
55 92
55 109
55 118
55 136
55 138
55 147
55 149
55 153
55 155
55 156
55 158
55 164
55 168
55 183
55 185
55 187
55 197
55 201
55 205
55 214
55 215
55 220
55 226
55 229
55 233
55 234
55 241
55 249
55 250
55 254
55 263
55 285
55 298
55 317
55 344
56 55
56 60
56 92
56 109
56 118
56 136
56 138
56 147
56 149
56 153
56 155
56 156
56 158
56 164
56 168
56 183
56 185
56 187
56 197
56 201
56 205
56 214
56 215
56 220
56 226
56 229
56 233
56 241
56 249
56 250
56 254
56 263
56 285
56 298
56 317
56 344
57 55
57 60
57 92
57 109
57 118
57 136
57 138
57 147
57 149
57 153
57 155
57 156
57 158
57 164
57 168
57 183
57 185
57 187
57 197
57 201
57 205
57 214
57 215
57 220
57 226
57 229
57 233
57 241
57 249
57 250
57 254
57 263
57 285
57 286
57 298
57 317
57 344
58 55
58 60
58 92
58 109
58 124
58 136
58 149
58 153
58 155
58 156
58 163
58 164
58 168
58 183
58 185
58 187
58 197
58 201
58 205
58 214
58 215
58 220
58 224
58 226
58 229
58 233
58 241
58 249
58 250
58 263
58 285
58 286
58 298
58 317
58 344
59 55
59 92
59 109
59 124
59 136
59 153
59 155
59 156
59 163
59 164
59 168
59 183
59 185
59 187
59 197
59 201
59 205
59 214
59 215
59 220
59 224
59 229
59 233
59 241
59 249
59 250
59 263
59 285
59 286
59 298
59 317
59 344
60 65
60 79
60 92
60 105
60 124
60 136
60 153
60 155
60 156
60 164
60 168
60 183
60 187
60 197
60 201
60 205
60 214
60 215
60 220
60 224
60 233
60 241
60 250
60 257
60 263
60 285
60 286
60 298
60 319
60 344
61 65
61 79
61 92
61 105
61 124
61 136
61 153
61 155
61 156
61 164
61 168
61 183
61 187
61 197
61 201
61 205
61 214
61 215
61 220
61 224
61 233
61 241
61 250
61 257
61 263
61 285
61 286
61 298
61 319
61 344
62 65
62 79
62 92
62 105
62 124
62 136
62 153
62 155
62 156
62 164
62 168
62 183
62 187
62 197
62 201
62 205
62 214
62 215
62 220
62 224
62 233
62 241
62 250
62 257
62 263
62 285
62 286
62 298
62 319
62 344
63 65
63 79
63 92
63 136
63 155
63 156
63 164
63 165
63 168
63 183
63 184
63 187
63 201
63 205
63 214
63 215
63 220
63 224
63 233
63 250
63 257
63 263
63 285
63 286
63 298
63 319
63 344
64 65
64 92
64 136
64 156
64 165
64 183
64 184
64 186
64 187
64 214
64 215
64 220
64 223
64 257
64 263
64 285
64 286
64 319
64 331
64 344
64 346
65 65
65 92
65 136
65 156
65 165
65 183
65 184
65 186
65 187
65 214
65 215
65 220
65 223
65 257
65 263
65 285
65 286
65 319
65 331
65 344
65 346
66 65
66 92
66 108
66 136
66 156
66 165
66 183
66 184
66 186
66 187
66 214
66 215
66 220
66 223
66 257
66 263
66 285
66 286
66 319
66 331
66 344
66 346
67 65
67 92
67 108
67 136
67 156
67 165
67 183
67 184
67 186
67 187
67 214
67 215
67 220
67 223
67 257
67 263
67 285
67 286
67 319
67 331
67 344
67 346
68 65
68 92
68 108
68 156
68 165
68 183
68 184
68 186
68 214
68 215
68 220
68 223
68 239
68 257
68 263
68 285
68 286
68 319
68 331
68 344
68 346
69 65
69 92
69 108
69 156
69 183
69 186
69 212
69 214
69 215
69 220
69 223
69 239
69 263
69 286
69 319
69 331
69 344
69 346
70 92
70 108
70 156
70 183
70 186
70 212
70 214
70 215
70 220
70 223
70 239
70 263
70 286
70 319
70 331
70 344
70 346
71 80
71 92
71 108
71 156
71 183
71 186
71 212
71 214
71 215
71 220
71 223
71 239
71 263
71 286
71 319
71 324
71 331
71 344
71 346
72 80
72 91
72 92
72 108
72 156
72 183
72 186
72 212
72 214
72 220
72 223
72 239
72 263
72 286
72 324
72 331
72 344
72 346
73 80
73 91
73 92
73 108
73 161
73 183
73 186
73 212
73 214
73 220
73 239
73 263
73 271
73 286
73 331
73 344
74 80
74 91
74 92
74 108
74 161
74 183
74 186
74 212
74 214
74 220
74 239
74 263
74 271
74 286
74 331
74 344
75 80
75 92
75 108
75 161
75 183
75 186
75 212
75 214
75 220
75 239
75 263
75 271
75 286
75 331
75 344
76 83
76 92
76 98
76 108
76 161
76 183
76 186
76 212
76 214
76 220
76 239
76 263
76 271
76 286
76 300
76 331
77 83
77 92
77 98
77 106
77 108
77 161
77 183
77 186
77 212
77 214
77 220
77 239
77 263
77 271
77 286
77 300
77 331
78 83
78 92
78 98
78 119
78 161
78 183
78 186
78 192
78 212
78 214
78 220
78 239
78 256
78 263
78 271
78 286
78 300
78 302
78 331
79 83
79 92
79 98
79 119
79 161
79 183
79 186
79 192
79 198
79 212
79 214
79 220
79 239
79 256
79 263
79 271
79 286
79 300
79 302
79 331
80 83
80 92
80 98
80 119
80 129
80 161
80 183
80 192
80 198
80 212
80 214
80 220
80 239
80 256
80 263
80 271
80 286
80 300
80 302
80 331
81 83
81 90
81 92
81 98
81 119
81 129
81 161
81 183
81 192
81 198
81 212
81 214
81 220
81 239
81 256
81 263
81 271
81 286
81 300
81 302
81 331
82 83
82 90
82 92
82 98
82 119
82 129
82 161
82 183
82 192
82 198
82 212
82 214
82 220
82 239
82 256
82 263
82 271
82 286
82 300
82 302
82 331
83 83
83 90
83 98
83 107
83 119
83 129
83 161
83 183
83 192
83 198
83 212
83 214
83 239
83 253
83 256
83 263
83 268
83 271
83 286
83 300
83 302
83 331
84 83
84 90
84 107
84 119
84 129
84 161
84 183
84 192
84 198
84 212
84 214
84 239
84 253
84 256
84 263
84 268
84 271
84 286
84 300
84 302
84 331
85 83
85 90
85 107
85 119
85 129
85 161
85 183
85 192
85 198
85 212
85 214
85 239
85 253
85 256
85 263
85 268
85 271
85 286
85 300
85 302
85 331
86 83
86 90
86 107
86 119
86 129
86 161
86 183
86 192
86 198
86 212
86 214
86 216
86 239
86 253
86 256
86 263
86 266
86 268
86 271
86 286
86 300
86 302
86 331
87 83
87 90
87 107
87 119
87 129
87 161
87 183
87 192
87 198
87 212
87 214
87 216
87 239
87 253
87 256
87 263
87 266
87 268
87 271
87 286
87 300
87 302
87 331
88 90
88 107
88 119
88 129
88 151
88 161
88 183
88 192
88 198
88 212
88 214
88 216
88 239
88 253
88 256
88 263
88 266
88 268
88 271
88 286
88 300
88 302
88 331
89 107
89 129
89 151
89 161
89 183
89 192
89 198
89 212
89 214
89 216
89 239
89 253
89 256
89 263
89 266
89 268
89 271
89 286
89 300
89 302
89 331
90 107
90 116
90 129
90 151
90 161
90 162
90 183
90 192
90 198
90 208
90 214
90 216
90 239
90 253
90 256
90 263
90 266
90 268
90 286
90 300
90 302
90 331
91 107
91 116
91 129
91 151
91 161
91 162
91 183
91 192
91 198
91 208
91 214
91 216
91 239
91 253
91 256
91 263
91 266
91 268
91 286
91 300
91 302
91 331
92 107
92 116
92 129
92 151
92 161
92 162
92 183
92 192
92 198
92 208
92 214
92 216
92 239
92 253
92 256
92 263
92 266
92 268
92 286
92 300
92 302
92 331
93 107
93 116
93 129
93 151
93 161
93 162
93 183
93 192
93 198
93 208
93 214
93 216
93 239
93 253
93 256
93 263
93 266
93 268
93 272
93 286
93 300
93 302
93 331
94 121
94 122
94 127
94 129
94 151
94 161
94 162
94 183
94 192
94 214
94 217
94 239
94 253
94 256
94 263
94 266
94 268
94 272
94 286
94 300
94 306
94 331
94 335
95 121
95 122
95 127
95 129
95 151
95 161
95 162
95 183
95 192
95 214
95 217
95 239
95 253
95 256
95 263
95 266
95 268
95 272
95 286
95 300
95 306
95 331
95 335
96 121
96 122
96 127
96 129
96 151
96 161
96 162
96 179
96 183
96 191
96 192
96 214
96 217
96 239
96 253
96 256
96 263
96 266
96 268
96 272
96 286
96 300
96 306
96 331
96 335
97 122
97 127
97 151
97 161
97 162
97 179
97 183
97 191
97 192
97 195
97 214
97 217
97 239
97 263
97 266
97 268
97 272
97 286
97 300
97 306
97 331
97 335
98 122
98 151
98 161
98 162
98 179
98 183
98 191
98 192
98 195
98 214
98 217
98 239
98 263
98 266
98 268
98 272
98 286
98 300
98 306
98 331
98 335
99 122
99 151
99 161
99 162
99 179
99 183
99 191
99 192
99 195
99 214
99 217
99 239
99 263
99 266
99 268
99 272
99 286
99 300
99 306
99 331
99 335
100 122
100 151
100 161
100 162
100 179
100 183
100 191
100 192
100 195
100 214
100 217
100 239
100 263
100 266
100 268
100 272
100 286
100 300
100 306
100 331
100 335
101 122
101 151
101 161
101 162
101 179
101 183
101 191
101 192
101 195
101 214
101 217
101 239
101 263
101 266
101 268
101 272
101 286
101 300
101 306
101 331
101 335
102 112
102 122
102 151
102 161
102 162
102 179
102 183
102 191
102 192
102 195
102 214
102 217
102 239
102 263
102 266
102 268
102 272
102 286
102 300
102 306
102 335
103 112
103 122
103 151
103 161
103 162
103 179
103 183
103 191
103 192
103 195
103 214
103 217
103 239
103 263
103 266
103 268
103 272
103 286
103 300
103 306
103 335
104 112
104 122
104 151
104 161
104 162
104 179
104 183
104 191
104 192
104 195
104 202
104 214
104 217
104 239
104 263
104 266
104 268
104 272
104 286
104 300
104 306
104 335
105 112
105 122
105 151
105 161
105 162
105 178
105 183
105 191
105 192
105 195
105 202
105 214
105 217
105 239
105 263
105 266
105 268
105 272
105 286
105 289
105 300
105 306
105 335
106 112
106 122
106 151
106 161
106 162
106 178
106 183
106 191
106 192
106 195
106 202
106 214
106 217
106 239
106 263
106 266
106 268
106 272
106 286
106 289
106 300
106 306
106 335
107 112
107 122
107 151
107 161
107 162
107 178
107 183
107 191
107 192
107 195
107 202
107 214
107 217
107 239
107 263
107 266
107 268
107 272
107 286
107 289
107 300
107 306
107 335
108 122
108 131
108 144
108 151
108 157
108 159
108 161
108 162
108 178
108 191
108 195
108 202
108 214
108 217
108 225
108 239
108 255
108 259
108 266
108 272
108 295
108 300
108 306
108 335
109 122
109 131
109 144
109 151
109 157
109 159
109 161
109 162
109 178
109 191
109 195
109 202
109 214
109 217
109 225
109 239
109 255
109 259
109 266
109 272
109 295
109 300
109 306
109 335
110 122
110 131
110 151
110 157
110 159
110 161
110 162
110 178
110 191
110 195
110 202
110 214
110 217
110 225
110 239
110 255
110 259
110 266
110 272
110 295
110 300
110 306
110 335
111 120
111 122
111 131
111 157
111 159
111 161
111 162
111 178
111 191
111 195
111 196
111 202
111 214
111 217
111 225
111 239
111 255
111 259
111 266
111 272
111 275
111 295
111 306
111 335
112 120
112 122
112 128
112 131
112 157
112 161
112 162
112 178
112 191
112 195
112 196
112 202
112 217
112 225
112 239
112 255
112 259
112 266
112 272
112 275
112 295
112 306
112 335
112 340
113 120
113 128
113 131
113 157
113 178
113 191
113 196
113 202
113 217
113 225
113 239
113 244
113 255
113 259
113 266
113 272
113 275
113 295
113 306
113 335
113 340
114 120
114 128
114 131
114 157
114 178
114 191
114 196
114 202
114 217
114 225
114 239
114 244
114 255
114 259
114 266
114 272
114 275
114 295
114 306
114 335
114 340
115 120
115 128
115 131
115 157
115 178
115 191
115 196
115 202
115 217
115 225
115 239
115 244
115 255
115 259
115 266
115 272
115 275
115 295
115 306
115 335
115 340
116 120
116 128
116 130
116 157
116 178
116 181
116 191
116 196
116 202
116 217
116 225
116 239
116 244
116 255
116 266
116 272
116 275
116 306
116 335
116 340
117 120
117 128
117 132
117 157
117 178
117 181
117 191
117 196
117 202
117 217
117 225
117 239
117 244
117 255
117 266
117 272
117 275
117 306
117 335
117 340
118 120
118 128
118 132
118 157
118 178
118 181
118 191
118 202
118 217
118 225
118 239
118 244
118 255
118 266
118 272
118 275
118 306
118 335
118 340
119 120
119 128
119 132
119 157
119 178
119 181
119 191
119 202
119 217
119 225
119 239
119 255
119 266
119 272
119 275
119 306
119 335
119 340
120 120
120 128
120 132
120 157
120 178
120 181
120 191
120 202
120 217
120 225
120 239
120 255
120 266
120 272
120 275
120 306
120 335
120 340
121 120
121 128
121 132
121 157
121 181
121 191
121 202
121 217
121 225
121 239
121 255
121 266
121 272
121 275
121 306
121 335
121 340
122 120
122 128
122 132
122 157
122 181
122 191
122 202
122 217
122 225
122 239
122 255
122 266
122 272
122 275
122 306
122 335
122 340
123 128
123 132
123 133
123 157
123 181
123 191
123 202
123 217
123 225
123 239
123 255
123 266
123 272
123 275
123 306
123 335
123 340
124 128
124 132
124 133
124 157
124 169
124 181
124 191
124 202
124 210
124 217
124 225
124 239
124 255
124 266
124 272
124 275
124 306
124 335
124 340
125 128
125 132
125 133
125 157
125 169
125 202
125 210
125 217
125 225
125 239
125 255
125 266
125 272
125 275
125 306
125 335
125 340
126 128
126 132
126 133
126 157
126 169
126 202
126 210
126 217
126 221
126 225
126 239
126 255
126 266
126 272
126 275
126 306
126 335
126 340
127 128
127 132
127 133
127 157
127 169
127 202
127 210
127 217
127 221
127 225
127 239
127 255
127 266
127 272
127 275
127 306
127 335
127 340
128 128
128 132
128 133
128 157
128 169
128 202
128 210
128 217
128 221
128 225
128 255
128 266
128 272
128 275
128 306
128 340
129 128
129 133
129 157
129 169
129 202
129 210
129 217
129 225
129 255
129 266
129 272
129 275
129 306
129 340
130 128
130 133
130 157
130 169
130 202
130 210
130 217
130 225
130 248
130 255
130 266
130 272
130 275
130 297
130 306
130 340
131 128
131 157
131 169
131 202
131 210
131 217
131 225
131 248
131 255
131 266
131 272
131 275
131 297
131 306
131 340
132 128
132 166
132 169
132 202
132 210
132 217
132 225
132 248
132 255
132 266
132 275
132 297
132 306
132 340
132 342
133 128
133 166
133 169
133 202
133 210
133 225
133 248
133 255
133 266
133 275
133 297
133 306
133 340
133 342
134 128
134 166
134 169
134 202
134 210
134 225
134 248
134 255
134 266
134 275
134 297
134 306
134 340
134 342
135 128
135 166
135 169
135 202
135 210
135 248
135 255
135 266
135 267
135 274
135 275
135 297
135 306
135 340
135 342
136 166
136 169
136 176
136 202
136 210
136 248
136 255
136 262
136 266
136 267
136 274
136 275
136 297
136 306
136 311
136 340
136 342
137 166
137 169
137 176
137 202
137 210
137 248
137 255
137 262
137 266
137 267
137 274
137 275
137 297
137 306
137 311
137 340
137 342
137 348
138 166
138 169
138 176
138 202
138 210
138 228
138 248
138 255
138 262
138 267
138 274
138 275
138 297
138 306
138 311
138 340
138 342
138 348
139 166
139 169
139 176
139 202
139 210
139 248
139 262
139 267
139 274
139 275
139 297
139 306
139 311
139 315
139 340
139 342
139 348
140 145
140 166
140 169
140 176
140 202
140 210
140 248
140 251
140 262
140 267
140 274
140 275
140 297
140 306
140 311
140 315
140 340
140 342
140 348
141 145
141 166
141 167
141 169
141 176
141 202
141 210
141 248
141 251
141 262
141 267
141 274
141 275
141 297
141 306
141 311
141 315
141 340
141 342
141 348
142 145
142 166
142 167
142 169
142 176
142 202
142 210
142 213
142 248
142 251
142 262
142 267
142 274
142 297
142 306
142 315
142 340
142 345
142 348
143 145
143 166
143 167
143 169
143 176
143 202
143 210
143 213
143 248
143 251
143 262
143 267
143 274
143 297
143 306
143 315
143 340
143 345
143 348
144 166
144 202
144 206
144 210
144 248
144 251
144 261
144 262
144 267
144 274
144 287
144 291
144 297
144 306
144 333
144 340
144 345
144 348
145 166
145 202
145 206
145 210
145 248
145 251
145 261
145 262
145 267
145 274
145 287
145 291
145 297
145 306
145 333
145 340
145 345
145 348
146 166
146 202
146 206
146 210
146 248
146 251
146 261
146 262
146 267
146 274
146 287
146 291
146 297
146 306
146 333
146 340
146 345
146 348
147 166
147 202
147 206
147 210
147 248
147 251
147 261
147 262
147 267
147 274
147 287
147 291
147 297
147 306
147 333
147 340
147 345
147 348
148 166
148 202
148 206
148 210
148 248
148 251
148 261
148 262
148 267
148 274
148 287
148 291
148 297
148 306
148 333
148 340
148 348
149 166
149 202
149 206
149 210
149 248
149 251
149 261
149 262
149 267
149 274
149 287
149 291
149 297
149 306
149 333
149 340
149 348
150 202
150 206
150 210
150 248
150 251
150 261
150 262
150 267
150 274
150 287
150 291
150 297
150 306
150 333
150 340
150 348
151 202
151 206
151 210
151 248
151 251
151 261
151 262
151 267
151 274
151 287
151 291
151 297
151 306
151 333
151 340
151 348
152 202
152 206
152 210
152 248
152 251
152 261
152 262
152 267
152 274
152 287
152 291
152 297
152 306
152 333
152 340
152 348
153 202
153 206
153 210
153 248
153 251
153 261
153 262
153 267
153 287
153 291
153 297
153 306
153 333
153 340
153 348
154 202
154 206
154 210
154 248
154 251
154 261
154 262
154 267
154 287
154 291
154 297
154 306
154 333
154 340
154 348
155 202
155 206
155 210
155 248
155 251
155 261
155 262
155 267
155 287
155 297
155 306
155 333
155 340
155 348
156 202
156 206
156 210
156 248
156 251
156 261
156 262
156 267
156 287
156 297
156 306
156 333
156 340
156 348
157 202
157 206
157 210
157 248
157 251
157 261
157 262
157 267
157 287
157 297
157 306
157 333
157 340
157 348
158 202
158 206
158 210
158 231
158 245
158 248
158 251
158 261
158 262
158 267
158 282
158 287
158 297
158 306
158 323
158 333
158 340
158 348
159 202
159 206
159 210
159 231
159 245
159 248
159 251
159 261
159 262
159 267
159 282
159 287
159 297
159 306
159 323
159 333
159 340
159 348
160 202
160 206
160 210
160 231
160 242
160 245
160 248
160 251
160 261
160 262
160 267
160 297
160 306
160 318
160 323
160 333
160 339
160 340
160 348
161 206
161 210
161 222
161 231
161 242
161 251
161 261
161 262
161 267
161 297
161 306
161 312
161 318
161 323
161 333
161 339
161 340
161 348
162 206
162 210
162 222
162 242
162 251
162 261
162 262
162 297
162 306
162 312
162 318
162 323
162 338
162 339
162 340
162 348
163 206
163 210
163 222
163 242
163 251
163 261
163 262
163 297
163 306
163 318
163 323
163 338
163 339
163 340
163 348
164 206
164 210
164 222
164 242
164 251
164 261
164 262
164 297
164 306
164 318
164 323
164 338
164 339
164 340
164 348
165 206
165 210
165 222
165 242
165 251
165 262
165 297
165 306
165 318
165 323
165 339
165 340
165 348
166 206
166 210
166 222
166 242
166 251
166 262
166 306
166 318
166 323
166 336
166 339
166 340
166 348
167 206
167 210
167 222
167 237
167 242
167 251
167 262
167 306
167 318
167 323
167 336
167 339
167 340
167 348
168 210
168 222
168 237
168 242
168 251
168 262
168 306
168 318
168 323
168 336
168 339
168 340
168 348
169 174
169 210
169 222
169 237
169 242
169 251
169 262
169 306
169 318
169 323
169 336
169 339
169 340
170 174
170 210
170 222
170 237
170 242
170 262
170 306
170 318
170 323
170 336
170 339
170 340
171 174
171 210
171 222
171 237
171 242
171 262
171 306
171 318
171 323
171 336
171 339
171 340
172 174
172 222
172 236
172 237
172 292
172 306
172 318
172 323
172 336
172 339
172 340
173 174
173 222
173 236
173 237
173 292
173 306
173 318
173 323
173 336
173 339
173 340
174 174
174 222
174 236
174 237
174 292
174 306
174 318
174 323
174 332
174 336
174 339
174 340
175 174
175 222
175 236
175 237
175 292
175 306
175 318
175 323
175 332
175 336
175 339
175 340
176 174
176 222
176 236
176 237
176 292
176 306
176 318
176 323
176 336
176 339
176 340
177 174
177 222
177 236
177 237
177 265
177 292
177 306
177 318
177 323
177 336
177 339
177 340
178 174
178 222
178 232
178 236
178 237
178 258
178 264
178 265
178 292
178 306
178 318
178 323
178 336
178 339
178 340
179 174
179 222
179 232
179 236
179 237
179 258
179 264
179 265
179 292
179 306
179 318
179 323
179 336
179 339
179 340
180 174
180 222
180 232
180 236
180 237
180 258
180 264
180 265
180 292
180 306
180 318
180 323
180 336
180 339
180 340
181 222
181 232
181 236
181 237
181 240
181 258
181 264
181 265
181 292
181 306
181 318
181 322
181 323
181 336
181 339
181 340
182 222
182 232
182 236
182 237
182 258
182 264
182 265
182 292
182 306
182 318
182 322
182 336
182 339
182 340
183 222
183 232
183 236
183 237
183 258
183 264
183 265
183 292
183 306
183 318
183 322
183 336
183 339
183 340
184 222
184 232
184 236
184 237
184 264
184 265
184 269
184 292
184 303
184 306
184 318
184 322
184 336
184 339
184 340
185 222
185 232
185 236
185 237
185 246
185 264
185 265
185 269
185 292
185 303
185 306
185 318
185 322
185 336
185 339
185 340
186 222
186 232
186 236
186 237
186 265
186 269
186 292
186 306
186 318
186 322
186 336
186 339
187 222
187 232
187 236
187 237
187 265
187 269
187 292
187 306
187 318
187 322
187 336
187 339
188 222
188 232
188 236
188 237
188 265
188 269
188 292
188 306
188 318
188 322
188 336
188 339
189 232
189 236
189 237
189 265
189 269
189 292
189 306
189 318
189 322
189 336
189 339
190 232
190 236
190 237
190 265
190 269
190 292
190 318
190 320
190 322
190 336
190 339
191 232
191 236
191 237
191 265
191 269
191 292
191 318
191 320
191 322
191 336
191 339
192 232
192 236
192 237
192 265
192 269
192 292
192 318
192 320
192 322
192 336
192 339
193 232
193 236
193 265
193 269
193 292
193 318
193 320
193 322
193 336
193 339
194 232
194 236
194 265
194 269
194 292
194 318
194 320
194 322
194 336
194 339
195 232
195 236
195 265
195 269
195 290
195 316
195 318
195 320
195 322
195 336
195 339
196 232
196 235
196 236
196 252
196 265
196 269
196 290
196 316
196 318
196 320
196 322
196 336
196 339
196 349
197 232
197 235
197 236
197 252
197 265
197 269
197 290
197 316
197 318
197 320
197 322
197 336
197 339
197 349
198 232
198 235
198 236
198 252
198 265
198 269
198 290
198 316
198 318
198 320
198 322
198 336
198 339
198 349
199 232
199 235
199 236
199 252
199 265
199 269
199 290
199 316
199 318
199 320
199 322
199 336
199 339
199 349
200 218
200 232
200 235
200 236
200 252
200 265
200 269
200 290
200 316
200 318
200 320
200 322
200 336
200 339
200 349
201 218
201 232
201 235
201 236
201 252
201 265
201 269
201 290
201 316
201 318
201 320
201 322
201 336
201 339
201 349
202 218
202 232
202 235
202 236
202 252
202 265
202 269
202 290
202 316
202 318
202 320
202 322
202 336
202 339
202 349
203 218
203 232
203 235
203 236
203 252
203 265
203 269
203 290
203 316
203 318
203 320
203 322
203 336
203 339
203 349
204 218
204 232
204 235
204 236
204 252
204 265
204 269
204 290
204 316
204 318
204 320
204 322
204 336
204 339
204 349
205 218
205 232
205 235
205 236
205 252
205 265
205 269
205 290
205 316
205 318
205 320
205 322
205 336
205 339
205 349
206 218
206 232
206 235
206 236
206 252
206 265
206 269
206 290
206 316
206 318
206 320
206 322
206 336
206 339
206 349
207 218
207 232
207 235
207 236
207 252
207 265
207 269
207 290
207 316
207 318
207 320
207 330
207 336
207 339
207 349
208 218
208 232
208 235
208 236
208 252
208 265
208 269
208 290
208 316
208 318
208 320
208 330
208 336
208 339
208 349
209 218
209 232
209 235
209 236
209 252
209 265
209 269
209 290
209 304
209 316
209 318
209 320
209 330
209 336
209 339
209 349
210 218
210 232
210 236
210 252
210 265
210 269
210 290
210 304
210 316
210 318
210 320
210 330
210 336
210 339
210 349
211 218
211 232
211 236
211 252
211 265
211 269
211 290
211 304
211 316
211 318
211 320
211 330
211 336
211 339
211 349
212 218
212 232
212 236
212 252
212 265
212 269
212 290
212 304
212 316
212 318
212 320
212 330
212 336
212 349
213 218
213 232
213 236
213 252
213 265
213 269
213 284
213 290
213 304
213 316
213 320
213 330
213 336
213 349
214 218
214 232
214 236
214 252
214 265
214 269
214 284
214 290
214 304
214 316
214 320
214 330
214 336
214 349
215 218
215 232
215 236
215 252
215 265
215 269
215 283
215 284
215 290
215 304
215 316
215 320
215 330
215 336
215 349
216 218
216 232
216 236
216 238
216 252
216 265
216 269
216 283
216 284
216 290
216 304
216 316
216 320
216 330
216 336
216 349
217 218
217 232
217 236
217 238
217 252
217 265
217 269
217 283
217 284
217 290
217 304
217 316
217 320
217 330
217 336
217 349
218 218
218 232
218 236
218 238
218 252
218 265
218 269
218 283
218 284
218 290
218 304
218 316
218 320
218 330
218 336
218 349
219 218
219 232
219 236
219 238
219 252
219 265
219 269
219 283
219 284
219 290
219 304
219 316
219 320
219 330
219 336
219 349
220 218
220 232
220 236
220 238
220 252
220 265
220 269
220 283
220 284
220 290
220 304
220 316
220 320
220 330
220 336
220 349
221 218
221 232
221 236
221 238
221 252
221 265
221 269
221 280
221 283
221 284
221 290
221 304
221 316
221 320
221 321
221 330
221 336
221 349
222 218
222 232
222 236
222 238
222 265
222 269
222 270
222 280
222 283
222 284
222 290
222 304
222 316
222 320
222 321
222 336
222 349
223 218
223 232
223 238
223 265
223 269
223 270
223 280
223 283
223 284
223 290
223 316
223 320
223 321
223 336
223 349
224 218
224 232
224 238
224 265
224 269
224 270
224 280
224 283
224 284
224 290
224 310
224 316
224 320
224 321
224 336
224 349
225 218
225 232
225 238
225 265
225 269
225 270
225 280
225 283
225 284
225 290
225 310
225 316
225 320
225 321
225 336
225 349
226 218
226 232
226 238
226 265
226 269
226 270
226 280
226 283
226 284
226 290
226 310
226 316
226 320
226 321
226 336
226 349
227 218
227 238
227 270
227 280
227 283
227 284
227 290
227 294
227 310
227 316
227 320
227 321
227 329
227 336
227 349
228 238
228 270
228 280
228 283
228 284
228 290
228 294
228 310
228 316
228 320
228 321
228 329
228 336
229 238
229 270
229 280
229 283
229 284
229 290
229 294
229 310
229 316
229 320
229 321
229 329
229 336
230 230
230 238
230 270
230 277
230 280
230 284
230 294
230 316
230 320
230 321
230 329
230 336
231 230
231 238
231 270
231 277
231 280
231 284
231 294
231 316
231 320
231 321
231 329
231 336
232 230
232 238
232 270
232 277
232 280
232 284
232 294
232 316
232 320
232 321
232 329
232 336
233 238
233 270
233 277
233 280
233 284
233 294
233 316
233 320
233 321
233 329
233 336
234 238
234 270
234 277
234 280
234 284
234 294
234 316
234 320
234 321
234 329
234 336
235 238
235 270
235 277
235 280
235 284
235 294
235 299
235 316
235 320
235 321
235 329
235 336
236 238
236 270
236 277
236 280
236 284
236 294
236 299
236 316
236 320
236 321
236 329
236 336
237 238
237 270
237 277
237 280
237 284
237 294
237 299
237 316
237 320
237 321
237 326
237 336
238 238
238 270
238 277
238 280
238 284
238 294
238 299
238 316
238 320
238 321
238 326
238 336
239 238
239 270
239 277
239 278
239 280
239 284
239 294
239 299
239 316
239 320
239 321
239 326
239 336
240 238
240 270
240 277
240 278
240 280
240 284
240 294
240 299
240 316
240 320
240 321
240 326
240 336
241 238
241 270
241 277
241 278
241 279
241 280
241 284
241 294
241 299
241 316
241 320
241 321
241 327
242 238
242 270
242 277
242 278
242 279
242 280
242 284
242 294
242 299
242 316
242 320
242 321
242 327
243 238
243 270
243 277
243 278
243 279
243 280
243 284
243 294
243 299
243 316
243 320
243 321
243 327
244 238
244 270
244 277
244 278
244 279
244 280
244 284
244 294
244 299
244 316
244 320
244 321
244 327
245 238
245 270
245 277
245 279
245 280
245 284
245 294
245 299
245 316
245 320
245 321
245 347
246 238
246 270
246 277
246 279
246 280
246 284
246 294
246 299
246 316
246 320
246 321
246 347
247 238
247 270
247 277
247 279
247 280
247 284
247 294
247 299
247 316
247 320
247 321
247 347
248 238
248 270
248 277
248 279
248 280
248 284
248 294
248 299
248 316
248 320
248 321
248 347
249 238
249 270
249 277
249 279
249 280
249 284
249 294
249 299
249 316
249 320
249 321
249 337
249 347
250 238
250 270
250 277
250 279
250 280
250 284
250 294
250 299
250 316
250 320
250 321
250 337
250 347
251 238
251 270
251 277
251 279
251 280
251 284
251 294
251 299
251 316
251 320
251 321
251 337
251 347
252 238
252 270
252 277
252 279
252 284
252 294
252 299
252 316
252 320
252 321
253 270
253 277
253 279
253 284
253 299
253 320
253 321
254 270
254 277
254 279
254 284
254 299
254 320
254 321
255 270
255 277
255 284
255 299
255 320
255 321
256 270
256 277
256 284
256 299
256 320
256 321
257 270
257 277
257 284
257 299
257 320
257 321
258 270
258 277
258 284
258 320
258 321
259 270
259 284
259 320
259 321
259 334
260 270
260 284
260 320
260 321
260 334
261 270
261 284
261 320
261 321
261 334
262 270
262 284
262 320
262 321
262 334
263 270
263 284
263 320
263 321
263 334
264 270
264 284
264 320
264 321
264 334
265 270
265 284
265 320
265 321
265 334
266 270
266 284
266 320
266 321
266 334
267 284
267 320
267 321
267 334
268 284
268 320
268 321
268 334
268 343
269 284
269 320
269 321
269 334
269 343
270 284
270 320
270 321
270 334
270 343
271 284
271 320
271 321
271 334
271 343
272 284
272 320
272 321
272 334
272 343
273 284
273 320
273 321
273 334
273 343
274 284
274 320
274 321
274 334
274 343
275 284
275 320
275 321
275 328
275 334
275 343
276 284
276 320
276 321
276 328
276 334
276 343
277 284
277 320
277 321
277 328
277 343
278 284
278 320
278 321
278 328
278 343
279 284
279 320
279 321
279 328
279 343
280 284
280 320
280 321
280 328
280 343
281 284
281 320
281 321
281 343
282 284
282 320
282 321
282 343
283 320
283 321
283 343
284 320
284 321
284 343
285 320
285 321
285 343
286 320
286 321
286 343
287 314
287 320
287 321
287 343
288 314
288 320
288 321
288 343
289 314
289 320
289 321
289 343
290 314
290 320
290 321
290 343
291 314
291 320
291 321
291 343
292 314
292 320
292 321
292 343
293 314
293 320
293 321
293 343
294 314
294 320
294 321
294 343
295 314
295 320
295 321
295 343
296 314
296 320
296 321
296 343
297 314
297 320
297 321
297 343
298 314
298 320
298 321
298 343
299 314
299 320
299 321
299 343
300 314
300 320
300 321
300 343
301 314
301 320
301 321
301 343
302 314
302 320
302 321
302 343
303 314
303 320
303 321
303 343
304 314
304 320
305 314
305 320
305 325
306 314
306 320
306 325
307 314
307 320
307 325
308 314
308 320
308 325
309 314
309 320
309 325
310 314
310 320
310 325
311 314
311 320
311 325
312 314
312 320
312 325
313 314
313 320
313 325
314 314
314 320
314 325
315 314
315 320
316 314
316 320
317 320
318 320
319 320
320 320
321 320
322 320
323 320
324 320
325 320
325 341
326 320
326 341
327 320
327 341
328 320
328 341
329 320
329 341
330 320
330 341
331 320
331 341
332 320
332 341
333 320
333 341
334 320
334 341
335 320
335 341
336 320
336 341
337 320
337 341
338 320
338 341
339 320
339 341
340 320
340 341
341 320
341 341
342 320
343 320
344 320
345 320
346 320
347 320
348 320
349 320
