1 8
1 9
1 71
1 185
1 253
2 9
2 11
2 42
2 71
2 185
2 196
2 253
2 285
3 11
3 15
3 24
3 25
3 29
3 34
3 36
3 42
3 91
3 97
3 98
3 107
3 125
3 140
3 185
3 196
3 200
3 252
3 285
4 12
4 21
4 24
4 25
4 27
4 32
4 58
4 68
4 82
4 91
4 97
4 98
4 107
4 125
4 140
4 141
4 196
4 200
4 252
4 285
4 348
5 12
5 20
5 21
5 22
5 24
5 25
5 27
5 47
5 68
5 82
5 91
5 97
5 125
5 140
5 141
5 196
5 252
5 285
5 348
6 12
6 20
6 21
6 22
6 24
6 25
6 27
6 47
6 68
6 82
6 91
6 97
6 125
6 140
6 141
6 196
6 252
6 285
6 348
7 20
7 22
7 24
7 25
7 27
7 47
7 68
7 82
7 90
7 91
7 97
7 125
7 140
7 141
7 196
7 252
7 285
7 348
8 18
8 19
8 35
8 59
8 68
8 81
8 90
8 91
8 97
8 125
8 140
8 141
8 170
8 176
8 180
8 196
8 252
8 285
8 348
9 19
9 30
9 35
9 59
9 68
9 81
9 87
9 90
9 91
9 95
9 97
9 108
9 125
9 140
9 141
9 170
9 176
9 196
9 252
9 285
9 348
10 19
10 30
10 35
10 59
10 68
10 81
10 87
10 90
10 91
10 95
10 97
10 108
10 125
10 140
10 141
10 170
10 176
10 196
10 252
10 285
10 348
11 19
11 30
11 35
11 59
11 68
11 81
11 87
11 90
11 91
11 95
11 97
11 108
11 125
11 140
11 141
11 170
11 176
11 196
11 252
11 285
11 348
12 19
12 30
12 35
12 59
12 68
12 81
12 87
12 90
12 91
12 95
12 97
12 125
12 140
12 141
12 170
12 176
12 196
12 252
12 285
12 348
13 19
13 30
13 57
13 59
13 68
13 81
13 87
13 91
13 95
13 97
13 125
13 140
13 155
13 170
13 176
13 196
13 252
13 285
13 348
14 19
14 30
14 57
14 59
14 81
14 87
14 91
14 95
14 97
14 125
14 140
14 155
14 170
14 176
14 196
14 252
14 285
14 348
15 19
15 23
15 30
15 59
15 87
15 91
15 93
15 95
15 97
15 140
15 155
15 170
15 176
15 196
15 252
15 285
15 348
16 30
16 59
16 87
16 91
16 93
16 95
16 109
16 140
16 155
16 170
16 176
16 196
16 252
16 285
16 307
16 348
17 45
17 61
17 87
17 91
17 93
17 95
17 109
17 114
17 140
17 155
17 162
17 170
17 176
17 196
17 252
17 285
17 307
17 348
18 45
18 61
18 87
18 91
18 93
18 95
18 109
18 114
18 140
18 155
18 162
18 170
18 176
18 196
18 252
18 285
18 307
18 348
19 33
19 45
19 61
19 93
19 109
19 114
19 130
19 140
19 155
19 162
19 170
19 176
19 196
19 252
19 285
19 304
19 307
19 348
20 33
20 45
20 61
20 65
20 93
20 109
20 114
20 115
20 130
20 140
20 155
20 162
20 170
20 176
20 196
20 252
20 256
20 285
20 304
20 307
20 348
21 45
21 51
21 54
21 61
21 65
21 69
21 93
21 109
21 115
21 130
21 140
21 155
21 162
21 170
21 176
21 196
21 252
21 256
21 285
21 304
21 307
21 348
22 40
22 45
22 51
22 53
22 54
22 61
22 65
22 69
22 84
22 93
22 115
22 140
22 142
22 155
22 162
22 169
22 170
22 176
22 196
22 252
22 256
22 285
22 304
22 307
22 348
23 38
23 40
23 45
23 53
23 54
23 61
23 65
23 84
23 93
23 115
23 140
23 155
23 162
23 169
23 170
23 176
23 252
23 256
23 263
23 285
23 307
24 38
24 40
24 45
24 48
24 53
24 54
24 56
24 61
24 65
24 84
24 93
24 115
24 140
24 151
24 155
24 162
24 169
24 170
24 176
24 252
24 256
24 263
24 285
24 307
25 40
25 45
25 53
25 54
25 56
25 61
25 64
25 65
25 84
25 93
25 115
25 140
25 151
25 155
25 169
25 170
25 176
25 252
25 256
25 263
25 285
25 307
26 40
26 45
26 53
26 54
26 56
26 61
26 64
26 65
26 84
26 93
26 115
26 140
26 151
26 155
26 169
26 170
26 176
26 252
26 256
26 263
26 285
26 307
27 40
27 45
27 53
27 54
27 56
27 61
27 64
27 65
27 84
27 93
27 115
27 140
27 151
27 155
27 169
27 170
27 176
27 252
27 256
27 263
27 285
27 307
28 40
28 45
28 53
28 54
28 56
28 61
28 64
28 65
28 84
28 93
28 115
28 140
28 151
28 155
28 169
28 170
28 176
28 252
28 256
28 263
28 285
28 307
29 40
29 45
29 53
29 54
29 56
29 61
29 64
29 65
29 75
29 84
29 92
29 93
29 115
29 140
29 151
29 155
29 169
29 170
29 176
29 252
29 263
29 285
29 307
30 40
30 45
30 53
30 54
30 56
30 61
30 64
30 65
30 75
30 84
30 92
30 93
30 115
30 140
30 151
30 155
30 169
30 170
30 176
30 252
30 263
30 285
30 307
31 40
31 45
31 56
31 61
31 64
31 65
31 75
31 84
31 92
31 93
31 115
31 140
31 151
31 155
31 169
31 170
31 176
31 252
31 254
31 263
31 285
31 307
31 337
32 37
32 50
32 92
32 93
32 140
32 146
32 151
32 155
32 169
32 176
32 251
32 254
32 263
32 285
32 290
32 292
32 307
33 37
33 50
33 92
33 93
33 140
33 146
33 151
33 155
33 169
33 176
33 251
33 254
33 263
33 285
33 290
33 292
33 307
34 37
34 50
34 92
34 93
34 140
34 146
34 151
34 155
34 169
34 176
34 251
34 254
34 263
34 285
34 290
34 292
34 307
34 308
35 37
35 50
35 72
35 76
35 86
35 93
35 151
35 155
35 169
35 251
35 254
35 255
35 263
35 290
35 292
35 307
36 37
36 50
36 67
36 72
36 76
36 116
36 161
36 169
36 229
36 251
36 254
36 255
36 263
36 290
36 292
36 307
37 37
37 50
37 67
37 72
37 76
37 101
37 161
37 169
37 229
37 251
37 254
37 255
37 263
37 292
37 296
37 307
38 66
38 72
38 76
38 101
38 161
38 169
38 229
38 251
38 254
38 255
38 263
38 292
38 296
38 307
39 49
39 66
39 70
39 72
39 76
39 111
39 161
39 169
39 229
39 251
39 254
39 255
39 263
39 292
39 296
39 307
40 49
40 66
40 70
40 72
40 76
40 111
40 161
40 169
40 229
40 251
40 254
40 255
40 263
40 292
40 296
40 307
41 49
41 66
41 70
41 72
41 76
41 111
41 161
41 169
41 229
41 251
41 254
41 255
41 263
41 292
41 296
41 307
41 341
42 49
42 66
42 70
42 76
42 111
42 132
42 161
42 169
42 229
42 251
42 254
42 255
42 263
42 292
42 296
42 307
42 341
43 49
43 66
43 70
43 76
43 111
43 128
43 132
43 161
43 169
43 229
43 251
43 254
43 263
43 292
43 296
43 307
43 341
44 49
44 60
44 66
44 70
44 76
44 111
44 128
44 132
44 161
44 169
44 229
44 251
44 254
44 263
44 296
44 307
44 341
45 60
45 66
45 70
45 76
45 85
45 111
45 128
45 132
45 161
45 169
45 229
45 251
45 254
45 263
45 296
45 307
45 341
46 60
46 66
46 70
46 76
46 85
46 111
46 128
46 132
46 161
46 169
46 229
46 251
46 254
46 263
46 296
46 341
47 60
47 66
47 70
47 76
47 85
47 111
47 128
47 132
47 169
47 229
47 251
47 254
47 263
47 296
47 341
48 60
48 66
48 70
48 76
48 79
48 85
48 111
48 112
48 126
48 128
48 131
48 169
48 219
48 229
48 251
48 254
48 263
48 268
48 296
48 341
49 60
49 62
49 66
49 70
49 76
49 79
49 85
49 111
49 112
49 126
49 128
49 131
49 169
49 219
49 229
49 251
49 254
49 263
49 268
49 296
49 341
50 52
50 62
50 66
50 70
50 76
50 79
50 85
50 111
50 112
50 126
50 128
50 131
50 168
50 169
50 219
50 229
50 251
50 254
50 263
50 268
50 296
50 341
51 52
51 66
51 70
51 76
51 85
51 106
51 112
51 126
51 128
51 131
51 168
51 169
51 213
51 219
51 229
51 230
51 249
51 251
51 254
51 263
51 268
51 296
51 313
52 52
52 66
52 73
52 76
52 85
52 103
52 106
52 112
52 126
52 128
52 168
52 213
52 219
52 229
52 230
52 249
52 251
52 254
52 263
52 268
52 296
52 313
53 52
53 66
53 73
53 76
53 85
53 103
53 106
53 112
53 126
53 128
53 168
53 205
53 213
53 219
53 229
53 230
53 249
53 251
53 254
53 263
53 268
53 296
53 313
54 52
54 66
54 73
54 76
54 85
54 103
54 106
54 112
54 126
54 128
54 133
54 168
54 204
54 205
54 213
54 219
54 229
54 230
54 249
54 251
54 254
54 263
54 268
54 296
54 313
55 63
55 66
55 73
55 76
55 105
55 106
55 110
55 112
55 126
55 128
55 133
55 143
55 168
55 178
55 204
55 205
55 213
55 219
55 229
55 230
55 249
55 251
55 254
55 263
55 268
55 296
55 305
55 313
56 63
56 102
56 105
56 106
56 110
56 126
56 127
56 128
56 133
56 143
56 148
56 158
56 168
56 178
56 190
56 204
56 205
56 213
56 219
56 229
56 230
56 249
56 251
56 254
56 263
56 268
56 296
56 305
56 313
57 63
57 94
57 105
57 110
57 126
57 128
57 133
57 143
57 148
57 158
57 168
57 178
57 184
57 190
57 204
57 205
57 213
57 219
57 229
57 230
57 249
57 251
57 263
57 296
57 300
57 305
57 313
58 63
58 94
58 105
58 126
58 128
58 133
58 143
58 148
58 158
58 168
58 178
58 184
58 190
58 204
58 205
58 213
58 219
58 229
58 230
58 249
58 251
58 263
58 296
58 300
58 305
58 313
59 63
59 94
59 105
59 126
59 128
59 133
59 143
59 148
59 158
59 168
59 178
59 184
59 190
59 204
59 205
59 213
59 219
59 229
59 230
59 249
59 251
59 263
59 296
59 300
59 305
59 313
60 63
60 94
60 105
60 126
60 128
60 133
60 143
60 148
60 158
60 168
60 178
60 184
60 190
60 204
60 205
60 213
60 219
60 229
60 230
60 249
60 251
60 263
60 296
60 300
60 305
60 313
61 63
61 94
61 105
61 126
61 128
61 133
61 134
61 143
61 148
61 158
61 168
61 178
61 184
61 204
61 205
61 213
61 219
61 229
61 230
61 249
61 251
61 261
61 263
61 296
61 300
61 305
61 313
62 63
62 77
62 94
62 105
62 126
62 128
62 133
62 143
62 148
62 158
62 168
62 171
62 178
62 184
62 204
62 205
62 213
62 219
62 229
62 230
62 249
62 251
62 261
62 263
62 300
62 305
62 313
63 63
63 77
63 94
63 105
63 126
63 128
63 133
63 143
63 148
63 158
63 168
63 171
63 178
63 184
63 204
63 205
63 213
63 219
63 229
63 230
63 249
63 251
63 261
63 263
63 300
63 305
63 313
64 63
64 77
64 94
64 105
64 126
64 128
64 133
64 143
64 148
64 158
64 168
64 171
64 178
64 184
64 204
64 205
64 213
64 219
64 229
64 230
64 249
64 251
64 261
64 263
64 265
64 300
64 305
64 313
65 63
65 77
65 94
65 105
65 126
65 128
65 133
65 143
65 148
65 158
65 168
65 171
65 178
65 184
65 204
65 205
65 211
65 213
65 229
65 230
65 249
65 251
65 261
65 263
65 265
65 300
65 305
65 313
66 63
66 77
66 94
66 105
66 126
66 128
66 133
66 143
66 148
66 158
66 168
66 171
66 178
66 184
66 204
66 205
66 211
66 213
66 229
66 230
66 249
66 251
66 261
66 263
66 265
66 300
66 305
66 313
67 77
67 94
67 105
67 124
67 126
67 128
67 133
67 143
67 148
67 153
67 158
67 168
67 171
67 178
67 184
67 204
67 205
67 211
67 213
67 229
67 230
67 249
67 251
67 261
67 263
67 265
67 287
67 300
67 305
67 313
68 77
68 94
68 105
68 124
68 126
68 128
68 133
68 143
68 148
68 153
68 158
68 168
68 178
68 184
68 205
68 211
68 213
68 229
68 230
68 249
68 251
68 261
68 263
68 265
68 287
68 300
68 305
68 313
69 77
69 94
69 105
69 124
69 126
69 133
69 143
69 148
69 153
69 158
69 168
69 178
69 184
69 205
69 211
69 213
69 229
69 230
69 249
69 251
69 261
69 263
69 265
69 287
69 300
69 305
69 313
70 77
70 105
70 124
70 148
70 153
70 158
70 168
70 178
70 184
70 205
70 211
70 213
70 229
70 230
70 234
70 249
70 251
70 261
70 263
70 265
70 287
70 300
70 305
70 313
71 83
71 105
71 118
71 124
71 148
71 153
71 158
71 168
71 175
71 178
71 184
71 205
71 211
71 213
71 229
71 230
71 234
71 242
71 249
71 251
71 259
71 261
71 263
71 265
71 287
71 300
71 305
71 313
71 319
71 324
72 83
72 105
72 118
72 124
72 148
72 153
72 158
72 168
72 173
72 175
72 178
72 184
72 211
72 213
72 229
72 230
72 234
72 242
72 249
72 251
72 259
72 261
72 263
72 265
72 287
72 300
72 305
72 313
72 319
72 324
73 83
73 88
73 100
73 105
73 118
73 124
73 148
73 153
73 167
73 173
73 175
73 178
73 184
73 211
73 213
73 229
73 230
73 234
73 242
73 249
73 251
73 259
73 263
73 265
73 274
73 287
73 300
73 305
73 313
73 318
73 319
73 324
74 83
74 100
74 105
74 118
74 124
74 148
74 153
74 167
74 175
74 183
74 184
74 211
74 213
74 229
74 230
74 234
74 242
74 251
74 259
74 263
74 265
74 274
74 300
74 305
74 318
74 319
74 324
74 343
74 346
75 83
75 100
75 105
75 123
75 124
75 148
75 153
75 167
75 175
75 183
75 184
75 211
75 213
75 229
75 230
75 234
75 242
75 251
75 259
75 263
75 265
75 274
75 300
75 305
75 318
75 319
75 324
75 343
75 346
76 83
76 100
76 124
76 148
76 153
76 167
76 175
76 183
76 184
76 211
76 213
76 229
76 230
76 242
76 251
76 259
76 265
76 274
76 300
76 305
76 318
76 319
76 324
76 343
76 346
77 83
77 100
77 124
77 148
77 153
77 167
77 175
77 183
77 184
77 211
77 213
77 229
77 230
77 242
77 251
77 259
77 265
77 274
77 300
77 305
77 318
77 319
77 343
77 346
78 83
78 96
78 148
78 153
78 167
78 175
78 184
78 211
78 213
78 222
78 229
78 242
78 259
78 265
78 271
78 274
78 300
78 305
78 318
78 319
78 346
79 83
79 89
79 96
79 148
79 153
79 157
79 167
79 175
79 211
79 213
79 222
79 229
79 242
79 259
79 269
79 271
79 274
79 300
79 305
79 318
79 319
80 83
80 96
80 148
80 153
80 157
80 167
80 175
80 211
80 213
80 222
80 229
80 242
80 259
80 269
80 271
80 274
80 300
80 305
80 318
80 319
81 83
81 96
81 153
81 157
81 167
81 175
81 211
81 213
81 217
81 222
81 235
81 241
81 242
81 259
81 269
81 271
81 274
81 284
81 318
81 319
82 83
82 96
82 167
82 175
82 211
82 213
82 216
82 217
82 222
82 224
82 235
82 241
82 242
82 259
82 269
82 271
82 274
82 284
82 318
82 319
83 83
83 96
83 167
83 175
83 211
83 213
83 216
83 217
83 222
83 224
83 235
83 241
83 242
83 247
83 259
83 269
83 271
83 274
83 284
83 318
83 319
84 83
84 96
84 167
84 175
84 211
84 213
84 217
84 222
84 224
84 235
84 241
84 242
84 247
84 259
84 269
84 271
84 274
84 284
84 318
84 319
85 83
85 96
85 167
85 211
85 213
85 217
85 222
85 224
85 235
85 241
85 242
85 247
85 259
85 269
85 271
85 274
85 284
85 318
85 319
86 83
86 96
86 167
86 211
86 213
86 217
86 222
86 224
86 241
86 242
86 247
86 259
86 269
86 271
86 274
86 284
86 318
86 319
87 83
87 167
87 187
87 211
87 213
87 217
87 222
87 224
87 241
87 242
87 244
87 247
87 259
87 269
87 271
87 274
87 284
87 318
87 319
88 83
88 167
88 187
88 211
88 213
88 217
88 222
88 224
88 231
88 242
88 244
88 247
88 259
88 269
88 271
88 274
88 284
88 318
88 319
89 83
89 99
89 117
89 167
89 172
89 182
89 187
89 211
89 213
89 217
89 222
89 231
89 242
89 247
89 259
89 264
89 271
89 274
89 318
89 319
89 347
90 99
90 117
90 167
90 172
90 182
90 187
90 211
90 213
90 217
90 222
90 231
90 242
90 247
90 259
90 271
90 274
90 318
90 319
90 347
91 99
91 117
91 167
91 172
91 182
91 187
91 211
91 213
91 217
91 222
91 231
91 242
91 247
91 259
91 271
91 274
91 318
91 319
91 347
92 99
92 117
92 167
92 172
92 182
92 187
92 211
92 213
92 217
92 222
92 231
92 242
92 247
92 259
92 270
92 271
92 274
92 318
92 319
92 338
92 347
93 99
93 119
93 167
93 172
93 182
93 187
93 211
93 213
93 217
93 222
93 231
93 242
93 247
93 259
93 270
93 271
93 274
93 318
93 319
93 338
93 347
94 99
94 119
94 167
94 172
94 182
94 187
94 211
94 213
94 217
94 222
94 231
94 242
94 247
94 259
94 270
94 271
94 274
94 318
94 319
94 338
94 347
95 99
95 104
95 119
95 129
95 163
95 172
95 182
95 187
95 213
95 217
95 222
95 231
95 242
95 247
95 259
95 270
95 274
95 318
95 319
95 338
95 347
96 104
96 120
96 121
96 122
96 139
96 149
96 181
96 182
96 198
96 213
96 215
96 231
96 247
96 259
96 270
96 274
96 288
96 318
96 319
96 330
96 336
96 345
96 347
97 104
97 120
97 121
97 122
97 139
97 149
97 181
97 182
97 198
97 213
97 215
97 231
97 247
97 259
97 270
97 274
97 288
97 318
97 319
97 327
97 330
97 336
97 345
97 347
98 120
98 121
98 122
98 139
98 149
98 181
98 182
98 198
98 213
98 215
98 231
98 247
98 259
98 270
98 274
98 288
98 318
98 319
98 327
98 330
98 336
98 345
98 347
99 120
99 121
99 122
99 139
99 149
99 181
99 182
99 198
99 213
99 215
99 231
99 247
99 259
99 270
99 274
99 288
99 318
99 319
99 327
99 330
99 336
99 345
99 347
100 120
100 121
100 122
100 139
100 149
100 181
100 182
100 198
100 213
100 215
100 231
100 247
100 259
100 270
100 274
100 288
100 318
100 319
100 327
100 330
100 336
100 342
100 345
100 347
101 120
101 121
101 122
101 139
101 149
101 181
101 182
101 198
101 213
101 215
101 231
101 247
101 259
101 270
101 274
101 288
101 318
101 319
101 327
101 330
101 336
101 342
101 345
101 347
102 120
102 121
102 149
102 159
102 181
102 182
102 198
102 206
102 213
102 215
102 231
102 247
102 259
102 270
102 273
102 274
102 288
102 318
102 319
102 327
102 330
102 336
102 342
102 345
102 347
103 120
103 121
103 149
103 159
103 181
103 182
103 198
103 206
103 213
103 215
103 231
103 247
103 259
103 270
103 273
103 274
103 288
103 318
103 319
103 327
103 330
103 336
103 342
103 345
103 347
104 120
104 121
104 149
104 181
104 182
104 198
104 206
104 213
104 215
104 231
104 247
104 259
104 270
104 273
104 274
104 288
104 318
104 319
104 327
104 330
104 336
104 342
104 345
104 347
105 120
105 121
105 149
105 181
105 182
105 198
105 206
105 213
105 215
105 231
105 247
105 259
105 266
105 270
105 273
105 274
105 288
105 318
105 319
105 327
105 330
105 336
105 342
105 345
105 347
106 120
106 121
106 149
106 181
106 182
106 198
106 206
106 213
106 215
106 231
106 247
106 259
106 266
106 270
106 273
106 274
106 288
106 318
106 319
106 327
106 330
106 336
106 342
106 345
106 347
107 120
107 121
107 149
107 181
107 182
107 192
107 198
107 206
107 213
107 215
107 231
107 247
107 259
107 266
107 270
107 273
107 274
107 288
107 311
107 318
107 319
107 327
107 330
107 336
107 342
107 345
107 347
108 120
108 121
108 145
108 149
108 166
108 181
108 182
108 198
108 206
108 213
108 215
108 231
108 247
108 259
108 266
108 273
108 274
108 288
108 311
108 318
108 319
108 327
108 330
108 336
108 342
108 345
108 347
109 120
109 121
109 149
109 166
109 181
109 182
109 198
109 203
109 206
109 213
109 215
109 231
109 247
109 259
109 266
109 273
109 274
109 288
109 311
109 318
109 319
109 323
109 327
109 330
109 336
109 342
109 345
109 347
110 120
110 121
110 149
110 166
110 181
110 182
110 198
110 203
110 206
110 213
110 215
110 231
110 247
110 259
110 266
110 273
110 274
110 288
110 311
110 318
110 319
110 323
110 327
110 330
110 336
110 342
110 345
110 347
111 120
111 121
111 149
111 166
111 179
111 181
111 182
111 186
111 198
111 203
111 206
111 213
111 215
111 231
111 247
111 266
111 273
111 274
111 288
111 318
111 319
111 323
111 327
111 330
111 336
111 342
111 345
111 347
112 120
112 121
112 138
112 154
112 166
112 179
112 181
112 182
112 186
112 198
112 203
112 206
112 210
112 213
112 215
112 231
112 247
112 266
112 273
112 274
112 288
112 318
112 319
112 323
112 327
112 330
112 336
112 342
112 345
112 347
113 120
113 121
113 138
113 147
113 154
113 179
113 181
113 182
113 186
113 198
113 203
113 206
113 210
113 213
113 215
113 223
113 231
113 266
113 273
113 274
113 288
113 318
113 319
113 323
113 327
113 330
113 336
113 342
113 345
113 347
114 120
114 138
114 144
114 147
114 154
114 156
114 182
114 186
114 198
114 203
114 208
114 210
114 213
114 215
114 223
114 231
114 266
114 273
114 274
114 288
114 318
114 319
114 323
114 327
114 336
114 342
114 345
114 347
115 120
115 138
115 144
115 147
115 154
115 156
115 182
115 186
115 188
115 198
115 203
115 208
115 210
115 213
115 215
115 223
115 231
115 266
115 273
115 274
115 288
115 318
115 319
115 323
115 327
115 336
115 342
115 345
116 120
116 138
116 144
116 147
116 154
116 156
116 182
116 186
116 188
116 198
116 203
116 208
116 210
116 213
116 215
116 223
116 231
116 266
116 273
116 274
116 288
116 318
116 319
116 323
116 327
116 336
116 342
116 345
117 120
117 138
117 147
117 154
117 156
117 182
117 186
117 188
117 198
117 203
117 208
117 210
117 213
117 215
117 223
117 231
117 266
117 273
117 274
117 288
117 318
117 319
117 323
117 327
117 336
117 342
117 345
118 120
118 138
118 147
118 154
118 156
118 182
118 186
118 188
118 198
118 203
118 208
118 210
118 213
118 215
118 223
118 231
118 266
118 273
118 274
118 288
118 318
118 319
118 323
118 327
118 336
118 342
118 345
119 120
119 138
119 147
119 150
119 156
119 182
119 188
119 198
119 203
119 208
119 210
119 213
119 215
119 231
119 266
119 273
119 274
119 288
119 318
119 319
119 323
119 327
119 336
119 342
119 345
119 349
120 120
120 138
120 147
120 150
120 156
120 182
120 188
120 198
120 203
120 208
120 210
120 213
120 215
120 231
120 266
120 273
120 274
120 288
120 318
120 319
120 323
120 327
120 336
120 342
120 345
121 120
121 138
121 147
121 150
121 156
121 182
121 188
121 198
121 203
121 208
121 210
121 213
121 215
121 231
121 266
121 273
121 274
121 288
121 318
121 319
121 323
121 327
121 336
121 342
121 345
122 120
122 138
122 147
122 150
122 156
122 174
122 182
122 188
122 198
122 203
122 208
122 210
122 213
122 215
122 231
122 266
122 273
122 274
122 288
122 318
122 319
122 323
122 327
122 336
122 342
122 345
123 147
123 150
123 156
123 174
123 182
123 188
123 198
123 203
123 208
123 210
123 213
123 215
123 231
123 266
123 273
123 274
123 288
123 318
123 319
123 323
123 327
123 336
123 342
123 345
124 147
124 150
124 156
124 174
124 182
124 188
124 198
124 203
124 208
124 210
124 213
124 215
124 231
124 245
124 266
124 273
124 274
124 288
124 318
124 319
124 323
124 327
124 336
124 342
124 345
125 147
125 150
125 156
125 182
125 188
125 201
125 208
125 210
125 213
125 215
125 231
125 245
125 266
125 273
125 274
125 288
125 291
125 318
125 319
125 323
125 327
125 336
125 342
125 345
126 147
126 150
126 156
126 182
126 188
126 201
126 208
126 210
126 213
126 215
126 231
126 245
126 266
126 273
126 274
126 288
126 291
126 318
126 319
126 323
126 327
126 336
126 342
126 345
127 147
127 150
127 156
127 182
127 188
127 201
127 208
127 210
127 213
127 215
127 231
127 245
127 266
127 273
127 274
127 288
127 291
127 318
127 319
127 323
127 327
127 336
127 342
127 345
128 147
128 150
128 152
128 156
128 160
128 182
128 188
128 201
128 208
128 210
128 213
128 215
128 231
128 245
128 273
128 288
128 291
128 318
128 319
128 323
128 327
128 336
128 342
128 345
129 147
129 150
129 152
129 156
129 182
129 188
129 197
129 201
129 208
129 210
129 213
129 215
129 225
129 231
129 233
129 245
129 273
129 288
129 291
129 318
129 319
129 323
129 336
129 342
129 345
130 147
130 150
130 152
130 156
130 182
130 188
130 197
130 201
130 208
130 210
130 213
130 215
130 225
130 231
130 233
130 245
130 273
130 288
130 291
130 318
130 319
130 323
130 336
130 342
130 345
131 147
131 152
131 156
131 182
131 188
131 197
131 201
131 208
131 210
131 213
131 215
131 221
131 225
131 231
131 233
131 245
131 273
131 288
131 291
131 318
131 319
131 323
131 342
131 344
131 345
132 147
132 152
132 156
132 182
132 188
132 201
132 210
132 213
132 215
132 221
132 225
132 231
132 233
132 245
132 260
132 273
132 288
132 291
132 318
132 319
132 323
132 342
132 345
133 147
133 152
133 156
133 164
133 182
133 188
133 191
133 201
133 210
133 213
133 215
133 221
133 225
133 231
133 233
133 245
133 260
133 273
133 288
133 291
133 319
133 323
133 342
133 345
134 147
134 152
134 156
134 164
134 182
134 188
134 191
134 201
134 210
134 213
134 215
134 221
134 225
134 231
134 233
134 245
134 260
134 273
134 288
134 291
134 319
134 323
134 342
134 345
135 147
135 152
135 156
135 164
135 182
135 188
135 191
135 201
135 210
135 213
135 215
135 221
135 225
135 231
135 233
135 245
135 260
135 273
135 288
135 291
135 319
135 323
135 342
135 345
136 147
136 152
136 156
136 164
136 182
136 188
136 191
136 195
136 201
136 215
136 221
136 225
136 231
136 233
136 240
136 260
136 273
136 288
136 291
136 315
136 319
136 323
136 345
137 147
137 152
137 156
137 164
137 182
137 188
137 191
137 195
137 201
137 215
137 221
137 225
137 231
137 233
137 240
137 260
137 273
137 288
137 291
137 315
137 319
137 323
137 345
138 147
138 152
138 156
138 164
138 182
138 188
138 191
138 195
138 201
138 215
138 221
138 225
138 231
138 233
138 240
138 260
138 273
138 288
138 291
138 303
138 315
138 319
138 323
138 345
139 147
139 152
139 156
139 164
139 182
139 188
139 191
139 195
139 201
139 215
139 221
139 225
139 231
139 233
139 240
139 273
139 288
139 291
139 299
139 303
139 315
139 319
139 323
139 345
140 147
140 152
140 156
140 164
140 182
140 188
140 191
140 195
140 201
140 215
140 221
140 225
140 231
140 233
140 240
140 288
140 289
140 291
140 299
140 303
140 315
140 319
140 323
140 345
141 147
141 152
141 156
141 164
141 182
141 188
141 191
141 195
141 201
141 215
141 221
141 225
141 231
141 233
141 240
141 288
141 289
141 291
141 299
141 303
141 315
141 319
141 323
141 345
142 147
142 152
142 156
142 164
142 182
142 188
142 191
142 195
142 201
142 215
142 221
142 225
142 231
142 233
142 240
142 267
142 288
142 289
142 291
142 299
142 303
142 309
142 315
142 319
142 323
142 345
143 147
143 156
143 164
143 182
143 188
143 191
143 195
143 201
143 215
143 221
143 225
143 231
143 233
143 240
143 267
143 288
143 289
143 291
143 299
143 303
143 309
143 315
143 319
143 345
144 147
144 156
144 164
144 177
144 182
144 188
144 191
144 195
144 201
144 215
144 221
144 225
144 233
144 240
144 267
144 288
144 289
144 291
144 299
144 303
144 309
144 315
144 319
144 345
145 147
145 156
145 164
145 177
145 182
145 188
145 191
145 195
145 201
145 215
145 221
145 225
145 233
145 240
145 267
145 288
145 289
145 291
145 299
145 303
145 309
145 315
145 319
145 345
146 147
146 156
146 164
146 177
146 182
146 188
146 191
146 195
146 199
146 201
146 215
146 221
146 225
146 233
146 240
146 267
146 275
146 288
146 291
146 299
146 303
146 309
146 315
146 319
146 345
147 147
147 156
147 164
147 177
147 182
147 191
147 193
147 195
147 199
147 201
147 215
147 221
147 225
147 227
147 233
147 237
147 240
147 267
147 275
147 288
147 291
147 299
147 303
147 309
147 315
147 319
147 345
148 147
148 156
148 164
148 177
148 182
148 191
148 193
148 195
148 199
148 201
148 215
148 221
148 225
148 227
148 233
148 237
148 240
148 267
148 275
148 288
148 291
148 299
148 303
148 309
148 315
148 319
148 345
149 147
149 164
149 177
149 182
149 191
149 193
149 195
149 199
149 201
149 207
149 215
149 221
149 225
149 227
149 233
149 237
149 240
149 267
149 275
149 288
149 291
149 299
149 303
149 309
149 315
149 319
149 345
150 147
150 164
150 177
150 182
150 191
150 193
150 195
150 199
150 201
150 207
150 215
150 221
150 225
150 227
150 233
150 237
150 240
150 267
150 275
150 288
150 291
150 299
150 303
150 309
150 315
150 319
150 345
151 147
151 164
151 177
151 191
151 193
151 195
151 199
151 201
151 209
151 215
151 221
151 225
151 227
151 233
151 237
151 240
151 267
151 275
151 280
151 282
151 288
151 299
151 303
151 309
151 315
151 319
151 345
152 147
152 164
152 177
152 191
152 193
152 195
152 199
152 201
152 209
152 215
152 221
152 225
152 227
152 233
152 237
152 240
152 267
152 275
152 280
152 282
152 288
152 299
152 303
152 309
152 315
152 319
152 345
153 147
153 177
153 191
153 193
153 195
153 199
153 201
153 209
153 215
153 221
153 225
153 227
153 233
153 237
153 240
153 267
153 275
153 280
153 282
153 288
153 299
153 303
153 309
153 315
153 319
153 345
154 147
154 177
154 189
154 191
154 193
154 195
154 199
154 201
154 209
154 215
154 221
154 225
154 227
154 233
154 237
154 240
154 267
154 275
154 280
154 282
154 288
154 299
154 303
154 309
154 315
154 319
154 345
155 147
155 177
155 189
155 191
155 193
155 195
155 199
155 201
155 209
155 214
155 215
155 221
155 225
155 227
155 233
155 237
155 240
155 267
155 280
155 282
155 299
155 303
155 309
155 315
155 345
156 147
156 177
156 189
156 191
156 193
156 195
156 199
156 201
156 209
156 214
156 215
156 221
156 225
156 227
156 233
156 237
156 240
156 267
156 280
156 282
156 299
156 303
156 309
156 315
156 345
157 177
157 189
157 191
157 193
157 195
157 199
157 201
157 209
157 214
157 215
157 221
157 225
157 227
157 233
157 237
157 240
157 267
157 280
157 282
157 299
157 303
157 309
157 315
157 345
158 177
158 189
158 191
158 193
158 195
158 199
158 201
158 209
158 214
158 215
158 221
158 225
158 227
158 233
158 237
158 240
158 267
158 280
158 282
158 299
158 303
158 309
158 315
158 345
159 177
159 189
159 191
159 193
159 195
159 199
159 201
159 209
159 214
159 215
159 221
159 225
159 227
159 233
159 237
159 240
159 267
159 280
159 282
159 299
159 303
159 309
159 315
159 333
159 345
160 177
160 189
160 191
160 193
160 195
160 199
160 201
160 209
160 214
160 215
160 221
160 225
160 227
160 233
160 237
160 240
160 267
160 280
160 282
160 299
160 303
160 309
160 315
160 333
160 345
161 177
161 189
161 191
161 193
161 195
161 199
161 201
161 209
161 214
161 215
161 221
161 225
161 227
161 233
161 237
161 240
161 267
161 280
161 282
161 299
161 303
161 309
161 315
161 333
161 345
162 189
162 191
162 193
162 194
162 195
162 199
162 201
162 209
162 214
162 215
162 221
162 225
162 227
162 233
162 237
162 240
162 267
162 277
162 279
162 280
162 282
162 303
162 309
162 315
162 333
162 345
163 189
163 191
163 193
163 194
163 195
163 199
163 201
163 209
163 214
163 215
163 221
163 225
163 227
163 233
163 236
163 237
163 240
163 267
163 277
163 279
163 280
163 282
163 303
163 309
163 315
163 333
163 345
164 189
164 191
164 193
164 194
164 195
164 199
164 201
164 209
164 214
164 215
164 221
164 225
164 227
164 233
164 236
164 237
164 240
164 267
164 277
164 279
164 280
164 282
164 303
164 309
164 315
164 333
164 345
165 189
165 191
165 193
165 194
165 195
165 199
165 201
165 209
165 214
165 215
165 221
165 225
165 227
165 233
165 236
165 237
165 240
165 267
165 277
165 279
165 280
165 282
165 303
165 309
165 315
165 333
165 345
166 189
166 191
166 193
166 194
166 195
166 199
166 201
166 209
166 214
166 215
166 221
166 225
166 227
166 233
166 236
166 237
166 240
166 243
166 267
166 277
166 279
166 280
166 282
166 303
166 309
166 315
166 333
166 345
167 189
167 191
167 193
167 194
167 195
167 201
167 209
167 214
167 215
167 221
167 225
167 226
167 227
167 233
167 236
167 237
167 240
167 243
167 267
167 277
167 279
167 280
167 303
167 309
167 315
167 333
167 345
168 189
168 191
168 193
168 194
168 195
168 201
168 209
168 214
168 215
168 221
168 225
168 226
168 227
168 233
168 236
168 237
168 240
168 243
168 248
168 267
168 277
168 279
168 280
168 303
168 309
168 315
168 333
168 345
169 189
169 193
169 194
169 195
169 201
169 209
169 214
169 215
169 221
169 225
169 226
169 227
169 233
169 236
169 237
169 240
169 243
169 248
169 267
169 277
169 279
169 280
169 303
169 309
169 315
169 333
169 345
170 189
170 193
170 194
170 195
170 201
170 209
170 214
170 215
170 221
170 225
170 227
170 233
170 236
170 237
170 240
170 243
170 248
170 267
170 277
170 279
170 280
170 303
170 309
170 333
170 345
171 189
171 193
171 194
171 195
171 201
171 209
171 214
171 215
171 221
171 225
171 227
171 236
171 237
171 243
171 248
171 267
171 277
171 279
171 280
171 303
171 309
171 345
172 189
172 193
172 194
172 195
172 201
172 214
172 215
172 221
172 225
172 236
172 237
172 243
172 248
172 267
172 277
172 278
172 279
172 280
172 303
172 309
172 321
172 345
173 189
173 193
173 194
173 195
173 201
173 214
173 215
173 221
173 225
173 236
173 237
173 243
173 248
173 267
173 277
173 278
173 279
173 280
173 303
173 309
173 321
173 345
174 189
174 193
174 194
174 195
174 201
174 214
174 215
174 221
174 225
174 236
174 237
174 243
174 248
174 267
174 277
174 278
174 279
174 280
174 303
174 309
174 321
174 345
175 193
175 194
175 195
175 201
175 214
175 215
175 221
175 225
175 236
175 237
175 243
175 248
175 267
175 277
175 278
175 279
175 280
175 303
175 309
175 321
175 345
176 193
176 194
176 195
176 201
176 214
176 215
176 221
176 225
176 236
176 237
176 243
176 248
176 267
176 277
176 278
176 279
176 280
176 303
176 309
176 321
176 345
177 193
177 194
177 195
177 201
177 214
177 215
177 221
177 225
177 236
177 237
177 243
177 248
177 267
177 277
177 278
177 279
177 280
177 303
177 309
177 321
177 345
178 193
178 194
178 195
178 201
178 221
178 225
178 236
178 237
178 243
178 248
178 267
178 272
178 277
178 278
178 279
178 280
178 303
178 309
178 321
178 345
179 193
179 194
179 195
179 201
179 221
179 225
179 236
179 237
179 243
179 248
179 267
179 272
179 277
179 278
179 279
179 280
179 303
179 309
179 321
179 345
180 193
180 194
180 195
180 201
180 221
180 225
180 236
180 237
180 243
180 248
180 267
180 272
180 277
180 278
180 279
180 280
180 303
180 309
180 321
180 345
181 193
181 194
181 195
181 201
181 221
181 225
181 236
181 237
181 243
181 248
181 267
181 272
181 277
181 278
181 279
181 280
181 303
181 309
181 310
181 321
181 345
182 193
182 194
182 195
182 201
182 212
182 221
182 225
182 236
182 237
182 243
182 248
182 272
182 277
182 278
182 279
182 280
182 301
182 303
182 309
182 310
182 321
182 345
183 193
183 194
183 195
183 201
183 212
183 221
183 225
183 236
183 237
183 243
183 248
183 272
183 277
183 278
183 279
183 280
183 301
183 303
183 309
183 310
183 321
183 345
184 193
184 194
184 195
184 202
184 212
184 221
184 225
184 236
184 237
184 243
184 248
184 272
184 277
184 278
184 279
184 280
184 301
184 303
184 309
184 310
184 321
184 345
185 193
185 194
185 195
185 212
185 221
185 225
185 236
185 237
185 243
185 248
185 272
185 277
185 278
185 279
185 280
185 294
185 297
185 301
185 303
185 309
185 310
185 321
185 331
185 340
186 193
186 194
186 195
186 212
186 221
186 225
186 236
186 237
186 243
186 248
186 272
186 278
186 279
186 280
186 294
186 297
186 301
186 303
186 309
186 310
186 321
186 331
186 340
187 193
187 194
187 195
187 212
187 221
187 225
187 236
187 237
187 243
187 248
187 272
187 278
187 279
187 280
187 294
187 297
187 301
187 303
187 309
187 310
187 321
187 331
187 340
188 193
188 194
188 195
188 212
188 221
188 225
188 236
188 237
188 243
188 248
188 272
188 278
188 279
188 280
188 294
188 297
188 301
188 303
188 309
188 321
188 331
188 340
189 193
189 194
189 195
189 212
189 221
189 225
189 236
189 237
189 248
189 250
189 278
189 279
189 280
189 294
189 297
189 301
189 303
189 309
189 321
189 340
190 193
190 194
190 195
190 221
190 225
190 236
190 237
190 248
190 250
190 278
190 279
190 280
190 294
190 297
190 301
190 303
190 309
190 321
190 340
191 193
191 194
191 195
191 221
191 225
191 236
191 237
191 248
191 250
191 278
191 279
191 280
191 294
191 297
191 301
191 303
191 306
191 309
191 321
191 340
192 193
192 194
192 195
192 221
192 225
192 236
192 237
192 248
192 250
192 278
192 279
192 280
192 294
192 297
192 301
192 303
192 306
192 309
192 321
192 340
193 193
193 194
193 195
193 221
193 236
193 237
193 238
193 248
193 250
193 278
193 279
193 294
193 297
193 301
193 303
193 306
193 340
194 193
194 194
194 195
194 221
194 236
194 237
194 238
194 248
194 250
194 278
194 279
194 294
194 297
194 301
194 303
194 306
194 340
195 193
195 194
195 195
195 218
195 221
195 232
195 236
195 237
195 238
195 246
195 250
195 278
195 279
195 294
195 297
195 301
195 303
195 306
195 314
195 317
195 340
196 193
196 195
196 218
196 221
196 232
196 236
196 237
196 238
196 246
196 250
196 278
196 279
196 294
196 297
196 301
196 303
196 306
196 314
196 317
196 340
197 193
197 195
197 218
197 221
197 232
197 236
197 237
197 238
197 246
197 250
197 278
197 279
197 297
197 301
197 303
197 306
197 314
197 317
197 340
198 193
198 195
198 218
198 221
198 232
198 237
198 238
198 246
198 250
198 278
198 279
198 297
198 301
198 303
198 306
198 314
198 317
198 340
199 193
199 195
199 218
199 221
199 232
199 237
199 238
199 246
199 250
199 278
199 279
199 297
199 301
199 303
199 306
199 314
199 317
199 340
200 193
200 195
200 218
200 221
200 232
200 237
200 238
200 246
200 250
200 278
200 279
200 297
200 301
200 303
200 306
200 317
200 340
201 193
201 195
201 218
201 221
201 232
201 237
201 238
201 246
201 250
201 278
201 279
201 297
201 301
201 303
201 306
201 317
202 193
202 195
202 218
202 221
202 232
202 237
202 238
202 246
202 250
202 278
202 279
202 297
202 301
202 303
202 306
202 317
203 193
203 195
203 218
203 221
203 232
203 237
203 238
203 246
203 250
203 278
203 279
203 297
203 301
203 303
203 306
203 317
204 193
204 221
204 232
204 237
204 238
204 246
204 250
204 278
204 279
204 297
204 301
204 303
204 306
204 317
205 193
205 221
205 232
205 237
205 238
205 246
205 250
205 278
205 279
205 297
205 301
205 303
205 306
205 317
206 193
206 221
206 232
206 237
206 238
206 246
206 250
206 262
206 278
206 279
206 297
206 301
206 303
206 306
206 317
207 193
207 221
207 232
207 237
207 238
207 246
207 250
207 262
207 278
207 279
207 297
207 301
207 303
207 306
207 317
208 193
208 221
208 232
208 237
208 238
208 246
208 250
208 262
208 278
208 279
208 297
208 301
208 306
208 317
209 193
209 221
209 232
209 237
209 238
209 246
209 250
209 262
209 279
209 297
209 301
209 306
209 317
210 193
210 221
210 232
210 237
210 238
210 246
210 250
210 262
210 279
210 297
210 301
210 306
210 317
211 193
211 221
211 228
211 232
211 237
211 238
211 246
211 250
211 262
211 279
211 297
211 301
211 306
211 317
212 193
212 221
212 232
212 237
212 238
212 246
212 250
212 262
212 297
212 301
212 306
212 317
213 193
213 221
213 232
213 237
213 238
213 246
213 250
213 262
213 297
213 301
213 306
213 317
214 193
214 220
214 221
214 232
214 237
214 238
214 246
214 250
214 262
214 297
214 301
214 306
214 317
214 325
215 193
215 220
215 221
215 232
215 237
215 238
215 246
215 250
215 262
215 297
215 301
215 306
215 317
215 325
216 220
216 221
216 232
216 237
216 238
216 246
216 250
216 286
216 297
216 301
216 302
216 306
216 312
216 317
216 325
217 220
217 221
217 232
217 237
217 238
217 246
217 250
217 286
217 297
217 301
217 302
217 306
217 312
217 317
217 325
218 220
218 221
218 232
218 237
218 238
218 246
218 250
218 286
218 297
218 301
218 302
218 306
218 312
218 317
218 325
219 220
219 221
219 232
219 237
219 238
219 250
219 286
219 297
219 301
219 302
219 306
219 312
219 317
219 325
219 339
220 220
220 221
220 232
220 237
220 238
220 250
220 286
220 297
220 301
220 302
220 306
220 312
220 317
220 325
220 339
221 221
221 232
221 237
221 238
221 250
221 286
221 297
221 301
221 306
221 312
221 317
221 325
221 339
222 221
222 232
222 237
222 238
222 250
222 283
222 286
222 297
222 301
222 306
222 312
222 317
222 325
222 339
223 221
223 232
223 237
223 238
223 250
223 283
223 286
223 297
223 301
223 306
223 312
223 317
223 325
223 339
224 221
224 232
224 237
224 238
224 250
224 283
224 286
224 297
224 301
224 306
224 312
224 317
224 325
224 339
225 221
225 232
225 237
225 238
225 250
225 283
225 286
225 297
225 301
225 306
225 312
225 317
225 325
225 339
226 221
226 232
226 237
226 238
226 250
226 283
226 286
226 297
226 306
226 312
226 317
226 325
226 339
227 221
227 232
227 237
227 238
227 250
227 283
227 286
227 297
227 306
227 312
227 317
227 325
227 339
228 221
228 232
228 237
228 238
228 250
228 283
228 286
228 297
228 306
228 312
228 317
228 325
228 339
229 221
229 232
229 237
229 238
229 276
229 283
229 286
229 297
229 306
229 312
229 317
229 325
229 339
230 221
230 232
230 237
230 238
230 276
230 283
230 286
230 297
230 306
230 312
230 317
230 339
231 221
231 232
231 237
231 238
231 276
231 281
231 283
231 295
231 297
231 312
231 316
231 317
231 339
232 221
232 232
232 237
232 238
232 276
232 281
232 283
232 295
232 297
232 312
232 316
232 317
232 339
233 221
233 232
233 237
233 238
233 276
233 281
233 283
233 295
233 297
233 312
233 316
233 317
233 339
234 221
234 232
234 237
234 238
234 276
234 281
234 283
234 295
234 297
234 312
234 316
234 317
234 339
235 221
235 232
235 237
235 238
235 276
235 281
235 283
235 295
235 297
235 312
235 316
235 317
235 339
236 221
236 232
236 237
236 238
236 276
236 281
236 283
236 295
236 297
236 312
236 316
236 317
236 339
237 221
237 237
237 238
237 258
237 276
237 281
237 283
237 295
237 312
237 316
237 317
237 339
238 221
238 237
238 238
238 281
238 283
238 295
238 312
238 316
238 317
238 339
239 221
239 237
239 238
239 257
239 281
239 283
239 295
239 312
239 316
239 317
239 339
240 221
240 237
240 238
240 257
240 281
240 283
240 295
240 312
240 316
240 317
240 339
241 221
241 237
241 238
241 257
241 281
241 283
241 295
241 312
241 316
241 317
241 339
242 221
242 238
242 257
242 281
242 283
242 295
242 312
242 316
242 317
242 339
243 221
243 238
243 257
243 281
243 283
243 295
243 312
243 316
243 317
243 339
244 221
244 238
244 257
244 281
244 283
244 295
244 312
244 316
244 317
244 320
244 339
245 221
245 238
245 257
245 281
245 283
245 295
245 312
245 316
245 317
245 320
245 339
246 221
246 238
246 257
246 281
246 283
246 295
246 312
246 316
246 317
246 320
246 339
247 221
247 238
247 257
247 281
247 283
247 295
247 312
247 316
247 317
247 320
247 339
248 221
248 238
248 257
248 281
248 283
248 295
248 312
248 316
248 317
248 320
248 339
249 221
249 238
249 257
249 281
249 283
249 295
249 312
249 316
249 317
249 320
249 339
250 221
250 238
250 257
250 281
250 283
250 295
250 312
250 316
250 317
250 320
250 339
251 221
251 238
251 257
251 281
251 283
251 295
251 312
251 316
251 317
251 320
251 339
252 221
252 238
252 257
252 281
252 283
252 295
252 312
252 316
252 317
252 320
252 339
253 221
253 238
253 257
253 281
253 283
253 295
253 312
253 316
253 317
253 320
253 339
254 221
254 238
254 257
254 281
254 283
254 295
254 312
254 316
254 317
254 320
254 339
255 221
255 238
255 257
255 281
255 283
255 295
255 312
255 316
255 317
255 320
255 339
256 221
256 238
256 257
256 281
256 283
256 295
256 312
256 316
256 317
256 320
256 339
257 221
257 238
257 257
257 281
257 283
257 295
257 312
257 316
257 317
257 320
257 339
258 221
258 238
258 257
258 281
258 283
258 295
258 312
258 316
258 317
258 320
258 339
259 221
259 238
259 257
259 281
259 283
259 295
259 312
259 316
259 320
259 339
260 221
260 238
260 257
260 281
260 283
260 295
260 312
260 316
260 320
260 339
261 221
261 238
261 257
261 281
261 283
261 295
261 312
261 316
261 320
261 339
262 221
262 238
262 257
262 281
262 283
262 295
262 312
262 316
262 320
262 339
263 221
263 238
263 257
263 281
263 283
263 295
263 312
263 316
263 320
263 339
264 221
264 238
264 281
264 283
264 295
264 312
264 316
264 320
264 339
265 221
265 238
265 281
265 283
265 295
265 312
265 316
265 320
265 339
266 221
266 238
266 281
266 283
266 295
266 312
266 316
266 320
266 339
267 238
267 281
267 283
267 295
267 312
267 316
267 320
267 339
268 238
268 281
268 283
268 295
268 312
268 316
268 320
268 339
269 238
269 281
269 283
269 295
269 312
269 316
269 320
269 339
270 238
270 281
270 283
270 295
270 312
270 316
270 320
271 238
271 281
271 283
271 295
271 312
271 316
271 320
272 238
272 281
272 283
272 295
272 312
272 316
272 320
273 238
273 281
273 283
273 295
273 312
273 316
273 320
274 238
274 281
274 283
274 295
274 312
274 316
274 320
275 238
275 281
275 283
275 295
275 312
275 316
275 320
276 238
276 281
276 283
276 295
276 312
276 316
276 320
277 238
277 281
277 283
277 295
277 312
277 316
277 320
278 238
278 281
278 283
278 295
278 312
278 316
278 320
279 238
279 281
279 283
279 295
279 312
279 316
279 320
280 238
280 281
280 283
280 295
280 312
280 316
280 320
281 238
281 281
281 283
281 295
281 312
281 316
281 320
282 238
282 281
282 283
282 295
282 312
282 316
282 320
283 238
283 281
283 283
283 295
283 312
283 316
284 238
284 281
284 283
284 295
284 316
285 238
285 281
285 283
285 295
285 316
286 238
286 281
286 283
286 295
286 316
287 238
287 281
287 283
287 293
287 295
288 281
288 283
288 293
288 326
288 329
289 281
289 283
289 293
289 326
289 329
289 334
290 281
290 283
290 293
290 326
290 329
290 334
291 281
291 283
291 293
291 326
291 329
291 334
292 281
292 283
292 293
292 326
292 329
292 334
293 281
293 283
293 326
293 329
293 334
294 281
294 283
294 326
294 329
294 334
295 281
295 283
295 326
295 329
295 334
296 281
296 283
296 326
296 329
296 334
297 281
297 326
297 329
297 334
298 281
298 326
298 329
298 334
299 281
299 326
299 329
299 334
300 281
300 322
300 326
300 329
300 334
301 281
301 322
301 326
301 329
301 334
302 281
302 322
302 326
302 334
302 335
303 281
303 322
303 326
303 334
303 335
304 281
304 322
304 326
304 334
304 335
305 281
305 322
305 326
305 334
305 335
306 322
306 326
306 334
306 335
307 322
307 326
307 334
307 335
308 322
308 326
308 334
308 335
309 322
309 326
309 334
309 335
310 322
310 326
310 334
310 335
311 322
311 326
311 334
311 335
312 322
312 326
312 334
312 335
313 322
313 326
313 334
313 335
314 322
314 326
314 332
314 334
314 335
315 322
315 326
315 332
315 334
315 335
316 322
316 326
316 332
316 334
316 335
317 322
317 326
317 332
317 334
317 335
318 322
318 326
318 332
318 334
318 335
319 322
319 326
319 332
319 334
319 335
320 322
320 326
320 332
320 334
320 335
321 322
321 326
321 332
321 334
321 335
322 322
322 326
322 332
322 334
322 335
323 322
323 326
323 332
323 334
323 335
324 322
324 326
324 332
324 334
324 335
325 322
325 326
325 332
325 334
325 335
326 322
326 326
326 332
326 334
326 335
327 322
327 326
327 332
327 334
327 335
328 322
328 332
328 334
328 335
329 322
329 332
329 334
329 335
330 322
330 332
330 334
330 335
331 322
331 332
331 334
331 335
332 322
332 332
332 334
332 335
333 322
333 332
333 334
333 335
334 322
334 332
334 334
334 335
335 322
335 332
335 334
335 335
336 332
336 334
336 335
337 332
337 334
338 332
338 334
339 332
339 334
340 332
340 334
341 332
341 334
342 332
342 334
343 332
343 334
344 334
345 334
346 334
347 334
348 334
349 334
