0 39
1 39
1 74
2 39
2 74
2 133
2 221
3 74
3 133
3 160
3 221
3 232
3 243
3 263
3 286
3 294
3 325
4 66
4 68
4 74
4 115
4 133
4 160
4 192
4 221
4 232
4 243
4 263
4 286
4 294
4 304
4 325
5 10
5 15
5 66
5 68
5 74
5 133
5 160
5 166
5 192
5 221
5 232
5 243
5 263
5 286
5 294
5 304
5 325
6 10
6 53
6 66
6 68
6 74
6 133
6 160
6 166
6 192
6 221
6 243
6 263
6 286
6 294
6 304
6 325
7 10
7 53
7 66
7 68
7 74
7 133
7 147
7 160
7 166
7 192
7 221
7 243
7 263
7 286
7 294
7 304
7 325
8 21
8 44
8 60
8 68
8 74
8 95
8 102
8 107
8 111
8 118
8 133
8 147
8 160
8 166
8 195
8 221
8 243
8 263
8 273
8 278
8 286
8 294
8 304
9 21
9 60
9 68
9 95
9 102
9 107
9 111
9 118
9 133
9 147
9 149
9 160
9 166
9 195
9 221
9 243
9 263
9 273
9 278
9 286
9 294
9 304
10 21
10 60
10 95
10 102
10 107
10 111
10 118
10 133
10 147
10 149
10 160
10 166
10 195
10 221
10 243
10 263
10 273
10 278
10 286
10 294
10 304
11 21
11 60
11 95
11 102
11 107
11 111
11 118
11 133
11 147
11 149
11 160
11 166
11 195
11 221
11 243
11 263
11 273
11 278
11 286
11 294
11 304
12 17
12 18
12 20
12 51
12 95
12 102
12 108
12 118
12 133
12 147
12 149
12 166
12 182
12 195
12 201
12 221
12 229
12 243
12 262
12 263
12 273
12 278
12 286
12 304
13 17
13 18
13 20
13 51
13 93
13 95
13 102
13 108
13 118
13 133
13 147
13 149
13 166
13 182
13 195
13 201
13 221
13 229
13 243
13 262
13 263
13 273
13 278
13 286
13 304
14 18
14 20
14 51
14 93
14 95
14 102
14 108
14 118
14 132
14 133
14 147
14 149
14 166
14 182
14 195
14 201
14 221
14 229
14 243
14 262
14 263
14 273
14 278
14 286
14 304
15 16
15 18
15 20
15 29
15 51
15 93
15 95
15 102
15 108
15 118
15 132
15 133
15 147
15 149
15 166
15 182
15 195
15 201
15 221
15 229
15 243
15 262
15 263
15 273
15 278
15 286
15 304
16 16
16 18
16 29
16 51
16 93
16 95
16 108
16 118
16 132
16 133
16 147
16 149
16 166
16 182
16 195
16 201
16 221
16 229
16 243
16 262
16 263
16 273
16 278
16 286
16 304
17 19
17 49
17 93
17 95
17 108
17 118
17 132
17 147
17 149
17 156
17 166
17 182
17 195
17 201
17 207
17 221
17 229
17 243
17 262
17 263
17 273
17 278
17 286
17 302
17 304
17 307
18 19
18 22
18 38
18 48
18 49
18 93
18 95
18 108
18 118
18 124
18 132
18 147
18 149
18 153
18 156
18 182
18 195
18 201
18 207
18 221
18 223
18 229
18 243
18 262
18 273
18 278
18 286
18 302
18 304
18 307
19 19
19 22
19 23
19 35
19 38
19 48
19 49
19 93
19 95
19 98
19 108
19 118
19 124
19 132
19 147
19 149
19 153
19 156
19 182
19 195
19 207
19 221
19 223
19 229
19 243
19 262
19 273
19 278
19 286
19 304
19 307
19 321
20 19
20 22
20 23
20 35
20 38
20 48
20 49
20 93
20 95
20 98
20 108
20 118
20 124
20 132
20 147
20 149
20 153
20 156
20 182
20 195
20 207
20 221
20 223
20 229
20 243
20 262
20 273
20 278
20 286
20 304
20 307
20 321
21 19
21 22
21 23
21 24
21 31
21 35
21 38
21 48
21 49
21 72
21 93
21 95
21 98
21 108
21 118
21 124
21 132
21 147
21 149
21 153
21 156
21 182
21 195
21 207
21 221
21 223
21 229
21 243
21 262
21 273
21 278
21 286
21 304
21 307
21 321
22 19
22 22
22 24
22 31
22 35
22 38
22 41
22 45
22 48
22 49
22 72
22 88
22 93
22 95
22 98
22 108
22 118
22 124
22 132
22 147
22 149
22 153
22 156
22 182
22 197
22 207
22 221
22 223
22 229
22 262
22 273
22 278
22 286
22 304
22 307
22 321
23 19
23 22
23 24
23 26
23 31
23 35
23 38
23 41
23 45
23 48
23 49
23 88
23 93
23 95
23 98
23 108
23 118
23 124
23 132
23 147
23 149
23 153
23 156
23 182
23 197
23 207
23 221
23 223
23 229
23 262
23 273
23 278
23 286
23 304
23 307
23 321
24 19
24 22
24 31
24 35
24 38
24 41
24 42
24 45
24 48
24 49
24 93
24 95
24 98
24 118
24 132
24 147
24 149
24 153
24 156
24 182
24 197
24 207
24 221
24 223
24 229
24 244
24 262
24 273
24 278
24 286
24 304
24 307
24 321
25 19
25 22
25 31
25 35
25 38
25 41
25 42
25 45
25 48
25 49
25 93
25 95
25 98
25 118
25 132
25 147
25 149
25 153
25 156
25 182
25 197
25 207
25 221
25 223
25 229
25 244
25 262
25 273
25 278
25 286
25 304
25 307
25 321
26 22
26 31
26 35
26 41
26 42
26 45
26 48
26 49
26 64
26 93
26 95
26 98
26 118
26 120
26 147
26 149
26 153
26 156
26 182
26 197
26 207
26 221
26 223
26 229
26 244
26 262
26 273
26 278
26 286
26 304
26 307
26 321
27 22
27 31
27 35
27 41
27 42
27 45
27 48
27 49
27 62
27 64
27 93
27 95
27 118
27 120
27 147
27 149
27 153
27 156
27 182
27 197
27 207
27 221
27 223
27 229
27 244
27 262
27 273
27 278
27 286
27 304
27 307
27 321
28 31
28 41
28 42
28 45
28 48
28 49
28 62
28 64
28 93
28 95
28 106
28 118
28 120
28 147
28 149
28 153
28 156
28 182
28 197
28 207
28 221
28 223
28 229
28 244
28 262
28 273
28 278
28 286
28 304
28 307
28 321
29 31
29 41
29 42
29 45
29 48
29 49
29 62
29 64
29 93
29 95
29 106
29 118
29 120
29 147
29 149
29 153
29 156
29 182
29 197
29 207
29 221
29 223
29 229
29 244
29 262
29 273
29 278
29 286
29 304
29 307
29 320
29 321
30 31
30 41
30 42
30 45
30 48
30 49
30 62
30 64
30 93
30 95
30 106
30 118
30 120
30 147
30 149
30 153
30 156
30 182
30 197
30 207
30 221
30 223
30 229
30 244
30 262
30 273
30 278
30 286
30 304
30 307
30 320
30 321
31 31
31 41
31 42
31 45
31 48
31 49
31 62
31 64
31 93
31 95
31 106
31 118
31 120
31 147
31 149
31 153
31 156
31 182
31 197
31 207
31 221
31 223
31 229
31 244
31 262
31 273
31 278
31 286
31 304
31 307
31 320
31 321
32 31
32 41
32 42
32 45
32 48
32 49
32 62
32 64
32 93
32 95
32 106
32 118
32 120
32 147
32 149
32 153
32 156
32 182
32 197
32 207
32 221
32 223
32 229
32 244
32 262
32 273
32 278
32 286
32 304
32 307
32 320
32 321
33 31
33 41
33 42
33 45
33 48
33 49
33 62
33 64
33 83
33 93
33 95
33 106
33 120
33 147
33 149
33 153
33 156
33 182
33 197
33 207
33 221
33 223
33 229
33 244
33 262
33 273
33 278
33 286
33 288
33 304
33 307
33 320
33 321
34 31
34 41
34 42
34 45
34 48
34 49
34 62
34 64
34 83
34 93
34 95
34 106
34 120
34 147
34 149
34 153
34 156
34 164
34 182
34 197
34 207
34 221
34 223
34 229
34 244
34 262
34 273
34 276
34 278
34 286
34 288
34 299
34 304
34 307
34 320
34 321
34 323
35 31
35 41
35 42
35 45
35 48
35 49
35 62
35 64
35 83
35 93
35 95
35 106
35 120
35 147
35 149
35 153
35 156
35 164
35 182
35 197
35 207
35 221
35 223
35 229
35 244
35 262
35 273
35 276
35 278
35 286
35 288
35 299
35 304
35 307
35 320
35 321
35 323
36 31
36 41
36 42
36 45
36 49
36 64
36 83
36 90
36 93
36 95
36 106
36 120
36 149
36 156
36 164
36 182
36 197
36 214
36 221
36 223
36 229
36 233
36 244
36 262
36 273
36 276
36 278
36 286
36 288
36 299
36 304
36 307
36 321
36 323
36 326
37 40
37 41
37 42
37 49
37 50
37 64
37 70
37 83
37 90
37 94
37 95
37 99
37 110
37 120
37 141
37 156
37 164
37 180
37 182
37 197
37 208
37 214
37 221
37 223
37 229
37 233
37 244
37 262
37 273
37 276
37 278
37 286
37 288
37 293
37 299
37 304
37 307
37 321
37 323
37 326
38 42
38 49
38 50
38 52
38 64
38 70
38 83
38 90
38 94
38 95
38 99
38 110
38 120
38 141
38 156
38 164
38 180
38 197
38 208
38 221
38 223
38 229
38 233
38 244
38 262
38 273
38 276
38 278
38 286
38 288
38 293
38 299
38 304
38 307
38 309
38 321
38 323
38 326
38 336
39 42
39 49
39 50
39 52
39 64
39 70
39 83
39 90
39 94
39 95
39 99
39 110
39 120
39 141
39 156
39 164
39 180
39 197
39 208
39 221
39 223
39 229
39 233
39 244
39 262
39 273
39 276
39 278
39 286
39 288
39 293
39 299
39 304
39 307
39 309
39 321
39 323
39 326
39 336
40 43
40 70
40 77
40 90
40 94
40 101
40 110
40 120
40 141
40 164
40 180
40 221
40 223
40 225
40 229
40 233
40 244
40 246
40 273
40 276
40 278
40 286
40 288
40 293
40 299
40 304
40 307
40 309
40 321
40 323
40 326
40 336
41 43
41 70
41 77
41 90
41 94
41 101
41 110
41 120
41 141
41 164
41 180
41 221
41 223
41 225
41 229
41 233
41 244
41 246
41 273
41 276
41 278
41 286
41 288
41 293
41 299
41 304
41 307
41 309
41 321
41 323
41 326
41 336
42 43
42 70
42 77
42 90
42 94
42 101
42 110
42 120
42 141
42 164
42 180
42 221
42 223
42 225
42 229
42 233
42 244
42 246
42 273
42 276
42 278
42 286
42 288
42 293
42 299
42 304
42 307
42 309
42 321
42 323
42 326
42 336
43 43
43 70
43 77
43 90
43 94
43 101
43 110
43 120
43 141
43 164
43 180
43 221
43 223
43 225
43 229
43 233
43 244
43 246
43 273
43 276
43 278
43 286
43 288
43 293
43 299
43 304
43 307
43 309
43 321
43 323
43 326
43 336
44 43
44 70
44 77
44 90
44 94
44 101
44 110
44 120
44 141
44 164
44 180
44 221
44 223
44 225
44 233
44 244
44 246
44 273
44 276
44 278
44 286
44 288
44 293
44 299
44 304
44 307
44 309
44 321
44 323
44 326
44 336
44 341
45 43
45 65
45 70
45 77
45 90
45 94
45 101
45 110
45 141
45 164
45 180
45 221
45 223
45 225
45 233
45 244
45 246
45 273
45 276
45 278
45 286
45 288
45 293
45 299
45 304
45 307
45 309
45 321
45 323
45 326
45 336
45 341
46 55
46 76
46 77
46 90
46 91
46 94
46 101
46 110
46 116
46 141
46 164
46 180
46 221
46 223
46 225
46 233
46 244
46 246
46 253
46 273
46 276
46 278
46 286
46 288
46 293
46 299
46 304
46 306
46 307
46 309
46 321
46 323
46 326
46 336
46 341
47 54
47 55
47 76
47 77
47 91
47 94
47 101
47 110
47 116
47 141
47 164
47 180
47 221
47 223
47 225
47 233
47 244
47 246
47 253
47 273
47 276
47 278
47 286
47 288
47 293
47 299
47 304
47 306
47 307
47 309
47 321
47 323
47 326
47 336
47 341
48 54
48 55
48 76
48 77
48 91
48 94
48 101
48 110
48 141
48 164
48 180
48 193
48 221
48 223
48 225
48 233
48 244
48 246
48 253
48 273
48 276
48 278
48 286
48 288
48 293
48 299
48 304
48 306
48 307
48 309
48 321
48 323
48 326
48 333
48 336
48 341
49 76
49 77
49 80
49 91
49 110
49 137
49 141
49 164
49 180
49 221
49 223
49 233
49 244
49 246
49 253
49 273
49 276
49 278
49 286
49 288
49 293
49 299
49 304
49 306
49 307
49 309
49 321
49 323
49 326
49 333
49 336
49 341
49 347
50 76
50 77
50 80
50 91
50 110
50 137
50 141
50 164
50 180
50 221
50 223
50 233
50 244
50 246
50 253
50 273
50 276
50 278
50 286
50 288
50 293
50 299
50 304
50 306
50 307
50 309
50 321
50 323
50 333
50 336
50 341
50 347
51 61
51 76
51 80
51 91
51 110
51 137
51 164
51 210
51 221
51 223
51 227
51 233
51 244
51 246
51 253
51 258
51 273
51 276
51 278
51 286
51 288
51 293
51 299
51 304
51 306
51 307
51 309
51 321
51 323
51 333
51 336
51 341
51 347
52 61
52 76
52 80
52 91
52 110
52 137
52 164
52 210
52 221
52 223
52 227
52 233
52 244
52 246
52 253
52 258
52 273
52 276
52 278
52 286
52 288
52 293
52 299
52 304
52 306
52 307
52 309
52 321
52 323
52 333
52 336
52 341
52 347
53 61
53 76
53 80
53 91
53 110
53 137
53 164
53 196
53 210
53 218
53 221
53 223
53 227
53 233
53 244
53 253
53 258
53 273
53 276
53 278
53 288
53 293
53 299
53 304
53 306
53 307
53 321
53 323
53 333
53 336
53 341
53 347
54 61
54 76
54 84
54 91
54 110
54 119
54 122
54 151
54 164
54 196
54 210
54 211
54 218
54 221
54 223
54 227
54 233
54 244
54 253
54 258
54 273
54 276
54 278
54 288
54 293
54 304
54 306
54 307
54 321
54 322
54 323
54 333
54 336
54 341
54 347
55 61
55 76
55 84
55 91
55 110
55 119
55 122
55 151
55 164
55 196
55 210
55 211
55 218
55 221
55 223
55 227
55 233
55 244
55 253
55 258
55 273
55 276
55 278
55 288
55 293
55 304
55 306
55 307
55 321
55 322
55 323
55 333
55 336
55 341
55 347
56 61
56 76
56 84
56 91
56 110
56 119
56 122
56 151
56 164
56 196
56 210
56 211
56 218
56 221
56 223
56 227
56 233
56 244
56 253
56 258
56 273
56 276
56 288
56 293
56 304
56 306
56 307
56 321
56 322
56 323
56 333
56 336
56 341
56 347
57 61
57 76
57 84
57 110
57 119
57 122
57 139
57 151
57 164
57 196
57 210
57 211
57 218
57 221
57 223
57 227
57 233
57 244
57 253
57 258
57 267
57 273
57 276
57 288
57 293
57 304
57 306
57 307
57 321
57 322
57 323
57 333
57 336
57 341
57 342
57 347
58 79
58 84
58 85
58 110
58 112
58 119
58 139
58 151
58 164
58 210
58 211
58 218
58 221
58 223
58 227
58 244
58 253
58 258
58 267
58 276
58 288
58 293
58 304
58 306
58 321
58 322
58 323
58 333
58 336
58 341
58 342
58 347
59 79
59 84
59 85
59 110
59 112
59 119
59 139
59 151
59 164
59 210
59 211
59 218
59 221
59 223
59 227
59 244
59 253
59 258
59 267
59 276
59 288
59 293
59 304
59 306
59 321
59 322
59 323
59 333
59 336
59 341
59 342
59 347
60 79
60 82
60 84
60 85
60 110
60 112
60 119
60 131
60 134
60 139
60 151
60 164
60 210
60 211
60 218
60 221
60 223
60 227
60 244
60 253
60 258
60 267
60 276
60 288
60 293
60 304
60 306
60 313
60 321
60 322
60 323
60 333
60 336
60 341
60 342
60 347
61 79
61 82
61 84
61 85
61 86
61 110
61 112
61 119
61 131
61 134
61 139
61 151
61 164
61 211
61 218
61 221
61 223
61 227
61 244
61 253
61 258
61 276
61 288
61 293
61 304
61 306
61 313
61 321
61 322
61 323
61 333
61 336
61 341
61 342
61 347
62 63
62 73
62 79
62 85
62 103
62 110
62 112
62 119
62 130
62 131
62 134
62 211
62 218
62 221
62 223
62 226
62 227
62 244
62 253
62 258
62 276
62 277
62 293
62 304
62 306
62 313
62 321
62 322
62 323
62 333
62 336
62 341
62 342
62 347
63 63
63 73
63 79
63 85
63 87
63 100
63 103
63 110
63 112
63 113
63 119
63 123
63 131
63 134
63 174
63 181
63 185
63 189
63 211
63 218
63 221
63 223
63 226
63 227
63 244
63 253
63 258
63 276
63 277
63 293
63 306
63 313
63 321
63 322
63 323
63 333
63 336
63 341
63 342
63 347
64 63
64 87
64 96
64 100
64 103
64 112
64 113
64 119
64 123
64 131
64 134
64 174
64 181
64 183
64 185
64 211
64 218
64 221
64 223
64 226
64 227
64 244
64 253
64 258
64 276
64 277
64 293
64 306
64 313
64 321
64 322
64 323
64 333
64 336
64 341
64 342
64 347
65 63
65 87
65 96
65 100
65 103
65 112
65 113
65 119
65 123
65 131
65 134
65 174
65 181
65 183
65 185
65 211
65 218
65 221
65 223
65 226
65 227
65 244
65 253
65 258
65 276
65 277
65 293
65 306
65 313
65 321
65 322
65 323
65 333
65 336
65 341
65 342
65 347
66 63
66 87
66 96
66 100
66 103
66 112
66 113
66 119
66 123
66 131
66 134
66 174
66 181
66 183
66 185
66 211
66 218
66 221
66 223
66 226
66 227
66 244
66 253
66 258
66 276
66 277
66 293
66 306
66 313
66 321
66 322
66 323
66 333
66 336
66 341
66 342
66 347
67 63
67 87
67 96
67 100
67 103
67 112
67 113
67 119
67 123
67 131
67 134
67 174
67 181
67 183
67 185
67 211
67 218
67 221
67 223
67 226
67 227
67 244
67 253
67 258
67 276
67 277
67 293
67 306
67 313
67 321
67 322
67 323
67 333
67 336
67 341
67 342
67 347
68 63
68 87
68 96
68 100
68 103
68 112
68 113
68 119
68 123
68 131
68 134
68 174
68 181
68 183
68 185
68 211
68 218
68 221
68 223
68 226
68 227
68 244
68 253
68 258
68 276
68 277
68 293
68 306
68 313
68 321
68 322
68 323
68 333
68 336
68 341
68 342
68 347
69 63
69 87
69 96
69 100
69 103
69 112
69 113
69 119
69 123
69 131
69 134
69 174
69 181
69 183
69 185
69 198
69 211
69 218
69 221
69 223
69 226
69 227
69 244
69 253
69 258
69 276
69 277
69 293
69 306
69 313
69 321
69 322
69 323
69 333
69 336
69 341
69 342
69 347
70 63
70 81
70 87
70 96
70 100
70 103
70 112
70 113
70 119
70 123
70 131
70 134
70 174
70 181
70 183
70 185
70 198
70 211
70 218
70 221
70 223
70 226
70 227
70 244
70 253
70 258
70 276
70 277
70 293
70 306
70 313
70 321
70 322
70 323
70 336
70 341
70 342
70 347
71 87
71 96
71 100
71 103
71 112
71 113
71 119
71 123
71 131
71 134
71 181
71 183
71 185
71 198
71 211
71 218
71 221
71 223
71 226
71 227
71 244
71 253
71 258
71 276
71 277
71 293
71 295
71 306
71 313
71 321
71 322
71 323
71 336
71 341
71 342
71 347
72 87
72 96
72 100
72 103
72 112
72 113
72 119
72 123
72 131
72 134
72 181
72 183
72 185
72 198
72 211
72 218
72 221
72 223
72 226
72 227
72 244
72 253
72 258
72 276
72 277
72 293
72 295
72 306
72 313
72 321
72 322
72 323
72 336
72 341
72 342
72 347
73 87
73 100
73 103
73 112
73 113
73 119
73 123
73 131
73 134
73 183
73 185
73 198
73 211
73 221
73 222
73 223
73 226
73 227
73 244
73 251
73 253
73 258
73 276
73 277
73 293
73 295
73 306
73 313
73 321
73 322
73 323
73 336
73 341
73 342
73 347
74 87
74 100
74 103
74 112
74 113
74 119
74 123
74 131
74 134
74 183
74 185
74 198
74 211
74 221
74 222
74 223
74 226
74 227
74 244
74 251
74 253
74 258
74 276
74 277
74 293
74 295
74 306
74 313
74 321
74 322
74 323
74 336
74 341
74 342
74 347
75 87
75 100
75 103
75 112
75 113
75 119
75 123
75 131
75 134
75 183
75 185
75 198
75 211
75 221
75 222
75 223
75 226
75 227
75 244
75 251
75 253
75 258
75 276
75 277
75 293
75 295
75 306
75 313
75 321
75 322
75 323
75 336
75 341
75 342
75 347
76 87
76 100
76 112
76 119
76 123
76 131
76 134
76 183
76 185
76 198
76 211
76 221
76 222
76 223
76 226
76 227
76 244
76 251
76 253
76 258
76 276
76 277
76 293
76 295
76 306
76 313
76 321
76 322
76 323
76 336
76 341
76 342
76 347
77 87
77 100
77 112
77 119
77 123
77 131
77 134
77 183
77 185
77 198
77 211
77 221
77 222
77 223
77 226
77 227
77 244
77 251
77 253
77 258
77 276
77 277
77 293
77 295
77 306
77 313
77 321
77 322
77 323
77 336
77 341
77 342
77 347
78 100
78 112
78 119
78 123
78 126
78 131
78 134
78 183
78 185
78 198
78 211
78 221
78 222
78 223
78 226
78 227
78 244
78 251
78 253
78 258
78 276
78 277
78 293
78 306
78 311
78 313
78 321
78 322
78 323
78 336
78 341
78 342
78 347
79 100
79 112
79 119
79 123
79 126
79 128
79 145
79 148
79 183
79 185
79 198
79 211
79 222
79 226
79 227
79 244
79 251
79 253
79 258
79 266
79 276
79 277
79 293
79 306
79 311
79 313
79 321
79 323
79 331
79 336
79 341
79 342
79 347
80 100
80 119
80 126
80 128
80 143
80 145
80 183
80 185
80 198
80 211
80 226
80 227
80 244
80 251
80 253
80 258
80 266
80 276
80 277
80 293
80 306
80 311
80 313
80 321
80 323
80 331
80 336
80 341
80 342
80 347
81 100
81 119
81 126
81 128
81 143
81 145
81 183
81 185
81 198
81 211
81 226
81 227
81 244
81 251
81 253
81 258
81 266
81 276
81 277
81 293
81 306
81 311
81 321
81 323
81 331
81 336
81 341
81 342
81 347
82 100
82 128
82 145
82 183
82 185
82 211
82 226
82 227
82 244
82 251
82 253
82 258
82 276
82 277
82 293
82 306
82 311
82 321
82 323
82 331
82 336
82 341
82 342
82 347
83 100
83 128
83 145
83 183
83 185
83 211
83 226
83 227
83 244
83 251
83 253
83 258
83 276
83 277
83 293
83 306
83 311
83 321
83 323
83 331
83 336
83 341
83 342
83 347
84 100
84 128
84 145
84 183
84 185
84 211
84 226
84 227
84 244
84 251
84 253
84 258
84 276
84 277
84 293
84 306
84 311
84 321
84 323
84 331
84 336
84 341
84 342
84 347
85 100
85 128
85 145
85 183
85 185
85 211
85 226
85 227
85 244
85 251
85 253
85 258
85 276
85 277
85 293
85 306
85 311
85 321
85 323
85 331
85 336
85 341
85 342
85 347
86 100
86 128
86 145
86 168
86 183
86 185
86 211
86 226
86 227
86 244
86 251
86 253
86 258
86 276
86 277
86 293
86 306
86 311
86 321
86 323
86 331
86 336
86 341
86 342
86 347
87 100
87 121
87 128
87 145
87 168
87 183
87 185
87 211
87 226
87 227
87 244
87 251
87 253
87 258
87 276
87 277
87 293
87 306
87 311
87 321
87 323
87 331
87 336
87 341
87 342
87 347
88 100
88 109
88 127
88 128
88 145
88 168
88 183
88 185
88 211
88 213
88 217
88 226
88 227
88 244
88 251
88 253
88 258
88 276
88 277
88 293
88 306
88 311
88 318
88 321
88 323
88 331
88 332
88 336
88 341
88 342
88 347
89 100
89 109
89 127
89 128
89 145
89 168
89 176
89 183
89 185
89 211
89 213
89 217
89 226
89 227
89 244
89 251
89 253
89 258
89 276
89 277
89 293
89 306
89 311
89 318
89 321
89 323
89 331
89 332
89 336
89 341
89 347
90 100
90 109
90 127
90 128
90 145
90 168
90 176
90 183
90 185
90 211
90 213
90 226
90 227
90 244
90 251
90 253
90 258
90 276
90 277
90 293
90 306
90 311
90 318
90 321
90 323
90 331
90 332
90 336
90 341
90 347
91 92
91 100
91 105
91 109
91 127
91 128
91 145
91 168
91 176
91 183
91 185
91 211
91 213
91 227
91 244
91 251
91 258
91 276
91 277
91 293
91 306
91 311
91 318
91 321
91 323
91 331
91 332
91 336
91 341
91 347
92 92
92 100
92 105
92 109
92 117
92 127
92 128
92 145
92 165
92 168
92 176
92 185
92 211
92 213
92 227
92 244
92 258
92 276
92 277
92 306
92 311
92 321
92 323
92 331
92 332
92 336
92 341
92 347
93 92
93 100
93 105
93 109
93 117
93 127
93 128
93 145
93 165
93 168
93 176
93 185
93 211
93 213
93 227
93 244
93 258
93 276
93 277
93 306
93 311
93 321
93 323
93 331
93 332
93 336
93 341
93 347
94 92
94 100
94 105
94 109
94 114
94 117
94 127
94 128
94 145
94 165
94 168
94 176
94 211
94 213
94 219
94 227
94 244
94 258
94 276
94 277
94 306
94 311
94 321
94 323
94 331
94 332
94 336
94 341
94 347
94 348
95 105
95 109
95 114
95 117
95 127
95 128
95 129
95 145
95 165
95 168
95 176
95 211
95 219
95 227
95 228
95 244
95 258
95 276
95 277
95 306
95 311
95 321
95 323
95 331
95 332
95 336
95 341
95 347
95 348
96 105
96 109
96 114
96 117
96 127
96 128
96 129
96 145
96 165
96 168
96 176
96 211
96 219
96 227
96 228
96 244
96 258
96 276
96 277
96 306
96 311
96 321
96 323
96 331
96 332
96 336
96 341
96 347
96 348
97 105
97 109
97 114
97 117
97 127
97 128
97 129
97 145
97 165
97 168
97 176
97 211
97 227
97 228
97 244
97 258
97 276
97 277
97 306
97 311
97 321
97 323
97 331
97 332
97 334
97 336
97 341
97 347
98 105
98 109
98 114
98 117
98 127
98 128
98 129
98 145
98 165
98 168
98 176
98 211
98 227
98 228
98 244
98 258
98 276
98 277
98 306
98 311
98 321
98 323
98 331
98 332
98 334
98 336
98 341
98 347
99 105
99 109
99 114
99 117
99 127
99 128
99 129
99 145
99 165
99 168
99 176
99 211
99 227
99 228
99 244
99 258
99 276
99 277
99 306
99 311
99 321
99 323
99 331
99 332
99 334
99 336
99 341
99 347
100 105
100 109
100 114
100 117
100 127
100 128
100 129
100 145
100 165
100 168
100 176
100 211
100 227
100 228
100 244
100 258
100 276
100 277
100 306
100 311
100 321
100 323
100 331
100 332
100 334
100 336
100 341
100 347
101 109
101 114
101 117
101 127
101 128
101 129
101 145
101 165
101 168
101 176
101 211
101 227
101 228
101 258
101 276
101 277
101 306
101 311
101 321
101 323
101 331
101 332
101 334
101 336
101 341
101 347
102 109
102 114
102 117
102 127
102 128
102 129
102 165
102 168
102 176
102 211
102 227
102 228
102 258
102 276
102 277
102 306
102 311
102 321
102 323
102 331
102 332
102 334
102 336
102 341
102 347
103 114
103 117
103 128
103 129
103 144
103 158
103 165
103 168
103 176
103 227
103 228
103 258
103 276
103 277
103 306
103 311
103 321
103 323
103 331
103 336
103 347
104 128
104 129
104 152
104 158
104 165
104 168
104 172
104 176
104 227
104 228
104 239
104 249
104 258
104 276
104 277
104 321
104 323
104 331
104 336
104 347
105 128
105 129
105 152
105 158
105 165
105 168
105 172
105 176
105 227
105 228
105 239
105 249
105 258
105 276
105 277
105 321
105 323
105 331
105 336
105 347
106 128
106 129
106 152
106 158
106 165
106 168
106 172
106 176
106 227
106 228
106 239
106 249
106 258
106 276
106 277
106 289
106 323
106 331
106 336
106 347
107 128
107 129
107 152
107 158
107 165
107 168
107 172
107 176
107 227
107 228
107 239
107 249
107 258
107 276
107 277
107 289
107 323
107 331
107 336
107 347
108 128
108 129
108 152
108 158
108 165
108 168
108 176
108 177
108 227
108 228
108 239
108 249
108 258
108 276
108 277
108 289
108 323
108 331
108 336
108 347
109 128
109 152
109 158
109 165
109 168
109 176
109 177
109 227
109 228
109 239
109 249
109 258
109 276
109 277
109 289
109 312
109 323
109 331
109 336
109 347
110 128
110 152
110 165
110 168
110 176
110 177
110 227
110 228
110 239
110 249
110 258
110 276
110 277
110 289
110 290
110 312
110 323
110 331
110 336
110 347
111 128
111 152
111 165
111 168
111 176
111 177
111 227
111 228
111 239
111 245
111 249
111 258
111 276
111 277
111 289
111 290
111 312
111 323
111 331
111 336
111 347
112 128
112 152
112 165
112 168
112 176
112 177
112 227
112 228
112 239
112 245
112 249
112 258
112 276
112 277
112 289
112 290
112 312
112 323
112 331
112 336
112 347
113 128
113 138
113 146
113 152
113 165
113 168
113 173
113 176
113 227
113 228
113 239
113 240
113 245
113 249
113 258
113 276
113 277
113 289
113 290
113 312
113 323
113 331
113 336
113 340
113 347
114 128
114 138
114 146
114 152
114 163
114 165
114 168
114 173
114 176
114 227
114 228
114 239
114 240
114 245
114 249
114 258
114 276
114 277
114 289
114 290
114 312
114 323
114 331
114 336
114 340
114 347
115 128
115 138
115 146
115 152
115 163
115 165
115 168
115 173
115 176
115 227
115 228
115 239
115 240
115 245
115 249
115 258
115 276
115 277
115 289
115 290
115 312
115 323
115 331
115 336
115 340
115 347
116 128
116 138
116 146
116 152
116 163
116 165
116 168
116 173
116 176
116 227
116 228
116 239
116 240
116 245
116 249
116 258
116 276
116 277
116 289
116 290
116 312
116 323
116 331
116 336
116 340
116 347
117 138
117 146
117 152
117 163
117 165
117 168
117 173
117 176
117 227
117 228
117 239
117 240
117 245
117 249
117 258
117 277
117 289
117 290
117 312
117 323
117 331
117 336
117 340
117 347
118 138
118 146
118 152
118 163
118 165
118 168
118 173
118 176
118 227
118 228
118 240
118 245
118 249
118 258
118 277
118 289
118 290
118 312
118 323
118 331
118 336
118 340
118 347
119 138
119 146
119 150
119 152
119 163
119 165
119 168
119 173
119 176
119 227
119 228
119 240
119 245
119 249
119 258
119 277
119 289
119 290
119 312
119 323
119 331
119 336
119 340
119 347
120 138
120 150
120 152
120 162
120 165
120 168
120 173
120 176
120 179
120 186
120 227
120 228
120 240
120 245
120 249
120 258
120 277
120 289
120 290
120 300
120 312
120 323
120 331
120 336
120 340
120 347
121 138
121 150
121 152
121 162
121 165
121 168
121 173
121 176
121 179
121 186
121 227
121 228
121 240
121 245
121 249
121 258
121 277
121 289
121 290
121 300
121 312
121 323
121 331
121 336
121 340
121 347
122 138
122 150
122 165
122 168
122 171
122 173
122 176
122 179
122 186
122 227
122 228
122 240
122 245
122 249
122 258
122 277
122 289
122 290
122 300
122 312
122 323
122 331
122 336
122 340
122 347
123 138
123 150
123 165
123 168
123 171
123 173
123 176
123 179
123 186
123 228
123 240
123 245
123 249
123 258
123 271
123 277
123 289
123 290
123 300
123 312
123 323
123 331
123 336
123 340
123 347
124 138
124 150
124 165
124 168
124 171
124 173
124 176
124 179
124 186
124 228
124 240
124 245
124 249
124 258
124 271
124 277
124 289
124 290
124 300
124 312
124 323
124 331
124 336
124 340
124 347
125 138
125 140
125 150
125 165
125 168
125 171
125 173
125 179
125 186
125 215
125 216
125 228
125 240
125 245
125 249
125 258
125 271
125 277
125 289
125 290
125 300
125 312
125 323
125 331
125 336
125 340
125 347
126 138
126 150
126 165
126 168
126 171
126 173
126 175
126 179
126 186
126 199
126 200
126 215
126 216
126 228
126 234
126 240
126 245
126 256
126 265
126 271
126 277
126 289
126 290
126 312
126 323
126 331
126 336
126 340
126 347
127 135
127 138
127 150
127 155
127 165
127 168
127 171
127 173
127 175
127 179
127 186
127 199
127 200
127 215
127 216
127 228
127 234
127 236
127 237
127 245
127 256
127 259
127 265
127 271
127 277
127 289
127 290
127 312
127 319
127 323
127 330
127 331
127 340
127 347
128 135
128 138
128 150
128 155
128 168
128 171
128 173
128 175
128 179
128 186
128 199
128 200
128 215
128 216
128 228
128 234
128 236
128 237
128 245
128 256
128 259
128 265
128 271
128 277
128 289
128 290
128 312
128 319
128 323
128 330
128 331
128 340
128 347
129 135
129 138
129 150
129 168
129 170
129 171
129 173
129 175
129 179
129 186
129 199
129 200
129 215
129 216
129 228
129 234
129 236
129 237
129 245
129 256
129 259
129 265
129 271
129 277
129 289
129 290
129 312
129 319
129 323
129 330
129 331
129 340
129 347
130 135
130 138
130 150
130 168
130 170
130 171
130 173
130 175
130 179
130 186
130 199
130 200
130 215
130 216
130 228
130 234
130 236
130 237
130 245
130 256
130 259
130 265
130 271
130 289
130 290
130 312
130 319
130 323
130 330
130 331
130 340
130 347
131 138
131 150
131 167
131 168
131 170
131 171
131 173
131 175
131 179
131 186
131 199
131 200
131 215
131 216
131 234
131 236
131 237
131 245
131 256
131 259
131 265
131 271
131 287
131 289
131 290
131 312
131 319
131 323
131 330
131 331
131 340
131 347
132 138
132 150
132 167
132 168
132 170
132 171
132 173
132 175
132 179
132 186
132 199
132 200
132 215
132 216
132 234
132 236
132 237
132 245
132 256
132 259
132 265
132 271
132 287
132 289
132 290
132 312
132 319
132 323
132 330
132 331
132 340
132 347
133 138
133 150
133 159
133 161
133 168
133 170
133 171
133 173
133 175
133 179
133 186
133 188
133 199
133 200
133 215
133 234
133 236
133 237
133 245
133 256
133 259
133 265
133 271
133 287
133 289
133 290
133 312
133 319
133 323
133 330
133 331
134 138
134 150
134 159
134 161
134 168
134 170
134 171
134 173
134 175
134 179
134 186
134 188
134 199
134 200
134 215
134 234
134 236
134 237
134 245
134 256
134 259
134 265
134 271
134 287
134 289
134 290
134 312
134 319
134 323
134 330
134 331
135 138
135 150
135 161
135 168
135 170
135 171
135 173
135 175
135 179
135 186
135 188
135 199
135 200
135 215
135 234
135 236
135 237
135 245
135 256
135 259
135 271
135 287
135 289
135 312
135 319
135 323
135 330
135 331
136 138
136 150
136 161
136 168
136 170
136 171
136 173
136 175
136 179
136 186
136 188
136 199
136 200
136 215
136 234
136 236
136 237
136 245
136 256
136 259
136 271
136 287
136 289
136 312
136 319
136 323
136 330
136 331
137 138
137 150
137 161
137 168
137 170
137 171
137 173
137 175
137 179
137 186
137 188
137 199
137 200
137 215
137 234
137 236
137 237
137 245
137 256
137 259
137 271
137 287
137 289
137 312
137 319
137 323
137 330
137 331
138 138
138 150
138 168
138 170
138 171
138 173
138 175
138 179
138 186
138 188
138 199
138 200
138 204
138 215
138 234
138 237
138 245
138 256
138 259
138 271
138 287
138 289
138 312
138 319
138 323
138 330
138 331
139 138
139 150
139 168
139 170
139 171
139 173
139 175
139 179
139 186
139 188
139 191
139 199
139 200
139 204
139 215
139 234
139 237
139 245
139 256
139 259
139 271
139 287
139 289
139 312
139 319
139 323
139 330
139 331
140 138
140 150
140 168
140 170
140 171
140 173
140 175
140 179
140 188
140 191
140 199
140 200
140 204
140 215
140 234
140 237
140 245
140 250
140 256
140 259
140 271
140 287
140 289
140 312
140 319
140 323
140 324
140 330
140 331
141 138
141 168
141 171
141 173
141 175
141 179
141 188
141 191
141 199
141 200
141 204
141 215
141 234
141 237
141 245
141 250
141 256
141 259
141 271
141 287
141 289
141 308
141 312
141 319
141 323
141 330
141 331
142 138
142 173
142 179
142 184
142 188
142 191
142 200
142 204
142 215
142 234
142 237
142 245
142 250
142 256
142 259
142 271
142 287
142 289
142 308
142 312
142 319
142 323
142 330
142 331
143 138
143 173
143 179
143 184
143 188
143 191
143 200
143 204
143 215
143 234
143 237
143 245
143 250
143 256
143 259
143 271
143 287
143 289
143 312
143 319
143 323
143 331
144 138
144 173
144 179
144 184
144 188
144 191
144 200
144 204
144 215
144 234
144 237
144 245
144 250
144 256
144 259
144 271
144 287
144 289
144 312
144 319
144 323
144 331
145 138
145 179
145 184
145 188
145 191
145 200
145 204
145 215
145 234
145 237
145 245
145 250
145 256
145 259
145 271
145 287
145 289
145 312
145 319
145 323
145 331
146 138
146 179
146 184
146 191
146 200
146 204
146 215
146 234
146 237
146 245
146 250
146 256
146 259
146 271
146 287
146 289
146 312
146 319
146 323
146 331
147 184
147 191
147 200
147 204
147 215
147 234
147 237
147 245
147 250
147 256
147 259
147 271
147 287
147 289
147 312
147 319
147 323
147 331
148 184
148 191
148 200
148 204
148 215
148 234
148 237
148 250
148 256
148 259
148 271
148 287
148 289
148 312
148 319
148 323
148 331
149 184
149 191
149 200
149 204
149 215
149 234
149 237
149 250
149 256
149 259
149 260
149 271
149 287
149 289
149 312
149 319
149 323
149 331
150 184
150 190
150 191
150 200
150 204
150 215
150 234
150 237
150 250
150 256
150 259
150 260
150 271
150 287
150 289
150 312
150 319
150 323
150 331
151 184
151 190
151 191
151 204
151 215
151 234
151 250
151 256
151 259
151 260
151 271
151 287
151 289
151 312
151 319
151 335
152 184
152 191
152 204
152 215
152 234
152 250
152 256
152 259
152 271
152 287
152 289
152 312
152 319
152 335
153 184
153 191
153 204
153 215
153 231
153 234
153 256
153 259
153 271
153 281
153 285
153 287
153 289
153 312
153 319
154 184
154 191
154 204
154 215
154 231
154 234
154 256
154 259
154 271
154 281
154 285
154 287
154 289
154 312
154 319
155 184
155 191
155 204
155 231
155 234
155 256
155 259
155 271
155 281
155 285
155 287
155 289
155 312
155 319
156 184
156 191
156 204
156 231
156 234
156 256
156 259
156 271
156 281
156 285
156 287
156 289
156 312
156 319
157 184
157 191
157 204
157 231
157 234
157 256
157 259
157 271
157 281
157 285
157 287
157 289
157 312
157 319
158 191
158 204
158 231
158 234
158 256
158 259
158 271
158 281
158 285
158 287
158 289
158 312
158 319
159 191
159 204
159 231
159 234
159 256
159 259
159 271
159 281
159 285
159 287
159 289
159 312
159 319
160 191
160 204
160 234
160 256
160 259
160 271
160 281
160 285
160 287
160 289
160 312
160 319
161 191
161 204
161 234
161 256
161 271
161 281
161 285
161 287
161 312
161 319
162 191
162 204
162 234
162 256
162 271
162 281
162 285
162 287
162 312
162 319
163 204
163 234
163 256
163 257
163 271
163 281
163 285
163 287
163 312
163 319
164 187
164 204
164 234
164 256
164 257
164 271
164 281
164 285
164 287
164 312
164 319
165 187
165 204
165 234
165 256
165 257
165 271
165 281
165 285
165 287
165 312
165 319
166 187
166 202
166 204
166 234
166 256
166 257
166 271
166 281
166 285
166 287
166 312
166 319
167 187
167 202
167 256
167 257
167 271
167 281
167 285
167 287
167 312
167 319
168 187
168 202
168 256
168 257
168 271
168 281
168 285
168 287
168 312
168 319
169 187
169 202
169 256
169 257
169 271
169 281
169 285
169 287
169 312
169 319
170 187
170 202
170 256
170 257
170 271
170 281
170 285
170 287
170 312
170 319
171 187
171 202
171 256
171 257
171 271
171 281
171 285
171 287
171 312
171 319
172 187
172 202
172 212
172 238
172 256
172 257
172 271
172 281
172 285
172 287
172 312
172 319
173 187
173 202
173 212
173 256
173 257
173 271
173 279
173 281
173 285
173 287
173 292
173 312
173 319
174 187
174 202
174 212
174 256
174 257
174 271
174 281
174 285
174 287
174 292
174 312
174 319
175 187
175 202
175 212
175 257
175 271
175 281
175 285
175 287
175 292
175 312
175 319
176 187
176 202
176 206
176 212
176 235
176 257
176 271
176 281
176 285
176 287
176 292
176 312
176 316
176 319
177 187
177 194
177 202
177 206
177 212
177 235
177 257
177 271
177 281
177 287
177 292
177 316
177 319
178 187
178 194
178 202
178 206
178 212
178 235
178 257
178 271
178 281
178 287
178 292
178 316
178 319
179 187
179 194
179 202
179 206
179 212
179 235
179 257
179 271
179 281
179 287
179 292
179 316
179 319
180 187
180 194
180 202
180 206
180 212
180 235
180 257
180 271
180 281
180 287
180 292
180 316
180 319
181 187
181 202
181 206
181 212
181 235
181 257
181 271
181 272
181 281
181 287
181 292
181 316
181 319
182 187
182 202
182 206
182 212
182 235
182 257
182 271
182 272
182 281
182 287
182 292
182 316
182 319
183 187
183 202
183 206
183 212
183 235
183 257
183 271
183 272
183 281
183 287
183 292
183 316
183 319
184 202
184 206
184 212
184 235
184 255
184 257
184 269
184 270
184 271
184 272
184 281
184 287
184 291
184 316
184 319
185 202
185 206
185 212
185 235
185 255
185 257
185 269
185 270
185 271
185 272
185 281
185 287
185 291
185 316
185 319
186 202
186 206
186 212
186 235
186 255
186 257
186 269
186 270
186 271
186 272
186 281
186 287
186 291
186 316
186 319
187 202
187 206
187 212
187 255
187 257
187 269
187 270
187 271
187 272
187 275
187 281
187 287
187 291
187 316
188 202
188 206
188 212
188 255
188 257
188 269
188 270
188 271
188 272
188 275
188 281
188 287
188 291
188 316
189 202
189 206
189 212
189 255
189 257
189 269
189 270
189 271
189 272
189 275
189 281
189 287
189 291
189 316
190 202
190 206
190 212
190 255
190 257
190 269
190 270
190 271
190 272
190 275
190 281
190 287
190 291
190 316
191 202
191 206
191 212
191 255
191 257
191 269
191 270
191 271
191 272
191 275
191 281
191 287
191 291
191 316
192 202
192 206
192 212
192 255
192 257
192 269
192 270
192 271
192 272
192 275
192 281
192 287
192 291
192 316
193 202
193 206
193 209
193 212
193 255
193 257
193 269
193 270
193 271
193 272
193 275
193 281
193 287
193 291
193 316
194 202
194 206
194 209
194 212
194 255
194 257
194 269
194 270
194 271
194 272
194 275
194 281
194 287
194 291
194 316
195 202
195 206
195 209
195 212
195 220
195 255
195 257
195 269
195 270
195 272
195 275
195 281
195 287
195 291
195 316
196 202
196 206
196 209
196 212
196 220
196 255
196 257
196 269
196 270
196 272
196 275
196 281
196 287
196 291
196 316
197 202
197 206
197 209
197 212
197 220
197 230
197 257
197 261
197 269
197 270
197 272
197 275
197 281
197 287
197 291
197 298
197 316
198 202
198 206
198 209
198 212
198 220
198 257
198 261
198 269
198 270
198 272
198 275
198 281
198 287
198 291
198 298
198 316
199 202
199 206
199 209
199 220
199 257
199 261
199 269
199 270
199 272
199 275
199 281
199 287
199 291
199 298
199 316
200 202
200 206
200 209
200 220
200 261
200 269
200 270
200 272
200 275
200 281
200 287
200 291
200 298
200 316
201 202
201 206
201 209
201 220
201 261
201 269
201 270
201 272
201 281
201 287
201 291
201 298
201 316
202 202
202 206
202 209
202 220
202 261
202 269
202 270
202 272
202 281
202 287
202 291
202 298
202 316
203 202
203 205
203 206
203 209
203 220
203 261
203 269
203 270
203 272
203 281
203 287
203 291
203 298
203 316
204 202
204 205
204 206
204 209
204 220
204 261
204 269
204 270
204 272
204 281
204 287
204 291
204 298
204 316
205 202
205 205
205 206
205 209
205 220
205 261
205 270
205 281
205 287
205 291
205 298
205 316
206 202
206 205
206 206
206 209
206 220
206 224
206 261
206 270
206 281
206 287
206 291
206 298
206 316
207 202
207 206
207 209
207 220
207 224
207 261
207 270
207 281
207 287
207 291
207 298
207 314
207 316
207 343
208 202
208 206
208 209
208 220
208 261
208 270
208 281
208 287
208 291
208 298
208 314
208 316
208 343
209 202
209 206
209 209
209 220
209 261
209 270
209 281
209 287
209 291
209 298
209 314
209 316
209 343
210 202
210 206
210 209
210 220
210 261
210 270
210 281
210 287
210 291
210 298
210 314
210 316
210 343
211 202
211 206
211 209
211 220
211 248
211 261
211 270
211 281
211 287
211 291
211 298
211 314
211 316
211 343
212 206
212 209
212 220
212 242
212 261
212 270
212 281
212 287
212 291
212 298
212 314
212 316
212 343
213 206
213 209
213 220
213 242
213 261
213 270
213 281
213 287
213 291
213 298
213 314
213 316
213 343
214 206
214 209
214 220
214 242
214 261
214 270
214 281
214 287
214 291
214 314
214 316
214 343
215 206
215 209
215 242
215 261
215 270
215 281
215 284
215 287
215 291
215 314
215 316
215 343
216 206
216 209
216 242
216 261
216 270
216 281
216 284
216 287
216 291
216 314
216 316
216 343
217 209
217 242
217 261
217 264
217 270
217 280
217 281
217 284
217 287
217 291
217 314
217 316
217 343
218 209
218 242
218 261
218 264
218 270
218 274
218 280
218 281
218 284
218 287
218 291
218 314
218 316
218 343
219 209
219 242
219 261
219 264
219 270
219 274
219 280
219 281
219 284
219 287
219 291
219 314
219 316
219 343
220 209
220 242
220 261
220 264
220 270
220 274
220 280
220 281
220 284
220 287
220 291
220 314
220 316
220 343
221 241
221 242
221 261
221 264
221 270
221 274
221 280
221 281
221 284
221 287
221 291
221 314
221 316
222 241
222 242
222 261
222 264
222 270
222 274
222 280
222 281
222 284
222 287
222 291
222 314
222 316
223 241
223 242
223 261
223 264
223 270
223 274
223 280
223 281
223 284
223 287
223 291
223 310
223 314
223 316
224 242
224 261
224 264
224 270
224 274
224 280
224 281
224 284
224 291
224 310
224 314
224 316
225 242
225 261
225 264
225 270
225 274
225 280
225 281
225 284
225 291
225 310
225 314
225 316
226 242
226 261
226 264
226 270
226 274
226 280
226 281
226 284
226 291
226 310
226 314
226 316
227 242
227 252
227 261
227 264
227 270
227 274
227 280
227 281
227 282
227 284
227 291
227 310
227 314
227 316
228 242
228 252
228 261
228 264
228 270
228 274
228 280
228 281
228 282
228 284
228 291
228 310
228 314
228 316
229 242
229 252
229 261
229 270
229 274
229 280
229 281
229 282
229 284
229 291
229 310
229 314
229 316
229 344
230 242
230 252
230 261
230 270
230 280
230 282
230 284
230 291
230 301
230 303
230 310
230 316
230 327
230 344
231 242
231 252
231 261
231 270
231 280
231 282
231 284
231 291
231 301
231 303
231 310
231 316
231 327
231 329
231 344
232 242
232 252
232 261
232 270
232 280
232 282
232 284
232 291
232 301
232 303
232 310
232 316
232 327
232 329
232 344
233 242
233 252
233 261
233 270
233 280
233 282
233 284
233 291
233 301
233 303
233 310
233 316
233 327
233 329
233 344
234 242
234 252
234 261
234 270
234 280
234 282
234 284
234 291
234 301
234 303
234 310
234 316
234 327
234 329
234 344
235 242
235 252
235 261
235 270
235 284
235 291
235 301
235 303
235 310
235 316
235 327
235 329
236 242
236 252
236 261
236 270
236 284
236 291
236 301
236 303
236 310
236 316
236 327
236 329
237 252
237 261
237 270
237 284
237 291
237 301
237 303
237 310
237 316
237 327
237 329
238 252
238 261
238 270
238 284
238 291
238 301
238 303
238 310
238 316
238 327
238 329
239 252
239 261
239 270
239 284
239 291
239 301
239 310
239 316
239 327
239 329
240 252
240 261
240 270
240 284
240 291
240 296
240 301
240 310
240 316
240 327
240 329
241 252
241 261
241 270
241 284
241 291
241 296
241 301
241 305
241 310
241 316
241 327
241 329
242 252
242 261
242 284
242 296
242 301
242 305
242 310
242 316
242 327
242 329
243 252
243 261
243 284
243 296
243 301
243 305
243 310
243 316
243 327
243 329
244 252
244 261
244 284
244 296
244 301
244 305
244 310
244 316
244 327
244 329
245 252
245 261
245 284
245 296
245 301
245 305
245 310
245 316
245 327
245 329
246 252
246 261
246 284
246 296
246 301
246 305
246 310
246 316
246 327
246 329
247 252
247 261
247 284
247 296
247 301
247 305
247 310
247 316
247 327
247 329
248 252
248 261
248 284
248 296
248 301
248 305
248 310
248 316
248 327
248 329
249 252
249 254
249 261
249 284
249 296
249 301
249 305
249 310
249 316
249 327
249 329
250 252
250 254
250 261
250 284
250 296
250 301
250 305
250 310
250 316
250 327
250 329
251 252
251 254
251 261
251 284
251 296
251 301
251 305
251 310
251 316
251 327
251 328
251 329
252 252
252 254
252 261
252 284
252 296
252 301
252 305
252 310
252 316
252 327
252 328
252 329
253 252
253 254
253 261
253 284
253 296
253 301
253 305
253 310
253 316
253 327
253 328
253 329
254 252
254 254
254 261
254 284
254 296
254 301
254 305
254 310
254 316
254 327
254 328
254 329
255 252
255 254
255 261
255 284
255 296
255 301
255 305
255 310
255 316
255 327
255 328
255 329
255 349
256 252
256 254
256 284
256 296
256 301
256 305
256 310
256 316
256 327
256 328
256 329
256 349
257 252
257 254
257 284
257 296
257 301
257 305
257 310
257 316
257 327
257 328
257 329
257 349
258 252
258 284
258 296
258 301
258 310
258 316
258 327
258 328
258 329
258 349
259 252
259 268
259 296
259 301
259 310
259 316
259 327
259 328
259 329
259 349
260 252
260 268
260 296
260 301
260 310
260 316
260 327
260 328
260 329
260 349
261 252
261 268
261 297
261 301
261 310
261 316
261 327
261 328
261 349
262 252
262 268
262 297
262 301
262 310
262 316
262 327
262 328
262 349
263 252
263 268
263 297
263 301
263 310
263 316
263 327
263 349
264 252
264 297
264 301
264 310
264 316
264 327
264 346
264 349
265 252
265 297
265 301
265 310
265 316
265 327
265 346
265 349
266 252
266 297
266 301
266 310
266 316
266 327
266 346
266 349
267 252
267 297
267 301
267 310
267 316
267 327
267 346
267 349
268 252
268 297
268 301
268 310
268 316
268 327
268 346
268 349
269 252
269 283
269 297
269 301
269 310
269 316
269 327
269 338
269 346
269 349
270 252
270 283
270 297
270 301
270 310
270 316
270 327
270 338
270 346
270 349
271 252
271 283
271 297
271 301
271 310
271 316
271 327
271 338
271 346
271 349
272 252
272 283
272 297
272 301
272 310
272 316
272 327
272 338
272 346
272 349
273 252
273 283
273 297
273 301
273 310
273 316
273 327
273 338
273 346
273 349
274 252
274 283
274 297
274 301
274 310
274 316
274 327
274 338
274 346
274 349
275 252
275 283
275 297
275 301
275 310
275 316
275 327
275 338
275 346
275 349
276 283
276 301
276 310
276 315
276 316
276 327
276 338
276 349
277 283
277 301
277 310
277 315
277 316
277 338
277 349
278 283
278 301
278 310
278 315
278 316
278 338
278 349
279 283
279 301
279 310
279 315
279 316
279 338
279 349
280 283
280 301
280 310
280 315
280 316
280 338
280 349
281 283
281 301
281 310
281 315
281 316
281 338
281 349
282 283
282 301
282 310
282 315
282 316
282 338
282 349
283 283
283 301
283 310
283 315
283 316
283 338
283 349
284 283
284 301
284 310
284 315
284 316
284 338
284 349
285 283
285 301
285 310
285 315
285 316
285 338
285 349
286 283
286 301
286 310
286 315
286 316
286 338
286 349
287 283
287 301
287 310
287 315
287 316
287 338
287 349
288 283
288 301
288 310
288 315
288 316
288 338
288 349
289 283
289 301
289 310
289 315
289 316
289 338
289 349
290 283
290 301
290 316
290 337
290 338
290 349
291 283
291 301
291 316
291 337
291 338
291 349
292 283
292 301
292 316
292 337
292 338
292 349
293 283
293 301
293 316
293 317
293 337
293 338
293 349
294 283
294 301
294 316
294 317
294 337
294 338
294 349
295 283
295 301
295 317
295 337
295 338
295 349
296 283
296 301
296 317
296 337
296 338
296 349
297 283
297 301
297 317
297 337
297 338
297 349
298 283
298 301
298 317
298 337
298 338
298 349
299 283
299 301
299 317
299 338
299 349
300 283
300 301
300 317
300 338
300 349
301 283
301 301
301 317
301 338
301 349
302 283
302 301
302 317
302 338
302 349
303 283
303 301
303 317
303 338
303 349
304 283
304 301
304 317
304 338
304 349
305 283
305 301
305 317
305 338
305 349
306 283
306 301
306 317
306 338
306 349
307 283
307 301
307 317
307 338
307 349
308 283
308 301
308 317
308 338
308 349
309 317
309 338
309 339
309 349
310 317
310 338
310 339
310 349
311 317
311 338
311 339
311 349
312 317
312 339
312 349
313 317
313 339
313 349
314 317
314 339
314 349
315 317
315 339
315 349
316 317
316 349
317 317
317 349
318 317
318 349
319 317
319 349
320 317
320 349
321 317
321 349
322 317
322 349
323 317
323 349
324 317
324 349
325 317
325 349
326 317
326 349
327 317
327 349
328 317
328 349
329 317
329 349
330 317
330 349
331 317
331 349
332 317
332 349
333 317
334 317
335 317
336 317
337 317
338 317
339 317
340 317
