1 37
1 58
2 37
2 58
3 13
3 31
3 37
3 58
4 8
4 14
4 15
4 23
4 31
4 33
4 35
4 58
4 104
4 121
4 130
4 202
4 214
4 298
5 20
5 27
5 28
5 31
5 35
5 41
5 46
5 58
5 73
5 92
5 97
5 104
5 121
5 130
5 202
5 214
5 290
5 298
5 311
5 347
6 18
6 19
6 20
6 27
6 28
6 31
6 32
6 35
6 41
6 58
6 73
6 92
6 97
6 104
6 121
6 130
6 202
6 298
6 311
6 347
7 11
7 31
7 35
7 36
7 42
7 43
7 58
7 73
7 74
7 82
7 92
7 97
7 104
7 121
7 130
7 195
7 202
7 298
7 311
7 347
8 11
8 31
8 35
8 36
8 42
8 43
8 58
8 73
8 74
8 82
8 92
8 97
8 104
8 121
8 130
8 195
8 202
8 298
8 311
8 347
9 11
9 31
9 35
9 36
9 42
9 43
9 58
9 73
9 74
9 82
9 92
9 97
9 104
9 121
9 130
9 195
9 202
9 298
9 311
9 347
10 11
10 31
10 35
10 36
10 42
10 43
10 45
10 58
10 73
10 74
10 82
10 92
10 97
10 104
10 110
10 130
10 195
10 202
10 298
10 311
10 347
11 11
11 31
11 35
11 36
11 42
11 43
11 45
11 58
11 73
11 74
11 82
11 92
11 97
11 104
11 110
11 130
11 195
11 202
11 298
11 311
11 347
12 17
12 42
12 58
12 73
12 82
12 104
12 110
12 130
12 195
12 202
12 298
12 311
12 347
13 30
13 42
13 58
13 73
13 82
13 104
13 110
13 130
13 195
13 202
13 298
13 311
13 347
14 16
14 30
14 47
14 63
14 82
14 104
14 110
14 130
14 139
14 167
14 195
14 202
14 218
14 291
14 298
14 311
14 347
15 16
15 22
15 30
15 47
15 66
15 76
15 79
15 82
15 94
15 104
15 110
15 111
15 118
15 130
15 139
15 167
15 191
15 195
15 202
15 218
15 291
15 298
15 311
15 347
16 16
16 22
16 30
16 47
16 66
16 76
16 79
16 82
16 94
16 104
16 110
16 111
16 139
16 167
16 191
16 195
16 202
16 218
16 256
16 291
16 298
16 311
16 347
17 16
17 22
17 47
17 66
17 76
17 79
17 82
17 94
17 104
17 110
17 111
17 139
17 167
17 191
17 195
17 202
17 218
17 239
17 256
17 291
17 298
17 311
17 322
17 347
18 16
18 22
18 47
18 66
18 76
18 79
18 82
18 94
18 104
18 110
18 111
18 119
18 139
18 167
18 191
18 195
18 202
18 218
18 239
18 256
18 291
18 298
18 311
18 322
18 347
19 16
19 22
19 29
19 66
19 76
19 79
19 94
19 104
19 110
19 111
19 119
19 139
19 167
19 191
19 195
19 202
19 218
19 239
19 256
19 291
19 298
19 311
19 322
19 347
20 66
20 71
20 76
20 79
20 104
20 110
20 111
20 119
20 139
20 191
20 195
20 202
20 218
20 226
20 239
20 242
20 256
20 291
20 298
20 311
20 322
20 347
21 66
21 76
21 79
21 98
21 104
21 110
21 111
21 119
21 131
21 139
21 191
21 195
21 202
21 218
21 226
21 239
21 242
21 256
21 291
21 298
21 299
21 311
21 322
21 332
21 347
22 49
22 66
22 76
22 79
22 98
22 104
22 110
22 111
22 119
22 131
22 139
22 191
22 195
22 202
22 213
22 218
22 226
22 239
22 242
22 256
22 291
22 299
22 311
22 312
22 322
22 332
22 338
22 347
23 49
23 68
23 76
23 79
23 98
23 104
23 110
23 111
23 119
23 131
23 139
23 191
23 194
23 195
23 202
23 213
23 218
23 226
23 239
23 242
23 256
23 291
23 299
23 311
23 312
23 321
23 322
23 332
23 338
23 347
24 49
24 68
24 76
24 79
24 98
24 104
24 110
24 111
24 119
24 131
24 139
24 191
24 194
24 195
24 202
24 218
24 226
24 239
24 242
24 256
24 291
24 299
24 311
24 312
24 314
24 321
24 322
24 332
24 338
25 40
25 49
25 68
25 76
25 79
25 98
25 104
25 111
25 119
25 131
25 139
25 191
25 194
25 195
25 202
25 225
25 226
25 239
25 242
25 256
25 291
25 299
25 311
25 312
25 314
25 321
25 322
25 332
25 338
26 40
26 49
26 68
26 79
26 98
26 104
26 111
26 119
26 131
26 139
26 191
26 194
26 195
26 202
26 225
26 226
26 239
26 242
26 256
26 291
26 299
26 311
26 312
26 314
26 321
26 322
26 332
26 338
27 34
27 40
27 49
27 68
27 79
27 81
27 98
27 104
27 111
27 119
27 131
27 139
27 191
27 194
27 195
27 202
27 221
27 225
27 226
27 239
27 242
27 256
27 291
27 299
27 311
27 312
27 314
27 321
27 322
27 332
27 338
28 40
28 61
28 79
28 81
28 85
28 111
28 119
28 131
28 139
28 166
28 191
28 194
28 195
28 202
28 225
28 226
28 239
28 242
28 256
28 299
28 311
28 312
28 314
28 321
28 322
28 332
29 40
29 61
29 79
29 81
29 85
29 111
29 119
29 131
29 139
29 166
29 191
29 194
29 195
29 202
29 226
29 239
29 242
29 256
29 299
29 311
29 312
29 314
29 321
29 322
29 332
30 40
30 61
30 79
30 81
30 85
30 111
30 119
30 131
30 139
30 166
30 191
30 194
30 195
30 202
30 226
30 239
30 242
30 256
30 299
30 311
30 312
30 314
30 321
30 322
30 332
31 40
31 61
31 79
31 81
31 85
31 111
31 119
31 131
31 139
31 166
31 191
31 194
31 195
31 202
31 226
31 239
31 242
31 256
31 276
31 299
31 311
31 312
31 314
31 321
31 322
31 332
32 40
32 79
32 81
32 85
32 111
32 119
32 128
32 131
32 139
32 166
32 191
32 194
32 195
32 202
32 226
32 239
32 242
32 256
32 276
32 299
32 311
32 312
32 314
32 321
32 322
32 332
33 40
33 79
33 81
33 85
33 111
33 119
33 128
33 131
33 139
33 166
33 191
33 194
33 195
33 202
33 226
33 239
33 256
33 276
33 299
33 311
33 312
33 314
33 321
33 322
33 332
34 40
34 55
34 79
34 81
34 85
34 111
34 119
34 128
34 131
34 139
34 166
34 191
34 194
34 195
34 197
34 202
34 226
34 239
34 256
34 276
34 278
34 299
34 311
34 312
34 314
34 321
34 322
34 332
35 55
35 81
35 84
35 85
35 111
35 128
35 131
35 136
35 139
35 191
35 194
35 195
35 197
35 202
35 226
35 239
35 256
35 276
35 278
35 299
35 311
35 312
35 314
35 321
35 322
35 332
36 48
36 54
36 55
36 81
36 83
36 84
36 85
36 111
36 131
36 136
36 139
36 146
36 152
36 191
36 194
36 195
36 197
36 202
36 226
36 239
36 255
36 256
36 278
36 299
36 311
36 312
36 314
36 321
36 322
36 332
37 48
37 54
37 81
37 83
37 84
37 85
37 111
37 131
37 136
37 139
37 146
37 152
37 191
37 194
37 195
37 197
37 202
37 226
37 232
37 239
37 255
37 256
37 278
37 299
37 311
37 312
37 314
37 321
37 322
37 332
38 48
38 54
38 81
38 83
38 84
38 85
38 111
38 131
38 136
38 139
38 146
38 152
38 191
38 194
38 195
38 197
38 202
38 226
38 232
38 239
38 255
38 256
38 278
38 299
38 311
38 312
38 314
38 321
38 322
38 332
39 54
39 81
39 83
39 84
39 85
39 90
39 111
39 131
39 136
39 139
39 152
39 191
39 194
39 195
39 197
39 202
39 226
39 232
39 239
39 255
39 256
39 278
39 299
39 311
39 312
39 314
39 321
39 322
39 332
40 54
40 81
40 83
40 84
40 85
40 90
40 111
40 125
40 131
40 136
40 139
40 152
40 191
40 193
40 195
40 197
40 202
40 226
40 232
40 239
40 255
40 256
40 278
40 299
40 311
40 312
40 314
40 321
40 322
40 332
41 54
41 81
41 83
41 84
41 85
41 90
41 111
41 125
41 131
41 136
41 139
41 152
41 191
41 193
41 195
41 197
41 202
41 226
41 232
41 239
41 255
41 256
41 278
41 299
41 311
41 312
41 314
41 321
41 322
41 332
42 52
42 54
42 81
42 83
42 84
42 85
42 90
42 111
42 125
42 131
42 136
42 139
42 152
42 174
42 191
42 193
42 195
42 197
42 202
42 226
42 232
42 239
42 255
42 256
42 258
42 278
42 299
42 311
42 312
42 314
42 321
42 322
42 332
43 44
43 52
43 54
43 65
43 81
43 83
43 84
43 85
43 90
43 111
43 131
43 136
43 139
43 152
43 174
43 191
43 193
43 195
43 197
43 202
43 226
43 232
43 239
43 255
43 256
43 258
43 278
43 299
43 311
43 312
43 314
43 321
43 322
43 332
44 44
44 51
44 52
44 53
44 65
44 81
44 83
44 84
44 85
44 90
44 109
44 111
44 131
44 135
44 136
44 139
44 152
44 174
44 189
44 191
44 193
44 195
44 197
44 202
44 226
44 232
44 239
44 255
44 256
44 258
44 278
44 299
44 311
44 312
44 314
44 321
44 322
44 332
45 44
45 51
45 52
45 53
45 65
45 81
45 83
45 84
45 85
45 90
45 109
45 111
45 131
45 135
45 136
45 139
45 152
45 174
45 189
45 191
45 193
45 195
45 197
45 202
45 226
45 232
45 239
45 255
45 256
45 258
45 278
45 299
45 311
45 312
45 314
45 321
45 322
45 332
46 44
46 51
46 52
46 53
46 65
46 81
46 83
46 84
46 85
46 90
46 109
46 111
46 131
46 135
46 136
46 139
46 174
46 189
46 191
46 193
46 195
46 197
46 202
46 226
46 232
46 239
46 255
46 256
46 258
46 278
46 299
46 311
46 312
46 314
46 321
46 322
46 332
47 51
47 52
47 53
47 59
47 65
47 81
47 83
47 84
47 85
47 90
47 109
47 111
47 115
47 131
47 135
47 136
47 139
47 174
47 189
47 191
47 193
47 195
47 197
47 202
47 226
47 232
47 239
47 255
47 256
47 258
47 278
47 299
47 311
47 312
47 314
47 321
47 322
47 332
48 51
48 59
48 65
48 81
48 83
48 84
48 85
48 90
48 109
48 111
48 115
48 131
48 135
48 136
48 139
48 174
48 189
48 191
48 193
48 195
48 197
48 202
48 226
48 232
48 239
48 255
48 256
48 258
48 278
48 299
48 311
48 312
48 314
48 321
48 322
48 332
49 51
49 59
49 65
49 75
49 81
49 83
49 84
49 85
49 90
49 109
49 111
49 115
49 131
49 135
49 136
49 139
49 174
49 189
49 191
49 193
49 195
49 197
49 202
49 226
49 232
49 239
49 255
49 256
49 258
49 299
49 308
49 311
49 312
49 314
49 321
49 322
49 332
50 51
50 65
50 75
50 81
50 83
50 84
50 85
50 90
50 109
50 111
50 115
50 131
50 135
50 136
50 139
50 171
50 174
50 189
50 191
50 193
50 197
50 202
50 226
50 232
50 239
50 255
50 256
50 258
50 299
50 308
50 311
50 312
50 314
50 321
50 322
50 332
51 51
51 65
51 75
51 81
51 83
51 84
51 85
51 90
51 109
51 111
51 115
51 131
51 135
51 136
51 139
51 171
51 174
51 189
51 191
51 193
51 197
51 202
51 226
51 232
51 239
51 255
51 256
51 258
51 299
51 308
51 311
51 312
51 314
51 321
51 322
51 332
52 56
52 81
52 84
52 85
52 90
52 109
52 111
52 115
52 131
52 135
52 158
52 162
52 183
52 191
52 193
52 197
52 199
52 202
52 226
52 232
52 238
52 239
52 248
52 255
52 256
52 258
52 299
52 308
52 311
52 312
52 314
52 318
52 321
52 322
52 332
53 56
53 81
53 84
53 85
53 87
53 90
53 109
53 111
53 115
53 131
53 135
53 145
53 158
53 162
53 183
53 191
53 193
53 197
53 199
53 202
53 226
53 232
53 238
53 239
53 248
53 255
53 256
53 258
53 299
53 308
53 311
53 312
53 314
53 318
53 321
53 322
53 332
54 56
54 81
54 84
54 85
54 87
54 90
54 109
54 111
54 115
54 131
54 135
54 145
54 158
54 162
54 183
54 191
54 193
54 197
54 199
54 202
54 226
54 232
54 238
54 239
54 248
54 255
54 256
54 258
54 299
54 308
54 311
54 312
54 314
54 318
54 321
54 322
54 332
55 84
55 85
55 87
55 90
55 109
55 111
55 115
55 131
55 145
55 162
55 183
55 191
55 193
55 197
55 199
55 202
55 226
55 232
55 238
55 239
55 248
55 255
55 256
55 258
55 297
55 299
55 308
55 311
55 312
55 314
55 318
55 321
55 322
55 332
56 84
56 87
56 93
56 109
56 111
56 115
56 131
56 145
56 162
56 164
56 183
56 193
56 199
56 202
56 226
56 228
56 232
56 239
56 248
56 255
56 256
56 258
56 259
56 297
56 299
56 308
56 311
56 312
56 314
56 317
56 318
56 321
56 322
57 60
57 62
57 72
57 78
57 84
57 87
57 93
57 102
57 109
57 111
57 115
57 145
57 149
57 162
57 164
57 183
57 188
57 193
57 199
57 202
57 226
57 228
57 239
57 248
57 255
57 256
57 258
57 259
57 297
57 299
57 308
57 311
57 312
57 314
57 317
57 318
57 321
57 322
58 60
58 62
58 72
58 78
58 84
58 87
58 93
58 102
58 109
58 111
58 115
58 145
58 149
58 162
58 164
58 183
58 188
58 193
58 199
58 202
58 226
58 228
58 239
58 248
58 255
58 256
58 258
58 259
58 297
58 299
58 308
58 311
58 312
58 314
58 317
58 318
58 321
58 322
59 60
59 62
59 72
59 77
59 78
59 84
59 87
59 93
59 102
59 109
59 111
59 115
59 145
59 149
59 162
59 164
59 183
59 188
59 193
59 199
59 202
59 228
59 239
59 248
59 255
59 256
59 258
59 259
59 297
59 299
59 308
59 311
59 312
59 314
59 317
59 318
59 321
59 322
59 336
60 60
60 62
60 72
60 78
60 87
60 89
60 93
60 102
60 109
60 111
60 115
60 142
60 145
60 149
60 164
60 173
60 183
60 188
60 193
60 202
60 228
60 239
60 248
60 251
60 255
60 256
60 258
60 297
60 299
60 308
60 311
60 312
60 314
60 317
60 318
60 321
60 322
60 336
60 341
61 60
61 62
61 72
61 78
61 87
61 89
61 91
61 93
61 102
61 107
61 111
61 114
61 142
61 145
61 149
61 173
61 183
61 188
61 193
61 202
61 228
61 239
61 248
61 251
61 255
61 256
61 258
61 297
61 299
61 308
61 311
61 312
61 314
61 317
61 318
61 321
61 322
61 336
61 341
62 60
62 62
62 72
62 78
62 89
62 91
62 93
62 107
62 111
62 114
62 142
62 145
62 149
62 173
62 183
62 188
62 202
62 228
62 239
62 248
62 250
62 251
62 253
62 255
62 256
62 258
62 281
62 299
62 308
62 311
62 312
62 314
62 317
62 318
62 321
62 322
62 336
62 341
63 62
63 72
63 78
63 89
63 91
63 93
63 107
63 111
63 114
63 142
63 145
63 149
63 173
63 183
63 188
63 202
63 228
63 239
63 248
63 250
63 251
63 253
63 255
63 256
63 258
63 281
63 299
63 308
63 311
63 312
63 314
63 317
63 318
63 321
63 322
63 336
63 341
64 62
64 72
64 78
64 89
64 91
64 93
64 107
64 111
64 114
64 142
64 145
64 149
64 173
64 183
64 188
64 202
64 228
64 239
64 248
64 250
64 251
64 253
64 255
64 256
64 258
64 281
64 299
64 308
64 311
64 312
64 314
64 317
64 318
64 321
64 322
64 336
64 341
65 62
65 70
65 72
65 78
65 91
65 93
65 107
65 111
65 114
65 142
65 145
65 149
65 173
65 183
65 202
65 228
65 239
65 248
65 250
65 251
65 253
65 255
65 256
65 258
65 281
65 299
65 308
65 311
65 312
65 314
65 317
65 318
65 321
65 322
65 336
65 341
66 62
66 70
66 72
66 78
66 91
66 93
66 107
66 111
66 114
66 142
66 145
66 149
66 173
66 183
66 202
66 228
66 239
66 248
66 250
66 251
66 253
66 255
66 256
66 258
66 281
66 299
66 308
66 311
66 312
66 314
66 317
66 318
66 321
66 322
66 336
66 341
67 62
67 70
67 72
67 78
67 91
67 93
67 105
67 107
67 111
67 114
67 142
67 145
67 149
67 173
67 183
67 202
67 228
67 239
67 248
67 250
67 251
67 253
67 255
67 256
67 258
67 299
67 308
67 311
67 312
67 314
67 317
67 318
67 321
67 322
67 336
67 341
68 62
68 70
68 72
68 78
68 91
68 93
68 105
68 107
68 111
68 114
68 142
68 145
68 149
68 173
68 183
68 202
68 228
68 239
68 248
68 250
68 251
68 253
68 255
68 256
68 258
68 299
68 308
68 311
68 312
68 314
68 317
68 318
68 321
68 322
68 336
68 341
69 62
69 70
69 72
69 78
69 91
69 93
69 105
69 107
69 111
69 114
69 142
69 145
69 149
69 173
69 183
69 202
69 228
69 239
69 248
69 250
69 251
69 253
69 255
69 256
69 258
69 299
69 308
69 311
69 312
69 314
69 317
69 318
69 321
69 322
69 336
69 341
70 62
70 70
70 72
70 78
70 91
70 93
70 105
70 107
70 111
70 114
70 120
70 142
70 145
70 149
70 173
70 183
70 202
70 228
70 239
70 248
70 250
70 251
70 253
70 255
70 256
70 258
70 299
70 308
70 311
70 312
70 314
70 317
70 318
70 321
70 322
70 336
70 341
71 78
71 80
71 91
71 93
71 99
71 105
71 107
71 114
71 120
71 145
71 173
71 202
71 228
71 239
71 248
71 250
71 251
71 252
71 253
71 255
71 256
71 258
71 299
71 308
71 311
71 312
71 314
71 317
71 318
71 321
71 322
71 330
71 336
71 341
72 78
72 80
72 91
72 93
72 99
72 105
72 107
72 114
72 120
72 145
72 173
72 202
72 228
72 239
72 248
72 250
72 251
72 252
72 253
72 255
72 256
72 258
72 299
72 308
72 311
72 312
72 314
72 317
72 318
72 321
72 322
72 330
72 336
72 341
73 78
73 91
73 93
73 99
73 105
73 107
73 113
73 114
73 120
73 145
73 173
73 202
73 228
73 239
73 248
73 250
73 251
73 252
73 253
73 255
73 256
73 258
73 299
73 308
73 311
73 312
73 314
73 317
73 318
73 321
73 322
73 330
73 336
73 341
74 78
74 91
74 93
74 99
74 105
74 107
74 113
74 114
74 120
74 145
74 173
74 202
74 228
74 239
74 248
74 250
74 251
74 252
74 253
74 255
74 256
74 258
74 299
74 308
74 311
74 312
74 314
74 317
74 318
74 321
74 322
74 330
74 336
74 341
75 91
75 93
75 99
75 105
75 107
75 114
75 120
75 122
75 145
75 173
75 202
75 228
75 239
75 248
75 250
75 251
75 252
75 253
75 255
75 256
75 258
75 299
75 308
75 311
75 312
75 314
75 317
75 318
75 321
75 322
75 336
75 341
76 91
76 93
76 99
76 105
76 107
76 114
76 120
76 122
76 145
76 173
76 202
76 228
76 239
76 248
76 250
76 251
76 252
76 253
76 255
76 256
76 258
76 299
76 308
76 311
76 312
76 314
76 317
76 318
76 321
76 322
76 336
76 341
77 93
77 99
77 105
77 107
77 114
77 120
77 122
77 145
77 173
77 202
77 228
77 239
77 248
77 250
77 251
77 252
77 253
77 255
77 256
77 258
77 299
77 308
77 311
77 312
77 314
77 317
77 318
77 321
77 322
77 336
77 341
78 93
78 99
78 100
78 105
78 114
78 122
78 145
78 173
78 202
78 239
78 248
78 250
78 251
78 252
78 253
78 255
78 256
78 258
78 299
78 308
78 311
78 312
78 314
78 317
78 318
78 321
78 322
78 336
78 341
79 93
79 99
79 100
79 105
79 114
79 122
79 145
79 173
79 202
79 239
79 248
79 250
79 251
79 252
79 253
79 255
79 256
79 258
79 299
79 308
79 311
79 312
79 314
79 317
79 318
79 321
79 322
79 336
79 341
80 93
80 99
80 100
80 105
80 114
80 122
80 145
80 173
80 202
80 239
80 248
80 250
80 251
80 252
80 253
80 255
80 256
80 258
80 299
80 308
80 312
80 314
80 317
80 321
80 322
80 324
80 336
80 341
81 100
81 105
81 106
81 114
81 137
81 145
81 173
81 192
81 202
81 239
81 245
81 250
81 252
81 253
81 255
81 256
81 258
81 299
81 308
81 314
81 317
81 321
81 322
81 324
81 336
81 341
82 105
82 106
82 114
82 145
82 173
82 192
82 202
82 239
82 245
82 250
82 252
82 253
82 255
82 256
82 258
82 299
82 308
82 314
82 317
82 322
82 324
82 336
82 341
83 105
83 106
83 114
83 145
83 173
83 192
83 202
83 239
83 245
83 250
83 252
83 253
83 255
83 256
83 258
83 299
83 308
83 314
83 317
83 322
83 324
83 336
83 341
84 105
84 106
84 114
84 145
84 173
84 192
84 202
84 239
84 245
84 250
84 252
84 253
84 255
84 256
84 258
84 299
84 308
84 314
84 317
84 322
84 324
84 336
84 341
85 105
85 106
85 114
85 145
85 173
85 192
85 202
85 239
85 245
85 247
85 250
85 252
85 253
85 255
85 256
85 258
85 299
85 308
85 317
85 322
85 324
85 336
85 341
86 95
86 105
86 106
86 114
86 129
86 145
86 173
86 192
86 202
86 239
86 245
86 247
86 250
86 253
86 255
86 256
86 258
86 299
86 308
86 317
86 322
86 324
86 336
86 341
87 95
87 96
87 105
87 106
87 114
87 129
87 145
87 173
87 192
87 202
87 239
87 245
87 247
87 250
87 253
87 255
87 256
87 258
87 299
87 308
87 317
87 322
87 324
87 336
87 341
88 95
88 96
88 105
88 106
88 114
88 129
88 145
88 173
88 192
88 202
88 239
88 245
88 247
88 250
88 255
88 256
88 258
88 299
88 308
88 317
88 322
88 324
88 336
88 341
89 95
89 96
89 105
89 106
89 114
89 129
89 145
89 173
89 192
89 202
89 239
89 245
89 247
89 250
89 255
89 256
89 258
89 299
89 308
89 317
89 322
89 324
89 336
89 341
90 95
90 96
90 105
90 106
90 114
90 129
90 145
90 173
90 192
90 202
90 239
90 245
90 247
90 250
90 255
90 256
90 258
90 299
90 308
90 317
90 322
90 324
90 336
90 341
91 95
91 96
91 105
91 114
91 129
91 145
91 173
91 192
91 239
91 245
91 247
91 250
91 255
91 256
91 258
91 299
91 308
91 317
91 322
91 324
91 336
91 341
92 95
92 96
92 105
92 114
92 129
92 145
92 173
92 192
92 227
92 239
92 245
92 247
92 250
92 255
92 258
92 299
92 308
92 317
92 322
92 324
92 336
92 341
93 95
93 96
93 105
93 114
93 129
93 145
93 173
93 192
93 227
93 239
93 245
93 247
93 250
93 255
93 258
93 299
93 308
93 317
93 322
93 324
93 336
93 341
94 95
94 96
94 101
94 105
94 129
94 145
94 173
94 192
94 245
94 247
94 250
94 287
94 299
94 322
94 324
94 336
95 95
95 96
95 101
95 105
95 129
95 145
95 173
95 192
95 245
95 247
95 250
95 287
95 299
95 322
95 324
95 336
96 95
96 129
96 145
96 173
96 192
96 245
96 247
96 250
96 287
96 299
96 301
96 322
96 324
96 336
97 95
97 129
97 145
97 147
97 163
97 173
97 192
97 245
97 247
97 250
97 287
97 299
97 301
97 320
97 322
97 324
97 336
98 95
98 129
98 145
98 147
98 163
98 173
98 192
98 245
98 247
98 250
98 287
98 299
98 301
98 320
98 322
98 324
98 336
99 143
99 145
99 147
99 163
99 190
99 223
99 245
99 247
99 250
99 254
99 271
99 283
99 287
99 299
99 301
99 319
99 320
99 322
99 324
100 143
100 145
100 147
100 163
100 190
100 223
100 245
100 247
100 250
100 254
100 271
100 283
100 287
100 299
100 301
100 319
100 320
100 322
100 324
101 123
101 134
101 145
101 147
101 163
101 179
101 190
101 223
101 247
101 250
101 254
101 271
101 283
101 287
101 299
101 301
101 320
101 324
102 123
102 134
102 145
102 147
102 163
102 179
102 190
102 223
102 247
102 250
102 254
102 271
102 283
102 287
102 299
102 301
102 320
102 324
103 123
103 134
103 145
103 147
103 163
103 179
103 190
103 201
103 223
103 247
103 250
103 254
103 283
103 287
103 299
103 301
103 320
103 324
104 123
104 134
104 145
104 147
104 163
104 179
104 201
104 223
104 247
104 250
104 254
104 269
104 283
104 287
104 299
104 301
104 320
104 324
105 123
105 134
105 145
105 147
105 163
105 198
105 201
105 223
105 247
105 269
105 283
105 287
105 299
105 301
105 320
106 123
106 134
106 145
106 147
106 163
106 198
106 201
106 223
106 247
106 269
106 283
106 287
106 299
106 301
106 320
107 123
107 134
107 145
107 147
107 155
107 163
107 198
107 201
107 223
107 224
107 247
107 269
107 283
107 287
107 299
107 301
107 320
108 112
108 123
108 134
108 144
108 145
108 147
108 155
108 163
108 198
108 201
108 223
108 224
108 247
108 269
108 283
108 287
108 299
108 301
108 320
109 112
109 117
109 123
109 134
109 144
109 145
109 147
109 155
109 163
109 198
109 201
109 223
109 224
109 247
109 269
109 283
109 287
109 299
109 301
109 320
110 117
110 123
110 138
110 141
110 144
110 147
110 150
110 153
110 155
110 157
110 163
110 165
110 180
110 184
110 186
110 198
110 201
110 206
110 211
110 223
110 235
110 247
110 269
110 282
110 283
110 287
110 299
110 306
110 320
111 117
111 138
111 141
111 144
111 147
111 150
111 153
111 155
111 157
111 163
111 165
111 180
111 184
111 186
111 198
111 201
111 206
111 211
111 223
111 235
111 247
111 269
111 282
111 283
111 287
111 299
111 306
111 320
112 117
112 138
112 141
112 144
112 147
112 150
112 153
112 155
112 157
112 163
112 165
112 180
112 184
112 186
112 198
112 201
112 206
112 211
112 223
112 235
112 247
112 269
112 282
112 283
112 287
112 299
112 306
112 320
113 117
113 138
113 141
113 150
113 153
113 155
113 157
113 163
113 165
113 180
113 184
113 186
113 198
113 201
113 206
113 211
113 223
113 235
113 247
113 269
113 282
113 283
113 287
113 299
113 306
113 320
114 117
114 141
114 150
114 153
114 155
114 157
114 163
114 165
114 180
114 184
114 198
114 201
114 206
114 211
114 223
114 235
114 247
114 269
114 282
114 283
114 287
114 299
114 306
114 320
114 325
115 141
115 150
115 153
115 155
115 157
115 163
115 165
115 180
115 184
115 198
115 201
115 206
115 211
115 223
115 235
115 247
115 269
115 282
115 283
115 287
115 299
115 306
115 320
115 325
116 153
116 155
116 157
116 165
116 180
116 198
116 201
116 206
116 211
116 223
116 235
116 247
116 269
116 282
116 283
116 287
116 299
116 306
116 320
116 325
117 153
117 155
117 157
117 165
117 198
117 201
117 206
117 211
117 223
117 235
117 247
117 269
117 282
117 283
117 287
117 299
117 306
117 320
117 325
117 331
118 153
118 155
118 157
118 165
118 198
118 201
118 206
118 210
118 211
118 219
118 223
118 235
118 247
118 269
118 282
118 283
118 287
118 306
118 325
118 331
119 153
119 155
119 157
119 165
119 198
119 201
119 206
119 210
119 211
119 219
119 223
119 235
119 247
119 269
119 282
119 283
119 287
119 306
119 325
119 331
120 153
120 155
120 157
120 165
120 198
120 201
120 206
120 210
120 211
120 219
120 223
120 235
120 247
120 269
120 282
120 283
120 287
120 306
120 325
120 331
121 148
121 153
121 155
121 156
121 157
121 165
121 169
121 198
121 200
121 201
121 206
121 210
121 211
121 219
121 223
121 233
121 235
121 247
121 266
121 268
121 282
121 306
121 325
121 331
122 148
122 153
122 155
122 156
122 157
122 165
122 169
122 198
122 200
122 201
122 206
122 210
122 211
122 219
122 223
122 233
122 235
122 247
122 266
122 268
122 282
122 306
122 325
122 331
123 124
123 153
123 155
123 156
123 157
123 165
123 169
123 198
123 200
123 201
123 206
123 210
123 211
123 219
123 220
123 223
123 235
123 247
123 266
123 268
123 282
123 294
123 306
123 325
123 331
124 124
124 153
124 155
124 156
124 157
124 159
124 165
124 169
124 198
124 200
124 201
124 206
124 210
124 211
124 219
124 220
124 223
124 235
124 247
124 266
124 268
124 282
124 294
124 306
124 325
124 331
125 124
125 140
125 153
125 155
125 156
125 157
125 159
125 165
125 169
125 198
125 200
125 201
125 206
125 210
125 211
125 219
125 220
125 223
125 235
125 247
125 266
125 268
125 282
125 294
125 306
125 325
125 331
126 124
126 140
126 153
126 155
126 156
126 157
126 159
126 165
126 169
126 198
126 200
126 201
126 206
126 210
126 211
126 219
126 220
126 223
126 235
126 247
126 266
126 268
126 282
126 294
126 306
126 325
126 331
127 124
127 140
127 153
127 155
127 156
127 157
127 159
127 165
127 169
127 198
127 200
127 201
127 206
127 209
127 210
127 211
127 219
127 220
127 223
127 235
127 247
127 266
127 268
127 282
127 294
127 306
127 325
127 331
128 140
128 153
128 155
128 156
128 157
128 159
128 165
128 169
128 198
128 200
128 201
128 206
128 209
128 210
128 211
128 219
128 220
128 223
128 235
128 247
128 266
128 268
128 282
128 293
128 294
128 306
128 325
128 331
129 140
129 153
129 155
129 157
129 159
129 165
129 169
129 198
129 200
129 201
129 206
129 209
129 210
129 211
129 219
129 220
129 223
129 235
129 247
129 266
129 268
129 282
129 293
129 294
129 306
129 325
129 331
130 140
130 153
130 155
130 157
130 159
130 165
130 169
130 177
130 198
130 200
130 201
130 206
130 210
130 211
130 219
130 220
130 223
130 235
130 247
130 257
130 266
130 268
130 282
130 293
130 294
130 306
130 325
130 331
131 153
131 155
131 157
131 159
131 177
131 198
131 200
131 201
131 205
131 206
131 210
131 211
131 219
131 223
131 235
131 247
131 257
131 266
131 268
131 282
131 292
131 294
131 306
131 325
131 331
132 153
132 157
132 159
132 177
132 198
132 200
132 201
132 205
132 206
132 210
132 211
132 219
132 223
132 235
132 247
132 257
132 266
132 268
132 282
132 292
132 294
132 306
132 325
132 331
132 346
133 157
133 159
133 177
133 198
133 200
133 201
133 205
133 206
133 210
133 211
133 219
133 223
133 247
133 266
133 268
133 273
133 282
133 292
133 294
133 306
133 307
133 331
133 333
133 346
134 157
134 159
134 177
134 198
134 200
134 201
134 205
134 206
134 210
134 211
134 219
134 223
134 247
134 266
134 268
134 273
134 282
134 292
134 294
134 306
134 307
134 331
134 333
134 346
135 157
135 159
135 175
135 177
135 198
135 200
135 201
135 205
135 206
135 210
135 211
135 219
135 223
135 247
135 266
135 268
135 273
135 282
135 292
135 294
135 306
135 307
135 331
135 333
135 346
136 157
136 172
136 175
136 177
136 198
136 200
136 201
136 205
136 206
136 210
136 211
136 219
136 223
136 247
136 266
136 268
136 273
136 282
136 292
136 294
136 306
136 307
136 331
136 333
136 344
136 346
137 172
137 175
137 177
137 198
137 200
137 201
137 205
137 206
137 210
137 211
137 219
137 223
137 247
137 266
137 273
137 282
137 292
137 294
137 306
137 307
137 331
137 333
137 344
137 346
138 172
138 175
138 198
138 200
138 201
138 205
138 206
138 210
138 219
138 223
138 247
138 266
138 273
138 282
138 292
138 294
138 306
138 307
138 331
138 333
138 344
138 346
139 172
139 175
139 176
139 198
139 200
139 201
139 205
139 206
139 210
139 219
139 223
139 266
139 273
139 282
139 292
139 294
139 306
139 307
139 331
139 333
139 344
139 346
140 172
140 175
140 176
140 198
140 200
140 201
140 205
140 206
140 210
140 219
140 223
140 266
140 273
140 274
140 282
140 292
140 294
140 306
140 307
140 331
140 333
140 344
140 346
141 172
141 175
141 176
141 198
141 200
141 201
141 205
141 206
141 210
141 212
141 219
141 223
141 230
141 266
141 273
141 274
141 282
141 292
141 306
141 331
141 333
141 344
141 346
142 172
142 175
142 176
142 198
142 200
142 201
142 205
142 206
142 210
142 212
142 219
142 223
142 230
142 266
142 273
142 274
142 282
142 292
142 306
142 328
142 331
142 333
142 344
142 346
143 172
143 175
143 176
143 198
143 200
143 201
143 205
143 206
143 210
143 212
143 219
143 223
143 230
143 266
143 273
143 274
143 282
143 292
143 306
143 328
143 331
143 333
143 344
143 346
144 172
144 175
144 176
144 198
144 200
144 201
144 205
144 206
144 210
144 212
144 219
144 223
144 230
144 266
144 273
144 274
144 282
144 292
144 328
144 331
144 333
144 344
144 346
145 175
145 176
145 181
145 198
145 200
145 201
145 205
145 210
145 212
145 217
145 219
145 223
145 230
145 266
145 273
145 274
145 282
145 292
145 328
145 331
145 333
145 344
145 346
146 175
146 176
146 181
146 198
146 200
146 201
146 205
146 210
146 212
146 217
146 219
146 223
146 230
146 266
146 274
146 282
146 292
146 328
146 331
146 333
146 344
146 346
147 175
147 176
147 181
147 198
147 200
147 201
147 205
147 210
147 212
147 217
147 219
147 223
147 230
147 266
147 274
147 282
147 292
147 328
147 331
147 333
147 344
147 346
148 154
148 175
148 176
148 181
148 198
148 200
148 201
148 205
148 210
148 212
148 217
148 219
148 223
148 230
148 266
148 274
148 282
148 292
148 316
148 328
148 331
148 333
148 346
149 154
149 175
149 176
149 181
149 198
149 200
149 201
149 205
149 210
149 212
149 217
149 219
149 223
149 230
149 266
149 274
149 282
149 292
149 315
149 316
149 328
149 331
149 333
149 343
149 346
149 348
150 154
150 175
150 176
150 181
150 198
150 200
150 201
150 205
150 210
150 212
150 215
150 217
150 219
150 230
150 266
150 274
150 282
150 292
150 315
150 316
150 328
150 331
150 333
150 343
150 346
150 348
151 154
151 175
151 176
151 181
151 187
151 198
151 200
151 201
151 210
151 212
151 215
151 217
151 219
151 230
151 266
151 274
151 282
151 292
151 315
151 316
151 328
151 331
151 333
151 343
151 346
151 348
152 154
152 160
152 175
152 176
152 181
152 185
152 187
152 200
152 201
152 210
152 212
152 215
152 217
152 219
152 230
152 265
152 266
152 274
152 280
152 292
152 315
152 316
152 328
152 331
152 333
152 343
152 346
152 348
153 154
153 160
153 175
153 176
153 178
153 181
153 185
153 187
153 200
153 201
153 210
153 212
153 215
153 217
153 219
153 230
153 265
153 266
153 274
153 280
153 292
153 315
153 316
153 328
153 331
153 333
153 343
153 346
153 348
154 160
154 175
154 176
154 178
154 181
154 185
154 187
154 200
154 201
154 210
154 215
154 217
154 219
154 230
154 263
154 265
154 266
154 274
154 280
154 292
154 315
154 316
154 328
154 331
154 333
154 343
154 346
154 348
155 160
155 175
155 176
155 178
155 181
155 185
155 187
155 200
155 201
155 210
155 215
155 217
155 219
155 230
155 263
155 265
155 266
155 274
155 280
155 292
155 315
155 316
155 328
155 331
155 333
155 343
155 346
155 348
156 160
156 175
156 176
156 178
156 181
156 185
156 187
156 200
156 201
156 210
156 215
156 217
156 219
156 230
156 263
156 265
156 266
156 274
156 280
156 292
156 315
156 316
156 328
156 331
156 333
156 343
156 346
156 348
157 160
157 175
157 176
157 178
157 181
157 185
157 187
157 200
157 201
157 210
157 215
157 217
157 219
157 230
157 263
157 265
157 266
157 274
157 280
157 292
157 315
157 316
157 328
157 331
157 333
157 343
157 346
157 348
158 160
158 175
158 176
158 178
158 181
158 185
158 187
158 200
158 201
158 210
158 215
158 217
158 219
158 230
158 263
158 265
158 266
158 274
158 280
158 292
158 315
158 316
158 328
158 331
158 333
158 343
158 346
158 348
159 160
159 175
159 176
159 178
159 181
159 185
159 187
159 200
159 201
159 210
159 215
159 217
159 219
159 230
159 263
159 265
159 280
159 292
159 315
159 316
159 328
159 331
159 333
159 343
159 346
159 348
160 160
160 175
160 176
160 178
160 181
160 185
160 187
160 200
160 201
160 210
160 215
160 217
160 219
160 222
160 230
160 263
160 265
160 280
160 292
160 316
160 328
160 331
160 333
160 343
160 346
160 348
161 175
161 176
161 178
161 181
161 185
161 187
161 200
161 201
161 210
161 215
161 217
161 219
161 222
161 230
161 263
161 265
161 280
161 292
161 316
161 328
161 331
161 333
161 343
161 346
161 348
162 175
162 176
162 178
162 181
162 185
162 187
162 200
162 201
162 210
162 215
162 217
162 219
162 222
162 230
162 263
162 265
162 280
162 292
162 316
162 328
162 331
162 333
162 343
162 346
162 348
163 175
163 176
163 178
163 181
163 185
163 187
163 200
163 201
163 210
163 215
163 217
163 219
163 222
163 230
163 263
163 265
163 280
163 292
163 316
163 328
163 331
163 333
163 343
163 346
163 348
164 168
164 175
164 176
164 187
164 201
164 207
164 215
164 217
164 219
164 230
164 246
164 263
164 265
164 280
164 292
164 328
164 331
164 333
164 343
164 346
164 348
165 168
165 175
165 176
165 187
165 201
165 207
165 215
165 217
165 219
165 230
165 246
165 263
165 265
165 280
165 292
165 305
165 326
165 328
165 331
165 333
165 343
165 346
165 348
166 175
166 176
166 187
166 201
166 207
166 215
166 217
166 219
166 230
166 246
166 263
166 265
166 280
166 292
166 305
166 326
166 328
166 331
166 333
166 343
166 346
166 348
167 175
167 176
167 187
167 201
167 207
167 215
167 217
167 219
167 230
167 246
167 263
167 265
167 280
167 292
167 305
167 326
167 328
167 331
167 333
167 343
167 346
167 348
168 175
168 176
168 187
168 196
168 201
168 215
168 217
168 219
168 230
168 246
168 263
168 265
168 280
168 292
168 305
168 326
168 328
168 331
168 333
168 340
168 343
168 346
168 348
169 175
169 176
169 187
169 196
169 201
169 215
169 216
169 217
169 219
169 230
169 246
169 263
169 265
169 280
169 292
169 305
169 326
169 328
169 331
169 333
169 340
169 343
169 346
169 348
170 176
170 187
170 196
170 201
170 215
170 216
170 217
170 219
170 230
170 246
170 263
170 265
170 280
170 292
170 305
170 326
170 327
170 328
170 331
170 333
170 340
170 343
170 346
170 348
171 176
171 187
171 196
171 201
171 215
171 216
171 217
171 219
171 230
171 263
171 265
171 280
171 292
171 305
171 326
171 327
171 328
171 331
171 333
171 340
171 343
171 346
171 348
172 176
172 187
172 196
172 201
172 215
172 216
172 217
172 219
172 230
172 263
172 265
172 280
172 292
172 305
172 326
172 327
172 328
172 331
172 333
172 340
172 343
172 346
172 348
173 176
173 196
173 215
173 216
173 217
173 219
173 230
173 263
173 265
173 280
173 292
173 326
173 327
173 333
173 340
173 343
173 346
173 348
174 176
174 196
174 215
174 216
174 217
174 219
174 230
174 263
174 265
174 280
174 292
174 326
174 327
174 333
174 340
174 343
174 346
174 348
175 176
175 196
175 215
175 216
175 217
175 219
175 230
175 263
175 265
175 267
175 280
175 292
175 326
175 327
175 333
175 340
175 343
175 346
175 348
176 176
176 196
176 215
176 216
176 217
176 219
176 230
176 263
176 265
176 267
176 280
176 292
176 326
176 327
176 333
176 340
176 343
176 346
176 348
177 176
177 196
177 215
177 216
177 217
177 219
177 230
177 263
177 265
177 267
177 280
177 292
177 326
177 327
177 333
177 340
177 342
177 343
177 346
177 348
178 176
178 196
178 215
178 216
178 217
178 230
178 265
178 267
178 292
178 326
178 327
178 333
178 340
178 342
178 343
178 346
178 348
179 196
179 215
179 216
179 217
179 230
179 240
179 265
179 267
179 292
179 326
179 327
179 333
179 340
179 342
179 343
179 346
179 348
180 196
180 215
180 216
180 217
180 230
180 240
180 265
180 267
180 292
180 326
180 327
180 333
180 340
180 342
180 343
180 346
181 196
181 215
181 216
181 217
181 230
181 234
181 265
181 267
181 284
181 292
181 326
181 327
181 333
181 340
181 342
181 343
181 346
182 196
182 215
182 216
182 217
182 230
182 234
182 265
182 267
182 279
182 284
182 292
182 326
182 327
182 333
182 340
182 342
182 343
182 346
183 196
183 215
183 216
183 217
183 230
183 234
183 265
183 267
183 279
183 284
183 292
183 326
183 327
183 333
183 342
183 343
183 346
184 196
184 215
184 216
184 230
184 234
184 265
184 267
184 279
184 284
184 292
184 326
184 327
184 333
184 342
184 343
184 346
185 196
185 215
185 216
185 230
185 234
185 260
185 265
185 267
185 279
185 284
185 292
185 326
185 327
185 333
185 342
185 343
185 346
186 196
186 215
186 216
186 230
186 234
186 260
186 265
186 267
186 279
186 284
186 292
186 326
186 327
186 333
186 342
186 343
186 346
187 196
187 215
187 216
187 230
187 234
187 260
187 265
187 267
187 270
187 279
187 292
187 326
187 327
187 333
187 342
187 343
187 346
188 196
188 215
188 216
188 230
188 234
188 260
188 265
188 267
188 270
188 285
188 292
188 326
188 327
188 333
188 342
188 343
188 346
189 196
189 203
189 215
189 216
189 230
189 234
189 260
189 265
189 267
189 270
189 285
189 292
189 326
189 327
189 333
189 342
189 343
189 346
190 196
190 203
190 215
190 216
190 230
190 234
190 260
190 265
190 267
190 270
190 285
190 292
190 326
190 327
190 333
190 342
190 343
190 346
191 196
191 203
191 215
191 216
191 230
191 231
191 234
191 260
191 265
191 267
191 270
191 285
191 292
191 326
191 327
191 333
191 342
191 343
191 346
192 196
192 203
192 215
192 216
192 230
192 231
192 234
192 260
192 265
192 267
192 285
192 292
192 326
192 327
192 333
192 342
192 343
192 346
193 196
193 203
193 215
193 216
193 229
193 230
193 231
193 234
193 237
193 244
193 260
193 265
193 285
193 292
193 326
193 327
193 333
193 342
193 343
193 346
194 196
194 203
194 208
194 215
194 216
194 229
194 230
194 231
194 234
194 237
194 244
194 260
194 265
194 285
194 292
194 326
194 327
194 333
194 342
194 343
194 346
195 196
195 203
195 208
195 215
195 216
195 229
195 230
195 231
195 234
195 237
195 244
195 260
195 265
195 285
195 292
195 326
195 327
195 333
195 342
195 343
195 346
196 196
196 208
196 215
196 216
196 229
196 230
196 231
196 234
196 237
196 260
196 265
196 285
196 292
196 326
196 327
196 333
196 342
196 343
196 346
197 196
197 208
197 215
197 216
197 229
197 230
197 231
197 234
197 237
197 260
197 262
197 265
197 285
197 292
197 326
197 327
197 333
197 342
198 196
198 208
198 215
198 216
198 229
198 230
198 231
198 234
198 237
198 260
198 262
198 265
198 285
198 292
198 326
198 327
198 333
198 342
199 196
199 208
199 215
199 229
199 230
199 231
199 234
199 237
199 260
199 262
199 265
199 292
199 326
199 327
199 333
199 342
200 196
200 208
200 215
200 229
200 230
200 231
200 234
200 237
200 260
200 262
200 265
200 292
200 326
200 327
200 333
200 342
201 196
201 208
201 215
201 229
201 230
201 231
201 234
201 237
201 260
201 262
201 265
201 292
201 326
201 327
201 333
201 342
202 196
202 208
202 215
202 229
202 230
202 231
202 237
202 260
202 265
202 292
202 326
202 327
202 342
203 196
203 215
203 229
203 230
203 231
203 237
203 260
203 265
203 292
203 326
203 327
203 342
204 196
204 229
204 230
204 231
204 237
204 260
204 265
204 292
204 309
204 327
204 342
205 196
205 229
205 231
205 237
205 260
205 265
205 292
205 300
205 327
205 329
205 342
206 196
206 229
206 231
206 265
206 292
206 300
206 327
206 329
206 342
207 229
207 231
207 265
207 292
207 300
207 327
207 329
207 342
208 229
208 231
208 265
208 277
208 292
208 300
208 327
208 329
208 342
209 229
209 231
209 265
209 277
209 292
209 300
209 327
209 329
209 342
210 229
210 231
210 243
210 265
210 277
210 292
210 300
210 327
210 329
210 342
211 229
211 231
211 243
211 265
211 277
211 292
211 300
211 327
211 329
211 342
212 229
212 231
212 243
212 265
212 277
212 292
212 300
212 327
212 329
212 342
213 229
213 231
213 243
213 265
213 277
213 292
213 300
213 327
213 329
213 342
214 229
214 243
214 265
214 277
214 292
214 300
214 327
214 329
214 342
215 229
215 243
215 265
215 277
215 288
215 292
215 300
215 303
215 327
215 329
215 342
216 229
216 243
216 265
216 277
216 288
216 292
216 300
216 303
216 327
216 329
216 342
217 229
217 243
217 265
217 277
217 286
217 288
217 292
217 300
217 303
217 327
217 342
218 229
218 236
218 243
218 265
218 277
218 286
218 288
218 292
218 303
218 327
218 342
219 229
219 236
219 243
219 265
219 277
219 286
219 288
219 292
219 303
219 327
219 342
220 229
220 236
220 243
220 249
220 265
220 277
220 286
220 288
220 292
220 303
220 327
220 342
221 229
221 236
221 243
221 249
221 265
221 277
221 286
221 288
221 292
221 303
221 327
221 342
222 229
222 236
222 243
222 249
222 264
222 265
222 277
222 286
222 288
222 292
222 303
222 327
222 342
223 229
223 236
223 243
223 264
223 277
223 286
223 288
223 292
223 303
223 327
223 342
224 229
224 236
224 243
224 264
224 286
224 288
224 292
224 303
224 327
224 342
225 229
225 236
225 243
225 264
225 286
225 288
225 292
225 303
225 327
225 342
226 229
226 236
226 243
226 264
226 286
226 288
226 292
226 303
226 327
226 342
227 229
227 243
227 264
227 286
227 288
227 292
227 303
227 327
227 342
228 243
228 264
228 286
228 288
228 292
228 303
228 327
228 342
229 243
229 264
229 286
229 288
229 292
229 303
229 304
229 327
229 342
230 243
230 264
230 286
230 288
230 292
230 303
230 304
230 327
230 342
231 243
231 264
231 286
231 288
231 292
231 303
231 304
231 327
231 342
232 243
232 264
232 286
232 288
232 292
232 303
232 304
232 327
232 342
233 243
233 264
233 286
233 288
233 292
233 303
233 304
233 327
233 342
234 243
234 264
234 286
234 288
234 292
234 303
234 304
234 327
234 342
235 264
235 286
235 288
235 292
235 303
235 304
235 327
235 342
235 345
236 264
236 286
236 288
236 292
236 303
236 304
236 327
236 342
236 345
237 264
237 286
237 288
237 292
237 303
237 304
237 327
237 342
237 345
238 264
238 286
238 288
238 292
238 303
238 304
238 327
238 342
238 345
239 264
239 286
239 288
239 292
239 303
239 304
239 327
239 342
239 345
240 264
240 286
240 288
240 292
240 303
240 304
240 327
240 342
240 345
241 264
241 286
241 288
241 292
241 303
241 304
241 327
241 342
241 345
242 264
242 286
242 288
242 292
242 303
242 304
242 327
242 342
242 345
243 264
243 272
243 286
243 288
243 292
243 303
243 304
243 327
243 342
243 345
244 264
244 272
244 288
244 302
244 303
244 342
244 345
245 264
245 272
245 275
245 288
245 302
245 303
245 342
245 345
246 264
246 272
246 275
246 288
246 302
246 342
246 345
247 264
247 272
247 275
247 288
247 302
247 342
247 345
248 264
248 272
248 275
248 288
248 302
248 342
248 345
249 264
249 272
249 275
249 288
249 302
249 342
249 345
250 264
250 272
250 275
250 288
250 302
250 342
250 345
251 264
251 272
251 275
251 288
251 302
251 342
251 345
252 264
252 272
252 275
252 288
252 302
252 342
252 345
253 264
253 272
253 275
253 288
253 302
253 342
253 345
254 264
254 272
254 275
254 288
254 302
254 342
254 345
255 264
255 272
255 275
255 288
255 302
255 342
255 345
256 264
256 272
256 275
256 288
256 302
256 342
256 345
257 264
257 272
257 275
257 288
257 302
257 342
257 345
258 264
258 272
258 275
258 288
258 302
258 342
258 345
259 264
259 272
259 275
259 288
259 302
259 342
259 345
260 264
260 272
260 275
260 288
260 302
260 342
260 345
261 264
261 272
261 275
261 288
261 302
261 342
261 345
262 264
262 275
262 288
262 342
262 345
262 349
263 264
263 275
263 288
263 337
263 342
263 345
263 349
264 264
264 275
264 288
264 296
264 337
264 342
264 345
264 349
265 264
265 275
265 288
265 296
265 337
265 342
265 345
265 349
266 264
266 275
266 288
266 296
266 337
266 342
266 345
266 349
267 264
267 275
267 288
267 296
267 337
267 342
267 345
267 349
268 264
268 275
268 288
268 296
268 337
268 342
268 345
268 349
269 264
269 275
269 288
269 296
269 337
269 342
269 345
269 349
270 264
270 275
270 288
270 296
270 337
270 342
270 345
270 349
271 264
271 275
271 288
271 296
271 337
271 342
271 345
271 349
272 264
272 275
272 288
272 296
272 337
272 342
272 345
272 349
273 264
273 275
273 288
273 296
273 337
273 342
273 349
274 264
274 275
274 288
274 296
274 337
274 342
274 349
275 264
275 275
275 288
275 296
275 337
275 342
275 349
276 264
276 275
276 288
276 296
276 337
276 342
276 349
277 264
277 275
277 288
277 296
277 337
277 342
277 349
278 264
278 275
278 288
278 289
278 296
278 337
278 342
278 349
279 264
279 275
279 288
279 289
279 296
279 337
279 342
280 264
280 275
280 288
280 289
280 296
280 337
280 342
281 264
281 275
281 288
281 289
281 296
281 337
281 342
282 264
282 275
282 288
282 289
282 296
282 337
282 342
283 264
283 275
283 288
283 289
283 296
283 337
283 342
284 264
284 275
284 288
284 289
284 295
284 296
284 337
284 342
285 264
285 275
285 288
285 295
285 310
285 337
285 339
285 342
286 264
286 275
286 288
286 295
286 337
286 339
286 342
287 264
287 275
287 288
287 295
287 337
287 339
287 342
288 264
288 275
288 288
288 295
288 337
288 339
288 342
289 264
289 275
289 288
289 295
289 337
289 339
289 342
290 264
290 275
290 288
290 295
290 337
290 339
290 342
291 264
291 275
291 288
291 337
291 339
291 342
292 264
292 288
292 335
292 337
292 339
292 342
293 264
293 288
293 335
293 337
293 339
293 342
294 264
294 288
294 335
294 337
294 339
294 342
295 264
295 288
295 335
295 337
295 339
295 342
296 264
296 288
296 335
296 337
296 339
296 342
297 264
297 288
297 335
297 337
297 339
297 342
298 264
298 288
298 335
298 337
298 339
298 342
299 264
299 288
299 335
299 337
299 339
299 342
300 264
300 288
300 335
300 337
300 339
300 342
301 264
301 288
301 335
301 337
301 339
301 342
302 264
302 288
302 335
302 337
302 339
302 342
303 264
303 288
303 335
303 339
303 342
304 264
304 288
304 335
304 339
304 342
305 264
305 288
305 335
305 339
305 342
306 264
306 288
306 335
306 339
306 342
307 264
307 288
307 335
307 339
307 342
308 288
308 335
308 339
308 342
309 288
309 335
309 339
310 288
310 335
310 339
311 288
311 335
311 339
312 335
312 339
313 335
313 339
314 335
314 339
315 335
315 339
316 334
316 335
316 339
317 334
317 335
317 339
318 334
318 335
319 334
319 335
320 334
320 335
321 334
321 335
322 334
322 335
323 334
323 335
324 334
324 335
325 334
325 335
326 334
326 335
327 334
327 335
328 334
329 334
