1 30
1 57
1 156
2 30
2 57
2 69
2 156
3 30
3 57
3 69
3 124
3 156
4 30
4 57
4 69
4 70
4 106
4 124
4 156
5 30
5 38
5 57
5 61
5 69
5 70
5 106
5 124
5 156
6 21
6 57
6 61
6 65
6 69
6 70
6 106
6 124
6 153
6 156
7 21
7 57
7 61
7 65
7 69
7 70
7 106
7 124
7 153
7 156
8 10
8 12
8 21
8 37
8 56
8 57
8 61
8 65
8 69
8 70
8 106
8 113
8 124
8 127
8 140
8 153
8 156
8 235
9 10
9 12
9 21
9 37
9 56
9 57
9 61
9 65
9 69
9 70
9 79
9 92
9 106
9 113
9 124
9 127
9 140
9 153
9 156
9 235
10 13
10 48
10 56
10 57
10 61
10 69
10 70
10 79
10 92
10 98
10 113
10 124
10 133
10 140
10 143
10 156
10 235
11 14
11 17
11 48
11 56
11 61
11 69
11 70
11 79
11 92
11 93
11 98
11 104
11 113
11 124
11 133
11 140
11 143
11 156
11 203
11 235
12 14
12 17
12 48
12 56
12 61
12 69
12 70
12 79
12 92
12 93
12 98
12 104
12 113
12 124
12 133
12 140
12 143
12 156
12 203
12 235
13 14
13 17
13 56
13 61
13 69
13 70
13 79
13 92
13 93
13 98
13 104
13 113
13 124
13 133
13 140
13 156
13 203
13 234
13 235
14 32
14 49
14 58
14 69
14 70
14 79
14 92
14 93
14 98
14 104
14 113
14 124
14 140
14 203
14 234
14 235
14 240
15 24
15 36
15 49
15 50
15 69
15 88
15 113
15 122
15 140
15 172
15 203
15 234
15 235
15 240
16 24
16 36
16 49
16 50
16 55
16 69
16 86
16 88
16 113
16 122
16 140
16 147
16 172
16 203
16 234
16 235
16 240
16 244
17 27
17 36
17 50
17 51
17 69
17 77
17 86
17 88
17 113
17 122
17 140
17 147
17 172
17 203
17 234
17 235
17 240
17 244
18 27
18 36
18 50
18 51
18 69
18 77
18 86
18 88
18 113
18 122
18 140
18 147
18 172
18 203
18 234
18 235
18 240
18 244
19 22
19 27
19 36
19 50
19 51
19 69
19 77
19 86
19 88
19 113
19 122
19 140
19 147
19 172
19 203
19 234
19 235
19 240
20 22
20 27
20 36
20 50
20 51
20 69
20 77
20 86
20 88
20 113
20 122
20 140
20 147
20 172
20 203
20 218
20 234
20 235
20 240
21 22
21 27
21 36
21 50
21 51
21 69
21 77
21 86
21 88
21 95
21 113
21 122
21 140
21 168
21 172
21 203
21 210
21 218
21 234
21 235
21 240
22 22
22 27
22 29
22 36
22 50
22 51
22 69
22 77
22 86
22 88
22 95
22 113
22 122
22 140
22 141
22 168
22 172
22 199
22 203
22 210
22 218
22 234
22 235
22 240
23 22
23 27
23 29
23 36
23 50
23 51
23 77
23 86
23 88
23 95
23 113
23 122
23 140
23 141
23 168
23 172
23 199
23 203
23 210
23 218
23 234
23 235
23 240
24 27
24 40
24 50
24 51
24 77
24 86
24 88
24 95
24 113
24 122
24 123
24 130
24 140
24 141
24 168
24 172
24 186
24 199
24 203
24 210
24 218
24 234
24 235
24 240
25 27
25 40
25 50
25 51
25 77
25 81
25 86
25 88
25 95
25 113
25 122
25 123
25 130
25 140
25 141
25 168
25 172
25 186
25 199
25 203
25 210
25 218
25 234
25 235
25 240
26 35
26 40
26 43
26 45
26 64
26 71
26 77
26 81
26 88
26 95
26 102
26 111
26 113
26 122
26 130
26 138
26 140
26 141
26 168
26 172
26 186
26 199
26 210
26 218
26 224
26 234
26 235
26 240
26 248
26 250
26 259
27 35
27 40
27 43
27 45
27 64
27 71
27 81
27 88
27 95
27 102
27 111
27 113
27 122
27 130
27 138
27 140
27 141
27 168
27 172
27 186
27 199
27 210
27 218
27 224
27 234
27 235
27 236
27 240
27 248
28 35
28 40
28 41
28 43
28 45
28 64
28 71
28 81
28 84
28 88
28 95
28 102
28 111
28 113
28 122
28 130
28 138
28 140
28 141
28 166
28 168
28 172
28 186
28 199
28 210
28 218
28 224
28 234
28 235
28 236
28 240
28 248
29 35
29 40
29 41
29 43
29 45
29 64
29 71
29 81
29 84
29 88
29 95
29 102
29 111
29 113
29 122
29 130
29 138
29 140
29 141
29 166
29 168
29 172
29 186
29 199
29 210
29 218
29 224
29 234
29 235
29 236
29 240
29 248
30 31
30 33
30 40
30 41
30 43
30 53
30 64
30 71
30 81
30 84
30 88
30 95
30 102
30 111
30 113
30 122
30 130
30 138
30 140
30 141
30 166
30 172
30 181
30 186
30 199
30 210
30 224
30 234
30 235
30 236
30 248
30 260
31 31
31 33
31 40
31 41
31 43
31 53
31 64
31 71
31 81
31 84
31 88
31 95
31 102
31 111
31 113
31 130
31 138
31 140
31 141
31 166
31 172
31 181
31 186
31 199
31 210
31 224
31 234
31 235
31 236
31 248
31 260
32 33
32 41
32 43
32 53
32 71
32 84
32 88
32 95
32 102
32 111
32 113
32 130
32 138
32 140
32 166
32 172
32 181
32 186
32 199
32 200
32 206
32 210
32 224
32 229
32 234
32 235
32 236
32 260
33 33
33 42
33 43
33 53
33 68
33 71
33 88
33 95
33 97
33 102
33 111
33 113
33 130
33 138
33 140
33 166
33 172
33 181
33 186
33 199
33 200
33 210
33 224
33 229
33 234
33 235
33 236
33 260
34 71
34 72
34 75
34 88
34 95
34 111
34 113
34 128
34 130
34 137
34 138
34 166
34 172
34 181
34 199
34 200
34 205
34 210
34 224
34 229
34 234
34 235
34 236
34 238
34 260
35 54
35 71
35 72
35 75
35 88
35 95
35 111
35 113
35 128
35 130
35 137
35 138
35 157
35 166
35 172
35 181
35 199
35 200
35 205
35 210
35 224
35 229
35 234
35 235
35 236
35 238
35 260
36 54
36 71
36 72
36 75
36 88
36 91
36 95
36 111
36 113
36 128
36 138
36 161
36 166
36 172
36 199
36 200
36 205
36 210
36 220
36 229
36 234
36 235
36 236
36 238
37 54
37 71
37 72
37 75
37 88
37 91
37 95
37 111
37 113
37 128
37 138
37 161
37 166
37 172
37 199
37 200
37 205
37 210
37 220
37 234
37 235
37 236
37 238
38 54
38 71
38 72
38 75
38 88
38 91
38 95
38 111
38 113
38 128
38 138
38 161
38 166
38 172
38 199
38 200
38 205
38 210
38 220
38 234
38 235
38 236
38 238
39 44
39 54
39 59
39 71
39 72
39 75
39 88
39 91
39 95
39 111
39 113
39 128
39 138
39 161
39 166
39 172
39 199
39 200
39 205
39 210
39 220
39 234
39 235
39 236
39 238
40 44
40 54
40 59
40 71
40 72
40 75
40 88
40 91
40 95
40 111
40 113
40 128
40 138
40 161
40 166
40 172
40 199
40 200
40 205
40 210
40 220
40 234
40 235
40 236
40 238
41 59
41 71
41 72
41 88
41 95
41 111
41 113
41 128
41 131
41 138
41 161
41 166
41 172
41 200
41 205
41 210
41 220
41 234
41 236
41 238
41 255
42 59
42 60
42 71
42 72
42 73
42 88
42 95
42 113
42 121
42 128
42 131
42 138
42 161
42 166
42 169
42 172
42 197
42 200
42 205
42 210
42 227
42 231
42 234
42 236
42 238
42 255
43 59
43 60
43 71
43 72
43 73
43 88
43 94
43 95
43 113
43 121
43 128
43 138
43 161
43 166
43 169
43 172
43 197
43 200
43 205
43 210
43 227
43 231
43 234
43 236
43 238
43 255
44 59
44 60
44 62
44 71
44 72
44 73
44 88
44 94
44 113
44 121
44 128
44 138
44 160
44 161
44 166
44 169
44 197
44 200
44 205
44 210
44 227
44 231
44 234
44 236
44 238
44 255
45 46
45 59
45 60
45 62
45 71
45 72
45 73
45 88
45 94
45 103
45 113
45 121
45 128
45 138
45 160
45 161
45 166
45 169
45 197
45 200
45 205
45 210
45 227
45 231
45 234
45 236
45 238
45 255
46 46
46 59
46 62
46 71
46 72
46 73
46 88
46 89
46 94
46 103
46 113
46 121
46 128
46 138
46 160
46 161
46 166
46 169
46 197
46 200
46 205
46 210
46 227
46 231
46 234
46 236
46 238
46 255
47 59
47 62
47 71
47 72
47 73
47 88
47 89
47 94
47 103
47 113
47 121
47 128
47 138
47 160
47 161
47 166
47 169
47 197
47 200
47 205
47 210
47 227
47 231
47 234
47 236
47 238
47 255
48 59
48 62
48 71
48 72
48 73
48 88
48 89
48 94
48 113
48 114
48 121
48 128
48 138
48 160
48 161
48 166
48 169
48 197
48 200
48 205
48 210
48 227
48 231
48 234
48 236
48 238
48 255
49 62
49 63
49 71
49 72
49 88
49 89
49 94
49 114
49 121
49 128
49 138
49 161
49 169
49 197
49 200
49 205
49 210
49 227
49 231
49 234
49 236
49 238
49 255
50 63
50 66
50 72
50 85
50 88
50 89
50 94
50 112
50 114
50 121
50 128
50 138
50 161
50 169
50 197
50 200
50 205
50 210
50 227
50 231
50 234
50 236
50 238
50 255
51 63
51 66
51 72
51 74
51 85
51 88
51 89
51 94
51 112
51 114
51 128
51 138
51 161
51 169
51 197
51 200
51 205
51 210
51 227
51 231
51 234
51 236
51 238
51 255
52 63
52 66
52 72
52 74
52 85
52 88
52 89
52 94
52 112
52 114
52 128
52 138
52 161
52 169
52 197
52 200
52 205
52 210
52 217
52 227
52 231
52 234
52 236
52 238
52 255
53 63
53 66
53 72
53 74
53 85
53 94
53 109
53 114
53 128
53 138
53 161
53 197
53 200
53 205
53 210
53 217
53 227
53 231
53 234
53 236
53 238
53 255
54 66
54 72
54 74
54 85
54 109
54 128
54 138
54 161
54 197
54 200
54 205
54 210
54 217
54 227
54 231
54 234
54 236
54 238
54 255
55 66
55 72
55 74
55 85
55 99
55 109
55 128
55 161
55 197
55 200
55 205
55 210
55 217
55 227
55 231
55 234
55 236
55 238
55 255
56 66
56 72
56 74
56 82
56 85
56 99
56 109
56 128
56 151
56 161
56 197
56 200
56 205
56 210
56 217
56 227
56 231
56 234
56 236
56 238
56 255
57 66
57 72
57 74
57 82
57 85
57 99
57 109
57 128
57 151
57 161
57 197
57 200
57 205
57 210
57 217
57 227
57 231
57 234
57 236
57 238
57 255
58 66
58 72
58 74
58 82
58 85
58 128
58 151
58 161
58 197
58 200
58 205
58 210
58 217
58 227
58 231
58 234
58 236
58 238
58 255
59 66
59 72
59 74
59 82
59 85
59 128
59 151
59 161
59 197
59 200
59 205
59 210
59 217
59 227
59 231
59 234
59 236
59 238
59 255
60 72
60 74
60 85
60 128
60 151
60 161
60 197
60 200
60 205
60 210
60 217
60 227
60 231
60 234
60 236
60 238
60 255
61 72
61 74
61 85
61 128
61 151
61 161
61 197
61 200
61 205
61 210
61 217
61 227
61 231
61 234
61 236
61 238
61 255
62 72
62 74
62 85
62 117
62 128
62 151
62 197
62 200
62 205
62 210
62 227
62 231
62 234
62 236
62 238
62 255
63 72
63 74
63 78
63 85
63 117
63 125
63 128
63 151
63 154
63 194
63 197
63 200
63 205
63 227
63 231
63 234
63 236
63 238
63 255
64 72
64 74
64 78
64 85
64 117
64 151
64 154
64 194
64 197
64 200
64 205
64 227
64 231
64 234
64 236
64 238
64 255
65 72
65 74
65 78
65 85
65 117
65 151
65 154
65 194
65 197
65 200
65 205
65 227
65 231
65 234
65 236
65 238
65 255
66 72
66 74
66 78
66 85
66 117
66 151
66 154
66 194
66 197
66 200
66 205
66 227
66 231
66 234
66 236
66 238
66 255
67 72
67 74
67 78
67 85
67 117
67 151
67 154
67 194
67 197
67 200
67 205
67 227
67 231
67 234
67 236
67 238
67 255
68 72
68 74
68 76
68 78
68 85
68 96
68 117
68 154
68 194
68 197
68 200
68 205
68 231
68 234
68 236
68 238
68 255
69 72
69 74
69 76
69 78
69 85
69 96
69 101
69 117
69 154
69 194
69 197
69 200
69 205
69 231
69 234
69 236
69 238
69 255
70 72
70 74
70 76
70 78
70 85
70 96
70 101
70 117
70 154
70 194
70 197
70 200
70 205
70 231
70 234
70 236
70 238
70 255
71 72
71 74
71 76
71 78
71 85
71 90
71 101
71 117
71 132
71 154
71 170
71 194
71 197
71 200
71 205
71 231
71 234
71 236
71 238
71 255
72 72
72 76
72 78
72 85
72 90
72 101
72 115
72 116
72 117
72 132
72 154
72 170
72 187
72 194
72 197
72 200
72 205
72 231
72 236
72 238
72 255
73 72
73 76
73 78
73 85
73 90
73 101
73 115
73 116
73 117
73 132
73 154
73 170
73 187
73 194
73 197
73 200
73 205
73 231
73 236
73 238
73 255
74 72
74 76
74 78
74 85
74 87
74 90
74 101
74 115
74 116
74 117
74 132
74 154
74 170
74 187
74 194
74 197
74 200
74 205
74 231
74 236
74 238
74 255
75 72
75 76
75 78
75 85
75 87
75 90
75 101
75 115
75 116
75 117
75 132
75 154
75 170
75 187
75 194
75 197
75 200
75 205
75 231
75 236
75 238
75 255
76 76
76 78
76 85
76 87
76 90
76 101
76 115
76 116
76 117
76 132
76 148
76 154
76 165
76 170
76 174
76 182
76 200
76 205
76 231
76 236
76 237
76 238
76 255
77 76
77 78
77 85
77 87
77 90
77 101
77 115
77 116
77 117
77 132
77 148
77 154
77 165
77 170
77 174
77 182
77 200
77 205
77 231
77 236
77 237
77 238
77 255
78 78
78 83
78 85
78 87
78 90
78 101
78 115
78 116
78 117
78 132
78 148
78 154
78 155
78 165
78 170
78 174
78 182
78 200
78 205
78 236
78 238
78 255
79 83
79 85
79 87
79 90
79 101
79 115
79 116
79 117
79 132
79 148
79 154
79 155
79 165
79 170
79 174
79 182
79 200
79 205
79 236
79 238
79 255
80 83
80 85
80 87
80 90
80 115
80 116
80 117
80 132
80 148
80 154
80 155
80 163
80 165
80 170
80 174
80 182
80 200
80 205
80 236
80 238
80 255
81 83
81 85
81 90
81 108
81 115
81 116
81 117
81 148
81 154
81 155
81 163
81 165
81 170
81 174
81 182
81 205
81 222
81 236
81 238
81 255
82 85
82 107
82 108
82 110
82 115
82 116
82 117
82 154
82 155
82 163
82 165
82 170
82 174
82 177
82 182
82 205
82 222
82 236
82 238
83 85
83 107
83 108
83 110
83 115
83 116
83 117
83 154
83 155
83 163
83 165
83 170
83 174
83 177
83 182
83 205
83 222
83 236
83 238
84 85
84 107
84 108
84 110
84 115
84 116
84 154
84 155
84 165
84 170
84 174
84 177
84 182
84 205
84 222
84 236
84 238
85 85
85 107
85 108
85 110
85 115
85 116
85 154
85 165
85 170
85 174
85 177
85 182
85 205
85 222
85 236
85 238
86 85
86 107
86 108
86 110
86 115
86 116
86 154
86 165
86 170
86 174
86 177
86 182
86 205
86 222
86 236
86 238
87 85
87 107
87 108
87 115
87 116
87 120
87 154
87 165
87 170
87 174
87 182
87 205
87 209
87 222
87 238
87 246
88 85
88 107
88 108
88 115
88 116
88 120
88 154
88 165
88 170
88 174
88 182
88 183
88 205
88 209
88 222
88 238
88 246
89 85
89 107
89 108
89 115
89 116
89 120
89 154
89 165
89 170
89 174
89 182
89 183
89 205
89 209
89 222
89 238
89 246
90 107
90 108
90 115
90 116
90 120
90 149
90 154
90 165
90 170
90 174
90 182
90 183
90 205
90 209
90 222
90 238
90 246
91 107
91 108
91 115
91 120
91 149
91 165
91 167
91 170
91 174
91 182
91 183
91 201
91 205
91 209
91 222
91 238
91 246
92 107
92 108
92 115
92 120
92 149
92 165
92 167
92 170
92 174
92 182
92 183
92 201
92 205
92 209
92 222
92 238
92 246
93 107
93 108
93 115
93 120
93 149
93 165
93 167
93 170
93 174
93 182
93 183
93 201
93 205
93 209
93 222
93 238
93 246
94 107
94 108
94 115
94 120
94 149
94 165
94 167
94 170
94 174
94 182
94 183
94 201
94 205
94 209
94 222
94 238
94 246
95 107
95 108
95 115
95 120
95 149
95 165
95 167
95 170
95 174
95 182
95 183
95 201
95 205
95 209
95 222
95 238
95 246
96 107
96 108
96 115
96 120
96 149
96 165
96 167
96 170
96 174
96 182
96 183
96 201
96 205
96 209
96 222
96 238
96 246
97 107
97 108
97 115
97 120
97 149
97 165
97 167
97 170
97 174
97 182
97 183
97 201
97 205
97 209
97 222
97 238
97 246
98 100
98 105
98 108
98 115
98 120
98 149
98 165
98 167
98 170
98 174
98 182
98 183
98 201
98 205
98 209
98 222
98 238
98 246
98 254
99 100
99 105
99 108
99 115
99 120
99 149
99 165
99 167
99 170
99 174
99 182
99 183
99 201
99 205
99 209
99 222
99 238
99 246
99 254
100 118
100 126
100 129
100 149
100 165
100 167
100 170
100 182
100 183
100 201
100 205
100 209
100 222
100 238
100 246
100 254
101 118
101 126
101 129
101 149
101 165
101 167
101 176
101 183
101 201
101 209
101 222
101 238
101 246
101 254
102 118
102 119
102 139
102 159
102 165
102 167
102 176
102 209
102 222
102 238
102 246
102 247
102 254
103 118
103 119
103 139
103 144
103 159
103 165
103 167
103 176
103 196
103 209
103 211
103 222
103 238
103 246
103 247
103 254
104 118
104 119
104 139
104 144
104 159
104 165
104 167
104 176
104 196
104 209
104 211
104 222
104 238
104 246
104 247
104 254
105 118
105 119
105 139
105 144
105 159
105 164
105 165
105 167
105 176
105 196
105 209
105 211
105 222
105 238
105 246
105 247
105 254
106 119
106 144
106 159
106 164
106 165
106 167
106 176
106 196
106 209
106 211
106 222
106 238
106 246
106 247
106 254
107 119
107 144
107 159
107 164
107 165
107 167
107 176
107 196
107 209
107 211
107 222
107 238
107 246
107 247
107 254
108 119
108 144
108 159
108 164
108 165
108 167
108 176
108 196
108 209
108 211
108 222
108 238
108 245
108 246
108 247
108 254
109 119
109 144
109 150
109 152
109 159
109 164
109 165
109 167
109 176
109 189
109 196
109 209
109 211
109 222
109 238
109 245
109 246
109 247
109 254
110 144
110 150
110 152
110 159
110 164
110 165
110 167
110 176
110 189
110 196
110 211
110 222
110 238
110 245
110 246
110 247
110 254
111 144
111 150
111 152
111 159
111 164
111 165
111 167
111 176
111 189
111 196
111 211
111 222
111 238
111 245
111 246
111 247
111 254
112 144
112 150
112 159
112 164
112 165
112 167
112 171
112 189
112 196
112 238
112 245
112 246
112 247
113 144
113 150
113 159
113 164
113 165
113 167
113 171
113 189
113 196
113 238
113 245
113 246
113 247
114 144
114 150
114 159
114 164
114 165
114 167
114 171
114 189
114 196
114 238
114 245
114 246
114 247
115 144
115 146
115 150
115 159
115 164
115 167
115 171
115 173
115 189
115 195
115 196
115 245
115 246
115 247
116 144
116 146
116 150
116 159
116 162
116 164
116 167
116 171
116 173
116 188
116 189
116 195
116 196
116 245
116 246
116 247
116 258
117 144
117 146
117 150
117 159
117 162
117 164
117 167
117 171
117 173
117 188
117 189
117 195
117 196
117 245
117 246
117 247
117 258
118 144
118 150
118 159
118 162
118 164
118 167
118 171
118 173
118 188
118 189
118 195
118 196
118 245
118 246
118 247
118 258
119 134
119 144
119 150
119 158
119 159
119 162
119 164
119 167
119 171
119 173
119 188
119 189
119 190
119 195
119 196
119 245
119 246
119 247
119 258
120 134
120 144
120 150
120 158
120 159
120 162
120 164
120 167
120 171
120 173
120 188
120 189
120 190
120 195
120 196
120 245
120 247
120 258
121 134
121 135
121 144
121 150
121 158
121 159
121 162
121 164
121 167
121 171
121 173
121 188
121 189
121 190
121 195
121 196
121 213
121 245
121 247
121 258
122 134
122 135
122 144
122 145
122 150
122 158
122 159
122 162
122 164
122 167
122 171
122 173
122 179
122 188
122 189
122 190
122 195
122 196
122 213
122 245
122 247
122 258
123 134
123 135
123 144
123 145
123 150
123 158
123 159
123 162
123 164
123 171
123 173
123 179
123 188
123 189
123 190
123 195
123 196
123 213
123 245
123 247
123 258
124 134
124 135
124 144
124 145
124 150
124 158
124 159
124 162
124 164
124 171
124 173
124 179
124 188
124 189
124 190
124 192
124 195
124 196
124 213
124 245
124 247
124 258
125 134
125 135
125 144
125 145
125 150
125 158
125 159
125 162
125 164
125 171
125 173
125 179
125 188
125 189
125 190
125 192
125 195
125 196
125 213
125 245
125 247
125 258
126 134
126 135
126 144
126 145
126 150
126 158
126 159
126 162
126 164
126 171
126 173
126 179
126 188
126 189
126 190
126 192
126 195
126 196
126 213
126 245
126 247
126 258
127 134
127 135
127 144
127 145
127 150
127 158
127 159
127 162
127 164
127 171
127 173
127 179
127 188
127 189
127 190
127 192
127 195
127 196
127 213
127 245
127 247
127 258
128 134
128 135
128 144
128 145
128 150
128 158
128 159
128 162
128 164
128 171
128 173
128 179
128 188
128 189
128 190
128 192
128 195
128 196
128 213
128 245
128 247
128 258
129 134
129 135
129 144
129 145
129 150
129 158
129 159
129 162
129 164
129 171
129 173
129 179
129 188
129 189
129 190
129 192
129 195
129 196
129 213
129 245
129 247
129 258
130 134
130 135
130 144
130 145
130 150
130 158
130 159
130 162
130 164
130 171
130 173
130 179
130 188
130 189
130 190
130 192
130 195
130 196
130 213
130 245
130 247
130 258
131 134
131 135
131 144
131 145
131 150
131 158
131 159
131 162
131 164
131 171
131 173
131 179
131 188
131 189
131 190
131 192
131 195
131 196
131 213
131 245
131 247
131 258
132 134
132 135
132 144
132 145
132 150
132 158
132 159
132 162
132 164
132 171
132 173
132 179
132 188
132 189
132 190
132 192
132 195
132 196
132 213
132 245
132 247
132 258
133 134
133 135
133 144
133 145
133 150
133 158
133 159
133 162
133 164
133 171
133 173
133 179
133 188
133 189
133 190
133 192
133 195
133 196
133 213
133 245
133 247
133 258
134 134
134 135
134 144
134 145
134 150
134 158
134 159
134 162
134 164
134 171
134 173
134 179
134 188
134 189
134 190
134 192
134 195
134 196
134 213
134 245
134 247
134 258
135 134
135 144
135 145
135 150
135 158
135 159
135 162
135 164
135 171
135 173
135 179
135 188
135 189
135 190
135 192
135 195
135 196
135 213
135 245
135 247
135 258
136 134
136 144
136 145
136 150
136 158
136 159
136 162
136 164
136 171
136 173
136 179
136 188
136 189
136 190
136 192
136 195
136 196
136 213
136 245
136 247
136 258
137 134
137 144
137 145
137 158
137 159
137 162
137 164
137 171
137 173
137 179
137 188
137 189
137 190
137 192
137 195
137 196
137 213
137 245
137 247
137 258
138 134
138 144
138 145
138 158
138 159
138 162
138 164
138 171
138 173
138 179
138 188
138 189
138 195
138 196
138 213
138 245
138 247
138 258
139 134
139 144
139 145
139 158
139 159
139 162
139 164
139 171
139 173
139 179
139 188
139 189
139 195
139 196
139 213
139 245
139 247
139 258
140 134
140 144
140 145
140 158
140 159
140 162
140 164
140 171
140 173
140 179
140 188
140 189
140 195
140 196
140 213
140 245
140 247
140 258
141 134
141 144
141 158
141 159
141 162
141 164
141 171
141 173
141 179
141 188
141 189
141 195
141 196
141 213
141 221
141 239
141 245
141 247
142 134
142 144
142 158
142 159
142 162
142 164
142 171
142 173
142 179
142 188
142 189
142 195
142 196
142 198
142 213
142 221
142 239
142 245
142 247
143 144
143 158
143 159
143 162
143 164
143 171
143 173
143 179
143 188
143 189
143 195
143 196
143 198
143 213
143 216
143 221
143 233
143 239
143 245
143 247
144 144
144 159
144 171
144 173
144 179
144 188
144 189
144 195
144 196
144 198
144 216
144 221
144 233
144 239
144 245
144 247
145 144
145 159
145 171
145 173
145 179
145 188
145 189
145 195
145 196
145 198
145 216
145 221
145 230
145 233
145 239
145 245
145 247
146 144
146 159
146 171
146 173
146 179
146 188
146 189
146 195
146 196
146 198
146 216
146 221
146 230
146 233
146 239
146 245
146 247
147 144
147 159
147 171
147 173
147 179
147 188
147 189
147 195
147 196
147 198
147 216
147 221
147 230
147 233
147 239
147 245
147 247
148 144
148 159
148 171
148 173
148 179
148 188
148 189
148 195
148 196
148 198
148 214
148 216
148 221
148 230
148 233
148 239
148 247
148 253
149 144
149 159
149 171
149 173
149 179
149 188
149 189
149 195
149 196
149 198
149 216
149 221
149 230
149 233
149 239
149 247
149 253
150 144
150 159
150 171
150 173
150 179
150 188
150 189
150 195
150 196
150 198
150 216
150 221
150 230
150 233
150 239
150 247
150 253
151 144
151 159
151 171
151 173
151 179
151 180
151 188
151 189
151 195
151 196
151 198
151 216
151 221
151 230
151 233
151 239
151 247
151 253
152 144
152 159
152 171
152 173
152 179
152 180
152 188
152 189
152 195
152 196
152 198
152 216
152 221
152 230
152 233
152 239
152 247
152 253
153 144
153 159
153 171
153 173
153 179
153 188
153 189
153 195
153 216
153 221
153 230
153 233
153 239
153 247
153 251
153 253
154 144
154 159
154 171
154 173
154 179
154 188
154 189
154 195
154 216
154 221
154 230
154 233
154 239
154 247
154 251
154 253
155 144
155 159
155 171
155 173
155 179
155 188
155 189
155 195
155 216
155 221
155 230
155 233
155 239
155 247
155 251
155 253
156 144
156 159
156 171
156 173
156 179
156 188
156 189
156 195
156 216
156 221
156 230
156 233
156 239
156 247
156 251
156 253
157 144
157 159
157 171
157 173
157 179
157 188
157 189
157 195
157 221
157 230
157 233
157 239
157 251
157 253
158 144
158 159
158 171
158 173
158 179
158 188
158 189
158 195
158 219
158 221
158 230
158 233
158 239
158 251
158 253
159 144
159 159
159 171
159 173
159 179
159 188
159 189
159 195
159 219
159 221
159 230
159 233
159 239
159 251
159 253
160 144
160 159
160 171
160 173
160 175
160 179
160 188
160 189
160 195
160 208
160 219
160 221
160 230
160 233
160 239
160 251
160 253
161 144
161 159
161 171
161 173
161 175
161 179
161 188
161 189
161 195
161 208
161 219
161 221
161 230
161 233
161 239
161 251
161 253
162 144
162 159
162 171
162 173
162 175
162 179
162 188
162 189
162 195
162 208
162 219
162 221
162 230
162 233
162 239
162 251
162 253
163 144
163 159
163 171
163 173
163 175
163 179
163 188
163 189
163 195
163 208
163 219
163 221
163 230
163 233
163 239
163 251
163 253
164 144
164 171
164 173
164 175
164 179
164 185
164 188
164 189
164 195
164 208
164 219
164 221
164 230
164 233
164 239
164 251
164 253
165 144
165 171
165 173
165 175
165 179
165 185
165 188
165 189
165 195
165 208
165 219
165 221
165 230
165 233
165 239
165 251
165 253
166 171
166 173
166 179
166 185
166 188
166 189
166 195
166 202
166 208
166 219
166 221
166 230
166 233
166 239
166 251
166 253
166 256
167 171
167 179
167 185
167 188
167 189
167 195
167 202
167 208
167 219
167 221
167 230
167 233
167 239
167 251
167 256
168 171
168 178
168 179
168 185
168 188
168 189
168 195
168 208
168 215
168 219
168 221
168 230
168 233
168 239
168 251
168 256
169 171
169 178
169 179
169 185
169 188
169 189
169 195
169 208
169 215
169 221
169 230
169 233
169 239
169 251
169 256
170 171
170 178
170 179
170 185
170 188
170 189
170 195
170 208
170 215
170 221
170 230
170 233
170 239
170 251
170 256
171 171
171 178
171 179
171 185
171 188
171 189
171 195
171 208
171 215
171 221
171 230
171 233
171 239
171 251
171 256
172 171
172 178
172 179
172 185
172 188
172 189
172 195
172 208
172 215
172 221
172 230
172 233
172 239
172 251
172 256
173 171
173 178
173 179
173 185
173 188
173 189
173 195
173 208
173 215
173 221
173 228
173 230
173 233
173 239
173 251
173 256
174 178
174 185
174 195
174 208
174 215
174 221
174 228
174 230
174 233
174 239
174 251
174 256
175 178
175 185
175 195
175 208
175 215
175 221
175 228
175 230
175 233
175 239
175 251
175 256
176 178
176 184
176 185
176 193
176 195
176 208
176 215
176 221
176 228
176 230
176 233
176 239
176 251
176 256
177 178
177 184
177 185
177 193
177 195
177 208
177 215
177 221
177 228
177 230
177 233
177 239
177 251
177 256
178 178
178 184
178 185
178 191
178 193
178 195
178 208
178 215
178 221
178 228
178 230
178 233
178 251
178 256
179 178
179 184
179 185
179 191
179 193
179 195
179 208
179 215
179 221
179 228
179 233
179 251
179 256
180 178
180 184
180 185
180 191
180 193
180 195
180 207
180 208
180 215
180 221
180 228
180 249
181 184
181 191
181 193
181 195
181 207
181 208
181 215
181 221
181 228
181 249
182 191
182 193
182 195
182 207
182 208
182 215
182 221
182 228
182 249
183 191
183 193
183 195
183 207
183 208
183 215
183 221
183 228
183 249
184 191
184 193
184 195
184 207
184 208
184 212
184 215
184 221
184 228
184 249
185 191
185 195
185 207
185 208
185 212
185 215
185 221
185 228
185 249
186 191
186 195
186 207
186 212
186 221
186 228
186 242
186 249
187 191
187 195
187 212
187 221
187 228
187 242
187 249
188 191
188 195
188 212
188 221
188 228
188 242
188 249
189 191
189 195
189 212
189 221
189 228
189 242
189 249
190 191
190 195
190 212
190 221
190 228
190 242
190 249
191 191
191 195
191 212
191 221
191 228
191 242
191 249
192 191
192 195
192 212
192 221
192 228
192 232
192 242
192 249
193 191
193 195
193 204
193 212
193 221
193 228
193 232
193 242
193 249
194 191
194 195
194 204
194 212
194 221
194 228
194 232
194 242
194 249
195 191
195 195
195 204
195 212
195 221
195 228
195 232
195 242
195 249
196 191
196 195
196 204
196 212
196 221
196 225
196 228
196 232
196 242
196 249
197 191
197 195
197 204
197 212
197 221
197 223
197 225
197 228
197 232
197 242
197 249
197 252
198 195
198 212
198 221
198 223
198 232
198 242
198 252
198 257
199 195
199 212
199 221
199 223
199 232
199 241
199 242
199 252
199 257
200 195
200 212
200 223
200 232
200 241
200 242
200 252
200 257
201 195
201 212
201 223
201 232
201 241
201 242
201 252
201 257
202 195
202 212
202 223
202 232
202 241
202 242
202 252
202 257
203 195
203 212
203 223
203 232
203 241
203 242
203 252
203 257
204 195
204 212
204 223
204 232
204 241
204 242
204 252
204 257
205 195
205 212
205 223
205 232
205 241
205 242
205 252
205 257
206 195
206 212
206 223
206 232
206 241
206 242
206 252
206 257
207 195
207 212
207 223
207 232
207 241
207 242
207 252
207 257
208 195
208 212
208 223
208 232
208 241
208 242
208 252
208 257
209 195
209 223
209 232
209 242
209 252
210 232
210 242
210 252
210 261
210 262
211 232
211 242
211 252
211 261
211 262
212 232
212 242
212 252
212 261
212 262
213 232
213 242
213 252
213 261
213 262
214 232
214 252
214 261
214 262
215 232
215 252
215 261
215 262
216 232
216 252
216 261
216 262
217 232
217 252
217 261
217 262
218 232
218 252
218 261
218 262
219 232
219 252
219 261
219 262
220 232
220 252
220 261
221 232
221 252
221 261
222 232
222 252
222 261
223 232
223 252
223 261
224 232
224 243
224 252
224 261
225 232
225 243
225 252
225 261
226 232
226 243
226 252
227 232
227 243
227 252
228 232
228 243
228 252
229 232
229 243
229 252
230 232
230 243
230 252
231 232
231 243
231 252
232 243
232 252
233 243
233 252
234 243
234 252
235 243
235 252
236 243
236 252
