0 1
1 97
2 17
2 19
2 31
2 37
2 55
2 66
2 97
2 112
2 251
3 7
3 21
3 26
3 37
3 55
3 66
3 97
3 112
3 125
3 165
3 251
4 7
4 21
4 26
4 37
4 55
4 66
4 97
4 112
4 125
4 165
4 251
5 7
5 21
5 26
5 37
5 55
5 66
5 97
5 112
5 125
5 165
5 251
6 10
6 37
6 55
6 97
6 112
6 125
6 165
6 251
7 8
7 37
7 38
7 55
7 84
7 89
7 97
7 112
7 125
7 165
7 211
7 245
7 251
8 37
8 38
8 40
8 55
8 84
8 89
8 97
8 112
8 125
8 165
8 211
8 245
8 251
9 14
9 37
9 38
9 39
9 40
9 55
9 84
9 89
9 97
9 112
9 125
9 165
9 211
9 245
9 251
10 14
10 32
10 37
10 38
10 39
10 40
10 47
10 55
10 58
10 84
10 85
10 89
10 97
10 112
10 125
10 165
10 211
10 245
10 251
11 32
11 37
11 38
11 39
11 40
11 47
11 55
11 58
11 84
11 85
11 89
11 97
11 112
11 125
11 165
11 211
11 245
11 251
12 32
12 37
12 38
12 39
12 40
12 47
12 55
12 58
12 84
12 85
12 89
12 97
12 112
12 125
12 165
12 211
12 245
12 251
12 254
13 18
13 22
13 23
13 29
13 35
13 37
13 38
13 40
13 47
13 55
13 63
13 82
13 84
13 85
13 89
13 97
13 103
13 125
13 165
13 167
13 211
13 245
13 251
13 254
14 18
14 22
14 23
14 29
14 35
14 38
14 40
14 47
14 55
14 63
14 73
14 82
14 84
14 85
14 89
14 97
14 125
14 165
14 167
14 211
14 245
14 251
14 254
15 22
15 23
15 29
15 35
15 38
15 40
15 47
15 55
15 63
15 73
15 82
15 84
15 85
15 89
15 97
15 125
15 165
15 167
15 211
15 245
15 251
15 254
16 22
16 23
16 35
16 38
16 40
16 47
16 55
16 59
16 63
16 73
16 78
16 82
16 84
16 85
16 89
16 97
16 106
16 125
16 165
16 182
16 211
16 245
16 251
16 254
17 23
17 35
17 38
17 47
17 55
17 59
17 63
17 73
17 78
17 82
17 85
17 86
17 89
17 90
17 91
17 97
17 106
17 125
17 165
17 182
17 211
17 245
17 251
17 254
18 23
18 35
18 38
18 47
18 55
18 59
18 63
18 73
18 78
18 82
18 85
18 86
18 89
18 90
18 91
18 97
18 106
18 125
18 165
18 182
18 211
18 245
18 251
18 254
19 23
19 27
19 35
19 38
19 47
19 55
19 59
19 63
19 73
19 82
19 85
19 89
19 91
19 92
19 97
19 106
19 120
19 125
19 165
19 182
19 211
19 245
19 251
19 254
20 23
20 27
20 35
20 38
20 46
20 47
20 55
20 59
20 63
20 73
20 82
20 85
20 89
20 91
20 92
20 97
20 106
20 120
20 125
20 165
20 182
20 211
20 245
20 251
20 254
21 23
21 27
21 35
21 38
21 46
21 47
21 55
21 59
21 63
21 73
21 82
21 85
21 89
21 91
21 92
21 97
21 106
21 120
21 125
21 165
21 182
21 211
21 245
21 251
21 254
22 35
22 36
22 38
22 47
22 50
22 59
22 64
22 73
22 82
22 85
22 89
22 91
22 92
22 97
22 106
22 120
22 125
22 165
22 182
22 211
22 239
22 245
22 251
23 35
23 36
23 38
23 47
23 50
23 59
23 64
23 73
23 82
23 85
23 89
23 91
23 92
23 97
23 106
23 120
23 121
23 125
23 165
23 182
23 211
23 239
23 245
23 251
24 35
24 36
24 38
24 50
24 59
24 64
24 73
24 82
24 85
24 89
24 91
24 92
24 97
24 106
24 120
24 121
24 125
24 165
24 182
24 211
24 239
24 245
24 251
25 36
25 38
25 50
25 59
25 64
25 82
25 89
25 91
25 92
25 106
25 120
25 125
25 165
25 182
25 211
25 239
25 245
25 251
26 36
26 38
26 50
26 59
26 64
26 82
26 89
26 91
26 92
26 106
26 120
26 125
26 165
26 182
26 211
26 239
26 245
26 251
27 36
27 38
27 50
27 59
27 64
27 82
27 89
27 92
27 106
27 120
27 125
27 165
27 182
27 211
27 239
27 245
27 251
28 36
28 38
28 50
28 53
28 60
28 64
28 82
28 89
28 92
28 106
28 120
28 125
28 165
28 182
28 211
28 215
28 239
28 245
28 251
28 262
29 33
29 36
29 38
29 50
29 60
29 64
29 77
29 82
29 89
29 92
29 106
29 120
29 125
29 165
29 182
29 209
29 211
29 215
29 239
29 245
29 251
29 262
30 33
30 34
30 36
30 38
30 50
30 60
30 64
30 77
30 82
30 89
30 92
30 106
30 120
30 125
30 165
30 182
30 209
30 211
30 215
30 239
30 245
30 251
30 262
31 33
31 34
31 38
31 50
31 56
31 60
31 64
31 77
31 82
31 83
31 92
31 106
31 120
31 125
31 126
31 182
31 209
31 211
31 215
31 232
31 239
31 245
31 251
31 262
32 33
32 34
32 50
32 51
32 56
32 60
32 64
32 77
32 82
32 83
32 92
32 106
32 120
32 125
32 182
32 209
32 211
32 213
32 215
32 232
32 239
32 245
32 251
32 262
33 42
33 50
33 51
33 56
33 60
33 64
33 77
33 82
33 83
33 92
33 98
33 106
33 125
33 182
33 209
33 211
33 213
33 215
33 232
33 239
33 245
33 251
33 262
34 42
34 50
34 51
34 56
34 60
34 64
34 77
34 82
34 83
34 92
34 106
34 125
34 182
34 209
34 211
34 213
34 215
34 232
34 239
34 245
34 251
34 262
35 42
35 49
35 50
35 51
35 56
35 60
35 64
35 77
35 82
35 83
35 92
35 182
35 209
35 211
35 213
35 215
35 222
35 232
35 239
35 245
35 251
35 262
36 42
36 49
36 50
36 51
36 56
36 60
36 64
36 77
36 82
36 83
36 92
36 182
36 209
36 211
36 213
36 215
36 222
36 232
36 239
36 245
36 251
36 262
37 41
37 42
37 48
37 51
37 56
37 60
37 64
37 68
37 77
37 82
37 83
37 92
37 114
37 136
37 182
37 209
37 211
37 213
37 215
37 222
37 232
37 239
37 245
37 251
37 262
38 41
38 42
38 48
38 51
38 56
38 60
38 64
38 68
38 69
38 77
38 81
38 83
38 92
38 114
38 136
38 168
38 182
38 201
38 209
38 211
38 213
38 215
38 222
38 232
38 239
38 245
38 251
38 262
39 41
39 42
39 48
39 51
39 56
39 60
39 64
39 68
39 69
39 70
39 77
39 81
39 83
39 92
39 114
39 136
39 168
39 182
39 201
39 209
39 211
39 213
39 215
39 222
39 232
39 239
39 245
39 251
39 262
40 41
40 51
40 56
40 60
40 68
40 70
40 81
40 88
40 92
40 93
40 100
40 114
40 122
40 129
40 154
40 182
40 201
40 209
40 211
40 213
40 215
40 222
40 232
40 239
40 245
40 262
41 51
41 60
41 81
41 92
41 93
41 100
41 107
41 114
41 122
41 129
41 154
41 164
41 182
41 209
41 211
41 213
41 215
41 222
41 232
41 239
41 262
42 44
42 51
42 57
42 60
42 81
42 92
42 93
42 100
42 107
42 114
42 122
42 129
42 140
42 154
42 164
42 182
42 209
42 213
42 215
42 222
42 232
42 239
42 262
43 44
43 51
43 57
43 62
43 92
43 107
43 114
43 122
43 129
43 140
43 151
43 154
43 164
43 182
43 209
43 213
43 215
43 222
43 228
43 232
43 239
43 262
44 44
44 51
44 57
44 62
44 65
44 92
44 107
44 114
44 122
44 129
44 134
44 140
44 151
44 154
44 164
44 182
44 209
44 213
44 215
44 222
44 228
44 232
44 239
45 44
45 51
45 57
45 62
45 65
45 92
45 107
45 114
45 122
45 129
45 140
45 151
45 154
45 164
45 182
45 199
45 209
45 213
45 215
45 222
45 228
45 232
45 239
46 44
46 51
46 57
46 62
46 65
46 92
46 107
46 114
46 122
46 129
46 140
46 151
46 154
46 160
46 164
46 182
46 199
46 209
46 213
46 215
46 222
46 228
46 232
46 239
47 44
47 51
47 57
47 62
47 65
47 74
47 114
47 122
47 129
47 140
47 151
47 154
47 164
47 176
47 182
47 199
47 213
47 215
47 222
47 228
47 232
47 239
48 44
48 51
48 57
48 62
48 65
48 71
48 74
48 114
48 122
48 129
48 140
48 151
48 154
48 164
48 176
48 182
48 199
48 213
48 215
48 222
48 228
48 232
48 239
49 51
49 57
49 62
49 65
49 71
49 74
49 114
49 122
49 129
49 140
49 151
49 154
49 164
49 176
49 182
49 199
49 213
49 215
49 222
49 228
49 232
50 57
50 62
50 71
50 74
50 114
50 122
50 129
50 140
50 151
50 154
50 164
50 176
50 182
50 199
50 213
50 215
50 222
50 228
50 232
51 62
51 71
51 74
51 114
51 122
51 129
51 140
51 151
51 154
51 164
51 176
51 182
51 213
51 215
51 222
51 228
51 232
52 54
52 62
52 71
52 113
52 114
52 122
52 129
52 140
52 151
52 154
52 164
52 176
52 182
52 213
52 215
52 222
52 232
53 62
53 71
53 113
53 114
53 122
53 129
53 140
53 151
53 154
53 164
53 176
53 182
53 213
53 215
53 222
53 232
54 62
54 71
54 113
54 122
54 129
54 140
54 151
54 164
54 176
54 182
54 207
54 213
54 215
54 222
54 227
54 232
55 62
55 71
55 79
55 102
55 111
55 113
55 129
55 151
55 164
55 176
55 182
55 207
55 213
55 215
55 222
55 227
55 232
55 253
56 62
56 71
56 79
56 102
56 111
56 113
56 129
56 151
56 164
56 176
56 182
56 207
56 213
56 215
56 222
56 227
56 232
56 253
57 62
57 71
57 79
57 102
57 104
57 111
57 113
57 129
57 151
57 164
57 176
57 182
57 187
57 207
57 213
57 215
57 222
57 224
57 227
57 232
57 253
58 62
58 71
58 79
58 104
58 111
58 113
58 129
58 151
58 164
58 166
58 176
58 187
58 207
58 213
58 215
58 222
58 224
58 227
58 232
58 248
58 253
59 62
59 71
59 79
59 104
59 111
59 113
59 129
59 151
59 164
59 166
59 176
59 187
59 207
59 213
59 215
59 222
59 224
59 227
59 232
59 248
59 253
60 62
60 71
60 72
60 79
60 104
60 111
60 113
60 129
60 151
60 166
60 176
60 187
60 200
60 207
60 213
60 215
60 222
60 224
60 227
60 232
60 248
60 253
61 62
61 71
61 72
61 79
61 104
61 111
61 113
61 129
61 151
61 166
61 176
61 187
61 200
61 213
61 215
61 222
61 224
61 227
61 232
61 248
61 253
62 62
62 71
62 72
62 79
62 96
62 101
62 113
62 131
62 145
62 151
62 166
62 176
62 187
62 200
62 206
62 213
62 215
62 224
62 227
62 230
62 232
62 253
63 62
63 71
63 72
63 79
63 96
63 101
63 113
63 131
63 145
63 151
63 166
63 176
63 187
63 200
63 206
63 213
63 215
63 224
63 227
63 230
63 232
63 253
64 62
64 71
64 72
64 79
64 96
64 101
64 113
64 131
64 145
64 151
64 166
64 176
64 187
64 200
64 206
64 213
64 215
64 224
64 227
64 230
64 232
64 253
65 62
65 71
65 72
65 96
65 105
65 108
65 113
65 131
65 144
65 145
65 151
65 166
65 176
65 186
65 195
65 206
65 213
65 215
65 224
65 227
65 230
65 232
65 250
65 253
66 72
66 75
66 96
66 105
66 108
66 113
66 131
66 144
66 145
66 151
66 166
66 176
66 181
66 186
66 195
66 206
66 213
66 215
66 224
66 227
66 230
66 232
66 250
66 253
67 72
67 75
67 96
67 105
67 108
67 113
67 131
67 144
67 145
67 151
67 166
67 176
67 181
67 186
67 195
67 206
67 213
67 215
67 224
67 227
67 230
67 232
67 250
67 253
68 72
68 75
68 96
68 99
68 105
68 108
68 113
68 144
68 145
68 151
68 166
68 176
68 181
68 186
68 195
68 206
68 213
68 215
68 224
68 227
68 230
68 232
68 250
68 253
69 72
69 75
69 80
69 96
69 105
69 108
69 113
69 138
69 144
69 145
69 151
69 166
69 176
69 181
69 186
69 195
69 206
69 213
69 215
69 224
69 227
69 230
69 232
69 250
69 253
70 72
70 75
70 80
70 96
70 105
70 108
70 113
70 115
70 138
70 144
70 145
70 151
70 158
70 166
70 176
70 181
70 195
70 206
70 213
70 215
70 224
70 227
70 230
70 232
70 250
70 253
71 72
71 75
71 80
71 96
71 105
71 108
71 113
71 115
71 138
71 144
71 145
71 151
71 158
71 166
71 176
71 181
71 195
71 206
71 213
71 215
71 224
71 227
71 230
71 232
71 250
71 253
72 75
72 96
72 105
72 108
72 113
72 115
72 138
72 145
72 151
72 155
72 158
72 166
72 176
72 181
72 195
72 206
72 213
72 215
72 224
72 227
72 230
72 232
72 250
72 253
73 75
73 96
73 105
73 108
73 113
73 115
73 138
73 145
73 151
73 155
73 158
73 166
73 176
73 181
73 195
73 206
73 213
73 215
73 224
73 225
73 227
73 230
73 232
73 250
73 253
74 75
74 96
74 105
74 108
74 113
74 115
74 138
74 145
74 151
74 155
74 158
74 166
74 181
74 195
74 206
74 213
74 215
74 224
74 225
74 227
74 230
74 232
74 250
74 253
75 75
75 105
75 108
75 110
75 113
75 115
75 138
75 141
75 145
75 151
75 155
75 158
75 181
75 184
75 195
75 206
75 215
75 224
75 227
75 230
75 232
75 250
75 253
76 75
76 105
76 108
76 113
76 115
76 138
76 141
76 145
76 151
76 153
76 155
76 158
76 181
76 184
76 195
76 215
76 224
76 227
76 230
76 232
76 240
76 250
76 253
77 75
77 105
77 108
77 113
77 115
77 138
77 141
77 145
77 151
77 153
77 155
77 158
77 181
77 184
77 195
77 215
77 224
77 227
77 230
77 232
77 240
77 250
77 253
78 75
78 87
78 105
78 108
78 113
78 115
78 138
78 141
78 145
78 151
78 153
78 155
78 158
78 181
78 184
78 195
78 215
78 224
78 227
78 230
78 232
78 240
78 250
78 253
79 75
79 105
79 108
79 113
79 115
79 138
79 141
79 145
79 151
79 153
79 155
79 158
79 181
79 184
79 192
79 195
79 215
79 224
79 227
79 230
79 232
79 237
79 240
79 250
79 253
79 255
80 138
80 141
80 145
80 151
80 153
80 155
80 158
80 161
80 181
80 184
80 195
80 215
80 227
80 230
80 236
80 246
80 249
80 250
80 253
80 255
81 138
81 141
81 145
81 151
81 153
81 158
81 161
81 181
81 184
81 195
81 215
81 227
81 230
81 236
81 246
81 249
81 250
81 253
81 255
82 127
82 138
82 141
82 145
82 153
82 158
82 161
82 181
82 184
82 195
82 215
82 227
82 230
82 236
82 246
82 249
82 250
82 255
83 127
83 141
83 145
83 153
83 158
83 161
83 181
83 184
83 195
83 215
83 227
83 230
83 236
83 246
83 249
83 250
83 255
84 127
84 141
84 145
84 153
84 158
84 161
84 181
84 184
84 195
84 215
84 227
84 230
84 236
84 246
84 249
84 250
84 255
85 127
85 141
85 145
85 153
85 158
85 161
85 181
85 184
85 195
85 215
85 227
85 230
85 236
85 246
85 249
85 250
85 255
86 127
86 145
86 153
86 158
86 161
86 181
86 184
86 195
86 215
86 227
86 230
86 231
86 236
86 238
86 246
86 249
86 250
86 255
87 153
87 158
87 161
87 181
87 184
87 215
87 227
87 230
87 231
87 236
87 238
87 246
87 249
87 250
87 255
88 153
88 158
88 161
88 181
88 184
88 214
88 215
88 227
88 230
88 231
88 236
88 238
88 246
88 249
88 250
88 255
89 153
89 158
89 161
89 181
89 184
89 214
89 215
89 227
89 230
89 231
89 236
89 238
89 246
89 249
89 250
89 255
90 137
90 153
90 158
90 161
90 181
90 184
90 214
90 215
90 230
90 231
90 236
90 238
90 246
90 247
90 249
90 250
90 255
91 153
91 158
91 161
91 181
91 184
91 214
91 215
91 230
91 231
91 236
91 238
91 246
91 247
91 249
91 250
91 255
92 118
92 153
92 181
92 215
92 230
92 231
92 236
92 238
92 246
92 247
92 249
92 250
92 255
93 118
93 150
93 153
93 181
93 230
93 236
93 238
93 246
93 247
93 249
93 250
93 255
94 118
94 132
94 150
94 153
94 181
94 230
94 236
94 238
94 246
94 247
94 249
94 250
94 255
95 119
95 132
95 150
95 153
95 163
95 181
95 230
95 236
95 238
95 246
95 247
95 249
95 250
95 255
96 119
96 132
96 150
96 153
96 163
96 181
96 230
96 236
96 238
96 246
96 247
96 249
96 250
96 255
97 119
97 132
97 150
97 153
97 163
97 181
97 230
97 236
97 238
97 246
97 247
97 249
97 250
97 255
98 119
98 132
98 150
98 153
98 163
98 181
98 230
98 236
98 246
98 247
98 249
98 250
98 255
99 119
99 132
99 150
99 153
99 163
99 181
99 230
99 236
99 246
99 247
99 249
99 250
99 255
100 119
100 132
100 150
100 153
100 163
100 181
100 230
100 236
100 246
100 247
100 249
100 250
100 255
101 119
101 130
101 132
101 139
101 150
101 153
101 163
101 181
101 230
101 233
101 236
101 246
101 247
101 249
101 250
101 255
102 119
102 130
102 132
102 139
102 150
102 153
102 163
102 181
102 230
102 233
102 236
102 246
102 247
102 249
102 250
102 255
103 119
103 130
103 132
103 135
103 139
103 150
103 163
103 181
103 230
103 233
103 236
103 246
103 247
103 249
103 250
103 255
104 119
104 130
104 132
104 135
104 139
104 150
104 163
104 181
104 230
104 233
104 236
104 246
104 247
104 249
104 250
104 255
105 128
105 130
105 132
105 135
105 139
105 150
105 163
105 220
105 230
105 233
105 236
105 246
105 247
105 250
105 255
106 128
106 130
106 132
106 135
106 139
106 148
106 150
106 163
106 203
106 220
106 230
106 233
106 236
106 246
106 247
106 250
106 255
107 130
107 132
107 135
107 142
107 143
107 148
107 150
107 163
107 203
107 220
107 226
107 230
107 233
107 236
107 246
107 247
107 250
108 130
108 132
108 142
108 143
108 148
108 150
108 163
108 203
108 220
108 226
108 230
108 233
108 236
108 246
108 247
108 250
109 123
109 130
109 132
109 142
109 143
109 148
109 150
109 163
109 190
109 203
109 220
109 226
109 230
109 233
109 236
109 246
109 247
109 250
110 123
110 130
110 132
110 142
110 143
110 148
110 150
110 163
110 190
110 203
110 220
110 226
110 230
110 233
110 236
110 246
110 247
110 250
111 123
111 130
111 132
111 142
111 143
111 148
111 150
111 163
111 190
111 203
111 220
111 226
111 230
111 233
111 236
111 246
111 247
111 250
112 123
112 130
112 132
112 143
112 148
112 150
112 163
112 190
112 203
112 220
112 226
112 230
112 233
112 236
112 246
112 247
112 250
113 123
113 130
113 132
113 143
113 148
113 150
113 162
113 163
113 190
113 220
113 226
113 230
113 233
113 236
113 246
113 247
114 123
114 130
114 132
114 143
114 148
114 150
114 162
114 163
114 190
114 217
114 220
114 226
114 233
114 236
114 246
114 247
115 123
115 130
115 132
115 143
115 148
115 150
115 162
115 163
115 185
115 190
115 217
115 220
115 226
115 233
115 246
115 247
116 123
116 130
116 132
116 143
116 148
116 150
116 162
116 163
116 185
116 190
116 198
116 217
116 220
116 226
116 233
116 246
116 247
117 123
117 130
117 132
117 143
117 147
117 150
117 162
117 163
117 180
117 185
117 190
117 198
117 217
117 220
117 226
117 233
117 246
117 247
118 130
118 132
118 143
118 150
118 162
118 163
118 180
118 185
118 190
118 194
118 198
118 217
118 220
118 226
118 233
118 246
118 247
119 130
119 132
119 143
119 150
119 162
119 163
119 180
119 185
119 190
119 194
119 198
119 217
119 220
119 226
119 233
119 246
119 247
120 130
120 132
120 143
120 149
120 150
120 162
120 180
120 185
120 190
120 194
120 198
120 220
120 226
120 233
120 246
120 247
121 130
121 132
121 143
121 149
121 150
121 162
121 180
121 185
121 190
121 194
121 198
121 220
121 226
121 233
121 246
121 247
122 130
122 132
122 143
122 149
122 150
122 162
122 172
122 180
122 185
122 190
122 194
122 198
122 220
122 226
122 233
122 246
122 247
123 130
123 132
123 133
123 143
123 146
123 149
123 150
123 162
123 172
123 180
123 185
123 190
123 194
123 198
123 220
123 223
123 226
123 233
123 246
123 247
124 130
124 132
124 133
124 143
124 146
124 149
124 150
124 162
124 172
124 180
124 185
124 190
124 194
124 198
124 223
124 226
124 233
124 246
124 247
125 132
125 133
125 143
125 146
125 149
125 150
125 162
125 172
125 180
125 185
125 190
125 194
125 198
125 223
125 226
125 233
125 246
125 247
126 132
126 133
126 143
126 146
126 149
126 150
126 162
126 172
126 180
126 185
126 190
126 194
126 198
126 223
126 226
126 233
126 246
126 247
127 132
127 133
127 143
127 146
127 149
127 150
127 157
127 162
127 172
127 180
127 185
127 190
127 194
127 198
127 223
127 226
127 233
127 246
127 247
128 132
128 133
128 143
128 146
128 149
128 150
128 157
128 162
128 172
128 180
128 185
128 190
128 194
128 198
128 223
128 226
128 233
128 246
128 247
129 132
129 133
129 143
129 146
129 149
129 150
129 157
129 162
129 172
129 180
129 185
129 190
129 194
129 198
129 223
129 226
129 233
129 246
129 247
130 132
130 133
130 143
130 146
130 149
130 150
130 157
130 162
130 172
130 180
130 185
130 190
130 194
130 198
130 223
130 226
130 233
130 246
130 247
131 132
131 133
131 143
131 146
131 149
131 150
131 157
131 162
131 172
131 180
131 185
131 190
131 194
131 198
131 223
131 226
131 233
131 246
131 247
132 132
132 133
132 143
132 146
132 149
132 150
132 157
132 159
132 162
132 172
132 179
132 180
132 185
132 190
132 194
132 198
132 223
132 226
132 233
132 246
132 247
133 132
133 146
133 149
133 150
133 162
133 170
133 172
133 177
133 179
133 180
133 185
133 190
133 194
133 198
133 210
133 218
133 223
133 226
133 246
133 247
134 132
134 146
134 149
134 150
134 162
134 170
134 172
134 177
134 179
134 180
134 185
134 190
134 194
134 198
134 205
134 210
134 218
134 223
134 226
134 246
134 247
135 132
135 146
135 149
135 150
135 162
135 170
135 172
135 177
135 179
135 180
135 185
135 190
135 194
135 196
135 198
135 205
135 210
135 218
135 223
135 226
135 246
135 247
136 132
136 146
136 149
136 150
136 162
136 170
136 172
136 177
136 180
136 185
136 190
136 194
136 196
136 198
136 205
136 210
136 218
136 223
136 226
136 246
136 247
137 132
137 146
137 149
137 150
137 162
137 170
137 172
137 177
137 180
137 185
137 190
137 194
137 196
137 198
137 205
137 210
137 218
137 223
137 226
137 246
137 247
137 261
138 132
138 146
138 149
138 150
138 156
138 170
138 172
138 180
138 190
138 191
138 194
138 196
138 198
138 204
138 205
138 218
138 223
138 226
138 247
138 261
139 132
139 146
139 149
139 150
139 156
139 170
139 172
139 180
139 190
139 191
139 194
139 196
139 198
139 204
139 205
139 218
139 223
139 226
139 247
139 261
140 132
140 146
140 150
140 156
140 170
140 172
140 178
140 180
140 183
140 190
140 191
140 194
140 196
140 198
140 204
140 205
140 218
140 223
140 226
140 247
140 261
141 132
141 146
141 150
141 156
141 170
141 172
141 178
141 180
141 183
141 190
141 191
141 194
141 196
141 198
141 204
141 205
141 218
141 223
141 226
141 247
141 261
142 132
142 146
142 150
142 156
142 170
142 172
142 178
142 180
142 183
142 190
142 191
142 194
142 196
142 198
142 204
142 205
142 218
142 223
142 226
142 247
142 261
143 132
143 146
143 150
143 156
143 170
143 172
143 178
143 180
143 183
143 190
143 191
143 194
143 196
143 198
143 204
143 205
143 218
143 223
143 226
143 247
143 261
144 132
144 146
144 150
144 156
144 170
144 172
144 178
144 180
144 183
144 190
144 191
144 194
144 196
144 198
144 204
144 205
144 218
144 223
144 226
144 247
144 261
145 146
145 150
145 156
145 170
145 172
145 173
145 178
145 180
145 183
145 190
145 191
145 194
145 196
145 198
145 204
145 205
145 218
145 223
145 226
145 261
146 146
146 150
146 156
146 170
146 172
146 173
146 178
146 180
146 183
146 190
146 191
146 194
146 196
146 198
146 204
146 205
146 218
146 223
146 226
146 259
146 261
147 146
147 150
147 156
147 170
147 172
147 173
147 178
147 180
147 183
147 190
147 191
147 194
147 196
147 198
147 204
147 205
147 218
147 223
147 226
147 259
147 261
148 146
148 156
148 170
148 172
148 173
148 178
148 180
148 183
148 190
148 191
148 194
148 196
148 198
148 204
148 205
148 218
148 223
148 226
148 235
148 259
148 261
149 146
149 170
149 172
149 173
149 178
149 183
149 190
149 191
149 193
149 194
149 196
149 198
149 204
149 205
149 218
149 223
149 226
149 229
149 235
149 261
150 146
150 170
150 172
150 173
150 178
150 183
150 190
150 191
150 193
150 194
150 196
150 198
150 204
150 205
150 218
150 223
150 226
150 229
150 235
150 261
151 146
151 170
151 172
151 173
151 178
151 190
151 191
151 193
151 194
151 196
151 198
151 205
151 218
151 223
151 226
151 235
151 261
152 170
152 172
152 173
152 178
152 190
152 191
152 193
152 194
152 196
152 198
152 205
152 218
152 226
152 235
152 261
153 170
153 172
153 178
153 188
153 190
153 191
153 193
153 194
153 198
153 205
153 218
153 226
153 235
153 261
154 170
154 172
154 178
154 188
154 190
154 191
154 193
154 194
154 198
154 205
154 218
154 226
154 235
154 261
155 170
155 172
155 178
155 188
155 190
155 191
155 193
155 194
155 198
155 205
155 218
155 226
155 235
155 261
156 170
156 172
156 188
156 190
156 191
156 193
156 198
156 205
156 218
156 226
156 235
156 261
157 170
157 172
157 188
157 189
157 190
157 191
157 193
157 198
157 205
157 216
157 218
157 226
157 235
157 261
158 170
158 172
158 188
158 189
158 190
158 191
158 193
158 198
158 205
158 216
158 218
158 226
158 235
158 261
159 170
159 172
159 188
159 189
159 190
159 191
159 193
159 198
159 205
159 216
159 218
159 226
159 235
159 261
160 172
160 188
160 189
160 190
160 191
160 193
160 197
160 198
160 205
160 216
160 218
160 226
160 235
160 261
161 172
161 188
161 189
161 190
161 191
161 193
161 197
161 198
161 205
161 216
161 218
161 226
161 235
162 172
162 174
162 188
162 189
162 190
162 191
162 193
162 197
162 198
162 205
162 216
162 218
162 226
162 235
163 172
163 174
163 188
163 189
163 190
163 191
163 193
163 197
163 198
163 205
163 216
163 218
163 226
163 235
164 172
164 174
164 188
164 189
164 190
164 191
164 193
164 197
164 198
164 205
164 216
164 218
164 226
164 235
165 172
165 174
165 188
165 189
165 190
165 191
165 193
165 197
165 198
165 205
165 216
165 218
165 226
165 235
166 172
166 174
166 188
166 189
166 190
166 191
166 193
166 197
166 198
166 205
166 216
166 218
166 226
166 235
167 172
167 174
167 188
167 189
167 190
167 191
167 193
167 197
167 198
167 205
167 216
167 218
167 226
167 235
168 172
168 174
168 188
168 189
168 190
168 191
168 193
168 197
168 198
168 205
168 216
168 218
168 226
168 235
169 172
169 188
169 189
169 190
169 191
169 193
169 197
169 198
169 205
169 216
169 218
169 235
170 172
170 188
170 189
170 190
170 191
170 193
170 197
170 198
170 205
170 216
170 218
170 235
171 172
171 188
171 189
171 190
171 191
171 193
171 197
171 198
171 205
171 216
171 218
171 235
172 188
172 189
172 190
172 191
172 197
172 198
172 205
172 218
172 235
172 244
173 188
173 189
173 190
173 191
173 197
173 198
173 205
173 218
173 235
173 244
174 188
174 189
174 190
174 191
174 197
174 198
174 205
174 218
174 235
174 244
175 188
175 189
175 190
175 191
175 197
175 198
175 205
175 218
175 235
175 244
176 188
176 189
176 190
176 191
176 197
176 198
176 205
176 218
176 235
176 244
177 188
177 189
177 190
177 191
177 198
177 205
177 219
177 235
177 244
178 188
178 189
178 190
178 191
178 198
178 205
178 219
178 235
178 244
179 188
179 189
179 190
179 191
179 198
179 205
179 219
179 235
179 244
180 188
180 189
180 190
180 191
180 198
180 202
180 205
180 208
180 235
181 188
181 189
181 190
181 191
181 198
181 202
181 205
181 208
181 212
181 235
182 188
182 189
182 190
182 191
182 198
182 202
182 205
182 208
182 212
182 235
183 189
183 190
183 191
183 198
183 202
183 205
183 208
183 212
183 235
184 189
184 190
184 198
184 202
184 205
184 208
184 212
184 235
185 189
185 190
185 198
185 202
185 205
185 208
185 212
185 235
186 189
186 190
186 198
186 202
186 205
186 208
186 212
186 235
187 189
187 190
187 198
187 202
187 205
187 208
187 212
187 221
187 235
188 189
188 190
188 198
188 202
188 205
188 208
188 212
188 221
188 235
189 189
189 190
189 198
189 202
189 205
189 208
189 212
189 221
189 235
190 189
190 190
190 198
190 202
190 205
190 208
190 212
190 221
190 235
191 189
191 190
191 198
191 202
191 205
191 208
191 212
191 221
191 235
191 241
192 189
192 190
192 198
192 205
192 208
192 221
192 235
192 241
193 190
193 198
193 205
193 208
193 221
193 235
193 241
194 190
194 198
194 205
194 208
194 221
194 235
194 241
195 190
195 198
195 205
195 208
195 221
195 235
195 241
196 190
196 198
196 205
196 208
196 221
196 235
196 241
197 190
197 198
197 205
197 208
197 221
197 235
197 241
198 190
198 198
198 205
198 208
198 221
198 235
198 241
199 190
199 198
199 205
199 208
199 221
199 235
199 241
200 190
200 198
200 205
200 208
200 221
200 235
200 241
201 190
201 198
201 205
201 208
201 221
201 235
201 241
202 190
202 198
202 205
202 208
202 221
202 235
202 241
203 190
203 198
203 205
203 208
203 221
203 235
203 241
203 242
204 190
204 198
204 205
204 208
204 221
204 235
204 241
204 242
204 243
205 190
205 198
205 205
205 208
205 221
205 235
205 241
205 242
205 243
206 190
206 198
206 205
206 208
206 221
206 235
206 241
206 242
206 243
207 198
207 205
207 208
207 221
207 235
207 241
207 242
207 243
208 198
208 205
208 208
208 221
208 235
208 241
208 242
208 243
209 198
209 205
209 208
209 221
209 235
209 241
209 242
209 243
210 198
210 205
210 208
210 221
210 235
210 241
210 242
210 243
211 198
211 205
211 208
211 221
211 235
211 241
211 242
211 243
212 198
212 205
212 208
212 221
212 235
212 241
212 242
212 243
213 198
213 205
213 221
213 235
213 241
213 243
214 205
214 221
214 235
214 241
214 243
215 205
215 221
215 235
215 241
215 243
216 205
216 221
216 235
216 241
216 243
217 205
217 221
217 235
217 243
218 221
218 235
218 243
219 221
219 235
219 243
220 221
220 235
220 243
220 257
221 221
221 235
221 243
221 252
221 257
222 221
222 235
222 243
222 252
222 257
223 221
223 235
223 243
223 252
223 257
224 221
224 235
224 243
224 252
224 257
225 221
225 235
225 243
225 252
225 257
226 221
226 235
226 243
226 252
226 257
227 221
227 235
227 243
227 252
227 257
227 258
228 221
228 235
228 243
228 252
228 257
228 258
229 221
229 235
229 243
229 252
229 257
229 258
230 221
230 235
230 243
230 252
230 257
230 258
231 221
231 235
231 243
231 252
231 257
231 258
232 221
232 235
232 243
232 252
232 257
232 258
233 221
233 235
233 243
233 252
233 257
233 258
234 221
234 235
234 243
234 257
234 258
235 221
235 235
235 243
235 257
235 258
236 221
236 235
236 243
236 256
236 257
236 258
237 235
237 243
237 256
237 257
237 258
238 235
238 243
238 256
238 257
238 258
239 235
239 243
239 256
239 257
239 258
240 235
240 243
240 256
240 257
240 258
241 235
241 243
241 256
241 257
241 258
242 235
242 243
242 256
242 257
242 258
243 235
243 243
243 256
243 257
243 258
244 235
244 243
244 256
244 257
244 258
245 235
245 243
245 256
245 257
245 258
246 235
246 243
246 256
246 258
246 260
247 235
247 243
247 256
247 258
247 260
248 235
248 243
248 256
248 258
248 260
249 235
249 243
249 256
249 258
249 260
250 235
250 243
250 256
250 258
250 260
251 235
251 243
251 256
251 258
251 260
252 235
252 243
252 256
252 258
252 260
253 235
253 243
253 256
253 258
253 260
254 235
254 243
254 256
254 258
254 260
255 235
255 243
255 256
255 258
255 260
256 235
256 243
256 256
256 258
256 260
257 235
257 243
257 256
257 258
257 260
258 235
258 243
258 256
258 258
258 260
259 256
259 258
259 260
260 256
260 258
260 260
261 256
261 258
261 260
262 256
262 258
262 260
