1 3
1 6
1 24
1 26
1 172
1 223
2 6
2 24
2 26
2 172
2 223
3 4
3 20
3 24
3 26
3 96
3 172
3 223
4 4
4 20
4 24
4 26
4 96
4 172
4 223
5 20
5 24
5 26
5 96
5 172
5 223
6 14
6 20
6 24
6 31
6 71
6 77
6 96
6 105
6 172
6 223
7 8
7 31
7 71
7 77
7 96
7 105
7 172
7 223
8 12
8 19
8 31
8 41
8 74
8 77
8 89
8 96
8 105
8 172
8 205
8 223
9 12
9 19
9 41
9 74
9 77
9 89
9 96
9 105
9 172
9 205
9 223
10 10
10 15
10 18
10 25
10 37
10 57
10 73
10 74
10 89
10 105
10 205
10 223
11 10
11 15
11 18
11 25
11 37
11 57
11 73
11 74
11 89
11 105
11 205
11 223
12 15
12 18
12 25
12 37
12 57
12 73
12 74
12 81
12 89
12 105
12 205
12 207
12 208
12 223
13 16
13 43
13 46
13 73
13 80
13 85
13 89
13 105
13 125
13 184
13 205
13 207
13 208
13 223
13 243
14 16
14 43
14 46
14 73
14 80
14 85
14 89
14 105
14 125
14 184
14 205
14 207
14 208
14 223
14 243
15 43
15 46
15 73
15 80
15 85
15 89
15 105
15 125
15 184
15 205
15 207
15 208
15 223
15 243
16 38
16 43
16 46
16 58
16 61
16 64
16 80
16 85
16 105
16 125
16 184
16 199
16 205
16 207
16 208
16 223
16 243
17 32
17 38
17 43
17 58
17 61
17 64
17 80
17 85
17 105
17 125
17 184
17 199
17 205
17 207
17 208
17 223
17 243
18 21
18 23
18 29
18 33
18 38
18 39
18 42
18 50
18 61
18 64
18 65
18 79
18 80
18 86
18 105
18 106
18 125
18 138
18 184
18 199
18 202
18 205
18 207
18 208
18 242
18 243
19 21
19 23
19 29
19 39
19 42
19 50
19 61
19 64
19 65
19 79
19 80
19 86
19 105
19 106
19 125
19 138
19 184
19 199
19 202
19 205
19 207
19 208
19 242
19 243
20 23
20 29
20 39
20 42
20 50
20 61
20 64
20 65
20 79
20 80
20 86
20 105
20 106
20 125
20 138
20 184
20 199
20 202
20 205
20 207
20 208
20 242
20 243
21 23
21 29
21 39
21 42
21 50
21 61
21 64
21 65
21 79
21 80
21 86
21 105
21 106
21 125
21 138
21 184
21 199
21 202
21 205
21 207
21 208
21 242
21 243
22 29
22 36
22 39
22 42
22 50
22 61
22 64
22 65
22 79
22 80
22 86
22 105
22 106
22 125
22 138
22 149
22 184
22 199
22 202
22 205
22 207
22 208
22 242
22 243
23 28
23 29
23 36
23 39
23 42
23 47
23 50
23 55
23 56
23 61
23 64
23 65
23 79
23 80
23 86
23 92
23 105
23 106
23 125
23 138
23 149
23 184
23 199
23 202
23 205
23 207
23 208
23 242
23 243
24 28
24 36
24 42
24 50
24 53
24 55
24 56
24 64
24 65
24 79
24 80
24 92
24 105
24 106
24 125
24 138
24 149
24 184
24 199
24 202
24 205
24 207
24 208
24 238
24 242
24 243
25 28
25 36
25 40
25 42
25 50
25 55
25 56
25 64
25 65
25 79
25 80
25 92
25 105
25 106
25 125
25 138
25 148
25 149
25 184
25 199
25 202
25 205
25 207
25 208
25 238
25 242
25 243
26 28
26 36
26 40
26 42
26 50
26 55
26 56
26 64
26 65
26 79
26 80
26 92
26 105
26 106
26 125
26 138
26 148
26 149
26 184
26 199
26 202
26 205
26 207
26 208
26 238
26 242
26 243
27 28
27 36
27 40
27 42
27 48
27 50
27 56
27 64
27 65
27 79
27 80
27 92
27 105
27 106
27 125
27 138
27 148
27 149
27 184
27 199
27 202
27 205
27 207
27 208
27 238
27 242
27 243
28 28
28 36
28 40
28 48
28 49
28 50
28 56
28 65
28 79
28 80
28 92
28 105
28 106
28 125
28 138
28 148
28 149
28 184
28 199
28 202
28 205
28 207
28 238
28 242
28 243
29 28
29 30
29 36
29 40
29 48
29 49
29 50
29 56
29 65
29 79
29 80
29 92
29 100
29 105
29 106
29 125
29 138
29 148
29 149
29 184
29 199
29 202
29 205
29 207
29 238
29 242
29 243
30 40
30 48
30 49
30 50
30 56
30 60
30 65
30 76
30 79
30 80
30 92
30 100
30 105
30 125
30 138
30 141
30 148
30 149
30 162
30 184
30 199
30 202
30 205
30 207
30 227
30 238
30 242
30 243
31 40
31 50
31 56
31 60
31 65
31 67
31 76
31 79
31 80
31 92
31 98
31 100
31 105
31 125
31 138
31 141
31 148
31 149
31 162
31 184
31 191
31 199
31 202
31 205
31 207
31 227
31 238
31 242
31 243
32 40
32 50
32 56
32 60
32 65
32 67
32 76
32 79
32 92
32 98
32 100
32 105
32 125
32 138
32 141
32 148
32 162
32 184
32 191
32 199
32 202
32 205
32 207
32 227
32 238
32 242
32 243
33 40
33 50
33 56
33 60
33 65
33 67
33 76
33 79
33 92
33 98
33 100
33 105
33 125
33 138
33 141
33 148
33 162
33 184
33 191
33 197
33 199
33 202
33 205
33 207
33 227
33 238
33 242
33 243
34 40
34 50
34 56
34 65
34 67
34 79
34 92
34 98
34 100
34 103
34 105
34 138
34 141
34 148
34 151
34 162
34 184
34 191
34 197
34 199
34 202
34 205
34 207
34 227
34 238
34 242
34 243
35 40
35 50
35 56
35 65
35 67
35 79
35 92
35 98
35 100
35 103
35 105
35 138
35 141
35 148
35 151
35 162
35 184
35 191
35 197
35 199
35 202
35 205
35 207
35 227
35 238
35 242
35 243
36 50
36 56
36 65
36 67
36 79
36 92
36 98
36 100
36 103
36 105
36 138
36 141
36 148
36 151
36 162
36 184
36 191
36 197
36 199
36 202
36 205
36 207
36 227
36 238
36 242
36 243
37 50
37 52
37 56
37 65
37 67
37 79
37 92
37 98
37 100
37 103
37 105
37 138
37 141
37 148
37 151
37 162
37 184
37 191
37 197
37 199
37 202
37 205
37 207
37 227
37 238
37 242
37 243
38 45
38 50
38 52
38 56
38 65
38 67
38 79
38 92
38 98
38 100
38 103
38 105
38 138
38 141
38 148
38 151
38 162
38 184
38 191
38 197
38 199
38 202
38 205
38 207
38 227
38 238
38 242
38 243
39 45
39 50
39 56
39 63
39 65
39 79
39 92
39 100
39 138
39 141
39 148
39 162
39 173
39 184
39 191
39 197
39 199
39 202
39 205
39 207
39 227
39 238
39 242
39 243
39 245
40 45
40 50
40 56
40 59
40 65
40 79
40 97
40 100
40 133
40 138
40 141
40 142
40 148
40 162
40 173
40 184
40 191
40 197
40 202
40 205
40 207
40 227
40 238
40 242
40 243
40 245
41 50
41 56
41 59
41 79
41 97
41 100
41 133
41 138
41 141
41 142
41 148
41 162
41 173
41 184
41 191
41 197
41 202
41 205
41 207
41 227
41 238
41 242
41 243
41 245
42 50
42 56
42 59
42 79
42 97
42 100
42 133
42 138
42 141
42 142
42 148
42 162
42 173
42 184
42 191
42 197
42 202
42 205
42 207
42 227
42 238
42 242
42 243
42 245
43 59
43 66
43 79
43 97
43 100
43 104
43 141
43 162
43 170
43 173
43 184
43 191
43 197
43 202
43 207
43 227
43 234
43 238
43 243
43 245
44 59
44 66
44 79
44 97
44 100
44 104
44 141
44 162
44 170
44 173
44 184
44 191
44 197
44 202
44 207
44 227
44 234
44 238
44 243
44 245
45 59
45 66
45 79
45 94
45 97
45 100
45 104
45 112
45 117
45 128
45 141
45 154
45 162
45 170
45 173
45 191
45 197
45 202
45 207
45 227
45 234
45 238
45 243
45 245
46 66
46 79
46 94
46 97
46 100
46 104
46 112
46 117
46 128
46 141
46 154
46 162
46 170
46 173
46 191
46 197
46 202
46 207
46 227
46 234
46 238
46 243
46 245
47 66
47 79
47 94
47 97
47 100
47 104
47 112
47 117
47 128
47 141
47 154
47 162
47 170
47 173
47 191
47 197
47 202
47 207
47 227
47 234
47 238
47 243
47 245
48 51
48 66
48 79
48 97
48 100
48 112
48 113
48 117
48 128
48 130
48 134
48 141
48 162
48 170
48 173
48 187
48 188
48 191
48 197
48 207
48 211
48 227
48 234
48 238
48 240
48 243
48 245
49 51
49 68
49 97
49 100
49 112
49 113
49 117
49 127
49 128
49 130
49 134
49 139
49 141
49 162
49 170
49 173
49 187
49 188
49 191
49 197
49 207
49 210
49 211
49 227
49 234
49 238
49 240
49 243
49 245
50 51
50 68
50 83
50 97
50 100
50 112
50 113
50 117
50 127
50 128
50 130
50 134
50 137
50 139
50 141
50 162
50 170
50 173
50 187
50 188
50 191
50 197
50 207
50 210
50 211
50 227
50 234
50 238
50 240
50 243
50 245
51 83
51 97
51 100
51 112
51 113
51 117
51 127
51 128
51 130
51 134
51 137
51 139
51 141
51 162
51 170
51 173
51 187
51 188
51 191
51 197
51 207
51 211
51 227
51 234
51 238
51 240
51 243
51 245
52 83
52 97
52 100
52 101
52 112
52 113
52 117
52 126
52 127
52 128
52 130
52 134
52 137
52 139
52 141
52 162
52 173
52 187
52 188
52 191
52 197
52 207
52 211
52 227
52 234
52 238
52 240
52 243
52 245
53 75
53 83
53 97
53 100
53 101
53 112
53 113
53 117
53 126
53 127
53 128
53 130
53 134
53 137
53 139
53 162
53 173
53 187
53 188
53 191
53 197
53 207
53 211
53 227
53 234
53 238
53 240
53 243
53 245
54 69
54 75
54 83
54 97
54 100
54 101
54 112
54 113
54 117
54 121
54 126
54 127
54 128
54 134
54 137
54 139
54 162
54 173
54 187
54 188
54 191
54 193
54 197
54 207
54 211
54 227
54 234
54 238
54 240
54 243
54 245
55 75
55 83
55 97
55 101
55 112
55 113
55 117
55 121
55 127
55 128
55 134
55 137
55 139
55 162
55 173
55 187
55 188
55 191
55 193
55 197
55 207
55 211
55 227
55 234
55 238
55 240
55 243
55 245
55 250
56 75
56 83
56 97
56 101
56 112
56 113
56 114
56 117
56 121
56 127
56 128
56 134
56 137
56 139
56 162
56 173
56 187
56 188
56 191
56 193
56 197
56 207
56 211
56 227
56 234
56 238
56 240
56 243
56 245
56 250
57 75
57 83
57 97
57 101
57 112
57 113
57 114
57 117
57 121
57 127
57 128
57 134
57 137
57 139
57 162
57 173
57 187
57 188
57 191
57 193
57 197
57 207
57 211
57 227
57 234
57 238
57 240
57 243
57 245
57 247
57 250
58 75
58 82
58 83
58 101
58 112
58 114
58 115
58 117
58 134
58 137
58 139
58 173
58 187
58 188
58 193
58 197
58 207
58 211
58 234
58 238
58 240
58 243
58 245
58 247
58 250
59 62
59 75
59 82
59 83
59 101
59 112
59 114
59 115
59 117
59 134
59 137
59 146
59 161
59 165
59 168
59 173
59 187
59 188
59 193
59 197
59 207
59 211
59 234
59 238
59 240
59 243
59 245
59 247
59 250
60 62
60 75
60 82
60 83
60 101
60 108
60 112
60 114
60 115
60 117
60 134
60 137
60 146
60 161
60 165
60 168
60 173
60 187
60 188
60 193
60 197
60 207
60 211
60 234
60 238
60 240
60 243
60 245
60 247
60 250
61 62
61 75
61 82
61 83
61 101
61 108
61 112
61 114
61 115
61 117
61 134
61 137
61 146
61 165
61 168
61 173
61 188
61 193
61 197
61 207
61 211
61 234
61 238
61 240
61 243
61 245
61 247
61 250
62 62
62 70
62 75
62 82
62 83
62 101
62 108
62 112
62 114
62 115
62 117
62 134
62 137
62 146
62 165
62 168
62 173
62 188
62 193
62 197
62 207
62 211
62 234
62 238
62 240
62 243
62 245
62 247
62 250
63 62
63 70
63 75
63 82
63 83
63 101
63 108
63 112
63 114
63 115
63 117
63 134
63 137
63 146
63 165
63 168
63 173
63 188
63 193
63 197
63 207
63 211
63 234
63 238
63 240
63 243
63 245
63 247
63 250
64 75
64 83
64 108
64 112
64 114
64 115
64 117
64 134
64 137
64 146
64 165
64 168
64 173
64 188
64 193
64 197
64 207
64 211
64 234
64 238
64 240
64 245
64 247
64 250
65 75
65 83
65 93
65 108
65 112
65 114
65 115
65 117
65 131
65 146
65 165
65 168
65 173
65 188
65 193
65 197
65 207
65 211
65 234
65 238
65 240
65 245
65 247
65 248
65 250
66 83
66 93
66 99
66 108
66 112
66 114
66 115
66 117
66 118
66 131
66 146
66 165
66 168
66 188
66 193
66 197
66 207
66 211
66 234
66 238
66 240
66 245
66 247
66 248
66 250
67 83
67 93
67 99
67 108
67 112
67 114
67 115
67 118
67 119
67 131
67 146
67 165
67 168
67 188
67 193
67 197
67 207
67 211
67 234
67 238
67 240
67 245
67 247
67 248
67 250
68 83
68 93
68 99
68 112
68 114
68 115
68 118
68 119
68 131
68 146
68 165
68 168
68 178
68 188
68 193
68 197
68 207
68 211
68 234
68 238
68 240
68 245
68 247
68 248
68 250
69 83
69 93
69 99
69 112
69 114
69 118
69 119
69 131
69 146
69 165
69 168
69 178
69 188
69 193
69 197
69 207
69 211
69 234
69 240
69 245
69 248
69 250
70 83
70 93
70 99
70 112
70 114
70 119
70 122
70 131
70 146
70 147
70 150
70 163
70 165
70 167
70 168
70 178
70 188
70 193
70 197
70 207
70 211
70 234
70 240
70 245
70 248
70 250
71 83
71 93
71 99
71 111
71 112
71 114
71 119
71 122
71 131
71 146
71 147
71 150
71 163
71 165
71 167
71 168
71 188
71 193
71 207
71 211
71 234
71 240
71 245
71 248
71 250
72 72
72 83
72 93
72 99
72 110
72 111
72 112
72 114
72 119
72 132
72 146
72 147
72 150
72 163
72 165
72 167
72 168
72 176
72 177
72 207
72 211
72 240
72 245
72 248
72 250
73 72
73 78
73 83
73 93
73 99
73 110
73 111
73 112
73 132
73 146
73 147
73 150
73 163
73 165
73 167
73 168
73 176
73 177
73 207
73 211
73 240
73 245
73 248
73 250
74 78
74 83
74 93
74 99
74 110
74 111
74 112
74 132
74 146
74 147
74 150
74 163
74 165
74 167
74 168
74 176
74 177
74 207
74 240
74 245
74 248
74 250
75 78
75 83
75 93
75 99
75 110
75 111
75 112
75 132
75 146
75 147
75 150
75 163
75 165
75 167
75 168
75 176
75 177
75 207
75 240
75 245
75 248
75 250
76 78
76 83
76 93
76 99
76 110
76 111
76 112
76 132
76 146
76 147
76 150
76 163
76 165
76 167
76 168
76 176
76 177
76 207
76 240
76 245
76 248
76 250
77 78
77 83
77 110
77 111
77 112
77 132
77 146
77 147
77 150
77 163
77 165
77 166
77 167
77 168
77 176
77 177
77 207
77 216
77 233
77 240
77 245
77 248
77 250
78 83
78 90
78 111
78 112
78 132
78 146
78 147
78 150
78 165
78 166
78 167
78 168
78 176
78 181
78 207
78 216
78 222
78 233
78 240
78 245
78 248
78 250
79 111
79 132
79 146
79 147
79 150
79 165
79 166
79 167
79 168
79 176
79 181
79 207
79 216
79 222
79 233
79 240
79 245
79 248
80 111
80 132
80 146
80 147
80 150
80 165
80 166
80 167
80 168
80 176
80 181
80 207
80 216
80 222
80 233
80 240
80 245
80 248
81 88
81 111
81 132
81 146
81 147
81 150
81 165
81 166
81 167
81 168
81 176
81 181
81 207
81 216
81 222
81 233
81 240
81 245
81 248
82 88
82 111
82 132
82 150
82 165
82 166
82 167
82 168
82 176
82 181
82 207
82 216
82 222
82 233
82 240
82 245
82 248
83 87
83 88
83 91
83 109
83 111
83 123
83 132
83 150
83 165
83 166
83 167
83 168
83 176
83 181
83 207
83 216
83 222
83 240
83 245
83 248
84 87
84 88
84 91
84 111
84 123
84 132
84 150
84 153
84 160
84 165
84 166
84 167
84 168
84 176
84 180
84 181
84 195
84 200
84 207
84 216
84 222
84 236
84 240
84 245
84 248
85 87
85 88
85 91
85 111
85 123
85 132
85 150
85 153
85 160
85 165
85 166
85 167
85 168
85 176
85 180
85 181
85 190
85 195
85 200
85 207
85 216
85 222
85 236
85 240
85 245
85 248
86 87
86 91
86 123
86 132
86 136
86 150
86 153
86 165
86 166
86 167
86 168
86 176
86 180
86 181
86 190
86 195
86 200
86 207
86 216
86 222
86 236
86 240
87 87
87 91
87 123
87 132
87 136
87 150
87 153
87 165
87 166
87 167
87 168
87 176
87 180
87 181
87 190
87 195
87 200
87 207
87 216
87 222
87 236
87 240
88 87
88 91
88 102
88 123
88 132
88 136
88 150
88 153
88 165
88 166
88 167
88 168
88 176
88 180
88 181
88 190
88 195
88 200
88 207
88 216
88 222
88 236
88 240
89 87
89 91
89 102
89 123
89 132
89 136
89 145
89 150
89 153
89 165
89 166
89 167
89 168
89 176
89 180
89 181
89 190
89 195
89 200
89 207
89 216
89 222
89 236
89 240
90 87
90 91
90 102
90 123
90 132
90 136
90 145
90 150
90 153
90 165
90 166
90 167
90 168
90 176
90 180
90 181
90 190
90 195
90 200
90 207
90 216
90 222
90 236
90 240
91 87
91 91
91 102
91 123
91 132
91 136
91 145
91 150
91 153
91 165
91 166
91 167
91 168
91 176
91 180
91 181
91 190
91 195
91 200
91 207
91 216
91 222
91 236
91 240
92 91
92 102
92 123
92 132
92 136
92 145
92 150
92 165
92 166
92 167
92 168
92 176
92 180
92 181
92 190
92 200
92 207
92 216
92 222
92 236
92 240
92 262
93 91
93 116
93 123
93 132
93 136
93 140
93 145
93 150
93 165
93 167
93 168
93 174
93 176
93 180
93 181
93 190
93 200
93 216
93 225
93 236
93 240
93 262
94 91
94 107
94 116
94 123
94 132
94 136
94 140
94 145
94 150
94 165
94 167
94 168
94 174
94 176
94 180
94 181
94 190
94 200
94 216
94 225
94 236
94 240
94 262
95 91
95 107
95 116
95 123
95 136
95 140
95 145
95 167
95 174
95 176
95 181
95 190
95 200
95 216
95 225
95 236
95 240
95 262
96 91
96 107
96 116
96 123
96 136
96 140
96 145
96 167
96 174
96 176
96 181
96 190
96 200
96 216
96 225
96 236
96 240
96 262
97 91
97 107
97 116
97 123
97 136
97 145
97 167
97 174
97 176
97 181
97 190
97 215
97 216
97 230
97 236
97 240
97 262
98 91
98 107
98 116
98 123
98 124
98 136
98 145
98 167
98 174
98 176
98 181
98 185
98 190
98 215
98 216
98 230
98 236
98 240
98 262
99 116
99 123
99 136
99 145
99 174
99 176
99 181
99 185
99 216
99 230
99 236
99 240
99 256
99 262
100 129
100 136
100 145
100 174
100 176
100 185
100 186
100 196
100 216
100 230
100 236
100 237
100 240
100 256
100 262
101 129
101 136
101 145
101 174
101 176
101 185
101 186
101 196
101 216
101 230
101 236
101 237
101 240
101 256
101 262
102 129
102 136
102 145
102 174
102 176
102 185
102 196
102 216
102 230
102 236
102 237
102 240
102 256
102 262
103 129
103 136
103 145
103 174
103 176
103 185
103 196
103 216
103 230
103 236
103 237
103 240
103 256
103 262
104 129
104 136
104 145
104 174
104 176
104 185
104 196
104 216
104 230
104 236
104 237
104 240
104 256
104 262
105 129
105 136
105 145
105 174
105 176
105 185
105 196
105 216
105 230
105 236
105 237
105 240
105 256
105 262
106 129
106 136
106 145
106 174
106 176
106 185
106 196
106 216
106 230
106 236
106 237
106 240
106 256
106 262
107 129
107 136
107 145
107 174
107 176
107 185
107 196
107 216
107 230
107 236
107 237
107 240
107 256
107 262
108 129
108 136
108 145
108 158
108 174
108 176
108 185
108 196
108 201
108 216
108 230
108 236
108 237
108 256
108 262
109 129
109 136
109 145
109 158
109 174
109 176
109 185
109 196
109 201
109 216
109 230
109 236
109 237
109 256
109 262
110 129
110 136
110 158
110 174
110 176
110 185
110 196
110 201
110 204
110 209
110 216
110 230
110 236
110 237
110 256
110 262
111 129
111 136
111 158
111 174
111 176
111 185
111 196
111 201
111 204
111 209
111 216
111 230
111 232
111 236
111 237
111 256
111 262
112 129
112 158
112 174
112 176
112 185
112 196
112 201
112 204
112 209
112 216
112 230
112 236
112 237
112 256
112 262
113 129
113 158
113 174
113 176
113 185
113 196
113 201
113 204
113 209
113 216
113 230
113 236
113 237
113 256
113 262
114 129
114 158
114 174
114 176
114 185
114 196
114 201
114 204
114 209
114 216
114 230
114 236
114 237
114 256
114 262
115 129
115 158
115 174
115 176
115 185
115 196
115 201
115 204
115 209
115 216
115 230
115 236
115 237
115 256
115 262
116 129
116 158
116 174
116 176
116 185
116 196
116 201
116 204
116 209
116 216
116 228
116 230
116 236
116 237
116 256
116 262
117 129
117 158
117 174
117 176
117 185
117 196
117 201
117 204
117 209
117 216
117 228
117 230
117 236
117 237
117 256
117 262
118 129
118 158
118 174
118 176
118 185
118 196
118 201
118 204
118 209
118 216
118 228
118 230
118 236
118 237
118 256
118 262
119 129
119 158
119 174
119 176
119 185
119 196
119 201
119 204
119 209
119 216
119 228
119 230
119 236
119 237
119 256
119 262
120 129
120 144
120 152
120 158
120 174
120 176
120 185
120 196
120 201
120 204
120 209
120 216
120 228
120 230
120 236
120 237
120 256
120 262
121 129
121 144
121 152
121 158
121 174
121 176
121 185
121 196
121 201
121 204
121 209
121 216
121 230
121 236
121 237
121 256
121 262
122 129
122 144
122 152
122 158
122 174
122 176
122 185
122 196
122 201
122 204
122 209
122 216
122 230
122 236
122 237
122 256
122 262
123 129
123 144
123 152
123 158
123 174
123 176
123 185
123 196
123 201
123 204
123 209
123 216
123 230
123 236
123 237
123 256
123 262
124 129
124 144
124 152
124 158
124 174
124 176
124 185
124 196
124 201
124 204
124 209
124 216
124 230
124 236
124 237
124 256
124 262
125 129
125 144
125 152
125 158
125 174
125 176
125 185
125 196
125 201
125 204
125 209
125 216
125 230
125 236
125 237
125 256
125 262
126 129
126 144
126 152
126 158
126 174
126 176
126 185
126 196
126 201
126 204
126 209
126 216
126 218
126 230
126 236
126 237
126 256
126 262
127 129
127 144
127 152
127 158
127 174
127 176
127 185
127 196
127 201
127 204
127 209
127 216
127 218
127 230
127 236
127 237
127 262
128 129
128 143
128 152
128 171
128 174
128 176
128 196
128 204
128 209
128 216
128 218
128 230
128 237
128 262
129 129
129 143
129 152
129 171
129 174
129 176
129 196
129 204
129 209
129 216
129 218
129 230
129 237
129 262
130 129
130 143
130 152
130 171
130 174
130 176
130 196
130 204
130 209
130 213
130 216
130 218
130 230
130 237
130 262
131 129
131 143
131 152
131 171
131 174
131 176
131 196
131 204
131 209
131 213
131 216
131 218
131 230
131 237
131 262
132 129
132 143
132 152
132 171
132 174
132 176
132 196
132 204
132 209
132 213
132 216
132 218
132 230
132 237
132 262
133 143
133 152
133 156
133 171
133 174
133 176
133 196
133 204
133 209
133 213
133 216
133 218
133 230
133 237
133 262
134 143
134 152
134 156
134 171
134 174
134 176
134 196
134 204
134 209
134 213
134 216
134 218
134 230
134 237
134 262
135 143
135 152
135 156
135 171
135 174
135 176
135 196
135 204
135 209
135 213
135 216
135 218
135 230
135 237
135 262
136 143
136 152
136 156
136 171
136 174
136 176
136 196
136 204
136 209
136 213
136 216
136 218
136 230
136 237
136 262
137 143
137 152
137 156
137 171
137 174
137 176
137 196
137 209
137 213
137 216
137 218
137 230
137 237
137 262
138 152
138 156
138 169
138 171
138 174
138 176
138 189
138 196
138 209
138 213
138 216
138 218
138 230
138 237
138 262
139 152
139 156
139 169
139 171
139 174
139 176
139 189
139 196
139 209
139 213
139 216
139 218
139 230
139 237
139 239
139 258
139 262
140 152
140 156
140 169
140 171
140 174
140 176
140 189
140 196
140 209
140 213
140 216
140 218
140 230
140 237
140 239
140 258
140 262
141 152
141 156
141 169
141 171
141 174
141 176
141 189
141 196
141 209
141 213
141 216
141 230
141 237
141 239
141 258
141 262
142 152
142 156
142 169
142 171
142 174
142 176
142 189
142 196
142 209
142 213
142 216
142 230
142 237
142 239
142 258
142 262
143 152
143 156
143 169
143 171
143 174
143 176
143 189
143 196
143 209
143 213
143 216
143 230
143 237
143 239
143 258
143 262
144 152
144 156
144 169
144 171
144 174
144 176
144 189
144 196
144 213
144 216
144 230
144 237
144 239
144 249
144 258
144 262
145 152
145 155
145 156
145 169
145 171
145 174
145 176
145 189
145 196
145 213
145 216
145 230
145 237
145 239
145 249
145 258
145 262
146 152
146 155
146 156
146 169
146 171
146 174
146 176
146 189
146 196
146 213
146 216
146 230
146 237
146 239
146 249
146 258
146 262
147 152
147 155
147 156
147 169
147 171
147 174
147 176
147 189
147 196
147 213
147 216
147 230
147 237
147 239
147 249
147 258
147 262
148 152
148 155
148 156
148 169
148 171
148 174
148 176
148 189
148 196
148 213
148 216
148 230
148 237
148 239
148 249
148 258
148 262
149 152
149 155
149 156
149 169
149 171
149 174
149 176
149 189
149 196
149 213
149 230
149 237
149 239
149 249
149 258
149 262
150 155
150 156
150 169
150 171
150 174
150 176
150 189
150 196
150 213
150 230
150 237
150 239
150 249
150 258
150 262
151 155
151 156
151 169
151 171
151 174
151 176
151 189
151 196
151 213
151 230
151 237
151 239
151 249
151 258
151 262
152 155
152 156
152 169
152 171
152 174
152 176
152 189
152 196
152 213
152 230
152 237
152 239
152 249
152 258
152 262
153 155
153 156
153 169
153 171
153 174
153 176
153 189
153 196
153 213
153 230
153 237
153 239
153 249
153 258
153 262
154 155
154 156
154 169
154 171
154 174
154 176
154 189
154 196
154 213
154 230
154 237
154 239
154 249
154 262
155 155
155 156
155 169
155 171
155 176
155 179
155 189
155 196
155 213
155 230
155 237
155 239
155 249
155 262
156 155
156 156
156 169
156 171
156 176
156 189
156 213
156 226
156 230
156 237
156 239
156 249
156 262
157 155
157 156
157 169
157 171
157 176
157 189
157 213
157 226
157 230
157 237
157 239
157 249
157 262
158 155
158 169
158 171
158 189
158 213
158 226
158 230
158 237
158 239
158 244
158 249
158 262
159 155
159 169
159 171
159 189
159 213
159 226
159 230
159 237
159 239
159 244
159 249
159 262
160 155
160 169
160 171
160 189
160 213
160 226
160 230
160 237
160 239
160 244
160 249
160 259
160 262
161 155
161 169
161 171
161 182
161 189
161 213
161 226
161 230
161 237
161 239
161 244
161 249
161 259
161 262
162 155
162 169
162 171
162 182
162 189
162 213
162 226
162 230
162 237
162 239
162 244
162 249
162 259
162 262
163 169
163 182
163 189
163 213
163 226
163 230
163 237
163 239
163 244
163 249
163 259
163 262
164 169
164 182
164 189
164 213
164 230
164 237
164 244
164 249
164 257
164 259
164 262
165 169
165 182
165 189
165 213
165 230
165 237
165 244
165 249
165 257
165 259
165 262
166 169
166 182
166 189
166 213
166 230
166 237
166 244
166 249
166 259
166 262
167 169
167 182
167 189
167 213
167 230
167 237
167 244
167 249
167 259
167 262
168 169
168 182
168 189
168 213
168 230
168 237
168 244
168 249
168 259
168 262
169 169
169 175
169 182
169 189
169 213
169 220
169 224
169 230
169 237
169 249
169 253
169 259
169 260
169 262
170 169
170 175
170 182
170 189
170 213
170 220
170 224
170 230
170 237
170 249
170 253
170 259
170 262
171 169
171 175
171 182
171 189
171 213
171 220
171 224
171 230
171 237
171 249
171 253
171 259
171 262
172 169
172 175
172 182
172 189
172 213
172 220
172 224
172 230
172 237
172 249
172 253
172 259
172 262
173 169
173 175
173 182
173 189
173 213
173 220
173 224
173 230
173 237
173 249
173 253
173 259
174 169
174 175
174 182
174 189
174 213
174 220
174 224
174 230
174 237
174 249
174 253
174 259
175 175
175 182
175 189
175 213
175 220
175 224
175 230
175 237
175 249
175 253
175 259
176 182
176 189
176 206
176 213
176 220
176 224
176 230
176 237
176 249
176 253
176 259
177 182
177 189
177 206
177 213
177 220
177 224
177 237
177 249
177 253
177 259
178 182
178 189
178 206
178 213
178 220
178 224
178 237
178 249
178 253
178 259
179 182
179 194
179 206
179 213
179 220
179 224
179 237
179 249
179 253
179 259
180 182
180 194
180 206
180 213
180 217
180 220
180 224
180 237
180 249
180 253
180 259
181 182
181 194
181 206
181 213
181 217
181 220
181 224
181 237
181 249
181 253
181 259
182 182
182 194
182 206
182 213
182 217
182 220
182 224
182 237
182 249
182 253
182 259
183 182
183 194
183 206
183 213
183 217
183 220
183 224
183 237
183 249
183 253
183 259
184 182
184 194
184 206
184 213
184 217
184 220
184 224
184 237
184 249
184 253
184 259
185 182
185 194
185 206
185 213
185 217
185 220
185 224
185 237
185 249
185 253
185 259
186 182
186 194
186 206
186 213
186 217
186 220
186 224
186 237
186 249
186 253
186 259
187 182
187 194
187 206
187 213
187 217
187 220
187 224
187 237
187 249
187 253
187 259
188 182
188 194
188 206
188 212
188 213
188 217
188 220
188 221
188 224
188 237
188 249
188 253
189 182
189 192
189 194
189 206
189 212
189 213
189 217
189 220
189 221
189 224
189 237
189 249
189 251
190 182
190 192
190 194
190 206
190 212
190 213
190 217
190 220
190 221
190 224
190 237
190 249
190 251
191 182
191 192
191 194
191 206
191 212
191 213
191 217
191 220
191 221
191 224
191 237
191 249
191 251
191 254
192 182
192 192
192 206
192 212
192 213
192 217
192 220
192 221
192 224
192 237
192 249
192 251
193 182
193 192
193 212
193 213
193 221
193 224
193 237
193 249
193 251
194 182
194 212
194 213
194 221
194 224
194 237
194 249
194 251
195 182
195 212
195 213
195 221
195 224
195 229
195 231
195 237
195 249
195 251
195 255
196 182
196 212
196 213
196 214
196 221
196 224
196 229
196 231
196 237
196 249
196 251
196 255
197 182
197 212
197 213
197 214
197 221
197 224
197 229
197 231
197 237
197 249
197 251
197 255
198 182
198 212
198 213
198 214
198 221
198 224
198 229
198 231
198 235
198 237
198 249
198 251
198 255
199 182
199 212
199 213
199 214
199 221
199 224
199 229
199 235
199 237
199 249
199 251
199 255
200 182
200 212
200 213
200 214
200 221
200 224
200 229
200 235
200 237
200 249
200 251
200 255
201 182
201 212
201 213
201 214
201 221
201 224
201 229
201 235
201 237
201 249
201 251
201 255
202 212
202 213
202 221
202 224
202 235
202 237
202 249
202 251
202 255
203 212
203 213
203 221
203 224
203 235
203 237
203 249
203 251
203 255
204 212
204 213
204 221
204 224
204 235
204 237
204 249
204 255
205 212
205 213
205 221
205 224
205 235
205 237
205 249
205 255
206 212
206 213
206 221
206 224
206 235
206 237
206 249
206 255
207 212
207 213
207 221
207 224
207 235
207 237
207 249
207 255
208 212
208 213
208 221
208 224
208 235
208 237
208 249
208 255
209 212
209 213
209 221
209 224
209 235
209 249
209 255
210 212
210 213
210 221
210 224
210 235
210 249
210 255
211 212
211 213
211 221
211 224
211 235
211 249
211 255
212 212
212 213
212 221
212 224
212 235
212 246
212 249
212 255
213 212
213 213
213 221
213 224
213 235
213 246
213 249
213 255
214 212
214 213
214 221
214 224
214 235
214 246
214 249
214 255
215 212
215 213
215 221
215 224
215 235
215 246
215 249
215 255
216 212
216 213
216 221
216 224
216 235
216 246
216 249
216 255
217 212
217 213
217 221
217 224
217 235
217 246
217 249
217 255
218 212
218 213
218 221
218 224
218 235
218 246
218 249
218 255
219 213
219 221
219 224
219 235
219 246
219 249
219 255
220 221
220 224
220 235
220 246
220 249
220 255
221 221
221 224
221 235
221 246
221 249
221 255
222 221
222 224
222 235
222 246
222 249
222 255
223 221
223 224
223 235
223 246
223 249
223 255
224 221
224 224
224 235
224 246
224 249
224 255
225 221
225 224
225 235
225 246
225 249
225 255
226 221
226 224
226 235
226 246
226 249
226 255
227 221
227 224
227 235
227 246
227 249
227 255
228 221
228 224
228 246
228 249
228 255
229 221
229 224
229 246
229 249
229 255
230 221
230 224
230 246
230 249
230 255
231 221
231 224
231 246
231 249
231 255
232 221
232 224
232 246
232 249
233 221
233 224
233 246
233 249
234 221
234 224
234 246
234 249
235 221
235 224
235 246
235 249
236 221
236 224
236 246
236 249
237 224
237 246
237 249
238 224
238 241
238 246
238 249
239 224
239 246
239 249
240 224
240 246
240 249
241 224
241 246
242 224
242 246
243 224
243 246
244 224
244 246
245 224
245 246
246 246
247 246
248 246
249 246
250 246
251 246
252 246
252 252
253 246
253 252
254 246
255 246
256 246
257 246
258 246
259 246
260 246
261 246
