0 12
0 30
0 42
0 214
0 246
1 12
1 30
1 36
1 42
1 214
1 246
2 9
2 12
2 30
2 36
2 42
2 214
2 246
3 16
3 38
3 39
3 42
3 60
3 70
3 72
3 137
3 246
4 16
4 38
4 39
4 42
4 60
4 70
4 72
4 137
4 246
5 17
5 38
5 42
5 43
5 60
5 62
5 70
5 72
5 137
5 246
6 17
6 38
6 42
6 43
6 60
6 62
6 70
6 72
6 91
6 97
6 137
6 246
7 20
7 32
7 37
7 72
7 91
7 93
7 94
7 104
7 105
7 120
7 137
7 139
7 146
7 232
7 246
7 260
8 15
8 20
8 37
8 91
8 93
8 94
8 104
8 105
8 120
8 137
8 146
8 189
8 232
8 246
8 260
9 11
9 13
9 40
9 50
9 91
9 93
9 94
9 105
9 120
9 137
9 146
9 189
9 232
9 246
9 260
10 13
10 40
10 44
10 50
10 51
10 74
10 91
10 105
10 120
10 137
10 146
10 181
10 189
10 212
10 232
10 246
10 260
11 13
11 40
11 44
11 50
11 51
11 74
11 91
11 105
11 120
11 137
11 146
11 181
11 189
11 212
11 232
11 246
11 260
12 21
12 44
12 50
12 61
12 91
12 105
12 120
12 129
12 137
12 146
12 170
12 181
12 184
12 212
12 232
12 246
12 260
13 21
13 44
13 61
13 91
13 105
13 120
13 129
13 137
13 146
13 170
13 181
13 184
13 212
13 232
13 246
13 260
14 21
14 23
14 73
14 91
14 105
14 120
14 129
14 146
14 170
14 181
14 184
14 212
14 232
14 246
14 260
15 21
15 23
15 73
15 91
15 105
15 120
15 129
15 146
15 170
15 181
15 184
15 212
15 232
15 246
15 260
16 23
16 54
16 73
16 91
16 105
16 120
16 129
16 146
16 160
16 170
16 181
16 184
16 212
16 232
16 246
16 260
17 23
17 54
17 73
17 91
17 105
17 120
17 129
17 146
17 160
17 170
17 181
17 184
17 212
17 232
17 246
17 260
18 28
18 29
18 45
18 46
18 54
18 68
18 84
18 91
18 105
18 110
18 120
18 129
18 146
18 160
18 170
18 181
18 184
18 188
18 212
18 232
18 246
19 28
19 29
19 34
19 45
19 46
19 54
19 68
19 84
19 91
19 105
19 110
19 120
19 129
19 146
19 160
19 170
19 181
19 184
19 188
19 212
19 232
19 246
20 28
20 29
20 34
20 45
20 46
20 54
20 65
20 68
20 84
20 91
20 105
20 110
20 120
20 129
20 146
20 160
20 170
20 181
20 184
20 188
20 212
20 232
20 246
21 28
21 29
21 34
21 45
21 46
21 54
21 65
21 84
21 91
21 105
21 110
21 129
21 146
21 160
21 170
21 181
21 184
21 188
21 212
21 232
21 246
22 28
22 29
22 34
22 45
22 46
22 65
22 84
22 91
22 105
22 110
22 129
22 146
22 160
22 170
22 181
22 184
22 188
22 212
22 232
22 246
23 45
23 46
23 65
23 84
23 87
23 91
23 105
23 110
23 160
23 170
23 181
23 184
23 188
23 212
23 232
23 246
24 25
24 45
24 46
24 65
24 84
24 87
24 91
24 105
24 110
24 160
24 170
24 181
24 184
24 188
24 212
24 246
25 35
25 45
25 46
25 65
25 66
25 84
25 105
25 110
25 125
25 160
25 170
25 181
25 184
25 188
25 212
25 246
26 35
26 45
26 46
26 65
26 66
26 84
26 105
26 110
26 125
26 157
26 170
26 181
26 184
26 188
26 212
26 246
27 45
27 46
27 52
27 66
27 84
27 105
27 110
27 125
27 154
27 157
27 170
27 181
27 184
27 188
27 197
27 246
27 250
28 45
28 52
28 66
28 105
28 110
28 125
28 154
28 157
28 170
28 181
28 184
28 188
28 197
28 246
28 250
29 45
29 52
29 66
29 105
29 110
29 125
29 154
29 170
29 181
29 184
29 188
29 197
29 246
29 250
30 45
30 52
30 66
30 105
30 110
30 125
30 154
30 170
30 181
30 184
30 188
30 197
30 246
30 250
31 105
31 110
31 125
31 154
31 170
31 181
31 184
31 188
31 197
31 246
31 250
32 33
32 105
32 110
32 125
32 154
32 170
32 181
32 184
32 188
32 197
32 246
32 250
33 33
33 47
33 88
33 105
33 110
33 125
33 154
33 170
33 181
33 184
33 188
33 197
33 246
33 250
34 47
34 88
34 110
34 125
34 154
34 170
34 181
34 184
34 188
34 197
34 246
34 250
35 47
35 110
35 170
35 181
35 184
35 188
35 197
35 246
35 250
36 47
36 110
36 170
36 181
36 184
36 188
36 197
36 246
36 250
37 47
37 110
37 170
37 181
37 184
37 188
37 197
37 250
38 47
38 110
38 170
38 181
38 184
38 188
38 197
38 250
39 47
39 110
39 170
39 181
39 184
39 188
39 197
39 250
40 47
40 170
40 181
40 184
40 188
40 197
40 250
41 47
41 55
41 56
41 63
41 99
41 170
41 179
41 181
41 184
41 186
41 188
41 197
41 241
41 250
42 47
42 55
42 56
42 63
42 99
42 108
42 116
42 170
42 178
42 179
42 181
42 184
42 186
42 188
42 197
42 241
42 250
43 47
43 55
43 56
43 63
43 99
43 108
43 116
43 170
43 178
43 179
43 181
43 184
43 186
43 188
43 197
43 241
43 250
44 53
44 55
44 56
44 99
44 102
44 108
44 116
44 131
44 170
44 178
44 181
44 184
44 188
44 197
44 230
44 241
44 250
45 49
45 53
45 56
45 58
45 59
45 76
45 77
45 98
45 102
45 107
45 113
45 116
45 131
45 170
45 178
45 181
45 184
45 185
45 197
45 241
45 254
46 49
46 53
46 56
46 58
46 59
46 76
46 77
46 82
46 98
46 102
46 116
46 131
46 149
46 167
46 170
46 175
46 178
46 184
46 185
46 197
46 241
46 254
47 49
47 53
47 56
47 58
47 59
47 75
47 82
47 89
47 98
47 102
47 116
47 131
47 149
47 167
47 170
47 175
47 178
47 184
47 185
47 197
47 241
47 254
48 49
48 53
48 59
48 75
48 78
48 82
48 89
48 98
48 102
48 116
48 131
48 149
48 167
48 170
48 175
48 178
48 184
48 185
48 197
48 231
48 241
48 254
49 49
49 53
49 59
49 75
49 78
49 82
49 89
49 98
49 102
49 116
49 131
49 149
49 167
49 170
49 175
49 178
49 184
49 185
49 197
49 231
49 241
49 254
50 49
50 53
50 59
50 75
50 82
50 89
50 98
50 102
50 116
50 131
50 149
50 167
50 170
50 175
50 178
50 184
50 185
50 197
50 231
50 241
50 254
51 82
51 89
51 95
51 98
51 100
51 102
51 109
51 114
51 121
51 131
51 149
51 167
51 170
51 175
51 184
51 185
51 197
51 231
51 241
51 254
52 82
52 89
52 95
52 98
52 100
52 102
52 109
52 114
52 121
52 131
52 149
52 167
52 170
52 175
52 184
52 185
52 197
52 231
52 241
52 254
53 82
53 89
53 95
53 98
53 100
53 102
53 109
53 114
53 121
53 131
53 149
53 167
53 170
53 175
53 184
53 185
53 197
53 231
53 241
53 254
54 82
54 89
54 95
54 98
54 100
54 102
54 109
54 114
54 121
54 131
54 149
54 167
54 170
54 175
54 184
54 185
54 197
54 231
54 241
54 254
55 82
55 95
55 98
55 100
55 102
55 109
55 121
55 127
55 134
55 149
55 170
55 175
55 185
55 197
55 231
55 241
55 254
56 67
56 98
56 100
56 102
56 121
56 127
56 149
56 170
56 175
56 185
56 197
56 231
56 241
56 254
57 67
57 98
57 100
57 102
57 121
57 127
57 149
57 170
57 175
57 185
57 197
57 231
57 241
57 254
58 64
58 79
58 102
58 121
58 127
58 133
58 149
58 170
58 185
58 231
58 234
58 241
58 254
59 64
59 79
59 102
59 121
59 127
59 133
59 149
59 170
59 185
59 231
59 234
59 236
59 241
59 254
60 64
60 79
60 121
60 127
60 133
60 149
60 170
60 185
60 231
60 234
60 236
60 241
60 254
61 64
61 79
61 83
61 124
61 127
61 133
61 149
61 170
61 185
61 231
61 234
61 236
61 241
61 254
62 79
62 83
62 118
62 127
62 133
62 149
62 170
62 185
62 234
62 236
62 241
62 254
63 80
63 83
63 96
63 117
63 118
63 133
63 149
63 234
63 236
63 254
64 80
64 83
64 96
64 117
64 118
64 133
64 149
64 234
64 236
64 254
65 80
65 96
65 117
65 133
65 149
65 156
65 191
65 234
65 254
66 80
66 96
66 117
66 133
66 149
66 156
66 191
66 218
66 234
66 254
67 96
67 133
67 149
67 156
67 191
67 218
67 234
67 239
67 254
68 96
68 133
68 149
68 156
68 191
68 218
68 234
68 254
69 86
69 96
69 149
69 152
69 156
69 191
69 234
69 254
70 86
70 96
70 149
70 152
70 156
70 191
70 234
70 254
71 86
71 96
71 149
71 152
71 156
71 191
71 198
71 234
71 254
72 86
72 96
72 149
72 152
72 156
72 191
72 198
72 234
72 254
73 86
73 96
73 111
73 152
73 156
73 191
73 198
73 234
74 86
74 96
74 111
74 152
74 156
74 191
74 234
75 86
75 96
75 106
75 111
75 128
75 135
75 152
75 156
75 164
75 177
75 191
75 192
75 234
76 86
76 92
76 106
76 111
76 128
76 135
76 152
76 156
76 177
76 191
76 192
76 205
76 234
77 86
77 92
77 106
77 111
77 128
77 135
77 151
77 152
77 156
77 177
77 191
77 192
77 205
77 234
78 86
78 92
78 103
78 106
78 111
78 128
78 135
78 151
78 152
78 156
78 177
78 191
78 192
78 205
78 227
78 234
79 86
79 103
79 111
79 135
79 151
79 152
79 156
79 177
79 191
79 205
79 227
80 86
80 103
80 111
80 135
80 151
80 152
80 156
80 177
80 191
80 205
80 227
81 86
81 103
81 111
81 135
81 151
81 152
81 156
81 177
81 191
81 205
81 227
82 86
82 103
82 111
82 135
82 151
82 152
82 156
82 177
82 191
82 205
82 227
83 103
83 111
83 135
83 147
83 151
83 152
83 156
83 177
83 180
83 191
83 205
83 211
83 227
84 103
84 111
84 135
84 147
84 151
84 152
84 156
84 177
84 180
84 191
84 205
84 207
84 211
84 227
85 103
85 111
85 135
85 147
85 151
85 152
85 156
85 177
85 180
85 205
85 207
85 227
85 242
85 257
86 103
86 111
86 135
86 147
86 151
86 152
86 156
86 177
86 180
86 205
86 207
86 227
86 242
86 257
87 103
87 111
87 130
87 135
87 147
87 151
87 152
87 156
87 177
87 180
87 203
87 207
87 227
87 242
87 257
88 103
88 111
88 130
88 135
88 147
88 151
88 152
88 156
88 177
88 180
88 203
88 207
88 227
88 242
88 257
89 103
89 111
89 130
89 135
89 147
89 151
89 152
89 156
89 177
89 180
89 201
89 203
89 207
89 227
89 242
89 257
90 103
90 112
90 135
90 147
90 151
90 152
90 156
90 177
90 180
90 201
90 203
90 207
90 242
90 257
91 103
91 135
91 147
91 151
91 152
91 156
91 177
91 180
91 201
91 203
91 207
91 242
91 257
92 103
92 135
92 147
92 151
92 152
92 177
92 180
92 201
92 203
92 207
92 242
92 257
93 103
93 135
93 147
93 151
93 152
93 161
93 177
93 180
93 201
93 203
93 207
93 242
93 256
93 257
94 103
94 135
94 147
94 151
94 152
94 161
94 177
94 180
94 201
94 203
94 207
94 242
94 256
94 257
95 103
95 135
95 147
95 151
95 152
95 161
95 177
95 180
95 201
95 203
95 207
95 220
95 242
95 256
95 257
96 103
96 135
96 147
96 151
96 152
96 161
96 177
96 180
96 201
96 203
96 207
96 220
96 242
96 256
96 257
97 103
97 135
97 147
97 151
97 161
97 177
97 180
97 190
97 201
97 203
97 207
97 220
97 242
97 256
97 257
98 103
98 135
98 147
98 151
98 161
98 163
98 177
98 180
98 190
98 201
98 203
98 207
98 220
98 242
98 256
98 257
99 101
99 103
99 135
99 147
99 159
99 161
99 163
99 169
99 177
99 190
99 201
99 203
99 207
99 220
99 242
99 256
100 103
100 135
100 159
100 163
100 169
100 177
100 190
100 201
100 203
100 207
100 220
100 242
100 256
101 103
101 135
101 159
101 163
101 169
101 177
101 190
101 201
101 203
101 207
101 220
101 242
101 256
102 103
102 135
102 159
102 163
102 169
102 177
102 190
102 201
102 203
102 207
102 220
102 242
102 256
103 103
103 135
103 159
103 163
103 169
103 177
103 190
103 201
103 203
103 207
103 220
103 242
103 251
103 256
104 103
104 135
104 163
104 169
104 177
104 190
104 201
104 203
104 207
104 220
104 242
104 251
104 256
105 103
105 135
105 141
105 142
105 182
105 190
105 194
105 201
105 203
105 207
105 220
105 242
105 251
105 256
106 135
106 141
106 142
106 155
106 165
106 182
106 190
106 194
106 201
106 203
106 206
106 207
106 242
106 251
106 256
107 122
107 142
107 155
107 158
107 165
107 182
107 190
107 194
107 201
107 203
107 206
107 207
107 223
107 235
107 242
107 251
107 256
108 122
108 142
108 155
108 158
108 165
108 182
108 190
108 194
108 201
108 203
108 206
108 207
108 223
108 235
108 242
108 251
108 256
109 122
109 142
109 155
109 158
109 165
109 182
109 190
109 194
109 201
109 203
109 206
109 207
109 223
109 235
109 242
109 251
109 256
110 122
110 142
110 155
110 158
110 165
110 182
110 190
110 194
110 201
110 203
110 206
110 207
110 223
110 235
110 242
110 251
110 256
111 122
111 126
111 142
111 143
111 155
111 158
111 165
111 166
111 182
111 190
111 203
111 206
111 207
111 221
111 223
111 235
111 251
111 256
112 122
112 126
112 142
112 155
112 158
112 165
112 166
112 182
112 190
112 203
112 206
112 221
112 223
112 251
112 256
112 261
113 122
113 126
113 142
113 155
113 158
113 165
113 166
113 182
113 190
113 203
113 206
113 221
113 223
113 251
113 256
113 261
114 122
114 126
114 142
114 155
114 158
114 165
114 166
114 182
114 190
114 203
114 206
114 221
114 223
114 251
114 256
114 261
115 126
115 132
115 142
115 155
115 158
115 165
115 166
115 171
115 182
115 190
115 203
115 206
115 221
115 223
115 251
115 256
115 261
116 126
116 132
116 142
116 155
116 158
116 165
116 166
116 171
116 190
116 203
116 206
116 221
116 223
116 251
116 256
116 261
117 126
117 132
117 142
117 155
117 158
117 165
117 166
117 171
117 190
117 203
117 206
117 221
117 223
117 251
117 256
117 261
118 132
118 150
118 153
118 155
118 165
118 166
118 171
118 187
118 203
118 206
118 221
118 223
118 251
118 256
118 261
119 132
119 150
119 153
119 155
119 165
119 166
119 171
119 187
119 203
119 206
119 221
119 223
119 251
119 256
119 261
120 132
120 150
120 153
120 155
120 165
120 166
120 171
120 187
120 203
120 206
120 221
120 223
120 251
120 256
120 261
121 132
121 150
121 153
121 155
121 165
121 166
121 171
121 187
121 203
121 206
121 221
121 223
121 251
121 256
121 261
122 144
122 150
122 153
122 165
122 166
122 187
122 199
122 203
122 206
122 221
122 223
122 261
123 144
123 150
123 153
123 165
123 166
123 187
123 199
123 203
123 206
123 223
123 261
124 144
124 150
124 153
124 165
124 166
124 199
124 203
124 206
124 223
124 249
124 261
125 144
125 150
125 153
125 165
125 166
125 199
125 203
125 206
125 223
125 249
125 261
126 144
126 150
126 153
126 165
126 166
126 199
126 203
126 206
126 223
126 225
126 249
126 261
127 144
127 145
127 150
127 153
127 165
127 166
127 199
127 203
127 206
127 223
127 225
127 249
127 252
127 261
128 144
128 145
128 150
128 153
128 165
128 166
128 199
128 203
128 206
128 223
128 225
128 249
128 252
128 261
129 153
129 166
129 168
129 199
129 203
129 206
129 223
129 225
129 228
129 249
129 252
129 261
130 153
130 166
130 168
130 173
130 199
130 203
130 206
130 210
130 228
130 249
130 252
130 261
131 166
131 168
131 173
131 203
131 206
131 210
131 228
131 249
131 252
131 261
132 140
132 166
132 168
132 173
132 203
132 206
132 210
132 228
132 249
132 252
132 261
133 140
133 168
133 173
133 203
133 206
133 210
133 228
133 229
133 249
133 261
134 136
134 140
134 173
134 206
134 210
134 228
134 249
135 136
135 140
135 173
135 206
135 210
135 228
135 249
136 140
136 173
136 206
136 210
136 228
136 249
137 140
137 173
137 204
137 206
137 210
137 228
137 249
138 140
138 173
138 204
138 206
138 210
138 228
138 249
139 140
139 173
139 174
139 204
139 206
139 210
139 228
139 249
140 140
140 173
140 174
140 204
140 206
140 210
140 228
140 249
141 173
141 174
141 204
141 206
141 210
141 228
141 249
142 173
142 183
142 200
142 204
142 206
142 210
142 228
142 238
142 240
142 249
143 173
143 200
143 204
143 206
143 210
143 228
143 237
143 238
143 240
143 247
143 249
144 173
144 200
144 204
144 206
144 210
144 228
144 237
144 238
144 240
144 247
144 249
145 200
145 204
145 206
145 228
145 237
145 238
145 240
145 247
145 249
146 176
146 200
146 204
146 206
146 228
146 237
146 238
146 240
146 247
146 249
147 176
147 200
147 204
147 206
147 228
147 237
147 238
147 240
147 247
147 249
148 176
148 200
148 204
148 206
148 228
148 237
148 238
148 240
148 247
148 249
149 176
149 204
149 206
149 228
149 237
149 238
149 240
149 247
149 249
150 176
150 204
150 206
150 228
150 237
150 238
150 240
150 247
150 249
151 176
151 204
151 206
151 219
151 228
151 237
151 238
151 240
151 247
151 249
152 176
152 204
152 206
152 217
152 219
152 228
152 237
152 238
152 240
152 247
152 249
153 176
153 204
153 206
153 217
153 219
153 228
153 237
153 238
153 240
153 247
153 249
154 176
154 204
154 206
154 217
154 219
154 228
154 237
154 238
154 240
154 247
154 249
155 176
155 204
155 206
155 217
155 219
155 224
155 228
155 238
155 240
155 247
155 249
156 176
156 204
156 206
156 209
156 215
156 217
156 219
156 224
156 228
156 238
156 240
156 247
156 249
157 176
157 204
157 206
157 209
157 215
157 217
157 219
157 224
157 228
157 238
157 240
157 247
157 249
158 176
158 204
158 206
158 209
158 215
158 217
158 219
158 224
158 228
158 238
158 240
158 247
158 249
159 172
159 176
159 209
159 215
159 217
159 219
159 224
159 228
159 238
159 240
159 247
159 249
160 176
160 209
160 215
160 217
160 219
160 224
160 228
160 238
160 240
160 247
160 249
161 176
161 209
161 215
161 217
161 219
161 224
161 228
161 238
161 240
161 249
162 176
162 208
162 209
162 215
162 217
162 219
162 224
162 228
162 238
162 240
162 249
163 176
163 208
163 209
163 215
163 217
163 219
163 224
163 228
163 238
163 240
163 249
164 176
164 208
164 209
164 215
164 217
164 219
164 228
164 238
164 240
164 249
165 176
165 208
165 209
165 215
165 217
165 219
165 228
165 238
165 240
165 249
166 176
166 208
166 209
166 215
166 217
166 219
166 228
166 238
166 240
166 249
167 176
167 208
167 209
167 215
167 217
167 219
167 228
167 238
167 240
167 249
168 176
168 208
168 209
168 215
168 217
168 219
168 228
168 238
168 240
168 249
169 176
169 208
169 209
169 215
169 217
169 219
169 228
169 238
169 240
169 249
170 176
170 208
170 209
170 215
170 217
170 219
170 228
170 238
170 240
170 249
171 176
171 208
171 209
171 215
171 217
171 219
171 228
171 238
171 240
171 249
172 208
172 215
172 217
172 219
172 238
172 240
172 249
172 253
173 195
173 208
173 215
173 217
173 219
173 238
173 240
173 249
173 253
174 195
174 208
174 215
174 217
174 219
174 238
174 240
174 245
174 249
174 253
175 195
175 208
175 215
175 217
175 219
175 238
175 240
175 245
175 249
175 253
176 195
176 208
176 215
176 217
176 219
176 238
176 240
176 245
176 249
176 253
177 195
177 196
177 208
177 215
177 217
177 238
177 240
177 245
177 249
177 253
178 195
178 196
178 208
178 215
178 217
178 238
178 240
178 245
178 249
178 253
179 195
179 196
179 208
179 215
179 217
179 238
179 240
179 245
179 249
179 253
180 195
180 196
180 208
180 215
180 217
180 238
180 240
180 245
180 249
180 253
180 259
181 195
181 196
181 208
181 215
181 217
181 240
181 253
181 259
182 195
182 196
182 208
182 215
182 217
182 240
182 253
182 259
183 195
183 196
183 208
183 213
183 215
183 217
183 240
183 253
183 259
184 195
184 196
184 208
184 213
184 215
184 217
184 240
184 248
184 253
184 259
185 195
185 196
185 208
185 215
185 217
185 240
185 248
185 253
185 259
186 196
186 208
186 215
186 217
186 240
186 248
186 253
186 258
186 259
187 193
187 196
187 208
187 215
187 217
187 240
187 248
187 253
187 258
187 259
188 193
188 196
188 208
188 215
188 217
188 240
188 248
188 253
188 258
188 259
189 193
189 196
189 208
189 215
189 217
189 240
189 248
189 253
189 258
189 259
190 193
190 196
190 208
190 215
190 217
190 240
190 244
190 248
190 253
190 258
190 259
191 193
191 196
191 208
191 215
191 217
191 240
191 244
191 248
191 253
191 258
191 259
192 193
192 196
192 208
192 215
192 217
192 240
192 244
192 248
192 253
192 258
192 259
193 208
193 217
193 240
193 244
193 248
193 253
193 258
193 259
194 208
194 217
194 240
194 244
194 248
194 253
194 258
194 259
195 208
195 216
195 240
195 244
195 248
195 253
195 258
195 259
196 208
196 216
196 240
196 244
196 248
196 253
196 258
196 259
197 208
197 216
197 244
197 248
197 253
197 258
197 259
198 208
198 216
198 244
198 248
198 258
198 259
199 208
199 216
199 233
199 244
199 248
199 258
199 259
200 208
200 216
200 233
200 244
200 248
200 258
200 259
201 208
201 216
201 233
201 244
201 258
201 259
202 208
202 216
202 226
202 233
202 244
202 258
202 259
203 208
203 216
203 226
203 233
203 244
203 258
203 259
204 208
204 216
204 226
204 233
204 244
204 258
204 259
205 208
205 216
205 226
205 233
205 244
205 258
205 259
206 208
206 216
206 233
206 244
206 258
206 259
207 216
207 233
207 244
207 258
207 259
208 216
208 233
208 258
208 259
209 216
209 233
209 258
209 259
210 216
210 233
210 258
210 259
211 216
211 233
211 258
211 259
212 216
212 233
212 258
212 259
213 216
213 233
213 259
214 216
214 233
214 259
215 233
215 259
216 233
216 259
217 233
217 259
218 233
218 259
219 233
219 259
220 233
220 259
221 233
221 259
222 233
222 259
223 233
224 233
225 233
226 233
226 262
227 233
227 262
228 233
228 262
229 233
229 262
230 233
231 233
232 233
233 233
234 233
235 233
236 233
237 233
237 255
238 233
238 255
239 233
239 255
240 233
240 255
241 233
241 255
242 233
242 255
243 233
243 255
244 233
244 255
245 255
246 255
247 255
248 255
249 255
250 255
251 255
252 255
253 255
254 255
255 255
256 255
257 255
258 255
259 255
260 255
261 255
262 255
