0 62
0 107
0 144
0 201
1 3
1 7
1 8
1 44
1 46
1 65
1 107
1 108
1 126
1 144
1 201
2 44
2 46
2 65
2 107
2 108
2 126
2 144
2 201
3 10
3 12
3 13
3 44
3 46
3 47
3 65
3 107
3 126
3 144
3 201
4 12
4 13
4 46
4 65
4 93
4 107
4 126
4 144
4 201
5 12
5 13
5 18
5 46
5 65
5 93
5 107
5 126
5 144
5 201
6 12
6 13
6 18
6 46
6 65
6 93
6 107
6 126
6 144
6 201
7 12
7 13
7 18
7 46
7 65
7 93
7 107
7 126
7 144
7 201
8 12
8 18
8 22
8 35
8 46
8 65
8 93
8 107
8 126
8 144
8 201
9 16
9 18
9 23
9 25
9 35
9 39
9 46
9 65
9 76
9 93
9 107
9 126
9 144
9 201
9 231
9 233
10 16
10 18
10 20
10 23
10 25
10 35
10 39
10 46
10 65
10 76
10 93
10 107
10 126
10 144
10 201
10 231
10 233
11 16
11 18
11 20
11 23
11 25
11 28
11 35
11 39
11 46
11 65
11 76
11 93
11 107
11 126
11 144
11 201
11 231
11 233
12 20
12 23
12 25
12 28
12 35
12 39
12 46
12 65
12 76
12 92
12 93
12 107
12 126
12 144
12 201
12 231
12 233
13 20
13 23
13 25
13 28
13 35
13 39
13 46
13 65
13 76
13 92
13 93
13 107
13 126
13 144
13 201
13 231
13 233
13 237
14 20
14 23
14 25
14 28
14 35
14 39
14 46
14 65
14 76
14 92
14 93
14 107
14 126
14 144
14 201
14 231
14 233
14 237
15 23
15 28
15 35
15 39
15 46
15 65
15 76
15 92
15 93
15 126
15 144
15 201
15 231
15 233
15 237
16 23
16 28
16 35
16 39
16 46
16 65
16 76
16 92
16 93
16 126
16 144
16 201
16 231
16 233
16 237
17 23
17 28
17 35
17 39
17 46
17 64
17 65
17 74
17 76
17 92
17 93
17 126
17 144
17 170
17 201
17 203
17 231
17 233
17 237
18 28
18 35
18 36
18 39
18 46
18 48
18 64
18 78
18 92
18 93
18 112
18 122
18 126
18 144
18 166
18 168
18 170
18 172
18 203
18 215
18 231
18 233
18 237
19 31
19 35
19 36
19 39
19 48
19 64
19 78
19 85
19 92
19 93
19 112
19 122
19 126
19 144
19 166
19 168
19 170
19 172
19 203
19 215
19 231
19 233
19 237
20 31
20 35
20 36
20 39
20 48
20 64
20 78
20 85
20 92
20 93
20 112
20 122
20 126
20 144
20 166
20 168
20 170
20 172
20 203
20 215
20 230
20 231
20 233
20 237
21 35
21 36
21 39
21 48
21 64
21 78
21 85
21 92
21 93
21 112
21 122
21 126
21 144
21 166
21 170
21 172
21 203
21 215
21 230
21 231
21 233
21 237
22 24
22 33
22 35
22 36
22 39
22 42
22 48
22 54
22 64
22 83
22 92
22 112
22 122
22 126
22 165
22 166
22 170
22 172
22 203
22 213
22 215
22 230
22 231
22 233
22 237
23 24
23 35
23 36
23 39
23 42
23 48
23 54
23 83
23 92
23 112
23 122
23 126
23 165
23 166
23 170
23 172
23 203
23 213
23 215
23 230
23 231
23 233
23 237
24 35
24 36
24 38
24 39
24 42
24 48
24 54
24 83
24 92
24 112
24 122
24 126
24 165
24 166
24 170
24 172
24 203
24 213
24 215
24 230
24 231
24 233
24 237
25 36
25 38
25 39
25 42
25 48
25 83
25 92
25 112
25 121
25 122
25 126
25 165
25 166
25 170
25 185
25 203
25 213
25 215
25 230
25 231
25 233
25 237
26 36
26 38
26 39
26 42
26 48
26 83
26 92
26 112
26 121
26 122
26 126
26 165
26 166
26 170
26 185
26 203
26 213
26 215
26 230
26 231
26 233
26 237
27 29
27 38
27 42
27 48
27 83
27 92
27 111
27 112
27 121
27 122
27 126
27 147
27 165
27 166
27 170
27 185
27 203
27 213
27 215
27 230
27 231
27 233
27 237
27 255
28 29
28 38
28 42
28 48
28 83
28 92
28 111
28 112
28 121
28 122
28 126
28 147
28 165
28 166
28 170
28 185
28 203
28 213
28 215
28 230
28 231
28 233
28 237
28 255
29 30
29 37
29 38
29 48
29 70
29 83
29 92
29 94
29 111
29 112
29 118
29 122
29 126
29 147
29 150
29 160
29 165
29 170
29 185
29 213
29 215
29 220
29 230
29 231
29 233
29 237
29 255
30 38
30 48
30 67
30 70
30 81
30 92
30 94
30 112
30 118
30 126
30 147
30 150
30 160
30 164
30 170
30 173
30 213
30 215
30 220
30 230
30 231
30 233
30 237
30 255
31 48
31 52
31 67
31 81
31 92
31 94
31 101
31 112
31 118
31 147
31 150
31 160
31 164
31 170
31 173
31 213
31 215
31 220
31 230
31 231
31 233
31 255
32 48
32 52
32 60
32 67
32 73
32 75
32 81
32 92
32 94
32 101
32 112
32 118
32 147
32 150
32 160
32 164
32 170
32 173
32 213
32 215
32 220
32 230
32 231
32 233
33 40
33 48
33 52
33 60
33 67
33 73
33 81
33 92
33 94
33 101
33 112
33 118
33 137
33 147
33 150
33 158
33 160
33 164
33 170
33 173
33 213
33 215
33 220
33 230
33 231
34 40
34 48
34 52
34 60
34 67
34 73
34 81
34 92
34 94
34 101
34 112
34 118
34 137
34 147
34 150
34 158
34 160
34 164
34 170
34 173
34 213
34 215
34 220
34 230
34 231
35 41
35 52
35 60
35 67
35 73
35 81
35 92
35 94
35 101
35 112
35 118
35 137
35 147
35 150
35 158
35 160
35 164
35 170
35 173
35 213
35 215
35 220
35 223
35 230
36 41
36 52
36 60
36 67
36 73
36 80
36 81
36 94
36 101
36 112
36 118
36 147
36 150
36 160
36 164
36 170
36 173
36 213
36 215
36 220
36 223
36 230
37 41
37 43
37 52
37 60
37 67
37 68
37 71
37 73
37 84
37 95
37 101
37 112
37 118
37 131
37 138
37 147
37 164
37 170
37 173
37 213
37 215
37 220
37 223
37 230
37 243
38 41
38 43
38 52
38 60
38 67
38 68
38 71
38 73
38 84
38 95
38 101
38 112
38 118
38 131
38 138
38 147
38 164
38 170
38 173
38 213
38 215
38 220
38 223
38 230
38 243
39 43
39 52
39 60
39 67
39 68
39 71
39 84
39 90
39 95
39 101
39 112
39 118
39 131
39 138
39 147
39 164
39 170
39 173
39 179
39 213
39 215
39 220
39 223
39 230
39 243
40 43
40 50
40 52
40 60
40 61
40 79
40 84
40 90
40 101
40 112
40 118
40 131
40 132
40 138
40 164
40 170
40 173
40 179
40 213
40 215
40 220
40 223
40 230
40 243
41 43
41 50
41 52
41 58
41 60
41 61
41 66
41 84
41 90
41 101
41 112
41 118
41 131
41 138
41 164
41 173
41 179
41 213
41 215
41 230
41 243
42 43
42 58
42 60
42 61
42 66
42 84
42 90
42 101
42 112
42 118
42 131
42 138
42 164
42 173
42 179
42 213
42 215
42 230
42 243
43 43
43 58
43 60
43 61
43 66
43 84
43 90
43 101
43 112
43 118
43 131
43 138
43 164
43 173
43 179
43 213
43 215
43 230
43 243
44 55
44 58
44 60
44 61
44 66
44 84
44 86
44 112
44 118
44 138
44 164
44 173
44 175
44 179
44 182
44 213
44 215
44 230
44 243
44 247
45 55
45 58
45 60
45 61
45 66
45 84
45 86
45 87
45 88
45 118
45 138
45 164
45 167
45 173
45 175
45 179
45 182
45 213
45 215
45 230
45 243
45 247
46 58
46 60
46 61
46 66
46 84
46 86
46 87
46 88
46 118
46 123
46 138
46 164
46 167
46 173
46 175
46 179
46 182
46 213
46 215
46 230
46 243
46 247
47 53
47 59
47 60
47 66
47 84
47 87
47 88
47 118
47 129
47 134
47 138
47 164
47 167
47 173
47 175
47 182
47 209
47 213
47 215
47 230
47 243
47 247
48 53
48 59
48 60
48 66
48 84
48 87
48 88
48 118
48 129
48 134
48 138
48 164
48 167
48 173
48 175
48 182
48 209
48 213
48 215
48 230
48 243
48 247
49 53
49 59
49 60
49 66
49 84
49 87
49 88
49 129
49 134
49 138
49 164
49 167
49 175
49 182
49 209
49 213
49 230
49 243
49 247
50 53
50 59
50 60
50 66
50 84
50 87
50 88
50 129
50 134
50 138
50 164
50 167
50 175
50 182
50 213
50 230
50 243
50 247
51 59
51 60
51 66
51 84
51 87
51 88
51 129
51 134
51 138
51 152
51 157
51 164
51 167
51 175
51 182
51 213
51 230
51 243
52 59
52 60
52 66
52 84
52 87
52 88
52 129
52 134
52 138
52 152
52 157
52 164
52 167
52 175
52 182
52 213
52 230
53 59
53 60
53 66
53 84
53 87
53 88
53 129
53 134
53 138
53 152
53 157
53 164
53 167
53 175
53 182
53 213
53 230
54 59
54 60
54 66
54 84
54 87
54 88
54 102
54 114
54 129
54 134
54 138
54 152
54 157
54 164
54 167
54 175
54 182
54 213
54 230
55 59
55 60
55 66
55 84
55 87
55 88
55 102
55 114
55 129
55 134
55 138
55 152
55 157
55 164
55 167
55 175
55 182
55 213
55 230
56 59
56 60
56 69
56 84
56 87
56 88
56 99
56 102
56 114
56 129
56 138
56 152
56 154
56 164
56 167
56 175
56 182
56 213
56 230
57 59
57 60
57 69
57 84
57 87
57 99
57 102
57 114
57 138
57 152
57 154
57 164
57 167
57 175
57 182
57 199
57 213
57 230
58 59
58 60
58 69
58 84
58 87
58 89
58 99
58 102
58 114
58 138
58 152
58 154
58 164
58 167
58 175
58 182
58 199
58 213
58 230
59 59
59 69
59 82
59 84
59 87
59 102
59 114
59 119
59 138
59 152
59 154
59 164
59 167
59 175
59 182
59 199
59 213
59 230
60 59
60 69
60 82
60 84
60 87
60 102
60 114
60 119
60 138
60 152
60 154
60 164
60 167
60 175
60 182
60 199
60 213
60 230
61 69
61 82
61 84
61 87
61 102
61 114
61 119
61 138
61 152
61 154
61 164
61 167
61 182
61 199
61 213
61 230
62 63
62 69
62 82
62 84
62 87
62 102
62 114
62 115
62 119
62 138
62 152
62 154
62 164
62 167
62 199
62 213
62 230
63 82
63 84
63 87
63 102
63 115
63 119
63 152
63 154
63 164
63 167
63 180
63 199
63 213
64 82
64 84
64 87
64 98
64 102
64 104
64 115
64 119
64 133
64 143
64 145
64 152
64 154
64 164
64 167
64 180
64 199
64 213
64 232
64 245
65 82
65 87
65 98
65 100
65 104
65 115
65 119
65 133
65 143
65 145
65 148
65 152
65 154
65 164
65 167
65 180
65 187
65 197
65 199
65 213
65 232
65 245
66 77
66 82
66 87
66 98
66 100
66 104
66 110
66 115
66 119
66 133
66 143
66 148
66 152
66 154
66 164
66 177
66 180
66 187
66 197
66 213
66 232
66 245
67 72
67 77
67 82
67 87
67 98
67 100
67 104
67 110
67 115
67 117
67 119
67 133
67 143
67 148
67 152
67 154
67 164
67 177
67 180
67 187
67 197
67 213
67 229
67 232
67 245
68 72
68 77
68 82
68 87
68 98
68 100
68 104
68 110
68 115
68 117
68 119
68 133
68 143
68 148
68 152
68 154
68 156
68 164
68 177
68 180
68 187
68 197
68 213
68 229
68 232
68 245
69 77
69 82
69 87
69 98
69 100
69 104
69 110
69 115
69 117
69 119
69 133
69 143
69 148
69 152
69 154
69 156
69 164
69 177
69 180
69 187
69 197
69 213
69 229
69 232
69 245
70 77
70 82
70 87
70 98
70 100
70 104
70 110
70 115
70 117
70 119
70 133
70 143
70 148
70 152
70 154
70 156
70 164
70 177
70 180
70 187
70 197
70 213
70 229
70 232
70 245
71 77
71 82
71 87
71 98
71 100
71 104
71 110
71 115
71 117
71 119
71 133
71 143
71 148
71 152
71 154
71 156
71 164
71 177
71 180
71 187
71 197
71 213
71 229
71 232
71 245
72 77
72 82
72 87
72 98
72 100
72 104
72 110
72 115
72 117
72 119
72 133
72 143
72 148
72 152
72 154
72 156
72 164
72 177
72 180
72 187
72 197
72 213
72 232
72 245
73 77
73 82
73 87
73 98
73 100
73 104
73 110
73 115
73 117
73 119
73 133
73 143
73 148
73 152
73 154
73 156
73 164
73 177
73 180
73 187
73 197
73 213
73 232
73 245
74 77
74 82
74 87
74 98
74 100
74 104
74 110
74 115
74 117
74 133
74 143
74 148
74 152
74 154
74 156
74 164
74 177
74 180
74 187
74 197
74 208
74 213
74 232
74 245
75 77
75 87
75 97
75 98
75 104
75 110
75 115
75 116
75 117
75 143
75 148
75 154
75 156
75 164
75 187
75 197
75 208
75 213
75 222
75 232
75 245
76 87
76 97
76 98
76 103
76 104
76 110
76 115
76 116
76 117
76 143
76 148
76 154
76 156
76 174
76 187
76 197
76 208
76 213
76 214
76 222
76 232
76 235
76 245
77 87
77 91
77 97
77 98
77 103
77 104
77 110
77 115
77 116
77 117
77 143
77 148
77 151
77 154
77 156
77 174
77 187
77 197
77 208
77 213
77 214
77 222
77 232
77 245
78 87
78 91
78 97
78 98
78 103
78 104
78 110
78 115
78 116
78 117
78 143
78 148
78 151
78 154
78 156
78 174
78 187
78 197
78 208
78 213
78 214
78 222
78 232
78 245
79 87
79 91
79 97
79 98
79 103
79 104
79 110
79 115
79 116
79 117
79 143
79 148
79 151
79 154
79 156
79 174
79 187
79 189
79 197
79 208
79 213
79 214
79 222
79 232
79 245
79 250
80 87
80 91
80 97
80 98
80 103
80 104
80 110
80 115
80 116
80 117
80 143
80 148
80 151
80 154
80 156
80 174
80 187
80 189
80 197
80 208
80 213
80 214
80 222
80 232
80 245
80 250
80 256
81 87
81 91
81 97
81 98
81 103
81 104
81 110
81 115
81 116
81 117
81 143
81 148
81 151
81 154
81 156
81 174
81 187
81 189
81 197
81 208
81 213
81 214
81 222
81 232
81 245
81 250
81 256
82 87
82 91
82 97
82 98
82 103
82 104
82 110
82 115
82 116
82 117
82 143
82 148
82 151
82 154
82 156
82 174
82 187
82 189
82 196
82 197
82 208
82 213
82 214
82 222
82 232
82 245
82 250
82 256
83 87
83 91
83 97
83 98
83 103
83 104
83 110
83 116
83 117
83 143
83 148
83 151
83 154
83 156
83 174
83 187
83 189
83 196
83 197
83 208
83 213
83 214
83 222
83 232
83 245
83 250
83 256
84 97
84 98
84 106
84 116
84 117
84 143
84 148
84 151
84 154
84 155
84 156
84 171
84 174
84 187
84 189
84 196
84 197
84 208
84 213
84 214
84 232
84 256
85 97
85 98
85 106
85 116
85 117
85 143
85 148
85 151
85 154
85 155
85 156
85 171
85 174
85 187
85 189
85 196
85 197
85 208
85 213
85 214
85 232
85 246
85 256
86 97
86 98
86 106
86 116
86 117
86 143
86 148
86 151
86 154
86 155
86 156
86 171
86 174
86 187
86 189
86 196
86 197
86 208
86 213
86 214
86 232
86 246
86 256
87 97
87 98
87 106
87 116
87 117
87 143
87 148
87 151
87 154
87 155
87 156
87 171
87 174
87 187
87 189
87 196
87 197
87 208
87 213
87 214
87 232
87 246
87 256
88 97
88 98
88 106
88 116
88 117
88 143
88 148
88 151
88 154
88 155
88 156
88 171
88 174
88 187
88 189
88 196
88 197
88 208
88 213
88 214
88 232
88 246
88 256
89 96
89 98
89 105
89 116
89 127
89 148
89 151
89 154
89 155
89 156
89 171
89 174
89 187
89 189
89 196
89 208
89 214
89 232
89 246
89 256
90 96
90 98
90 105
90 116
90 127
90 148
90 151
90 154
90 155
90 156
90 171
90 174
90 189
90 196
90 208
90 214
90 232
90 246
90 256
91 96
91 98
91 105
91 116
91 127
91 148
91 151
91 154
91 155
91 156
91 171
91 174
91 189
91 196
91 205
91 208
91 214
91 232
91 256
92 96
92 98
92 105
92 116
92 127
92 148
92 151
92 154
92 155
92 156
92 171
92 174
92 189
92 196
92 205
92 208
92 214
92 232
92 256
93 98
93 105
93 116
93 127
93 140
93 148
93 151
93 154
93 155
93 156
93 171
93 174
93 189
93 196
93 205
93 208
93 214
93 226
93 232
93 256
94 98
94 105
94 116
94 127
94 140
94 148
94 151
94 154
94 155
94 156
94 171
94 174
94 189
94 196
94 205
94 214
94 226
94 232
94 256
95 98
95 105
95 116
95 127
95 140
95 148
95 151
95 154
95 155
95 156
95 171
95 174
95 189
95 196
95 205
95 214
95 226
95 232
95 256
96 98
96 105
96 116
96 127
96 140
96 148
96 151
96 154
96 155
96 156
96 171
96 174
96 189
96 196
96 205
96 214
96 226
96 240
96 256
97 98
97 113
97 116
97 135
97 140
97 146
97 151
97 154
97 155
97 156
97 159
97 183
97 186
97 189
97 196
97 205
97 214
97 236
97 240
97 256
98 109
98 113
98 116
98 135
98 140
98 146
98 151
98 154
98 155
98 156
98 159
98 183
98 189
98 196
98 200
98 205
98 214
98 236
98 240
98 256
99 109
99 113
99 116
99 135
99 140
99 146
99 151
99 154
99 155
99 156
99 159
99 183
99 189
99 196
99 200
99 205
99 214
99 236
99 240
99 256
100 109
100 113
100 116
100 135
100 140
100 146
100 151
100 154
100 155
100 156
100 159
100 183
100 189
100 190
100 196
100 200
100 205
100 214
100 236
100 240
100 256
101 109
101 113
101 116
101 135
101 140
101 146
101 151
101 154
101 155
101 156
101 159
101 183
101 189
101 190
101 196
101 200
101 205
101 214
101 236
101 240
101 256
102 109
102 113
102 116
102 135
102 140
102 146
102 151
102 154
102 155
102 156
102 159
102 183
102 189
102 190
102 196
102 200
102 205
102 214
102 236
102 240
102 253
102 256
103 109
103 113
103 116
103 135
103 140
103 146
103 151
103 154
103 155
103 156
103 159
103 183
103 189
103 190
103 196
103 200
103 205
103 214
103 234
103 236
103 240
103 253
103 256
104 109
104 113
104 116
104 135
104 140
104 146
104 151
104 154
104 155
104 156
104 159
104 183
104 189
104 190
104 200
104 205
104 214
104 234
104 236
104 240
104 253
104 256
105 109
105 113
105 116
105 135
105 140
105 146
105 151
105 155
105 156
105 159
105 183
105 189
105 190
105 200
105 205
105 214
105 234
105 236
105 240
105 253
105 256
106 109
106 113
106 116
106 135
106 140
106 146
106 151
106 155
106 156
106 159
106 163
106 189
106 190
106 200
106 205
106 214
106 234
106 236
106 240
106 253
106 256
107 109
107 113
107 116
107 128
107 135
107 140
107 146
107 151
107 155
107 156
107 159
107 163
107 189
107 190
107 200
107 205
107 214
107 234
107 236
107 240
107 253
107 256
108 109
108 113
108 116
108 120
108 124
108 128
108 135
108 140
108 146
108 155
108 156
108 163
108 189
108 190
108 200
108 204
108 205
108 214
108 234
108 236
108 240
108 253
108 256
109 109
109 113
109 116
109 120
109 124
109 135
109 140
109 146
109 155
109 156
109 163
109 189
109 190
109 200
109 205
109 214
109 236
109 240
109 253
109 256
110 109
110 113
110 116
110 120
110 124
110 135
110 140
110 146
110 155
110 156
110 163
110 189
110 190
110 200
110 205
110 214
110 236
110 240
110 253
110 256
111 109
111 113
111 116
111 120
111 124
111 135
111 140
111 146
111 155
111 156
111 163
111 189
111 190
111 200
111 205
111 214
111 236
111 240
111 253
111 256
112 109
112 113
112 116
112 120
112 124
112 135
112 140
112 146
112 155
112 156
112 163
112 189
112 190
112 200
112 205
112 214
112 236
112 240
112 253
112 256
113 109
113 113
113 116
113 124
113 125
113 135
113 146
113 155
113 156
113 162
113 163
113 189
113 190
113 200
113 205
113 214
113 236
113 240
113 241
113 253
113 256
114 109
114 113
114 116
114 124
114 125
114 135
114 146
114 155
114 156
114 162
114 163
114 189
114 190
114 200
114 205
114 214
114 236
114 240
114 241
114 253
114 256
115 109
115 113
115 116
115 124
115 125
115 135
115 146
115 155
115 156
115 162
115 163
115 189
115 190
115 200
115 205
115 214
115 236
115 240
115 241
115 253
115 256
116 109
116 113
116 116
116 124
116 125
116 135
116 146
116 155
116 156
116 162
116 163
116 189
116 190
116 200
116 205
116 214
116 236
116 240
116 241
116 253
116 256
117 109
117 113
117 116
117 124
117 125
117 135
117 146
117 155
117 156
117 162
117 163
117 189
117 190
117 200
117 205
117 214
117 236
117 240
117 241
117 253
117 256
118 109
118 113
118 116
118 124
118 125
118 130
118 135
118 146
118 155
118 156
118 161
118 162
118 163
118 181
118 189
118 190
118 200
118 205
118 214
118 236
118 240
118 241
118 253
118 256
119 109
119 113
119 116
119 124
119 125
119 130
119 135
119 136
119 146
119 155
119 156
119 161
119 162
119 163
119 181
119 189
119 190
119 200
119 205
119 214
119 236
119 240
119 241
119 256
120 109
120 113
120 116
120 124
120 125
120 130
120 135
120 136
120 146
120 155
120 156
120 161
120 162
120 163
120 181
120 189
120 190
120 200
120 205
120 214
120 236
120 240
120 241
120 256
121 109
121 113
121 116
121 124
121 125
121 130
121 135
121 136
121 146
121 155
121 156
121 161
121 162
121 163
121 181
121 189
121 190
121 200
121 205
121 214
121 236
121 240
121 241
121 256
122 109
122 116
122 124
122 125
122 130
122 135
122 136
122 155
122 156
122 161
122 162
122 163
122 181
122 189
122 190
122 205
122 206
122 214
122 236
122 240
122 241
122 251
122 256
123 109
123 116
123 124
123 125
123 135
123 136
123 155
123 156
123 161
123 162
123 163
123 181
123 189
123 190
123 205
123 206
123 214
123 236
123 240
123 241
123 251
123 256
124 109
124 116
124 124
124 125
124 135
124 136
124 155
124 156
124 161
124 162
124 163
124 181
124 189
124 190
124 205
124 206
124 214
124 236
124 240
124 241
124 251
124 256
125 116
125 124
125 125
125 135
125 136
125 155
125 156
125 161
125 162
125 163
125 181
125 189
125 190
125 205
125 206
125 214
125 216
125 236
125 240
125 241
125 251
125 256
126 136
126 155
126 156
126 161
126 162
126 163
126 181
126 189
126 190
126 205
126 206
126 214
126 216
126 236
126 240
126 241
126 251
126 256
127 136
127 155
127 156
127 161
127 162
127 163
127 181
127 189
127 190
127 205
127 206
127 214
127 216
127 236
127 240
127 241
127 251
127 256
128 136
128 155
128 156
128 161
128 162
128 163
128 181
128 189
128 190
128 205
128 206
128 214
128 216
128 236
128 240
128 241
128 251
128 256
129 136
129 155
129 156
129 161
129 162
129 163
129 181
129 189
129 190
129 205
129 206
129 214
129 216
129 236
129 240
129 241
129 251
129 256
130 136
130 139
130 155
130 156
130 161
130 162
130 163
130 181
130 189
130 205
130 214
130 216
130 236
130 240
130 241
130 251
130 256
131 136
131 149
131 155
131 156
131 161
131 162
131 163
131 181
131 189
131 205
131 214
131 216
131 236
131 240
131 241
131 251
131 256
132 136
132 141
132 149
132 155
132 156
132 162
132 163
132 189
132 205
132 214
132 216
132 236
132 240
132 241
132 251
132 256
133 136
133 141
133 149
133 155
133 156
133 162
133 163
133 189
133 205
133 214
133 216
133 236
133 240
133 241
133 251
133 256
134 136
134 141
134 149
134 155
134 156
134 162
134 163
134 189
134 205
134 214
134 216
134 236
134 240
134 241
134 251
134 256
135 136
135 141
135 149
135 153
135 156
135 162
135 189
135 205
135 214
135 236
135 238
135 240
135 241
135 249
135 251
135 256
136 136
136 141
136 149
136 153
136 156
136 162
136 189
136 205
136 214
136 236
136 238
136 240
136 241
136 249
136 251
136 256
137 136
137 141
137 149
137 153
137 156
137 162
137 189
137 205
137 214
137 238
137 240
137 241
137 249
137 251
137 256
138 136
138 141
138 149
138 153
138 156
138 162
138 189
138 205
138 214
138 238
138 240
138 241
138 248
138 249
138 251
138 256
139 136
139 141
139 149
139 153
139 156
139 162
139 189
139 205
139 214
139 238
139 240
139 241
139 242
139 248
139 249
139 251
139 256
140 136
140 141
140 149
140 153
140 156
140 162
140 189
140 205
140 214
140 238
140 240
140 241
140 242
140 248
140 249
140 251
140 256
141 136
141 141
141 149
141 153
141 156
141 162
141 189
141 205
141 214
141 238
141 240
141 241
141 242
141 248
141 249
141 251
141 256
141 260
142 136
142 141
142 149
142 153
142 156
142 162
142 205
142 214
142 221
142 238
142 240
142 241
142 242
142 248
142 249
142 254
142 256
142 260
143 136
143 141
143 149
143 153
143 156
143 162
143 193
143 205
143 214
143 221
143 238
143 240
143 241
143 242
143 248
143 249
143 254
143 256
143 260
144 136
144 149
144 153
144 156
144 162
144 193
144 205
144 214
144 221
144 238
144 240
144 241
144 248
144 249
144 254
144 256
144 260
145 136
145 149
145 153
145 156
145 162
145 191
145 193
145 205
145 214
145 221
145 238
145 240
145 241
145 248
145 249
145 254
145 256
145 260
146 136
146 149
146 153
146 156
146 162
146 184
146 191
146 193
146 205
146 214
146 221
146 238
146 240
146 241
146 248
146 249
146 254
146 256
146 260
147 136
147 149
147 153
147 156
147 162
147 184
147 191
147 193
147 205
147 214
147 221
147 238
147 240
147 241
147 248
147 249
147 254
147 256
147 260
148 136
148 149
148 153
148 156
148 162
148 184
148 191
148 193
148 205
148 214
148 221
148 238
148 240
148 241
148 248
148 249
148 254
148 260
149 136
149 149
149 153
149 156
149 162
149 184
149 191
149 193
149 205
149 214
149 221
149 238
149 240
149 241
149 248
149 249
149 254
149 260
150 149
150 153
150 156
150 162
150 184
150 191
150 193
150 205
150 221
150 238
150 240
150 241
150 248
150 249
150 260
151 149
151 153
151 156
151 162
151 184
151 191
151 193
151 205
151 221
151 238
151 240
151 241
151 248
151 249
151 260
152 149
152 153
152 156
152 162
152 184
152 191
152 193
152 205
152 221
152 238
152 240
152 241
152 248
152 249
152 260
153 149
153 153
153 156
153 162
153 191
153 193
153 205
153 221
153 238
153 240
153 241
153 248
153 249
153 260
154 149
154 153
154 156
154 162
154 191
154 193
154 211
154 221
154 238
154 240
154 248
154 249
154 260
155 149
155 153
155 156
155 162
155 176
155 191
155 193
155 211
155 221
155 238
155 248
155 249
155 260
156 149
156 153
156 156
156 162
156 176
156 191
156 193
156 211
156 221
156 238
156 248
156 249
156 260
157 149
157 153
157 162
157 176
157 191
157 193
157 221
157 238
157 248
157 249
157 260
158 149
158 153
158 162
158 191
158 193
158 221
158 238
158 248
158 249
158 260
159 149
159 153
159 162
159 169
159 191
159 193
159 238
159 248
159 249
159 260
160 149
160 153
160 162
160 169
160 191
160 193
160 238
160 248
160 249
160 259
160 260
161 149
161 153
161 162
161 169
161 191
161 193
161 238
161 248
161 249
161 259
161 260
162 149
162 153
162 162
162 169
162 191
162 193
162 227
162 238
162 248
162 249
162 259
162 260
163 149
163 153
163 162
163 169
163 191
163 193
163 227
163 238
163 248
163 249
163 259
163 260
164 149
164 153
164 162
164 169
164 191
164 193
164 227
164 238
164 248
164 249
164 259
164 260
165 149
165 153
165 162
165 169
165 191
165 193
165 227
165 238
165 248
165 249
165 259
165 260
166 149
166 153
166 162
166 169
166 191
166 193
166 227
166 238
166 248
166 249
166 259
166 260
167 149
167 153
167 162
167 169
167 191
167 193
167 207
167 227
167 238
167 248
167 249
167 259
167 260
168 149
168 153
168 162
168 169
168 191
168 193
168 207
168 227
168 238
168 248
168 249
168 259
168 260
169 153
169 162
169 169
169 191
169 193
169 207
169 210
169 227
169 238
169 248
169 249
169 259
170 153
170 162
170 169
170 191
170 193
170 207
170 210
170 227
170 238
170 248
170 249
170 259
171 153
171 162
171 169
171 191
171 193
171 207
171 210
171 227
171 238
171 244
171 248
171 249
171 259
172 153
172 162
172 169
172 191
172 193
172 210
172 227
172 238
172 248
172 249
172 259
173 153
173 162
173 169
173 191
173 193
173 210
173 227
173 238
173 248
173 249
173 259
174 162
174 191
174 193
174 227
174 238
174 248
174 249
174 259
175 162
175 178
175 191
175 193
175 238
175 248
175 259
176 162
176 178
176 191
176 193
176 238
176 248
176 259
177 162
177 178
177 191
177 193
177 202
177 238
177 248
177 259
178 162
178 178
178 191
178 193
178 202
178 238
178 248
178 259
179 178
179 191
179 193
179 202
179 238
179 248
179 259
180 178
180 191
180 193
180 202
180 238
180 248
180 259
181 178
181 191
181 193
181 202
181 238
181 248
181 259
182 191
182 192
182 193
182 202
182 238
182 248
182 259
182 262
183 191
183 192
183 193
183 195
183 202
183 238
183 248
183 259
183 262
184 191
184 192
184 193
184 195
184 202
184 238
184 248
184 259
184 262
185 191
185 192
185 193
185 195
185 202
185 238
185 248
185 259
185 262
186 191
186 192
186 193
186 195
186 202
186 238
186 248
186 259
186 262
187 188
187 191
187 192
187 193
187 195
187 202
187 248
187 261
188 191
188 192
188 193
188 195
188 202
188 248
188 261
189 191
189 192
189 193
189 195
189 202
189 248
189 258
189 261
190 191
190 192
190 193
190 195
190 202
190 217
190 248
190 258
190 261
191 191
191 192
191 193
191 195
191 202
191 217
191 228
191 248
191 258
191 261
192 191
192 193
192 202
192 217
192 228
192 248
192 258
192 261
193 191
193 193
193 202
193 217
193 228
193 258
193 261
194 191
194 193
194 202
194 217
194 225
194 228
194 258
194 261
195 191
195 193
195 202
195 217
195 225
195 228
195 258
195 261
196 191
196 193
196 202
196 217
196 225
196 228
196 258
196 261
197 191
197 193
197 202
197 217
197 225
197 228
197 258
197 261
198 191
198 193
198 202
198 217
198 225
198 228
198 258
198 261
199 191
199 193
199 202
199 217
199 218
199 219
199 224
199 225
199 228
199 258
199 261
200 191
200 193
200 202
200 217
200 218
200 219
200 224
200 225
200 258
200 261
201 191
201 193
201 202
201 217
201 218
201 219
201 224
201 225
201 258
201 261
202 191
202 193
202 202
202 217
202 218
202 219
202 224
202 225
202 258
202 261
203 191
203 193
203 202
203 217
203 218
203 219
203 224
203 225
203 258
203 261
204 191
204 193
204 202
204 217
204 218
204 219
204 224
204 225
204 258
204 261
205 191
205 202
205 217
205 218
205 219
205 224
205 225
205 258
206 191
206 202
206 217
206 218
206 219
206 224
206 225
206 258
207 191
207 202
207 217
207 218
207 219
207 224
207 225
207 258
208 191
208 202
208 217
208 218
208 219
208 224
208 225
208 258
209 191
209 202
209 217
209 218
209 219
209 224
209 225
209 258
210 191
210 202
210 217
210 218
210 219
210 224
210 225
210 258
211 191
211 202
211 217
211 218
211 219
211 224
211 225
211 258
212 191
212 202
212 217
212 218
212 219
212 224
212 225
212 258
213 191
213 202
213 218
213 219
213 224
213 225
213 258
214 191
214 202
214 218
214 219
214 224
214 225
214 258
215 191
215 202
215 218
215 219
215 224
215 225
215 258
216 191
216 218
216 219
216 224
216 225
216 258
217 191
217 218
217 225
217 258
218 191
218 218
218 225
218 258
219 218
219 225
219 258
220 218
220 225
220 258
221 218
221 225
221 258
222 218
222 225
222 258
223 218
223 225
223 258
224 218
224 225
224 258
225 225
226 225
227 225
228 225
229 225
230 225
231 225
232 225
233 225
234 225
235 225
235 239
236 225
236 239
237 225
237 239
238 225
238 239
239 225
239 239
240 225
240 239
241 225
241 239
242 225
243 225
244 225
245 225
246 225
247 225
248 225
249 225
