0 13
0 114
0 159
0 169
0 181
0 200
0 243
1 14
1 16
1 18
1 43
1 114
1 159
1 169
1 181
1 200
1 243
2 4
2 14
2 29
2 43
2 114
2 121
2 155
2 159
2 169
2 181
2 200
2 243
3 11
3 14
3 43
3 114
3 121
3 155
3 159
3 169
3 181
3 200
3 243
3 261
4 8
4 14
4 42
4 43
4 71
4 114
4 121
4 159
4 169
4 181
4 200
4 243
4 261
5 22
5 71
5 114
5 121
5 159
5 169
5 170
5 181
5 200
5 202
5 243
5 261
6 22
6 28
6 71
6 81
6 114
6 121
6 159
6 169
6 170
6 181
6 200
6 202
6 243
6 261
7 22
7 28
7 71
7 81
7 114
7 121
7 159
7 169
7 170
7 181
7 200
7 202
7 243
7 261
8 9
8 19
8 21
8 28
8 31
8 58
8 71
8 81
8 114
8 121
8 159
8 169
8 170
8 181
8 202
8 243
9 10
9 21
9 27
9 28
9 31
9 46
9 58
9 71
9 81
9 114
9 121
9 159
9 169
9 170
9 181
9 202
9 225
9 243
10 10
10 21
10 27
10 28
10 31
10 46
10 58
10 71
10 81
10 114
10 121
10 146
10 159
10 169
10 170
10 181
10 202
10 225
10 243
11 37
11 46
11 52
11 59
11 71
11 74
11 81
11 121
11 146
11 147
11 159
11 169
11 170
11 181
11 202
11 225
11 243
12 15
12 37
12 52
12 59
12 71
12 72
12 74
12 81
12 121
12 133
12 146
12 159
12 169
12 170
12 181
12 202
12 225
12 243
13 37
13 52
13 59
13 71
13 72
13 74
13 81
13 121
13 133
13 146
13 159
13 169
13 170
13 181
13 202
13 225
13 243
14 37
14 52
14 59
14 72
14 81
14 103
14 121
14 133
14 146
14 159
14 170
14 181
14 202
14 225
14 243
15 37
15 52
15 72
15 81
15 88
15 96
15 103
15 121
15 127
15 128
15 133
15 143
15 146
15 159
15 170
15 181
15 202
15 225
15 243
16 37
16 52
16 72
16 81
16 88
16 96
16 103
16 127
16 128
16 133
16 143
16 146
16 159
16 170
16 181
16 202
16 225
16 243
17 37
17 52
17 72
17 81
17 88
17 96
17 103
17 127
17 128
17 133
17 143
17 146
17 159
17 170
17 181
17 202
17 225
17 243
18 32
18 37
18 52
18 72
18 81
18 88
18 96
18 103
18 128
18 133
18 143
18 146
18 159
18 170
18 181
18 202
18 225
18 243
19 30
19 32
19 37
19 47
19 52
19 72
19 96
19 103
19 128
19 133
19 143
19 146
19 159
19 170
19 181
19 202
19 225
19 243
20 26
20 30
20 39
20 47
20 52
20 72
20 96
20 103
20 128
20 133
20 143
20 146
20 159
20 170
20 181
20 202
20 225
20 243
21 26
21 33
21 39
21 47
21 52
21 61
21 72
21 96
21 101
21 103
21 128
21 143
21 146
21 159
21 170
21 181
21 198
21 202
21 225
21 243
22 26
22 33
22 52
22 72
22 96
22 101
22 103
22 110
22 128
22 136
22 143
22 146
22 154
22 159
22 170
22 181
22 198
22 202
22 225
22 243
22 254
23 26
23 72
23 103
23 110
23 138
23 143
23 146
23 154
23 159
23 170
23 202
23 225
23 229
23 243
23 254
24 26
24 41
24 65
24 103
24 110
24 138
24 143
24 146
24 154
24 159
24 170
24 201
24 202
24 225
24 229
24 243
24 254
25 26
25 41
25 65
25 103
25 110
25 138
25 143
25 146
25 154
25 159
25 170
25 201
25 202
25 225
25 229
25 243
25 254
26 26
26 41
26 65
26 79
26 110
26 117
26 138
26 143
26 146
26 148
26 154
26 159
26 170
26 195
26 201
26 202
26 225
26 229
26 243
26 254
27 26
27 34
27 41
27 56
27 65
27 79
27 82
27 110
27 117
27 138
27 143
27 146
27 148
27 154
27 159
27 195
27 202
27 213
27 223
27 225
27 229
27 243
27 254
28 41
28 54
28 56
28 65
28 79
28 82
28 110
28 117
28 138
28 142
28 143
28 146
28 154
28 195
28 202
28 213
28 223
28 225
28 229
28 254
29 51
29 54
29 55
29 56
29 65
29 73
29 77
29 79
29 82
29 92
29 110
29 138
29 142
29 143
29 146
29 154
29 156
29 195
29 202
29 213
29 223
29 225
29 229
29 254
30 51
30 54
30 55
30 65
30 77
30 79
30 82
30 92
30 110
30 113
30 138
30 142
30 143
30 146
30 154
30 156
30 195
30 202
30 213
30 223
30 225
30 229
30 254
31 40
31 49
31 51
31 54
31 65
31 77
31 79
31 82
31 92
31 110
31 138
31 142
31 143
31 146
31 154
31 156
31 195
31 202
31 213
31 223
31 229
31 254
32 40
32 49
32 51
32 54
32 65
32 77
32 79
32 82
32 92
32 110
32 119
32 138
32 142
32 143
32 154
32 156
32 195
32 202
32 213
32 223
32 229
32 254
33 40
33 49
33 51
33 54
33 65
33 77
33 79
33 82
33 92
33 110
33 119
33 138
33 142
33 143
33 154
33 156
33 195
33 202
33 204
33 213
33 223
33 254
34 40
34 49
34 51
34 54
34 65
34 77
34 79
34 82
34 92
34 110
34 119
34 138
34 142
34 143
34 154
34 156
34 195
34 202
34 204
34 213
34 223
34 254
35 40
35 49
35 51
35 54
35 65
35 77
35 79
35 92
35 110
35 119
35 123
35 138
35 142
35 143
35 154
35 156
35 195
35 202
35 204
35 213
35 223
35 254
36 38
36 40
36 45
36 54
36 77
36 79
36 83
36 85
36 92
36 100
36 110
36 119
36 123
36 138
36 142
36 143
36 154
36 156
36 195
36 202
36 204
36 213
36 223
36 254
37 38
37 40
37 45
37 77
37 83
37 92
37 100
37 110
37 119
37 123
37 126
37 135
37 138
37 142
37 143
37 154
37 156
37 195
37 202
37 204
37 214
37 223
37 254
38 40
38 45
38 77
38 83
38 92
38 100
38 110
38 119
38 123
38 126
38 135
38 138
38 142
38 143
38 154
38 156
38 195
38 202
38 204
38 214
38 223
38 254
39 40
39 44
39 45
39 77
39 83
39 92
39 100
39 110
39 119
39 123
39 126
39 135
39 138
39 142
39 143
39 154
39 156
39 195
39 202
39 204
39 214
39 223
39 254
40 45
40 77
40 100
40 110
40 119
40 130
40 132
40 142
40 154
40 156
40 165
40 177
40 195
40 204
40 214
40 223
40 237
40 254
41 45
41 77
41 100
41 110
41 119
41 132
41 142
41 154
41 156
41 165
41 195
41 204
41 214
41 223
41 237
41 254
42 45
42 77
42 78
42 100
42 102
42 110
42 119
42 132
42 142
42 154
42 156
42 165
42 174
42 195
42 214
42 223
42 237
42 254
43 45
43 77
43 78
43 100
43 102
43 110
43 119
43 132
43 142
43 154
43 156
43 165
43 173
43 174
43 195
43 214
43 223
43 237
43 254
44 45
44 78
44 100
44 102
44 110
44 119
44 129
44 132
44 142
44 154
44 156
44 165
44 173
44 174
44 195
44 214
44 223
44 237
44 242
44 254
45 45
45 67
45 78
45 100
45 102
45 110
45 119
45 129
45 132
45 142
45 154
45 156
45 165
45 173
45 174
45 195
45 214
45 223
45 237
45 242
45 254
46 45
46 67
46 78
46 100
46 102
46 110
46 119
46 129
46 132
46 142
46 154
46 156
46 165
46 173
46 174
46 195
46 214
46 223
46 237
46 242
46 254
47 50
47 78
47 87
47 99
47 102
47 111
47 119
47 132
47 154
47 156
47 165
47 173
47 174
47 195
47 214
47 237
47 242
48 50
48 78
48 99
48 102
48 111
48 154
48 156
48 165
48 173
48 174
48 195
48 214
48 227
48 237
48 242
49 78
49 99
49 102
49 111
49 154
49 165
49 173
49 174
49 183
49 195
49 214
49 227
49 237
49 242
50 76
50 78
50 99
50 102
50 111
50 154
50 165
50 174
50 183
50 195
50 214
50 227
50 237
50 242
51 60
51 62
51 76
51 78
51 99
51 102
51 108
51 111
51 134
51 141
51 154
51 165
51 174
51 195
51 214
51 227
51 237
51 242
51 251
52 60
52 62
52 76
52 78
52 99
52 102
52 108
52 111
52 134
52 141
52 154
52 165
52 174
52 195
52 214
52 227
52 237
52 242
52 251
53 60
53 62
53 70
53 76
53 78
53 99
53 102
53 108
53 111
53 134
53 141
53 154
53 165
53 174
53 195
53 214
53 227
53 237
53 242
53 251
54 60
54 62
54 70
54 76
54 78
54 80
54 99
54 108
54 134
54 141
54 154
54 165
54 174
54 195
54 214
54 242
54 251
55 60
55 62
55 70
55 76
55 78
55 80
55 95
55 99
55 108
55 134
55 141
55 154
55 165
55 174
55 195
55 214
55 242
55 251
56 60
56 62
56 70
56 76
56 78
56 80
56 95
56 99
56 108
56 134
56 141
56 145
56 154
56 165
56 174
56 195
56 214
56 242
56 251
57 60
57 62
57 70
57 76
57 78
57 80
57 95
57 99
57 108
57 134
57 141
57 145
57 154
57 165
57 174
57 195
57 214
57 242
57 251
58 60
58 62
58 66
58 70
58 76
58 78
58 80
58 99
58 108
58 109
58 134
58 141
58 145
58 154
58 165
58 174
58 195
58 214
58 242
58 251
58 256
59 62
59 68
59 76
59 78
59 80
59 91
59 98
59 99
59 108
59 134
59 141
59 145
59 154
59 165
59 174
59 195
59 208
59 214
59 231
59 242
59 251
59 256
60 62
60 68
60 76
60 78
60 80
60 91
60 98
60 99
60 108
60 134
60 141
60 145
60 154
60 165
60 174
60 195
60 208
60 214
60 231
60 242
60 251
60 256
61 62
61 68
61 69
61 78
61 80
61 91
61 99
61 106
61 108
61 134
61 141
61 145
61 165
61 166
61 174
61 176
61 208
61 214
61 231
61 242
61 251
61 256
62 62
62 68
62 69
62 80
62 91
62 99
62 106
62 108
62 131
62 134
62 145
62 165
62 166
62 172
62 176
62 208
62 214
62 231
62 241
62 242
62 251
62 256
63 62
63 68
63 69
63 80
63 91
63 99
63 106
63 108
63 131
63 134
63 145
63 165
63 166
63 172
63 176
63 187
63 208
63 214
63 231
63 241
63 242
63 251
63 256
64 62
64 68
64 69
64 75
64 80
64 91
64 99
64 106
64 108
64 131
64 134
64 166
64 172
64 176
64 187
64 208
64 214
64 231
64 241
64 242
64 251
64 256
65 62
65 68
65 69
65 75
65 80
65 91
65 99
65 106
65 131
65 134
65 149
65 166
65 172
65 176
65 187
65 208
65 214
65 231
65 241
65 242
65 251
65 256
66 62
66 68
66 69
66 75
66 80
66 91
66 99
66 106
66 134
66 149
66 166
66 172
66 176
66 187
66 208
66 214
66 231
66 241
66 242
66 251
66 256
66 259
67 68
67 69
67 75
67 80
67 89
67 90
67 91
67 94
67 99
67 106
67 149
67 166
67 172
67 176
67 187
67 214
67 241
67 251
67 256
67 259
68 68
68 69
68 75
68 80
68 89
68 90
68 91
68 94
68 99
68 106
68 149
68 166
68 172
68 176
68 187
68 214
68 241
68 251
68 256
68 259
69 68
69 69
69 75
69 89
69 90
69 91
69 94
69 99
69 149
69 166
69 172
69 176
69 187
69 214
69 241
69 251
69 256
69 259
70 91
70 94
70 99
70 105
70 107
70 116
70 149
70 166
70 172
70 187
70 214
70 241
70 248
70 251
70 256
70 259
71 91
71 94
71 99
71 105
71 107
71 116
71 149
71 166
71 172
71 187
71 214
71 241
71 248
71 251
71 256
71 259
72 91
72 94
72 99
72 105
72 107
72 116
72 149
72 166
72 172
72 187
72 214
72 241
72 248
72 251
72 256
72 259
73 91
73 94
73 99
73 105
73 107
73 116
73 149
73 166
73 172
73 187
73 214
73 241
73 248
73 251
73 256
73 259
74 84
74 91
74 94
74 99
74 105
74 107
74 116
74 149
74 166
74 172
74 187
74 214
74 226
74 241
74 248
74 251
74 256
74 259
75 91
75 99
75 104
75 105
75 107
75 116
75 149
75 163
75 166
75 172
75 187
75 192
75 214
75 226
75 248
75 251
75 256
76 91
76 99
76 104
76 105
76 107
76 116
76 163
76 166
76 172
76 187
76 191
76 192
76 214
76 226
76 248
76 251
76 256
77 91
77 105
77 107
77 116
77 125
77 163
77 166
77 172
77 187
77 191
77 192
77 196
77 214
77 226
77 232
77 248
77 256
78 91
78 105
78 107
78 116
78 125
78 163
78 166
78 172
78 187
78 191
78 192
78 196
78 214
78 226
78 232
78 248
78 256
79 91
79 105
79 107
79 116
79 125
79 163
79 166
79 187
79 191
79 192
79 196
79 214
79 226
79 232
79 248
79 256
80 91
80 105
80 107
80 116
80 125
80 163
80 166
80 187
80 191
80 192
80 196
80 214
80 226
80 232
80 248
80 256
81 91
81 105
81 107
81 116
81 125
81 163
81 166
81 187
81 191
81 192
81 196
81 214
81 226
81 232
81 248
81 256
82 91
82 93
82 107
82 115
82 116
82 125
82 163
82 166
82 192
82 196
82 214
82 226
82 232
82 248
83 91
83 93
83 107
83 116
83 125
83 163
83 166
83 192
83 196
83 212
83 214
83 226
83 232
83 248
84 91
84 93
84 107
84 116
84 125
84 163
84 164
84 166
84 192
84 196
84 212
84 214
84 226
84 232
84 248
85 91
85 93
85 107
85 116
85 125
85 163
85 164
85 166
85 192
85 196
85 212
85 214
85 226
85 232
85 248
86 91
86 93
86 107
86 116
86 125
86 139
86 163
86 164
86 166
86 192
86 196
86 212
86 214
86 226
86 248
87 91
87 93
87 116
87 118
87 125
87 139
87 157
87 163
87 164
87 166
87 192
87 212
87 214
87 226
87 238
87 248
88 91
88 93
88 116
88 118
88 125
88 139
88 157
88 163
88 164
88 166
88 212
88 214
88 226
88 238
88 248
89 91
89 93
89 116
89 125
89 139
89 157
89 164
89 166
89 212
89 214
89 226
89 238
90 93
90 125
90 139
90 157
90 164
90 166
90 212
90 214
90 226
90 238
91 93
91 139
91 164
91 166
91 212
91 226
92 93
92 139
92 164
92 166
92 212
92 226
93 112
93 139
93 164
93 166
94 112
94 139
94 164
94 166
94 235
95 112
95 139
95 160
95 164
95 166
95 235
95 239
95 258
96 112
96 139
96 160
96 164
96 166
96 235
96 239
96 258
97 112
97 139
97 160
97 164
97 166
97 235
97 239
97 258
98 112
98 120
98 160
98 164
98 166
98 235
98 239
98 258
99 112
99 120
99 160
99 164
99 234
99 235
99 239
99 258
100 112
100 120
100 122
100 160
100 164
100 209
100 234
100 235
100 239
100 258
101 112
101 120
101 160
101 164
101 234
101 235
101 239
101 258
102 112
102 120
102 164
102 234
102 239
102 258
103 112
103 120
103 164
103 234
103 239
103 258
104 164
104 234
104 239
104 258
105 164
105 234
105 239
105 244
105 258
106 164
106 234
106 239
106 244
106 258
107 140
107 164
107 234
107 239
107 244
107 258
108 140
108 164
108 234
108 239
108 244
108 258
109 140
109 164
109 234
109 239
109 244
109 258
110 124
110 164
110 167
110 188
110 199
110 239
110 244
110 258
111 124
111 137
111 167
111 182
111 188
111 199
111 239
111 244
111 258
112 124
112 137
112 167
112 182
112 188
112 239
112 244
112 258
113 124
113 137
113 167
113 182
113 188
113 239
113 244
113 258
114 124
114 137
114 167
114 182
114 188
114 239
114 244
114 258
115 124
115 137
115 167
115 188
115 211
115 239
115 244
115 258
116 124
116 137
116 167
116 188
116 211
116 239
116 244
116 258
117 137
117 167
117 188
117 211
117 239
117 244
117 258
118 137
118 167
118 188
118 211
118 239
118 244
118 258
119 137
119 167
119 188
119 211
119 239
119 244
119 258
120 167
120 188
120 211
120 239
120 244
120 258
121 167
121 188
121 211
121 239
121 244
121 258
122 167
122 188
122 211
122 220
122 239
122 244
122 258
123 167
123 188
123 211
123 220
123 239
123 244
123 258
124 167
124 188
124 205
124 211
124 220
124 258
125 167
125 188
125 205
125 211
125 220
125 258
126 167
126 188
126 205
126 211
126 220
126 258
127 167
127 188
127 206
127 220
127 258
128 167
128 188
128 206
128 220
128 258
129 167
129 206
129 219
129 230
129 258
130 167
130 190
130 206
130 219
130 230
130 258
131 167
131 190
131 206
131 219
131 230
131 258
132 167
132 206
132 219
132 230
132 257
132 258
133 167
133 219
133 250
133 257
133 258
134 153
134 167
134 219
134 236
134 250
134 257
134 258
135 153
135 167
135 219
135 236
135 250
135 257
135 258
136 153
136 167
136 219
136 236
136 250
136 257
136 258
137 153
137 167
137 171
137 219
137 236
137 250
137 257
137 258
138 153
138 167
138 171
138 219
138 221
138 236
138 250
138 257
138 258
139 153
139 161
139 167
139 171
139 219
139 221
139 250
139 257
139 258
140 153
140 161
140 171
140 185
140 218
140 219
140 221
140 250
140 257
140 258
141 153
141 161
141 171
141 218
141 219
141 221
141 250
141 257
141 258
142 153
142 161
142 171
142 218
142 221
142 250
142 257
142 258
143 153
143 161
143 171
143 218
143 221
143 250
143 257
143 258
144 153
144 161
144 171
144 218
144 221
144 250
144 257
144 258
145 151
145 161
145 162
145 221
145 228
145 245
145 257
145 258
146 151
146 161
146 162
146 221
146 228
146 245
146 257
146 258
147 150
147 151
147 162
147 221
147 245
147 257
147 258
148 151
148 158
148 162
148 168
148 180
148 221
148 245
148 257
148 258
149 151
149 158
149 162
149 168
149 180
149 203
149 221
149 245
149 257
149 258
150 151
150 158
150 168
150 180
150 221
150 245
150 257
150 258
151 151
151 158
151 168
151 180
151 221
151 245
151 257
151 258
152 158
152 168
152 184
152 210
152 221
152 245
152 257
152 258
153 158
153 168
153 184
153 224
153 245
153 257
153 258
154 158
154 168
154 184
154 224
154 245
154 257
154 258
155 168
155 184
155 224
155 245
155 257
155 258
156 168
156 184
156 222
156 245
156 257
156 260
157 168
157 184
157 222
157 245
157 257
157 260
158 168
158 184
158 189
158 222
158 245
158 257
158 260
159 184
159 189
159 222
159 245
159 260
160 184
160 189
160 222
160 245
160 260
161 189
161 222
161 245
162 189
162 216
162 222
162 245
163 189
163 216
163 222
163 245
164 189
164 216
164 222
164 245
165 189
165 216
165 222
165 245
166 189
166 216
166 222
166 245
167 189
167 216
167 222
167 245
168 189
168 207
168 216
168 222
169 189
169 207
169 216
169 222
170 189
170 207
170 216
170 222
171 189
171 207
171 216
171 222
172 175
172 189
172 207
172 222
172 233
173 175
173 189
173 207
173 222
173 233
173 252
174 175
174 189
174 207
174 222
174 233
175 175
175 189
175 207
175 222
175 233
176 175
176 189
176 222
176 233
177 175
177 189
177 193
177 222
177 233
178 175
178 189
178 193
178 222
178 233
179 175
179 189
179 193
179 222
179 233
180 189
180 193
180 217
180 233
180 247
180 249
181 189
181 193
181 217
181 233
181 247
181 249
182 189
182 193
182 217
182 233
182 247
182 249
183 217
183 233
183 247
183 249
184 217
184 233
184 247
184 249
185 217
185 233
185 247
185 249
186 217
186 233
186 247
186 249
187 217
187 233
187 247
187 249
188 217
188 233
188 247
188 249
189 197
189 217
189 233
189 247
189 249
190 217
190 233
190 247
190 249
191 217
191 233
191 247
191 249
192 217
192 233
192 247
192 249
193 233
193 247
193 249
194 233
194 247
194 249
195 233
195 247
195 249
196 233
196 247
196 249
197 233
197 249
198 233
198 249
199 233
199 249
200 233
200 249
201 233
201 249
202 233
202 249
203 233
203 249
204 233
204 249
205 233
205 249
206 233
206 249
207 233
207 249
208 233
208 249
209 233
210 215
210 233
211 215
211 233
212 215
212 233
213 233
213 240
214 233
214 240
215 240
216 240
217 240
218 240
219 240
230 255
231 255
232 255
233 255
234 255
235 255
236 255
237 255
238 255
239 246
239 255
240 255
241 255
242 255
243 255
244 255
245 255
246 255
247 255
248 255
249 255
250 255
251 255
252 255
253 255
254 255
255 255
256 255
257 255
258 255
259 255
260 255
261 255
262 255
