1 3
1 4
1 42
2 24
2 42
2 81
3 24
3 42
3 81
3 168
4 12
4 24
4 27
4 34
4 41
4 42
4 55
4 81
4 145
4 149
4 168
4 240
5 9
5 24
5 27
5 29
5 34
5 41
5 42
5 55
5 81
5 108
5 145
5 149
5 168
5 240
5 241
6 9
6 24
6 27
6 29
6 34
6 41
6 42
6 55
6 81
6 108
6 145
6 149
6 168
6 201
6 240
6 241
7 9
7 24
7 27
7 29
7 34
7 41
7 42
7 55
7 81
7 108
7 145
7 149
7 168
7 201
7 240
7 241
8 9
8 24
8 26
8 27
8 29
8 34
8 41
8 42
8 55
8 81
8 108
8 145
8 149
8 168
8 201
8 240
8 241
9 21
9 24
9 26
9 27
9 29
9 34
9 41
9 42
9 44
9 55
9 81
9 96
9 108
9 145
9 149
9 156
9 168
9 201
9 240
9 241
10 11
10 13
10 24
10 29
10 34
10 41
10 42
10 44
10 55
10 56
10 77
10 81
10 87
10 96
10 108
10 145
10 149
10 156
10 168
10 201
10 240
10 241
11 17
11 22
11 24
11 34
11 40
11 41
11 42
11 55
11 56
11 77
11 81
11 87
11 91
11 96
11 108
11 145
11 149
11 156
11 201
11 240
11 241
12 14
12 17
12 22
12 24
12 33
12 34
12 40
12 41
12 42
12 55
12 56
12 77
12 81
12 87
12 91
12 96
12 108
12 145
12 149
12 156
12 201
12 240
12 241
13 17
13 20
13 33
13 34
13 38
13 39
13 40
13 41
13 55
13 56
13 77
13 81
13 87
13 88
13 91
13 96
13 108
13 126
13 145
13 149
13 156
13 201
13 230
13 240
13 241
14 20
14 33
14 34
14 38
14 39
14 41
14 46
14 55
14 56
14 72
14 77
14 81
14 87
14 88
14 91
14 96
14 108
14 126
14 145
14 149
14 156
14 201
14 230
14 240
14 241
15 20
15 33
15 34
15 38
15 39
15 41
15 46
15 55
15 56
15 64
15 72
15 77
15 81
15 87
15 88
15 91
15 96
15 108
15 126
15 145
15 149
15 156
15 165
15 201
15 230
15 240
15 241
16 20
16 33
16 34
16 38
16 39
16 46
16 55
16 56
16 64
16 72
16 77
16 81
16 87
16 88
16 91
16 96
16 108
16 126
16 145
16 149
16 156
16 165
16 201
16 230
16 240
16 241
17 20
17 33
17 34
17 39
17 46
17 55
17 56
17 64
17 72
17 77
17 87
17 88
17 91
17 96
17 126
17 145
17 149
17 151
17 156
17 182
17 188
17 201
17 230
17 240
17 241
18 20
18 33
18 34
18 39
18 46
18 55
18 56
18 64
18 72
18 77
18 87
18 88
18 91
18 96
18 126
18 145
18 149
18 151
18 156
18 182
18 188
18 201
18 230
18 240
18 241
19 20
19 33
19 34
19 39
19 46
19 55
19 56
19 64
19 72
19 77
19 87
19 88
19 91
19 96
19 126
19 145
19 149
19 151
19 156
19 182
19 188
19 201
19 230
19 240
19 241
20 20
20 33
20 34
20 36
20 39
20 46
20 55
20 56
20 64
20 72
20 77
20 87
20 88
20 91
20 96
20 122
20 126
20 141
20 145
20 149
20 156
20 182
20 186
20 188
20 200
20 201
20 223
20 230
20 240
20 241
21 34
21 36
21 39
21 46
21 55
21 56
21 64
21 72
21 77
21 87
21 88
21 95
21 96
21 122
21 126
21 131
21 141
21 149
21 156
21 182
21 183
21 186
21 188
21 200
21 201
21 207
21 223
21 230
21 240
21 241
22 23
22 31
22 36
22 39
22 46
22 52
22 56
22 64
22 72
22 77
22 87
22 88
22 95
22 96
22 122
22 126
22 131
22 141
22 149
22 156
22 182
22 186
22 200
22 201
22 207
22 223
23 30
23 36
23 37
23 52
23 56
23 64
23 75
23 86
23 93
23 95
23 97
23 113
23 122
23 126
23 141
23 156
23 159
23 176
23 182
23 186
23 201
23 207
23 245
23 247
23 258
24 28
24 50
24 64
24 75
24 86
24 89
24 93
24 95
24 97
24 104
24 113
24 122
24 126
24 133
24 141
24 156
24 161
24 163
24 176
24 182
24 186
24 201
24 235
24 245
24 247
24 258
25 28
25 48
25 64
25 73
25 75
25 93
25 95
25 97
25 104
25 113
25 122
25 132
25 141
25 156
25 157
25 161
25 163
25 176
25 186
25 201
25 235
25 245
25 247
25 258
26 28
26 32
26 48
26 64
26 69
26 73
26 75
26 93
26 95
26 97
26 104
26 113
26 123
26 132
26 141
26 156
26 157
26 161
26 176
26 186
26 201
26 220
26 235
26 245
26 247
26 258
27 28
27 32
27 48
27 49
27 64
27 69
27 73
27 75
27 93
27 95
27 97
27 104
27 113
27 123
27 132
27 141
27 156
27 157
27 161
27 176
27 186
27 201
27 220
27 235
27 245
27 247
27 258
28 28
28 32
28 48
28 49
28 64
28 69
28 73
28 93
28 95
28 97
28 119
28 123
28 132
28 156
28 157
28 161
28 176
28 201
28 220
28 235
28 245
28 247
28 252
28 258
29 32
29 35
29 48
29 64
29 73
29 84
29 93
29 95
29 97
29 114
29 119
29 123
29 132
29 156
29 157
29 161
29 176
29 201
29 235
29 245
29 247
29 252
29 258
30 32
30 48
30 64
30 73
30 84
30 93
30 95
30 97
30 114
30 119
30 123
30 132
30 156
30 157
30 161
30 176
30 201
30 235
30 245
30 247
30 252
30 258
31 32
31 48
31 53
31 64
31 73
31 84
31 93
31 95
31 97
31 114
31 119
31 123
31 132
31 156
31 157
31 161
31 176
31 201
31 235
31 245
31 247
31 252
31 258
32 47
32 48
32 53
32 54
32 60
32 73
32 84
32 93
32 95
32 114
32 119
32 123
32 148
32 156
32 157
32 161
32 176
32 201
32 203
32 235
32 245
32 247
32 252
32 258
33 47
33 48
33 53
33 54
33 60
33 73
33 84
33 95
33 119
33 123
33 148
33 155
33 156
33 157
33 161
33 176
33 191
33 201
33 203
33 213
33 235
33 245
33 247
33 252
34 47
34 48
34 53
34 54
34 60
34 73
34 95
34 119
34 123
34 148
34 155
34 156
34 157
34 161
34 176
34 191
34 201
34 203
34 213
34 235
34 245
34 247
34 252
35 47
35 48
35 53
35 54
35 73
35 95
35 106
35 119
35 123
35 148
35 155
35 156
35 157
35 161
35 176
35 191
35 199
35 201
35 203
35 213
35 235
35 245
35 247
35 252
36 47
36 48
36 53
36 54
36 73
36 94
36 95
36 106
36 119
36 123
36 136
36 148
36 156
36 157
36 161
36 176
36 191
36 199
36 201
36 203
36 213
36 235
36 245
36 247
36 252
37 47
37 48
37 53
37 73
37 94
37 95
37 106
37 123
37 136
37 148
37 156
37 157
37 161
37 176
37 191
37 199
37 201
37 203
37 213
37 235
37 245
37 247
37 252
38 47
38 48
38 53
38 73
38 94
38 95
38 106
38 123
38 136
38 148
38 156
38 157
38 161
38 176
38 191
38 199
38 201
38 203
38 213
38 235
38 245
38 247
38 252
39 47
39 48
39 53
39 73
39 94
39 95
39 98
39 102
39 106
39 123
39 136
39 148
39 156
39 157
39 161
39 176
39 191
39 199
39 201
39 203
39 204
39 213
39 219
39 235
39 245
39 247
39 252
40 47
40 48
40 53
40 61
40 71
40 73
40 82
40 94
40 95
40 98
40 102
40 106
40 136
40 148
40 156
40 161
40 176
40 199
40 201
40 203
40 213
40 219
40 235
40 242
40 245
40 247
40 252
41 47
41 48
41 53
41 58
41 61
41 71
41 94
41 95
41 98
41 102
41 136
41 148
41 156
41 161
41 176
41 199
41 201
41 203
41 213
41 219
41 235
41 242
41 245
41 247
41 252
42 47
42 48
42 53
42 58
42 61
42 71
42 94
42 95
42 98
42 102
42 136
42 148
42 156
42 161
42 176
42 199
42 201
42 203
42 213
42 219
42 235
42 242
42 245
42 247
42 252
43 47
43 48
43 53
43 58
43 61
43 71
43 94
43 95
43 98
43 102
43 136
43 148
43 156
43 161
43 176
43 199
43 201
43 203
43 213
43 219
43 235
43 242
43 245
43 247
43 252
44 47
44 48
44 53
44 58
44 61
44 71
44 95
44 98
44 102
44 136
44 148
44 156
44 161
44 176
44 199
44 201
44 203
44 213
44 224
44 235
44 242
44 245
44 247
45 47
45 58
45 61
45 95
45 98
45 102
45 136
45 148
45 156
45 161
45 176
45 199
45 201
45 203
45 213
45 224
45 235
45 242
45 245
45 247
46 47
46 58
46 61
46 67
46 98
46 102
46 124
46 136
46 148
46 156
46 161
46 176
46 199
46 201
46 203
46 213
46 224
46 235
46 242
46 245
46 247
47 47
47 58
47 61
47 67
47 98
47 102
47 124
47 136
47 148
47 156
47 161
47 176
47 199
47 201
47 203
47 209
47 213
47 224
47 235
47 242
47 245
47 247
48 47
48 58
48 98
48 102
48 124
48 136
48 148
48 156
48 161
48 176
48 187
48 199
48 201
48 203
48 209
48 213
48 218
48 224
48 235
48 242
48 245
48 247
49 47
49 58
49 98
49 102
49 124
49 136
49 148
49 156
49 161
49 176
49 187
49 199
49 201
49 203
49 209
49 213
49 218
49 224
49 235
49 242
49 245
49 247
50 47
50 58
50 63
50 98
50 102
50 136
50 146
50 148
50 156
50 161
50 176
50 187
50 199
50 201
50 203
50 209
50 213
50 218
50 224
50 235
50 245
50 247
50 256
51 58
51 65
51 74
51 79
51 98
51 102
51 136
51 146
51 147
51 148
51 156
51 161
51 162
51 176
51 187
51 192
51 196
51 199
51 201
51 203
51 209
51 213
51 218
51 224
51 244
51 245
51 247
51 256
52 58
52 65
52 66
52 70
52 74
52 79
52 98
52 102
52 136
52 146
52 147
52 148
52 156
52 161
52 162
52 176
52 187
52 192
52 196
52 199
52 201
52 203
52 209
52 213
52 218
52 224
52 244
52 245
52 247
52 256
53 65
53 66
53 70
53 74
53 79
53 98
53 102
53 136
53 146
53 147
53 148
53 156
53 161
53 162
53 176
53 187
53 192
53 196
53 199
53 201
53 203
53 209
53 213
53 218
53 224
53 244
53 245
53 247
53 256
54 65
54 66
54 70
54 74
54 79
54 98
54 102
54 103
54 136
54 146
54 147
54 148
54 156
54 161
54 162
54 176
54 187
54 192
54 196
54 199
54 201
54 203
54 209
54 213
54 218
54 224
54 244
54 245
54 247
54 256
55 65
55 66
55 70
55 74
55 79
55 98
55 102
55 103
55 136
55 146
55 147
55 148
55 154
55 156
55 161
55 162
55 176
55 187
55 192
55 196
55 199
55 201
55 209
55 213
55 218
55 224
55 244
55 245
55 247
55 256
56 62
56 65
56 66
56 70
56 74
56 79
56 90
56 98
56 102
56 103
56 115
56 118
56 143
56 146
56 147
56 148
56 154
56 161
56 162
56 178
56 187
56 192
56 196
56 199
56 201
56 209
56 213
56 218
56 224
56 239
56 244
56 247
57 62
57 65
57 66
57 70
57 74
57 79
57 90
57 98
57 101
57 102
57 103
57 115
57 118
57 143
57 146
57 147
57 148
57 154
57 161
57 162
57 178
57 187
57 192
57 196
57 199
57 201
57 209
57 213
57 218
57 224
57 239
57 244
57 247
58 62
58 65
58 66
58 70
58 74
58 79
58 90
58 98
58 101
58 102
58 103
58 115
58 118
58 143
58 146
58 147
58 148
58 154
58 161
58 162
58 178
58 187
58 192
58 196
58 199
58 201
58 209
58 213
58 218
58 224
58 239
58 244
58 247
59 62
59 65
59 66
59 68
59 70
59 74
59 79
59 90
59 98
59 101
59 102
59 103
59 111
59 115
59 118
59 143
59 146
59 147
59 148
59 154
59 161
59 162
59 178
59 187
59 192
59 196
59 199
59 201
59 209
59 213
59 224
59 239
59 244
59 247
60 62
60 65
60 66
60 68
60 70
60 74
60 79
60 98
60 101
60 102
60 103
60 111
60 115
60 118
60 137
60 143
60 146
60 147
60 148
60 154
60 161
60 162
60 171
60 178
60 187
60 192
60 196
60 199
60 201
60 209
60 213
60 224
60 239
60 244
60 247
61 62
61 65
61 66
61 70
61 74
61 79
61 98
61 101
61 102
61 111
61 115
61 118
61 137
61 143
61 146
61 147
61 148
61 154
61 161
61 162
61 166
61 171
61 178
61 187
61 192
61 196
61 201
61 209
61 213
61 239
61 244
61 247
62 62
62 65
62 66
62 70
62 74
62 79
62 98
62 101
62 102
62 111
62 115
62 118
62 137
62 143
62 146
62 147
62 148
62 154
62 161
62 162
62 166
62 171
62 178
62 187
62 192
62 196
62 201
62 209
62 213
62 239
62 244
62 247
63 65
63 66
63 70
63 74
63 79
63 98
63 101
63 111
63 115
63 118
63 137
63 143
63 146
63 147
63 148
63 154
63 161
63 162
63 166
63 171
63 187
63 196
63 201
63 209
63 213
63 239
63 244
63 247
64 70
64 74
64 101
64 111
64 118
64 120
64 137
64 143
64 146
64 147
64 148
64 154
64 161
64 162
64 166
64 171
64 187
64 196
64 201
64 209
64 213
64 239
64 244
64 247
65 74
65 101
65 111
65 118
65 120
65 137
65 143
65 146
65 147
65 148
65 154
65 161
65 162
65 166
65 171
65 187
65 196
65 201
65 209
65 213
65 239
65 244
65 247
66 74
66 101
66 111
66 118
66 120
66 137
66 143
66 146
66 147
66 148
66 154
66 161
66 162
66 166
66 171
66 187
66 196
66 201
66 209
66 213
66 239
66 244
66 247
67 74
67 78
67 101
67 111
67 118
67 120
67 137
67 143
67 146
67 147
67 154
67 161
67 162
67 166
67 171
67 187
67 196
67 201
67 209
67 213
67 239
67 244
67 247
68 74
68 78
68 85
68 101
68 111
68 118
68 137
68 143
68 146
68 147
68 154
68 161
68 162
68 166
68 171
68 187
68 196
68 201
68 209
68 213
68 239
68 247
69 74
69 78
69 85
69 101
69 111
69 118
69 137
69 143
69 147
69 152
69 154
69 161
69 162
69 166
69 171
69 187
69 195
69 196
69 201
69 209
69 212
69 213
69 239
69 247
70 74
70 78
70 85
70 101
70 111
70 118
70 137
70 143
70 147
70 152
70 154
70 161
70 162
70 166
70 171
70 187
70 195
70 196
70 201
70 209
70 212
70 213
70 239
70 247
71 74
71 78
71 85
71 101
71 111
71 118
71 137
71 143
71 147
71 152
71 154
71 161
71 162
71 166
71 171
71 187
71 195
71 196
71 201
71 209
71 212
71 213
71 239
71 247
72 74
72 78
72 85
72 92
72 105
72 107
72 111
72 118
72 129
72 134
72 138
72 143
72 147
72 152
72 154
72 161
72 162
72 166
72 171
72 195
72 196
72 209
72 212
72 213
72 247
73 74
73 78
73 85
73 105
73 107
73 111
73 118
73 129
73 134
73 138
73 143
73 147
73 152
73 154
73 161
73 162
73 166
73 171
73 195
73 196
73 209
73 212
73 213
73 247
74 74
74 78
74 85
74 107
74 110
74 111
74 128
74 129
74 134
74 138
74 147
74 152
74 154
74 161
74 162
74 166
74 171
74 179
74 185
74 195
74 196
74 206
74 212
74 214
74 247
74 257
75 74
75 78
75 85
75 107
75 110
75 111
75 125
75 128
75 129
75 134
75 138
75 147
75 152
75 154
75 161
75 162
75 166
75 171
75 179
75 185
75 195
75 196
75 206
75 212
75 214
75 247
75 257
76 74
76 85
76 109
76 110
76 111
76 125
76 128
76 129
76 134
76 138
76 147
76 152
76 154
76 161
76 162
76 166
76 171
76 185
76 195
76 196
76 206
76 212
76 214
76 247
76 257
77 74
77 85
77 109
77 110
77 111
77 125
77 127
77 128
77 129
77 134
77 138
77 142
77 147
77 152
77 154
77 161
77 162
77 166
77 169
77 171
77 185
77 195
77 206
77 212
77 214
77 247
77 257
78 80
78 85
78 109
78 110
78 111
78 127
78 128
78 129
78 134
78 138
78 142
78 147
78 152
78 154
78 161
78 162
78 166
78 169
78 171
78 185
78 195
78 206
78 214
78 247
78 257
79 80
79 85
79 99
79 109
79 110
79 127
79 128
79 129
79 134
79 138
79 142
79 147
79 152
79 154
79 158
79 161
79 162
79 166
79 169
79 185
79 195
79 206
79 211
79 214
79 247
79 257
80 80
80 85
80 99
80 109
80 110
80 127
80 128
80 134
80 138
80 142
80 147
80 152
80 154
80 158
80 161
80 162
80 166
80 169
80 185
80 195
80 206
80 211
80 214
80 247
80 257
81 85
81 109
81 127
81 128
81 134
81 138
81 142
81 152
81 154
81 158
81 161
81 162
81 166
81 169
81 185
81 195
81 206
81 211
81 214
81 247
81 257
82 85
82 109
82 117
82 127
82 128
82 134
82 135
82 138
82 142
82 152
82 154
82 158
82 161
82 162
82 164
82 166
82 169
82 185
82 195
82 206
82 211
82 214
82 247
82 257
83 109
83 116
83 117
83 127
83 128
83 134
83 135
83 138
83 142
83 152
83 154
83 158
83 161
83 166
83 185
83 195
83 206
83 211
83 214
83 247
83 257
84 109
84 116
84 117
84 127
84 128
84 134
84 135
84 138
84 142
84 152
84 154
84 158
84 161
84 166
84 185
84 195
84 206
84 211
84 214
84 247
84 257
85 109
85 116
85 117
85 127
85 128
85 134
85 135
85 138
85 142
85 152
85 154
85 158
85 161
85 166
85 185
85 195
85 206
85 211
85 214
85 247
85 257
86 109
86 116
86 117
86 127
86 128
86 134
86 135
86 138
86 142
86 152
86 154
86 158
86 161
86 166
86 185
86 195
86 206
86 211
86 214
86 247
86 257
87 109
87 116
87 127
87 128
87 134
87 135
87 138
87 142
87 152
87 154
87 158
87 161
87 166
87 185
87 195
87 206
87 211
87 214
87 247
87 257
87 261
88 109
88 116
88 127
88 128
88 134
88 135
88 138
88 142
88 152
88 154
88 158
88 161
88 166
88 185
88 195
88 206
88 211
88 214
88 247
88 257
88 261
89 109
89 116
89 127
89 128
89 134
89 135
89 138
89 142
89 152
89 154
89 161
89 166
89 185
89 195
89 211
89 214
89 257
89 261
90 109
90 116
90 127
90 128
90 134
90 135
90 138
90 142
90 152
90 154
90 161
90 166
90 185
90 195
90 211
90 214
90 257
90 261
91 109
91 116
91 127
91 128
91 130
91 134
91 135
91 138
91 142
91 152
91 154
91 161
91 166
91 185
91 195
91 214
91 257
91 261
92 109
92 116
92 127
92 128
92 134
92 135
92 138
92 152
92 154
92 161
92 166
92 185
92 195
92 214
92 257
92 261
93 109
93 116
93 127
93 128
93 134
93 135
93 138
93 152
93 154
93 161
93 166
93 185
93 195
93 214
93 257
93 261
94 109
94 116
94 127
94 128
94 134
94 135
94 138
94 152
94 154
94 161
94 166
94 173
94 175
94 185
94 214
94 231
94 257
94 261
95 109
95 116
95 127
95 128
95 134
95 135
95 138
95 152
95 154
95 161
95 166
95 173
95 175
95 185
95 214
95 231
95 257
95 261
96 109
96 116
96 127
96 128
96 134
96 135
96 138
96 152
96 154
96 161
96 166
96 173
96 175
96 185
96 214
96 231
96 257
96 261
97 109
97 116
97 127
97 128
97 134
97 135
97 138
97 152
97 154
97 161
97 166
97 173
97 175
97 185
97 214
97 231
97 257
97 261
98 100
98 109
98 116
98 121
98 127
98 134
98 135
98 138
98 140
98 152
98 154
98 161
98 166
98 175
98 185
98 208
98 214
98 227
98 231
98 257
98 261
99 100
99 109
99 116
99 121
99 127
99 134
99 135
99 138
99 140
99 152
99 161
99 166
99 175
99 185
99 208
99 214
99 227
99 231
99 257
99 261
100 116
100 121
100 127
100 134
100 135
100 138
100 139
100 140
100 150
100 152
100 166
100 167
100 185
100 208
100 210
100 214
100 227
100 231
100 257
100 261
101 116
101 121
101 127
101 134
101 135
101 138
101 139
101 140
101 150
101 152
101 166
101 167
101 185
101 208
101 210
101 214
101 227
101 231
101 257
101 261
102 112
102 116
102 121
102 127
102 134
102 135
102 138
102 140
102 150
102 152
102 166
102 167
102 185
102 208
102 210
102 214
102 227
102 231
102 257
102 261
103 112
103 116
103 121
103 127
103 134
103 135
103 138
103 140
103 152
103 167
103 180
103 185
103 208
103 210
103 214
103 222
103 227
103 231
103 257
103 261
104 112
104 116
104 121
104 127
104 134
104 135
104 138
104 140
104 144
104 152
104 167
104 180
104 185
104 190
104 208
104 210
104 214
104 222
104 227
104 231
104 257
104 261
105 112
105 116
105 121
105 127
105 134
105 135
105 138
105 140
105 144
105 152
105 180
105 185
105 190
105 208
105 210
105 214
105 222
105 227
105 231
105 257
105 261
106 116
106 121
106 134
106 135
106 138
106 144
106 152
106 180
106 185
106 190
106 208
106 210
106 214
106 222
106 226
106 227
106 257
106 261
107 116
107 121
107 134
107 135
107 138
107 144
107 152
107 180
107 185
107 190
107 208
107 210
107 214
107 222
107 226
107 227
107 234
107 257
107 261
108 116
108 121
108 134
108 135
108 138
108 144
108 152
108 180
108 185
108 190
108 208
108 210
108 214
108 222
108 226
108 227
108 234
108 257
108 261
109 116
109 121
109 134
109 135
109 138
109 144
109 152
109 180
109 185
109 190
109 208
109 210
109 214
109 222
109 227
109 234
109 257
109 261
110 116
110 134
110 135
110 138
110 144
110 152
110 180
110 185
110 190
110 208
110 210
110 214
110 222
110 227
110 234
110 257
110 261
111 116
111 134
111 135
111 138
111 144
111 152
111 180
111 185
111 190
111 208
111 210
111 214
111 222
111 227
111 234
111 257
111 261
112 116
112 134
112 135
112 138
112 144
112 152
112 170
112 180
112 185
112 190
112 208
112 210
112 214
112 222
112 227
112 257
112 261
113 116
113 134
113 135
113 138
113 144
113 152
113 170
113 180
113 185
113 190
113 208
113 210
113 214
113 222
113 227
113 236
113 257
113 261
114 116
114 134
114 135
114 138
114 144
114 152
114 170
114 180
114 185
114 190
114 208
114 210
114 214
114 222
114 227
114 236
114 257
114 261
115 116
115 134
115 135
115 138
115 144
115 152
115 170
115 180
115 185
115 190
115 208
115 210
115 214
115 222
115 227
115 236
115 250
115 257
115 261
116 116
116 134
116 135
116 138
116 144
116 152
116 170
116 180
116 185
116 190
116 208
116 210
116 214
116 222
116 227
116 236
116 257
116 261
117 116
117 134
117 135
117 138
117 144
117 152
117 170
117 180
117 185
117 190
117 208
117 210
117 214
117 222
117 227
117 236
117 257
117 261
118 116
118 134
118 135
118 138
118 144
118 152
118 170
118 180
118 185
118 190
118 208
118 210
118 214
118 222
118 227
118 236
118 257
118 261
119 116
119 134
119 135
119 138
119 144
119 152
119 170
119 180
119 185
119 190
119 208
119 210
119 214
119 222
119 227
119 236
119 257
119 261
120 116
120 134
120 135
120 138
120 144
120 152
120 170
120 180
120 185
120 190
120 208
120 210
120 214
120 222
120 227
120 236
120 257
120 261
121 116
121 134
121 138
121 152
121 170
121 180
121 185
121 190
121 208
121 210
121 214
121 222
121 227
121 236
121 257
121 261
122 116
122 134
122 138
122 152
122 170
122 180
122 185
122 190
122 208
122 210
122 214
122 222
122 227
122 236
122 257
122 261
123 116
123 134
123 138
123 152
123 170
123 180
123 185
123 190
123 208
123 210
123 214
123 222
123 227
123 236
123 257
123 261
124 116
124 134
124 138
124 152
124 170
124 180
124 185
124 190
124 208
124 210
124 214
124 222
124 227
124 236
124 257
124 261
125 116
125 134
125 138
125 152
125 170
125 180
125 185
125 190
125 208
125 210
125 214
125 222
125 227
125 236
125 257
125 261
126 116
126 134
126 138
126 152
126 170
126 180
126 185
126 190
126 208
126 210
126 214
126 222
126 227
126 236
126 257
126 261
127 116
127 134
127 138
127 170
127 180
127 185
127 190
127 208
127 210
127 214
127 222
127 227
127 236
127 257
127 261
128 116
128 134
128 138
128 170
128 180
128 185
128 190
128 208
128 210
128 214
128 222
128 227
128 236
128 257
128 261
129 116
129 134
129 170
129 185
129 190
129 208
129 210
129 214
129 222
129 227
129 236
129 257
129 261
130 116
130 134
130 170
130 185
130 190
130 208
130 210
130 214
130 222
130 227
130 236
130 257
130 261
131 116
131 134
131 170
131 185
131 190
131 208
131 210
131 214
131 222
131 227
131 236
131 257
131 261
132 116
132 134
132 170
132 185
132 190
132 208
132 210
132 214
132 222
132 227
132 236
132 257
132 261
133 116
133 134
133 185
133 190
133 208
133 210
133 214
133 222
133 227
133 236
133 257
133 261
134 116
134 134
134 190
134 208
134 210
134 214
134 222
134 227
134 236
134 257
134 259
134 261
135 116
135 134
135 190
135 208
135 210
135 214
135 222
135 227
135 236
135 257
135 259
135 261
136 116
136 134
136 172
136 208
136 210
136 214
136 227
136 236
136 257
136 259
136 261
137 116
137 134
137 172
137 198
137 208
137 210
137 227
137 228
137 236
137 257
137 259
137 261
138 198
138 208
138 210
138 227
138 236
138 254
138 257
138 259
138 261
139 189
139 208
139 210
139 227
139 236
139 254
139 257
139 259
139 261
140 160
140 181
140 189
140 208
140 210
140 215
140 227
140 236
140 254
140 257
140 259
140 261
141 160
141 181
141 189
141 208
141 210
141 215
141 236
141 254
141 257
141 259
141 261
142 160
142 181
142 189
142 208
142 215
142 236
142 254
142 257
142 259
142 261
143 160
143 181
143 189
143 208
143 215
143 236
143 254
143 257
143 259
143 261
144 160
144 181
144 189
144 208
144 215
144 236
144 243
144 254
144 257
144 259
144 261
145 160
145 181
145 189
145 208
145 215
145 236
145 243
145 254
145 257
145 259
145 261
146 160
146 181
146 189
146 208
146 215
146 236
146 243
146 254
146 257
146 259
146 261
147 160
147 181
147 189
147 208
147 215
147 236
147 243
147 254
147 259
147 261
148 160
148 181
148 189
148 208
148 215
148 236
148 243
148 254
148 259
148 261
149 160
149 181
149 189
149 197
149 208
149 215
149 236
149 243
149 254
149 259
149 261
150 160
150 181
150 189
150 197
150 208
150 215
150 236
150 243
150 254
150 259
150 261
151 160
151 181
151 189
151 197
151 205
151 208
151 215
151 236
151 243
151 254
151 259
151 261
152 160
152 181
152 189
152 197
152 205
152 208
152 215
152 236
152 243
152 254
152 259
152 261
153 160
153 181
153 189
153 197
153 205
153 208
153 215
153 225
153 236
153 254
153 259
153 261
154 160
154 181
154 189
154 197
154 205
154 208
154 215
154 225
154 236
154 254
154 259
154 261
155 160
155 177
155 181
155 189
155 197
155 205
155 208
155 215
155 217
155 225
155 236
155 254
155 259
155 261
156 160
156 174
156 177
156 181
156 189
156 197
156 205
156 208
156 215
156 217
156 221
156 225
156 236
156 237
156 254
156 259
156 261
157 160
157 174
157 177
157 181
157 189
157 197
157 205
157 208
157 215
157 221
157 225
157 236
157 237
157 254
157 259
157 261
157 262
158 160
158 174
158 177
158 181
158 189
158 197
158 205
158 208
158 215
158 221
158 225
158 236
158 237
158 254
158 259
158 261
158 262
159 160
159 174
159 177
159 181
159 189
159 197
159 205
159 208
159 215
159 225
159 236
159 237
159 254
159 259
159 261
159 262
160 160
160 174
160 177
160 181
160 189
160 197
160 205
160 208
160 215
160 225
160 236
160 237
160 254
160 259
160 261
160 262
161 160
161 174
161 177
161 181
161 189
161 197
161 205
161 208
161 215
161 225
161 236
161 237
161 254
161 259
161 261
161 262
162 160
162 174
162 177
162 181
162 189
162 197
162 205
162 208
162 215
162 225
162 236
162 237
162 254
162 259
162 261
162 262
163 160
163 174
163 177
163 181
163 189
163 197
163 205
163 208
163 215
163 225
163 236
163 237
163 254
163 259
163 262
164 160
164 181
164 189
164 197
164 205
164 208
164 215
164 225
164 236
164 237
164 259
164 262
165 160
165 181
165 189
165 197
165 205
165 208
165 215
165 225
165 236
165 237
165 259
165 262
166 160
166 181
166 189
166 197
166 205
166 208
166 215
166 225
166 236
166 237
166 259
166 262
167 160
167 181
167 189
167 197
167 205
167 208
167 215
167 225
167 236
167 237
167 259
167 262
168 160
168 181
168 189
168 205
168 208
168 215
168 225
168 236
168 237
168 255
168 259
169 160
169 181
169 189
169 205
169 208
169 215
169 225
169 236
169 237
169 255
169 259
170 160
170 181
170 189
170 205
170 208
170 215
170 225
170 236
170 237
170 255
170 259
171 181
171 189
171 205
171 208
171 215
171 225
171 236
171 237
171 255
171 259
172 181
172 189
172 194
172 205
172 208
172 215
172 216
172 225
172 236
172 237
172 255
172 259
173 181
173 189
173 194
173 205
173 208
173 215
173 216
173 225
173 236
173 237
173 255
173 259
174 181
174 189
174 194
174 205
174 208
174 215
174 216
174 225
174 236
174 237
174 255
174 259
175 181
175 189
175 194
175 205
175 208
175 215
175 216
175 225
175 236
175 237
175 255
176 181
176 194
176 205
176 208
176 215
176 216
176 225
176 236
176 237
176 255
177 181
177 194
177 205
177 208
177 215
177 216
177 225
177 237
177 255
178 181
178 194
178 205
178 208
178 215
178 216
178 225
178 237
178 255
179 181
179 194
179 205
179 208
179 215
179 216
179 225
179 237
179 255
180 181
180 194
180 205
180 208
180 215
180 216
180 225
180 237
180 251
180 255
181 181
181 194
181 205
181 208
181 215
181 216
181 225
181 237
181 251
181 255
182 181
182 194
182 208
182 215
182 216
182 225
182 229
182 237
182 251
182 255
183 181
183 194
183 208
183 216
183 225
183 229
183 237
183 251
183 255
184 181
184 194
184 208
184 216
184 225
184 229
184 237
184 251
184 255
185 181
185 194
185 208
185 216
185 225
185 229
185 249
185 251
185 255
186 181
186 194
186 208
186 216
186 225
186 229
186 249
186 251
186 255
187 181
187 194
187 208
187 216
187 225
187 229
187 249
187 251
187 255
188 181
188 194
188 208
188 216
188 225
188 229
188 249
188 251
188 255
189 181
189 194
189 208
189 216
189 225
189 229
189 232
189 249
189 251
189 255
190 181
190 194
190 208
190 216
190 225
190 229
190 232
190 249
190 251
190 255
191 181
191 194
191 208
191 216
191 225
191 229
191 232
191 249
191 251
191 255
192 181
192 194
192 208
192 216
192 225
192 229
192 232
192 249
192 251
192 255
193 194
193 208
193 216
193 225
193 229
193 232
193 238
193 249
193 251
193 255
194 208
194 225
194 229
194 232
194 238
194 248
194 251
194 255
195 208
195 225
195 229
195 232
195 238
195 248
195 251
195 255
196 208
196 225
196 232
196 238
196 248
196 251
197 208
197 225
197 232
197 238
197 248
197 251
198 208
198 225
198 232
198 238
198 248
198 251
199 208
199 225
199 232
199 238
199 248
199 251
200 208
200 225
200 232
200 238
200 248
200 251
201 208
201 225
201 232
201 238
201 248
201 251
201 260
202 208
202 225
202 232
202 248
202 251
202 260
203 208
203 225
203 232
203 248
203 251
203 260
204 208
204 225
204 232
204 248
204 251
204 260
205 208
205 225
205 232
205 233
205 248
205 251
205 260
206 208
206 225
206 232
206 233
206 251
206 260
207 208
207 225
207 232
207 233
207 251
207 260
208 208
208 225
208 232
208 233
208 251
208 260
209 208
209 225
209 232
209 233
209 251
209 260
210 208
210 225
210 232
210 233
210 251
210 260
211 208
211 225
211 232
211 233
211 251
211 260
212 208
212 225
212 232
212 233
212 251
212 260
213 208
213 225
213 232
213 233
213 251
213 260
214 225
214 232
214 233
214 251
214 260
215 225
215 232
215 233
215 251
215 260
216 225
216 232
216 233
216 251
216 260
217 225
217 232
217 233
217 251
217 260
218 225
218 232
218 233
218 251
218 260
219 225
219 232
219 233
219 251
219 260
220 225
220 232
220 233
220 251
220 260
221 225
221 232
221 233
221 251
221 260
222 225
222 232
222 233
222 251
222 260
223 225
223 232
223 233
223 251
223 260
224 225
224 232
224 233
224 251
224 260
225 225
225 232
225 233
225 251
225 260
226 225
226 232
226 233
226 246
226 251
226 260
227 225
227 232
227 233
227 246
227 251
227 260
228 225
228 232
228 233
228 251
228 260
229 225
229 232
229 233
229 251
229 260
230 225
230 232
230 233
230 251
230 260
231 225
231 232
231 233
231 251
231 260
232 225
232 232
232 251
232 253
232 260
233 225
233 232
233 251
233 253
233 260
234 225
234 232
234 251
234 253
234 260
235 225
235 232
235 251
235 253
235 260
236 225
236 232
236 251
236 253
236 260
237 225
237 232
237 251
237 253
237 260
238 225
238 232
238 251
238 253
238 260
239 225
239 232
239 251
239 253
239 260
240 225
240 232
240 251
240 253
240 260
241 225
241 232
241 251
241 253
241 260
242 225
242 232
242 251
242 253
242 260
243 225
243 232
243 251
243 253
243 260
244 225
244 232
244 251
244 253
244 260
245 225
245 232
245 251
245 253
245 260
246 225
246 232
246 251
246 260
247 225
247 232
247 251
247 260
248 225
248 232
248 251
248 260
249 225
249 232
249 251
249 260
250 225
250 232
250 251
250 260
251 225
251 232
251 251
251 260
252 225
252 232
252 251
252 260
253 225
253 251
253 260
254 225
254 251
254 260
255 225
255 251
255 260
256 225
256 251
256 260
257 225
257 251
257 260
258 225
258 251
258 260
259 225
259 251
259 260
260 225
260 251
260 260
261 225
261 251
261 260
262 225
262 251
262 260
