0 12
0 21
0 24
0 34
0 57
0 197
1 19
1 21
1 24
1 34
1 37
1 129
1 197
2 8
2 19
2 21
2 24
2 34
2 101
2 129
2 197
3 5
3 9
3 21
3 24
3 88
3 101
3 129
3 197
4 5
4 9
4 21
4 24
4 88
4 101
4 129
4 197
4 217
5 9
5 21
5 24
5 31
5 43
5 88
5 101
5 129
5 197
5 217
6 13
6 15
6 24
6 31
6 43
6 64
6 71
6 88
6 101
6 197
7 23
7 24
7 31
7 43
7 64
7 71
7 88
7 101
7 197
8 23
8 24
8 31
8 43
8 64
8 71
8 88
8 101
8 197
9 43
9 48
9 54
9 71
9 77
9 88
9 197
9 258
10 43
10 48
10 54
10 71
10 77
10 88
10 197
10 258
11 43
11 48
11 54
11 71
11 77
11 197
11 203
12 48
12 54
12 71
12 77
12 197
12 203
13 48
13 54
13 77
13 197
13 203
14 20
14 50
14 54
14 65
14 77
14 197
14 203
15 20
15 50
15 54
15 65
15 77
15 197
15 203
16 20
16 36
16 50
16 65
16 108
16 165
16 197
16 203
16 225
17 20
17 36
17 50
17 65
17 108
17 165
17 197
17 203
17 225
18 20
18 36
18 50
18 65
18 108
18 165
18 197
18 203
18 225
19 20
19 50
19 65
19 108
19 165
19 197
19 203
19 218
19 225
20 32
20 60
20 65
20 66
20 80
20 83
20 108
20 165
20 173
20 197
20 203
20 218
20 225
20 229
20 256
21 32
21 60
21 65
21 66
21 80
21 83
21 165
21 173
21 197
21 203
21 218
21 225
21 229
21 256
22 27
22 32
22 60
22 63
22 65
22 66
22 80
22 83
22 165
22 173
22 197
22 203
22 218
22 225
22 229
23 27
23 32
23 60
23 63
23 65
23 66
23 80
23 83
23 165
23 173
23 197
23 203
23 218
23 225
23 229
24 32
24 35
24 60
24 63
24 65
24 68
24 76
24 80
24 83
24 85
24 172
24 173
24 197
24 203
24 218
24 225
24 229
24 233
25 32
25 35
25 41
25 60
25 63
25 65
25 68
25 76
25 80
25 83
25 85
25 172
25 173
25 197
25 203
25 218
25 225
25 229
25 233
26 33
26 45
26 76
26 80
26 172
26 173
26 197
26 212
26 218
26 225
26 229
26 233
27 30
27 33
27 76
27 80
27 173
27 197
27 212
27 218
27 225
27 229
27 233
28 30
28 33
28 76
28 80
28 125
28 173
28 197
28 212
28 218
28 225
28 229
28 233
29 30
29 33
29 76
29 125
29 173
29 197
29 212
29 218
29 225
29 229
29 233
30 51
30 76
30 105
30 125
30 173
30 197
30 218
30 225
30 229
31 51
31 76
31 105
31 109
31 125
31 173
31 218
31 225
31 229
32 49
32 51
32 56
32 76
32 105
32 109
32 125
32 173
32 218
32 225
32 229
33 56
33 98
33 104
33 105
33 125
33 173
33 181
33 214
33 225
33 229
34 47
34 56
34 98
34 104
34 105
34 125
34 173
34 181
34 214
34 225
34 229
35 47
35 56
35 98
35 104
35 105
35 125
35 173
35 181
35 214
35 225
35 229
36 47
36 56
36 98
36 104
36 105
36 119
36 125
36 173
36 181
36 214
36 225
36 229
37 47
37 56
37 98
37 104
37 105
37 119
37 125
37 173
37 181
37 214
37 225
37 229
38 47
38 56
38 95
38 98
38 103
38 104
38 105
38 119
38 120
38 125
38 173
38 181
38 214
38 225
38 229
39 47
39 56
39 95
39 98
39 103
39 104
39 105
39 119
39 120
39 125
39 181
39 214
39 225
39 229
40 47
40 56
40 95
40 98
40 104
40 105
40 119
40 125
40 181
40 214
40 225
40 229
41 47
41 56
41 70
41 95
41 98
41 104
41 105
41 119
41 125
41 181
41 214
41 225
41 229
42 47
42 56
42 70
42 95
42 98
42 104
42 105
42 119
42 125
42 181
42 214
42 225
42 229
43 47
43 56
43 70
43 95
43 98
43 104
43 105
43 119
43 125
43 181
43 214
43 225
43 229
44 56
44 70
44 95
44 98
44 104
44 105
44 119
44 125
44 181
44 188
44 214
44 229
45 56
45 70
45 95
45 98
45 104
45 105
45 119
45 125
45 181
45 188
45 214
45 229
46 56
46 70
46 81
46 104
46 105
46 119
46 125
46 179
46 181
46 188
46 214
46 229
46 235
46 246
47 55
47 70
47 81
47 91
47 104
47 111
47 119
47 181
47 188
47 194
47 214
47 229
47 235
47 246
48 55
48 70
48 74
48 81
48 82
48 89
48 91
48 104
48 111
48 119
48 164
48 167
48 181
48 188
48 189
48 194
48 214
48 229
48 235
48 246
48 253
49 55
49 74
49 81
49 82
49 86
49 89
49 91
49 111
49 119
49 164
49 167
49 181
49 188
49 189
49 194
49 214
49 229
49 235
49 246
49 253
50 53
50 55
50 69
50 72
50 74
50 81
50 82
50 86
50 89
50 91
50 111
50 119
50 154
50 159
50 164
50 167
50 181
50 188
50 189
50 194
50 214
50 229
50 235
50 246
50 253
51 55
51 72
51 74
51 81
51 82
51 86
51 89
51 91
51 111
51 119
51 154
51 159
51 164
51 167
51 181
51 188
51 189
51 194
51 214
51 229
51 235
51 246
51 253
52 55
52 72
52 74
52 81
52 82
52 86
52 89
52 91
52 111
52 119
52 154
52 159
52 164
52 167
52 181
52 188
52 189
52 194
52 214
52 229
52 235
52 246
52 253
53 72
53 74
53 81
53 86
53 89
53 91
53 111
53 119
53 121
53 124
53 154
53 159
53 164
53 167
53 181
53 189
53 194
53 196
53 214
53 229
53 235
53 246
53 253
54 61
54 74
54 81
54 111
54 119
54 121
54 122
54 124
54 126
54 127
54 154
54 159
54 164
54 167
54 181
54 189
54 194
54 196
54 229
54 235
54 246
54 253
55 59
55 61
55 99
55 102
55 115
55 121
55 122
55 124
55 126
55 127
55 133
55 144
55 157
55 164
55 167
55 181
55 189
55 194
55 196
55 229
55 235
55 246
55 253
56 59
56 61
56 67
56 99
56 102
56 115
56 121
56 122
56 124
56 126
56 127
56 133
56 144
56 157
56 164
56 181
56 189
56 194
56 196
56 229
56 235
56 246
56 253
57 61
57 67
57 99
57 102
57 115
57 121
57 122
57 124
57 126
57 127
57 133
57 144
57 157
57 164
57 181
57 189
57 194
57 196
57 229
57 235
57 246
57 253
58 61
58 67
58 99
58 102
58 115
58 121
58 122
58 124
58 126
58 127
58 144
58 157
58 181
58 198
58 229
58 235
58 246
58 253
59 61
59 67
59 92
59 102
59 115
59 117
59 121
59 122
59 124
59 126
59 127
59 144
59 157
59 177
59 181
59 198
59 230
59 235
59 236
59 246
59 253
60 61
60 67
60 92
60 102
60 115
60 117
60 121
60 122
60 124
60 126
60 127
60 144
60 157
60 177
60 181
60 198
60 230
60 235
60 236
60 246
60 253
61 61
61 67
61 92
61 102
61 115
61 117
61 121
61 122
61 124
61 126
61 144
61 157
61 177
61 181
61 198
61 230
61 235
61 236
61 246
61 253
62 61
62 67
62 92
62 102
62 115
62 117
62 121
62 122
62 124
62 126
62 157
62 177
62 181
62 198
62 230
62 235
62 236
62 246
63 61
63 67
63 92
63 115
63 117
63 122
63 124
63 126
63 157
63 163
63 177
63 181
63 198
63 230
63 235
63 236
63 246
64 61
64 79
64 92
64 115
64 117
64 122
64 124
64 126
64 157
64 163
64 175
64 177
64 181
64 183
64 230
64 235
64 236
64 242
64 246
65 61
65 79
65 117
65 122
65 124
65 126
65 157
65 163
65 175
65 177
65 181
65 183
65 230
65 235
65 236
65 242
65 246
66 61
66 79
66 117
66 126
66 157
66 163
66 175
66 177
66 181
66 183
66 230
66 235
66 236
66 242
66 246
67 61
67 79
67 96
67 117
67 126
67 157
67 163
67 175
67 177
67 181
67 200
67 230
67 235
67 236
67 246
68 96
68 117
68 126
68 139
68 157
68 175
68 200
68 230
68 235
68 236
68 246
69 96
69 106
69 117
69 126
69 139
69 157
69 175
69 200
69 230
69 235
69 236
69 246
69 254
70 96
70 106
70 117
70 126
70 139
70 157
70 175
70 200
70 230
70 235
70 236
70 246
70 254
71 75
71 96
71 106
71 117
71 126
71 139
71 157
71 175
71 200
71 230
71 235
71 236
71 246
71 254
72 75
72 78
72 96
72 106
72 117
72 126
72 139
72 157
72 175
72 200
72 205
72 230
72 235
72 236
72 246
72 254
72 262
73 75
73 78
73 94
73 96
73 106
73 117
73 139
73 155
73 157
73 175
73 200
73 205
73 206
73 230
73 235
73 236
73 246
73 254
73 262
74 75
74 78
74 94
74 96
74 106
74 117
74 155
74 157
74 175
74 200
74 205
74 206
74 230
74 235
74 236
74 246
74 254
74 262
75 75
75 78
75 94
75 96
75 106
75 117
75 157
75 175
75 200
75 206
75 230
75 235
75 236
75 254
76 78
76 93
76 94
76 96
76 100
76 117
76 157
76 175
76 200
76 206
76 230
76 236
76 248
76 254
77 94
77 96
77 100
77 117
77 157
77 175
77 200
77 206
77 230
77 236
77 254
78 94
78 96
78 117
78 157
78 175
78 185
78 200
78 230
78 236
78 254
79 94
79 96
79 117
79 157
79 175
79 185
79 200
79 230
79 236
79 254
80 94
80 96
80 117
80 142
80 157
80 175
80 185
80 200
80 230
80 236
80 254
81 94
81 96
81 117
81 142
81 157
81 175
81 185
81 200
81 236
81 254
82 87
82 94
82 96
82 117
82 157
82 185
82 200
82 201
82 222
82 236
82 254
83 87
83 94
83 96
83 112
83 117
83 157
83 185
83 200
83 201
83 222
83 236
83 254
84 87
84 94
84 96
84 112
84 117
84 157
84 185
84 200
84 201
84 222
84 236
84 254
85 87
85 96
85 112
85 117
85 157
85 185
85 200
85 201
85 222
85 236
85 254
86 87
86 96
86 112
86 117
86 143
86 151
86 157
86 185
86 200
86 201
86 222
86 236
86 254
87 96
87 97
87 110
87 143
87 151
87 157
87 185
87 200
87 222
87 223
87 236
87 254
88 96
88 97
88 110
88 143
88 151
88 157
88 185
88 200
88 222
88 223
88 236
88 254
89 96
89 97
89 110
89 143
89 151
89 157
89 185
89 200
89 222
89 223
89 236
89 239
89 254
90 96
90 97
90 110
90 151
90 157
90 185
90 200
90 223
90 236
90 239
90 254
91 96
91 97
91 110
91 151
91 157
91 185
91 200
91 223
91 236
91 239
91 254
92 96
92 97
92 110
92 114
92 123
92 151
92 156
92 157
92 185
92 187
92 223
92 232
92 236
92 239
92 252
92 254
93 96
93 97
93 110
93 123
93 151
93 223
93 232
93 234
93 236
93 239
93 252
93 254
94 97
94 110
94 123
94 151
94 223
94 232
94 234
94 236
94 239
94 252
94 254
95 97
95 110
95 123
95 151
95 152
95 223
95 234
95 236
95 239
95 252
95 254
96 97
96 110
96 123
96 151
96 152
96 223
96 234
96 236
96 239
96 252
96 254
97 97
97 110
97 123
97 151
97 223
97 234
97 236
97 239
97 252
97 254
98 118
98 123
98 234
98 239
98 254
99 118
99 123
99 234
99 239
99 254
100 123
100 234
100 239
100 254
101 107
101 234
101 239
101 254
102 107
102 234
102 239
102 254
103 134
103 234
103 239
103 254
104 131
104 134
104 162
104 169
104 234
104 239
105 131
105 134
105 169
105 234
105 239
106 131
106 134
106 169
106 234
106 239
107 128
107 131
107 134
107 137
107 169
107 195
107 234
107 239
108 128
108 131
108 134
108 137
108 169
108 195
108 234
108 239
109 128
109 131
109 134
109 137
109 169
109 195
109 234
109 239
110 128
110 131
110 134
110 137
110 174
110 195
110 219
110 234
110 239
111 128
111 131
111 134
111 137
111 174
111 195
111 219
111 234
111 239
112 128
112 131
112 134
112 137
112 174
112 195
112 219
112 234
112 239
113 128
113 131
113 134
113 137
113 174
113 195
113 219
113 234
113 239
114 128
114 131
114 132
114 134
114 137
114 174
114 195
114 219
114 234
114 239
115 128
115 131
115 132
115 134
115 137
115 174
115 195
115 219
115 234
115 239
116 128
116 131
116 132
116 134
116 137
116 174
116 195
116 213
116 219
116 231
116 234
116 237
116 239
117 131
117 132
117 134
117 137
117 148
117 174
117 195
117 213
117 219
117 231
117 234
117 237
117 239
118 131
118 132
118 134
118 137
118 148
118 160
118 174
118 195
118 213
118 219
118 231
118 234
118 237
118 239
119 131
119 132
119 134
119 137
119 138
119 148
119 174
119 213
119 219
119 231
119 234
119 237
119 239
119 247
119 259
120 131
120 132
120 134
120 137
120 138
120 145
120 148
120 153
120 174
120 213
120 231
120 234
120 237
120 239
120 245
120 247
120 259
121 131
121 132
121 134
121 137
121 138
121 145
121 148
121 153
121 174
121 213
121 231
121 234
121 237
121 239
121 245
121 247
121 259
122 131
122 132
122 134
122 137
122 138
122 145
122 148
122 153
122 174
122 213
122 231
122 234
122 237
122 239
122 245
122 247
122 259
123 131
123 132
123 134
123 137
123 138
123 145
123 148
123 153
123 168
123 174
123 213
123 231
123 234
123 237
123 239
123 245
123 247
123 259
124 131
124 132
124 134
124 137
124 138
124 145
124 146
124 148
124 153
124 174
124 213
124 231
124 234
124 239
124 245
124 247
124 259
125 130
125 131
125 132
125 134
125 137
125 138
125 141
125 145
125 148
125 153
125 174
125 213
125 231
125 234
125 239
125 245
125 247
125 259
126 130
126 131
126 132
126 137
126 138
126 145
126 148
126 153
126 174
126 231
126 234
126 239
126 245
126 247
126 259
127 130
127 132
127 137
127 138
127 140
127 145
127 148
127 153
127 184
127 231
127 234
127 239
127 245
127 247
127 259
128 130
128 132
128 138
128 140
128 145
128 148
128 153
128 184
128 231
128 234
128 239
128 245
128 247
128 259
129 130
129 132
129 138
129 140
129 145
129 148
129 153
129 184
129 231
129 234
129 239
129 245
129 247
129 259
130 130
130 132
130 138
130 140
130 145
130 148
130 153
130 231
130 234
130 239
130 245
130 259
131 130
131 138
131 140
131 145
131 148
131 231
131 234
131 239
131 259
132 130
132 138
132 140
132 145
132 148
132 231
132 234
132 239
132 259
133 130
133 138
133 140
133 145
133 148
133 231
133 234
133 239
133 259
134 130
134 136
134 138
134 140
134 145
134 150
134 180
134 231
134 234
134 239
134 259
135 130
135 136
135 138
135 140
135 145
135 180
135 231
135 239
135 259
136 136
136 138
136 140
136 145
136 180
136 204
136 231
136 239
136 259
137 138
137 140
137 145
137 180
137 204
137 231
137 239
137 259
138 138
138 140
138 145
138 180
138 204
138 231
138 239
138 259
139 138
139 140
139 145
139 180
139 204
139 231
139 239
139 259
140 138
140 140
140 145
140 180
140 204
140 231
140 239
140 259
141 138
141 140
141 145
141 170
141 180
141 204
141 231
141 239
141 251
141 259
142 138
142 140
142 145
142 149
142 170
142 180
142 204
142 211
142 231
142 239
142 251
142 259
142 260
143 138
143 140
143 145
143 149
143 170
143 180
143 204
143 211
143 231
143 239
143 251
143 259
143 260
144 138
144 140
144 145
144 149
144 170
144 178
144 180
144 204
144 211
144 231
144 239
144 251
144 259
144 260
145 138
145 140
145 145
145 149
145 161
145 170
145 178
145 180
145 204
145 211
145 231
145 239
145 243
145 251
145 259
145 260
146 138
146 140
146 145
146 149
146 158
146 161
146 170
146 178
146 204
146 211
146 231
146 239
146 243
146 249
146 251
146 259
146 260
147 138
147 140
147 145
147 149
147 158
147 161
147 170
147 178
147 204
147 211
147 231
147 239
147 243
147 249
147 251
147 259
147 260
148 138
148 145
148 158
148 161
148 170
148 204
148 209
148 211
148 231
148 239
148 243
148 244
148 249
148 251
148 259
148 260
149 138
149 145
149 158
149 161
149 170
149 204
149 209
149 211
149 231
149 239
149 243
149 244
149 249
149 251
149 259
149 260
150 138
150 145
150 158
150 161
150 170
150 204
150 209
150 211
150 231
150 239
150 243
150 244
150 249
150 251
150 259
150 260
151 138
151 145
151 158
151 161
151 170
151 204
151 209
151 211
151 231
151 239
151 243
151 244
151 249
151 251
151 259
151 260
152 145
152 158
152 161
152 170
152 204
152 209
152 231
152 239
152 243
152 244
152 249
152 251
152 259
152 260
153 145
153 161
153 170
153 204
153 209
153 231
153 239
153 243
153 244
153 249
153 251
153 259
153 260
154 145
154 161
154 170
154 204
154 209
154 220
154 231
154 239
154 243
154 244
154 249
154 251
154 259
154 260
155 145
155 161
155 170
155 171
155 204
155 209
155 220
155 231
155 239
155 243
155 244
155 249
155 251
155 259
155 260
156 145
156 161
156 170
156 171
156 192
156 204
156 209
156 220
156 231
156 239
156 243
156 244
156 249
156 251
156 259
157 145
157 161
157 170
157 171
157 192
157 204
157 209
157 220
157 239
157 243
157 244
157 249
157 251
157 259
158 145
158 161
158 170
158 171
158 192
158 204
158 209
158 220
158 239
158 243
158 244
158 249
158 251
158 259
159 145
159 161
159 170
159 171
159 192
159 193
159 204
159 209
159 220
159 239
159 243
159 244
159 249
159 259
160 145
160 161
160 170
160 171
160 192
160 193
160 204
160 209
160 220
160 239
160 243
160 244
160 249
160 259
161 161
161 166
161 170
161 171
161 182
161 192
161 204
161 209
161 220
161 239
161 243
161 244
161 259
162 161
162 166
162 170
162 171
162 182
162 192
162 204
162 209
162 220
162 239
162 243
162 244
162 259
163 161
163 166
163 170
163 171
163 182
163 192
163 204
163 220
163 239
163 243
163 244
163 259
164 161
164 166
164 170
164 171
164 182
164 192
164 204
164 220
164 239
164 243
164 244
164 259
165 161
165 166
165 171
165 182
165 192
165 204
165 220
165 239
165 244
165 259
166 161
166 166
166 182
166 192
166 204
166 220
166 239
166 244
166 259
167 161
167 166
167 182
167 192
167 204
167 220
167 239
167 259
168 161
168 166
168 182
168 186
168 192
168 204
168 220
168 239
168 259
169 161
169 182
169 186
169 192
169 204
169 220
169 239
169 259
170 161
170 182
170 186
170 204
170 220
170 259
171 161
171 182
171 186
171 204
171 220
171 259
172 161
172 186
172 220
172 226
172 259
173 161
173 186
173 220
173 226
173 259
174 161
174 186
174 220
174 226
174 259
175 161
175 176
175 186
175 208
175 220
175 259
176 161
176 176
176 186
176 208
176 220
176 241
176 259
177 176
177 186
177 208
177 220
177 241
177 259
178 186
178 208
178 220
178 241
178 259
179 186
179 208
179 220
179 241
179 259
180 186
180 191
180 208
180 220
180 241
180 259
181 186
181 191
181 208
181 220
181 241
181 259
182 186
182 208
182 241
182 259
183 186
183 208
183 241
183 259
184 186
184 208
184 210
184 259
185 186
185 208
185 210
185 259
186 186
186 208
186 210
186 215
186 259
187 186
187 208
187 210
187 215
187 259
188 186
188 208
188 210
188 215
188 259
189 186
189 208
189 210
189 215
189 259
190 186
190 207
190 208
190 210
190 215
190 221
190 259
191 207
191 208
191 210
191 215
191 221
191 259
192 207
192 208
192 210
192 215
192 221
192 259
193 207
193 208
193 210
193 215
193 221
193 259
194 207
194 208
194 210
194 215
194 221
194 259
195 207
195 210
195 215
195 221
196 207
196 210
196 215
196 221
197 210
197 215
197 221
198 215
199 215
201 228
202 228
203 228
204 228
205 228
206 228
207 228
208 228
209 228
210 216
210 228
211 216
211 228
212 216
212 228
212 261
213 216
213 228
213 261
214 216
214 228
214 261
215 228
215 250
215 261
216 228
216 250
216 261
217 228
217 250
217 261
218 228
218 250
218 261
219 228
219 250
219 261
220 228
220 240
220 250
220 261
221 228
221 240
221 250
221 261
222 240
222 250
222 261
223 238
223 240
223 250
223 261
224 238
224 240
224 250
224 261
225 238
225 240
225 250
225 261
226 238
226 240
226 250
226 255
226 261
227 238
227 240
227 250
227 255
227 257
227 261
228 238
228 240
228 250
228 255
228 257
228 261
229 238
229 240
229 250
229 255
229 257
230 238
230 240
230 250
230 255
230 257
231 238
231 240
231 250
231 255
231 257
232 238
232 250
232 255
232 257
233 238
233 250
233 255
233 257
234 250
234 257
235 250
235 257
236 250
236 257
237 250
237 257
238 250
238 257
239 250
239 257
240 250
240 257
241 257
242 257
243 257
244 257
245 257
246 257
247 257
248 257
249 257
250 257
251 257
252 257
253 257
254 257
255 257
256 257
257 257
258 257
259 257
260 257
261 257
262 257
