0 8
0 11
0 29
0 88
1 3
1 16
1 26
1 65
1 88
1 94
1 115
1 156
1 165
2 3
2 16
2 26
2 65
2 88
2 94
2 115
2 156
2 165
3 16
3 17
3 26
3 65
3 88
3 94
3 115
3 148
3 156
3 165
4 16
4 17
4 26
4 65
4 88
4 94
4 115
4 148
4 156
4 165
5 16
5 17
5 26
5 33
5 37
5 55
5 65
5 88
5 94
5 115
5 148
5 156
5 165
6 9
6 20
6 23
6 26
6 33
6 37
6 55
6 56
6 65
6 88
6 94
6 102
6 115
6 144
6 145
6 148
6 156
7 9
7 20
7 23
7 26
7 28
7 33
7 36
7 37
7 55
7 65
7 83
7 88
7 94
7 102
7 115
7 144
7 145
7 148
7 156
8 19
8 20
8 26
8 33
8 36
8 65
8 72
8 83
8 88
8 94
8 102
8 115
8 144
8 145
8 148
8 149
8 156
9 19
9 20
9 24
9 33
9 36
9 65
9 72
9 83
9 88
9 94
9 102
9 115
9 144
9 145
9 148
9 149
9 156
10 19
10 20
10 24
10 33
10 36
10 72
10 83
10 88
10 94
10 102
10 115
10 144
10 145
10 148
10 149
10 156
11 19
11 24
11 27
11 33
11 36
11 83
11 88
11 94
11 102
11 115
11 144
11 145
11 148
11 149
11 156
12 19
12 24
12 27
12 33
12 36
12 83
12 88
12 94
12 102
12 115
12 144
12 145
12 148
12 149
12 156
13 19
13 21
13 24
13 27
13 33
13 36
13 83
13 88
13 94
13 102
13 115
13 144
13 145
13 148
13 149
13 156
14 19
14 22
14 31
14 33
14 46
14 62
14 63
14 75
14 83
14 87
14 88
14 94
14 102
14 115
14 132
14 144
14 145
14 148
14 149
14 152
14 156
14 161
14 167
15 19
15 22
15 31
15 33
15 46
15 62
15 63
15 75
15 83
15 87
15 88
15 94
15 102
15 115
15 132
15 144
15 145
15 148
15 149
15 152
15 156
15 161
15 167
16 19
16 22
16 31
16 33
16 44
16 46
16 62
16 63
16 75
16 83
16 87
16 88
16 94
16 102
16 115
16 132
16 144
16 145
16 148
16 149
16 152
16 156
16 161
16 167
17 19
17 22
17 31
17 33
17 44
17 46
17 62
17 63
17 75
17 83
17 87
17 88
17 94
17 102
17 115
17 132
17 144
17 148
17 149
17 152
17 156
17 161
17 167
18 22
18 30
18 32
18 33
18 40
18 44
18 46
18 59
18 63
18 74
18 77
18 87
18 102
18 115
18 132
18 144
18 148
18 149
18 152
18 156
18 161
18 167
18 211
18 244
19 22
19 30
19 32
19 33
19 40
19 46
19 59
19 63
19 74
19 77
19 79
19 87
19 102
19 115
19 132
19 144
19 148
19 149
19 152
19 156
19 161
19 167
19 177
19 211
19 244
20 22
20 30
20 32
20 33
20 40
20 46
20 59
20 63
20 74
20 77
20 79
20 87
20 102
20 115
20 132
20 144
20 148
20 149
20 152
20 156
20 161
20 167
20 177
20 211
20 244
21 32
21 33
21 40
21 46
21 59
21 63
21 74
21 77
21 79
21 87
21 101
21 102
21 115
21 132
21 144
21 148
21 149
21 152
21 156
21 157
21 161
21 167
21 177
21 211
21 244
22 33
22 40
22 46
22 59
22 63
22 74
22 77
22 79
22 87
22 92
22 101
22 102
22 115
22 122
22 125
22 132
22 144
22 148
22 149
22 152
22 156
22 157
22 161
22 167
22 177
22 211
22 244
23 33
23 40
23 46
23 59
23 63
23 74
23 77
23 79
23 87
23 92
23 101
23 102
23 115
23 122
23 125
23 132
23 144
23 148
23 149
23 152
23 156
23 157
23 161
23 167
23 177
23 211
23 244
24 33
24 40
24 46
24 59
24 63
24 74
24 77
24 79
24 87
24 92
24 101
24 102
24 115
24 122
24 125
24 132
24 144
24 148
24 149
24 152
24 156
24 157
24 161
24 167
24 177
24 211
24 244
25 43
25 46
25 59
25 63
25 74
25 77
25 79
25 87
25 92
25 101
25 110
25 115
25 122
25 125
25 132
25 144
25 148
25 149
25 152
25 156
25 157
25 161
25 167
25 177
25 211
25 244
26 34
26 48
26 59
26 69
26 74
26 77
26 79
26 81
26 87
26 92
26 101
26 110
26 115
26 122
26 125
26 148
26 149
26 152
26 153
26 156
26 157
26 167
26 177
26 211
26 244
27 34
27 38
27 48
27 59
27 69
27 74
27 77
27 79
27 81
27 86
27 87
27 92
27 101
27 110
27 115
27 120
27 122
27 125
27 148
27 149
27 152
27 153
27 156
27 157
27 167
27 177
27 211
27 236
27 244
28 38
28 48
28 59
28 69
28 74
28 77
28 79
28 81
28 86
28 87
28 92
28 101
28 109
28 110
28 115
28 120
28 122
28 125
28 148
28 149
28 152
28 153
28 156
28 157
28 167
28 170
28 177
28 211
28 236
28 244
29 38
29 48
29 59
29 68
29 69
29 74
29 77
29 79
29 81
29 86
29 87
29 92
29 101
29 109
29 110
29 115
29 120
29 122
29 125
29 148
29 149
29 152
29 153
29 156
29 157
29 167
29 170
29 177
29 203
29 211
29 236
29 244
30 38
30 48
30 59
30 68
30 69
30 74
30 77
30 79
30 81
30 86
30 87
30 92
30 101
30 109
30 110
30 115
30 120
30 122
30 125
30 148
30 149
30 152
30 153
30 156
30 157
30 167
30 170
30 177
30 203
30 211
30 236
30 244
31 38
31 48
31 59
31 68
31 69
31 74
31 77
31 79
31 80
31 81
31 86
31 87
31 92
31 101
31 109
31 110
31 115
31 120
31 122
31 125
31 126
31 148
31 149
31 152
31 153
31 156
31 157
31 167
31 170
31 177
31 203
31 211
31 236
31 244
32 38
32 48
32 49
32 52
32 68
32 69
32 74
32 77
32 79
32 80
32 81
32 86
32 87
32 101
32 109
32 110
32 115
32 120
32 122
32 125
32 126
32 148
32 149
32 152
32 153
32 156
32 157
32 167
32 170
32 177
32 203
32 211
32 236
32 244
33 38
33 48
33 49
33 52
33 68
33 74
33 77
33 79
33 80
33 81
33 86
33 87
33 104
33 109
33 110
33 115
33 125
33 126
33 148
33 149
33 152
33 153
33 156
33 157
33 167
33 170
33 175
33 177
33 189
33 203
33 211
33 236
33 244
34 49
34 52
34 74
34 77
34 80
34 81
34 87
34 109
34 115
34 118
34 125
34 126
34 140
34 148
34 149
34 152
34 156
34 167
34 170
34 175
34 189
34 203
34 211
34 236
34 244
34 261
35 39
35 42
35 49
35 52
35 64
35 71
35 74
35 77
35 80
35 81
35 87
35 109
35 114
35 115
35 125
35 126
35 140
35 148
35 149
35 152
35 156
35 167
35 170
35 203
35 211
35 213
35 236
35 244
35 260
35 261
36 39
36 42
36 49
36 52
36 64
36 71
36 74
36 77
36 80
36 81
36 87
36 109
36 114
36 115
36 125
36 126
36 140
36 148
36 149
36 152
36 156
36 167
36 170
36 211
36 213
36 236
36 242
36 244
36 260
36 261
37 39
37 42
37 49
37 52
37 64
37 71
37 74
37 77
37 80
37 81
37 87
37 109
37 114
37 115
37 125
37 126
37 140
37 148
37 149
37 152
37 156
37 167
37 169
37 170
37 211
37 213
37 236
37 242
37 244
37 260
37 261
38 42
38 49
38 52
38 64
38 71
38 77
38 78
38 80
38 87
38 114
38 125
38 126
38 137
38 140
38 149
38 152
38 156
38 167
38 169
38 170
38 178
38 195
38 209
38 211
38 213
38 233
38 236
38 242
38 244
38 260
38 261
38 262
39 42
39 49
39 52
39 64
39 71
39 77
39 78
39 80
39 87
39 114
39 125
39 126
39 137
39 140
39 149
39 152
39 156
39 167
39 169
39 170
39 178
39 195
39 209
39 211
39 213
39 233
39 236
39 242
39 244
39 260
39 261
39 262
40 47
40 49
40 53
40 61
40 71
40 77
40 78
40 87
40 112
40 114
40 126
40 127
40 137
40 140
40 143
40 149
40 152
40 158
40 167
40 169
40 170
40 172
40 178
40 180
40 195
40 209
40 211
40 213
40 218
40 233
40 242
40 244
40 260
40 261
41 49
41 53
41 71
41 77
41 78
41 87
41 111
41 112
41 114
41 126
41 127
41 137
41 140
41 143
41 149
41 152
41 158
41 167
41 169
41 170
41 172
41 178
41 195
41 211
41 213
41 218
41 219
41 242
41 244
41 260
41 261
42 49
42 50
42 71
42 78
42 111
42 112
42 114
42 126
42 127
42 137
42 140
42 141
42 143
42 149
42 152
42 158
42 167
42 169
42 170
42 172
42 178
42 195
42 213
42 218
42 219
42 242
42 244
42 260
43 49
43 71
43 78
43 111
43 112
43 114
43 126
43 137
43 140
43 141
43 149
43 152
43 158
43 167
43 170
43 172
43 178
43 195
43 213
43 218
43 219
43 242
43 244
43 260
44 49
44 71
44 78
44 111
44 112
44 114
44 126
44 136
44 137
44 140
44 141
44 149
44 152
44 158
44 167
44 170
44 172
44 178
44 195
44 213
44 218
44 219
44 242
44 244
44 260
45 49
45 71
45 78
45 111
45 112
45 114
45 126
45 136
45 137
45 140
45 141
45 149
45 152
45 158
45 167
45 170
45 172
45 178
45 195
45 213
45 218
45 219
45 242
45 244
45 260
46 49
46 71
46 78
46 111
46 112
46 114
46 126
46 136
46 137
46 140
46 141
46 149
46 152
46 158
46 167
46 170
46 172
46 178
46 195
46 213
46 218
46 219
46 242
46 244
46 260
47 49
47 78
47 111
47 112
47 114
47 126
47 136
47 137
47 140
47 141
47 149
47 152
47 167
47 170
47 172
47 178
47 195
47 200
47 219
47 242
47 244
47 260
48 49
48 54
48 78
48 112
48 114
48 126
48 136
48 137
48 140
48 141
48 149
48 152
48 170
48 172
48 178
48 195
48 200
48 219
48 242
48 244
48 260
49 54
49 67
49 78
49 84
49 112
49 117
49 129
49 136
49 137
49 140
49 141
49 146
49 147
49 152
49 170
49 178
49 195
49 200
49 219
49 234
49 238
49 242
49 244
49 260
50 60
50 67
50 78
50 84
50 112
50 117
50 129
50 136
50 137
50 140
50 141
50 146
50 147
50 152
50 170
50 178
50 195
50 200
50 219
50 234
50 238
50 242
50 244
50 260
51 60
51 67
51 78
51 84
51 96
51 112
51 117
51 121
51 136
51 137
51 140
51 141
51 146
51 152
51 170
51 178
51 195
51 196
51 200
51 219
51 234
51 238
51 242
51 260
52 60
52 67
52 78
52 84
52 89
52 96
52 97
52 108
52 112
52 117
52 121
52 136
52 137
52 140
52 141
52 146
52 152
52 170
52 178
52 196
52 200
52 214
52 219
52 234
52 238
52 242
52 252
52 260
53 60
53 67
53 78
53 84
53 89
53 97
53 108
53 112
53 113
53 117
53 121
53 134
53 136
53 137
53 140
53 141
53 146
53 152
53 170
53 178
53 196
53 200
53 214
53 219
53 234
53 238
53 242
53 252
54 60
54 67
54 78
54 84
54 89
54 97
54 108
54 112
54 113
54 117
54 134
54 136
54 137
54 140
54 141
54 146
54 152
54 170
54 178
54 196
54 200
54 214
54 219
54 234
54 238
54 242
54 252
55 67
55 70
55 78
55 82
55 84
55 89
55 97
55 108
55 112
55 113
55 117
55 134
55 136
55 137
55 140
55 141
55 146
55 152
55 170
55 178
55 196
55 200
55 214
55 219
55 234
55 238
55 242
55 252
56 67
56 70
56 78
56 82
56 84
56 89
56 97
56 108
56 112
56 113
56 117
56 134
56 136
56 137
56 140
56 141
56 146
56 152
56 178
56 192
56 196
56 200
56 214
56 219
56 234
56 238
56 242
56 252
57 67
57 70
57 73
57 78
57 82
57 84
57 89
57 97
57 108
57 112
57 113
57 117
57 134
57 136
57 137
57 140
57 141
57 146
57 152
57 178
57 192
57 196
57 200
57 214
57 219
57 234
57 238
57 242
57 252
58 67
58 70
58 73
58 78
58 82
58 84
58 89
58 97
58 108
58 112
58 113
58 117
58 134
58 136
58 137
58 140
58 141
58 146
58 152
58 178
58 192
58 196
58 200
58 214
58 219
58 234
58 238
58 242
58 252
59 66
59 82
59 84
59 97
59 108
59 112
59 113
59 134
59 136
59 137
59 141
59 146
59 151
59 152
59 159
59 168
59 178
59 188
59 192
59 196
59 200
59 214
59 219
59 234
59 238
59 242
59 252
60 66
60 82
60 84
60 113
60 134
60 135
60 136
60 151
60 155
60 159
60 168
60 178
60 182
60 188
60 192
60 196
60 200
60 214
60 219
60 234
60 242
60 248
60 252
61 66
61 82
61 113
61 134
61 135
61 136
61 151
61 155
61 159
61 168
61 178
61 181
61 182
61 188
61 192
61 196
61 200
61 214
61 219
61 234
61 242
61 248
61 252
62 66
62 82
62 134
62 135
62 136
62 151
62 155
62 159
62 168
62 178
62 181
62 182
62 188
62 192
62 196
62 200
62 214
62 219
62 234
62 242
62 248
62 252
63 66
63 82
63 90
63 91
63 131
63 134
63 135
63 136
63 155
63 168
63 178
63 181
63 182
63 188
63 192
63 196
63 200
63 207
63 214
63 219
63 234
63 242
63 248
63 252
64 66
64 90
64 91
64 131
64 134
64 135
64 155
64 168
64 178
64 181
64 182
64 188
64 192
64 196
64 200
64 207
64 214
64 219
64 234
64 242
64 248
64 252
65 66
65 90
65 91
65 131
65 134
65 135
65 155
65 168
65 178
65 181
65 182
65 188
65 192
65 196
65 200
65 207
65 214
65 219
65 234
65 242
65 248
65 252
66 66
66 90
66 91
66 131
66 134
66 135
66 155
66 168
66 178
66 181
66 182
66 188
66 192
66 196
66 200
66 207
66 214
66 219
66 234
66 242
66 248
66 252
67 91
67 95
67 107
67 135
67 155
67 168
67 178
67 181
67 182
67 188
67 192
67 196
67 200
67 207
67 214
67 219
67 234
67 242
67 252
68 91
68 95
68 99
68 107
68 135
68 155
68 178
68 181
68 182
68 188
68 192
68 196
68 200
68 207
68 214
68 219
68 234
68 242
68 252
69 91
69 95
69 107
69 128
69 155
69 178
69 181
69 188
69 192
69 196
69 200
69 207
69 214
69 219
69 234
69 242
69 252
70 91
70 95
70 107
70 128
70 155
70 178
70 181
70 188
70 192
70 196
70 200
70 207
70 214
70 219
70 234
70 242
70 252
71 91
71 95
71 107
71 128
71 155
71 178
71 181
71 188
71 192
71 196
71 200
71 207
71 214
71 219
71 234
71 242
71 252
72 76
72 91
72 95
72 107
72 128
72 155
72 178
72 181
72 188
72 192
72 196
72 200
72 207
72 214
72 219
72 234
72 242
72 252
73 76
73 91
73 128
73 155
73 178
73 188
73 192
73 196
73 198
73 200
73 214
73 219
73 234
73 242
73 252
74 76
74 91
74 128
74 139
74 162
74 178
74 188
74 190
74 196
74 198
74 219
74 234
74 242
74 252
75 76
75 116
75 128
75 139
75 162
75 178
75 188
75 219
75 234
75 242
75 252
76 76
76 116
76 128
76 139
76 162
76 178
76 188
76 219
76 234
76 242
76 252
77 76
77 116
77 128
77 139
77 162
77 178
77 188
77 219
77 234
77 242
77 252
78 76
78 116
78 128
78 139
78 162
78 178
78 188
78 219
78 234
78 242
78 252
79 76
79 116
79 128
79 139
79 162
79 178
79 188
79 219
79 234
79 242
79 252
80 76
80 116
80 128
80 139
80 162
80 178
80 188
80 219
80 234
80 242
80 252
81 76
81 100
81 116
81 128
81 139
81 162
81 178
81 188
81 219
81 234
81 242
81 252
82 76
82 100
82 116
82 128
82 139
82 162
82 178
82 188
82 219
82 234
82 242
82 252
83 76
83 100
83 116
83 128
83 139
83 162
83 178
83 188
83 219
83 234
83 242
83 252
84 76
84 100
84 116
84 128
84 139
84 162
84 178
84 188
84 219
84 234
84 242
84 252
85 76
85 100
85 116
85 128
85 139
85 162
85 178
85 219
85 234
85 242
85 252
86 76
86 100
86 116
86 128
86 139
86 162
86 178
86 219
86 234
86 242
86 252
87 76
87 100
87 116
87 128
87 139
87 162
87 178
87 219
87 234
87 242
87 252
88 100
88 116
88 128
88 139
88 162
88 178
88 219
88 234
88 242
88 252
89 100
89 116
89 128
89 139
89 162
89 178
89 219
89 234
89 242
89 252
90 100
90 116
90 128
90 139
90 162
90 178
90 219
90 234
90 242
90 252
91 100
91 116
91 128
91 139
91 162
91 178
91 219
91 234
91 242
91 252
92 100
92 116
92 119
92 128
92 139
92 150
92 154
92 162
92 178
92 197
92 219
92 234
92 242
92 252
92 254
93 100
93 116
93 119
93 128
93 139
93 150
93 154
93 162
93 178
93 193
93 197
93 219
93 234
93 252
93 254
94 100
94 103
94 106
94 116
94 119
94 128
94 139
94 150
94 154
94 162
94 184
94 193
94 197
94 217
94 219
94 234
94 253
94 254
95 100
95 103
95 106
95 116
95 119
95 123
95 128
95 139
95 150
95 154
95 162
95 193
95 197
95 217
95 219
95 234
95 253
95 254
96 103
96 106
96 116
96 119
96 123
96 128
96 150
96 154
96 162
96 193
96 197
96 217
96 219
96 234
96 253
96 254
97 103
97 106
97 116
97 119
97 123
97 128
97 150
97 154
97 162
97 193
97 197
97 217
97 219
97 234
97 253
97 254
98 103
98 106
98 116
98 119
98 123
98 128
98 150
98 154
98 162
98 193
98 197
98 206
98 217
98 219
98 234
98 253
98 254
99 103
99 106
99 116
99 119
99 123
99 128
99 150
99 154
99 162
99 193
99 197
99 206
99 217
99 219
99 225
99 234
99 253
99 254
100 103
100 106
100 116
100 119
100 123
100 128
100 142
100 150
100 154
100 162
100 193
100 197
100 206
100 210
100 217
100 219
100 234
100 253
101 103
101 106
101 116
101 119
101 123
101 128
101 142
101 150
101 154
101 162
101 193
101 197
101 206
101 210
101 217
101 219
101 220
101 228
101 231
101 234
101 253
102 103
102 106
102 116
102 119
102 123
102 128
102 142
102 150
102 154
102 162
102 193
102 206
102 217
102 219
102 220
102 228
102 234
102 253
103 103
103 106
103 116
103 119
103 123
103 128
103 142
103 150
103 154
103 162
103 193
103 206
103 217
103 219
103 220
103 234
103 253
104 103
104 106
104 116
104 119
104 123
104 124
104 128
104 142
104 150
104 154
104 162
104 166
104 193
104 206
104 217
104 219
104 220
104 234
104 253
105 106
105 119
105 124
105 128
105 142
105 150
105 154
105 162
105 166
105 193
105 206
105 217
105 219
105 220
105 234
105 247
105 253
106 106
106 119
106 124
106 128
106 142
106 150
106 154
106 162
106 166
106 193
106 206
106 217
106 219
106 220
106 234
106 237
106 247
106 253
107 106
107 119
107 124
107 128
107 142
107 150
107 154
107 162
107 166
107 193
107 206
107 217
107 219
107 220
107 234
107 237
107 247
107 253
108 106
108 119
108 124
108 128
108 142
108 150
108 154
108 162
108 166
108 193
108 206
108 217
108 219
108 220
108 234
108 237
108 247
108 253
109 106
109 119
109 124
109 128
109 142
109 150
109 154
109 162
109 166
109 187
109 193
109 206
109 217
109 219
109 220
109 234
109 237
109 247
109 253
110 106
110 119
110 124
110 128
110 142
110 150
110 154
110 162
110 166
110 187
110 193
110 206
110 217
110 219
110 220
110 234
110 237
110 241
110 247
110 253
111 106
111 119
111 128
111 142
111 150
111 154
111 162
111 166
111 187
111 206
111 217
111 219
111 220
111 234
111 237
111 241
111 247
111 253
112 106
112 119
112 128
112 142
112 150
112 154
112 162
112 166
112 185
112 187
112 206
112 217
112 219
112 220
112 234
112 237
112 241
112 247
112 253
113 119
113 128
113 133
113 142
113 150
113 154
113 162
113 166
113 183
113 185
113 187
113 206
113 217
113 220
113 234
113 237
113 241
113 247
113 253
114 119
114 128
114 133
114 142
114 150
114 154
114 162
114 166
114 183
114 185
114 187
114 206
114 217
114 220
114 234
114 237
114 241
114 247
115 119
115 128
115 133
115 142
115 150
115 154
115 162
115 166
115 183
115 185
115 187
115 206
115 217
115 220
115 234
115 237
115 241
115 247
116 119
116 128
116 133
116 142
116 150
116 154
116 162
116 166
116 183
116 185
116 187
116 202
116 206
116 217
116 220
116 234
116 237
116 246
116 247
117 119
117 128
117 133
117 142
117 154
117 162
117 166
117 183
117 185
117 187
117 202
117 206
117 217
117 220
117 234
117 237
117 246
117 247
118 119
118 128
118 133
118 142
118 154
118 162
118 166
118 183
118 185
118 187
118 202
118 206
118 215
118 217
118 220
118 234
118 237
118 246
118 247
119 119
119 128
119 133
119 142
119 154
119 162
119 166
119 183
119 185
119 187
119 202
119 206
119 215
119 217
119 220
119 234
119 237
119 246
119 247
120 119
120 128
120 133
120 142
120 154
120 162
120 166
120 183
120 185
120 187
120 202
120 206
120 215
120 217
120 234
120 237
120 246
120 247
121 119
121 128
121 133
121 142
121 154
121 162
121 166
121 183
121 185
121 187
121 202
121 206
121 215
121 217
121 234
121 237
121 246
121 247
122 128
122 133
122 142
122 154
122 162
122 166
122 183
122 185
122 187
122 202
122 206
122 215
122 217
122 229
122 234
122 237
122 246
122 247
123 128
123 133
123 142
123 154
123 162
123 166
123 183
123 185
123 187
123 202
123 206
123 215
123 217
123 229
123 234
123 237
123 246
123 247
124 128
124 133
124 142
124 154
124 162
124 166
124 183
124 185
124 187
124 202
124 206
124 215
124 217
124 229
124 234
124 237
124 246
124 247
124 256
125 128
125 142
125 154
125 162
125 166
125 183
125 185
125 187
125 202
125 206
125 215
125 217
125 229
125 234
125 237
125 246
125 247
125 256
126 128
126 142
126 154
126 162
126 166
126 183
126 185
126 187
126 202
126 206
126 215
126 217
126 229
126 234
126 237
126 246
126 247
126 256
127 128
127 142
127 154
127 162
127 166
127 176
127 183
127 185
127 187
127 202
127 206
127 215
127 217
127 229
127 234
127 237
127 246
127 247
127 256
128 128
128 142
128 162
128 166
128 176
128 183
128 185
128 187
128 202
128 206
128 215
128 217
128 229
128 234
128 237
128 246
128 247
128 256
129 128
129 142
129 162
129 166
129 176
129 183
129 185
129 187
129 202
129 206
129 215
129 217
129 229
129 234
129 237
129 246
129 247
129 256
130 128
130 142
130 162
130 166
130 176
130 183
130 185
130 187
130 202
130 206
130 215
130 217
130 229
130 234
130 237
130 246
130 247
130 256
131 128
131 142
131 162
131 166
131 171
131 176
131 183
131 185
131 187
131 202
131 206
131 215
131 216
131 217
131 229
131 234
131 237
131 246
131 247
131 256
132 128
132 142
132 160
132 162
132 166
132 171
132 183
132 185
132 187
132 202
132 206
132 215
132 216
132 217
132 229
132 234
132 237
132 246
132 256
133 128
133 142
133 160
133 162
133 166
133 171
133 183
133 185
133 187
133 202
133 206
133 215
133 216
133 229
133 234
133 237
133 246
133 256
134 128
134 142
134 160
134 162
134 166
134 171
134 183
134 185
134 187
134 202
134 206
134 215
134 216
134 229
134 234
134 237
134 246
134 256
135 128
135 142
135 160
135 162
135 166
135 171
135 183
135 185
135 187
135 199
135 202
135 206
135 208
135 215
135 216
135 229
135 234
135 237
135 246
135 256
136 128
136 142
136 160
136 162
136 166
136 171
136 183
136 185
136 187
136 199
136 202
136 206
136 208
136 215
136 216
136 229
136 246
136 256
137 128
137 142
137 160
137 162
137 164
137 166
137 171
137 173
137 183
137 185
137 187
137 199
137 201
137 202
137 206
137 208
137 215
137 216
137 226
137 227
137 246
137 250
137 256
138 128
138 142
138 160
138 162
138 164
138 166
138 171
138 173
138 183
138 185
138 187
138 199
138 201
138 202
138 206
138 208
138 215
138 216
138 226
138 227
138 246
138 250
138 256
139 128
139 142
139 160
139 162
139 164
139 166
139 171
139 173
139 183
139 185
139 187
139 199
139 201
139 202
139 206
139 208
139 215
139 216
139 223
139 224
139 226
139 246
139 250
139 256
139 259
140 128
140 142
140 160
140 162
140 164
140 166
140 171
140 173
140 183
140 185
140 187
140 199
140 201
140 202
140 206
140 208
140 215
140 216
140 223
140 224
140 226
140 246
140 250
140 256
140 259
141 128
141 142
141 160
141 162
141 164
141 166
141 171
141 173
141 183
141 185
141 187
141 199
141 201
141 202
141 206
141 208
141 215
141 216
141 223
141 224
141 226
141 246
141 256
141 259
142 128
142 142
142 160
142 162
142 166
142 171
142 173
142 183
142 185
142 187
142 199
142 201
142 206
142 208
142 215
142 216
142 223
142 224
142 226
142 243
142 256
142 259
143 142
143 160
143 162
143 166
143 171
143 173
143 183
143 185
143 187
143 199
143 206
143 208
143 215
143 216
143 223
143 224
143 226
143 243
143 256
143 259
144 160
144 162
144 166
144 171
144 173
144 183
144 185
144 187
144 199
144 206
144 208
144 215
144 216
144 223
144 224
144 226
144 243
144 256
144 259
145 160
145 162
145 163
145 166
145 171
145 173
145 183
145 185
145 187
145 199
145 206
145 208
145 215
145 216
145 223
145 224
145 226
145 243
145 256
145 259
146 160
146 162
146 163
146 166
146 171
146 173
146 183
146 185
146 187
146 199
146 206
146 208
146 215
146 216
146 223
146 224
146 226
146 243
146 256
146 259
147 160
147 162
147 163
147 166
147 171
147 173
147 183
147 187
147 199
147 206
147 208
147 215
147 216
147 223
147 224
147 226
147 243
147 256
147 259
148 160
148 162
148 163
148 166
148 171
148 173
148 183
148 187
148 199
148 206
148 208
148 215
148 216
148 223
148 224
148 226
148 243
148 256
148 259
149 160
149 162
149 163
149 166
149 171
149 173
149 187
149 204
149 206
149 208
149 215
149 216
149 223
149 224
149 243
149 256
149 259
150 160
150 162
150 163
150 166
150 171
150 173
150 187
150 204
150 206
150 208
150 215
150 216
150 223
150 224
150 243
150 256
150 259
151 160
151 163
151 171
151 173
151 187
151 204
151 208
151 215
151 216
151 223
151 224
151 243
151 256
151 259
152 160
152 163
152 171
152 173
152 187
152 204
152 208
152 215
152 216
152 223
152 224
152 243
152 256
152 259
153 160
153 163
153 171
153 173
153 179
153 186
153 208
153 215
153 216
153 221
153 223
153 224
153 243
153 256
153 259
154 160
154 163
154 171
154 173
154 179
154 186
154 208
154 215
154 216
154 221
154 223
154 224
154 243
154 256
154 259
155 160
155 163
155 171
155 173
155 179
155 186
155 208
155 215
155 216
155 223
155 224
155 243
155 256
155 259
156 160
156 163
156 171
156 173
156 179
156 186
156 208
156 215
156 216
156 223
156 224
156 243
156 256
156 259
157 160
157 163
157 171
157 173
157 179
157 186
157 208
157 215
157 216
157 223
157 224
157 243
157 256
157 259
158 163
158 171
158 173
158 186
158 208
158 215
158 216
158 223
158 224
158 243
158 256
158 259
159 163
159 171
159 173
159 186
159 208
159 215
159 216
159 223
159 224
159 243
159 256
159 259
160 163
160 186
160 191
160 208
160 215
160 216
160 223
160 224
160 243
160 256
160 259
161 163
161 186
161 191
161 208
161 216
161 223
161 224
161 243
161 256
161 259
162 163
162 186
162 191
162 208
162 216
162 223
162 224
162 243
162 256
162 259
163 163
163 186
163 191
163 208
163 216
163 223
163 224
163 243
163 256
163 259
164 163
164 186
164 191
164 208
164 216
164 223
164 224
164 232
164 243
164 256
164 259
165 163
165 174
165 186
165 191
165 208
165 216
165 223
165 224
165 232
165 243
165 256
165 259
166 163
166 174
166 186
166 191
166 208
166 216
166 223
166 224
166 232
166 243
166 256
166 259
167 163
167 174
167 186
167 191
167 208
167 216
167 223
167 224
167 232
167 243
167 256
167 259
168 163
168 174
168 186
168 191
168 208
168 216
168 223
168 224
168 232
168 243
168 256
168 259
169 163
169 174
169 186
169 191
169 208
169 216
169 224
169 232
169 243
169 256
169 258
170 163
170 174
170 186
170 191
170 208
170 216
170 224
170 232
170 243
170 256
170 258
171 163
171 174
171 186
171 191
171 208
171 216
171 224
171 232
171 243
171 256
171 258
172 163
172 174
172 186
172 191
172 208
172 216
172 232
172 243
172 256
172 258
173 163
173 174
173 186
173 191
173 208
173 216
173 235
173 243
173 256
173 258
174 163
174 174
174 186
174 191
174 208
174 216
174 235
174 243
174 256
174 258
175 163
175 174
175 186
175 191
175 208
175 216
175 235
175 243
175 256
175 258
176 163
176 174
176 186
176 191
176 208
176 216
176 235
176 243
176 256
176 258
177 163
177 174
177 186
177 191
177 208
177 216
177 235
177 243
177 256
177 258
178 163
178 174
178 186
178 191
178 208
178 216
178 235
178 243
178 256
178 258
179 163
179 174
179 186
179 191
179 205
179 208
179 216
179 235
179 239
179 243
179 256
179 258
180 163
180 174
180 186
180 191
180 205
180 216
180 235
180 239
180 243
180 256
180 258
181 163
181 174
181 186
181 191
181 205
181 216
181 235
181 239
181 243
181 256
181 258
182 163
182 186
182 191
182 205
182 216
182 230
182 235
182 239
182 243
182 256
182 258
183 163
183 186
183 191
183 205
183 230
183 235
183 239
183 243
183 256
183 258
184 186
184 205
184 230
184 235
184 239
184 243
184 256
184 258
185 186
185 205
185 230
185 235
185 239
185 243
185 256
185 258
186 235
186 239
186 243
186 256
186 258
187 235
187 239
187 243
187 258
188 235
188 239
188 243
188 258
189 235
189 239
189 243
189 258
190 235
190 243
190 245
190 251
190 258
191 194
191 235
191 243
191 245
191 251
191 258
192 194
192 235
192 243
192 245
192 251
193 194
193 235
193 243
193 245
193 251
194 194
194 235
194 243
194 245
194 251
195 194
195 235
195 243
195 245
195 251
196 235
196 240
196 243
196 245
196 251
197 235
197 240
197 243
197 245
197 251
198 240
198 245
198 251
199 240
199 245
199 251
200 240
200 245
200 251
201 240
201 245
201 251
202 240
202 245
202 251
203 245
203 251
204 245
204 251
205 245
205 251
206 245
206 251
207 245
207 251
208 245
208 251
209 245
209 251
210 245
210 251
211 245
211 251
212 245
212 251
213 245
213 251
214 222
214 245
214 251
215 222
215 245
215 251
216 222
216 245
216 251
217 222
217 245
217 251
218 222
218 245
218 251
219 222
219 245
219 251
220 222
220 245
220 251
221 222
221 245
221 251
222 222
222 245
222 251
223 222
223 245
223 251
224 222
224 245
224 251
225 245
225 251
226 249
227 249
228 249
229 249
230 249
231 249
232 249
233 249
234 249
234 257
235 249
235 257
236 249
236 257
237 249
237 257
238 257
239 257
240 257
241 257
242 257
243 257
244 257
245 257
246 255
246 257
