0 5
0 16
0 117
1 4
1 7
1 14
1 19
1 21
1 46
1 117
2 7
2 14
2 19
2 21
2 117
3 7
3 13
3 48
3 58
3 117
3 128
3 213
4 7
4 13
4 48
4 58
4 117
4 128
4 213
5 12
5 13
5 27
5 39
5 48
5 58
5 98
5 117
5 128
5 201
5 213
6 27
6 29
6 48
6 58
6 98
6 117
6 201
6 213
7 24
7 28
7 31
7 54
7 70
7 80
7 82
7 98
7 117
7 140
7 201
7 205
7 215
7 222
7 250
7 254
7 258
8 24
8 28
8 31
8 54
8 70
8 80
8 98
8 117
8 140
8 147
8 165
8 201
8 205
8 215
8 222
8 250
8 254
8 258
9 28
9 31
9 54
9 70
9 80
9 98
9 117
9 140
9 147
9 165
9 173
9 201
9 205
9 222
9 250
9 254
9 258
10 31
10 54
10 80
10 98
10 117
10 136
10 140
10 147
10 165
10 173
10 201
10 222
10 250
10 254
10 258
11 31
11 33
11 54
11 80
11 98
11 117
11 136
11 140
11 147
11 165
11 173
11 201
11 222
11 254
11 258
12 33
12 54
12 80
12 98
12 117
12 136
12 140
12 147
12 165
12 173
12 201
12 222
12 254
12 258
13 32
13 33
13 54
13 80
13 98
13 117
13 136
13 147
13 165
13 173
13 201
13 222
13 254
13 258
14 32
14 33
14 54
14 80
14 98
14 117
14 136
14 147
14 165
14 173
14 181
14 201
14 218
14 222
14 254
14 258
15 32
15 54
15 101
15 104
15 117
15 136
15 147
15 165
15 173
15 181
15 201
15 218
15 222
15 254
15 258
16 32
16 54
16 64
16 101
16 104
16 117
16 136
16 147
16 165
16 173
16 181
16 201
16 218
16 222
16 254
16 258
17 32
17 54
17 64
17 101
17 104
17 117
17 136
17 147
17 165
17 173
17 181
17 201
17 218
17 222
17 254
17 258
18 32
18 54
18 64
18 101
18 104
18 117
18 136
18 147
18 165
18 173
18 181
18 201
18 218
18 222
18 254
18 258
19 32
19 73
19 88
19 101
19 104
19 107
19 117
19 136
19 138
19 147
19 165
19 173
19 181
19 201
19 218
19 222
19 254
19 258
20 32
20 35
20 41
20 44
20 66
20 88
20 101
20 107
20 117
20 120
20 122
20 136
20 138
20 147
20 150
20 151
20 165
20 173
20 181
20 211
20 218
20 221
20 222
20 234
20 254
20 258
21 32
21 35
21 41
21 44
21 66
21 88
21 101
21 107
21 117
21 120
21 122
21 136
21 138
21 147
21 150
21 151
21 165
21 173
21 181
21 211
21 218
21 221
21 222
21 234
21 254
21 258
22 36
22 40
22 41
22 66
22 88
22 101
22 107
22 122
22 136
22 147
22 150
22 151
22 165
22 181
22 211
22 218
22 221
22 222
22 234
22 254
22 258
23 36
23 38
23 40
23 43
23 66
23 87
23 88
23 107
23 122
23 136
23 147
23 150
23 151
23 165
23 181
23 211
23 218
23 221
23 222
23 234
23 254
23 258
24 36
24 43
24 66
24 87
24 107
24 122
24 136
24 147
24 150
24 151
24 165
24 181
24 211
24 218
24 221
24 222
24 234
24 254
24 258
25 36
25 61
25 66
25 87
25 99
25 107
25 122
25 136
25 147
25 150
25 151
25 165
25 181
25 211
25 218
25 221
25 222
25 234
25 254
25 258
26 36
26 61
26 66
26 87
26 99
26 107
26 122
26 136
26 147
26 150
26 151
26 165
26 181
26 211
26 218
26 221
26 222
26 234
26 254
26 258
27 36
27 61
27 66
27 87
27 99
27 107
27 122
27 136
27 147
27 150
27 151
27 165
27 167
27 169
27 181
27 211
27 218
27 221
27 222
27 234
27 254
27 258
28 36
28 61
28 66
28 87
28 99
28 107
28 122
28 136
28 147
28 150
28 151
28 165
28 167
28 169
28 181
28 211
28 218
28 221
28 222
28 234
28 254
28 258
29 36
29 61
29 66
29 68
29 74
29 87
29 99
29 107
29 122
29 136
29 141
29 147
29 151
29 165
29 167
29 169
29 180
29 211
29 218
29 222
29 234
29 254
29 258
30 36
30 61
30 66
30 68
30 74
30 87
30 99
30 107
30 122
30 136
30 141
30 147
30 151
30 165
30 167
30 169
30 180
30 198
30 211
30 218
30 222
30 234
30 254
30 258
31 36
31 61
31 66
31 68
31 74
31 99
31 107
31 122
31 136
31 141
31 147
31 151
31 165
31 167
31 169
31 180
31 198
31 211
31 218
31 222
31 234
31 254
31 258
32 61
32 66
32 68
32 74
32 99
32 107
32 122
32 126
32 136
32 141
32 147
32 151
32 165
32 167
32 169
32 180
32 198
32 211
32 218
32 222
32 234
32 254
32 258
33 61
33 66
33 68
33 74
33 99
33 107
33 122
33 126
33 136
33 141
33 147
33 151
33 165
33 167
33 169
33 180
33 198
33 211
33 218
33 222
33 234
33 254
33 258
34 61
34 71
34 74
34 99
34 107
34 136
34 141
34 147
34 151
34 165
34 167
34 169
34 180
34 198
34 211
34 218
34 234
34 252
34 254
34 258
35 51
35 57
35 61
35 74
35 124
35 136
35 141
35 151
35 165
35 167
35 169
35 198
35 211
35 218
35 234
35 252
35 254
35 258
36 51
36 57
36 61
36 74
36 124
36 136
36 141
36 151
36 165
36 167
36 169
36 198
36 211
36 218
36 234
36 252
36 254
36 258
37 51
37 57
37 74
37 124
37 136
37 141
37 151
37 165
37 167
37 169
37 198
37 211
37 218
37 234
37 252
37 254
37 258
38 51
38 57
38 74
38 124
38 136
38 141
38 151
38 165
38 167
38 169
38 198
38 211
38 218
38 234
38 252
38 254
38 258
39 51
39 57
39 74
39 124
39 136
39 141
39 151
39 165
39 167
39 169
39 198
39 211
39 218
39 234
39 252
39 254
39 258
40 51
40 57
40 74
40 124
40 136
40 141
40 151
40 165
40 167
40 169
40 198
40 211
40 218
40 234
40 252
40 254
40 258
41 51
41 57
41 74
41 76
41 124
41 136
41 141
41 151
41 165
41 167
41 169
41 193
41 198
41 211
41 252
41 254
41 258
41 260
42 51
42 57
42 65
42 67
42 76
42 136
42 151
42 165
42 169
42 193
42 198
42 211
42 252
42 254
42 258
42 260
43 51
43 57
43 65
43 67
43 76
43 78
43 136
43 151
43 169
43 193
43 198
43 211
43 252
43 254
43 258
43 260
44 51
44 57
44 65
44 67
44 76
44 78
44 109
44 136
44 151
44 169
44 193
44 198
44 211
44 252
44 254
44 258
44 260
45 51
45 57
45 65
45 67
45 76
45 78
45 109
45 121
45 133
45 136
45 151
45 193
45 198
45 211
45 252
45 254
45 258
45 260
46 57
46 65
46 76
46 111
46 121
46 133
46 136
46 151
46 193
46 198
46 211
46 212
46 252
46 254
46 258
46 260
47 57
47 65
47 76
47 111
47 121
47 133
47 136
47 151
47 159
47 184
47 193
47 198
47 211
47 212
47 252
47 254
47 256
47 258
47 260
48 57
48 65
48 76
48 111
48 121
48 133
48 136
48 149
48 151
48 159
48 184
48 193
48 198
48 211
48 212
48 252
48 254
48 256
48 258
48 260
49 52
49 53
49 57
49 60
49 81
49 95
49 108
49 111
49 114
49 121
49 125
49 133
49 136
49 151
49 155
49 159
49 193
49 198
49 200
49 211
49 245
49 252
49 254
49 256
49 258
49 260
50 50
50 55
50 57
50 79
50 108
50 113
50 114
50 121
50 125
50 136
50 151
50 155
50 156
50 159
50 177
50 193
50 211
50 245
50 252
50 256
50 258
50 260
51 50
51 55
51 57
51 79
51 108
51 113
51 114
51 121
51 125
51 136
51 151
51 155
51 156
51 159
51 177
51 193
51 211
51 245
51 252
51 256
51 258
51 260
52 50
52 55
52 57
52 79
52 108
52 113
52 114
52 121
52 125
52 136
52 151
52 155
52 156
52 159
52 177
52 193
52 211
52 245
52 252
52 256
52 258
53 50
53 57
53 79
53 108
53 113
53 114
53 121
53 125
53 136
53 151
53 155
53 156
53 159
53 177
53 193
53 211
53 245
53 252
53 256
53 258
54 57
54 72
54 90
54 91
54 96
54 121
54 125
54 136
54 151
54 156
54 177
54 193
54 245
54 249
54 256
54 258
55 57
55 100
55 121
55 125
55 156
55 193
55 207
55 245
55 249
55 256
55 258
55 261
56 69
56 84
56 92
56 102
56 121
56 125
56 156
56 161
56 171
56 193
56 207
56 214
56 224
56 245
56 249
56 256
56 258
56 261
57 69
57 84
57 92
57 102
57 121
57 125
57 156
57 161
57 171
57 193
57 207
57 214
57 224
57 245
57 249
57 256
57 258
57 261
58 84
58 92
58 102
58 121
58 125
58 156
58 161
58 171
58 193
58 203
58 207
58 214
58 224
58 245
58 249
58 256
58 258
58 261
59 84
59 92
59 93
59 121
59 125
59 131
59 156
59 161
59 171
59 185
59 193
59 203
59 214
59 224
59 230
59 245
59 249
59 256
59 258
59 261
60 84
60 92
60 93
60 121
60 125
60 131
60 156
60 161
60 171
60 185
60 193
60 203
60 214
60 224
60 230
60 245
60 249
60 256
60 258
60 261
61 84
61 92
61 93
61 121
61 125
61 131
61 156
61 161
61 171
61 185
61 193
61 203
61 214
61 224
61 230
61 245
61 249
61 256
61 261
62 84
62 92
62 93
62 121
62 125
62 131
62 156
62 161
62 171
62 185
62 193
62 203
62 214
62 224
62 230
62 245
62 249
62 256
62 261
63 84
63 92
63 93
63 121
63 125
63 156
63 161
63 171
63 185
63 193
63 203
63 214
63 224
63 230
63 245
63 249
63 256
63 261
64 92
64 93
64 121
64 125
64 156
64 161
64 171
64 185
64 224
64 230
64 245
64 249
64 253
64 256
64 261
65 92
65 93
65 121
65 125
65 156
65 161
65 171
65 185
65 224
65 230
65 245
65 249
65 253
65 256
65 261
66 85
66 93
66 121
66 125
66 156
66 160
66 171
66 185
66 224
66 230
66 245
66 249
66 256
66 261
67 85
67 93
67 121
67 125
67 156
67 160
67 171
67 185
67 224
67 230
67 245
67 249
67 256
67 261
68 85
68 93
68 121
68 125
68 156
68 160
68 171
68 185
68 224
68 230
68 245
68 249
68 256
68 261
69 85
69 93
69 121
69 125
69 156
69 160
69 171
69 185
69 224
69 230
69 245
69 249
69 256
70 85
70 93
70 121
70 125
70 156
70 160
70 171
70 185
70 224
70 230
70 245
70 249
70 256
71 85
71 89
71 121
71 125
71 156
71 160
71 171
71 185
71 224
71 230
71 245
71 249
71 256
72 85
72 86
72 89
72 125
72 142
72 156
72 160
72 171
72 185
72 224
72 230
72 233
72 249
72 256
73 85
73 86
73 89
73 125
73 142
73 156
73 160
73 171
73 185
73 224
73 230
73 233
73 249
73 256
74 85
74 86
74 89
74 125
74 142
74 156
74 160
74 171
74 185
74 224
74 230
74 233
74 249
74 256
75 85
75 86
75 89
75 125
75 142
75 156
75 160
75 171
75 185
75 224
75 230
75 233
75 249
75 256
76 85
76 86
76 89
76 125
76 142
76 156
76 160
76 171
76 185
76 224
76 230
76 233
76 249
76 256
77 83
77 85
77 89
77 142
77 160
77 171
77 185
77 224
77 230
77 233
77 249
77 256
78 85
78 89
78 142
78 160
78 171
78 185
78 188
78 190
78 204
78 230
78 233
78 249
78 256
79 85
79 89
79 160
79 171
79 185
79 188
79 190
79 204
79 230
79 233
79 249
79 256
80 89
80 116
80 171
80 185
80 188
80 190
80 204
80 219
80 230
80 233
80 249
80 256
81 89
81 116
81 166
81 171
81 185
81 188
81 190
81 204
81 230
81 233
81 249
81 256
82 89
82 116
82 166
82 171
82 178
82 185
82 188
82 230
82 233
82 249
82 256
83 94
83 105
83 116
83 119
83 171
83 178
83 185
83 188
83 230
83 233
83 249
83 256
84 94
84 105
84 116
84 119
84 130
84 162
84 171
84 178
84 185
84 188
84 230
84 233
84 249
84 256
85 94
85 103
85 106
85 116
85 119
85 130
85 162
85 178
85 188
85 196
85 230
85 233
85 243
85 249
85 256
86 94
86 103
86 106
86 116
86 119
86 130
86 146
86 162
86 178
86 188
86 196
86 233
86 243
86 249
86 256
87 94
87 103
87 106
87 116
87 119
87 130
87 146
87 162
87 178
87 188
87 196
87 233
87 243
87 249
87 256
88 94
88 106
88 116
88 119
88 130
88 146
88 148
88 162
88 168
88 178
88 188
88 196
88 243
88 249
88 256
89 94
89 106
89 116
89 119
89 130
89 135
89 146
89 148
89 162
89 168
89 178
89 188
89 196
89 243
89 249
89 256
90 94
90 106
90 115
90 118
90 119
90 135
90 146
90 162
90 176
90 178
90 188
90 196
90 243
90 249
90 256
91 94
91 106
91 115
91 118
91 119
91 129
91 135
91 146
91 162
91 176
91 178
91 188
91 192
91 196
91 243
91 249
91 256
92 94
92 106
92 115
92 118
92 119
92 129
92 135
92 146
92 162
92 176
92 178
92 188
92 192
92 196
92 229
92 243
92 249
92 256
93 106
93 115
93 118
93 119
93 129
93 135
93 146
93 162
93 176
93 178
93 188
93 229
93 243
93 249
93 256
94 106
94 115
94 118
94 119
94 129
94 146
94 162
94 176
94 178
94 188
94 208
94 229
94 243
94 249
94 256
95 106
95 115
95 118
95 119
95 129
95 146
95 162
95 176
95 178
95 188
95 208
95 229
95 249
95 256
96 106
96 115
96 118
96 119
96 129
96 146
96 162
96 176
96 178
96 188
96 208
96 229
96 249
96 256
97 106
97 115
97 118
97 119
97 129
97 146
97 162
97 176
97 178
97 188
97 208
97 229
97 249
97 256
98 106
98 115
98 118
98 119
98 129
98 146
98 162
98 176
98 178
98 188
98 208
98 229
98 249
98 256
99 106
99 115
99 118
99 119
99 129
99 146
99 162
99 176
99 178
99 188
99 208
99 229
99 249
99 256
100 106
100 115
100 118
100 119
100 129
100 146
100 162
100 176
100 178
100 188
100 208
100 229
100 249
100 256
101 106
101 115
101 118
101 119
101 129
101 146
101 162
101 176
101 178
101 188
101 208
101 229
101 249
101 256
102 106
102 115
102 119
102 129
102 162
102 176
102 178
102 188
102 208
102 229
102 240
102 249
102 256
103 106
103 115
103 119
103 129
103 176
103 178
103 188
103 208
103 229
103 249
103 256
104 119
104 129
104 178
104 182
104 183
104 208
104 229
104 239
104 249
104 256
105 112
105 119
105 129
105 178
105 182
105 183
105 208
105 229
105 239
105 249
105 256
106 112
106 119
106 129
106 178
106 183
106 208
106 239
106 249
106 256
107 119
107 129
107 178
107 183
107 208
107 239
107 249
107 256
108 119
108 129
108 183
108 208
108 239
108 249
108 256
109 119
109 129
109 137
109 183
109 208
109 239
109 249
109 256
110 119
110 129
110 137
110 139
110 208
110 249
110 256
111 119
111 129
111 137
111 139
111 208
111 249
111 256
112 119
112 129
112 139
112 249
112 255
112 256
113 119
113 129
113 139
113 249
113 255
113 256
114 119
114 129
114 139
114 249
114 255
114 256
115 119
115 129
115 139
115 249
115 255
115 256
116 119
116 127
116 129
116 157
116 163
116 164
116 175
116 249
116 255
116 256
117 119
117 127
117 129
117 144
117 157
117 163
117 164
117 175
117 236
117 249
117 255
117 256
118 119
118 127
118 129
118 144
118 157
118 163
118 164
118 175
118 236
118 249
118 255
118 256
119 119
119 127
119 129
119 157
119 163
119 164
119 175
119 236
119 249
119 255
119 256
120 129
120 157
120 163
120 164
120 175
120 236
120 249
120 255
120 256
121 129
121 157
121 163
121 164
121 175
121 236
121 242
121 249
121 255
121 256
122 129
122 157
122 163
122 164
122 175
122 236
122 242
122 249
122 255
122 256
123 129
123 157
123 163
123 164
123 175
123 236
123 242
123 249
123 255
123 256
124 129
124 157
124 163
124 164
124 175
124 236
124 242
124 249
124 255
124 256
125 129
125 157
125 163
125 164
125 175
125 236
125 242
125 249
125 255
125 256
126 129
126 157
126 163
126 164
126 175
126 236
126 242
126 249
126 255
126 256
127 129
127 157
127 163
127 164
127 175
127 191
127 195
127 236
127 242
127 249
127 255
127 256
128 129
128 157
128 163
128 164
128 175
128 191
128 195
128 236
128 242
128 249
128 255
128 256
129 129
129 157
129 163
129 164
129 175
129 191
129 195
129 236
129 242
129 249
129 255
129 256
130 134
130 157
130 163
130 164
130 175
130 191
130 195
130 236
130 242
130 249
130 255
130 256
131 134
131 157
131 163
131 164
131 175
131 191
131 236
131 242
131 249
131 255
131 256
132 134
132 145
132 157
132 163
132 164
132 175
132 191
132 206
132 236
132 242
132 255
133 134
133 145
133 158
133 163
133 164
133 175
133 191
133 206
133 236
133 242
133 255
134 134
134 145
134 158
134 163
134 164
134 175
134 191
134 206
134 236
134 242
134 255
135 134
135 145
135 158
135 163
135 164
135 175
135 191
135 206
135 223
135 236
135 242
135 255
136 145
136 158
136 163
136 164
136 175
136 191
136 206
136 223
136 236
136 242
136 255
137 145
137 153
137 175
137 206
137 223
137 241
137 242
138 145
138 153
138 175
138 206
138 223
138 241
138 242
139 145
139 153
139 175
139 206
139 223
139 241
139 242
140 145
140 153
140 175
140 206
140 223
140 241
141 145
141 153
141 175
141 206
141 223
141 241
142 145
142 153
142 175
142 189
142 206
142 223
142 241
143 145
143 153
143 175
143 189
143 223
143 237
143 241
144 145
144 153
144 175
144 189
144 223
144 241
145 145
145 153
145 175
145 189
145 223
145 228
145 241
146 145
146 153
146 175
146 189
146 223
146 228
146 241
147 145
147 153
147 175
147 189
147 223
147 228
147 241
148 145
148 153
148 175
148 189
148 223
148 228
148 241
149 145
149 153
149 175
149 189
149 223
149 228
149 241
150 145
150 175
150 223
150 228
150 241
151 145
151 175
151 223
151 228
151 241
152 175
152 223
152 228
152 241
153 175
153 223
153 228
153 241
154 175
154 223
154 228
154 241
155 175
155 223
155 228
155 241
156 175
156 187
156 223
156 228
156 241
157 175
157 187
157 223
157 228
157 235
157 241
157 247
158 175
158 187
158 223
158 228
158 235
158 241
158 247
159 174
159 175
159 187
159 223
159 228
159 235
159 247
160 174
160 175
160 187
160 223
160 228
160 235
160 247
161 174
161 175
161 187
161 220
161 223
161 228
161 235
161 247
162 174
162 175
162 187
162 217
162 220
162 223
162 228
162 232
162 247
163 174
163 175
163 187
163 220
163 223
163 225
163 228
163 232
163 247
164 172
164 174
164 175
164 187
164 220
164 223
164 225
164 232
164 247
165 172
165 174
165 175
165 187
165 220
165 223
165 225
165 232
165 247
166 172
166 174
166 175
166 187
166 220
166 223
166 225
166 232
166 247
167 174
167 179
167 187
167 210
167 220
167 223
167 225
167 247
168 174
168 179
168 187
168 210
168 220
168 223
168 225
168 247
169 174
169 179
169 187
169 210
169 220
169 223
169 225
169 247
170 174
170 179
170 187
170 210
170 220
170 223
170 225
170 238
170 247
171 174
171 179
171 187
171 210
171 220
171 223
171 225
171 238
171 247
172 179
172 187
172 210
172 220
172 223
172 225
172 238
172 247
173 179
173 187
173 197
173 210
173 220
173 223
173 225
173 238
173 247
174 187
174 194
174 197
174 220
174 223
174 225
174 238
174 247
175 187
175 194
175 197
175 220
175 223
175 225
175 238
175 247
176 187
176 194
176 197
176 220
176 223
176 225
176 238
177 187
177 194
177 197
177 209
177 223
177 225
177 238
178 187
178 194
178 197
178 209
178 223
178 225
178 226
179 187
179 194
179 197
179 209
179 223
179 225
179 226
180 187
180 194
180 197
180 209
180 223
180 225
180 226
181 187
181 194
181 197
181 209
181 225
182 187
182 194
182 209
182 225
183 187
183 194
183 209
183 225
184 186
184 194
184 209
184 225
185 186
185 194
185 209
185 225
186 186
186 194
186 209
186 225
187 194
187 209
187 225
188 194
188 209
188 225
189 194
189 209
189 216
189 225
189 251
190 194
190 209
190 216
190 225
190 251
191 194
191 209
191 216
191 225
192 194
192 209
192 216
192 225
193 194
193 209
193 216
193 225
194 194
194 202
194 209
194 216
194 225
195 194
195 202
195 209
195 216
195 225
196 194
196 202
196 209
196 216
196 225
197 194
197 202
197 209
197 216
197 225
198 194
198 202
198 209
198 216
198 225
199 194
199 202
199 209
199 216
199 225
200 194
200 202
200 209
201 202
202 202
203 202
204 202
205 202
206 202
207 202
210 244
211 231
211 244
212 231
212 244
213 231
213 244
214 231
214 244
214 257
215 231
215 244
215 257
216 231
216 244
216 257
217 231
217 244
217 257
218 231
218 244
218 257
219 231
219 244
219 257
220 231
220 257
221 231
221 257
222 231
222 257
223 257
224 257
225 257
226 257
227 257
227 262
228 257
228 262
229 257
229 262
230 248
230 257
230 262
231 248
231 257
231 262
232 248
232 257
232 262
233 248
233 257
233 262
234 248
234 257
234 262
235 246
235 248
235 257
235 262
236 246
236 257
236 262
237 246
237 257
237 262
238 246
238 257
238 262
239 246
239 257
239 262
240 246
240 257
241 246
242 246
243 246
244 246
245 246
246 246
247 246
248 246
249 246
250 246
251 246
252 246
253 246
254 246
255 246
255 259
256 259
257 259
258 259
259 259
260 259
