0 1
0 3
0 10
0 69
1 3
1 10
1 14
1 69
2 3
2 10
2 69
2 105
2 228
3 10
3 32
3 39
3 69
3 105
3 216
3 228
3 240
4 10
4 31
4 32
4 39
4 47
4 69
4 105
4 216
4 228
4 240
5 6
5 8
5 18
5 20
5 23
5 32
5 39
5 63
5 69
5 76
5 77
5 104
5 105
5 148
5 185
5 216
5 228
5 240
6 9
6 12
6 22
6 23
6 27
6 32
6 33
6 35
6 39
6 43
6 56
6 58
6 63
6 69
6 76
6 104
6 105
6 128
6 148
6 185
6 216
6 240
7 9
7 22
7 23
7 32
7 33
7 39
7 43
7 56
7 58
7 63
7 67
7 69
7 76
7 83
7 104
7 105
7 128
7 138
7 148
7 179
7 185
7 216
7 240
8 9
8 22
8 23
8 32
8 33
8 39
8 43
8 56
8 58
8 63
8 67
8 69
8 76
8 83
8 104
8 105
8 128
8 138
8 148
8 179
8 185
8 216
8 240
9 9
9 22
9 23
9 32
9 33
9 39
9 43
9 56
9 58
9 63
9 67
9 69
9 76
9 83
9 104
9 105
9 128
9 138
9 148
9 179
9 185
9 216
9 240
10 13
10 19
10 32
10 33
10 39
10 43
10 44
10 56
10 58
10 65
10 67
10 76
10 82
10 104
10 107
10 112
10 128
10 134
10 148
10 179
10 185
10 224
10 225
10 240
10 246
11 21
11 32
11 33
11 39
11 44
11 46
11 56
11 58
11 64
11 65
11 67
11 79
11 81
11 82
11 104
11 112
11 128
11 134
11 148
11 179
11 185
11 225
11 231
11 240
11 246
12 32
12 33
12 39
12 44
12 46
12 56
12 58
12 64
12 65
12 67
12 79
12 81
12 82
12 104
12 112
12 128
12 134
12 148
12 179
12 185
12 225
12 231
12 240
12 246
13 32
13 33
13 39
13 44
13 46
13 56
13 58
13 64
13 65
13 67
13 79
13 81
13 82
13 104
13 112
13 128
13 129
13 134
13 148
13 179
13 185
13 225
13 231
13 240
13 246
14 32
14 39
14 44
14 46
14 56
14 58
14 64
14 67
14 79
14 81
14 82
14 104
14 112
14 128
14 129
14 134
14 179
14 185
14 225
14 231
14 240
14 246
14 250
15 32
15 39
15 44
15 46
15 56
15 58
15 64
15 67
15 79
15 81
15 82
15 104
15 112
15 128
15 129
15 134
15 179
15 185
15 225
15 231
15 240
15 246
15 250
16 32
16 46
16 56
16 58
16 64
16 68
16 79
16 81
16 82
16 104
16 108
16 112
16 128
16 129
16 134
16 147
16 185
16 200
16 225
16 231
16 240
16 246
16 250
17 56
17 58
17 64
17 68
17 79
17 81
17 82
17 104
17 108
17 112
17 113
17 128
17 129
17 134
17 140
17 147
17 185
17 200
17 225
17 231
17 240
17 246
17 250
18 56
18 58
18 64
18 68
18 79
18 81
18 82
18 104
18 108
18 112
18 113
18 128
18 129
18 134
18 140
18 147
18 185
18 200
18 225
18 231
18 240
18 246
18 250
19 56
19 58
19 64
19 68
19 79
19 81
19 82
19 104
19 108
19 112
19 113
19 128
19 129
19 134
19 140
19 147
19 169
19 185
19 200
19 225
19 231
19 240
19 246
19 250
20 28
20 56
20 58
20 64
20 68
20 79
20 81
20 82
20 98
20 104
20 108
20 112
20 113
20 118
20 128
20 129
20 134
20 147
20 169
20 185
20 200
20 204
20 225
20 231
20 240
20 246
20 250
21 25
21 28
21 64
21 68
21 70
21 79
21 81
21 82
21 104
21 108
21 112
21 113
21 116
21 118
21 128
21 129
21 134
21 137
21 147
21 169
21 185
21 200
21 204
21 225
21 231
21 240
21 246
21 250
22 25
22 30
22 49
22 64
22 68
22 70
22 79
22 81
22 82
22 96
22 104
22 108
22 112
22 113
22 116
22 118
22 128
22 129
22 134
22 137
22 157
22 169
22 185
22 200
22 204
22 225
22 240
22 246
22 250
23 29
23 34
23 49
23 68
23 70
23 73
23 79
23 96
23 104
23 108
23 112
23 113
23 116
23 118
23 128
23 129
23 134
23 146
23 157
23 162
23 185
23 204
23 220
23 225
23 240
23 246
23 250
24 29
24 34
24 49
24 68
24 70
24 73
24 79
24 96
24 104
24 108
24 112
24 113
24 116
24 118
24 129
24 134
24 146
24 157
24 162
24 177
24 185
24 204
24 220
24 225
24 240
24 246
24 250
25 29
25 34
25 49
25 68
25 70
25 73
25 79
25 96
25 104
25 108
25 112
25 113
25 118
25 129
25 134
25 146
25 157
25 162
25 177
25 185
25 204
25 220
25 225
25 240
25 246
25 250
26 29
26 49
26 68
26 70
26 73
26 79
26 96
26 104
26 108
26 112
26 118
26 129
26 134
26 146
26 157
26 162
26 177
26 185
26 204
26 220
26 225
26 240
26 246
26 250
27 29
27 36
27 49
27 68
27 70
27 73
27 79
27 96
27 104
27 108
27 112
27 118
27 129
27 134
27 146
27 157
27 162
27 177
27 185
27 204
27 220
27 225
27 240
27 246
27 250
28 29
28 36
28 49
28 68
28 70
28 73
28 79
28 93
28 96
28 104
28 108
28 112
28 118
28 129
28 134
28 146
28 157
28 162
28 177
28 185
28 204
28 220
28 225
28 240
28 246
28 250
29 29
29 36
29 49
29 68
29 70
29 73
29 79
29 93
29 96
29 104
29 108
29 112
29 118
29 129
29 134
29 146
29 157
29 162
29 177
29 185
29 204
29 220
29 225
29 240
29 246
29 250
30 29
30 36
30 49
30 55
30 60
30 68
30 70
30 79
30 80
30 93
30 96
30 104
30 108
30 112
30 118
30 129
30 134
30 146
30 157
30 162
30 177
30 185
30 204
30 220
30 225
30 240
30 246
30 250
31 29
31 36
31 49
31 55
31 60
31 68
31 70
31 79
31 80
31 93
31 96
31 104
31 108
31 112
31 118
31 129
31 134
31 146
31 157
31 162
31 177
31 185
31 204
31 220
31 225
31 240
31 246
31 250
32 29
32 36
32 49
32 55
32 60
32 68
32 70
32 79
32 80
32 93
32 96
32 104
32 108
32 112
32 118
32 129
32 134
32 146
32 157
32 162
32 177
32 185
32 204
32 220
32 225
32 240
32 246
32 250
33 29
33 41
33 49
33 55
33 60
33 79
33 80
33 85
33 93
33 96
33 104
33 108
33 112
33 118
33 129
33 134
33 146
33 149
33 157
33 162
33 177
33 185
33 204
33 220
33 225
33 240
33 246
33 249
33 250
34 41
34 49
34 55
34 60
34 79
34 80
34 85
34 93
34 96
34 104
34 108
34 112
34 118
34 129
34 134
34 146
34 149
34 157
34 162
34 177
34 185
34 204
34 220
34 225
34 240
34 246
34 249
34 250
35 41
35 45
35 49
35 55
35 60
35 79
35 80
35 85
35 93
35 96
35 108
35 111
35 112
35 118
35 129
35 134
35 146
35 149
35 157
35 162
35 177
35 185
35 204
35 220
35 225
35 240
35 246
35 249
35 250
36 41
36 45
36 49
36 52
36 55
36 60
36 79
36 80
36 85
36 93
36 96
36 108
36 111
36 112
36 118
36 129
36 134
36 146
36 149
36 157
36 162
36 177
36 185
36 204
36 220
36 225
36 240
36 241
36 246
36 249
36 250
37 41
37 42
37 49
37 51
37 52
37 60
37 62
37 79
37 93
37 96
37 108
37 111
37 112
37 118
37 124
37 134
37 146
37 149
37 157
37 162
37 177
37 185
37 204
37 220
37 241
37 246
37 249
37 250
38 40
38 41
38 42
38 49
38 51
38 52
38 60
38 62
38 79
38 93
38 96
38 108
38 111
38 112
38 118
38 124
38 134
38 146
38 149
38 157
38 162
38 177
38 185
38 204
38 220
38 241
38 246
38 249
38 250
39 41
39 42
39 49
39 51
39 52
39 60
39 62
39 79
39 84
39 93
39 96
39 112
39 118
39 122
39 124
39 134
39 141
39 146
39 149
39 157
39 162
39 185
39 196
39 204
39 220
39 241
39 246
39 249
39 250
40 49
40 51
40 54
40 60
40 79
40 84
40 91
40 93
40 96
40 114
40 117
40 118
40 122
40 134
40 141
40 146
40 149
40 150
40 157
40 162
40 185
40 196
40 220
40 241
40 246
40 249
40 250
41 49
41 51
41 54
41 60
41 79
41 84
41 89
41 91
41 93
41 96
41 114
41 117
41 118
41 122
41 134
41 141
41 146
41 149
41 150
41 157
41 162
41 185
41 196
41 220
41 241
41 246
41 249
41 250
42 49
42 51
42 54
42 60
42 79
42 84
42 89
42 91
42 93
42 96
42 114
42 117
42 118
42 122
42 134
42 141
42 146
42 149
42 150
42 157
42 162
42 185
42 196
42 220
42 241
42 246
42 249
42 250
43 49
43 51
43 61
43 74
43 79
43 84
43 87
43 88
43 89
43 91
43 93
43 96
43 118
43 122
43 133
43 134
43 141
43 144
43 149
43 150
43 157
43 162
43 164
43 185
43 220
43 241
43 246
43 249
43 250
44 49
44 51
44 61
44 74
44 79
44 84
44 87
44 88
44 89
44 91
44 93
44 96
44 118
44 133
44 134
44 141
44 144
44 149
44 150
44 157
44 162
44 164
44 185
44 189
44 220
44 241
44 246
44 249
44 250
45 49
45 51
45 61
45 74
45 79
45 84
45 87
45 88
45 89
45 91
45 93
45 96
45 123
45 133
45 134
45 141
45 144
45 149
45 150
45 151
45 157
45 162
45 164
45 185
45 189
45 220
45 241
45 246
45 249
45 250
46 49
46 51
46 74
46 79
46 84
46 87
46 88
46 91
46 93
46 96
46 123
46 133
46 134
46 139
46 141
46 145
46 149
46 150
46 151
46 157
46 162
46 164
46 189
46 220
46 241
46 246
46 249
46 250
47 49
47 51
47 74
47 79
47 84
47 87
47 93
47 96
47 123
47 133
47 134
47 139
47 141
47 145
47 149
47 150
47 151
47 157
47 162
47 164
47 189
47 220
47 241
47 246
47 249
48 49
48 51
48 74
48 79
48 84
48 87
48 93
48 96
48 123
48 133
48 134
48 139
48 141
48 145
48 149
48 150
48 151
48 157
48 162
48 164
48 189
48 220
48 241
48 246
48 249
49 51
49 57
49 74
49 84
49 87
49 93
49 96
49 123
49 133
49 134
49 139
49 141
49 145
49 150
49 151
49 157
49 162
49 164
49 189
49 197
49 220
49 241
49 246
49 249
50 51
50 57
50 84
50 87
50 93
50 96
50 123
50 134
50 135
50 139
50 141
50 145
50 150
50 151
50 157
50 162
50 164
50 168
50 189
50 197
50 220
50 241
50 246
51 51
51 57
51 71
51 84
51 87
51 123
51 127
51 135
51 139
51 141
51 145
51 150
51 151
51 157
51 162
51 164
51 168
51 189
51 197
51 220
51 222
51 241
51 246
52 51
52 57
52 84
52 87
52 95
52 123
52 127
52 135
52 139
52 141
52 145
52 150
52 151
52 157
52 164
52 168
52 186
52 189
52 197
52 220
52 222
52 241
52 246
53 51
53 57
53 84
53 95
53 110
53 123
53 135
53 139
53 141
53 145
53 150
53 151
53 157
53 164
53 168
53 186
53 189
53 197
53 220
53 222
53 241
53 246
54 51
54 57
54 84
54 95
54 110
54 123
54 135
54 139
54 141
54 145
54 150
54 151
54 157
54 168
54 186
54 189
54 197
54 220
54 222
54 241
54 246
55 51
55 84
55 95
55 110
55 123
55 135
55 141
55 145
55 150
55 151
55 157
55 168
55 186
55 189
55 197
55 220
55 222
55 241
55 246
56 95
56 110
56 123
56 135
56 141
56 145
56 150
56 151
56 157
56 168
56 186
56 189
56 197
56 220
56 222
56 241
56 246
57 72
57 78
57 95
57 110
57 123
57 135
57 141
57 145
57 150
57 151
57 157
57 168
57 186
57 189
57 197
57 220
57 222
57 241
57 246
58 78
58 95
58 110
58 123
58 135
58 141
58 145
58 150
58 157
58 168
58 186
58 189
58 197
58 220
58 222
58 241
58 246
59 78
59 95
59 110
59 123
59 135
59 141
59 145
59 150
59 157
59 168
59 186
59 189
59 197
59 220
59 222
59 241
59 246
60 78
60 95
60 110
60 123
60 135
60 141
60 145
60 150
60 157
60 168
60 186
60 189
60 197
60 220
60 222
60 246
61 78
61 95
61 110
61 123
61 135
61 141
61 145
61 150
61 157
61 168
61 186
61 189
61 197
61 220
61 222
61 246
62 78
62 95
62 110
62 123
62 135
62 141
62 145
62 150
62 157
62 168
62 186
62 189
62 197
62 220
62 222
62 246
63 78
63 95
63 110
63 123
63 135
63 141
63 145
63 150
63 157
63 168
63 186
63 189
63 197
63 220
63 222
63 246
64 78
64 90
64 95
64 100
64 110
64 126
64 135
64 141
64 145
64 150
64 157
64 168
64 186
64 189
64 197
64 220
64 222
64 246
65 78
65 90
65 95
65 100
65 110
65 126
65 135
65 141
65 145
65 150
65 157
65 186
65 189
65 197
65 220
65 222
65 246
66 78
66 90
66 95
66 100
66 101
66 110
66 126
66 135
66 141
66 145
66 150
66 157
66 186
66 189
66 197
66 220
66 222
66 223
66 246
67 78
67 86
67 90
67 100
67 101
67 110
67 135
67 141
67 145
67 150
67 157
67 186
67 197
67 220
67 222
67 223
67 246
67 253
68 78
68 86
68 90
68 100
68 101
68 110
68 135
68 141
68 145
68 150
68 157
68 186
68 197
68 220
68 222
68 223
68 246
68 253
69 78
69 86
69 90
69 100
69 101
69 110
69 135
69 141
69 145
69 150
69 157
69 186
69 197
69 220
69 222
69 223
69 246
69 253
70 75
70 86
70 90
70 100
70 101
70 110
70 135
70 141
70 145
70 150
70 157
70 186
70 220
70 222
70 223
70 246
70 253
71 75
71 86
71 90
71 100
71 101
71 110
71 135
71 141
71 145
71 150
71 157
71 186
71 213
71 220
71 222
71 223
71 246
71 253
72 75
72 86
72 90
72 100
72 101
72 110
72 135
72 141
72 145
72 150
72 157
72 186
72 213
72 220
72 222
72 223
72 246
73 75
73 86
73 90
73 100
73 101
73 110
73 135
73 141
73 145
73 150
73 157
73 186
73 213
73 220
73 222
73 223
73 246
74 75
74 86
74 90
74 100
74 101
74 110
74 135
74 141
74 145
74 150
74 157
74 186
74 213
74 220
74 222
74 223
74 246
75 75
75 86
75 100
75 101
75 109
75 110
75 115
75 135
75 141
75 145
75 150
75 157
75 186
75 213
75 220
75 222
75 223
75 246
76 75
76 86
76 100
76 101
76 109
76 110
76 115
76 135
76 141
76 150
76 157
76 186
76 213
76 220
76 222
76 223
76 246
77 75
77 86
77 100
77 101
77 109
77 110
77 115
77 135
77 141
77 150
77 156
77 157
77 186
77 213
77 220
77 222
77 223
77 246
78 75
78 86
78 100
78 101
78 109
78 110
78 115
78 135
78 141
78 150
78 156
78 157
78 181
78 186
78 213
78 220
78 222
78 223
78 246
79 86
79 100
79 109
79 110
79 115
79 120
79 135
79 150
79 156
79 157
79 181
79 183
79 186
79 209
79 213
79 220
79 222
79 226
80 86
80 100
80 109
80 110
80 115
80 120
80 135
80 150
80 156
80 157
80 181
80 183
80 186
80 209
80 213
80 220
80 222
80 226
81 86
81 100
81 109
81 110
81 120
81 135
81 150
81 156
81 181
81 183
81 186
81 209
81 213
81 220
81 222
81 226
82 86
82 100
82 109
82 110
82 120
82 135
82 150
82 156
82 181
82 183
82 186
82 209
82 213
82 220
82 222
82 226
83 86
83 100
83 109
83 110
83 120
83 135
83 150
83 156
83 181
83 186
83 209
83 213
83 220
83 222
83 226
84 94
84 99
84 100
84 110
84 120
84 135
84 150
84 156
84 170
84 186
84 209
84 211
84 213
84 220
84 226
85 94
85 99
85 100
85 110
85 120
85 150
85 170
85 186
85 211
85 213
85 220
85 226
86 94
86 99
86 100
86 110
86 120
86 150
86 170
86 186
86 211
86 213
86 220
86 226
87 94
87 99
87 100
87 110
87 120
87 121
87 150
87 170
87 186
87 211
87 213
87 226
88 94
88 99
88 100
88 110
88 120
88 121
88 150
88 170
88 186
88 211
88 213
88 226
89 94
89 97
89 99
89 106
89 120
89 150
89 160
89 166
89 170
89 186
89 188
89 195
89 211
89 213
89 226
90 94
90 97
90 99
90 106
90 120
90 150
90 160
90 166
90 170
90 186
90 188
90 195
90 211
90 213
90 226
91 94
91 97
91 99
91 106
91 150
91 160
91 166
91 170
91 186
91 188
91 195
91 211
91 213
91 226
92 94
92 97
92 99
92 106
92 150
92 160
92 166
92 170
92 186
92 188
92 195
92 211
92 213
92 226
93 94
93 97
93 106
93 130
93 150
93 160
93 166
93 170
93 186
93 188
93 195
93 211
93 213
93 226
94 94
94 97
94 106
94 130
94 150
94 160
94 166
94 170
94 186
94 188
94 195
94 211
94 213
94 226
95 94
95 97
95 130
95 136
95 142
95 150
95 160
95 166
95 170
95 186
95 195
95 211
95 213
95 226
96 94
96 130
96 136
96 142
96 150
96 159
96 160
96 166
96 167
96 186
96 195
96 211
96 213
96 226
96 256
97 94
97 102
97 103
97 125
97 130
97 136
97 159
97 166
97 167
97 186
97 195
97 211
97 213
97 226
97 256
98 94
98 102
98 103
98 125
98 130
98 136
98 159
98 166
98 167
98 186
98 195
98 211
98 213
98 226
98 256
99 102
99 125
99 130
99 136
99 159
99 166
99 167
99 186
99 199
99 207
99 211
99 213
99 226
99 256
100 125
100 136
100 159
100 166
100 167
100 186
100 199
100 207
100 213
100 256
101 125
101 136
101 166
101 167
101 186
101 199
101 207
101 213
101 256
102 125
102 136
102 155
102 166
102 167
102 186
102 199
102 207
102 213
102 217
102 243
102 256
103 125
103 136
103 155
103 166
103 167
103 186
103 199
103 207
103 213
103 217
103 239
103 243
103 256
104 125
104 136
104 155
104 166
104 167
104 186
104 199
104 207
104 213
104 217
104 239
104 243
104 256
105 125
105 153
105 155
105 163
105 167
105 180
105 186
105 199
105 207
105 217
105 239
105 243
105 256
106 125
106 153
106 155
106 163
106 167
106 180
106 186
106 199
106 207
106 217
106 239
106 243
106 256
107 125
107 155
107 163
107 167
107 180
107 186
107 207
107 217
107 239
107 243
107 256
108 119
108 125
108 155
108 163
108 167
108 180
108 207
108 217
108 239
108 243
108 256
109 119
109 125
109 155
109 163
109 167
109 180
109 191
109 207
109 217
109 239
109 243
109 256
110 119
110 155
110 163
110 167
110 172
110 180
110 191
110 217
110 239
110 243
110 256
111 119
111 155
111 163
111 167
111 172
111 180
111 191
111 217
111 239
111 243
111 256
112 119
112 163
112 167
112 172
112 180
112 184
112 191
112 202
112 214
112 217
112 239
112 243
112 256
113 119
113 163
113 167
113 172
113 180
113 184
113 191
113 202
113 214
113 217
113 239
113 243
113 256
114 119
114 131
114 163
114 167
114 172
114 180
114 182
114 184
114 191
114 193
114 201
114 202
114 214
114 215
114 221
114 239
114 243
114 256
115 119
115 131
115 163
115 167
115 171
115 172
115 180
115 182
115 191
115 193
115 201
115 202
115 214
115 215
115 221
115 239
115 243
115 256
116 119
116 131
116 163
116 167
116 171
116 172
116 174
116 182
116 191
116 193
116 201
116 202
116 214
116 221
116 239
116 243
116 245
116 256
117 119
117 131
117 163
117 167
117 171
117 172
117 174
117 182
117 191
117 201
117 202
117 214
117 221
117 239
117 243
117 245
117 256
118 119
118 131
118 163
118 167
118 171
118 172
118 174
118 182
118 191
118 201
118 202
118 214
118 221
118 239
118 243
118 245
118 256
119 119
119 131
119 163
119 167
119 171
119 172
119 174
119 176
119 182
119 191
119 201
119 202
119 214
119 221
119 239
119 243
119 245
119 256
120 119
120 131
120 152
120 154
120 163
120 167
120 171
120 172
120 173
120 174
120 176
120 182
120 191
120 201
120 202
120 214
120 239
120 243
120 245
120 256
121 119
121 131
121 152
121 154
121 163
121 167
121 171
121 172
121 173
121 174
121 176
121 182
121 191
121 201
121 202
121 214
121 239
121 245
121 256
122 119
122 131
122 152
122 154
122 161
122 163
122 167
122 171
122 172
122 173
122 174
122 176
122 182
122 191
122 202
122 206
122 214
122 232
122 239
122 245
122 256
123 119
123 131
123 152
123 154
123 161
123 163
123 167
123 171
123 172
123 173
123 174
123 175
123 176
123 182
123 191
123 202
123 206
123 214
123 232
123 239
123 245
123 256
124 119
124 131
124 152
124 154
124 161
124 163
124 167
124 171
124 172
124 173
124 174
124 175
124 176
124 182
124 191
124 202
124 206
124 214
124 232
124 239
124 245
124 256
125 119
125 131
125 152
125 154
125 161
125 163
125 167
125 171
125 172
125 173
125 174
125 175
125 176
125 182
125 191
125 202
125 206
125 214
125 232
125 239
125 245
125 256
126 119
126 131
126 152
126 154
126 161
126 163
126 167
126 171
126 172
126 173
126 174
126 175
126 176
126 182
126 191
126 202
126 206
126 214
126 232
126 239
126 245
126 256
127 119
127 131
127 152
127 154
127 161
127 163
127 167
127 171
127 172
127 173
127 174
127 175
127 176
127 182
127 191
127 194
127 202
127 206
127 214
127 232
127 239
127 245
127 256
128 119
128 131
128 152
128 154
128 161
128 163
128 167
128 171
128 172
128 173
128 174
128 175
128 176
128 182
128 191
128 194
128 202
128 206
128 214
128 232
128 239
128 245
128 256
129 119
129 131
129 152
129 161
129 167
129 171
129 172
129 173
129 174
129 175
129 176
129 182
129 191
129 194
129 202
129 206
129 214
129 239
129 245
129 256
130 119
130 131
130 152
130 161
130 167
130 171
130 172
130 173
130 174
130 175
130 182
130 191
130 194
130 202
130 206
130 214
130 239
130 245
130 256
131 119
131 131
131 152
131 161
131 167
131 171
131 172
131 173
131 174
131 175
131 182
131 191
131 194
131 202
131 206
131 214
131 239
131 245
131 256
132 119
132 131
132 152
132 161
132 167
132 171
132 172
132 173
132 174
132 175
132 182
132 191
132 194
132 202
132 206
132 214
132 239
132 245
132 256
133 119
133 131
133 152
133 161
133 167
133 171
133 172
133 173
133 174
133 175
133 182
133 191
133 194
133 202
133 206
133 214
133 245
133 256
134 152
134 161
134 167
134 171
134 172
134 173
134 174
134 175
134 182
134 191
134 194
134 202
134 206
134 214
134 227
134 245
134 256
134 258
135 152
135 167
135 171
135 172
135 173
135 174
135 175
135 182
135 191
135 194
135 202
135 206
135 214
135 227
135 245
135 256
135 258
136 152
136 167
136 171
136 172
136 173
136 174
136 175
136 182
136 191
136 194
136 202
136 206
136 214
136 227
136 245
136 256
136 258
137 152
137 167
137 171
137 172
137 173
137 174
137 175
137 182
137 191
137 194
137 202
137 206
137 214
137 227
137 245
137 256
137 258
138 167
138 171
138 172
138 173
138 174
138 175
138 182
138 191
138 194
138 202
138 206
138 214
138 245
138 256
138 258
139 167
139 171
139 172
139 173
139 174
139 175
139 182
139 191
139 194
139 202
139 206
139 214
139 245
139 256
139 258
140 143
140 167
140 171
140 172
140 173
140 174
140 175
140 178
140 191
140 194
140 202
140 205
140 206
140 214
140 234
140 245
140 256
140 258
141 143
141 167
141 171
141 172
141 173
141 174
141 175
141 178
141 191
141 194
141 202
141 205
141 206
141 214
141 234
141 245
141 256
141 258
142 165
142 167
142 171
142 172
142 173
142 174
142 175
142 178
142 191
142 205
142 206
142 214
142 234
142 237
142 245
142 256
142 258
143 165
143 167
143 171
143 172
143 173
143 174
143 175
143 178
143 191
143 205
143 206
143 214
143 234
143 237
143 245
143 256
143 258
144 167
144 171
144 172
144 173
144 174
144 175
144 178
144 191
144 205
144 206
144 214
144 234
144 237
144 245
144 255
144 256
144 258
145 167
145 171
145 172
145 173
145 175
145 178
145 191
145 205
145 206
145 214
145 234
145 237
145 245
145 255
145 256
145 258
146 167
146 171
146 172
146 173
146 191
146 205
146 206
146 214
146 234
146 237
146 245
146 255
146 256
146 258
147 167
147 171
147 172
147 173
147 191
147 205
147 206
147 214
147 234
147 237
147 245
147 255
147 256
147 258
148 167
148 171
148 172
148 173
148 191
148 205
148 206
148 214
148 234
148 237
148 245
148 255
148 256
148 258
149 167
149 171
149 172
149 173
149 191
149 205
149 206
149 214
149 234
149 237
149 245
149 255
149 256
149 258
150 167
150 171
150 172
150 173
150 191
150 205
150 206
150 214
150 234
150 237
150 245
150 255
150 256
150 258
151 167
151 171
151 172
151 173
151 191
151 205
151 206
151 214
151 234
151 237
151 245
151 255
151 256
151 258
152 171
152 172
152 173
152 191
152 205
152 206
152 214
152 219
152 234
152 237
152 245
152 255
152 256
152 258
153 171
153 172
153 173
153 191
153 205
153 206
153 214
153 219
153 230
153 234
153 237
153 245
153 255
153 256
153 258
154 171
154 172
154 173
154 191
154 205
154 206
154 214
154 219
154 230
154 234
154 245
154 251
154 255
154 256
154 258
155 171
155 172
155 173
155 191
155 205
155 206
155 214
155 219
155 230
155 234
155 245
155 251
155 255
155 256
155 258
156 171
156 172
156 173
156 191
156 205
156 206
156 214
156 219
156 230
156 234
156 245
156 251
156 255
156 256
156 258
157 171
157 172
157 173
157 191
157 205
157 206
157 214
157 219
157 230
157 234
157 245
157 251
157 255
157 256
157 258
158 171
158 173
158 191
158 205
158 206
158 214
158 219
158 230
158 234
158 245
158 251
158 255
158 256
158 258
159 171
159 173
159 191
159 205
159 206
159 214
159 219
159 230
159 234
159 245
159 251
159 255
159 256
159 258
160 171
160 173
160 191
160 205
160 206
160 214
160 219
160 230
160 234
160 236
160 245
160 251
160 255
160 256
160 258
161 171
161 173
161 191
161 205
161 206
161 214
161 219
161 230
161 234
161 236
161 245
161 251
161 255
161 256
161 258
162 171
162 173
162 191
162 205
162 206
162 214
162 219
162 230
162 234
162 235
162 236
162 245
162 251
162 254
162 255
162 256
162 258
163 173
163 191
163 205
163 206
163 214
163 219
163 230
163 234
163 235
163 236
163 245
163 251
163 254
163 255
163 256
163 258
164 173
164 191
164 205
164 206
164 214
164 219
164 230
164 234
164 235
164 236
164 245
164 251
164 254
164 255
164 256
164 258
165 173
165 191
165 205
165 206
165 214
165 219
165 230
165 234
165 235
165 236
165 245
165 251
165 254
165 255
165 256
165 258
166 173
166 191
166 205
166 206
166 214
166 219
166 230
166 233
166 234
166 235
166 236
166 245
166 251
166 254
166 255
166 256
166 258
167 173
167 191
167 205
167 206
167 214
167 219
167 230
167 233
167 234
167 235
167 236
167 245
167 251
167 254
167 255
167 256
167 258
168 173
168 191
168 205
168 206
168 214
168 219
168 230
168 233
168 234
168 235
168 236
168 245
168 251
168 254
168 255
168 256
168 258
169 173
169 191
169 205
169 206
169 214
169 219
169 233
169 234
169 235
169 236
169 245
169 254
169 255
169 256
169 257
169 258
170 173
170 191
170 205
170 206
170 214
170 219
170 233
170 234
170 235
170 236
170 245
170 254
170 255
170 256
170 257
170 258
171 173
171 191
171 205
171 206
171 214
171 219
171 233
171 234
171 235
171 236
171 245
171 254
171 255
171 256
171 257
171 258
172 173
172 191
172 205
172 206
172 214
172 219
172 233
172 234
172 236
172 244
172 245
172 254
172 255
172 256
172 257
172 258
173 173
173 191
173 205
173 206
173 214
173 219
173 233
173 234
173 236
173 244
173 245
173 254
173 255
173 256
173 257
173 258
173 259
174 173
174 191
174 205
174 206
174 210
174 214
174 233
174 234
174 236
174 244
174 245
174 254
174 255
174 256
174 257
174 258
174 259
175 173
175 191
175 205
175 206
175 210
175 214
175 233
175 234
175 236
175 244
175 245
175 254
175 255
175 256
175 257
175 258
175 259
176 173
176 191
176 205
176 206
176 210
176 214
176 233
176 234
176 236
176 244
176 245
176 254
176 255
176 256
176 257
176 258
176 259
177 173
177 191
177 205
177 206
177 210
177 214
177 233
177 234
177 236
177 244
177 245
177 254
177 255
177 256
177 257
177 258
177 259
178 173
178 191
178 205
178 206
178 210
178 214
178 233
178 234
178 236
178 244
178 245
178 254
178 255
178 256
178 257
178 258
178 259
179 173
179 191
179 205
179 206
179 214
179 233
179 234
179 244
179 245
179 254
179 255
179 257
179 258
179 259
180 173
180 187
180 191
180 205
180 206
180 208
180 214
180 233
180 234
180 244
180 245
180 254
180 255
180 257
180 258
180 259
181 173
181 187
181 191
181 205
181 206
181 208
181 214
181 233
181 234
181 244
181 245
181 254
181 255
181 257
181 258
181 259
182 173
182 187
182 191
182 205
182 208
182 214
182 233
182 234
182 244
182 245
182 254
182 255
182 258
182 259
183 173
183 187
183 191
183 205
183 208
183 214
183 233
183 234
183 244
183 245
183 254
183 255
183 258
183 259
184 173
184 187
184 191
184 205
184 208
184 214
184 233
184 234
184 244
184 245
184 254
184 255
184 258
184 259
185 173
185 187
185 191
185 205
185 208
185 214
185 233
185 234
185 244
185 245
185 254
185 255
185 258
185 259
186 173
186 187
186 191
186 205
186 208
186 214
186 233
186 234
186 244
186 245
186 254
186 255
186 258
186 259
187 173
187 187
187 191
187 205
187 208
187 214
187 233
187 234
187 244
187 245
187 254
187 255
187 258
187 259
188 187
188 191
188 205
188 208
188 214
188 233
188 234
188 244
188 245
188 254
188 258
188 259
189 187
189 191
189 205
189 208
189 214
189 233
189 234
189 244
189 245
189 254
189 258
189 259
190 191
190 205
190 208
190 214
190 233
190 234
190 244
190 245
190 254
190 258
190 259
191 205
191 214
191 233
191 234
191 244
191 254
191 258
191 259
192 203
192 205
192 229
192 233
192 254
192 258
192 259
193 203
193 205
193 212
193 229
193 233
193 254
193 258
193 259
194 203
194 205
194 212
194 229
194 233
194 254
194 258
194 259
195 203
195 205
195 212
195 229
195 233
195 254
195 258
195 259
196 203
196 205
196 212
196 229
196 233
196 254
196 258
196 259
197 203
197 205
197 212
197 229
197 233
197 254
197 258
197 259
198 203
198 205
198 212
198 229
198 233
198 254
198 258
198 259
199 203
199 205
199 212
199 229
199 233
199 247
199 254
199 258
200 205
200 212
200 229
200 233
200 247
200 254
200 258
201 205
201 212
201 229
201 233
201 247
201 254
201 258
202 205
202 212
202 229
202 233
202 247
202 254
202 258
203 205
203 212
203 229
203 233
203 247
203 254
203 258
204 205
204 212
204 229
204 233
204 247
204 254
204 258
205 205
205 212
205 218
205 229
205 233
205 247
205 254
205 258
206 205
206 212
206 218
206 229
206 233
206 247
206 254
206 258
207 205
207 212
207 218
207 229
207 233
207 247
207 254
207 258
208 205
208 212
208 218
208 229
208 233
208 247
208 254
208 258
209 205
209 212
209 218
209 229
209 233
209 247
209 254
209 258
210 205
210 212
210 218
210 229
210 233
210 242
210 247
210 254
210 258
211 205
211 212
211 218
211 229
211 233
211 242
211 247
211 254
211 258
212 205
212 212
212 218
212 229
212 233
212 242
212 247
212 254
212 258
213 205
213 212
213 218
213 229
213 233
213 242
213 247
213 254
213 258
214 205
214 212
214 229
214 242
214 247
214 254
214 258
215 205
215 212
215 229
215 242
215 247
215 254
215 258
216 205
216 212
216 229
216 242
216 247
216 254
216 258
217 205
217 212
217 229
217 242
217 247
217 254
217 258
218 205
218 212
218 229
218 242
218 247
218 254
218 258
219 205
219 212
219 229
219 242
219 247
219 254
219 258
220 205
220 212
220 229
220 242
220 247
220 254
220 258
221 205
221 212
221 229
221 242
221 247
221 254
221 258
222 205
222 229
222 242
222 247
222 254
222 258
223 205
223 229
223 242
223 247
223 254
223 258
224 205
224 229
224 242
224 247
224 248
224 252
224 254
224 258
225 205
225 229
225 238
225 242
225 247
225 248
225 252
225 254
225 258
225 261
226 205
226 229
226 238
226 242
226 247
226 248
226 252
226 254
226 258
226 261
227 229
227 238
227 242
227 247
227 248
227 254
227 258
227 260
227 261
228 229
228 238
228 242
228 247
228 248
228 254
228 258
228 260
228 261
229 229
229 238
229 242
229 247
229 248
229 254
229 258
229 260
229 261
230 229
230 238
230 242
230 247
230 248
230 254
230 258
230 260
230 261
231 229
231 238
231 242
231 247
231 248
231 254
231 258
231 260
231 261
232 229
232 238
232 242
232 247
232 248
232 254
232 258
232 260
232 261
233 229
233 238
233 247
233 248
233 254
233 258
233 260
233 261
234 229
234 247
234 248
234 254
234 258
234 260
234 261
235 229
235 247
235 248
235 254
235 258
235 260
235 261
236 229
236 247
236 248
236 254
236 258
236 261
237 229
237 247
237 248
237 254
237 258
237 261
238 229
238 247
238 248
238 254
238 258
238 261
239 229
239 248
239 254
239 258
239 261
240 229
240 248
240 254
240 258
240 261
241 229
241 248
241 254
241 258
241 261
242 229
242 248
242 254
242 258
242 261
243 229
243 254
243 258
243 261
244 229
244 254
244 258
244 261
245 229
245 254
245 258
245 261
246 229
246 254
246 258
246 261
247 229
247 254
247 258
247 261
248 229
248 254
248 258
248 261
249 229
249 254
249 258
249 261
250 229
250 254
250 258
250 261
251 229
251 254
251 258
251 261
252 229
252 254
252 258
252 261
253 229
253 254
253 258
253 261
254 229
255 229
256 229
257 229
258 229
259 229
260 229
261 229
262 229
