0 1
0 5
0 6
0 9
0 205
1 12
1 31
1 90
1 97
1 105
1 109
1 159
1 205
2 2
2 14
2 25
2 47
2 56
2 65
2 79
2 90
2 97
2 105
2 109
2 137
2 154
2 159
2 205
3 2
3 4
3 14
3 19
3 25
3 56
3 65
3 69
3 79
3 90
3 97
3 105
3 109
3 137
3 154
3 159
3 205
4 2
4 4
4 14
4 19
4 25
4 56
4 65
4 69
4 79
4 90
4 97
4 104
4 105
4 109
4 137
4 154
4 159
4 205
5 8
5 11
5 19
5 25
5 56
5 65
5 69
5 79
5 90
5 97
5 104
5 109
5 137
5 154
5 159
5 205
6 11
6 19
6 25
6 56
6 65
6 69
6 79
6 97
6 104
6 109
6 128
6 137
6 154
6 159
6 205
6 223
7 13
7 16
7 50
7 65
7 70
7 79
7 97
7 108
7 109
7 124
7 128
7 133
7 137
7 154
7 159
7 190
7 223
7 228
8 16
8 50
8 65
8 70
8 79
8 97
8 108
8 109
8 124
8 128
8 133
8 137
8 154
8 159
8 190
8 223
8 228
9 15
9 17
9 50
9 52
9 65
9 70
9 97
9 108
9 109
9 110
9 124
9 128
9 133
9 137
9 154
9 159
9 190
9 223
9 228
10 17
10 18
10 24
10 30
10 52
10 61
10 65
10 70
10 97
10 108
10 109
10 110
10 124
10 128
10 133
10 137
10 154
10 159
10 180
10 190
10 223
10 228
10 236
11 17
11 18
11 24
11 30
11 52
11 61
11 65
11 97
11 108
11 109
11 110
11 124
11 128
11 133
11 137
11 154
11 159
11 180
11 190
11 223
11 228
11 236
12 17
12 18
12 24
12 30
12 52
12 61
12 65
12 77
12 81
12 97
12 108
12 109
12 110
12 124
12 128
12 133
12 137
12 154
12 159
12 180
12 223
12 228
12 236
12 258
13 24
13 27
13 49
13 52
13 53
13 60
13 61
13 77
13 81
13 97
13 109
13 110
13 124
13 128
13 131
13 133
13 137
13 157
13 159
13 180
13 186
13 223
13 228
13 258
14 24
14 27
14 49
14 52
14 53
14 60
14 61
14 77
14 81
14 97
14 109
14 110
14 128
14 131
14 133
14 137
14 157
14 159
14 180
14 186
14 223
14 228
14 258
15 24
15 27
15 46
15 49
15 52
15 53
15 60
15 61
15 77
15 81
15 97
15 109
15 110
15 128
15 131
15 133
15 137
15 157
15 159
15 180
15 186
15 223
15 228
15 258
16 21
16 24
16 27
16 41
16 46
16 53
16 60
16 61
16 77
16 97
16 109
16 110
16 128
16 131
16 133
16 137
16 157
16 159
16 180
16 186
16 191
16 223
16 228
16 248
16 258
16 262
17 21
17 24
17 27
17 41
17 46
17 53
17 60
17 61
17 77
17 97
17 109
17 110
17 128
17 131
17 133
17 137
17 157
17 159
17 180
17 186
17 191
17 223
17 228
17 248
17 258
17 262
18 21
18 24
18 27
18 41
18 46
18 53
18 60
18 61
18 77
18 97
18 109
18 110
18 128
18 131
18 133
18 137
18 157
18 159
18 180
18 186
18 191
18 223
18 228
18 248
18 258
18 262
19 21
19 24
19 28
19 35
19 46
19 53
19 61
19 73
19 77
19 109
19 128
19 133
19 137
19 157
19 159
19 176
19 180
19 186
19 191
19 223
19 228
19 248
19 258
19 262
20 21
20 28
20 35
20 53
20 61
20 73
20 77
20 109
20 128
20 133
20 137
20 157
20 159
20 176
20 180
20 186
20 191
20 223
20 228
20 248
20 258
20 262
21 28
21 32
21 35
21 53
21 61
21 62
21 73
21 75
21 77
21 128
21 133
21 137
21 139
21 149
21 157
21 159
21 176
21 180
21 186
21 223
21 228
21 248
21 258
21 262
22 28
22 32
22 33
22 35
22 53
22 61
22 62
22 73
22 75
22 77
22 128
22 133
22 137
22 139
22 149
22 157
22 159
22 176
22 180
22 223
22 228
22 248
22 258
22 262
23 35
23 53
23 61
23 62
23 73
23 75
23 77
23 128
23 133
23 137
23 139
23 149
23 157
23 159
23 176
23 223
23 228
23 248
23 258
23 262
24 37
24 53
24 61
24 62
24 73
24 75
24 77
24 128
24 133
24 137
24 139
24 149
24 157
24 159
24 176
24 223
24 228
24 248
24 258
24 262
25 29
25 34
25 36
25 53
25 58
25 62
25 73
25 75
25 83
25 130
25 133
25 136
25 137
25 139
25 157
25 159
25 176
25 223
25 228
25 248
25 258
25 262
26 29
26 34
26 36
26 53
26 58
26 62
26 73
26 75
26 83
26 120
26 130
26 133
26 136
26 137
26 139
26 157
26 159
26 176
26 223
26 228
26 248
26 258
26 262
27 29
27 34
27 36
27 45
27 53
27 58
27 62
27 73
27 75
27 83
27 120
27 130
27 133
27 136
27 137
27 139
27 157
27 159
27 176
27 223
27 228
27 248
27 258
27 262
28 29
28 36
28 45
28 58
28 62
28 73
28 75
28 80
28 83
28 120
28 130
28 133
28 136
28 137
28 139
28 157
28 159
28 176
28 223
28 228
28 248
28 258
28 262
29 36
29 45
29 58
29 62
29 73
29 75
29 80
29 83
29 120
29 130
29 133
29 136
29 137
29 139
29 157
29 164
29 176
29 223
29 228
29 248
29 258
29 262
30 36
30 45
30 58
30 62
30 73
30 75
30 80
30 83
30 120
30 130
30 133
30 136
30 137
30 139
30 157
30 164
30 176
30 223
30 228
30 248
30 258
30 262
31 45
31 58
31 62
31 73
31 75
31 80
31 83
31 120
31 130
31 133
31 136
31 137
31 139
31 157
31 164
31 176
31 223
31 228
31 248
31 258
31 262
32 45
32 62
32 73
32 75
32 80
32 83
32 120
32 130
32 133
32 136
32 137
32 139
32 152
32 157
32 164
32 176
32 228
32 248
32 258
32 262
33 45
33 62
33 73
33 75
33 80
33 83
33 120
33 130
33 133
33 136
33 137
33 139
33 152
33 157
33 164
33 176
33 228
33 248
33 258
33 262
34 45
34 62
34 73
34 75
34 80
34 83
34 120
34 130
34 133
34 136
34 137
34 139
34 152
34 157
34 164
34 176
34 185
34 228
34 248
34 258
34 262
35 45
35 62
35 73
35 75
35 80
35 83
35 120
35 130
35 133
35 136
35 137
35 152
35 157
35 164
35 176
35 185
35 228
35 248
35 258
35 262
36 45
36 62
36 73
36 75
36 80
36 83
36 92
36 111
36 130
36 133
36 152
36 157
36 164
36 174
36 176
36 185
36 228
36 248
36 258
36 262
37 45
37 51
37 62
37 73
37 75
37 80
37 83
37 92
37 103
37 111
37 130
37 133
37 140
37 152
37 157
37 164
37 174
37 176
37 185
37 228
37 248
37 258
37 262
38 42
38 43
38 45
38 48
38 66
38 73
38 75
38 80
38 83
38 87
38 92
38 103
38 111
38 121
38 129
38 130
38 152
38 157
38 164
38 174
38 176
38 185
38 228
38 248
38 258
38 262
39 42
39 43
39 45
39 48
39 66
39 73
39 75
39 80
39 83
39 87
39 92
39 103
39 111
39 121
39 129
39 130
39 152
39 157
39 164
39 174
39 176
39 185
39 228
39 248
39 258
39 262
40 42
40 43
40 48
40 54
40 66
40 75
40 80
40 83
40 87
40 92
40 111
40 121
40 129
40 130
40 152
40 157
40 164
40 165
40 174
40 176
40 185
40 228
40 248
40 258
40 262
41 43
41 48
41 54
41 66
41 75
41 80
41 87
41 92
41 111
41 121
41 129
41 130
41 152
41 157
41 164
41 165
41 174
41 176
41 185
41 228
41 248
41 258
41 262
42 43
42 48
42 54
42 66
42 75
42 80
42 87
42 92
42 111
42 121
42 129
42 130
42 152
42 157
42 164
42 165
42 174
42 176
42 185
42 216
42 228
42 248
42 253
42 258
42 262
43 48
43 67
43 75
43 76
43 80
43 87
43 92
43 113
43 121
43 129
43 130
43 146
43 152
43 164
43 165
43 174
43 176
43 185
43 188
43 216
43 248
43 253
43 258
43 262
44 48
44 55
44 67
44 68
44 75
44 76
44 92
44 93
44 113
44 121
44 129
44 130
44 146
44 152
44 164
44 174
44 176
44 185
44 188
44 216
44 248
44 253
44 258
44 262
45 55
45 67
45 68
45 75
45 76
45 93
45 113
45 121
45 129
45 130
45 146
45 152
45 164
45 174
45 176
45 185
45 188
45 216
45 248
45 253
45 258
45 261
45 262
46 55
46 57
46 67
46 68
46 75
46 76
46 93
46 113
46 121
46 129
46 130
46 146
46 152
46 164
46 174
46 176
46 185
46 188
46 216
46 248
46 253
46 258
46 261
46 262
47 55
47 57
47 67
47 68
47 75
47 76
47 93
47 113
47 121
47 129
47 130
47 146
47 152
47 164
47 174
47 176
47 185
47 188
47 216
47 248
47 253
47 258
47 261
47 262
48 55
48 57
48 67
48 68
48 71
48 75
48 76
48 106
48 113
48 121
48 129
48 130
48 132
48 146
48 152
48 164
48 174
48 188
48 248
48 253
48 258
48 261
48 262
49 67
49 68
49 71
49 75
49 106
49 113
49 121
49 129
49 130
49 146
49 152
49 164
49 172
49 174
49 188
49 196
49 248
49 253
49 258
49 261
49 262
50 67
50 68
50 71
50 75
50 106
50 113
50 121
50 129
50 130
50 146
50 152
50 164
50 172
50 174
50 188
50 196
50 248
50 253
50 258
50 261
50 262
51 67
51 68
51 71
51 75
51 106
51 113
51 121
51 129
51 130
51 146
51 152
51 164
51 172
51 174
51 188
51 196
51 248
51 253
51 258
51 261
51 262
52 67
52 71
52 72
52 75
52 107
52 113
52 121
52 129
52 130
52 146
52 152
52 164
52 172
52 174
52 188
52 248
52 253
52 258
52 261
52 262
53 59
53 63
53 67
53 71
53 72
53 74
53 95
53 107
53 113
53 121
53 129
53 146
53 152
53 161
53 164
53 172
53 174
53 203
53 211
53 225
53 248
53 253
53 258
53 260
53 261
53 262
54 59
54 63
54 71
54 72
54 88
54 95
54 107
54 113
54 121
54 129
54 146
54 152
54 161
54 164
54 172
54 174
54 201
54 203
54 211
54 225
54 248
54 253
54 258
54 260
54 261
54 262
55 59
55 63
55 71
55 72
55 88
55 95
55 107
55 113
55 121
55 129
55 146
55 152
55 161
55 164
55 172
55 174
55 201
55 203
55 211
55 225
55 247
55 248
55 253
55 258
55 260
55 261
55 262
56 59
56 71
56 72
56 88
56 95
56 107
56 117
56 121
56 129
56 146
56 160
56 161
56 164
56 174
56 177
56 201
56 203
56 211
56 225
56 247
56 248
56 253
56 258
56 260
56 261
56 262
57 71
57 72
57 88
57 95
57 107
57 117
57 121
57 129
57 141
57 146
57 160
57 161
57 164
57 174
57 177
57 201
57 203
57 211
57 225
57 234
57 247
57 253
57 258
57 260
57 261
57 262
58 71
58 72
58 88
58 95
58 101
58 107
58 117
58 121
58 129
58 141
58 146
58 160
58 161
58 164
58 174
58 177
58 201
58 203
58 211
58 225
58 234
58 247
58 253
58 256
58 258
58 260
58 261
58 262
59 71
59 72
59 88
59 95
59 101
59 107
59 117
59 121
59 129
59 141
59 146
59 160
59 161
59 164
59 174
59 177
59 201
59 203
59 211
59 225
59 234
59 247
59 253
59 256
59 258
59 260
59 261
59 262
60 71
60 72
60 88
60 95
60 101
60 107
60 117
60 121
60 129
60 146
60 160
60 164
60 177
60 201
60 203
60 211
60 225
60 234
60 247
60 253
60 256
60 258
60 261
60 262
61 71
61 85
61 88
61 95
61 101
61 107
61 117
61 121
61 129
61 138
61 146
61 160
61 164
61 177
61 201
61 203
61 211
61 225
61 234
61 247
61 253
61 256
61 258
61 262
62 71
62 85
62 88
62 95
62 101
62 107
62 117
62 121
62 129
62 138
62 146
62 156
62 160
62 164
62 177
62 201
62 203
62 211
62 225
62 234
62 247
62 253
62 256
62 258
62 262
63 71
63 84
63 85
63 86
63 88
63 95
63 99
63 101
63 107
63 117
63 121
63 129
63 138
63 146
63 156
63 160
63 164
63 171
63 178
63 201
63 203
63 211
63 218
63 225
63 234
63 240
63 247
63 253
63 256
63 258
63 262
64 71
64 84
64 85
64 86
64 88
64 95
64 101
64 107
64 117
64 121
64 138
64 146
64 156
64 160
64 164
64 173
64 178
64 201
64 203
64 211
64 218
64 225
64 234
64 240
64 247
64 253
64 256
64 258
64 262
65 71
65 84
65 85
65 86
65 88
65 95
65 101
65 107
65 117
65 121
65 138
65 146
65 156
65 160
65 164
65 173
65 178
65 201
65 203
65 211
65 212
65 218
65 225
65 234
65 240
65 247
65 253
65 256
65 258
65 262
66 71
66 84
66 85
66 86
66 88
66 95
66 101
66 107
66 117
66 121
66 138
66 146
66 156
66 160
66 164
66 173
66 178
66 201
66 203
66 211
66 212
66 218
66 225
66 234
66 240
66 247
66 253
66 256
66 258
66 262
67 71
67 84
67 85
67 86
67 88
67 95
67 101
67 107
67 117
67 121
67 138
67 146
67 156
67 160
67 164
67 173
67 178
67 201
67 203
67 211
67 212
67 218
67 225
67 234
67 240
67 247
67 253
67 256
67 258
67 262
68 71
68 84
68 85
68 86
68 88
68 95
68 101
68 107
68 117
68 121
68 138
68 146
68 156
68 160
68 164
68 173
68 178
68 201
68 203
68 211
68 212
68 218
68 225
68 234
68 240
68 247
68 253
68 256
68 258
68 262
69 78
69 84
69 85
69 86
69 88
69 95
69 101
69 107
69 121
69 138
69 146
69 156
69 160
69 164
69 173
69 178
69 201
69 203
69 211
69 212
69 218
69 225
69 234
69 240
69 247
69 253
69 256
69 258
69 262
70 78
70 82
70 84
70 85
70 86
70 88
70 95
70 101
70 107
70 121
70 138
70 146
70 155
70 156
70 160
70 164
70 173
70 178
70 201
70 203
70 211
70 212
70 225
70 240
70 247
70 253
70 256
70 258
70 262
71 82
71 85
71 86
71 88
71 95
71 96
71 98
71 101
71 112
71 121
71 127
71 138
71 156
71 158
71 160
71 164
71 173
71 178
71 201
71 203
71 211
71 212
71 225
71 247
71 253
71 256
71 258
71 262
72 82
72 85
72 86
72 88
72 95
72 96
72 98
72 101
72 112
72 121
72 127
72 138
72 147
72 156
72 158
72 160
72 164
72 173
72 178
72 201
72 203
72 211
72 212
72 225
72 247
72 253
72 258
72 262
73 82
73 85
73 86
73 88
73 95
73 96
73 101
73 112
73 121
73 123
73 127
73 138
73 147
73 158
73 160
73 164
73 173
73 178
73 187
73 201
73 203
73 211
73 212
73 225
73 247
73 253
73 258
74 82
74 85
74 86
74 88
74 95
74 96
74 101
74 112
74 121
74 123
74 127
74 138
74 147
74 158
74 160
74 164
74 173
74 178
74 187
74 201
74 203
74 211
74 212
74 247
74 253
74 258
75 82
75 85
75 86
75 88
75 95
75 96
75 112
75 121
75 122
75 123
75 127
75 138
75 147
75 158
75 160
75 164
75 173
75 178
75 187
75 201
75 203
75 211
75 212
75 247
75 253
75 258
76 82
76 85
76 86
76 88
76 95
76 96
76 112
76 121
76 122
76 123
76 127
76 138
76 147
76 158
76 160
76 164
76 173
76 178
76 187
76 201
76 203
76 211
76 212
76 247
76 253
76 258
77 82
77 85
77 86
77 88
77 94
77 96
77 100
77 112
77 122
77 123
77 127
77 138
77 142
77 147
77 158
77 160
77 173
77 178
77 201
77 202
77 203
77 211
77 212
77 247
77 253
77 258
78 82
78 85
78 86
78 88
78 91
78 94
78 96
78 100
78 112
78 122
78 123
78 138
78 142
78 147
78 158
78 160
78 173
78 178
78 189
78 201
78 202
78 203
78 211
78 212
78 247
78 253
78 258
79 82
79 85
79 86
79 88
79 91
79 94
79 96
79 100
79 112
79 122
79 123
79 138
79 142
79 147
79 158
79 160
79 173
79 178
79 189
79 201
79 202
79 203
79 211
79 212
79 247
79 253
79 258
80 82
80 85
80 86
80 88
80 89
80 91
80 94
80 96
80 100
80 112
80 122
80 147
80 158
80 160
80 173
80 178
80 201
80 202
80 211
80 212
80 214
80 247
80 250
80 253
80 258
81 82
81 85
81 86
81 88
81 89
81 91
81 94
81 96
81 100
81 112
81 122
81 147
81 158
81 160
81 173
81 178
81 201
81 202
81 211
81 212
81 214
81 247
81 250
81 253
81 258
82 82
82 85
82 86
82 88
82 89
82 91
82 94
82 96
82 100
82 112
82 122
82 147
82 158
82 160
82 173
82 178
82 201
82 202
82 212
82 214
82 247
82 250
82 253
82 258
83 82
83 85
83 86
83 88
83 89
83 91
83 94
83 96
83 100
83 112
83 122
83 147
83 158
83 160
83 173
83 178
83 201
83 202
83 212
83 214
83 247
83 250
83 253
83 258
84 82
84 85
84 86
84 89
84 91
84 94
84 96
84 100
84 112
84 122
84 147
84 158
84 160
84 173
84 178
84 201
84 202
84 212
84 214
84 247
84 250
84 253
84 258
85 82
85 85
85 86
85 89
85 91
85 94
85 96
85 100
85 112
85 122
85 147
85 158
85 160
85 173
85 178
85 201
85 202
85 212
85 214
85 247
85 250
85 253
85 258
86 85
86 86
86 89
86 94
86 96
86 100
86 122
86 147
86 158
86 160
86 173
86 178
86 197
86 201
86 202
86 212
86 214
86 247
86 250
86 253
86 258
87 85
87 86
87 89
87 94
87 96
87 100
87 122
87 147
87 158
87 160
87 173
87 178
87 197
87 201
87 202
87 212
87 214
87 232
87 247
87 250
87 253
87 258
88 85
88 86
88 89
88 94
88 96
88 100
88 122
88 147
88 158
88 160
88 173
88 178
88 197
88 201
88 202
88 212
88 214
88 232
88 247
88 250
88 253
88 258
89 85
89 86
89 89
89 94
89 96
89 100
89 122
89 147
89 158
89 160
89 173
89 178
89 197
89 201
89 202
89 212
89 214
89 232
89 247
89 250
89 253
89 258
90 85
90 86
90 89
90 94
90 96
90 100
90 122
90 147
90 158
90 160
90 173
90 178
90 197
90 201
90 202
90 212
90 214
90 232
90 247
90 250
90 253
90 258
91 85
91 86
91 89
91 94
91 96
91 100
91 122
91 147
91 158
91 160
91 173
91 178
91 197
91 201
91 202
91 212
91 214
91 232
91 247
91 250
91 253
91 258
92 85
92 86
92 89
92 96
92 100
92 122
92 147
92 158
92 160
92 173
92 178
92 197
92 201
92 202
92 212
92 214
92 232
92 247
92 250
92 253
92 258
93 85
93 89
93 96
93 100
93 122
93 147
93 158
93 160
93 173
93 178
93 182
93 195
93 197
93 201
93 202
93 212
93 214
93 232
93 238
93 250
93 253
93 258
94 85
94 96
94 100
94 122
94 147
94 158
94 160
94 173
94 178
94 182
94 195
94 197
94 201
94 202
94 212
94 214
94 232
94 238
94 250
94 253
94 258
95 96
95 100
95 122
95 147
95 158
95 160
95 173
95 178
95 182
95 195
95 201
95 202
95 212
95 214
95 232
95 238
95 253
96 96
96 100
96 122
96 147
96 158
96 160
96 173
96 178
96 182
96 195
96 201
96 202
96 212
96 214
96 232
96 238
96 253
97 96
97 100
97 147
97 158
97 160
97 173
97 182
97 195
97 202
97 212
97 214
97 232
97 238
97 253
98 96
98 100
98 147
98 158
98 160
98 182
98 195
98 212
98 214
98 232
98 238
98 253
99 96
99 100
99 147
99 158
99 160
99 182
99 195
99 212
99 214
99 232
99 238
99 253
100 96
100 100
100 116
100 147
100 158
100 160
100 182
100 195
100 212
100 214
100 232
100 238
100 253
101 96
101 100
101 115
101 116
101 147
101 158
101 160
101 182
101 195
101 212
101 214
101 232
101 238
101 253
102 96
102 100
102 115
102 116
102 147
102 158
102 160
102 182
102 195
102 212
102 214
102 232
102 238
102 253
103 96
103 100
103 115
103 116
103 118
103 147
103 158
103 160
103 182
103 195
103 212
103 214
103 232
103 238
103 253
104 96
104 100
104 115
104 116
104 118
104 147
104 158
104 160
104 182
104 195
104 212
104 214
104 232
104 238
104 253
105 96
105 100
105 115
105 116
105 118
105 147
105 158
105 160
105 182
105 195
105 212
105 214
105 232
105 238
105 253
106 96
106 100
106 115
106 116
106 118
106 143
106 147
106 158
106 160
106 182
106 195
106 212
106 214
106 232
106 238
106 253
107 96
107 100
107 115
107 116
107 118
107 143
107 147
107 158
107 160
107 182
107 195
107 212
107 214
107 232
107 238
107 253
108 115
108 116
108 118
108 143
108 158
108 160
108 182
108 195
108 204
108 212
108 214
108 232
108 238
108 253
109 115
109 116
109 118
109 143
109 158
109 160
109 182
109 195
109 204
109 212
109 214
109 232
109 238
109 253
110 116
110 118
110 143
110 158
110 160
110 166
110 168
110 182
110 195
110 204
110 212
110 214
110 232
110 238
110 253
111 114
111 143
111 160
111 166
111 168
111 195
111 204
111 214
111 232
111 238
111 253
112 114
112 143
112 160
112 166
112 168
112 195
112 204
112 214
112 232
112 238
112 253
113 114
113 119
113 166
113 168
113 179
113 195
113 214
113 232
113 238
113 253
114 119
114 150
114 179
114 195
114 214
114 238
115 134
115 150
115 179
115 195
115 214
115 238
116 150
116 179
116 214
116 238
117 145
117 150
117 179
117 214
117 238
118 145
118 150
118 179
118 214
118 238
119 145
119 150
119 179
119 214
119 238
119 242
120 135
120 145
120 150
120 179
120 183
120 184
120 214
120 238
120 242
121 135
121 145
121 150
121 179
121 183
121 184
121 214
121 238
121 242
122 125
122 126
122 135
122 150
122 179
122 183
122 214
122 238
122 242
123 125
123 126
123 135
123 150
123 175
123 179
123 183
123 214
123 238
123 242
124 125
124 126
124 135
124 150
124 175
124 179
124 183
124 214
124 238
124 242
125 125
125 126
125 135
125 150
125 175
125 179
125 183
125 214
125 238
125 242
126 125
126 135
126 150
126 175
126 179
126 183
126 214
126 238
126 242
127 125
127 135
127 150
127 175
127 179
127 183
127 214
127 238
127 242
128 125
128 135
128 150
128 175
128 179
128 183
128 214
128 238
128 242
129 135
129 150
129 169
129 175
129 179
129 183
129 214
129 238
129 242
130 135
130 150
130 169
130 175
130 179
130 183
130 214
130 238
130 242
131 135
131 150
131 169
131 175
131 179
131 183
131 214
131 238
131 242
132 135
132 150
132 169
132 175
132 179
132 183
132 214
132 238
132 242
133 135
133 150
133 163
133 169
133 175
133 179
133 183
133 214
133 238
133 242
134 135
134 150
134 163
134 169
134 175
134 179
134 183
134 214
134 238
134 242
135 135
135 150
135 163
135 169
135 175
135 179
135 183
135 214
135 238
135 242
136 135
136 150
136 163
136 169
136 175
136 179
136 183
136 214
136 217
136 238
136 242
137 135
137 150
137 163
137 169
137 175
137 179
137 183
137 214
137 217
137 238
137 242
138 135
138 163
138 169
138 170
138 175
138 179
138 183
138 214
138 217
138 238
138 242
139 163
139 169
139 170
139 175
139 179
139 183
139 214
139 217
139 237
139 238
139 242
139 249
140 163
140 169
140 170
140 175
140 179
140 183
140 214
140 217
140 237
140 238
140 242
140 249
141 163
141 169
141 170
141 175
141 179
141 183
141 214
141 217
141 237
141 238
141 242
141 249
142 163
142 169
142 170
142 175
142 179
142 183
142 214
142 217
142 237
142 238
142 242
142 249
143 163
143 167
143 169
143 170
143 175
143 179
143 183
143 213
143 214
143 237
143 242
143 249
144 163
144 167
144 169
144 170
144 175
144 179
144 183
144 213
144 214
144 237
144 242
144 249
145 163
145 167
145 169
145 170
145 175
145 179
145 183
145 213
145 214
145 237
145 242
145 249
146 163
146 167
146 169
146 170
146 175
146 179
146 183
146 213
146 214
146 237
146 242
146 249
147 163
147 167
147 169
147 170
147 175
147 179
147 183
147 213
147 214
147 237
147 242
147 249
148 163
148 167
148 169
148 170
148 175
148 179
148 183
148 213
148 214
148 237
148 242
148 249
149 163
149 167
149 169
149 170
149 175
149 179
149 183
149 213
149 214
149 237
149 242
149 249
150 163
150 167
150 169
150 170
150 175
150 179
150 183
150 213
150 214
150 237
150 249
151 153
151 163
151 167
151 169
151 170
151 175
151 179
151 183
151 213
151 214
151 237
151 249
152 163
152 167
152 169
152 170
152 175
152 179
152 183
152 210
152 213
152 214
152 237
152 243
152 249
153 163
153 167
153 169
153 170
153 175
153 179
153 183
153 210
153 213
153 214
153 237
153 243
153 249
154 163
154 167
154 169
154 170
154 175
154 179
154 183
154 210
154 213
154 220
154 237
154 243
155 163
155 167
155 169
155 170
155 175
155 179
155 183
155 210
155 213
155 220
155 237
155 243
156 163
156 169
156 170
156 175
156 179
156 183
156 193
156 210
156 213
156 220
156 224
156 237
156 243
157 163
157 169
157 170
157 175
157 179
157 183
157 193
157 210
157 213
157 220
157 224
157 237
157 243
158 163
158 169
158 170
158 175
158 179
158 183
158 193
158 199
158 210
158 213
158 220
158 224
158 237
158 243
159 162
159 163
159 169
159 170
159 175
159 179
159 183
159 193
159 199
159 210
159 213
159 220
159 237
159 243
159 244
160 162
160 163
160 169
160 170
160 175
160 179
160 183
160 193
160 199
160 210
160 213
160 220
160 237
160 243
160 244
161 163
161 169
161 170
161 175
161 179
161 183
161 193
161 199
161 210
161 213
161 220
161 237
161 243
161 244
162 163
162 169
162 175
162 179
162 183
162 193
162 199
162 210
162 213
162 220
162 237
162 243
162 244
163 163
163 169
163 175
163 179
163 183
163 193
163 199
163 210
163 213
163 220
163 237
163 243
163 244
164 163
164 169
164 175
164 179
164 183
164 193
164 199
164 210
164 213
164 220
164 237
164 243
164 244
165 163
165 169
165 175
165 179
165 183
165 192
165 193
165 199
165 210
165 213
165 220
165 237
165 243
165 244
166 169
166 175
166 179
166 183
166 192
166 193
166 199
166 210
166 213
166 220
166 237
166 243
166 244
167 169
167 175
167 179
167 183
167 192
167 193
167 199
167 210
167 213
167 220
167 237
167 243
167 244
168 169
168 175
168 179
168 183
168 193
168 199
168 210
168 213
168 220
168 237
168 243
168 244
169 169
169 175
169 179
169 183
169 193
169 199
169 210
169 213
169 237
169 243
169 244
170 169
170 175
170 179
170 181
170 183
170 193
170 198
170 199
170 210
170 213
170 237
170 243
170 244
171 169
171 175
171 179
171 181
171 183
171 193
171 198
171 199
171 210
171 213
171 237
171 243
171 244
171 245
172 169
172 175
172 179
172 181
172 183
172 193
172 198
172 199
172 210
172 213
172 237
172 243
172 244
172 245
173 169
173 175
173 181
173 183
173 193
173 194
173 198
173 199
173 210
173 213
173 237
173 243
173 245
174 169
174 175
174 181
174 183
174 193
174 194
174 198
174 199
174 210
174 213
174 237
174 245
175 169
175 175
175 181
175 183
175 193
175 194
175 198
175 199
175 210
175 213
175 237
175 245
176 169
176 175
176 181
176 193
176 194
176 198
176 199
176 210
176 213
176 237
176 245
177 169
177 175
177 181
177 193
177 194
177 198
177 199
177 210
177 213
177 237
177 245
178 169
178 175
178 181
178 193
178 194
178 198
178 199
178 210
178 213
178 235
178 237
178 245
179 169
179 175
179 181
179 193
179 194
179 198
179 199
179 210
179 213
179 235
179 237
179 245
180 169
180 175
180 181
180 193
180 194
180 198
180 199
180 210
180 213
180 219
180 235
180 245
181 169
181 175
181 181
181 193
181 194
181 199
181 210
181 213
181 219
181 221
181 235
181 245
182 169
182 175
182 181
182 193
182 194
182 199
182 210
182 213
182 219
182 221
182 235
182 245
183 169
183 175
183 181
183 193
183 194
183 199
183 210
183 213
183 219
183 221
183 235
183 245
184 169
184 175
184 193
184 194
184 199
184 209
184 210
184 213
184 219
184 221
184 235
184 245
185 169
185 175
185 193
185 194
185 199
185 209
185 210
185 213
185 219
185 221
185 235
185 245
186 175
186 193
186 194
186 206
186 208
186 209
186 210
186 213
186 219
186 221
186 226
186 235
186 245
187 175
187 193
187 194
187 206
187 208
187 209
187 210
187 213
187 219
187 221
187 226
187 235
187 245
188 175
188 193
188 194
188 206
188 208
188 209
188 210
188 213
188 219
188 221
188 226
188 235
188 245
189 175
189 193
189 194
189 206
189 208
189 209
189 210
189 213
189 219
189 221
189 226
189 235
189 245
190 175
190 193
190 194
190 206
190 208
190 209
190 210
190 213
190 221
190 226
190 235
190 245
191 175
191 193
191 194
191 206
191 208
191 209
191 210
191 213
191 221
191 226
191 235
191 245
192 175
192 193
192 194
192 206
192 208
192 209
192 210
192 213
192 221
192 226
192 235
192 245
193 175
193 193
193 194
193 206
193 208
193 209
193 210
193 213
193 221
193 226
193 235
193 245
194 175
194 193
194 194
194 206
194 208
194 210
194 213
194 215
194 221
194 226
194 235
194 245
194 257
195 175
195 193
195 194
195 206
195 208
195 210
195 213
195 215
195 221
195 235
195 245
195 257
196 175
196 193
196 194
196 206
196 210
196 213
196 215
196 221
196 235
196 245
196 257
197 175
197 193
197 194
197 206
197 210
197 213
197 215
197 221
197 235
197 245
197 257
198 194
198 210
198 213
198 215
198 221
198 231
198 245
198 255
199 194
199 210
199 213
199 215
199 221
199 227
199 231
199 245
199 255
200 194
200 210
200 213
200 215
200 221
200 227
200 231
200 245
200 255
201 194
201 210
201 213
201 215
201 221
201 227
201 231
201 245
201 255
202 194
202 210
202 213
202 215
202 221
202 227
202 231
202 245
202 255
203 194
203 210
203 213
203 215
203 221
203 227
203 231
203 245
203 255
204 194
204 210
204 213
204 215
204 221
204 227
204 231
204 245
204 255
205 194
205 210
205 213
205 221
205 227
205 231
205 245
205 255
206 194
206 213
206 221
206 227
206 231
206 233
206 245
206 255
207 194
207 213
207 221
207 227
207 231
207 233
207 245
207 255
208 194
208 213
208 221
208 227
208 231
208 233
208 245
208 255
209 194
209 213
209 221
209 227
209 231
209 233
209 245
209 255
210 194
210 213
210 221
210 222
210 227
210 231
210 233
210 245
210 255
211 194
211 213
211 221
211 222
211 227
211 231
211 233
211 245
211 255
212 194
212 213
212 221
212 222
212 227
212 231
212 233
212 245
212 255
213 194
213 213
213 221
213 222
213 227
213 233
213 239
213 241
213 245
213 246
214 194
214 213
214 221
214 222
214 227
214 233
214 239
214 241
214 245
214 246
215 194
215 213
215 222
215 227
215 233
215 239
215 241
215 245
215 254
216 213
216 222
216 227
216 233
216 241
216 245
216 251
216 252
216 254
217 213
217 222
217 227
217 233
217 241
217 245
217 251
217 252
217 254
218 213
218 227
218 233
218 241
218 245
218 251
218 252
218 254
219 227
219 233
219 241
219 245
219 251
219 252
219 254
220 227
220 233
220 241
220 245
220 251
220 252
220 254
221 227
221 233
221 241
221 245
221 251
221 252
221 254
222 227
222 233
222 241
222 245
222 252
222 254
223 227
223 233
223 241
223 245
223 252
223 254
224 233
224 241
224 245
224 252
224 254
225 233
225 241
225 245
225 254
226 233
226 241
226 245
226 254
227 233
227 241
227 245
227 254
228 233
228 241
228 245
228 254
229 233
229 241
229 245
229 254
230 233
230 241
230 245
230 254
231 233
231 241
231 254
232 233
232 241
232 259
233 233
233 241
233 259
234 233
234 241
234 259
235 233
235 241
235 259
236 233
236 259
237 233
237 259
238 233
238 259
239 233
239 259
240 233
240 259
241 233
241 259
242 233
242 259
243 233
243 259
244 233
244 259
245 233
245 259
246 233
246 259
247 233
247 259
248 233
248 259
249 233
249 259
250 233
250 259
251 233
251 259
252 233
252 259
253 233
253 259
254 233
254 259
255 233
255 259
256 233
256 259
257 233
257 259
258 233
258 259
259 233
259 259
260 233
260 259
261 233
261 259
262 233
262 259
