0 4
1 11
1 26
1 83
1 102
1 109
1 110
1 182
2 19
2 42
2 51
2 65
2 102
2 109
2 110
2 138
2 182
3 9
3 19
3 42
3 51
3 66
3 71
3 102
3 109
3 110
3 138
3 182
4 19
4 20
4 42
4 51
4 71
4 73
4 75
4 102
4 109
4 110
4 112
4 138
4 182
4 225
5 16
5 17
5 20
5 21
5 29
5 63
5 71
5 75
5 79
5 102
5 109
5 110
5 112
5 138
5 182
5 225
6 10
6 16
6 17
6 20
6 21
6 29
6 63
6 71
6 75
6 79
6 102
6 109
6 110
6 112
6 138
6 182
6 225
7 10
7 16
7 17
7 20
7 21
7 29
7 63
7 71
7 75
7 79
7 102
7 109
7 110
7 112
7 138
7 182
7 225
8 10
8 16
8 17
8 20
8 21
8 29
8 63
8 71
8 75
8 79
8 102
8 109
8 110
8 112
8 138
8 182
8 225
9 10
9 17
9 20
9 22
9 29
9 63
9 71
9 75
9 102
9 109
9 110
9 112
9 114
9 138
9 182
9 225
10 17
10 29
10 62
10 63
10 75
10 77
10 102
10 110
10 112
10 114
10 119
10 138
10 168
10 182
10 225
10 242
11 17
11 29
11 62
11 63
11 75
11 77
11 102
11 110
11 112
11 114
11 119
11 138
11 168
11 182
11 225
11 242
12 17
12 29
12 62
12 63
12 75
12 77
12 102
12 110
12 112
12 114
12 119
12 138
12 168
12 182
12 225
12 242
13 49
13 60
13 62
13 63
13 75
13 77
13 102
13 110
13 112
13 114
13 119
13 138
13 150
13 168
13 182
13 225
13 241
13 242
14 49
14 60
14 62
14 63
14 75
14 77
14 102
14 110
14 112
14 119
14 138
14 150
14 168
14 182
14 225
14 241
14 242
15 49
15 60
15 62
15 63
15 75
15 77
15 102
15 110
15 112
15 119
15 138
15 168
15 182
15 225
15 241
15 242
15 243
16 49
16 60
16 62
16 63
16 75
16 77
16 102
16 110
16 112
16 119
16 138
16 168
16 182
16 225
16 241
16 242
16 243
17 30
17 49
17 60
17 62
17 63
17 75
17 77
17 102
17 110
17 112
17 119
17 138
17 168
17 182
17 225
17 241
17 242
17 243
18 30
18 49
18 60
18 62
18 63
18 75
18 77
18 102
18 110
18 112
18 119
18 138
18 168
18 182
18 225
18 241
18 242
18 243
19 30
19 49
19 62
19 63
19 77
19 102
19 110
19 112
19 119
19 138
19 168
19 182
19 225
19 241
19 242
19 243
19 251
20 23
20 27
20 30
20 33
20 35
20 36
20 37
20 49
20 52
20 54
20 61
20 62
20 69
20 94
20 95
20 100
20 102
20 103
20 110
20 112
20 120
20 121
20 138
20 142
20 157
20 180
20 194
20 216
20 225
20 234
20 241
20 242
20 243
20 251
21 23
21 27
21 30
21 33
21 35
21 36
21 37
21 49
21 52
21 54
21 61
21 62
21 94
21 95
21 100
21 102
21 103
21 110
21 112
21 120
21 121
21 138
21 142
21 157
21 180
21 194
21 216
21 225
21 234
21 241
21 242
21 243
21 251
22 23
22 27
22 30
22 33
22 35
22 36
22 37
22 49
22 52
22 54
22 61
22 62
22 94
22 95
22 100
22 102
22 103
22 110
22 112
22 120
22 121
22 138
22 142
22 157
22 180
22 194
22 216
22 225
22 234
22 241
22 242
22 243
22 251
23 23
23 27
23 30
23 33
23 35
23 36
23 37
23 49
23 52
23 54
23 61
23 62
23 94
23 95
23 100
23 103
23 110
23 112
23 120
23 121
23 138
23 142
23 152
23 157
23 180
23 194
23 216
23 225
23 234
23 241
23 242
23 243
23 251
24 27
24 28
24 30
24 33
24 35
24 36
24 37
24 45
24 49
24 54
24 61
24 62
24 94
24 95
24 97
24 100
24 103
24 110
24 112
24 120
24 121
24 138
24 142
24 152
24 157
24 180
24 194
24 216
24 225
24 234
24 241
24 242
24 243
24 251
25 28
25 30
25 33
25 35
25 36
25 37
25 44
25 45
25 49
25 56
25 61
25 62
25 94
25 95
25 97
25 100
25 103
25 108
25 110
25 112
25 120
25 121
25 138
25 142
25 152
25 157
25 180
25 194
25 212
25 216
25 225
25 234
25 241
25 242
25 243
25 251
26 36
26 37
26 45
26 56
26 62
26 86
26 94
26 97
26 100
26 103
26 108
26 110
26 112
26 120
26 121
26 123
26 138
26 142
26 152
26 157
26 180
26 194
26 212
26 216
26 225
26 234
26 241
26 242
26 243
26 251
27 36
27 37
27 56
27 62
27 86
27 94
27 97
27 100
27 103
27 108
27 110
27 112
27 120
27 121
27 123
27 138
27 142
27 152
27 157
27 180
27 194
27 212
27 216
27 225
27 234
27 241
27 242
27 243
27 251
28 36
28 37
28 55
28 56
28 62
28 86
28 94
28 97
28 100
28 103
28 110
28 112
28 120
28 121
28 123
28 138
28 142
28 152
28 157
28 169
28 180
28 194
28 212
28 216
28 222
28 225
28 234
28 242
28 243
28 251
29 36
29 37
29 55
29 56
29 62
29 86
29 94
29 97
29 100
29 103
29 110
29 112
29 120
29 121
29 123
29 138
29 142
29 152
29 157
29 169
29 180
29 194
29 212
29 216
29 222
29 225
29 234
29 242
29 243
29 251
30 36
30 37
30 40
30 55
30 56
30 86
30 94
30 97
30 100
30 103
30 121
30 123
30 128
30 138
30 142
30 152
30 157
30 169
30 194
30 212
30 216
30 222
30 225
30 234
30 242
30 243
30 251
31 36
31 37
31 40
31 55
31 56
31 86
31 94
31 100
31 103
31 121
31 123
31 128
31 138
31 142
31 152
31 157
31 169
31 194
31 212
31 216
31 222
31 225
31 234
31 242
31 243
31 251
32 36
32 37
32 39
32 40
32 55
32 56
32 86
32 94
32 100
32 103
32 121
32 123
32 128
32 138
32 142
32 152
32 157
32 169
32 194
32 212
32 216
32 222
32 225
32 234
32 242
32 243
32 251
33 36
33 37
33 39
33 40
33 56
33 86
33 94
33 100
33 103
33 121
33 123
33 128
33 138
33 142
33 152
33 157
33 169
33 194
33 199
33 212
33 216
33 222
33 225
33 234
33 242
33 243
33 251
34 37
34 39
34 40
34 46
34 56
34 68
34 86
34 87
34 100
34 103
34 123
34 128
34 142
34 148
34 157
34 169
34 194
34 199
34 212
34 216
34 225
34 234
34 242
34 243
34 251
35 37
35 39
35 40
35 43
35 46
35 68
35 86
35 87
35 100
35 103
35 123
35 128
35 142
35 148
35 157
35 169
35 194
35 199
35 212
35 216
35 225
35 234
35 242
35 243
35 251
36 37
36 39
36 40
36 43
36 46
36 68
36 86
36 87
36 100
36 103
36 123
36 128
36 142
36 148
36 157
36 169
36 194
36 199
36 212
36 216
36 225
36 234
36 242
36 243
36 251
37 37
37 39
37 40
37 43
37 46
37 53
37 68
37 86
37 87
37 100
37 103
37 123
37 128
37 142
37 148
37 157
37 169
37 194
37 199
37 212
37 216
37 225
37 234
37 242
37 243
37 251
38 37
38 39
38 40
38 46
38 53
38 86
38 87
38 100
38 103
38 123
38 128
38 142
38 148
38 157
38 169
38 175
38 194
38 199
38 212
38 216
38 234
38 242
38 243
38 251
39 39
39 40
39 46
39 48
39 53
39 78
39 86
39 91
39 100
39 103
39 104
39 123
39 128
39 129
39 142
39 148
39 157
39 169
39 194
39 199
39 212
39 216
39 234
39 242
39 251
40 40
40 48
40 50
40 78
40 91
40 100
40 103
40 104
40 118
40 123
40 128
40 129
40 142
40 157
40 165
40 169
40 194
40 199
40 202
40 212
40 216
40 234
40 242
40 250
40 251
41 40
41 48
41 50
41 78
41 91
41 100
41 103
41 104
41 118
41 123
41 128
41 129
41 142
41 157
41 165
41 169
41 194
41 199
41 202
41 212
41 216
41 234
41 242
41 250
41 251
42 40
42 48
42 50
42 78
42 91
42 100
42 103
42 104
42 118
42 123
42 128
42 129
42 142
42 157
42 165
42 169
42 194
42 199
42 202
42 212
42 216
42 234
42 242
42 250
42 251
43 40
43 48
43 78
43 91
43 100
43 103
43 104
43 118
43 128
43 129
43 142
43 157
43 165
43 169
43 194
43 199
43 202
43 212
43 216
43 234
43 242
43 250
43 251
44 40
44 48
44 67
44 78
44 91
44 100
44 103
44 104
44 118
44 128
44 129
44 142
44 157
44 165
44 169
44 194
44 199
44 202
44 212
44 216
44 234
44 242
44 250
44 251
45 40
45 48
45 67
45 78
45 91
45 96
45 100
45 103
45 104
45 118
45 128
45 129
45 142
45 165
45 169
45 194
45 199
45 202
45 212
45 216
45 234
45 242
45 250
45 251
46 40
46 48
46 67
46 78
46 91
46 96
46 100
46 103
46 118
46 128
46 129
46 142
46 165
46 169
46 194
46 199
46 202
46 212
46 216
46 234
46 242
46 250
46 251
47 57
47 64
47 67
47 89
47 90
47 92
47 96
47 101
47 103
47 118
47 129
47 163
47 165
47 169
47 170
47 188
47 202
47 212
47 215
47 216
47 242
47 250
47 251
48 57
48 64
48 67
48 85
48 89
48 90
48 92
48 96
48 101
48 103
48 118
48 129
48 163
48 165
48 169
48 170
48 188
48 202
48 212
48 215
48 216
48 242
48 250
48 251
49 57
49 64
49 67
49 85
49 89
49 90
49 92
49 96
49 101
49 103
49 129
49 163
49 165
49 169
49 170
49 171
49 188
49 202
49 212
49 215
49 216
49 219
49 242
49 250
49 251
50 57
50 64
50 67
50 85
50 89
50 90
50 92
50 96
50 101
50 103
50 129
50 163
50 165
50 169
50 170
50 171
50 188
50 202
50 212
50 215
50 216
50 219
50 242
50 250
50 251
51 57
51 64
51 67
51 89
51 90
51 92
51 93
51 96
51 103
51 126
51 129
51 130
51 163
51 165
51 169
51 170
51 171
51 188
51 202
51 215
51 216
51 219
51 242
51 250
51 251
52 57
52 64
52 67
52 89
52 90
52 92
52 93
52 96
52 103
52 126
52 129
52 130
52 163
52 165
52 169
52 170
52 171
52 188
52 202
52 215
52 216
52 219
52 242
52 250
52 251
53 57
53 59
53 64
53 67
53 76
53 88
53 89
53 90
53 92
53 93
53 96
53 103
53 129
53 130
53 163
53 165
53 170
53 171
53 188
53 202
53 215
53 216
53 219
53 242
53 248
53 250
53 251
54 59
54 64
54 76
54 88
54 90
54 93
54 96
54 103
54 129
54 130
54 163
54 165
54 170
54 171
54 188
54 202
54 215
54 216
54 219
54 242
54 248
54 250
54 251
55 59
55 64
55 76
55 88
55 105
55 129
55 130
55 158
55 163
55 165
55 170
55 171
55 188
55 202
55 215
55 216
55 218
55 219
55 242
55 248
55 250
55 251
56 59
56 76
56 84
56 105
56 129
56 135
56 139
56 143
56 149
56 151
56 158
56 163
56 165
56 170
56 171
56 184
56 188
56 202
56 215
56 216
56 218
56 219
56 242
56 248
56 250
56 251
57 58
57 59
57 74
57 76
57 84
57 105
57 129
57 136
57 139
57 149
57 151
57 158
57 163
57 165
57 170
57 171
57 184
57 188
57 202
57 215
57 216
57 218
57 219
57 242
57 248
57 250
58 59
58 74
58 76
58 84
58 105
58 129
58 136
58 139
58 149
58 151
58 163
58 165
58 170
58 171
58 184
58 188
58 215
58 216
58 218
58 219
58 242
58 248
58 250
59 59
59 74
59 76
59 84
59 105
59 122
59 129
59 136
59 139
59 149
59 151
59 163
59 165
59 170
59 171
59 188
59 215
59 216
59 218
59 219
59 242
59 248
59 250
60 59
60 74
60 76
60 84
60 105
60 122
60 129
60 136
60 139
60 149
60 151
60 163
60 165
60 166
60 170
60 171
60 188
60 215
60 216
60 217
60 218
60 219
60 242
60 248
60 250
61 59
61 74
61 76
61 84
61 105
61 122
61 129
61 136
61 139
61 149
61 151
61 163
61 165
61 166
61 170
61 171
61 188
61 215
61 216
61 217
61 218
61 219
61 242
61 248
61 250
62 59
62 74
62 76
62 84
62 105
62 122
62 129
62 136
62 139
62 149
62 151
62 163
62 165
62 166
62 170
62 171
62 188
62 215
62 216
62 217
62 218
62 219
62 242
62 248
62 250
63 59
63 74
63 76
63 84
63 105
63 122
63 129
63 136
63 139
63 145
63 149
63 151
63 163
63 165
63 166
63 170
63 171
63 188
63 215
63 216
63 217
63 218
63 219
63 242
63 248
63 250
64 59
64 74
64 76
64 84
64 105
64 122
64 129
64 136
64 139
64 145
64 149
64 151
64 163
64 166
64 170
64 171
64 188
64 215
64 216
64 217
64 218
64 219
64 242
64 248
64 250
65 59
65 74
65 76
65 81
65 84
65 105
65 107
65 122
65 129
65 136
65 139
65 145
65 149
65 151
65 163
65 166
65 170
65 171
65 188
65 215
65 216
65 217
65 218
65 219
65 223
65 236
65 242
65 248
65 250
66 59
66 74
66 76
66 81
66 84
66 105
66 107
66 122
66 129
66 136
66 139
66 145
66 149
66 151
66 163
66 166
66 170
66 171
66 188
66 215
66 216
66 217
66 218
66 219
66 223
66 236
66 242
66 248
66 250
67 59
67 74
67 76
67 81
67 84
67 105
67 107
67 122
67 129
67 136
67 139
67 145
67 149
67 151
67 163
67 166
67 170
67 171
67 188
67 215
67 216
67 217
67 218
67 219
67 223
67 236
67 242
67 248
67 250
68 59
68 74
68 76
68 81
68 84
68 105
68 107
68 122
68 129
68 136
68 139
68 145
68 149
68 151
68 163
68 166
68 170
68 171
68 181
68 188
68 215
68 216
68 217
68 218
68 219
68 223
68 236
68 242
68 248
68 250
69 59
69 81
69 84
69 107
69 129
69 133
69 136
69 139
69 151
69 163
69 166
69 171
69 181
69 188
69 204
69 215
69 216
69 217
69 218
69 219
69 223
69 236
69 242
69 250
70 59
70 81
70 84
70 107
70 129
70 133
70 136
70 139
70 151
70 163
70 166
70 171
70 181
70 188
70 204
70 215
70 216
70 217
70 218
70 219
70 223
70 236
70 242
70 250
71 59
71 81
71 84
71 107
71 129
71 133
71 136
71 139
71 151
71 163
71 166
71 171
71 181
71 188
71 204
71 214
71 215
71 216
71 217
71 218
71 219
71 223
71 236
71 242
71 250
72 59
72 81
72 84
72 107
72 113
72 129
72 133
72 136
72 139
72 151
72 166
72 171
72 181
72 188
72 204
72 214
72 216
72 217
72 218
72 219
72 223
72 236
72 242
72 250
73 59
73 84
73 107
73 113
73 129
73 133
73 136
73 139
73 151
73 166
73 171
73 181
73 188
73 204
73 214
73 216
73 217
73 218
73 219
73 223
73 236
73 242
73 250
73 261
74 84
74 107
74 113
74 129
74 133
74 136
74 139
74 151
74 166
74 171
74 181
74 188
74 204
74 214
74 216
74 217
74 218
74 219
74 223
74 236
74 242
74 250
74 261
75 84
75 107
75 113
75 129
75 133
75 136
75 139
75 151
75 166
75 171
75 181
75 188
75 195
75 204
75 214
75 216
75 217
75 218
75 219
75 223
75 236
75 242
75 250
75 261
76 84
76 107
76 113
76 129
76 133
76 136
76 139
76 151
76 166
76 171
76 181
76 188
76 195
76 204
76 214
76 216
76 217
76 218
76 219
76 223
76 236
76 242
76 250
76 261
77 84
77 107
77 113
77 129
77 133
77 136
77 139
77 151
77 166
77 171
77 181
77 188
77 195
77 204
77 214
77 216
77 217
77 218
77 219
77 223
77 236
77 242
77 250
77 261
78 84
78 107
78 113
78 129
78 133
78 136
78 139
78 151
78 166
78 171
78 181
78 188
78 195
78 204
78 214
78 216
78 217
78 218
78 219
78 223
78 236
78 242
78 250
78 261
79 84
79 107
79 113
79 124
79 129
79 133
79 136
79 139
79 151
79 171
79 181
79 188
79 195
79 204
79 214
79 216
79 217
79 218
79 219
79 223
79 236
79 242
79 250
79 261
80 84
80 98
80 107
80 113
80 124
80 132
80 133
80 139
80 140
80 151
80 171
80 181
80 188
80 204
80 214
80 216
80 217
80 218
80 219
80 223
80 228
80 235
80 236
80 242
80 250
80 254
80 261
81 84
81 98
81 107
81 113
81 124
81 132
81 133
81 139
81 140
81 171
81 181
81 188
81 204
81 214
81 216
81 217
81 218
81 219
81 223
81 228
81 235
81 242
81 250
81 261
82 98
82 113
82 124
82 132
82 133
82 139
82 140
82 171
82 181
82 188
82 204
82 214
82 216
82 217
82 218
82 219
82 223
82 228
82 235
82 242
82 250
82 257
82 261
83 98
83 113
83 124
83 132
83 133
83 139
83 140
83 171
83 181
83 188
83 204
83 214
83 216
83 217
83 218
83 219
83 223
83 228
83 235
83 242
83 250
83 257
83 261
84 98
84 113
84 124
84 132
84 133
84 139
84 140
84 171
84 181
84 188
84 204
84 214
84 216
84 217
84 218
84 219
84 223
84 228
84 235
84 242
84 250
84 257
84 261
85 98
85 113
85 124
85 132
85 133
85 139
85 140
85 171
85 181
85 188
85 204
85 214
85 216
85 217
85 218
85 219
85 223
85 228
85 235
85 242
85 250
85 257
85 261
86 98
86 113
86 124
86 131
86 132
86 133
86 139
86 140
86 171
86 181
86 188
86 204
86 214
86 216
86 217
86 218
86 219
86 221
86 223
86 228
86 235
86 242
86 244
86 250
86 257
86 261
87 113
87 115
87 124
87 131
87 132
87 133
87 140
87 156
87 160
87 171
87 181
87 188
87 204
87 214
87 216
87 217
87 219
87 221
87 223
87 228
87 235
87 242
87 244
87 250
87 261
88 113
88 115
88 131
88 132
88 137
88 140
88 156
88 162
88 171
88 172
88 181
88 188
88 204
88 214
88 216
88 217
88 219
88 221
88 228
88 235
88 242
88 244
88 250
88 261
89 113
89 115
89 131
89 132
89 137
89 140
89 156
89 162
89 171
89 172
89 181
89 188
89 204
89 214
89 216
89 217
89 219
89 221
89 228
89 235
89 242
89 244
89 250
89 261
90 113
90 131
90 132
90 137
90 140
90 156
90 162
90 171
90 172
90 181
90 188
90 204
90 214
90 216
90 217
90 219
90 221
90 228
90 242
90 244
90 250
90 261
91 113
91 131
91 132
91 137
91 140
91 156
91 162
91 171
91 172
91 181
91 188
91 204
91 214
91 216
91 217
91 219
91 221
91 228
91 242
91 244
91 250
91 261
92 113
92 131
92 132
92 137
92 140
92 156
92 162
92 171
92 172
92 181
92 188
92 204
92 214
92 216
92 217
92 219
92 221
92 228
92 242
92 244
92 250
92 261
93 113
93 131
93 137
93 140
93 156
93 162
93 172
93 188
93 204
93 214
93 216
93 217
93 219
93 221
93 228
93 242
93 244
93 250
93 261
94 106
94 113
94 131
94 137
94 140
94 156
94 162
94 188
94 189
94 204
94 214
94 216
94 217
94 219
94 221
94 228
94 231
94 242
94 244
94 250
94 261
95 106
95 113
95 131
95 137
95 140
95 156
95 162
95 188
95 189
95 204
95 214
95 216
95 217
95 219
95 221
95 228
95 231
95 242
95 244
95 250
95 261
96 106
96 113
96 131
96 137
96 140
96 156
96 162
96 189
96 204
96 214
96 216
96 217
96 219
96 221
96 228
96 231
96 242
96 244
96 250
96 261
97 106
97 113
97 131
97 137
97 140
97 156
97 162
97 189
97 204
97 214
97 216
97 217
97 219
97 221
97 228
97 231
97 242
97 244
97 250
97 261
98 106
98 113
98 131
98 137
98 140
98 156
98 162
98 189
98 204
98 214
98 216
98 217
98 219
98 221
98 228
98 231
98 242
98 244
98 250
98 261
99 106
99 113
99 131
99 137
99 140
99 156
99 162
99 187
99 189
99 204
99 214
99 216
99 217
99 219
99 221
99 228
99 231
99 242
99 244
99 250
99 261
100 106
100 113
100 131
100 137
100 140
100 156
100 162
100 187
100 189
100 204
100 214
100 216
100 217
100 219
100 221
100 228
100 231
100 242
100 244
100 250
100 256
100 261
101 106
101 113
101 131
101 137
101 140
101 156
101 162
101 187
101 189
101 214
101 216
101 217
101 221
101 228
101 231
101 242
101 250
101 256
101 261
102 106
102 113
102 131
102 137
102 140
102 156
102 162
102 187
102 189
102 214
102 216
102 217
102 221
102 228
102 231
102 242
102 250
102 256
102 261
103 106
103 113
103 131
103 137
103 140
103 147
103 156
103 162
103 187
103 189
103 211
103 214
103 216
103 217
103 221
103 228
103 231
103 242
103 256
104 106
104 113
104 131
104 137
104 140
104 147
104 156
104 162
104 187
104 189
104 211
104 214
104 216
104 217
104 221
104 228
104 231
104 242
104 256
105 106
105 111
105 113
105 131
105 137
105 140
105 147
105 156
105 162
105 187
105 189
105 214
105 216
105 217
105 221
105 228
105 231
105 242
105 256
106 106
106 111
106 113
106 131
106 137
106 140
106 147
106 162
106 176
106 187
106 189
106 206
106 214
106 216
106 217
106 221
106 228
106 231
106 242
106 256
107 106
107 111
107 113
107 131
107 137
107 140
107 147
107 162
107 176
107 187
107 189
107 206
107 214
107 216
107 217
107 221
107 228
107 231
107 242
107 256
108 106
108 111
108 113
108 131
108 137
108 140
108 147
108 162
108 176
108 187
108 189
108 206
108 214
108 216
108 217
108 221
108 228
108 231
108 242
108 256
109 113
109 131
109 140
109 141
109 162
109 176
109 187
109 189
109 192
109 206
109 214
109 216
109 217
109 221
109 228
109 231
109 242
109 256
110 113
110 131
110 140
110 141
110 162
110 176
110 187
110 189
110 192
110 206
110 214
110 216
110 217
110 221
110 228
110 231
110 242
110 256
111 113
111 131
111 140
111 141
111 154
111 162
111 176
111 187
111 189
111 192
111 206
111 214
111 216
111 217
111 221
111 228
111 231
111 242
111 256
112 113
112 131
112 140
112 141
112 154
112 162
112 176
112 187
112 189
112 192
112 206
112 214
112 216
112 217
112 221
112 228
112 231
112 242
112 256
113 113
113 140
113 141
113 153
113 162
113 176
113 187
113 189
113 192
113 206
113 214
113 216
113 217
113 221
113 228
113 231
113 242
113 256
114 140
114 141
114 153
114 162
114 176
114 187
114 189
114 192
114 206
114 214
114 216
114 217
114 221
114 228
114 231
114 242
114 256
115 117
115 140
115 141
115 153
115 162
115 176
115 187
115 189
115 192
115 206
115 214
115 216
115 221
115 228
115 231
115 242
115 256
115 258
116 117
116 140
116 141
116 153
116 162
116 176
116 187
116 189
116 192
116 206
116 214
116 216
116 221
116 228
116 231
116 242
116 256
116 258
117 117
117 140
117 141
117 153
117 162
117 176
117 187
117 189
117 192
117 206
117 214
117 216
117 221
117 228
117 231
117 242
117 256
117 258
118 117
118 140
118 141
118 153
118 162
118 176
118 187
118 189
118 192
118 206
118 214
118 216
118 221
118 231
118 242
118 256
118 258
119 140
119 141
119 153
119 162
119 176
119 187
119 189
119 192
119 198
119 206
119 214
119 216
119 221
119 231
119 242
119 256
119 258
120 140
120 141
120 153
120 162
120 176
120 187
120 189
120 192
120 198
120 206
120 214
120 216
120 221
120 231
120 242
120 256
120 258
121 125
121 140
121 141
121 153
121 162
121 176
121 187
121 189
121 192
121 198
121 206
121 214
121 216
121 221
121 231
121 256
121 258
122 125
122 140
122 141
122 153
122 176
122 177
122 187
122 189
122 192
122 198
122 206
122 214
122 221
122 231
122 256
122 258
123 125
123 134
123 140
123 141
123 146
123 173
123 176
123 187
123 192
123 198
123 206
123 214
123 221
123 231
123 256
123 258
124 125
124 140
124 141
124 146
124 173
124 176
124 187
124 192
124 198
124 203
124 206
124 210
124 221
124 231
124 252
124 256
124 258
125 125
125 140
125 141
125 146
125 173
125 176
125 187
125 192
125 198
125 203
125 206
125 210
125 221
125 231
125 252
125 256
125 258
126 125
126 140
126 141
126 146
126 173
126 176
126 187
126 192
126 198
126 203
126 206
126 210
126 221
126 231
126 252
126 256
126 258
127 125
127 140
127 141
127 146
127 173
127 176
127 187
127 192
127 198
127 203
127 206
127 210
127 221
127 231
127 252
127 256
127 258
128 125
128 140
128 146
128 173
128 176
128 187
128 192
128 198
128 203
128 206
128 210
128 221
128 231
128 252
128 256
128 258
129 146
129 173
129 174
129 176
129 187
129 192
129 198
129 203
129 206
129 210
129 231
129 252
129 256
129 258
130 146
130 173
130 174
130 176
130 187
130 192
130 198
130 203
130 206
130 210
130 231
130 252
130 256
130 258
131 144
131 146
131 173
131 174
131 176
131 187
131 192
131 198
131 203
131 206
131 210
131 231
131 252
131 256
131 258
132 144
132 146
132 161
132 173
132 174
132 176
132 192
132 198
132 203
132 206
132 210
132 231
132 252
132 256
132 258
133 144
133 146
133 161
133 167
133 173
133 174
133 176
133 183
133 192
133 198
133 203
133 206
133 210
133 231
133 252
133 256
133 258
134 144
134 146
134 161
134 167
134 173
134 174
134 176
134 183
134 192
134 198
134 203
134 206
134 210
134 231
134 252
134 256
134 258
135 144
135 146
135 161
135 167
135 173
135 174
135 176
135 183
135 192
135 198
135 203
135 206
135 210
135 231
135 252
135 256
135 258
136 144
136 161
136 167
136 173
136 174
136 176
136 183
136 191
136 203
136 206
136 210
136 231
136 252
136 256
136 258
137 144
137 167
137 173
137 174
137 176
137 183
137 191
137 203
137 206
137 210
137 231
137 252
137 256
137 258
138 144
138 167
138 173
138 174
138 176
138 183
138 191
138 203
138 206
138 210
138 231
138 252
138 256
139 144
139 164
139 173
139 174
139 176
139 183
139 191
139 203
139 205
139 206
139 210
139 220
139 231
139 252
139 256
140 144
140 173
140 174
140 176
140 183
140 203
140 205
140 206
140 210
140 220
140 231
140 252
140 256
141 159
141 173
141 174
141 176
141 203
141 205
141 206
141 210
141 220
141 224
141 231
141 239
141 256
142 159
142 173
142 174
142 176
142 203
142 205
142 206
142 210
142 220
142 224
142 231
142 239
142 256
143 159
143 173
143 174
143 176
143 203
143 205
143 206
143 210
143 220
143 224
143 231
143 239
143 256
144 159
144 173
144 174
144 176
144 203
144 205
144 206
144 210
144 220
144 224
144 231
144 239
144 256
145 159
145 173
145 174
145 176
145 203
145 205
145 206
145 210
145 220
145 231
145 239
145 256
146 159
146 173
146 176
146 203
146 205
146 206
146 210
146 220
146 231
146 239
146 256
147 159
147 173
147 176
147 203
147 205
147 206
147 220
147 231
147 239
147 256
148 159
148 173
148 176
148 203
148 205
148 206
148 220
148 231
148 239
148 256
149 159
149 173
149 203
149 205
149 206
149 220
149 231
149 239
149 256
150 159
150 173
150 203
150 205
150 206
150 220
150 231
150 239
150 256
151 159
151 173
151 203
151 205
151 206
151 220
151 231
151 239
151 256
152 159
152 173
152 203
152 205
152 206
152 220
152 231
152 239
152 256
153 159
153 173
153 203
153 205
153 206
153 220
153 231
153 239
153 256
154 159
154 173
154 203
154 205
154 206
154 220
154 231
154 239
154 256
155 159
155 173
155 203
155 205
155 206
155 220
155 231
155 239
155 256
156 159
156 173
156 203
156 205
156 206
156 220
156 231
156 239
156 256
157 159
157 173
157 203
157 205
157 206
157 220
157 231
157 233
157 239
157 256
158 159
158 173
158 203
158 205
158 206
158 213
158 220
158 231
158 233
158 246
158 256
159 159
159 173
159 203
159 205
159 213
159 220
159 231
159 233
159 246
159 249
159 256
160 159
160 173
160 197
160 203
160 205
160 213
160 220
160 231
160 233
160 246
160 249
160 256
161 159
161 173
161 197
161 203
161 205
161 213
161 220
161 231
161 233
161 246
161 249
161 256
162 159
162 173
162 178
162 197
162 203
162 205
162 213
162 220
162 231
162 233
162 246
162 249
162 256
163 159
163 173
163 178
163 197
163 203
163 205
163 213
163 220
163 231
163 233
163 240
163 245
163 246
163 256
164 159
164 173
164 178
164 197
164 203
164 205
164 213
164 220
164 231
164 233
164 240
164 245
164 246
164 256
165 159
165 173
165 178
165 197
165 203
165 205
165 213
165 220
165 231
165 233
165 240
165 245
165 246
165 256
166 159
166 173
166 178
166 197
166 203
166 205
166 213
166 220
166 231
166 233
166 240
166 245
166 246
166 256
167 159
167 173
167 178
167 185
167 197
167 203
167 205
167 213
167 220
167 231
167 233
167 240
167 245
167 246
167 256
168 173
168 178
168 185
168 197
168 203
168 205
168 213
168 220
168 231
168 233
168 240
168 245
168 246
168 256
169 173
169 178
169 185
169 197
169 203
169 205
169 213
169 220
169 233
169 240
169 245
169 246
169 256
170 173
170 178
170 185
170 197
170 203
170 205
170 213
170 220
170 233
170 240
170 245
170 246
171 173
171 178
171 185
171 197
171 203
171 205
171 207
171 213
171 220
171 233
171 240
171 245
171 246
172 185
172 197
172 201
172 203
172 205
172 207
172 213
172 220
172 229
172 233
172 240
172 245
172 246
173 185
173 186
173 193
173 197
173 201
173 203
173 205
173 207
173 220
173 229
173 233
173 240
173 245
173 246
174 185
174 186
174 193
174 197
174 201
174 203
174 205
174 207
174 220
174 229
174 233
174 240
174 245
174 246
175 185
175 186
175 193
175 197
175 201
175 203
175 205
175 207
175 220
175 229
175 233
175 240
175 245
175 246
175 255
176 186
176 193
176 197
176 201
176 203
176 205
176 207
176 220
176 229
176 233
176 240
176 245
176 246
176 255
177 186
177 193
177 197
177 201
177 203
177 205
177 207
177 220
177 229
177 233
177 240
177 245
177 246
177 253
177 255
178 186
178 190
178 193
178 197
178 201
178 203
178 205
178 207
178 229
178 240
178 245
178 253
178 255
179 186
179 190
179 193
179 197
179 201
179 203
179 205
179 207
179 229
179 240
179 245
179 253
179 255
180 186
180 190
180 193
180 197
180 201
180 203
180 205
180 207
180 229
180 245
180 253
180 255
181 186
181 190
181 193
181 197
181 201
181 203
181 205
181 207
181 229
181 245
181 253
181 255
182 186
182 190
182 193
182 197
182 201
182 203
182 205
182 207
182 229
182 245
182 253
182 255
183 186
183 190
183 193
183 197
183 201
183 203
183 205
183 207
183 229
183 245
183 253
183 255
184 186
184 190
184 193
184 197
184 201
184 203
184 205
184 207
184 229
184 245
184 253
184 255
185 186
185 190
185 193
185 197
185 201
185 203
185 205
185 207
185 229
185 245
185 253
185 255
186 186
186 190
186 193
186 197
186 201
186 203
186 205
186 207
186 229
186 230
186 245
186 253
186 255
187 186
187 190
187 193
187 201
187 203
187 205
187 207
187 229
187 230
187 245
187 253
187 255
188 186
188 190
188 193
188 201
188 203
188 205
188 207
188 229
188 230
188 245
188 253
188 255
189 186
189 190
189 193
189 201
189 203
189 205
189 207
189 230
189 238
189 245
189 253
189 255
190 186
190 190
190 201
190 203
190 205
190 207
190 208
190 230
190 238
190 245
190 253
190 255
191 186
191 190
191 201
191 203
191 205
191 207
191 208
191 230
191 238
191 245
191 253
191 255
192 186
192 190
192 201
192 203
192 205
192 207
192 208
192 230
192 238
192 245
192 253
192 255
193 186
193 190
193 201
193 203
193 205
193 207
193 208
193 230
193 238
193 245
193 253
193 255
194 186
194 190
194 201
194 203
194 205
194 207
194 208
194 230
194 238
194 245
194 253
194 255
195 190
195 201
195 203
195 205
195 207
195 208
195 230
195 238
195 245
195 253
195 255
196 190
196 201
196 203
196 205
196 207
196 208
196 230
196 238
196 245
196 253
196 255
197 190
197 201
197 203
197 205
197 207
197 208
197 226
197 230
197 238
197 245
197 253
197 255
198 190
198 201
198 203
198 205
198 207
198 208
198 226
198 230
198 238
198 245
198 255
199 190
199 201
199 203
199 205
199 207
199 208
199 226
199 230
199 238
199 245
199 255
200 201
200 203
200 207
200 208
200 226
200 230
200 238
200 245
200 255
201 207
201 208
201 226
201 230
201 238
201 245
201 255
202 207
202 208
202 226
202 227
202 237
202 238
202 245
202 247
202 255
203 207
203 208
203 226
203 227
203 237
203 238
203 245
203 247
203 255
204 207
204 208
204 227
204 237
204 238
204 245
204 247
204 255
205 207
205 208
205 227
205 237
205 238
205 245
205 247
205 255
206 207
206 208
206 227
206 237
206 238
206 245
206 247
206 255
207 207
207 208
207 237
207 238
207 245
207 247
207 255
208 207
208 208
208 237
208 238
208 245
208 247
208 255
209 207
209 208
209 237
209 238
209 245
209 247
209 255
210 207
210 208
210 238
210 245
210 247
210 255
211 207
211 208
211 238
211 245
211 247
211 255
212 207
212 208
212 238
212 245
212 247
212 255
213 207
213 208
213 238
213 245
213 247
213 255
214 207
214 208
214 238
214 245
214 247
214 255
215 207
215 208
215 238
215 245
215 247
215 255
216 207
216 208
216 238
216 245
216 247
216 255
217 207
217 208
217 238
217 245
217 247
217 255
218 207
218 208
218 238
218 245
218 247
218 255
219 207
219 208
219 238
219 245
219 247
219 255
220 207
220 208
220 238
220 245
220 247
220 255
221 207
221 208
221 238
221 245
221 247
221 255
222 207
222 208
222 238
222 245
222 247
222 255
223 208
223 238
223 245
223 247
223 255
224 208
224 238
224 245
224 247
224 255
225 208
225 238
225 245
225 247
225 255
225 259
226 208
226 245
226 247
226 255
226 259
227 208
227 245
227 247
227 255
227 259
228 245
228 247
228 255
228 259
228 262
229 245
229 247
229 255
229 259
229 262
230 232
230 245
230 247
230 255
230 259
230 262
231 232
231 245
231 247
231 255
231 259
231 262
232 232
232 245
232 247
232 255
232 259
232 262
233 232
233 245
233 247
233 255
233 259
233 262
234 232
234 245
234 247
234 255
234 259
234 262
235 232
235 245
235 247
235 255
235 259
235 262
236 232
236 245
236 247
236 255
236 259
236 262
237 232
237 245
237 247
237 255
237 259
237 262
238 245
238 255
238 259
238 262
239 245
239 255
239 259
239 262
240 245
240 255
240 259
240 262
241 245
241 255
241 259
241 262
242 245
242 255
242 259
242 262
243 245
243 255
243 259
244 245
244 259
245 245
245 259
246 245
246 259
247 245
247 259
248 245
248 259
249 245
249 259
250 245
250 259
251 245
251 259
252 259
253 259
254 259
255 259
256 259
257 259
258 259
259 259
260 259
261 259
262 259
