0 1
0 12
0 14
0 90
1 3
1 9
1 12
1 14
1 90
2 9
2 14
2 90
3 9
3 14
3 17
3 55
3 90
3 162
4 41
4 55
4 90
4 162
5 11
5 20
5 21
5 41
5 55
5 56
5 57
5 90
5 162
5 176
5 215
6 19
6 20
6 21
6 41
6 55
6 56
6 57
6 90
6 162
6 176
6 215
7 19
7 20
7 41
7 55
7 56
7 57
7 90
7 162
7 176
7 214
7 215
8 19
8 20
8 41
8 55
8 56
8 57
8 73
8 90
8 162
8 176
8 214
9 10
9 19
9 20
9 31
9 42
9 57
9 73
9 79
9 90
9 162
9 176
9 214
10 23
10 31
10 32
10 42
10 46
10 57
10 79
10 90
10 113
10 115
10 156
10 162
10 174
10 176
10 214
11 23
11 31
11 32
11 38
11 42
11 46
11 57
11 79
11 90
11 113
11 115
11 156
11 162
11 174
11 214
12 32
12 34
12 38
12 42
12 46
12 57
12 62
12 79
12 90
12 113
12 115
12 156
12 162
12 174
12 214
12 222
13 18
13 22
13 32
13 38
13 39
13 42
13 54
13 79
13 80
13 89
13 103
13 110
13 113
13 114
13 115
13 156
13 162
13 174
13 214
13 222
13 228
14 18
14 22
14 38
14 39
14 42
14 54
14 79
14 80
14 89
14 103
14 110
14 113
14 114
14 115
14 156
14 162
14 174
14 214
14 222
14 228
15 18
15 22
15 38
15 39
15 54
15 79
15 80
15 89
15 103
15 110
15 113
15 114
15 115
15 156
15 162
15 173
15 174
15 191
15 214
15 222
15 228
16 18
16 22
16 38
16 39
16 54
16 79
16 80
16 89
16 103
16 110
16 113
16 114
16 115
16 156
16 162
16 173
16 174
16 191
16 214
16 222
16 228
17 18
17 38
17 39
17 54
17 79
17 80
17 89
17 102
17 110
17 113
17 114
17 115
17 156
17 162
17 173
17 174
17 191
17 214
17 222
17 228
18 38
18 54
18 79
18 80
18 85
18 89
18 102
18 110
18 113
18 114
18 115
18 156
18 162
18 173
18 174
18 191
18 214
18 222
18 228
18 243
19 38
19 79
19 80
19 85
19 89
19 102
19 110
19 113
19 114
19 115
19 156
19 162
19 173
19 174
19 191
19 214
19 222
19 228
19 243
20 25
20 36
20 38
20 79
20 80
20 85
20 89
20 102
20 110
20 113
20 114
20 115
20 156
20 162
20 173
20 174
20 191
20 214
20 222
20 228
20 243
21 25
21 36
21 48
21 65
21 79
21 85
21 89
21 92
21 102
21 105
21 110
21 113
21 114
21 115
21 126
21 156
21 173
21 174
21 191
21 214
21 222
21 228
21 243
21 245
22 25
22 36
22 40
22 48
22 79
22 85
22 89
22 92
22 102
22 104
22 105
22 110
22 113
22 114
22 115
22 126
22 156
22 173
22 174
22 191
22 214
22 222
22 228
22 243
22 245
23 36
23 37
23 40
23 48
23 64
23 79
23 85
23 89
23 92
23 102
23 104
23 105
23 110
23 113
23 114
23 115
23 126
23 156
23 173
23 174
23 191
23 214
23 222
23 228
23 243
23 245
24 36
24 37
24 40
24 48
24 58
24 61
24 64
24 85
24 89
24 92
24 102
24 104
24 105
24 110
24 113
24 114
24 115
24 156
24 173
24 174
24 191
24 202
24 214
24 222
24 228
24 243
24 245
25 36
25 37
25 45
25 48
25 58
25 61
25 85
25 89
25 92
25 102
25 104
25 110
25 113
25 114
25 115
25 156
25 170
25 173
25 174
25 191
25 202
25 214
25 222
25 228
25 243
25 245
26 35
26 36
26 37
26 45
26 61
26 71
26 76
26 85
26 89
26 92
26 102
26 104
26 107
26 114
26 115
26 150
26 156
26 170
26 173
26 174
26 191
26 202
26 214
26 222
26 228
26 243
26 245
27 35
27 36
27 37
27 45
27 61
27 71
27 76
27 85
27 89
27 92
27 102
27 104
27 107
27 114
27 115
27 150
27 156
27 170
27 173
27 174
27 191
27 202
27 214
27 222
27 228
27 243
27 245
28 33
28 35
28 36
28 37
28 45
28 49
28 61
28 71
28 76
28 85
28 89
28 92
28 102
28 104
28 107
28 114
28 115
28 150
28 156
28 170
28 173
28 174
28 191
28 202
28 214
28 222
28 228
28 243
28 245
29 33
29 35
29 36
29 37
29 45
29 49
29 61
29 71
29 76
29 85
29 89
29 92
29 102
29 104
29 107
29 114
29 115
29 150
29 156
29 170
29 173
29 174
29 191
29 202
29 214
29 222
29 228
29 243
29 245
30 33
30 35
30 36
30 37
30 45
30 61
30 71
30 76
30 85
30 89
30 92
30 102
30 104
30 107
30 115
30 150
30 156
30 170
30 174
30 191
30 202
30 214
30 222
30 228
30 243
30 245
31 33
31 35
31 36
31 45
31 61
31 71
31 76
31 85
31 89
31 92
31 102
31 104
31 107
31 115
31 150
31 156
31 170
31 174
31 191
31 202
31 214
31 222
31 228
31 243
31 245
32 33
32 45
32 61
32 71
32 76
32 81
32 85
32 86
32 89
32 92
32 102
32 104
32 107
32 115
32 150
32 156
32 170
32 174
32 202
32 214
32 222
32 228
32 243
32 245
33 33
33 45
33 52
33 61
33 71
33 76
33 81
33 85
33 86
33 89
33 92
33 102
33 104
33 107
33 115
33 150
33 156
33 170
33 174
33 202
33 214
33 222
33 228
33 243
33 245
34 33
34 43
34 45
34 52
34 53
34 61
34 71
34 78
34 81
34 85
34 86
34 89
34 92
34 102
34 107
34 115
34 132
34 150
34 156
34 170
34 174
34 202
34 214
34 222
34 228
34 243
34 245
35 33
35 43
35 45
35 52
35 53
35 61
35 71
35 78
35 81
35 85
35 86
35 89
35 92
35 102
35 107
35 115
35 132
35 150
35 156
35 170
35 174
35 202
35 214
35 222
35 228
35 243
35 245
36 33
36 52
36 53
36 71
36 78
36 81
36 85
36 86
36 89
36 92
36 107
36 132
36 138
36 156
36 170
36 174
36 202
36 222
36 228
36 243
36 245
37 52
37 53
37 71
37 78
37 85
37 86
37 89
37 92
37 107
37 132
37 138
37 156
37 170
37 174
37 202
37 222
37 228
37 243
37 245
38 50
38 52
38 53
38 71
38 75
38 85
38 86
38 92
38 107
38 132
38 138
38 174
38 202
38 222
38 228
38 243
38 245
38 257
39 50
39 52
39 53
39 71
39 75
39 85
39 86
39 92
39 107
39 132
39 137
39 138
39 174
39 202
39 222
39 228
39 243
39 245
39 257
40 50
40 52
40 53
40 71
40 75
40 85
40 86
40 92
40 107
40 132
40 137
40 138
40 174
40 202
40 222
40 228
40 243
40 245
40 257
41 50
41 52
41 53
41 71
41 75
41 85
41 86
41 92
41 107
41 132
41 137
41 138
41 174
41 202
41 222
41 228
41 243
41 245
41 257
42 50
42 52
42 71
42 75
42 85
42 86
42 92
42 107
42 132
42 137
42 138
42 174
42 202
42 222
42 228
42 243
42 245
42 257
43 50
43 52
43 71
43 75
43 85
43 86
43 92
43 107
43 132
43 137
43 138
43 174
43 202
43 222
43 228
43 230
43 243
43 245
43 257
44 50
44 72
44 75
44 85
44 86
44 92
44 94
44 107
44 132
44 137
44 138
44 174
44 202
44 222
44 228
44 230
44 243
44 245
44 257
45 50
45 72
45 75
45 85
45 86
45 92
45 94
45 107
45 132
45 137
45 138
45 174
45 202
45 222
45 228
45 230
45 243
45 245
45 257
46 50
46 72
46 75
46 85
46 86
46 92
46 94
46 107
46 132
46 137
46 138
46 174
46 202
46 222
46 228
46 230
46 243
46 245
46 257
47 50
47 72
47 75
47 85
47 86
47 92
47 94
47 107
47 132
47 137
47 138
47 174
47 202
47 222
47 228
47 243
47 245
47 257
48 50
48 72
48 75
48 85
48 86
48 92
48 94
48 107
48 132
48 137
48 138
48 174
48 202
48 222
48 228
48 243
48 245
48 257
49 72
49 75
49 85
49 86
49 92
49 94
49 107
49 132
49 137
49 138
49 174
49 202
49 222
49 228
49 243
49 245
49 257
50 59
50 72
50 75
50 85
50 86
50 91
50 92
50 94
50 107
50 121
50 132
50 137
50 138
50 174
50 202
50 222
50 228
50 243
50 245
50 257
51 59
51 72
51 75
51 85
51 86
51 91
51 92
51 94
51 107
51 121
51 132
51 137
51 138
51 174
51 202
51 222
51 228
51 243
51 245
51 257
52 59
52 72
52 75
52 85
52 86
52 91
52 92
52 94
52 97
52 107
52 117
52 121
52 132
52 137
52 138
52 202
52 222
52 228
52 243
52 245
52 257
53 59
53 63
53 66
53 70
53 72
53 75
53 86
53 87
53 91
53 92
53 94
53 100
53 107
53 117
53 121
53 134
53 138
53 161
53 172
53 180
53 222
53 228
53 243
53 245
53 257
54 59
54 66
54 70
54 72
54 75
54 86
54 87
54 91
54 92
54 94
54 100
54 107
54 117
54 120
54 121
54 134
54 138
54 161
54 172
54 180
54 222
54 228
54 243
54 245
54 257
55 59
55 66
55 70
55 72
55 75
55 86
55 87
55 91
55 92
55 94
55 100
55 107
55 117
55 120
55 121
55 134
55 138
55 161
55 172
55 180
55 222
55 228
55 243
55 245
55 257
56 59
56 66
56 70
56 72
56 75
56 86
56 87
56 91
56 92
56 94
56 100
56 107
56 117
56 120
56 121
56 129
56 138
56 161
56 172
56 180
56 222
56 228
56 243
56 245
56 257
57 59
57 60
57 66
57 70
57 75
57 86
57 91
57 92
57 94
57 100
57 107
57 109
57 117
57 118
57 121
57 129
57 133
57 160
57 172
57 180
57 212
57 222
57 228
57 243
57 245
57 257
58 59
58 60
58 66
58 70
58 75
58 77
58 86
58 91
58 92
58 94
58 100
58 107
58 109
58 117
58 118
58 121
58 129
58 160
58 172
58 180
58 212
58 222
58 228
58 243
58 245
58 257
59 59
59 60
59 66
59 70
59 75
59 77
59 86
59 91
59 92
59 94
59 100
59 107
59 109
59 117
59 118
59 121
59 129
59 143
59 160
59 172
59 180
59 206
59 212
59 222
59 228
59 243
59 245
59 257
60 66
60 69
60 70
60 75
60 77
60 82
60 86
60 91
60 92
60 94
60 100
60 107
60 109
60 117
60 153
60 160
60 172
60 180
60 187
60 206
60 212
60 222
60 228
60 243
60 245
60 257
61 66
61 69
61 77
61 82
61 92
61 109
61 111
61 117
61 172
61 186
61 187
61 196
61 206
61 212
61 228
61 243
61 245
61 257
62 66
62 69
62 77
62 82
62 92
62 109
62 111
62 117
62 172
62 183
62 186
62 187
62 196
62 206
62 212
62 228
62 243
62 245
62 257
63 66
63 69
63 77
63 82
63 92
63 109
63 111
63 117
63 172
63 183
63 186
63 187
63 196
63 206
63 212
63 228
63 243
63 245
63 257
64 66
64 69
64 77
64 82
64 92
64 109
64 111
64 117
64 172
64 183
64 186
64 187
64 196
64 206
64 212
64 228
64 243
64 245
64 257
65 66
65 69
65 77
65 82
65 92
65 109
65 111
65 117
65 172
65 183
65 186
65 187
65 196
65 206
65 212
65 228
65 243
65 245
65 257
66 69
66 77
66 83
66 92
66 99
66 109
66 111
66 117
66 172
66 183
66 186
66 187
66 196
66 206
66 212
66 243
66 245
66 257
67 69
67 77
67 83
67 92
67 99
67 106
67 109
67 111
67 117
67 124
67 157
67 172
67 183
67 186
67 187
67 196
67 206
67 212
67 245
67 257
68 77
68 83
68 92
68 99
68 106
68 109
68 111
68 117
68 124
68 157
68 172
68 183
68 186
68 187
68 196
68 206
68 212
68 245
68 257
69 77
69 83
69 92
69 99
69 106
69 109
69 111
69 117
69 124
69 157
69 172
69 183
69 186
69 187
69 196
69 206
69 245
69 257
70 77
70 83
70 92
70 106
70 111
70 117
70 124
70 157
70 172
70 183
70 186
70 187
70 196
70 206
70 245
70 257
71 77
71 83
71 92
71 106
71 111
71 117
71 124
71 157
71 172
71 183
71 186
71 187
71 196
71 206
71 245
71 257
72 77
72 83
72 92
72 106
72 111
72 124
72 127
72 157
72 172
72 183
72 186
72 187
72 196
72 206
72 231
72 245
72 257
73 74
73 77
73 83
73 106
73 112
73 124
73 125
73 127
73 157
73 172
73 183
73 186
73 196
73 206
73 209
73 210
73 231
73 246
73 249
73 257
74 74
74 77
74 88
74 112
74 124
74 125
74 127
74 172
74 183
74 186
74 196
74 206
74 208
74 209
74 210
74 231
74 246
74 249
74 257
75 74
75 77
75 88
75 112
75 124
75 125
75 127
75 172
75 183
75 186
75 196
75 206
75 208
75 209
75 210
75 231
75 246
75 249
75 257
76 74
76 77
76 88
76 112
76 124
76 125
76 127
76 172
76 183
76 186
76 196
76 206
76 208
76 209
76 210
76 231
76 233
76 246
76 249
76 257
76 261
77 77
77 112
77 124
77 125
77 127
77 172
77 183
77 186
77 192
77 196
77 206
77 208
77 209
77 210
77 221
77 231
77 233
77 246
77 249
77 257
77 261
78 77
78 112
78 124
78 125
78 127
78 172
78 183
78 186
78 192
78 196
78 206
78 208
78 209
78 210
78 231
78 233
78 246
78 249
78 257
78 261
79 77
79 112
79 124
79 125
79 172
79 183
79 186
79 192
79 195
79 196
79 206
79 208
79 209
79 210
79 231
79 233
79 246
79 249
79 257
79 261
80 112
80 125
80 172
80 183
80 186
80 192
80 195
80 206
80 208
80 209
80 210
80 231
80 233
80 246
80 249
80 257
80 261
81 84
81 95
81 101
81 112
81 116
81 125
81 128
81 148
81 151
81 177
81 183
81 186
81 195
81 206
81 208
81 209
81 210
81 231
81 233
81 234
81 246
81 257
81 262
82 84
82 95
82 101
82 112
82 116
82 125
82 128
82 135
82 148
82 151
82 165
82 177
82 183
82 184
82 186
82 195
82 206
82 208
82 209
82 210
82 231
82 233
82 234
82 246
82 257
82 262
83 84
83 96
83 101
83 112
83 116
83 125
83 135
83 148
83 151
83 165
83 177
83 182
83 183
83 184
83 186
83 195
83 206
83 208
83 209
83 210
83 231
83 233
83 234
83 246
83 257
83 262
84 84
84 96
84 101
84 112
84 116
84 125
84 135
84 148
84 151
84 165
84 177
84 182
84 183
84 186
84 195
84 206
84 208
84 209
84 210
84 231
84 233
84 234
84 246
84 257
84 262
85 84
85 93
85 96
85 101
85 112
85 116
85 125
85 135
85 146
85 148
85 151
85 165
85 177
85 182
85 183
85 186
85 195
85 206
85 208
85 209
85 210
85 231
85 234
85 246
85 250
85 257
85 262
86 84
86 93
86 96
86 101
86 112
86 116
86 125
86 135
86 146
86 151
86 165
86 182
86 183
86 186
86 195
86 206
86 208
86 209
86 210
86 211
86 231
86 234
86 246
86 250
86 262
87 84
87 93
87 96
87 101
87 112
87 116
87 125
87 135
87 146
87 151
87 165
87 182
87 183
87 186
87 195
87 206
87 208
87 209
87 210
87 211
87 231
87 234
87 246
87 250
87 262
88 84
88 93
88 96
88 98
88 101
88 116
88 125
88 135
88 146
88 151
88 165
88 182
88 183
88 186
88 195
88 206
88 208
88 209
88 210
88 211
88 231
88 234
88 250
88 262
89 84
89 93
89 96
89 98
89 101
89 116
89 123
89 125
89 135
89 146
89 151
89 165
89 182
89 183
89 186
89 195
89 206
89 208
89 209
89 210
89 211
89 231
89 234
89 250
89 262
90 84
90 93
90 96
90 101
90 116
90 123
90 125
90 135
90 146
90 151
90 165
90 182
90 183
90 186
90 195
90 206
90 208
90 210
90 211
90 231
90 234
90 239
90 250
90 262
91 93
91 96
91 101
91 116
91 123
91 125
91 135
91 144
91 146
91 151
91 165
91 182
91 183
91 186
91 195
91 206
91 208
91 210
91 211
91 231
91 234
91 239
91 250
92 93
92 96
92 101
92 116
92 125
92 135
92 144
92 146
92 151
92 165
92 183
92 186
92 195
92 206
92 208
92 210
92 211
92 234
92 239
92 250
92 259
93 93
93 96
93 116
93 125
93 135
93 144
93 145
93 146
93 151
93 165
93 183
93 186
93 195
93 206
93 208
93 210
93 211
93 234
93 239
93 250
93 259
94 93
94 96
94 116
94 125
94 135
94 144
94 145
94 146
94 147
94 151
94 165
94 183
94 186
94 195
94 206
94 208
94 210
94 211
94 229
94 234
94 239
94 250
94 259
95 93
95 96
95 116
95 125
95 135
95 144
95 145
95 146
95 147
95 151
95 165
95 183
95 186
95 195
95 206
95 208
95 210
95 211
95 229
95 239
95 250
95 259
96 93
96 96
96 108
96 116
96 125
96 135
96 144
96 145
96 146
96 147
96 151
96 165
96 183
96 186
96 195
96 206
96 208
96 210
96 211
96 229
96 239
96 250
96 259
97 96
97 108
97 116
97 125
97 135
97 142
97 144
97 146
97 147
97 151
97 165
97 183
97 186
97 195
97 206
97 208
97 210
97 211
97 229
97 239
97 241
97 250
98 96
98 108
98 116
98 125
98 135
98 142
98 144
98 146
98 147
98 151
98 165
98 183
98 186
98 195
98 206
98 208
98 210
98 211
98 229
98 239
98 241
98 250
99 96
99 108
99 116
99 125
99 135
99 142
99 144
99 146
99 147
99 151
99 165
99 179
99 183
99 195
99 206
99 208
99 210
99 211
99 229
99 239
99 241
99 250
100 96
100 108
100 116
100 125
100 135
100 142
100 144
100 146
100 147
100 151
100 165
100 179
100 183
100 195
100 206
100 208
100 210
100 211
100 229
100 239
100 241
100 250
101 96
101 108
101 125
101 135
101 142
101 144
101 147
101 151
101 165
101 179
101 183
101 189
101 195
101 206
101 208
101 210
101 211
101 229
101 239
101 241
101 250
102 108
102 135
102 151
102 165
102 166
102 183
102 189
102 195
102 206
102 208
102 210
102 229
102 239
102 241
102 250
103 108
103 135
103 141
103 151
103 165
103 166
103 183
103 189
103 195
103 206
103 208
103 210
103 239
103 241
103 254
103 255
104 108
104 119
104 135
104 141
104 151
104 165
104 166
104 183
104 189
104 195
104 206
104 208
104 210
104 238
104 239
104 241
104 254
104 255
105 108
105 119
105 135
105 141
105 151
105 159
105 165
105 166
105 183
105 189
105 195
105 206
105 210
105 238
105 239
105 241
105 254
105 255
106 108
106 119
106 122
106 135
106 139
106 151
106 164
106 166
106 175
106 178
106 183
106 226
106 238
106 239
106 241
106 254
106 255
107 108
107 119
107 122
107 135
107 139
107 151
107 164
107 166
107 175
107 178
107 183
107 226
107 238
107 239
107 241
107 254
107 255
108 108
108 122
108 135
108 139
108 164
108 166
108 175
108 178
108 183
108 226
108 238
108 239
108 241
108 254
108 255
109 108
109 122
109 135
109 139
109 164
109 166
109 167
109 175
109 178
109 183
109 226
109 238
109 239
109 241
109 254
109 255
110 108
110 122
110 135
110 139
110 140
110 164
110 166
110 167
110 175
110 178
110 226
110 238
110 239
110 241
110 254
110 258
111 108
111 122
111 135
111 139
111 140
111 164
111 166
111 167
111 175
111 178
111 213
111 223
111 226
111 238
111 239
111 241
111 254
111 258
112 108
112 122
112 135
112 139
112 140
112 164
112 166
112 167
112 175
112 178
112 213
112 223
112 226
112 238
112 239
112 241
112 254
112 258
113 135
113 136
113 139
113 149
113 164
113 166
113 178
113 197
113 213
113 223
113 224
113 225
113 226
113 238
113 239
113 241
113 254
113 258
114 135
114 136
114 139
114 149
114 164
114 166
114 178
114 181
114 197
114 213
114 223
114 224
114 225
114 226
114 238
114 239
114 241
114 248
114 254
114 258
115 135
115 136
115 139
115 149
115 164
115 166
115 178
115 181
115 197
115 199
115 213
115 223
115 224
115 225
115 226
115 238
115 239
115 241
115 248
115 254
115 258
116 135
116 136
116 139
116 149
116 164
116 166
116 178
116 181
116 197
116 199
116 213
116 223
116 224
116 225
116 226
116 238
116 239
116 241
116 248
116 254
116 258
117 135
117 136
117 139
117 149
117 154
117 164
117 166
117 178
117 181
117 197
117 199
117 213
117 223
117 224
117 225
117 226
117 238
117 241
117 248
117 254
117 258
118 135
118 139
118 149
118 154
118 164
118 166
118 178
118 181
118 197
118 199
118 213
118 223
118 224
118 225
118 226
118 237
118 238
118 241
118 248
118 254
118 258
119 135
119 139
119 149
119 154
119 164
119 166
119 178
119 181
119 197
119 213
119 223
119 224
119 225
119 226
119 237
119 238
119 241
119 248
119 254
119 258
120 130
120 135
120 139
120 149
120 154
120 164
120 166
120 178
120 181
120 197
120 213
120 223
120 224
120 225
120 226
120 237
120 238
120 241
120 248
120 254
120 258
121 130
121 135
121 139
121 149
121 154
121 164
121 166
121 178
121 181
121 197
121 213
121 223
121 224
121 225
121 226
121 237
121 238
121 241
121 248
121 254
121 258
122 130
122 135
122 139
122 149
122 154
122 164
122 166
122 178
122 181
122 197
122 213
122 223
122 224
122 225
122 226
122 237
122 238
122 241
122 248
122 254
122 258
123 130
123 135
123 139
123 149
123 154
123 164
123 166
123 178
123 181
123 197
123 213
123 223
123 224
123 225
123 226
123 237
123 238
123 241
123 248
123 254
123 258
124 130
124 135
124 139
124 149
124 154
124 164
124 166
124 178
124 181
124 197
124 213
124 223
124 224
124 225
124 226
124 237
124 238
124 248
124 254
124 258
125 130
125 135
125 139
125 149
125 154
125 164
125 166
125 169
125 178
125 181
125 197
125 213
125 223
125 224
125 225
125 226
125 235
125 237
125 238
125 248
125 254
125 258
126 130
126 135
126 139
126 149
126 154
126 164
126 166
126 169
126 178
126 181
126 197
126 213
126 223
126 224
126 225
126 226
126 235
126 237
126 238
126 248
126 254
126 258
127 130
127 135
127 139
127 149
127 154
127 164
127 166
127 169
127 178
127 181
127 197
127 213
127 223
127 224
127 225
127 226
127 235
127 237
127 238
127 248
127 254
127 258
128 130
128 135
128 139
128 149
128 154
128 164
128 166
128 169
128 178
128 181
128 197
128 223
128 224
128 225
128 226
128 235
128 237
128 238
128 248
128 254
128 258
129 130
129 135
129 139
129 149
129 154
129 164
129 166
129 169
129 178
129 181
129 197
129 223
129 224
129 225
129 226
129 235
129 237
129 238
129 248
129 254
129 258
130 130
130 135
130 149
130 152
130 154
130 164
130 166
130 168
130 169
130 178
130 181
130 188
130 197
130 216
130 223
130 224
130 225
130 226
130 237
130 238
130 254
130 258
131 130
131 135
131 149
131 152
131 154
131 164
131 166
131 168
131 169
131 178
131 181
131 188
131 197
131 216
131 223
131 226
131 237
131 238
131 254
131 258
132 130
132 135
132 149
132 152
132 164
132 166
132 168
132 169
132 178
132 181
132 188
132 197
132 216
132 223
132 226
132 237
132 238
132 254
132 258
133 135
133 149
133 152
133 158
133 163
133 164
133 166
133 168
133 169
133 178
133 181
133 188
133 197
133 205
133 216
133 220
133 223
133 226
133 237
133 238
133 254
133 258
134 135
134 149
134 152
134 158
134 163
134 164
134 166
134 168
134 169
134 178
134 181
134 188
134 197
134 205
134 216
134 220
134 223
134 226
134 237
134 238
134 254
134 258
135 135
135 149
135 152
135 163
135 164
135 166
135 168
135 169
135 178
135 181
135 188
135 197
135 200
135 203
135 205
135 216
135 220
135 223
135 226
135 237
135 238
135 254
135 258
136 135
136 149
136 152
136 163
136 164
136 166
136 168
136 169
136 178
136 181
136 188
136 197
136 200
136 203
136 205
136 216
136 220
136 223
136 226
136 237
136 238
136 254
136 258
137 135
137 149
137 152
137 163
137 164
137 166
137 168
137 169
137 178
137 181
137 188
137 197
137 200
137 203
137 205
137 216
137 220
137 223
137 226
137 237
137 238
137 254
137 258
138 135
138 149
138 163
138 164
138 166
138 168
138 169
138 178
138 181
138 188
138 197
138 200
138 203
138 205
138 216
138 220
138 223
138 226
138 237
138 238
138 254
138 258
139 135
139 149
139 163
139 164
139 166
139 168
139 169
139 178
139 181
139 188
139 197
139 200
139 203
139 205
139 216
139 220
139 223
139 226
139 237
139 238
139 254
139 258
140 135
140 149
140 163
140 166
140 168
140 169
140 178
140 181
140 188
140 197
140 200
140 203
140 205
140 216
140 220
140 223
140 226
140 237
140 238
140 254
140 258
141 135
141 149
141 163
141 166
141 168
141 169
141 178
141 181
141 188
141 197
141 200
141 203
141 205
141 216
141 219
141 220
141 223
141 226
141 237
141 238
141 254
141 258
142 135
142 149
142 163
142 166
142 168
142 169
142 178
142 181
142 188
142 197
142 200
142 203
142 205
142 216
142 219
142 220
142 223
142 226
142 237
142 238
142 254
142 258
143 135
143 149
143 163
143 166
143 168
143 169
143 178
143 181
143 188
143 197
143 200
143 203
143 205
143 216
143 219
143 220
143 223
143 226
143 237
143 238
143 244
143 254
143 258
144 149
144 163
144 166
144 168
144 178
144 181
144 188
144 197
144 200
144 205
144 216
144 219
144 220
144 226
144 237
144 238
144 244
144 258
145 149
145 163
145 166
145 168
145 178
145 181
145 188
145 197
145 200
145 205
145 216
145 219
145 220
145 226
145 237
145 238
145 244
145 258
146 149
146 163
146 166
146 168
146 178
146 181
146 188
146 197
146 200
146 205
146 216
146 219
146 220
146 226
146 237
146 238
146 244
146 258
147 149
147 163
147 166
147 168
147 178
147 181
147 188
147 197
147 200
147 205
147 216
147 219
147 220
147 226
147 237
147 238
147 244
147 258
148 163
148 166
148 168
148 178
148 181
148 197
148 200
148 205
148 216
148 219
148 220
148 226
148 237
148 244
148 258
149 163
149 166
149 168
149 178
149 181
149 197
149 200
149 205
149 216
149 219
149 220
149 226
149 237
149 244
149 258
150 163
150 166
150 168
150 178
150 181
150 197
150 200
150 205
150 216
150 219
150 220
150 226
150 237
150 244
150 258
151 163
151 166
151 168
151 178
151 181
151 197
151 200
151 205
151 216
151 219
151 220
151 226
151 237
151 244
151 258
152 163
152 178
152 181
152 197
152 200
152 205
152 216
152 219
152 220
152 226
152 237
152 244
152 258
153 163
153 178
153 181
153 197
153 200
153 205
153 216
153 219
153 220
153 226
153 237
153 244
153 258
154 163
154 178
154 181
154 197
154 198
154 200
154 205
154 219
154 220
154 226
154 237
154 244
154 258
155 163
155 171
155 178
155 181
155 197
155 198
155 200
155 205
155 219
155 220
155 226
155 244
155 258
156 163
156 171
156 178
156 181
156 197
156 198
156 200
156 205
156 219
156 220
156 226
156 244
156 258
157 163
157 171
157 178
157 181
157 185
157 197
157 198
157 205
157 219
157 220
157 226
157 244
157 258
158 163
158 171
158 178
158 181
158 197
158 198
158 205
158 219
158 220
158 226
158 244
158 258
159 163
159 171
159 178
159 181
159 193
159 197
159 198
159 205
159 219
159 220
159 226
159 244
159 258
160 163
160 171
160 178
160 181
160 193
160 197
160 198
160 205
160 219
160 220
160 226
160 244
160 258
161 163
161 171
161 178
161 181
161 193
161 197
161 198
161 205
161 219
161 220
161 226
161 244
161 258
162 163
162 171
162 178
162 181
162 193
162 197
162 198
162 201
162 205
162 219
162 220
162 226
162 244
162 256
162 258
163 163
163 171
163 178
163 181
163 193
163 197
163 198
163 201
163 205
163 219
163 220
163 226
163 244
163 256
163 258
164 163
164 171
164 178
164 181
164 193
164 197
164 198
164 201
164 205
164 219
164 220
164 226
164 244
164 256
164 258
165 178
165 181
165 193
165 197
165 198
165 218
165 220
165 226
165 244
165 256
165 258
166 178
166 193
166 197
166 198
166 218
166 220
166 226
166 244
166 256
166 258
167 178
167 193
167 197
167 198
167 218
167 220
167 226
167 244
167 256
167 258
168 178
168 193
168 197
168 198
168 218
168 220
168 226
168 244
168 256
168 258
169 178
169 193
169 197
169 198
169 218
169 220
169 226
169 244
169 256
169 258
170 178
170 193
170 197
170 198
170 218
170 220
170 226
170 244
170 256
170 258
171 178
171 193
171 197
171 198
171 218
171 220
171 226
171 244
171 256
171 258
172 193
172 197
172 198
172 218
172 220
172 226
172 244
172 256
172 258
173 193
173 198
173 218
173 220
173 226
173 244
173 256
173 258
174 193
174 198
174 218
174 220
174 226
174 244
174 256
174 258
175 193
175 198
175 220
175 226
175 244
175 247
175 256
175 258
176 193
176 198
176 220
176 226
176 236
176 244
176 247
176 256
176 258
177 193
177 198
177 220
177 226
177 236
177 244
177 247
177 256
177 258
178 193
178 220
178 226
178 232
178 236
178 244
178 247
178 256
179 193
179 220
179 226
179 232
179 236
179 244
179 247
179 256
180 193
180 220
180 226
180 236
180 244
180 247
180 256
181 193
181 220
181 226
181 236
181 244
181 247
181 256
182 193
182 220
182 226
182 236
182 242
182 244
182 247
182 256
183 193
183 220
183 226
183 236
183 242
183 244
183 247
183 256
184 193
184 220
184 226
184 236
184 242
184 244
184 247
184 256
185 193
185 220
185 226
185 236
185 242
185 244
185 247
185 256
186 193
186 220
186 226
186 236
186 242
186 244
186 247
186 256
187 193
187 204
187 220
187 226
187 236
187 242
187 244
187 247
187 253
187 256
188 193
188 204
188 220
188 226
188 236
188 242
188 244
188 247
188 253
188 256
189 193
189 204
189 220
189 226
189 236
189 242
189 244
189 247
189 253
189 256
190 193
190 204
190 220
190 226
190 236
190 242
190 244
190 247
190 253
190 256
191 193
191 204
191 207
191 220
191 226
191 236
191 242
191 244
191 247
191 253
191 256
192 204
192 207
192 220
192 226
192 236
192 242
192 244
192 247
192 253
192 256
193 204
193 207
193 220
193 226
193 236
193 242
193 244
193 247
193 251
193 253
193 256
194 204
194 207
194 220
194 226
194 236
194 242
194 244
194 247
194 251
194 253
194 256
195 204
195 207
195 220
195 226
195 236
195 244
195 247
195 251
195 253
195 256
196 204
196 207
196 220
196 226
196 236
196 244
196 247
196 251
196 253
196 256
197 204
197 207
197 220
197 226
197 236
197 244
197 247
197 251
197 253
197 256
198 204
198 207
198 220
198 226
198 236
198 244
198 247
198 251
198 253
198 256
199 204
199 207
199 220
199 226
199 236
199 244
199 247
199 251
199 253
199 256
200 204
200 207
200 220
200 226
200 236
200 244
200 247
200 251
200 253
200 256
201 204
201 207
201 220
201 226
201 236
201 244
201 247
201 251
201 253
201 256
202 204
202 207
202 220
202 226
202 236
202 244
202 247
202 251
202 253
202 256
203 204
203 207
203 220
203 226
203 236
203 244
203 247
203 251
203 253
203 256
204 204
204 207
204 220
204 226
204 236
204 244
204 247
204 251
204 253
204 256
205 204
205 207
205 220
205 226
205 236
205 244
205 247
205 251
205 253
205 256
206 204
206 220
206 236
206 244
206 247
206 251
206 253
206 256
207 204
207 220
207 236
207 244
207 247
207 251
207 253
207 256
208 204
208 220
208 236
208 244
208 247
208 251
208 253
208 256
209 204
209 220
209 236
209 244
209 247
209 251
209 253
209 256
210 204
210 220
210 236
210 244
210 251
210 253
210 256
211 204
211 220
211 236
211 244
211 251
211 253
211 256
212 204
212 220
212 236
212 244
212 251
212 256
213 204
213 220
213 236
213 244
213 251
213 256
214 204
214 220
214 236
214 244
214 251
214 256
215 204
215 220
215 236
215 244
215 251
215 256
216 204
216 220
216 236
216 244
216 251
216 256
217 204
217 220
217 236
217 244
217 251
217 256
218 204
218 220
218 236
218 244
218 251
218 256
219 204
219 220
219 236
219 244
219 251
219 256
220 204
220 220
220 236
220 244
220 251
220 256
221 204
221 220
221 236
221 244
221 251
221 256
222 204
222 220
222 236
222 244
222 251
222 256
223 204
223 220
223 236
223 244
223 251
223 256
224 204
224 220
224 236
224 244
224 251
224 256
225 204
225 220
225 236
225 240
225 244
225 251
226 204
226 220
226 236
226 240
226 244
226 251
227 204
227 220
227 236
227 240
227 244
227 251
228 204
228 220
228 236
228 240
228 244
228 251
229 220
229 236
229 240
229 244
229 251
230 220
230 236
230 240
230 244
230 251
231 220
231 236
231 240
232 220
232 236
232 240
233 220
233 236
233 240
234 220
234 236
234 240
235 220
235 236
235 240
236 220
236 236
236 240
237 220
237 236
237 240
238 220
238 240
239 220
239 240
240 220
240 240
240 260
241 220
241 240
241 260
242 260
243 260
244 252
244 260
245 252
245 260
246 260
247 260
248 260
249 260
250 260
251 260
252 260
253 260
254 260
255 260
256 260
257 260
258 260
259 260
260 260
261 260
262 260
