0 1
0 15
0 225
1 5
1 6
1 21
1 61
1 225
2 6
2 11
2 21
2 61
2 64
2 225
3 4
3 10
3 21
3 32
3 35
3 52
3 61
3 64
3 65
3 225
4 10
4 21
4 32
4 35
4 52
4 61
4 64
4 225
5 8
5 18
5 35
5 41
5 61
5 89
5 91
5 180
5 213
5 222
6 8
6 18
6 35
6 41
6 66
6 89
6 91
6 180
6 213
6 222
7 9
7 12
7 18
7 25
7 41
7 75
7 89
7 91
7 110
7 134
7 213
7 222
7 255
7 256
8 9
8 18
8 41
8 75
8 91
8 110
8 134
8 213
8 222
8 255
8 256
9 9
9 18
9 75
9 91
9 110
9 134
9 222
9 255
9 256
10 18
10 75
10 91
10 110
10 134
10 222
10 255
10 256
11 18
11 75
11 91
11 110
11 134
11 222
11 253
11 255
11 256
12 75
12 91
12 110
12 134
12 222
12 253
12 255
12 256
13 20
13 75
13 91
13 134
13 222
13 253
13 255
13 256
14 20
14 75
14 91
14 134
14 222
14 253
14 255
14 256
15 75
15 91
15 134
15 222
15 242
15 253
15 255
15 256
16 24
16 67
16 75
16 91
16 134
16 181
16 215
16 242
16 253
16 255
16 256
17 27
17 30
17 31
17 40
17 69
17 75
17 85
17 91
17 134
17 146
17 181
17 216
17 242
17 253
17 255
17 256
18 27
18 30
18 31
18 40
18 69
18 75
18 85
18 91
18 134
18 146
18 181
18 216
18 242
18 253
18 255
18 256
19 27
19 30
19 31
19 36
19 42
19 69
19 75
19 91
19 134
19 138
19 146
19 181
19 216
19 242
19 253
19 255
19 256
20 27
20 30
20 31
20 36
20 39
20 69
20 75
20 91
20 134
20 138
20 146
20 162
20 181
20 216
20 242
20 253
20 255
20 256
20 258
21 27
21 30
21 31
21 36
21 39
21 69
21 75
21 91
21 134
21 138
21 146
21 162
21 181
21 216
21 242
21 253
21 255
21 256
21 258
22 28
22 31
22 39
22 91
22 104
22 122
22 126
22 132
22 133
22 134
22 135
22 138
22 162
22 204
22 216
22 237
22 242
22 253
22 255
22 256
22 258
23 31
23 39
23 47
23 54
23 77
23 91
23 104
23 105
23 122
23 126
23 132
23 133
23 134
23 135
23 138
23 162
23 204
23 216
23 237
23 242
23 253
23 255
23 256
23 258
24 31
24 39
24 47
24 54
24 76
24 77
24 91
24 104
24 105
24 119
24 122
24 126
24 132
24 133
24 134
24 135
24 138
24 162
24 163
24 204
24 216
24 237
24 242
24 253
24 255
24 256
24 258
25 31
25 39
25 47
25 54
25 76
25 77
25 91
25 100
25 104
25 105
25 119
25 122
25 126
25 132
25 133
25 134
25 135
25 138
25 162
25 163
25 197
25 204
25 216
25 237
25 242
25 253
25 255
25 256
25 258
26 31
26 39
26 47
26 54
26 76
26 77
26 91
26 100
26 104
26 105
26 119
26 122
26 126
26 132
26 133
26 134
26 135
26 138
26 162
26 163
26 197
26 204
26 216
26 237
26 242
26 253
26 255
26 256
26 258
27 31
27 39
27 47
27 76
27 77
27 81
27 91
27 104
27 105
27 119
27 122
27 126
27 133
27 134
27 135
27 138
27 162
27 163
27 197
27 204
27 206
27 216
27 237
27 242
27 253
27 254
27 255
27 256
27 258
28 31
28 34
28 39
28 77
28 81
28 91
28 104
28 105
28 119
28 122
28 126
28 133
28 134
28 138
28 162
28 163
28 197
28 204
28 206
28 237
28 242
28 244
28 253
28 254
28 255
28 256
28 258
29 34
29 39
29 44
29 77
29 81
29 91
29 104
29 105
29 119
29 122
29 133
29 162
29 163
29 197
29 204
29 206
29 237
29 242
29 244
29 253
29 254
29 256
29 258
30 34
30 44
30 45
30 62
30 77
30 81
30 91
30 104
30 105
30 119
30 122
30 133
30 162
30 163
30 197
30 204
30 206
30 237
30 242
30 244
30 254
30 256
30 258
31 34
31 44
31 45
31 56
31 62
31 74
31 81
31 104
31 105
31 119
31 122
31 133
31 162
31 163
31 197
31 204
31 206
31 217
31 237
31 242
31 244
31 254
31 256
31 258
32 34
32 44
32 45
32 56
32 62
32 74
32 81
32 104
32 105
32 119
32 122
32 133
32 162
32 163
32 197
32 204
32 206
32 217
32 237
32 242
32 244
32 254
32 256
32 258
33 38
33 74
33 104
33 105
33 122
33 128
33 133
33 155
33 162
33 163
33 193
33 197
33 204
33 206
33 217
33 237
33 244
33 254
33 256
33 258
34 38
34 74
34 104
34 105
34 122
34 128
34 133
34 155
34 162
34 163
34 193
34 197
34 204
34 206
34 217
34 231
34 237
34 244
34 254
34 256
34 258
35 48
35 94
35 120
35 122
35 128
35 133
35 164
35 174
35 193
35 197
35 204
35 206
35 217
35 231
35 237
35 244
35 254
35 256
35 258
36 48
36 94
36 122
36 128
36 133
36 164
36 174
36 193
36 197
36 204
36 206
36 217
36 231
36 237
36 244
36 254
36 256
36 258
37 48
37 94
37 122
37 128
37 133
37 164
37 174
37 193
37 197
37 204
37 206
37 217
37 231
37 237
37 244
37 254
37 256
37 258
38 50
38 51
38 58
38 59
38 63
38 80
38 86
38 94
38 95
38 122
38 128
38 133
38 164
38 174
38 190
38 193
38 197
38 200
38 204
38 206
38 217
38 231
38 237
38 254
38 256
38 258
39 46
39 50
39 51
39 57
39 59
39 78
39 86
39 94
39 95
39 122
39 124
39 128
39 133
39 164
39 169
39 193
39 197
39 200
39 204
39 206
39 217
39 219
39 231
39 237
39 254
39 256
39 258
40 50
40 57
40 59
40 78
40 86
40 94
40 95
40 113
40 124
40 128
40 133
40 164
40 169
40 193
40 197
40 200
40 204
40 206
40 217
40 219
40 231
40 254
40 256
40 258
41 50
41 57
41 59
41 78
41 86
41 94
41 95
41 113
41 124
41 128
41 133
41 164
41 169
41 193
41 197
41 200
41 204
41 206
41 217
41 219
41 231
41 254
41 256
41 258
42 50
42 57
42 59
42 73
42 78
42 86
42 94
42 95
42 124
42 128
42 133
42 164
42 169
42 193
42 197
42 200
42 204
42 206
42 217
42 219
42 231
42 254
42 256
42 258
43 50
43 59
43 68
43 73
43 86
43 95
43 124
43 128
43 131
43 133
43 143
43 164
43 169
43 193
43 197
43 200
43 204
43 206
43 217
43 219
43 231
43 254
43 256
43 258
44 50
44 59
44 68
44 73
44 86
44 95
44 124
44 128
44 131
44 133
44 143
44 164
44 169
44 193
44 197
44 200
44 204
44 206
44 217
44 219
44 231
44 254
44 256
44 258
45 50
45 59
45 68
45 73
45 86
45 95
45 124
45 128
45 131
45 133
45 143
45 147
45 164
45 169
45 193
45 197
45 200
45 204
45 206
45 217
45 219
45 223
45 231
45 254
45 256
45 258
46 50
46 59
46 68
46 73
46 95
46 124
46 128
46 131
46 143
46 147
46 164
46 169
46 178
46 193
46 197
46 204
46 217
46 219
46 223
46 231
46 256
46 258
47 50
47 59
47 68
47 73
47 95
47 124
47 128
47 131
47 143
47 147
47 164
47 169
47 178
47 193
47 197
47 204
47 217
47 219
47 223
47 231
47 256
47 258
48 50
48 59
48 68
48 95
48 124
48 128
48 131
48 143
48 147
48 164
48 169
48 178
48 193
48 197
48 204
48 217
48 219
48 223
48 231
48 256
48 258
49 50
49 59
49 68
49 95
49 124
49 128
49 131
49 143
49 147
49 164
49 169
49 178
49 193
49 197
49 204
49 217
49 219
49 231
49 256
49 258
50 50
50 68
50 70
50 79
50 83
50 124
50 128
50 131
50 143
50 147
50 164
50 169
50 178
50 193
50 197
50 204
50 217
50 219
50 231
50 256
50 258
51 50
51 55
51 68
51 79
51 83
51 124
51 128
51 143
51 147
51 164
51 169
51 178
51 193
51 197
51 204
51 219
51 231
51 238
51 256
52 50
52 55
52 68
52 79
52 83
52 124
52 128
52 143
52 147
52 164
52 169
52 178
52 193
52 197
52 204
52 219
52 238
52 256
53 68
53 79
53 83
53 90
53 115
53 125
53 128
53 147
53 157
53 164
53 169
53 193
53 204
53 205
53 249
54 68
54 79
54 83
54 90
54 115
54 125
54 128
54 147
54 157
54 164
54 169
54 193
54 204
54 205
54 249
55 68
55 79
55 83
55 90
55 115
55 125
55 128
55 147
55 157
55 164
55 169
55 193
55 204
55 205
55 249
56 68
56 79
56 83
56 115
56 125
56 128
56 147
56 157
56 169
56 193
56 204
56 205
57 68
57 79
57 83
57 115
57 125
57 128
57 147
57 157
57 169
57 193
57 204
57 205
58 68
58 83
58 125
58 128
58 147
58 154
58 157
58 159
58 169
58 193
58 204
58 205
58 230
59 68
59 83
59 125
59 128
59 147
59 154
59 157
59 159
59 193
59 204
59 205
59 230
60 68
60 83
60 125
60 128
60 147
60 157
60 159
60 193
60 202
60 204
60 205
60 230
61 68
61 83
61 112
61 125
61 147
61 157
61 159
61 193
61 196
61 202
61 204
61 205
61 230
62 68
62 83
62 112
62 125
62 147
62 157
62 159
62 193
62 196
62 202
62 204
62 205
62 230
63 68
63 112
63 125
63 147
63 159
63 196
63 199
63 202
63 204
63 205
63 230
64 82
64 96
64 101
64 125
64 196
64 199
64 204
64 205
64 230
65 82
65 96
65 101
65 125
65 196
65 199
65 204
65 205
65 230
66 82
66 96
66 101
66 125
66 166
66 196
66 199
66 205
66 230
67 82
67 96
67 101
67 118
67 125
67 166
67 196
67 199
67 205
68 82
68 84
68 93
68 101
68 118
68 125
68 195
68 196
68 199
68 205
69 82
69 93
69 101
69 118
69 125
69 149
69 184
69 195
69 196
69 199
69 205
70 82
70 93
70 101
70 118
70 125
70 149
70 184
70 195
70 196
70 199
70 205
71 82
71 93
71 101
71 118
71 125
71 149
71 184
71 195
71 196
71 199
71 205
72 82
72 93
72 101
72 118
72 125
72 149
72 184
72 195
72 199
72 205
73 82
73 88
73 93
73 101
73 118
73 123
73 125
73 149
73 170
73 184
73 199
73 205
74 82
74 101
74 103
74 118
74 123
74 125
74 149
74 170
74 184
74 199
74 205
75 82
75 101
75 103
75 118
75 123
75 125
75 149
75 150
75 170
75 184
75 199
75 205
76 82
76 101
76 103
76 118
76 123
76 125
76 149
76 150
76 170
76 184
76 199
76 205
77 82
77 101
77 103
77 118
77 123
77 125
77 149
77 150
77 170
77 184
77 199
77 205
78 82
78 101
78 103
78 118
78 123
78 125
78 149
78 150
78 170
78 184
78 199
78 205
79 82
79 101
79 103
79 118
79 123
79 125
79 149
79 150
79 170
79 184
79 199
79 205
80 101
80 103
80 118
80 123
80 149
80 150
80 170
80 184
80 199
80 205
81 101
81 103
81 118
81 123
81 149
81 150
81 152
81 170
81 184
81 199
81 205
82 101
82 103
82 123
82 149
82 150
82 152
82 170
82 184
82 199
82 205
83 101
83 103
83 107
83 117
83 123
83 130
83 149
83 150
83 152
83 170
83 184
83 199
83 205
84 101
84 107
84 117
84 123
84 130
84 149
84 150
84 152
84 170
84 184
84 199
84 205
85 101
85 107
85 117
85 123
85 145
85 149
85 150
85 152
85 170
85 205
85 250
86 101
86 114
86 117
86 145
86 149
86 150
86 152
86 170
86 205
86 207
86 250
87 101
87 109
87 114
87 117
87 139
87 142
87 145
87 149
87 150
87 152
87 170
87 205
87 207
87 210
87 250
88 101
88 108
88 109
88 114
88 117
88 139
88 142
88 145
88 149
88 150
88 152
88 171
88 205
88 207
88 210
88 250
89 101
89 108
89 109
89 114
89 117
89 121
89 139
89 142
89 145
89 149
89 150
89 152
89 171
89 205
89 207
89 210
89 250
90 108
90 109
90 114
90 117
90 121
90 140
90 142
90 145
90 149
90 150
90 152
90 171
90 205
90 207
90 250
91 109
91 114
91 117
91 121
91 140
91 142
91 145
91 149
91 150
91 152
91 171
91 176
91 205
91 250
92 109
92 114
92 121
92 140
92 142
92 145
92 149
92 150
92 152
92 171
92 176
92 205
92 250
93 109
93 114
93 121
93 140
93 142
93 145
93 149
93 150
93 152
93 171
93 176
93 205
93 250
94 109
94 114
94 121
94 142
94 145
94 149
94 150
94 152
94 171
94 176
94 205
94 250
95 99
95 102
95 109
95 114
95 121
95 142
95 145
95 149
95 150
95 152
95 171
95 176
95 205
95 250
96 99
96 102
96 109
96 114
96 121
96 142
96 145
96 149
96 150
96 152
96 171
96 176
96 205
96 250
97 99
97 102
97 109
97 114
97 121
97 142
97 145
97 149
97 150
97 152
97 171
97 186
97 205
97 250
98 99
98 102
98 109
98 114
98 121
98 142
98 145
98 149
98 150
98 152
98 171
98 186
98 205
98 250
99 99
99 102
99 109
99 114
99 121
99 142
99 145
99 149
99 150
99 152
99 171
99 186
99 205
99 250
100 102
100 109
100 121
100 142
100 145
100 149
100 150
100 152
100 171
100 186
100 205
100 250
101 102
101 109
101 142
101 145
101 149
101 152
101 171
101 186
101 205
101 250
102 102
102 109
102 142
102 145
102 149
102 152
102 171
102 186
102 205
102 250
103 102
103 109
103 142
103 145
103 149
103 152
103 171
103 186
103 205
103 250
104 102
104 109
104 142
104 145
104 152
104 171
104 186
104 205
104 250
105 102
105 109
105 142
105 145
105 152
105 171
105 186
105 203
105 205
105 250
106 102
106 109
106 142
106 145
106 152
106 171
106 186
106 203
106 205
106 250
107 109
107 142
107 145
107 152
107 171
107 186
107 203
107 205
107 220
107 250
108 109
108 142
108 145
108 152
108 171
108 186
108 203
108 205
108 214
108 220
108 250
109 109
109 142
109 144
109 145
109 171
109 186
109 203
109 214
109 220
109 250
110 109
110 142
110 145
110 171
110 186
110 203
110 220
110 250
111 109
111 116
111 137
111 141
111 142
111 145
111 186
111 203
111 220
112 109
112 116
112 141
112 142
112 145
112 186
112 198
112 203
112 220
112 221
113 109
113 116
113 141
113 142
113 145
113 186
113 198
113 203
113 220
113 221
114 109
114 141
114 142
114 145
114 186
114 198
114 203
114 220
114 221
115 109
115 141
115 142
115 145
115 186
115 203
115 220
115 221
116 109
116 141
116 142
116 145
116 186
116 203
116 220
116 221
117 109
117 141
117 142
117 145
117 186
117 203
117 220
117 221
118 109
118 141
118 142
118 145
118 153
118 186
118 203
118 220
118 221
118 228
119 109
119 141
119 142
119 145
119 153
119 186
119 203
119 220
119 221
119 228
120 141
120 142
120 145
120 153
120 186
120 203
120 220
120 228
121 141
121 142
121 145
121 153
121 186
121 203
121 220
121 228
122 136
122 141
122 151
122 153
122 156
122 161
122 172
122 188
122 191
122 203
122 228
122 262
123 136
123 141
123 151
123 153
123 156
123 161
123 172
123 173
123 188
123 191
123 203
123 228
123 262
124 136
124 151
124 153
124 156
124 161
124 172
124 173
124 188
124 191
124 203
124 228
124 262
125 136
125 151
125 153
125 156
125 172
125 173
125 188
125 203
125 228
125 262
126 136
126 151
126 153
126 156
126 172
126 173
126 179
126 188
126 203
126 228
126 262
127 151
127 153
127 156
127 172
127 173
127 179
127 188
127 203
127 228
127 262
128 151
128 153
128 156
128 168
128 172
128 173
128 179
128 188
128 203
128 228
128 262
129 151
129 153
129 156
129 168
129 172
129 173
129 179
129 188
129 203
129 228
129 262
130 151
130 153
130 156
130 168
130 172
130 173
130 188
130 203
130 228
130 262
131 151
131 153
131 156
131 168
131 172
131 173
131 188
131 203
131 262
132 151
132 153
132 156
132 168
132 172
132 173
132 188
132 203
132 262
133 151
133 153
133 156
133 168
133 172
133 173
133 188
133 194
133 203
133 262
134 151
134 153
134 156
134 168
134 172
134 173
134 175
134 194
134 203
134 262
135 148
135 151
135 153
135 156
135 168
135 172
135 173
135 175
135 177
135 189
135 194
135 203
135 262
136 148
136 153
136 156
136 168
136 172
136 175
136 177
136 189
136 194
136 203
136 234
136 262
137 148
137 153
137 156
137 168
137 172
137 175
137 177
137 189
137 194
137 203
137 234
137 262
138 148
138 153
138 156
138 168
138 172
138 175
138 177
138 189
138 194
138 203
138 234
138 262
139 148
139 153
139 156
139 168
139 172
139 175
139 177
139 189
139 194
139 203
139 209
139 234
139 262
140 148
140 153
140 156
140 168
140 172
140 175
140 177
140 189
140 194
140 203
140 209
140 234
140 262
141 148
141 153
141 156
141 168
141 172
141 175
141 177
141 189
141 194
141 209
141 234
141 262
142 148
142 153
142 156
142 168
142 172
142 175
142 177
142 189
142 194
142 209
142 234
142 262
143 148
143 153
143 156
143 165
143 168
143 172
143 175
143 177
143 189
143 194
143 209
143 234
143 262
144 148
144 153
144 156
144 165
144 168
144 172
144 175
144 177
144 189
144 194
144 209
144 234
144 262
145 148
145 153
145 156
145 165
145 172
145 175
145 177
145 189
145 192
145 194
145 218
145 234
145 262
146 148
146 153
146 156
146 165
146 172
146 175
146 177
146 189
146 192
146 194
146 218
146 234
146 262
147 148
147 153
147 165
147 172
147 175
147 177
147 189
147 192
147 194
147 218
147 234
147 262
148 148
148 153
148 165
148 172
148 175
148 177
148 189
148 192
148 194
148 218
148 234
148 262
149 148
149 153
149 160
149 165
149 172
149 175
149 177
149 189
149 192
149 194
149 218
149 229
150 153
150 160
150 165
150 172
150 175
150 177
150 189
150 192
150 194
150 218
150 229
151 153
151 160
151 165
151 172
151 175
151 177
151 189
151 192
151 218
151 229
152 153
152 160
152 165
152 172
152 175
152 177
152 189
152 192
152 218
152 226
152 229
153 153
153 160
153 165
153 172
153 175
153 177
153 189
153 192
153 218
153 226
153 229
154 153
154 160
154 165
154 172
154 175
154 177
154 189
154 192
154 218
154 226
154 229
155 153
155 160
155 165
155 172
155 175
155 177
155 189
155 192
155 218
155 226
155 229
156 153
156 160
156 165
156 172
156 175
156 177
156 192
156 201
156 218
156 229
156 233
156 260
157 153
157 160
157 172
157 175
157 192
157 201
157 218
157 229
157 233
157 260
158 153
158 160
158 172
158 175
158 192
158 201
158 218
158 229
158 233
158 260
159 153
159 160
159 172
159 175
159 192
159 201
159 218
159 229
159 233
159 260
160 153
160 160
160 172
160 175
160 192
160 201
160 218
160 229
160 233
160 260
161 153
161 172
161 175
161 192
161 201
161 208
161 218
161 229
161 260
161 261
162 153
162 172
162 175
162 192
162 201
162 208
162 218
162 229
162 240
162 260
162 261
163 153
163 172
163 175
163 192
163 201
163 208
163 218
163 229
163 240
163 260
163 261
164 153
164 172
164 175
164 192
164 201
164 208
164 218
164 229
164 240
164 260
164 261
165 153
165 172
165 175
165 192
165 201
165 208
165 218
165 229
165 240
165 260
166 153
166 172
166 175
166 192
166 201
166 208
166 218
166 229
166 240
166 260
167 153
167 172
167 175
167 192
167 201
167 208
167 218
167 229
167 240
167 260
168 153
168 172
168 175
168 192
168 201
168 208
168 218
168 229
168 236
168 240
168 260
169 153
169 172
169 175
169 185
169 192
169 201
169 208
169 218
169 229
169 236
169 240
169 260
170 172
170 185
170 192
170 201
170 208
170 218
170 229
170 236
170 240
170 260
171 172
171 185
171 192
171 201
171 208
171 218
171 229
171 236
171 240
171 260
172 172
172 185
172 192
172 201
172 208
172 218
172 229
172 236
172 240
172 260
173 172
173 185
173 192
173 201
173 208
173 218
173 229
173 236
173 240
173 260
174 172
174 185
174 192
174 201
174 208
174 218
174 229
174 236
174 240
174 260
175 172
175 192
175 201
175 208
175 218
175 229
175 236
175 240
175 260
176 172
176 192
176 201
176 208
176 218
176 229
176 236
176 240
176 260
177 172
177 192
177 201
177 208
177 218
177 229
177 236
177 240
177 260
178 192
178 201
178 208
178 218
178 229
178 236
178 240
178 260
179 192
179 201
179 218
179 229
179 236
179 240
179 260
180 192
180 201
180 218
180 229
180 236
180 240
180 260
181 192
181 201
181 218
181 229
181 236
181 240
181 260
182 192
182 201
182 218
182 229
182 236
182 240
182 260
183 192
183 201
183 218
183 229
183 236
183 240
183 260
184 192
184 201
184 218
184 240
184 260
185 192
185 218
185 240
186 192
186 212
186 218
186 240
187 192
187 212
187 218
187 240
188 192
188 212
188 218
188 240
189 192
189 212
189 218
189 240
190 218
190 240
190 243
191 218
191 240
191 243
192 218
192 240
192 243
193 240
193 243
194 240
194 243
195 240
195 243
196 240
196 243
197 240
197 243
198 224
198 240
198 243
199 224
199 240
199 243
200 224
200 240
200 243
201 224
201 240
201 243
202 224
202 240
202 243
203 224
203 240
203 243
204 224
204 240
204 243
205 240
205 243
206 240
206 243
207 240
207 243
208 243
209 243
210 243
211 243
212 243
213 243
214 243
215 243
216 243
216 247
217 243
217 247
218 243
218 247
219 243
219 245
219 247
220 243
220 245
220 247
221 227
221 235
221 243
221 245
221 247
221 251
222 235
222 243
222 245
222 247
222 251
223 235
223 243
223 245
223 251
223 259
224 243
224 245
224 251
224 259
225 243
225 245
225 251
225 259
226 243
226 245
226 251
226 259
227 243
227 245
227 251
228 243
228 245
228 251
229 243
229 245
229 251
230 243
230 245
230 246
230 251
231 243
231 245
231 246
231 251
232 243
232 245
232 246
232 251
233 243
233 245
233 246
233 251
234 243
234 245
234 246
234 251
235 243
235 245
235 246
235 251
236 243
236 245
236 246
236 251
237 241
237 243
237 245
237 246
237 251
238 241
238 243
238 245
238 246
238 251
239 241
239 243
239 245
239 246
239 251
240 241
240 243
240 245
240 246
240 251
241 243
241 245
241 246
241 248
241 251
241 252
242 243
242 245
242 248
242 251
242 252
243 243
243 245
243 248
243 251
243 252
244 243
244 245
244 248
244 251
244 252
245 243
245 245
245 248
245 251
245 252
246 245
246 251
246 252
247 245
247 251
247 252
248 245
248 251
248 252
249 245
249 251
249 252
250 245
251 245
252 245
253 245
254 245
255 245
256 245
257 245
