0 2
0 7
0 23
0 68
1 2
1 4
1 7
1 18
1 23
1 68
2 4
2 6
2 18
2 23
2 33
2 43
2 48
2 68
3 4
3 18
3 23
3 33
3 43
3 48
3 68
4 23
4 43
4 44
4 47
4 48
4 64
4 68
4 76
4 115
4 253
5 8
5 12
5 16
5 23
5 44
5 47
5 48
5 64
5 68
5 76
5 115
5 253
6 8
6 12
6 23
6 44
6 47
6 48
6 64
6 68
6 115
6 253
7 8
7 10
7 11
7 12
7 22
7 23
7 44
7 48
7 64
7 68
7 115
8 10
8 22
8 23
8 26
8 44
8 48
8 64
8 68
8 115
9 10
9 22
9 23
9 26
9 31
9 44
9 48
9 64
9 68
9 71
9 115
9 129
9 196
10 23
10 25
10 35
10 44
10 48
10 64
10 68
10 71
10 115
10 129
10 196
10 217
10 243
11 13
11 23
11 25
11 35
11 41
11 44
11 48
11 64
11 68
11 71
11 115
11 129
11 196
11 217
11 243
12 13
12 21
12 35
12 41
12 44
12 48
12 64
12 68
12 71
12 115
12 129
12 196
12 217
12 243
13 13
13 21
13 35
13 41
13 44
13 48
13 64
13 68
13 70
13 71
13 80
13 115
13 129
13 196
13 217
13 243
14 21
14 35
14 41
14 44
14 55
14 64
14 68
14 70
14 71
14 80
14 115
14 129
14 196
14 217
14 243
15 35
15 39
15 53
15 55
15 62
15 68
15 70
15 80
15 115
15 196
15 217
15 243
16 35
16 37
16 39
16 49
16 53
16 55
16 62
16 68
16 70
16 80
16 115
16 196
16 217
16 224
16 243
17 35
17 37
17 39
17 49
17 53
17 55
17 62
17 68
17 70
17 80
17 115
17 196
17 217
17 224
17 243
18 35
18 37
18 39
18 49
18 53
18 55
18 62
18 68
18 70
18 80
18 115
18 196
18 217
18 224
18 243
19 24
19 35
19 37
19 39
19 49
19 53
19 55
19 62
19 68
19 70
19 80
19 115
19 196
19 217
19 224
19 243
20 24
20 35
20 37
20 39
20 49
20 53
20 55
20 62
20 68
20 70
20 80
20 115
20 148
20 196
20 217
20 224
20 243
21 24
21 37
21 39
21 49
21 53
21 54
21 55
21 62
21 70
21 80
21 115
21 148
21 196
21 217
21 224
21 243
21 254
22 24
22 28
22 37
22 39
22 49
22 53
22 54
22 55
22 59
22 62
22 70
22 80
22 103
22 115
22 148
22 196
22 217
22 224
22 243
22 254
23 28
23 37
23 39
23 49
23 53
23 54
23 55
23 62
23 70
23 80
23 103
23 115
23 148
23 196
23 206
23 217
23 224
23 243
23 254
24 28
24 37
24 39
24 49
24 53
24 55
24 61
24 62
24 70
24 80
24 103
24 115
24 148
24 196
24 206
24 217
24 224
24 243
24 254
25 27
25 38
25 62
25 70
25 73
25 80
25 103
25 115
25 117
25 124
25 148
25 158
25 177
25 196
25 206
25 217
25 224
25 243
25 262
26 27
26 38
26 60
26 62
26 70
26 73
26 80
26 103
26 115
26 117
26 124
26 148
26 158
26 177
26 196
26 206
26 217
26 224
26 243
26 262
27 27
27 38
27 60
27 62
27 70
27 73
27 80
27 103
27 115
27 117
27 124
27 148
27 158
27 177
27 196
27 206
27 217
27 224
27 243
27 262
28 27
28 38
28 60
28 62
28 70
28 73
28 80
28 103
28 115
28 117
28 124
28 148
28 158
28 177
28 196
28 206
28 217
28 224
28 243
28 262
29 27
29 38
29 60
29 62
29 70
29 73
29 80
29 103
29 115
29 117
29 124
29 148
29 158
29 177
29 196
29 206
29 217
29 224
29 243
29 262
30 27
30 38
30 60
30 62
30 70
30 73
30 80
30 82
30 101
30 103
30 113
30 115
30 124
30 148
30 158
30 177
30 196
30 206
30 217
30 224
30 243
30 262
31 27
31 38
31 42
31 60
31 62
31 70
31 73
31 80
31 82
31 101
31 103
31 113
31 115
31 124
31 148
31 158
31 177
31 196
31 206
31 217
31 224
31 243
31 262
32 38
32 42
32 50
32 60
32 62
32 70
32 73
32 80
32 82
32 101
32 103
32 113
32 115
32 148
32 158
32 177
32 196
32 206
32 217
32 224
32 243
32 262
33 38
33 42
33 50
33 60
33 62
33 70
33 73
33 80
33 82
33 101
33 103
33 113
33 115
33 148
33 158
33 177
33 196
33 206
33 217
33 224
33 243
33 262
34 38
34 42
34 50
34 60
34 62
34 70
34 73
34 80
34 101
34 103
34 113
34 148
34 158
34 177
34 191
34 196
34 198
34 206
34 217
34 224
34 243
34 262
35 38
35 42
35 50
35 60
35 62
35 70
35 73
35 80
35 101
35 103
35 113
35 148
35 158
35 177
35 191
35 196
35 198
35 206
35 212
35 217
35 224
35 243
35 262
36 38
36 42
36 50
36 60
36 62
36 70
36 81
36 101
36 103
36 113
36 136
36 145
36 148
36 158
36 177
36 191
36 196
36 198
36 206
36 212
36 217
36 224
36 243
36 262
37 42
37 50
37 60
37 62
37 74
37 81
37 101
37 103
37 136
37 145
37 148
37 158
37 177
37 191
37 196
37 198
37 206
37 217
37 224
37 243
37 262
38 42
38 50
38 60
38 62
38 74
38 78
38 81
38 101
38 103
38 116
38 119
38 136
38 145
38 148
38 158
38 177
38 191
38 196
38 198
38 206
38 217
38 224
38 243
38 262
39 50
39 60
39 74
39 78
39 81
39 101
39 103
39 116
39 119
39 136
39 148
39 158
39 170
39 171
39 177
39 191
39 196
39 198
39 206
39 217
39 224
39 243
39 262
40 46
40 56
40 74
40 78
40 81
40 83
40 101
40 119
40 136
40 147
40 148
40 170
40 171
40 172
40 177
40 191
40 196
40 198
40 206
40 217
40 224
40 262
41 46
41 56
41 74
41 78
41 81
41 83
41 101
41 119
41 136
41 147
41 148
41 170
41 171
41 172
41 177
41 191
41 196
41 198
41 206
41 217
41 224
41 262
42 46
42 56
42 74
42 81
42 83
42 101
42 119
42 136
42 142
42 146
42 147
42 148
42 161
42 168
42 170
42 171
42 177
42 191
42 196
42 198
42 206
42 217
42 224
42 262
43 46
43 56
43 74
43 81
43 83
43 101
43 119
43 136
43 142
43 146
43 147
43 148
43 161
43 168
43 170
43 171
43 177
43 191
43 196
43 198
43 206
43 217
43 224
43 262
44 56
44 74
44 81
44 83
44 101
44 119
44 136
44 142
44 146
44 147
44 148
44 161
44 168
44 170
44 171
44 177
44 191
44 196
44 198
44 206
44 217
44 224
44 262
45 56
45 81
45 83
45 86
45 93
45 101
45 105
45 119
45 136
45 142
45 146
45 147
45 148
45 161
45 168
45 170
45 171
45 177
45 191
45 196
45 198
45 206
45 217
45 218
45 220
45 224
45 262
46 56
46 81
46 83
46 86
46 93
46 101
46 105
46 119
46 136
46 142
46 147
46 161
46 168
46 170
46 171
46 177
46 191
46 196
46 198
46 206
46 217
46 218
46 220
46 224
46 262
47 51
47 56
47 58
47 83
47 86
47 101
47 105
47 111
47 130
47 136
47 147
47 151
47 161
47 163
47 168
47 170
47 171
47 177
47 189
47 191
47 198
47 217
47 218
47 220
47 224
47 262
48 51
48 56
48 58
48 66
48 83
48 86
48 101
48 105
48 111
48 130
48 136
48 147
48 151
48 161
48 163
48 168
48 171
48 177
48 189
48 191
48 198
48 217
48 218
48 220
48 224
48 262
49 51
49 58
49 66
49 83
49 86
49 101
49 105
49 107
49 111
49 130
49 136
49 147
49 151
49 161
49 162
49 163
49 168
49 171
49 177
49 189
49 191
49 217
49 218
49 220
49 224
49 262
50 51
50 58
50 66
50 75
50 83
50 86
50 101
50 105
50 107
50 111
50 130
50 136
50 147
50 161
50 162
50 163
50 168
50 171
50 177
50 189
50 191
50 217
50 218
50 220
50 224
50 255
50 262
51 51
51 58
51 66
51 75
51 83
51 86
51 101
51 105
51 107
51 111
51 130
51 136
51 147
51 161
51 162
51 163
51 168
51 171
51 177
51 189
51 191
51 217
51 218
51 220
51 224
51 255
51 262
52 51
52 58
52 66
52 75
52 83
52 86
52 101
52 105
52 107
52 111
52 130
52 136
52 147
52 161
52 162
52 163
52 168
52 171
52 177
52 189
52 191
52 217
52 218
52 220
52 224
52 255
52 262
53 51
53 58
53 66
53 75
53 83
53 86
53 101
53 105
53 107
53 111
53 130
53 147
53 161
53 162
53 163
53 168
53 171
53 177
53 189
53 191
53 217
53 218
53 220
53 224
53 255
53 262
54 51
54 58
54 75
54 83
54 86
54 101
54 105
54 107
54 111
54 114
54 135
54 147
54 161
54 162
54 163
54 168
54 171
54 173
54 177
54 189
54 191
54 217
54 218
54 220
54 255
54 262
55 51
55 58
55 75
55 101
55 105
55 107
55 111
55 114
55 135
55 147
55 161
55 162
55 163
55 168
55 171
55 173
55 177
55 189
55 191
55 217
55 218
55 220
55 262
56 51
56 58
56 75
56 101
56 105
56 107
56 111
56 114
56 135
56 147
56 161
56 162
56 163
56 168
56 171
56 173
56 177
56 189
56 191
56 217
56 218
56 220
56 262
57 51
57 58
57 75
57 98
57 101
57 105
57 107
57 111
57 114
57 135
57 147
57 149
57 153
57 161
57 162
57 163
57 168
57 171
57 177
57 189
57 191
57 217
57 218
57 262
58 51
58 58
58 75
58 84
58 98
58 101
58 105
58 107
58 111
58 135
58 147
58 149
58 153
58 161
58 162
58 163
58 168
58 171
58 177
58 189
58 191
58 217
58 218
58 262
59 58
59 75
59 84
59 98
59 101
59 105
59 107
59 111
59 135
59 147
59 149
59 153
59 161
59 162
59 163
59 168
59 171
59 177
59 189
59 191
59 217
59 218
59 262
60 58
60 67
60 75
60 84
60 92
60 101
60 105
60 111
60 135
60 147
60 149
60 153
60 161
60 162
60 168
60 171
60 177
60 189
60 191
60 213
60 215
60 217
60 218
60 262
61 58
61 67
61 75
61 84
61 92
61 101
61 105
61 111
61 135
61 147
61 149
61 153
61 161
61 162
61 168
61 171
61 174
61 177
61 189
61 191
61 213
61 215
61 217
61 218
61 262
62 58
62 84
62 95
62 101
62 105
62 108
62 111
62 134
62 135
62 147
62 149
62 152
62 153
62 161
62 162
62 168
62 171
62 174
62 175
62 177
62 189
62 191
62 213
62 215
62 217
62 218
62 262
63 58
63 69
63 84
63 95
63 101
63 105
63 108
63 127
63 134
63 135
63 147
63 152
63 153
63 161
63 162
63 167
63 168
63 171
63 174
63 175
63 177
63 189
63 191
63 213
63 215
63 217
63 262
64 69
64 84
64 101
64 105
64 108
64 127
64 131
64 134
64 135
64 147
64 152
64 153
64 161
64 162
64 167
64 168
64 171
64 174
64 175
64 177
64 189
64 191
64 213
64 215
64 217
64 262
65 69
65 84
65 101
65 105
65 108
65 127
65 131
65 134
65 135
65 147
65 152
65 153
65 161
65 162
65 167
65 168
65 171
65 174
65 175
65 177
65 189
65 191
65 213
65 215
65 217
65 262
66 72
66 84
66 94
66 100
66 101
66 105
66 108
66 127
66 131
66 135
66 147
66 152
66 153
66 161
66 162
66 167
66 168
66 174
66 175
66 177
66 191
66 213
66 215
66 217
66 262
67 72
67 77
67 88
67 94
67 105
67 108
67 127
67 128
67 131
67 147
67 153
67 161
67 162
67 167
67 168
67 174
67 175
67 177
67 191
67 213
67 215
67 217
67 235
67 262
68 72
68 88
68 94
68 108
68 127
68 128
68 131
68 147
68 161
68 162
68 167
68 168
68 174
68 175
68 177
68 191
68 195
68 213
68 215
68 217
68 235
68 262
69 72
69 88
69 94
69 108
69 127
69 128
69 131
69 147
69 161
69 162
69 167
69 168
69 174
69 175
69 177
69 191
69 195
69 213
69 215
69 217
69 235
69 262
70 72
70 88
70 108
70 127
70 128
70 131
70 147
70 161
70 167
70 168
70 174
70 175
70 177
70 191
70 195
70 213
70 215
70 217
70 235
70 262
71 72
71 88
71 108
71 127
71 128
71 131
71 147
71 161
71 167
71 168
71 174
71 175
71 177
71 191
71 195
71 213
71 215
71 217
71 235
71 262
72 72
72 79
72 88
72 108
72 127
72 128
72 131
72 147
72 161
72 167
72 168
72 174
72 175
72 177
72 191
72 195
72 213
72 215
72 217
72 235
72 262
73 79
73 88
73 96
73 108
73 121
73 126
73 127
73 128
73 131
73 147
73 167
73 168
73 174
73 175
73 191
73 195
73 213
73 215
73 217
73 235
73 262
74 79
74 88
74 96
74 121
74 126
74 131
74 147
74 157
74 167
74 168
74 174
74 175
74 191
74 195
74 213
74 215
74 217
74 235
74 262
75 79
75 88
75 96
75 97
75 121
75 126
75 131
75 147
75 157
75 167
75 168
75 174
75 175
75 191
75 195
75 213
75 215
75 235
75 262
76 88
76 96
76 97
76 102
76 121
76 126
76 131
76 147
76 157
76 167
76 168
76 174
76 175
76 185
76 191
76 195
76 213
76 215
76 225
76 235
76 262
77 88
77 96
77 97
77 102
77 121
77 126
77 131
77 147
77 157
77 167
77 168
77 174
77 175
77 185
77 191
77 195
77 213
77 215
77 225
77 235
77 262
78 88
78 96
78 97
78 102
78 121
78 123
78 126
78 131
78 147
78 157
78 167
78 168
78 174
78 175
78 185
78 191
78 195
78 215
78 225
78 235
78 262
79 88
79 96
79 97
79 102
79 123
79 126
79 131
79 147
79 157
79 167
79 168
79 174
79 175
79 185
79 191
79 195
79 215
79 225
79 235
79 249
79 262
80 88
80 96
80 97
80 102
80 123
80 131
80 140
80 141
80 143
80 147
80 167
80 168
80 175
80 178
80 185
80 191
80 195
80 197
80 215
80 225
80 235
81 88
81 96
81 97
81 109
81 123
81 131
81 138
81 140
81 143
81 147
81 167
81 168
81 175
81 185
81 191
81 195
81 197
81 215
81 225
81 232
81 235
82 85
82 88
82 89
82 109
82 131
82 133
82 138
82 139
82 140
82 143
82 147
82 150
82 167
82 168
82 175
82 191
82 197
82 200
82 215
82 225
82 226
82 231
82 232
82 235
83 85
83 88
83 89
83 109
83 131
83 133
83 138
83 139
83 140
83 143
83 147
83 150
83 167
83 168
83 175
83 191
83 197
83 200
83 215
83 225
83 226
83 231
83 232
83 235
84 88
84 99
84 109
84 131
84 133
84 138
84 139
84 140
84 143
84 147
84 150
84 166
84 167
84 168
84 175
84 191
84 194
84 197
84 200
84 203
84 215
84 225
84 226
84 231
84 232
84 235
84 245
85 88
85 99
85 104
85 109
85 131
85 133
85 138
85 139
85 140
85 143
85 147
85 150
85 166
85 167
85 168
85 175
85 191
85 194
85 197
85 200
85 203
85 215
85 225
85 226
85 231
85 232
85 235
85 245
86 88
86 99
86 104
86 109
86 131
86 133
86 138
86 139
86 140
86 143
86 147
86 150
86 166
86 167
86 168
86 175
86 191
86 194
86 197
86 200
86 203
86 215
86 225
86 226
86 231
86 232
86 235
86 245
87 88
87 99
87 104
87 109
87 131
87 133
87 138
87 139
87 140
87 143
87 147
87 150
87 166
87 167
87 168
87 175
87 191
87 194
87 197
87 200
87 203
87 215
87 225
87 226
87 231
87 232
87 235
87 245
88 88
88 99
88 104
88 106
88 109
88 131
88 133
88 138
88 139
88 140
88 143
88 150
88 166
88 167
88 168
88 169
88 175
88 191
88 194
88 197
88 200
88 203
88 215
88 225
88 226
88 231
88 232
88 235
88 245
89 88
89 99
89 104
89 106
89 109
89 131
89 133
89 138
89 139
89 140
89 143
89 150
89 166
89 167
89 168
89 169
89 175
89 194
89 197
89 200
89 203
89 215
89 225
89 226
89 231
89 232
89 235
89 245
90 88
90 99
90 104
90 106
90 109
90 131
90 133
90 138
90 139
90 140
90 143
90 150
90 166
90 167
90 168
90 169
90 175
90 194
90 197
90 200
90 203
90 215
90 225
90 226
90 231
90 232
90 235
90 245
91 88
91 99
91 104
91 106
91 109
91 131
91 133
91 138
91 139
91 140
91 143
91 150
91 166
91 167
91 169
91 175
91 194
91 197
91 200
91 203
91 215
91 225
91 226
91 231
91 232
91 235
91 245
92 88
92 99
92 104
92 106
92 109
92 131
92 133
92 138
92 139
92 140
92 143
92 150
92 166
92 167
92 169
92 175
92 194
92 200
92 203
92 215
92 221
92 225
92 226
92 231
92 232
92 235
92 245
93 88
93 99
93 106
93 109
93 133
93 138
93 139
93 143
93 150
93 166
93 169
93 175
93 194
93 200
93 203
93 215
93 221
93 225
93 226
93 231
93 232
93 235
93 245
94 99
94 106
94 109
94 133
94 139
94 143
94 150
94 166
94 169
94 179
94 194
94 200
94 203
94 221
94 226
94 231
94 232
94 235
94 245
95 99
95 106
95 109
95 133
95 139
95 143
95 150
95 166
95 169
95 179
95 194
95 200
95 203
95 221
95 226
95 231
95 232
95 235
95 245
96 99
96 106
96 109
96 133
96 139
96 143
96 150
96 166
96 169
96 179
96 194
96 200
96 203
96 221
96 226
96 231
96 232
96 235
96 245
97 99
97 109
97 133
97 139
97 143
97 150
97 166
97 169
97 179
97 194
97 200
97 203
97 231
97 232
97 235
97 241
97 245
98 99
98 109
98 133
98 139
98 143
98 150
98 166
98 169
98 179
98 194
98 200
98 203
98 231
98 232
98 235
98 241
98 245
99 99
99 109
99 133
99 139
99 143
99 150
99 166
99 169
99 179
99 194
99 200
99 203
99 231
99 232
99 235
99 241
99 245
100 99
100 109
100 125
100 133
100 139
100 143
100 150
100 166
100 169
100 179
100 200
100 203
100 231
100 232
100 235
100 241
100 245
101 99
101 109
101 125
101 133
101 139
101 143
101 150
101 166
101 169
101 179
101 200
101 203
101 223
101 231
101 232
101 235
101 241
101 245
102 99
102 125
102 133
102 139
102 143
102 150
102 166
102 169
102 179
102 200
102 203
102 223
102 231
102 232
102 235
102 241
102 245
103 99
103 125
103 133
103 139
103 143
103 150
103 169
103 179
103 200
103 203
103 223
103 231
103 232
103 235
103 241
103 245
103 251
103 252
104 99
104 125
104 133
104 139
104 143
104 150
104 169
104 179
104 200
104 203
104 223
104 231
104 232
104 235
104 241
104 245
104 251
104 252
105 99
105 125
105 133
105 139
105 143
105 150
105 169
105 179
105 200
105 203
105 223
105 231
105 232
105 235
105 241
105 245
105 251
105 252
106 99
106 118
106 125
106 133
106 139
106 143
106 144
106 150
106 169
106 179
106 203
106 207
106 223
106 231
106 232
106 235
106 241
106 245
106 251
106 252
107 99
107 118
107 125
107 133
107 139
107 143
107 144
107 150
107 159
107 169
107 179
107 203
107 207
107 223
107 231
107 232
107 235
107 241
107 245
107 251
107 252
108 99
108 118
108 125
108 133
108 137
108 139
108 143
108 144
108 150
108 159
108 169
108 179
108 207
108 223
108 231
108 232
108 235
108 241
108 245
108 251
108 252
109 99
109 118
109 125
109 133
109 137
109 139
109 143
109 144
109 150
109 159
109 169
109 179
109 207
109 223
109 232
109 235
109 241
109 245
109 251
109 252
110 99
110 118
110 133
110 137
110 139
110 143
110 144
110 159
110 169
110 179
110 207
110 223
110 232
110 235
110 241
110 245
110 251
110 252
111 99
111 118
111 133
111 137
111 139
111 143
111 144
111 169
111 179
111 207
111 223
111 232
111 235
111 241
111 245
111 251
111 252
112 99
112 118
112 133
112 137
112 139
112 143
112 144
112 169
112 179
112 207
112 223
112 232
112 235
112 241
112 245
112 251
112 252
113 133
113 137
113 143
113 144
113 169
113 179
113 207
113 223
113 232
113 235
113 239
113 241
113 245
113 251
113 252
114 133
114 137
114 143
114 144
114 154
114 169
114 207
114 209
114 223
114 232
114 235
114 239
114 241
114 245
114 251
114 252
115 133
115 137
115 143
115 144
115 154
115 169
115 207
115 209
115 223
115 232
115 235
115 239
115 241
115 245
115 251
115 252
116 133
116 137
116 143
116 144
116 154
116 169
116 207
116 209
116 223
116 232
116 235
116 238
116 239
116 241
116 245
116 251
116 252
117 133
117 137
117 143
117 144
117 154
117 169
117 180
117 207
117 209
117 223
117 235
117 238
117 239
117 241
117 245
117 251
117 252
118 137
118 143
118 144
118 154
118 169
118 180
118 207
118 209
118 223
118 235
118 238
118 239
118 241
118 245
118 251
118 252
119 137
119 143
119 144
119 154
119 169
119 180
119 207
119 209
119 210
119 223
119 227
119 235
119 238
119 239
119 241
119 251
119 252
120 155
120 169
120 180
120 199
120 207
120 209
120 210
120 223
120 227
120 235
120 238
120 239
120 241
120 251
120 252
121 155
121 169
121 180
121 199
121 207
121 209
121 210
121 219
121 223
121 227
121 235
121 238
121 239
121 241
121 251
121 252
122 155
122 169
122 180
122 181
122 199
122 207
122 209
122 210
122 219
122 223
122 235
122 238
122 239
122 241
122 251
122 252
123 155
123 169
123 180
123 181
123 199
123 207
123 209
123 210
123 214
123 219
123 235
123 238
123 239
123 241
123 251
123 252
124 155
124 169
124 180
124 181
124 199
124 207
124 209
124 210
124 214
124 219
124 235
124 238
124 239
124 241
124 244
124 251
124 252
125 155
125 169
125 180
125 181
125 199
125 205
125 207
125 209
125 210
125 219
125 235
125 238
125 239
125 241
125 244
125 251
125 252
126 155
126 169
126 180
126 181
126 199
126 205
126 207
126 209
126 210
126 219
126 235
126 238
126 239
126 241
126 244
126 251
126 252
127 155
127 169
127 180
127 181
127 199
127 205
127 207
127 209
127 210
127 219
127 235
127 238
127 239
127 241
127 244
127 251
127 252
128 155
128 169
128 180
128 181
128 190
128 199
128 205
128 207
128 209
128 210
128 219
128 235
128 238
128 239
128 241
128 244
128 251
128 252
129 155
129 164
129 169
129 181
129 190
129 199
129 205
129 209
129 210
129 219
129 235
129 238
129 239
129 241
129 244
129 251
129 252
130 155
130 164
130 169
130 181
130 190
130 199
130 205
130 209
130 210
130 219
130 235
130 238
130 239
130 241
130 244
130 251
130 252
131 155
131 164
131 169
131 181
131 190
131 199
131 205
131 209
131 210
131 219
131 235
131 238
131 239
131 241
131 244
131 251
131 252
132 155
132 164
132 169
132 181
132 190
132 199
132 205
132 209
132 210
132 219
132 235
132 238
132 239
132 241
132 244
132 251
132 252
133 155
133 164
133 169
133 181
133 190
133 199
133 202
133 205
133 209
133 210
133 219
133 235
133 238
133 239
133 241
133 244
133 251
133 252
134 155
134 164
134 169
134 181
134 190
134 199
134 202
134 205
134 209
134 210
134 219
134 235
134 238
134 239
134 241
134 244
134 251
134 252
135 155
135 160
135 164
135 169
135 181
135 190
135 199
135 202
135 205
135 209
135 210
135 219
135 235
135 238
135 239
135 241
135 244
135 251
135 252
136 155
136 164
136 169
136 181
136 190
136 199
136 202
136 205
136 209
136 210
136 219
136 235
136 238
136 239
136 241
136 244
137 155
137 164
137 169
137 181
137 190
137 199
137 202
137 205
137 209
137 210
137 219
137 238
137 239
137 241
137 244
138 155
138 182
138 192
138 193
138 199
138 202
138 209
138 219
138 239
138 241
138 244
138 250
139 155
139 182
139 192
139 193
139 199
139 202
139 209
139 219
139 239
139 241
139 244
139 250
140 155
140 182
140 192
140 193
140 199
140 202
140 209
140 219
140 239
140 241
140 244
140 250
141 155
141 182
141 192
141 193
141 199
141 202
141 209
141 219
141 239
141 241
141 244
141 250
142 155
142 182
142 192
142 193
142 199
142 202
142 209
142 219
142 228
142 239
142 241
142 244
142 250
143 155
143 182
143 192
143 193
143 199
143 202
143 209
143 219
143 228
143 239
143 241
143 244
143 250
144 155
144 182
144 192
144 193
144 199
144 202
144 209
144 219
144 228
144 239
144 241
144 244
144 250
145 155
145 182
145 188
145 192
145 193
145 199
145 202
145 209
145 219
145 228
145 234
145 239
145 241
145 244
145 250
146 155
146 156
146 182
146 192
146 193
146 199
146 202
146 209
146 219
146 228
146 234
146 239
146 241
146 244
146 250
147 155
147 156
147 182
147 192
147 193
147 199
147 202
147 209
147 219
147 228
147 234
147 239
147 241
147 244
147 250
147 256
148 155
148 156
148 182
148 192
148 193
148 199
148 202
148 209
148 219
148 228
148 234
148 239
148 241
148 244
148 250
148 256
149 156
149 182
149 192
149 193
149 199
149 202
149 209
149 219
149 228
149 234
149 239
149 241
149 244
149 250
150 156
150 182
150 192
150 193
150 199
150 202
150 209
150 219
150 228
150 234
150 239
150 241
150 244
150 250
151 156
151 182
151 192
151 193
151 199
151 202
151 209
151 219
151 228
151 239
151 241
151 244
151 250
152 156
152 182
152 192
152 193
152 199
152 202
152 209
152 219
152 228
152 239
152 241
152 244
152 250
153 156
153 182
153 192
153 193
153 199
153 202
153 209
153 219
153 228
153 239
153 241
153 244
153 250
154 156
154 182
154 184
154 192
154 193
154 199
154 202
154 209
154 219
154 228
154 239
154 241
154 244
154 250
155 156
155 182
155 184
155 192
155 193
155 199
155 202
155 209
155 219
155 228
155 239
155 241
155 244
155 250
156 156
156 182
156 184
156 192
156 193
156 199
156 202
156 209
156 219
156 228
156 239
156 244
156 250
157 156
157 182
157 184
157 192
157 193
157 199
157 202
157 209
157 219
157 228
157 239
157 244
157 250
158 156
158 182
158 184
158 192
158 193
158 199
158 202
158 209
158 219
158 228
158 239
158 244
158 250
159 156
159 182
159 192
159 193
159 199
159 202
159 209
159 219
159 228
159 242
159 250
160 156
160 176
160 182
160 192
160 193
160 199
160 202
160 209
160 219
160 242
160 250
161 156
161 176
161 182
161 192
161 193
161 199
161 202
161 209
161 219
161 242
161 250
162 156
162 176
162 182
162 192
162 199
162 202
162 209
162 219
162 242
162 250
163 165
163 176
163 182
163 186
163 192
163 199
163 202
163 209
163 219
163 242
163 250
164 165
164 176
164 182
164 186
164 192
164 199
164 202
164 209
164 219
164 242
164 250
165 165
165 176
165 186
165 199
165 202
165 209
165 219
165 242
166 176
166 186
166 199
166 202
166 209
166 219
166 242
167 176
167 186
167 199
167 201
167 202
167 209
167 219
167 242
168 176
168 186
168 199
168 201
168 202
168 209
168 219
168 242
169 176
169 186
169 199
169 201
169 202
169 209
169 219
169 242
170 176
170 186
170 199
170 201
170 202
170 209
170 219
170 222
170 242
171 176
171 186
171 199
171 201
171 202
171 209
171 219
171 222
171 242
172 176
172 186
172 199
172 201
172 202
172 209
172 219
172 222
172 242
173 176
173 186
173 199
173 201
173 202
173 209
173 219
173 222
173 242
174 176
174 186
174 199
174 201
174 202
174 209
174 219
174 222
174 242
175 176
175 186
175 199
175 201
175 202
175 209
175 219
175 222
175 242
176 176
176 186
176 199
176 201
176 202
176 209
176 219
176 222
176 242
177 176
177 186
177 199
177 201
177 202
177 209
177 219
177 222
177 242
178 176
178 186
178 199
178 201
178 202
178 209
178 219
178 222
178 242
179 176
179 186
179 199
179 201
179 202
179 209
179 219
179 222
179 242
180 176
180 186
180 199
180 201
180 202
180 209
180 219
180 222
180 242
181 176
181 186
181 199
181 201
181 202
181 209
181 219
181 222
181 242
182 176
182 186
182 187
182 199
182 201
182 202
182 209
182 219
182 222
182 242
183 176
183 186
183 187
183 199
183 201
183 202
183 219
183 222
183 242
184 176
184 186
184 187
184 199
184 201
184 202
184 219
184 222
184 242
185 176
185 187
185 199
185 201
185 202
185 216
185 222
185 242
185 259
186 176
186 187
186 199
186 201
186 202
186 216
186 222
186 242
186 259
187 176
187 199
187 201
187 202
187 216
187 222
187 242
187 259
188 176
188 199
188 201
188 202
188 216
188 222
188 242
188 259
189 176
189 199
189 201
189 202
189 216
189 222
189 242
189 259
190 176
190 199
190 201
190 202
190 216
190 222
190 242
190 259
191 199
191 201
191 202
191 216
191 222
191 259
192 199
192 201
192 202
192 216
192 222
192 259
192 260
193 199
193 201
193 202
193 216
193 222
193 259
193 260
194 199
194 201
194 202
194 216
194 222
194 246
194 259
194 260
195 199
195 201
195 202
195 216
195 222
195 246
195 259
195 260
196 199
196 201
196 202
196 216
196 222
196 246
196 259
196 260
197 199
197 201
197 202
197 216
197 222
197 246
197 259
197 260
198 199
198 201
198 202
198 216
198 222
198 246
198 259
198 260
199 199
199 201
199 202
199 216
199 222
199 237
199 246
199 247
199 259
199 260
200 199
200 201
200 202
200 216
200 222
200 237
200 246
200 247
200 259
200 260
201 199
201 201
201 202
201 216
201 222
201 237
201 247
201 259
201 260
202 199
202 201
202 202
202 216
202 222
202 237
202 247
202 259
202 260
203 199
203 201
203 216
203 222
203 237
203 247
203 258
203 259
203 260
204 199
204 201
204 216
204 222
204 237
204 247
204 258
204 259
204 260
205 199
205 201
205 216
205 222
205 229
205 237
205 247
205 258
205 259
205 260
206 199
206 201
206 216
206 222
206 229
206 237
206 247
206 258
206 259
206 260
207 199
207 216
207 222
207 237
207 247
207 258
207 259
208 216
208 222
208 237
208 247
208 257
208 258
208 259
209 216
209 222
209 237
209 257
209 258
209 259
209 261
210 216
210 222
210 237
210 257
210 258
210 259
210 261
211 216
211 222
211 237
211 257
211 258
211 259
211 261
212 216
212 222
212 237
212 257
212 258
212 261
213 216
213 222
213 237
213 257
213 258
213 261
214 216
214 222
214 237
214 257
214 258
214 261
215 216
215 222
215 237
215 257
215 258
215 261
216 216
216 222
216 237
216 257
216 258
216 261
217 216
217 222
217 237
217 257
217 258
217 261
218 216
218 222
218 237
218 257
218 258
218 261
219 216
219 222
219 237
219 257
219 258
219 261
220 216
220 222
220 236
220 237
220 257
220 258
220 261
221 216
221 222
221 236
221 237
221 257
221 258
221 261
222 216
222 222
222 236
222 237
222 257
222 258
222 261
223 216
223 222
223 236
223 237
223 257
223 258
223 261
224 216
224 222
224 236
224 237
224 257
224 258
224 261
225 216
225 222
225 233
225 236
225 237
225 257
225 258
225 261
226 216
226 222
226 233
226 236
226 237
226 257
226 258
226 261
227 222
227 233
227 236
227 237
227 257
227 258
227 261
228 222
228 233
228 236
228 237
228 257
228 258
228 261
229 222
229 233
229 236
229 237
229 257
229 258
229 261
230 233
230 236
230 237
230 257
230 258
230 261
231 236
231 237
231 257
231 258
231 261
232 236
232 237
232 257
232 258
232 261
233 236
233 237
233 257
233 258
233 261
234 236
234 237
234 257
234 258
234 261
235 236
235 237
235 257
235 258
235 261
236 236
236 237
236 257
236 258
236 261
237 236
237 237
237 257
237 258
237 261
238 236
238 237
238 257
238 258
238 261
239 236
239 237
239 257
239 258
239 261
240 236
240 237
240 257
240 258
240 261
241 236
241 237
241 257
241 258
241 261
242 236
242 237
242 257
242 258
242 261
243 236
243 237
243 257
243 258
243 261
244 236
244 237
244 257
244 258
245 236
245 237
245 257
245 258
246 236
246 237
246 257
246 258
247 236
247 257
247 258
248 236
248 257
248 258
249 236
249 257
249 258
250 257
250 258
251 257
251 258
252 257
252 258
253 257
253 258
254 257
254 258
255 258
256 258
257 258
258 258
259 258
260 258
261 258
262 258
