0 10
0 34
0 133
1 10
1 34
1 133
2 6
2 10
2 34
2 36
2 133
2 199
3 6
3 10
3 20
3 34
3 36
3 133
3 199
4 8
4 18
4 46
4 53
4 67
4 81
4 110
4 133
4 174
4 199
5 30
5 46
5 67
5 71
5 75
5 81
5 110
5 133
5 174
5 199
5 210
6 27
6 28
6 46
6 58
6 71
6 83
6 89
6 110
6 133
6 174
6 199
6 210
7 9
7 16
7 28
7 46
7 58
7 80
7 83
7 89
7 110
7 133
7 174
7 210
8 16
8 17
8 48
8 58
8 65
8 80
8 95
8 110
8 115
8 133
8 150
8 174
8 210
8 240
9 17
9 48
9 58
9 65
9 80
9 95
9 110
9 115
9 133
9 150
9 174
9 210
9 240
10 17
10 58
10 65
10 80
10 95
10 110
10 115
10 133
10 150
10 174
10 210
10 240
11 17
11 19
11 24
11 44
11 58
11 65
11 78
11 80
11 95
11 110
11 115
11 133
11 141
11 150
11 174
11 240
12 17
12 19
12 24
12 44
12 58
12 65
12 78
12 80
12 95
12 110
12 115
12 133
12 141
12 150
12 174
12 240
13 17
13 19
13 24
13 37
13 44
13 58
13 65
13 78
13 95
13 110
13 115
13 133
13 141
13 150
13 174
13 240
14 17
14 19
14 24
14 37
14 44
14 58
14 65
14 78
14 95
14 110
14 115
14 133
14 141
14 150
14 174
14 240
15 17
15 19
15 31
15 37
15 58
15 65
15 76
15 95
15 110
15 115
15 133
15 141
15 150
15 174
15 217
15 221
15 240
16 21
16 26
16 31
16 37
16 65
16 76
16 94
16 95
16 110
16 119
16 133
16 141
16 144
16 150
16 174
16 217
16 221
16 240
17 22
17 31
17 37
17 40
17 76
17 79
17 91
17 93
17 94
17 95
17 109
17 110
17 114
17 119
17 133
17 141
17 144
17 150
17 163
17 166
17 174
17 212
17 217
17 221
17 229
17 240
18 22
18 31
18 37
18 40
18 76
18 79
18 91
18 93
18 94
18 95
18 109
18 110
18 114
18 119
18 133
18 141
18 144
18 150
18 163
18 166
18 174
18 212
18 217
18 221
18 229
18 240
18 258
19 22
19 31
19 35
19 37
19 38
19 40
19 50
19 76
19 79
19 91
19 93
19 94
19 95
19 110
19 114
19 119
19 133
19 141
19 144
19 150
19 163
19 165
19 166
19 174
19 212
19 217
19 221
19 229
19 240
19 253
19 258
20 22
20 25
20 31
20 35
20 37
20 38
20 40
20 50
20 76
20 79
20 91
20 93
20 94
20 95
20 110
20 114
20 119
20 133
20 141
20 144
20 150
20 163
20 165
20 166
20 174
20 212
20 217
20 221
20 229
20 240
20 253
20 258
21 22
21 25
21 31
21 35
21 38
21 40
21 50
21 76
21 79
21 91
21 93
21 94
21 95
21 110
21 114
21 119
21 133
21 141
21 144
21 150
21 163
21 165
21 166
21 174
21 212
21 217
21 221
21 229
21 240
21 253
21 258
22 22
22 25
22 31
22 35
22 38
22 40
22 50
22 51
22 76
22 79
22 91
22 93
22 95
22 110
22 114
22 119
22 124
22 125
22 133
22 141
22 144
22 150
22 158
22 163
22 165
22 166
22 174
22 212
22 217
22 221
22 229
22 240
22 253
22 258
23 22
23 35
23 40
23 50
23 51
23 76
23 79
23 91
23 93
23 95
23 110
23 114
23 119
23 124
23 125
23 133
23 141
23 150
23 158
23 163
23 165
23 166
23 174
23 212
23 217
23 221
23 229
23 253
23 258
24 22
24 35
24 40
24 50
24 51
24 76
24 79
24 91
24 93
24 95
24 110
24 114
24 119
24 124
24 125
24 133
24 141
24 150
24 158
24 163
24 165
24 166
24 174
24 212
24 217
24 221
24 229
24 253
24 258
25 22
25 35
25 40
25 50
25 51
25 76
25 79
25 91
25 93
25 95
25 114
25 119
25 124
25 125
25 133
25 141
25 150
25 158
25 163
25 165
25 166
25 174
25 212
25 217
25 221
25 229
25 253
25 258
26 35
26 40
26 50
26 51
26 76
26 79
26 91
26 93
26 95
26 114
26 119
26 124
26 125
26 133
26 141
26 150
26 158
26 163
26 166
26 168
26 174
26 212
26 217
26 221
26 229
26 258
27 35
27 40
27 50
27 51
27 76
27 79
27 91
27 93
27 95
27 114
27 119
27 124
27 125
27 133
27 141
27 150
27 158
27 163
27 166
27 168
27 174
27 212
27 217
27 221
27 229
27 258
28 35
28 40
28 42
28 50
28 51
28 76
28 79
28 91
28 93
28 95
28 114
28 119
28 124
28 125
28 133
28 141
28 149
28 150
28 158
28 163
28 166
28 168
28 174
28 212
28 217
28 221
28 229
28 258
29 35
29 40
29 42
29 50
29 51
29 76
29 79
29 91
29 93
29 95
29 114
29 119
29 124
29 125
29 133
29 141
29 149
29 150
29 158
29 163
29 166
29 168
29 174
29 212
29 217
29 221
29 229
29 258
30 35
30 42
30 45
30 50
30 51
30 61
30 79
30 91
30 93
30 95
30 114
30 119
30 124
30 125
30 133
30 141
30 149
30 150
30 157
30 158
30 163
30 166
30 168
30 174
30 211
30 212
30 217
30 221
30 229
30 258
31 35
31 42
31 45
31 50
31 51
31 79
31 91
31 95
31 114
31 119
31 124
31 125
31 133
31 141
31 149
31 150
31 157
31 158
31 163
31 166
31 168
31 174
31 211
31 212
31 217
31 221
31 229
31 258
32 35
32 42
32 45
32 50
32 51
32 79
32 91
32 95
32 114
32 119
32 124
32 125
32 133
32 141
32 149
32 150
32 157
32 158
32 163
32 166
32 168
32 174
32 211
32 212
32 217
32 221
32 229
32 258
33 42
33 45
33 50
33 55
33 63
33 68
33 91
33 100
33 108
33 114
33 124
33 125
33 133
33 141
33 150
33 157
33 163
33 168
33 174
33 202
33 211
33 212
33 217
33 221
33 228
33 229
33 232
33 242
33 247
33 258
34 42
34 45
34 50
34 55
34 63
34 68
34 91
34 100
34 108
34 114
34 124
34 125
34 133
34 141
34 150
34 157
34 163
34 168
34 174
34 202
34 211
34 212
34 217
34 221
34 228
34 229
34 232
34 242
34 247
34 258
35 42
35 45
35 50
35 55
35 63
35 68
35 91
35 100
35 104
35 108
35 114
35 124
35 125
35 133
35 141
35 150
35 157
35 163
35 168
35 174
35 202
35 211
35 212
35 217
35 221
35 228
35 229
35 232
35 242
35 247
35 258
36 45
36 50
36 55
36 63
36 68
36 91
36 100
36 104
36 108
36 114
36 124
36 125
36 133
36 141
36 150
36 157
36 163
36 168
36 174
36 202
36 211
36 212
36 217
36 221
36 228
36 229
36 232
36 242
36 247
36 258
37 50
37 55
37 63
37 68
37 91
37 100
37 104
37 108
37 114
37 124
37 125
37 133
37 141
37 150
37 157
37 163
37 168
37 174
37 202
37 211
37 212
37 217
37 221
37 228
37 229
37 232
37 242
37 247
37 258
38 50
38 55
38 68
38 90
38 91
38 100
38 104
38 108
38 114
38 124
38 125
38 133
38 141
38 150
38 153
38 157
38 163
38 168
38 174
38 202
38 211
38 212
38 217
38 221
38 228
38 229
38 232
38 242
38 247
38 258
39 50
39 55
39 68
39 90
39 91
39 100
39 104
39 108
39 114
39 124
39 125
39 133
39 141
39 150
39 153
39 157
39 163
39 168
39 174
39 202
39 211
39 212
39 217
39 221
39 228
39 229
39 232
39 242
39 247
39 258
40 50
40 55
40 68
40 90
40 91
40 100
40 104
40 108
40 114
40 124
40 125
40 133
40 141
40 150
40 153
40 157
40 163
40 168
40 174
40 202
40 211
40 212
40 217
40 221
40 228
40 229
40 232
40 242
40 247
40 258
41 43
41 64
41 90
41 91
41 100
41 104
41 124
41 125
41 133
41 138
41 141
41 150
41 153
41 157
41 163
41 168
41 174
41 202
41 211
41 212
41 217
41 221
41 229
41 232
41 242
41 247
41 258
42 43
42 59
42 90
42 91
42 100
42 104
42 124
42 125
42 133
42 138
42 141
42 150
42 153
42 157
42 163
42 168
42 174
42 181
42 183
42 187
42 202
42 211
42 212
42 217
42 221
42 229
42 232
42 247
42 258
43 59
43 77
43 91
43 99
43 100
43 124
43 125
43 133
43 138
43 141
43 150
43 153
43 157
43 163
43 168
43 174
43 181
43 183
43 187
43 202
43 211
43 212
43 217
43 221
43 229
43 232
43 238
43 247
43 258
44 59
44 77
44 91
44 99
44 100
44 124
44 133
44 138
44 141
44 150
44 153
44 157
44 163
44 168
44 174
44 181
44 183
44 187
44 202
44 211
44 212
44 217
44 221
44 224
44 229
44 232
44 238
44 247
44 258
45 52
45 54
45 59
45 77
45 91
45 99
45 100
45 122
45 124
45 133
45 138
45 150
45 153
45 157
45 168
45 174
45 181
45 182
45 183
45 187
45 202
45 211
45 212
45 217
45 221
45 224
45 229
45 232
45 238
45 247
45 258
46 52
46 54
46 59
46 77
46 91
46 99
46 100
46 122
46 124
46 133
46 138
46 150
46 153
46 157
46 168
46 174
46 181
46 182
46 183
46 187
46 202
46 211
46 212
46 217
46 221
46 224
46 229
46 232
46 238
46 247
46 258
47 54
47 66
47 73
47 77
47 100
47 102
47 106
47 122
47 124
47 129
47 133
47 134
47 138
47 150
47 151
47 157
47 168
47 182
47 191
47 202
47 211
47 212
47 217
47 221
47 229
47 232
47 238
47 247
47 258
48 54
48 66
48 77
48 100
48 102
48 106
48 124
48 133
48 134
48 138
48 150
48 151
48 157
48 168
48 182
48 191
48 198
48 202
48 211
48 212
48 217
48 221
48 229
48 232
48 238
48 258
49 54
49 56
49 66
49 100
49 102
49 106
49 124
49 133
49 134
49 138
49 150
49 151
49 157
49 168
49 171
49 182
49 191
49 198
49 211
49 212
49 217
49 221
49 232
49 258
50 54
50 56
50 66
50 100
50 102
50 106
50 124
50 133
50 134
50 138
50 150
50 151
50 157
50 168
50 171
50 182
50 198
50 211
50 212
50 217
50 221
50 232
50 258
51 54
51 56
51 66
51 100
51 106
51 107
51 124
51 133
51 134
51 138
51 150
51 151
51 157
51 168
51 171
51 182
51 211
51 212
51 217
51 221
51 232
51 258
52 54
52 56
52 66
52 100
52 106
52 107
52 124
52 133
52 134
52 138
52 150
52 151
52 157
52 168
52 171
52 182
52 211
52 212
52 217
52 221
52 232
52 258
53 54
53 56
53 66
53 106
53 107
53 124
53 133
53 134
53 138
53 150
53 151
53 157
53 168
53 171
53 182
53 211
53 212
53 217
53 221
53 232
53 258
54 54
54 56
54 107
54 124
54 133
54 134
54 138
54 151
54 157
54 168
54 171
54 182
54 211
54 212
54 217
54 221
54 232
54 258
55 54
55 56
55 107
55 124
55 133
55 134
55 138
55 151
55 157
55 168
55 171
55 182
55 211
55 212
55 217
55 221
55 232
55 258
56 54
56 56
56 107
56 111
56 124
56 127
56 133
56 134
56 138
56 151
56 157
56 168
56 171
56 182
56 211
56 212
56 217
56 221
56 232
56 258
57 54
57 56
57 86
57 107
57 111
57 124
57 127
57 130
57 133
57 134
57 138
57 151
57 157
57 168
57 171
57 182
57 211
57 212
57 217
57 221
57 232
57 258
58 62
58 86
58 107
58 111
58 124
58 127
58 130
58 133
58 134
58 138
58 157
58 168
58 182
58 212
58 217
58 221
58 232
58 258
59 62
59 86
59 107
59 111
59 124
59 127
59 130
59 133
59 134
59 138
59 157
59 168
59 182
59 212
59 217
59 221
59 232
59 258
60 62
60 86
60 107
60 111
60 124
60 126
60 127
60 130
60 133
60 134
60 138
60 157
60 168
60 179
60 182
60 212
60 217
60 221
60 232
60 258
61 86
61 107
61 111
61 124
61 126
61 127
61 130
61 133
61 134
61 138
61 157
61 168
61 179
61 182
61 212
61 217
61 221
61 232
61 258
62 86
62 107
62 111
62 113
62 124
62 126
62 127
62 130
62 133
62 134
62 138
62 157
62 168
62 179
62 182
62 212
62 221
62 232
62 258
63 86
63 101
63 107
63 111
63 113
63 120
63 124
63 126
63 127
63 130
63 133
63 134
63 138
63 157
63 168
63 179
63 182
63 212
63 221
63 232
63 258
64 101
64 107
64 111
64 113
64 120
64 126
64 127
64 130
64 133
64 134
64 135
64 157
64 168
64 179
64 182
64 212
64 221
64 232
64 258
65 101
65 107
65 111
65 113
65 120
65 126
65 127
65 130
65 133
65 134
65 135
65 157
65 168
65 179
65 182
65 212
65 221
65 232
65 258
66 69
66 70
66 72
66 107
66 111
66 113
66 120
66 126
66 127
66 130
66 133
66 134
66 135
66 157
66 168
66 179
66 182
66 212
66 221
66 232
66 258
67 69
67 72
67 107
67 111
67 113
67 120
67 126
67 127
67 130
67 133
67 134
67 135
67 157
67 168
67 179
67 182
67 212
67 221
67 232
67 258
68 72
68 107
68 111
68 113
68 120
68 126
68 127
68 130
68 133
68 134
68 135
68 157
68 168
68 179
68 182
68 212
68 221
68 232
68 258
69 72
69 107
69 111
69 113
69 120
69 126
69 127
69 130
69 133
69 134
69 135
69 157
69 168
69 179
69 182
69 212
69 221
69 232
69 258
70 107
70 111
70 113
70 120
70 126
70 127
70 130
70 133
70 134
70 135
70 157
70 168
70 179
70 182
70 189
70 203
70 205
70 206
70 212
70 221
70 232
70 252
70 256
70 258
71 107
71 111
71 113
71 120
71 126
71 127
71 128
71 130
71 133
71 134
71 135
71 157
71 168
71 179
71 182
71 189
71 203
71 205
71 206
71 212
71 221
71 232
71 252
71 256
71 258
72 107
72 111
72 113
72 120
72 126
72 127
72 128
72 130
72 133
72 134
72 135
72 157
72 168
72 179
72 182
72 189
72 203
72 205
72 206
72 212
72 221
72 232
72 252
72 256
72 258
73 74
73 96
73 111
73 113
73 116
73 120
73 126
73 127
73 128
73 130
73 133
73 134
73 148
73 157
73 168
73 182
73 189
73 203
73 205
73 206
73 212
73 221
73 232
73 256
73 258
74 74
74 96
74 105
74 111
74 113
74 116
74 120
74 126
74 127
74 128
74 130
74 131
74 133
74 134
74 157
74 168
74 182
74 189
74 203
74 205
74 206
74 212
74 221
74 256
74 258
75 74
75 84
75 96
75 105
75 111
75 113
75 116
75 120
75 126
75 127
75 128
75 130
75 131
75 134
75 157
75 168
75 182
75 189
75 203
75 205
75 206
75 212
75 256
75 258
76 84
76 87
76 96
76 105
76 111
76 113
76 116
76 120
76 126
76 127
76 128
76 130
76 131
76 134
76 157
76 168
76 182
76 189
76 203
76 205
76 206
76 209
76 212
76 251
76 256
76 258
77 84
77 87
77 96
77 105
77 111
77 113
77 116
77 120
77 126
77 127
77 128
77 130
77 131
77 134
77 157
77 168
77 182
77 189
77 203
77 205
77 206
77 209
77 212
77 251
77 256
77 258
78 84
78 96
78 103
78 105
78 111
78 113
78 116
78 120
78 126
78 127
78 128
78 131
78 134
78 157
78 168
78 182
78 189
78 190
78 201
78 203
78 205
78 206
78 209
78 212
78 251
78 256
79 84
79 96
79 103
79 105
79 111
79 113
79 116
79 120
79 126
79 127
79 128
79 131
79 134
79 157
79 168
79 182
79 189
79 190
79 201
79 203
79 205
79 206
79 209
79 212
79 251
79 256
80 84
80 96
80 103
80 105
80 111
80 113
80 116
80 120
80 127
80 128
80 131
80 134
80 157
80 168
80 182
80 189
80 190
80 201
80 203
80 205
80 206
80 209
80 212
80 251
80 256
81 84
81 96
81 103
81 105
81 111
81 113
81 116
81 120
81 127
81 128
81 131
81 134
81 157
81 168
81 182
81 189
81 190
81 194
81 201
81 203
81 205
81 206
81 209
81 212
81 251
81 256
82 84
82 96
82 103
82 105
82 111
82 116
82 120
82 127
82 128
82 131
82 134
82 157
82 168
82 182
82 189
82 190
82 194
82 201
82 203
82 205
82 206
82 209
82 212
82 251
82 256
83 84
83 96
83 103
83 105
83 111
83 116
83 120
83 127
83 128
83 131
83 134
83 157
83 168
83 182
83 189
83 190
83 194
83 201
83 203
83 205
83 206
83 209
83 212
83 220
83 251
83 256
84 103
84 111
84 116
84 120
84 128
84 131
84 134
84 157
84 168
84 169
84 182
84 189
84 190
84 194
84 201
84 203
84 206
84 209
84 212
84 220
84 226
84 251
84 256
85 103
85 111
85 116
85 128
85 131
85 134
85 157
85 168
85 169
85 182
85 189
85 190
85 194
85 201
85 203
85 206
85 209
85 212
85 220
85 226
85 251
85 256
86 103
86 111
86 116
86 117
86 128
86 131
86 134
86 157
86 168
86 169
86 182
86 189
86 190
86 194
86 201
86 203
86 206
86 209
86 212
86 220
86 226
86 251
86 256
87 98
87 103
87 111
87 112
87 116
87 117
87 128
87 131
87 134
87 157
87 168
87 169
87 182
87 189
87 190
87 194
87 201
87 203
87 206
87 209
87 212
87 220
87 226
87 256
88 97
88 98
88 103
88 112
88 116
88 117
88 118
88 128
88 131
88 134
88 157
88 168
88 169
88 182
88 186
88 189
88 190
88 203
88 206
88 209
88 212
88 220
88 226
88 256
89 97
89 98
89 103
89 112
89 117
89 118
89 128
89 131
89 134
89 157
89 168
89 169
89 182
89 186
89 189
89 190
89 203
89 206
89 209
89 212
89 220
89 226
89 256
90 97
90 98
90 103
90 112
90 117
90 118
90 128
90 131
90 134
90 157
90 168
90 169
90 182
90 186
90 189
90 190
90 203
90 206
90 209
90 212
90 220
90 226
90 256
91 97
91 103
91 112
91 117
91 118
91 128
91 131
91 134
91 157
91 168
91 169
91 182
91 186
91 189
91 190
91 203
91 206
91 209
91 212
91 220
91 226
91 256
92 97
92 103
92 112
92 117
92 118
92 128
92 131
92 157
92 168
92 169
92 182
92 186
92 190
92 203
92 206
92 209
92 212
92 220
92 226
92 256
93 97
93 103
93 112
93 117
93 118
93 128
93 131
93 157
93 169
93 182
93 186
93 190
93 203
93 206
93 209
93 212
93 220
93 226
93 256
94 97
94 103
94 112
94 117
94 118
94 128
94 157
94 162
94 169
94 182
94 186
94 203
94 206
94 209
94 212
94 220
94 226
94 256
95 97
95 103
95 112
95 117
95 118
95 128
95 157
95 162
95 169
95 182
95 186
95 203
95 206
95 209
95 212
95 220
95 226
95 256
96 97
96 103
96 112
96 117
96 118
96 128
96 157
96 162
96 169
96 182
96 186
96 203
96 206
96 209
96 212
96 220
96 226
96 256
97 97
97 103
97 112
97 117
97 118
97 128
97 157
97 162
97 169
97 182
97 186
97 203
97 206
97 209
97 212
97 220
97 226
97 256
98 103
98 112
98 117
98 118
98 128
98 157
98 162
98 169
98 182
98 186
98 203
98 206
98 209
98 212
98 220
98 226
98 248
98 256
99 103
99 112
99 117
99 118
99 121
99 128
99 157
99 162
99 169
99 182
99 186
99 203
99 206
99 209
99 212
99 220
99 226
99 248
99 256
100 103
100 112
100 117
100 118
100 121
100 128
100 152
100 157
100 162
100 169
100 172
100 182
100 186
100 203
100 206
100 209
100 220
100 226
100 248
100 256
101 103
101 112
101 117
101 118
101 121
101 128
101 142
101 152
101 157
101 162
101 169
101 172
101 182
101 186
101 203
101 206
101 209
101 220
101 226
101 248
101 256
102 103
102 117
102 118
102 121
102 128
102 142
102 152
102 154
102 157
102 162
102 169
102 172
102 186
102 203
102 206
102 209
102 215
102 220
102 226
102 248
102 256
102 260
103 103
103 117
103 118
103 128
103 142
103 152
103 154
103 162
103 169
103 172
103 186
103 193
103 203
103 206
103 209
103 215
103 220
103 226
103 248
103 256
103 260
104 103
104 117
104 118
104 128
104 136
104 152
104 154
104 162
104 169
104 172
104 186
104 193
104 203
104 206
104 209
104 215
104 220
104 226
104 248
104 256
104 260
105 103
105 117
105 118
105 128
105 136
105 152
105 154
105 162
105 169
105 172
105 186
105 193
105 203
105 206
105 209
105 215
105 220
105 226
105 248
105 256
105 260
106 103
106 117
106 118
106 128
106 136
106 152
106 154
106 162
106 169
106 172
106 186
106 193
106 203
106 206
106 209
106 215
106 220
106 226
106 256
106 260
107 103
107 117
107 118
107 128
107 136
107 152
107 154
107 162
107 169
107 172
107 186
107 203
107 206
107 215
107 220
107 225
107 226
107 256
107 260
108 103
108 117
108 118
108 128
108 136
108 152
108 162
108 169
108 172
108 178
108 186
108 203
108 206
108 215
108 220
108 225
108 226
108 233
108 246
108 256
108 260
109 103
109 117
109 118
109 128
109 136
109 152
109 162
109 169
109 172
109 175
109 178
109 186
109 203
109 206
109 215
109 220
109 225
109 226
109 233
109 246
109 256
109 260
110 103
110 117
110 118
110 128
110 136
110 152
110 162
110 169
110 172
110 175
110 178
110 186
110 203
110 206
110 215
110 220
110 225
110 226
110 233
110 246
110 256
110 260
111 103
111 117
111 118
111 128
111 136
111 139
111 152
111 162
111 169
111 172
111 175
111 178
111 186
111 203
111 206
111 215
111 220
111 225
111 226
111 233
111 246
111 256
111 260
112 103
112 117
112 118
112 128
112 136
112 139
112 152
112 162
112 169
112 172
112 175
112 178
112 186
112 203
112 206
112 215
112 220
112 225
112 226
112 233
112 246
112 256
112 260
113 117
113 118
113 128
113 136
113 152
113 162
113 169
113 172
113 175
113 177
113 178
113 186
113 203
113 206
113 215
113 225
113 226
113 233
113 246
113 256
113 260
114 117
114 118
114 128
114 136
114 152
114 162
114 169
114 172
114 175
114 177
114 178
114 186
114 203
114 206
114 215
114 225
114 226
114 233
114 246
114 256
114 260
115 117
115 118
115 128
115 136
115 152
115 162
115 169
115 172
115 175
115 177
115 178
115 186
115 203
115 206
115 215
115 225
115 226
115 233
115 246
115 256
115 260
116 117
116 118
116 128
116 136
116 152
116 169
116 175
116 177
116 178
116 186
116 203
116 206
116 215
116 225
116 226
116 231
116 233
116 246
116 260
117 117
117 118
117 128
117 136
117 152
117 169
117 175
117 177
117 178
117 180
117 186
117 203
117 206
117 215
117 225
117 226
117 231
117 233
117 246
117 260
118 117
118 118
118 128
118 136
118 145
118 152
118 160
118 169
118 175
118 177
118 178
118 180
118 186
118 203
118 206
118 215
118 225
118 226
118 231
118 233
118 246
118 260
119 117
119 118
119 128
119 136
119 145
119 152
119 160
119 169
119 175
119 177
119 180
119 186
119 203
119 206
119 215
119 225
119 226
119 246
119 260
120 117
120 118
120 128
120 136
120 145
120 152
120 160
120 169
120 173
120 175
120 177
120 180
120 186
120 203
120 206
120 215
120 225
120 226
120 260
121 117
121 118
121 128
121 136
121 145
121 152
121 160
121 169
121 173
121 175
121 177
121 180
121 186
121 203
121 206
121 215
121 225
121 226
121 260
122 118
122 128
122 136
122 145
122 146
122 159
122 161
122 169
122 173
122 175
122 180
122 214
122 215
122 218
122 225
122 226
122 241
122 244
123 118
123 128
123 136
123 145
123 146
123 159
123 169
123 173
123 175
123 180
123 214
123 215
123 218
123 225
123 226
123 239
123 241
123 244
124 128
124 136
124 145
124 146
124 159
124 169
124 173
124 175
124 180
124 214
124 215
124 218
124 225
124 226
124 239
124 241
124 244
125 128
125 145
125 146
125 159
125 169
125 173
125 175
125 180
125 215
125 218
125 225
125 226
125 239
125 241
125 244
125 257
126 128
126 145
126 146
126 159
126 169
126 173
126 175
126 180
126 215
126 218
126 225
126 226
126 239
126 241
126 244
126 257
127 128
127 145
127 146
127 159
127 169
127 173
127 175
127 180
127 215
127 218
127 225
127 226
127 239
127 241
127 244
127 257
128 128
128 145
128 146
128 169
128 173
128 175
128 180
128 215
128 218
128 225
128 226
128 239
128 241
128 244
128 257
129 128
129 140
129 145
129 146
129 169
129 173
129 175
129 180
129 215
129 218
129 225
129 226
129 239
129 241
129 244
129 257
130 128
130 140
130 145
130 146
130 169
130 173
130 175
130 180
130 215
130 218
130 225
130 239
130 241
130 244
130 257
131 128
131 140
131 146
131 169
131 173
131 175
131 180
131 215
131 218
131 225
131 239
131 241
131 244
131 257
132 128
132 146
132 169
132 173
132 175
132 180
132 185
132 215
132 218
132 225
132 239
132 241
132 244
132 257
133 128
133 146
133 169
133 173
133 175
133 180
133 185
133 215
133 218
133 225
133 239
133 241
133 244
133 257
134 128
134 156
134 169
134 173
134 175
134 180
134 185
134 215
134 225
134 241
134 244
134 257
135 128
135 156
135 169
135 173
135 175
135 180
135 185
135 215
135 225
135 241
135 244
135 257
136 128
136 170
136 173
136 180
136 185
136 215
136 223
136 225
136 241
136 244
136 257
137 128
137 170
137 173
137 180
137 185
137 215
137 223
137 225
137 241
137 244
137 257
138 128
138 170
138 173
138 180
138 185
138 215
138 223
138 225
138 241
138 244
138 257
139 128
139 170
139 173
139 180
139 185
139 223
139 225
139 241
139 244
139 257
140 173
140 180
140 185
140 223
140 225
140 241
140 244
140 249
140 257
141 173
141 180
141 185
141 223
141 225
141 241
141 244
141 249
141 257
142 147
142 173
142 180
142 200
142 223
142 225
142 241
142 244
142 249
142 257
143 147
143 173
143 180
143 200
143 223
143 225
143 241
143 244
143 249
144 147
144 173
144 180
144 200
144 223
144 225
144 241
144 244
144 249
145 147
145 173
145 180
145 200
145 223
145 225
145 241
145 244
145 249
146 147
146 173
146 180
146 200
146 223
146 225
146 241
146 244
146 249
147 147
147 173
147 180
147 200
147 223
147 225
147 241
147 244
147 249
148 147
148 173
148 176
148 180
148 200
148 207
148 223
148 225
148 241
148 244
148 249
149 173
149 176
149 180
149 200
149 207
149 223
149 225
149 241
149 244
149 249
150 173
150 176
150 180
150 200
150 207
150 223
150 225
150 241
150 244
150 249
151 173
151 176
151 180
151 200
151 207
151 223
151 225
151 241
151 244
151 249
152 173
152 176
152 180
152 200
152 207
152 223
152 225
152 241
152 244
152 249
153 173
153 176
153 180
153 200
153 207
153 223
153 225
153 241
153 244
153 249
154 173
154 176
154 180
154 200
154 207
154 223
154 225
154 227
154 241
154 244
154 249
155 173
155 176
155 180
155 200
155 207
155 208
155 223
155 227
155 230
155 241
155 244
155 249
156 173
156 176
156 180
156 195
156 200
156 207
156 208
156 223
156 227
156 230
156 241
156 244
156 249
157 173
157 176
157 180
157 195
157 197
157 200
157 207
157 208
157 223
157 227
157 230
157 241
157 244
157 249
158 173
158 176
158 180
158 195
158 197
158 200
158 207
158 208
158 223
158 227
158 230
158 241
158 244
158 249
159 173
159 176
159 180
159 195
159 197
159 200
159 207
159 208
159 223
159 227
159 230
159 241
159 244
159 249
160 173
160 176
160 180
160 195
160 197
160 200
160 207
160 208
160 223
160 227
160 230
160 241
160 244
160 249
161 167
161 173
161 176
161 180
161 188
161 195
161 197
161 200
161 223
161 227
161 230
161 241
161 249
161 254
162 167
162 173
162 176
162 180
162 188
162 195
162 197
162 200
162 219
162 223
162 227
162 230
162 241
162 249
162 254
163 167
163 173
163 176
163 180
163 188
163 195
163 197
163 200
163 219
163 223
163 227
163 230
163 241
163 249
163 254
164 167
164 173
164 176
164 180
164 188
164 195
164 197
164 200
164 219
164 223
164 227
164 230
164 241
164 249
164 254
165 167
165 173
165 176
165 180
165 188
165 195
165 197
165 200
165 219
165 223
165 227
165 230
165 241
165 249
165 254
166 167
166 173
166 176
166 180
166 188
166 195
166 197
166 200
166 219
166 223
166 227
166 230
166 241
166 249
166 254
167 167
167 173
167 176
167 180
167 188
167 195
167 197
167 200
167 219
167 223
167 227
167 230
167 241
167 249
167 254
168 167
168 173
168 176
168 180
168 188
168 195
168 197
168 200
168 219
168 223
168 227
168 230
168 241
168 249
168 254
169 167
169 173
169 176
169 180
169 188
169 195
169 197
169 200
169 216
169 219
169 223
169 227
169 230
169 241
169 249
169 254
170 167
170 176
170 195
170 200
170 216
170 219
170 223
170 227
170 230
170 241
170 249
170 250
170 254
171 167
171 176
171 195
171 200
171 216
171 219
171 223
171 227
171 230
171 241
171 249
171 250
171 254
172 176
172 196
172 200
172 216
172 219
172 223
172 227
172 230
172 241
172 249
172 250
172 254
173 176
173 196
173 200
173 216
173 219
173 223
173 227
173 230
173 241
173 249
173 250
173 254
174 176
174 196
174 200
174 216
174 219
174 223
174 227
174 230
174 241
174 249
174 250
174 254
175 176
175 196
175 200
175 216
175 219
175 223
175 227
175 230
175 241
175 249
175 250
175 254
176 176
176 196
176 200
176 216
176 219
176 223
176 227
176 230
176 241
176 249
176 250
176 254
177 176
177 196
177 200
177 216
177 219
177 223
177 227
177 230
177 241
177 249
177 250
177 254
178 176
178 196
178 200
178 216
178 219
178 223
178 227
178 230
178 237
178 241
178 249
178 250
178 254
179 196
179 200
179 216
179 219
179 223
179 227
179 230
179 237
179 241
179 249
179 250
179 254
180 196
180 200
180 216
180 219
180 223
180 227
180 230
180 237
180 241
180 249
180 250
180 254
181 196
181 200
181 216
181 219
181 223
181 227
181 230
181 237
181 241
181 249
181 250
181 254
182 196
182 200
182 216
182 219
182 223
182 227
182 230
182 237
182 241
182 249
182 250
182 254
183 196
183 200
183 216
183 219
183 223
183 227
183 230
183 237
183 241
183 249
183 250
183 254
184 196
184 200
184 216
184 219
184 223
184 227
184 230
184 237
184 241
184 249
184 250
184 254
185 196
185 200
185 216
185 219
185 222
185 223
185 227
185 230
185 237
185 249
185 250
185 254
186 196
186 200
186 216
186 219
186 222
186 223
186 227
186 230
186 237
186 249
186 250
186 254
187 196
187 200
187 216
187 219
187 222
187 223
187 227
187 230
187 237
187 249
187 250
187 254
188 196
188 200
188 216
188 219
188 222
188 223
188 227
188 230
188 237
188 249
188 250
188 254
189 196
189 200
189 216
189 219
189 222
189 223
189 227
189 230
189 237
189 249
189 250
189 254
190 196
190 200
190 216
190 219
190 222
190 223
190 227
190 230
190 237
190 249
190 250
190 254
191 196
191 200
191 216
191 219
191 222
191 223
191 227
191 230
191 237
191 249
191 250
191 254
192 196
192 216
192 219
192 222
192 223
192 227
192 230
192 237
192 243
192 249
192 250
192 254
193 216
193 219
193 223
193 227
193 230
193 234
193 237
193 243
193 249
193 250
193 254
194 216
194 219
194 223
194 227
194 230
194 234
194 237
194 243
194 249
194 250
194 254
195 216
195 223
195 227
195 230
195 234
195 237
195 243
195 249
195 250
195 254
196 216
196 223
196 227
196 234
196 237
196 243
196 249
196 250
196 254
197 216
197 223
197 227
197 234
197 237
197 243
197 250
197 254
198 216
198 223
198 227
198 234
198 243
198 250
198 254
199 216
199 223
199 227
199 234
199 243
199 250
199 254
200 216
200 223
200 227
200 234
200 243
200 250
200 254
201 216
201 223
201 234
201 236
201 243
201 250
202 216
202 223
202 234
202 236
202 243
202 250
203 216
203 223
203 234
203 236
203 243
203 245
203 250
204 216
204 223
204 234
204 236
204 243
204 245
204 250
205 216
205 223
205 234
205 236
205 243
205 245
205 250
206 216
206 223
206 234
206 236
206 243
206 245
206 250
207 216
207 223
207 234
207 236
207 243
207 245
207 250
208 216
208 223
208 234
208 236
208 243
208 245
208 250
209 216
209 223
209 234
209 236
209 243
209 245
209 250
210 216
210 223
210 234
210 236
210 243
210 245
210 250
211 216
211 223
211 234
211 236
211 243
211 245
211 250
212 216
212 223
212 234
212 236
212 243
212 250
213 216
213 223
213 234
213 236
213 250
214 216
214 223
214 234
214 236
215 216
215 234
215 236
216 216
216 234
216 236
216 259
217 216
217 234
217 236
217 259
218 216
218 234
218 236
218 259
219 234
219 236
219 259
220 234
220 236
220 259
221 234
221 236
221 259
222 234
222 236
222 259
223 234
223 259
224 234
224 259
225 234
225 259
226 234
226 259
227 234
227 259
228 234
228 259
229 234
230 234
231 235
232 255
232 261
233 255
233 261
234 255
234 261
235 255
235 261
236 255
236 261
237 255
237 261
238 255
238 261
239 255
239 261
240 255
240 261
240 262
241 255
241 261
241 262
242 255
242 261
242 262
243 255
243 261
243 262
244 255
244 261
244 262
245 255
245 261
245 262
246 255
246 261
247 255
247 261
248 255
248 261
249 255
249 261
250 255
250 261
251 255
251 261
252 255
252 261
253 255
253 261
254 255
254 261
255 255
255 261
256 255
256 261
257 255
257 261
258 255
258 261
259 255
259 261
260 255
260 261
261 255
261 261
262 255
262 261
