0 5
0 13
1 9
1 13
1 33
1 249
1 251
2 9
2 10
2 15
2 33
2 50
2 57
2 91
2 110
2 180
2 201
2 249
2 251
3 10
3 15
3 20
3 32
3 33
3 50
3 57
3 91
3 110
3 180
3 201
3 249
3 251
4 10
4 15
4 20
4 32
4 33
4 50
4 57
4 91
4 110
4 180
4 201
4 249
4 251
5 15
5 16
5 21
5 32
5 33
5 37
5 50
5 56
5 57
5 91
5 140
5 180
5 201
5 249
5 251
6 15
6 21
6 33
6 34
6 37
6 50
6 83
6 91
6 140
6 180
6 201
6 249
6 251
7 15
7 21
7 33
7 34
7 37
7 50
7 83
7 91
7 140
7 180
7 201
7 249
7 251
8 15
8 21
8 27
8 33
8 34
8 37
8 50
8 83
8 91
8 140
8 180
8 201
8 249
8 251
9 14
9 15
9 21
9 27
9 33
9 37
9 50
9 83
9 85
9 91
9 140
9 180
9 201
9 249
9 251
10 14
10 15
10 21
10 27
10 33
10 37
10 50
10 83
10 85
10 91
10 140
10 180
10 201
10 249
10 251
11 21
11 27
11 33
11 50
11 83
11 85
11 91
11 100
11 108
11 140
11 180
11 201
11 249
11 251
12 12
12 18
12 21
12 23
12 25
12 27
12 31
12 33
12 50
12 83
12 85
12 91
12 100
12 108
12 140
12 180
12 249
12 251
13 12
13 18
13 21
13 27
13 31
13 50
13 83
13 85
13 91
13 100
13 108
13 140
13 180
13 249
13 251
14 12
14 18
14 21
14 27
14 31
14 50
14 83
14 85
14 91
14 100
14 108
14 140
14 180
14 249
14 251
15 17
15 19
15 21
15 27
15 31
15 50
15 83
15 91
15 100
15 108
15 140
15 180
15 249
15 251
16 17
16 21
16 31
16 50
16 75
16 83
16 91
16 100
16 108
16 140
16 145
16 149
16 180
16 249
16 251
17 21
17 31
17 50
17 75
17 83
17 91
17 100
17 108
17 140
17 145
17 149
17 180
17 249
17 251
18 28
18 31
18 43
18 71
18 75
18 83
18 91
18 100
18 108
18 140
18 145
18 149
18 179
18 180
18 249
18 251
19 28
19 31
19 43
19 71
19 75
19 83
19 91
19 100
19 108
19 140
19 145
19 149
19 179
19 180
19 249
19 251
20 28
20 31
20 43
20 71
20 75
20 83
20 91
20 100
20 108
20 140
20 145
20 149
20 179
20 180
20 249
20 251
21 28
21 43
21 59
21 71
21 75
21 83
21 89
21 91
21 100
21 108
21 138
21 140
21 143
21 145
21 149
21 155
21 179
21 180
21 249
21 251
21 260
22 28
22 43
22 55
22 59
22 71
22 75
22 83
22 89
22 91
22 108
22 132
22 138
22 140
22 142
22 143
22 145
22 149
22 155
22 179
22 180
22 249
22 251
22 260
23 28
23 43
23 59
23 71
23 75
23 83
23 89
23 91
23 108
23 118
23 132
23 138
23 140
23 142
23 143
23 145
23 149
23 179
23 180
23 218
23 249
23 251
23 260
24 28
24 59
24 70
24 71
24 75
24 78
24 83
24 89
24 91
24 108
24 118
24 132
24 138
24 140
24 142
24 143
24 145
24 149
24 179
24 180
24 218
24 231
24 249
24 251
24 260
25 35
25 40
25 59
25 61
25 66
25 75
25 78
25 83
25 89
25 91
25 105
25 108
25 134
25 138
25 140
25 142
25 143
25 149
25 162
25 179
25 180
25 192
25 218
25 249
25 251
25 260
26 35
26 40
26 61
26 75
26 78
26 83
26 89
26 91
26 105
26 108
26 120
26 134
26 138
26 140
26 143
26 149
26 162
26 163
26 179
26 180
26 192
26 218
26 249
26 251
26 260
27 30
27 48
27 61
27 78
27 99
27 105
27 109
27 116
27 119
27 120
27 134
27 138
27 140
27 143
27 162
27 163
27 173
27 179
27 180
27 192
27 218
27 221
27 246
27 249
27 251
27 260
28 30
28 44
28 48
28 61
28 78
28 90
28 105
28 109
28 116
28 119
28 120
28 134
28 138
28 140
28 162
28 163
28 173
28 179
28 180
28 192
28 218
28 221
28 246
28 249
28 251
28 260
29 36
29 42
29 44
29 48
29 61
29 78
29 90
29 101
29 105
29 109
29 116
29 119
29 120
29 134
29 138
29 140
29 162
29 163
29 173
29 179
29 180
29 192
29 218
29 221
29 246
29 249
29 251
29 260
30 36
30 42
30 44
30 48
30 61
30 78
30 90
30 101
30 105
30 109
30 116
30 119
30 120
30 134
30 138
30 140
30 162
30 163
30 173
30 179
30 180
30 192
30 218
30 221
30 246
30 249
30 251
30 260
31 47
31 48
31 61
31 78
31 90
31 94
31 101
31 105
31 109
31 116
31 119
31 120
31 130
31 134
31 140
31 162
31 163
31 173
31 180
31 192
31 218
31 221
31 246
31 249
31 251
31 260
32 47
32 48
32 61
32 78
32 90
32 94
32 101
32 105
32 109
32 116
32 119
32 120
32 130
32 134
32 140
32 162
32 163
32 173
32 180
32 192
32 218
32 221
32 246
32 249
32 251
32 260
33 38
33 39
33 45
33 48
33 51
33 61
33 90
33 94
33 105
33 109
33 116
33 119
33 120
33 129
33 130
33 134
33 140
33 162
33 173
33 180
33 183
33 192
33 218
33 221
33 246
33 249
33 251
33 260
34 38
34 45
34 48
34 61
34 90
34 94
34 105
34 109
34 116
34 119
34 120
34 129
34 130
34 134
34 140
34 162
34 173
34 180
34 183
34 192
34 218
34 221
34 246
34 249
34 251
34 260
35 38
35 45
35 48
35 61
35 64
35 90
35 94
35 105
35 109
35 116
35 119
35 120
35 129
35 130
35 134
35 140
35 162
35 173
35 180
35 183
35 192
35 218
35 221
35 246
35 249
35 251
35 260
36 38
36 45
36 48
36 61
36 65
36 68
36 90
36 94
36 105
36 109
36 116
36 119
36 120
36 129
36 130
36 134
36 140
36 162
36 170
36 180
36 183
36 192
36 218
36 221
36 246
36 249
36 251
36 260
37 38
37 45
37 46
37 48
37 65
37 68
37 80
37 90
37 92
37 94
37 105
37 109
37 116
37 119
37 129
37 130
37 134
37 140
37 162
37 170
37 180
37 183
37 192
37 221
37 246
37 249
37 251
37 260
38 38
38 45
38 46
38 48
38 65
38 68
38 80
38 90
38 92
38 93
38 94
38 105
38 109
38 116
38 119
38 129
38 130
38 134
38 140
38 162
38 170
38 180
38 183
38 192
38 221
38 246
38 249
38 251
38 260
39 38
39 45
39 46
39 48
39 49
39 65
39 68
39 69
39 80
39 92
39 94
39 105
39 109
39 116
39 119
39 129
39 130
39 134
39 140
39 162
39 170
39 180
39 183
39 192
39 220
39 221
39 246
39 249
39 251
39 260
40 38
40 45
40 46
40 49
40 53
40 65
40 68
40 69
40 80
40 92
40 94
40 105
40 109
40 116
40 119
40 129
40 130
40 134
40 140
40 162
40 170
40 180
40 183
40 192
40 220
40 221
40 246
40 249
40 251
40 260
41 38
41 45
41 49
41 53
41 68
41 69
41 80
41 92
41 94
41 105
41 109
41 116
41 119
41 129
41 130
41 134
41 140
41 162
41 170
41 180
41 183
41 192
41 220
41 221
41 246
41 249
41 251
41 260
42 45
42 49
42 53
42 68
42 69
42 80
42 86
42 92
42 94
42 105
42 109
42 116
42 119
42 129
42 130
42 134
42 140
42 162
42 170
42 180
42 183
42 192
42 220
42 221
42 246
42 249
42 251
42 260
43 45
43 49
43 53
43 68
43 69
43 80
43 86
43 92
43 94
43 105
43 109
43 116
43 119
43 129
43 130
43 134
43 140
43 162
43 170
43 180
43 183
43 192
43 220
43 221
43 246
43 249
43 251
43 260
44 45
44 49
44 53
44 68
44 69
44 80
44 86
44 92
44 94
44 105
44 109
44 116
44 119
44 129
44 130
44 134
44 140
44 162
44 170
44 180
44 183
44 192
44 220
44 221
44 246
44 249
44 251
44 260
45 45
45 49
45 53
45 68
45 69
45 80
45 86
45 92
45 94
45 105
45 109
45 116
45 119
45 129
45 130
45 134
45 140
45 162
45 170
45 180
45 183
45 192
45 220
45 221
45 246
45 249
45 251
45 260
46 45
46 49
46 53
46 68
46 69
46 80
46 86
46 92
46 94
46 97
46 109
46 111
46 116
46 119
46 129
46 130
46 134
46 140
46 162
46 170
46 180
46 183
46 192
46 220
46 224
46 236
46 246
46 249
46 251
46 260
47 45
47 49
47 53
47 68
47 69
47 80
47 86
47 92
47 94
47 97
47 109
47 111
47 116
47 119
47 129
47 130
47 134
47 140
47 162
47 170
47 180
47 183
47 192
47 220
47 224
47 236
47 246
47 249
47 251
47 260
48 49
48 53
48 68
48 69
48 80
48 86
48 92
48 94
48 97
48 109
48 111
48 116
48 119
48 129
48 130
48 134
48 162
48 170
48 180
48 183
48 189
48 192
48 220
48 224
48 236
48 246
48 249
48 251
48 260
49 49
49 53
49 60
49 62
49 67
49 68
49 69
49 80
49 86
49 92
49 94
49 96
49 97
49 111
49 116
49 119
49 124
49 129
49 130
49 134
49 162
49 170
49 180
49 183
49 189
49 192
49 220
49 224
49 227
49 236
49 246
49 249
49 251
50 49
50 53
50 60
50 67
50 68
50 69
50 79
50 80
50 86
50 92
50 94
50 96
50 97
50 111
50 116
50 119
50 124
50 129
50 130
50 134
50 162
50 170
50 180
50 183
50 189
50 192
50 220
50 224
50 227
50 236
50 246
50 249
50 251
51 49
51 53
51 58
51 60
51 67
51 68
51 79
51 80
51 86
51 92
51 94
51 96
51 97
51 111
51 116
51 119
51 124
51 129
51 130
51 134
51 162
51 170
51 180
51 183
51 189
51 192
51 217
51 220
51 224
51 227
51 236
51 246
51 249
51 251
52 58
52 67
52 74
52 76
52 77
52 79
52 80
52 86
52 94
52 96
52 106
52 116
52 124
52 130
52 134
52 162
52 170
52 189
52 192
52 217
52 220
52 224
52 227
52 236
52 246
52 249
52 251
52 259
53 58
53 67
53 74
53 76
53 77
53 79
53 80
53 86
53 94
53 96
53 106
53 116
53 124
53 130
53 134
53 162
53 170
53 189
53 192
53 220
53 224
53 227
53 236
53 246
53 249
53 251
53 259
54 58
54 67
54 74
54 76
54 77
54 79
54 80
54 86
54 96
54 106
54 116
54 124
54 130
54 134
54 162
54 170
54 189
54 190
54 192
54 220
54 227
54 236
54 246
54 249
54 251
54 259
55 58
55 67
55 74
55 76
55 77
55 79
55 80
55 86
55 96
55 106
55 124
55 130
55 134
55 162
55 170
55 189
55 190
55 192
55 220
55 227
55 236
55 246
55 249
55 251
55 259
56 76
56 77
56 79
56 84
56 86
56 106
56 162
56 170
56 189
56 190
56 200
56 220
56 227
56 236
56 246
56 249
56 251
56 259
56 262
57 76
57 77
57 79
57 84
57 106
57 162
57 170
57 189
57 190
57 200
57 220
57 236
57 246
57 249
57 251
57 259
57 262
58 76
58 77
58 79
58 84
58 106
58 162
58 189
58 190
58 200
58 220
58 236
58 246
58 249
58 251
58 259
58 262
59 73
59 76
59 79
59 84
59 106
59 162
59 182
59 184
59 189
59 190
59 200
59 220
59 235
59 236
59 246
59 249
59 251
59 259
59 262
60 73
60 76
60 79
60 84
60 106
60 162
60 182
60 184
60 189
60 190
60 200
60 220
60 235
60 236
60 246
60 249
60 251
60 259
60 262
61 73
61 76
61 79
61 84
61 98
61 106
61 162
61 178
61 182
61 184
61 189
61 190
61 200
61 220
61 235
61 236
61 246
61 249
61 251
61 259
61 262
62 73
62 76
62 79
62 84
62 98
62 106
62 162
62 178
62 182
62 189
62 190
62 200
62 220
62 235
62 236
62 246
62 249
62 251
62 259
62 262
63 73
63 76
63 79
63 84
63 98
63 106
63 162
63 178
63 182
63 189
63 190
63 200
63 220
63 235
63 236
63 246
63 249
63 251
63 259
63 262
64 73
64 76
64 79
64 84
64 98
64 106
64 162
64 178
64 182
64 189
64 190
64 200
64 207
64 220
64 235
64 236
64 246
64 249
64 251
64 259
64 262
65 72
65 73
65 84
65 104
65 106
65 122
65 125
65 141
65 161
65 182
65 189
65 190
65 200
65 204
65 207
65 220
65 235
65 236
65 246
65 247
65 251
65 259
65 262
66 72
66 73
66 84
66 104
66 106
66 122
66 125
66 141
66 161
66 182
66 189
66 190
66 200
66 204
66 207
66 220
66 235
66 236
66 246
66 247
66 251
66 259
66 262
67 72
67 73
67 84
67 104
67 106
67 115
67 122
67 125
67 141
67 161
67 182
67 189
67 190
67 200
67 204
67 207
67 220
67 235
67 236
67 246
67 247
67 251
67 259
67 262
68 72
68 73
68 84
68 104
68 106
68 115
68 122
68 125
68 141
68 161
68 182
68 189
68 190
68 200
68 204
68 207
68 220
68 235
68 236
68 246
68 247
68 251
68 259
68 262
69 72
69 73
69 84
69 104
69 106
69 115
69 122
69 125
69 141
69 161
69 182
69 189
69 190
69 200
69 204
69 207
69 220
69 235
69 236
69 246
69 247
69 251
69 259
69 262
70 72
70 73
70 84
70 104
70 106
70 115
70 122
70 125
70 141
70 161
70 182
70 189
70 190
70 200
70 204
70 207
70 220
70 235
70 236
70 246
70 247
70 251
70 259
70 262
71 72
71 73
71 84
71 103
71 104
71 106
71 115
71 122
71 125
71 141
71 161
71 182
71 189
71 190
71 200
71 204
71 207
71 220
71 235
71 236
71 246
71 247
71 251
71 259
71 262
72 72
72 84
72 103
72 106
72 115
72 122
72 125
72 152
72 161
72 182
72 189
72 200
72 203
72 204
72 207
72 220
72 235
72 236
72 246
72 247
72 251
72 259
72 262
73 72
73 84
73 106
73 122
73 125
73 152
73 158
73 161
73 182
73 189
73 200
73 203
73 204
73 207
73 220
73 235
73 236
73 246
73 247
73 251
73 259
73 262
74 72
74 106
74 122
74 125
74 131
74 152
74 158
74 161
74 182
74 189
74 200
74 204
74 220
74 236
74 246
74 247
74 251
74 252
74 259
74 262
75 72
75 106
75 112
75 122
75 125
75 131
75 152
75 158
75 161
75 182
75 188
75 189
75 200
75 204
75 220
75 236
75 246
75 247
75 251
75 252
75 259
75 262
76 95
76 102
76 112
76 122
76 125
76 128
76 131
76 133
76 152
76 158
76 161
76 172
76 182
76 188
76 204
76 219
76 220
76 236
76 246
76 247
76 251
76 252
76 255
76 259
76 261
76 262
77 95
77 102
77 112
77 122
77 125
77 128
77 131
77 133
77 152
77 158
77 161
77 172
77 182
77 188
77 204
77 219
77 220
77 236
77 246
77 247
77 251
77 252
77 255
77 259
77 261
77 262
78 81
78 95
78 102
78 112
78 122
78 125
78 128
78 131
78 133
78 152
78 158
78 161
78 172
78 182
78 188
78 204
78 219
78 220
78 236
78 246
78 247
78 251
78 252
78 255
78 259
78 261
78 262
79 81
79 88
79 95
79 102
79 112
79 122
79 125
79 128
79 133
79 146
79 152
79 158
79 161
79 172
79 182
79 188
79 204
79 211
79 219
79 220
79 236
79 246
79 247
79 252
79 255
79 259
79 261
79 262
80 81
80 88
80 95
80 102
80 112
80 122
80 125
80 128
80 133
80 146
80 152
80 158
80 161
80 172
80 182
80 188
80 204
80 211
80 219
80 220
80 236
80 246
80 247
80 252
80 255
80 259
80 261
80 262
81 81
81 88
81 95
81 102
81 112
81 122
81 125
81 128
81 146
81 152
81 158
81 161
81 172
81 182
81 188
81 197
81 211
81 219
81 220
81 236
81 246
81 247
81 255
81 259
81 262
82 81
82 88
82 95
82 102
82 112
82 122
82 125
82 128
82 146
82 152
82 158
82 161
82 172
82 182
82 188
82 197
82 211
82 219
82 220
82 236
82 238
82 246
82 247
82 255
82 259
82 262
83 81
83 88
83 95
83 102
83 112
83 122
83 125
83 128
83 146
83 152
83 158
83 161
83 172
83 182
83 188
83 197
83 211
83 219
83 220
83 236
83 238
83 246
83 247
83 255
83 259
83 262
84 88
84 95
84 112
84 122
84 125
84 128
84 146
84 152
84 158
84 172
84 182
84 188
84 197
84 219
84 220
84 236
84 238
84 246
84 247
84 255
84 259
84 262
85 88
85 95
85 112
85 122
85 125
85 128
85 135
85 146
85 152
85 157
85 158
85 172
85 182
85 188
85 197
85 219
85 220
85 236
85 238
85 246
85 247
85 254
85 259
85 262
86 88
86 95
86 112
86 122
86 125
86 128
86 135
86 146
86 152
86 157
86 158
86 172
86 182
86 188
86 197
86 219
86 220
86 236
86 238
86 246
86 247
86 254
86 259
86 262
87 88
87 95
87 112
87 122
87 125
87 135
87 146
87 152
87 157
87 158
87 172
87 182
87 188
87 197
87 219
87 220
87 236
87 237
87 238
87 246
87 247
87 254
87 259
87 262
88 88
88 95
88 112
88 125
88 126
88 135
88 146
88 152
88 157
88 158
88 172
88 182
88 188
88 197
88 202
88 219
88 220
88 236
88 237
88 238
88 244
88 247
88 254
88 259
88 262
89 88
89 95
89 112
89 125
89 126
89 135
89 146
89 152
89 157
89 158
89 172
89 182
89 188
89 197
89 202
89 219
89 220
89 236
89 237
89 238
89 244
89 247
89 254
89 259
89 262
90 95
90 112
90 125
90 135
90 146
90 152
90 157
90 158
90 172
90 182
90 188
90 193
90 194
90 197
90 202
90 219
90 236
90 238
90 239
90 244
90 247
90 254
90 259
90 262
91 95
91 112
91 125
91 135
91 146
91 152
91 157
91 158
91 172
91 182
91 188
91 193
91 194
91 197
91 202
91 219
91 236
91 238
91 239
91 244
91 247
91 254
91 259
91 262
92 95
92 112
92 125
92 135
92 146
92 152
92 157
92 158
92 172
92 182
92 188
92 193
92 194
92 197
92 202
92 219
92 236
92 238
92 239
92 244
92 247
92 254
92 259
92 262
93 95
93 112
93 135
93 146
93 152
93 158
93 172
93 182
93 188
93 193
93 194
93 197
93 236
93 238
93 239
93 244
93 247
93 254
93 259
93 262
94 95
94 112
94 135
94 146
94 152
94 158
94 172
94 182
94 188
94 193
94 194
94 197
94 236
94 238
94 239
94 244
94 247
94 254
94 262
95 95
95 112
95 135
95 146
95 152
95 158
95 172
95 182
95 188
95 193
95 194
95 197
95 236
95 238
95 239
95 244
95 247
95 254
95 262
96 95
96 112
96 135
96 146
96 152
96 158
96 172
96 182
96 188
96 193
96 236
96 238
96 239
96 244
96 247
96 254
96 262
97 107
97 112
97 135
97 146
97 148
97 152
97 158
97 172
97 182
97 188
97 193
97 236
97 238
97 239
97 244
97 247
97 254
97 262
98 107
98 112
98 135
98 146
98 148
98 152
98 158
98 172
98 182
98 188
98 193
98 236
98 238
98 239
98 244
98 247
98 254
98 262
99 107
99 112
99 114
99 127
99 135
99 146
99 158
99 164
99 172
99 188
99 193
99 236
99 238
99 239
99 244
99 247
99 254
99 262
100 107
100 112
100 114
100 127
100 135
100 146
100 158
100 159
100 164
100 172
100 188
100 193
100 236
100 238
100 239
100 244
100 247
100 254
100 262
101 107
101 112
101 135
101 158
101 164
101 172
101 188
101 193
101 236
101 238
101 239
101 244
101 247
101 254
101 262
102 107
102 112
102 135
102 158
102 164
102 172
102 175
102 188
102 193
102 236
102 238
102 239
102 244
102 247
102 262
103 107
103 112
103 164
103 172
103 175
103 188
103 193
103 236
103 238
103 239
103 244
103 247
103 262
104 107
104 112
104 123
104 164
104 172
104 175
104 188
104 193
104 236
104 238
104 239
104 244
104 247
104 262
105 107
105 112
105 123
105 144
105 172
105 175
105 188
105 193
105 236
105 238
105 239
105 244
105 247
105 262
106 107
106 112
106 123
106 144
106 172
106 175
106 188
106 193
106 236
106 238
106 239
106 244
106 247
106 262
107 107
107 112
107 123
107 144
107 172
107 175
107 188
107 193
107 228
107 233
107 236
107 238
107 239
107 242
107 247
107 262
108 107
108 112
108 123
108 144
108 172
108 188
108 193
108 228
108 233
108 236
108 238
108 239
108 242
108 247
108 262
109 107
109 112
109 123
109 144
109 172
109 188
109 193
109 228
109 233
109 236
109 238
109 239
109 242
109 247
109 262
110 107
110 112
110 123
110 144
110 172
110 188
110 193
110 228
110 233
110 236
110 238
110 239
110 242
110 247
110 262
111 107
111 112
111 123
111 137
111 144
111 172
111 193
111 228
111 233
111 236
111 238
111 239
111 242
111 247
111 262
112 112
112 113
112 137
112 144
112 153
112 160
112 172
112 185
112 193
112 208
112 226
112 228
112 233
112 236
112 238
112 239
112 242
112 247
112 262
113 113
113 137
113 144
113 153
113 160
113 172
113 185
113 193
113 208
113 226
113 228
113 233
113 236
113 238
113 239
113 242
113 247
113 250
113 262
114 137
114 144
114 153
114 160
114 172
114 185
114 193
114 208
114 228
114 233
114 236
114 238
114 239
114 242
114 247
114 250
115 137
115 144
115 153
115 160
115 172
115 185
115 193
115 208
115 228
115 233
115 236
115 238
115 239
115 242
115 247
115 250
116 137
116 144
116 153
116 160
116 172
116 185
116 193
116 208
116 228
116 233
116 236
116 238
116 239
116 242
116 247
116 250
117 137
117 139
117 151
117 153
117 160
117 167
117 172
117 176
117 185
117 187
117 193
117 228
117 233
117 236
117 238
117 239
117 242
117 247
117 250
118 137
118 139
118 151
118 153
118 160
118 167
118 172
118 176
118 185
118 187
118 193
118 228
118 233
118 236
118 238
118 239
118 242
118 247
118 250
119 137
119 139
119 153
119 160
119 167
119 172
119 181
119 185
119 187
119 193
119 198
119 228
119 236
119 238
119 239
119 242
119 247
119 250
120 121
120 137
120 139
120 153
120 154
120 160
120 167
120 172
120 174
120 181
120 185
120 187
120 193
120 198
120 228
120 230
120 236
120 238
120 239
120 242
120 250
121 139
121 153
121 160
121 167
121 172
121 174
121 181
121 185
121 193
121 198
121 228
121 230
121 236
121 238
121 239
121 242
121 250
122 139
122 153
122 160
122 167
122 172
122 174
122 181
122 185
122 193
122 198
122 228
122 230
122 236
122 238
122 239
122 242
122 250
123 139
123 153
123 160
123 167
123 172
123 174
123 181
123 185
123 193
123 198
123 228
123 230
123 236
123 238
123 239
123 242
123 250
124 139
124 153
124 160
124 167
124 172
124 174
124 181
124 185
124 193
124 198
124 228
124 230
124 236
124 238
124 239
124 242
124 250
125 136
125 139
125 153
125 160
125 167
125 168
125 172
125 174
125 181
125 185
125 193
125 198
125 228
125 230
125 236
125 238
125 239
125 242
125 250
126 136
126 139
126 153
126 160
126 167
126 172
126 185
126 193
126 198
126 206
126 228
126 230
126 236
126 238
126 239
126 242
126 250
126 253
126 256
127 139
127 153
127 160
127 166
127 167
127 172
127 185
127 193
127 198
127 206
127 230
127 236
127 238
127 239
127 242
127 250
127 253
127 256
128 139
128 153
128 166
128 167
128 172
128 185
128 193
128 198
128 206
128 230
128 236
128 238
128 239
128 242
128 250
128 253
128 256
129 166
129 167
129 172
129 185
129 186
129 193
129 198
129 206
129 216
129 230
129 236
129 238
129 242
129 250
129 253
129 256
130 166
130 167
130 172
130 185
130 186
130 193
130 198
130 206
130 216
130 230
130 236
130 238
130 242
130 250
130 253
130 256
131 150
131 166
131 167
131 171
131 172
131 185
131 186
131 193
131 206
131 209
131 216
131 230
131 236
131 238
131 242
131 250
131 253
131 256
132 150
132 166
132 167
132 171
132 172
132 185
132 186
132 193
132 206
132 209
132 216
132 230
132 236
132 238
132 242
132 250
132 253
132 256
133 150
133 166
133 167
133 171
133 172
133 185
133 186
133 193
133 206
133 209
133 216
133 230
133 236
133 238
133 242
133 250
133 253
133 256
134 150
134 166
134 167
134 171
134 172
134 185
134 186
134 193
134 206
134 209
134 216
134 230
134 236
134 238
134 242
134 250
134 253
134 256
135 150
135 166
135 167
135 171
135 172
135 186
135 193
135 196
135 206
135 209
135 230
135 236
135 242
135 250
135 253
136 150
136 166
136 167
136 171
136 186
136 193
136 196
136 206
136 209
136 230
136 236
136 242
136 250
136 253
137 150
137 166
137 167
137 171
137 186
137 193
137 196
137 206
137 209
137 230
137 236
137 242
137 250
137 253
138 150
138 166
138 167
138 171
138 186
138 193
138 196
138 206
138 209
138 230
138 236
138 242
138 250
138 253
139 150
139 166
139 167
139 171
139 177
139 186
139 193
139 196
139 206
139 209
139 230
139 236
139 242
139 250
139 253
140 150
140 166
140 167
140 171
140 177
140 186
140 193
140 196
140 206
140 209
140 230
140 236
140 242
140 250
140 253
141 150
141 166
141 167
141 169
141 171
141 177
141 186
141 196
141 206
141 209
141 230
141 236
141 242
141 250
141 253
142 150
142 166
142 167
142 169
142 171
142 177
142 186
142 196
142 206
142 209
142 230
142 236
142 242
142 250
142 253
143 150
143 166
143 169
143 171
143 177
143 196
143 199
143 209
143 210
143 213
143 222
143 230
143 236
143 242
143 250
143 253
144 150
144 166
144 169
144 171
144 177
144 196
144 199
144 209
144 210
144 213
144 222
144 230
144 236
144 242
144 250
144 253
145 150
145 166
145 169
145 177
145 195
145 196
145 199
145 209
145 210
145 213
145 222
145 230
145 236
145 242
145 250
145 253
146 150
146 166
146 169
146 177
146 195
146 196
146 199
146 209
146 210
146 213
146 222
146 230
146 236
146 242
146 250
146 253
147 150
147 166
147 169
147 177
147 195
147 196
147 199
147 209
147 210
147 213
147 222
147 230
147 236
147 242
147 250
147 253
148 150
148 166
148 169
148 177
148 195
148 196
148 199
148 209
148 210
148 222
148 230
148 236
148 241
148 242
148 250
148 253
149 150
149 166
149 169
149 177
149 195
149 196
149 199
149 209
149 210
149 222
149 230
149 236
149 241
149 242
149 250
149 253
150 150
150 166
150 169
150 177
150 195
150 196
150 199
150 209
150 210
150 222
150 230
150 236
150 241
150 242
150 250
150 253
151 150
151 166
151 169
151 177
151 195
151 196
151 199
151 209
151 210
151 222
151 230
151 236
151 241
151 242
151 250
151 253
152 150
152 166
152 169
152 195
152 196
152 199
152 209
152 210
152 222
152 230
152 236
152 241
152 242
152 250
152 253
153 150
153 166
153 169
153 195
153 196
153 199
153 209
153 210
153 222
153 230
153 236
153 241
153 242
153 250
153 253
154 150
154 166
154 169
154 195
154 199
154 209
154 210
154 212
154 222
154 236
154 241
154 245
154 250
154 253
155 150
155 166
155 169
155 195
155 199
155 209
155 210
155 212
155 222
155 236
155 241
155 245
155 250
155 253
156 150
156 166
156 169
156 195
156 199
156 209
156 210
156 212
156 222
156 236
156 241
156 245
156 250
156 253
157 150
157 166
157 169
157 195
157 199
157 209
157 210
157 212
157 222
157 236
157 241
157 245
157 250
158 150
158 166
158 169
158 195
158 199
158 209
158 210
158 212
158 222
158 236
158 241
158 245
158 250
159 150
159 165
159 166
159 169
159 195
159 209
159 210
159 212
159 222
159 236
159 241
159 245
159 250
160 165
160 166
160 169
160 195
160 209
160 210
160 212
160 222
160 236
160 241
160 245
160 250
161 165
161 166
161 169
161 195
161 209
161 210
161 212
161 222
161 236
161 241
161 245
161 250
162 165
162 166
162 169
162 195
162 205
162 209
162 210
162 215
162 236
162 243
162 245
162 250
163 165
163 166
163 169
163 195
163 205
163 209
163 210
163 215
163 236
163 243
163 245
163 250
164 165
164 166
164 169
164 195
164 205
164 209
164 210
164 215
164 236
164 243
164 245
164 250
165 165
165 166
165 169
165 195
165 205
165 209
165 210
165 215
165 236
165 243
165 245
165 250
166 165
166 166
166 169
166 195
166 205
166 209
166 210
166 215
166 236
166 243
166 245
166 250
167 169
167 195
167 205
167 209
167 210
167 215
167 236
167 243
167 245
167 250
168 169
168 195
168 205
168 209
168 210
168 215
168 236
168 243
168 245
168 250
169 169
169 195
169 205
169 209
169 210
169 215
169 236
169 243
169 245
169 250
170 169
170 191
170 195
170 205
170 209
170 210
170 215
170 236
170 243
170 245
170 250
171 169
171 191
171 195
171 205
171 209
171 210
171 215
171 243
171 245
171 250
171 258
172 169
172 195
172 209
172 210
172 215
172 243
172 245
172 250
172 258
173 169
173 195
173 209
173 210
173 215
173 243
173 245
173 250
173 258
174 169
174 195
174 209
174 210
174 215
174 243
174 245
174 250
175 169
175 195
175 209
175 210
175 215
175 243
175 245
175 250
176 169
176 195
176 209
176 210
176 215
176 243
176 245
177 169
177 209
177 210
177 215
177 243
177 245
178 169
178 210
178 215
178 243
178 245
179 169
179 210
179 215
179 243
179 245
180 169
180 210
180 215
180 245
181 169
181 210
181 215
181 245
182 169
182 210
182 215
182 245
183 169
183 210
183 215
183 245
184 169
184 210
184 215
184 245
185 169
185 210
185 215
185 245
186 169
186 210
186 215
186 245
187 169
187 210
187 215
187 245
188 169
188 210
188 215
188 245
189 169
189 210
189 215
189 245
190 169
190 210
190 215
190 245
191 169
191 210
191 215
191 245
192 169
192 210
192 215
192 245
193 169
193 210
193 215
193 245
194 210
194 215
194 245
195 210
195 215
195 245
196 210
196 215
196 245
197 210
197 214
197 225
197 245
198 210
198 214
198 225
198 245
199 210
199 214
199 225
199 245
200 210
200 214
200 225
200 245
201 210
201 214
201 225
201 245
202 210
202 214
202 225
202 245
203 210
203 214
203 225
203 229
203 245
204 210
204 214
204 225
204 229
204 245
205 210
205 214
205 225
205 229
205 245
206 210
206 214
206 225
206 229
206 245
207 210
207 214
207 225
207 229
207 245
208 210
208 214
208 225
208 229
208 245
209 210
209 214
209 225
209 229
209 245
209 248
210 210
210 214
210 223
210 225
210 229
210 248
211 210
211 214
211 223
211 225
211 229
211 248
212 210
212 214
212 223
212 225
212 229
212 248
213 214
213 223
213 225
213 229
213 248
214 225
215 225
216 225
216 234
217 225
217 234
218 225
218 234
219 225
219 234
220 225
220 234
221 225
221 234
222 225
222 234
223 225
223 234
224 225
224 234
225 225
225 234
226 225
226 234
227 225
227 234
228 225
228 234
228 240
229 225
229 240
230 225
230 240
231 225
231 240
232 225
232 240
233 225
233 240
234 225
234 240
235 225
235 240
236 225
236 240
237 225
237 240
238 225
238 240
239 225
239 240
240 240
241 240
242 240
243 240
244 240
245 240
246 240
