0 13
0 18
0 80
0 105
1 11
1 20
1 30
1 60
1 68
1 80
1 105
1 229
1 261
2 6
2 11
2 12
2 16
2 20
2 30
2 60
2 68
2 80
2 105
2 229
2 261
3 5
3 10
3 12
3 34
3 44
3 68
3 79
3 105
3 159
3 229
3 236
3 261
4 12
4 19
4 34
4 44
4 66
4 68
4 79
4 91
4 93
4 105
4 159
4 229
4 236
4 253
4 261
5 59
5 66
5 79
5 91
5 93
5 105
5 159
5 163
5 182
5 229
5 236
5 242
5 253
5 261
6 14
6 59
6 66
6 79
6 91
6 93
6 105
6 153
6 159
6 163
6 182
6 229
6 236
6 242
6 253
6 261
7 31
7 55
7 59
7 66
7 79
7 91
7 93
7 105
7 142
7 153
7 159
7 163
7 182
7 188
7 229
7 236
7 242
7 253
7 261
8 31
8 55
8 59
8 66
8 79
8 91
8 93
8 105
8 142
8 153
8 159
8 163
8 182
8 188
8 207
8 229
8 236
8 242
8 253
8 261
9 31
9 55
9 59
9 66
9 79
9 91
9 93
9 105
9 142
9 153
9 159
9 163
9 182
9 188
9 207
9 229
9 236
9 242
9 253
9 261
10 23
10 31
10 55
10 59
10 66
10 78
10 79
10 91
10 93
10 105
10 142
10 153
10 159
10 163
10 182
10 188
10 207
10 229
10 236
10 242
10 253
10 261
11 23
11 31
11 41
11 42
11 55
11 66
11 78
11 79
11 91
11 93
11 102
11 105
11 142
11 153
11 159
11 163
11 182
11 188
11 207
11 229
11 236
11 242
11 261
12 23
12 31
12 41
12 42
12 55
12 66
12 78
12 79
12 91
12 93
12 102
12 105
12 142
12 153
12 159
12 163
12 182
12 188
12 207
12 229
12 236
12 242
12 261
13 23
13 31
13 41
13 42
13 55
13 66
13 78
13 79
13 93
13 102
13 105
13 142
13 153
13 159
13 163
13 182
13 188
13 207
13 229
13 236
13 242
13 245
13 261
14 15
14 31
14 41
14 42
14 55
14 66
14 78
14 79
14 93
14 102
14 105
14 142
14 153
14 159
14 163
14 182
14 188
14 207
14 236
14 242
14 245
14 261
15 31
15 41
15 42
15 50
15 55
15 66
15 76
15 78
15 79
15 93
15 102
15 105
15 122
15 142
15 153
15 159
15 163
15 182
15 188
15 207
15 236
15 242
15 245
15 261
16 41
16 42
16 45
16 50
16 55
16 66
16 76
16 78
16 79
16 93
16 122
16 142
16 153
16 159
16 163
16 182
16 188
16 207
16 236
16 242
16 245
16 261
17 24
17 32
17 33
17 41
17 42
17 45
17 50
17 55
17 76
17 78
17 79
17 93
17 122
17 142
17 153
17 159
17 163
17 182
17 188
17 207
17 236
17 242
17 245
17 261
18 24
18 32
18 33
18 41
18 42
18 45
18 55
18 76
18 78
18 79
18 93
18 122
18 142
18 153
18 159
18 163
18 182
18 188
18 207
18 234
18 236
18 242
18 245
18 261
19 24
19 32
19 33
19 41
19 42
19 55
19 76
19 78
19 79
19 93
19 122
19 153
19 159
19 163
19 182
19 188
19 207
19 234
19 236
19 242
19 245
19 261
20 24
20 29
20 32
20 33
20 41
20 64
20 78
20 79
20 93
20 122
20 153
20 163
20 182
20 188
20 207
20 234
20 236
20 261
21 24
21 29
21 32
21 33
21 41
21 43
21 64
21 78
21 79
21 87
21 93
21 122
21 153
21 163
21 182
21 188
21 207
21 234
21 236
21 261
22 24
22 29
22 32
22 33
22 41
22 43
22 53
22 64
22 78
22 79
22 87
22 93
22 122
22 153
22 163
22 182
22 188
22 207
22 234
22 236
22 261
23 24
23 35
23 41
23 43
23 53
23 78
23 79
23 88
23 93
23 122
23 134
23 147
23 153
23 163
23 182
23 188
23 207
23 234
23 236
23 256
23 261
24 35
24 41
24 43
24 53
24 78
24 79
24 88
24 93
24 122
24 134
24 147
24 153
24 163
24 182
24 188
24 207
24 234
24 236
24 256
24 261
25 26
25 28
25 35
25 41
25 43
25 69
25 78
25 79
25 88
25 93
25 122
25 134
25 147
25 153
25 163
25 182
25 207
25 234
25 236
25 256
25 261
26 28
26 35
26 39
26 41
26 43
26 69
26 78
26 79
26 88
26 90
26 93
26 122
26 147
26 150
26 153
26 163
26 172
26 177
26 182
26 207
26 234
26 236
26 256
26 261
27 28
27 39
27 41
27 43
27 62
27 69
27 79
27 88
27 90
27 122
27 147
27 150
27 153
27 163
27 172
27 177
27 182
27 207
27 234
27 236
27 256
27 261
28 28
28 39
28 41
28 43
28 62
28 69
28 79
28 88
28 90
28 122
28 147
28 150
28 153
28 163
28 172
28 177
28 182
28 191
28 207
28 234
28 236
28 256
28 261
29 28
29 39
29 41
29 43
29 62
29 69
29 79
29 88
29 90
29 122
29 147
29 150
29 153
29 163
29 172
29 177
29 182
29 191
29 207
29 234
29 236
29 256
29 261
30 39
30 41
30 47
30 69
30 86
30 88
30 90
30 109
30 122
30 125
30 147
30 150
30 153
30 163
30 172
30 177
30 182
30 191
30 207
30 221
30 234
30 236
30 256
30 261
31 47
31 69
31 86
31 94
31 109
31 122
31 125
31 147
31 153
31 163
31 165
31 172
31 177
31 182
31 191
31 196
31 207
31 221
31 234
31 236
31 256
31 261
32 47
32 69
32 86
32 94
32 109
32 122
32 125
32 147
32 153
32 163
32 165
32 172
32 177
32 182
32 191
32 196
32 207
32 221
32 234
32 236
32 256
32 261
33 47
33 49
33 69
33 86
33 94
33 109
33 122
33 125
33 147
33 153
33 163
33 165
33 172
33 177
33 191
33 196
33 207
33 221
33 234
33 236
33 256
33 261
34 37
34 46
34 47
34 49
34 69
34 86
34 94
34 109
34 122
34 123
34 125
34 147
34 153
34 163
34 165
34 172
34 177
34 191
34 196
34 207
34 221
34 234
34 236
34 256
34 261
35 37
35 47
35 49
35 56
35 69
35 75
35 86
35 94
35 109
35 122
35 123
35 125
35 153
35 163
35 165
35 172
35 177
35 191
35 196
35 207
35 221
35 234
35 236
35 256
35 261
36 37
36 47
36 49
36 56
36 69
36 75
36 86
36 94
36 109
36 122
36 123
36 125
36 153
36 163
36 165
36 172
36 177
36 191
36 196
36 207
36 221
36 234
36 236
36 256
36 261
37 38
37 47
37 56
37 58
37 69
37 75
37 86
37 96
37 109
37 123
37 125
37 153
37 163
37 165
37 172
37 177
37 191
37 196
37 207
37 225
37 234
37 236
37 254
37 256
37 261
38 38
38 47
38 51
38 56
38 58
38 69
38 73
38 75
38 86
38 96
38 109
38 123
38 125
38 153
38 163
38 165
38 172
38 177
38 191
38 196
38 207
38 225
38 234
38 236
38 254
38 256
38 261
39 40
39 47
39 51
39 56
39 57
39 58
39 65
39 73
39 75
39 86
39 109
39 123
39 125
39 126
39 153
39 163
39 165
39 177
39 191
39 196
39 197
39 225
39 234
39 236
39 250
39 254
39 261
40 40
40 47
40 51
40 56
40 57
40 58
40 65
40 73
40 75
40 86
40 109
40 123
40 125
40 126
40 153
40 163
40 165
40 177
40 191
40 196
40 197
40 225
40 234
40 236
40 250
40 254
40 261
41 56
41 57
41 58
41 65
41 73
41 75
41 86
41 109
41 123
41 125
41 126
41 153
41 163
41 165
41 177
41 191
41 196
41 197
41 225
41 234
41 238
41 250
41 254
41 261
42 56
42 57
42 65
42 73
42 75
42 86
42 109
42 123
42 125
42 126
42 163
42 165
42 177
42 191
42 196
42 197
42 225
42 234
42 238
42 250
42 254
42 261
43 48
43 52
43 56
43 65
43 70
43 73
43 75
43 86
43 92
43 100
43 109
43 123
43 125
43 126
43 163
43 165
43 166
43 177
43 191
43 196
43 197
43 225
43 234
43 238
43 250
43 254
43 261
44 48
44 52
44 56
44 65
44 70
44 73
44 74
44 81
44 86
44 92
44 100
44 106
44 109
44 111
44 125
44 126
44 165
44 166
44 177
44 191
44 196
44 197
44 224
44 234
44 238
44 250
44 254
44 261
45 48
45 52
45 56
45 65
45 70
45 73
45 74
45 81
45 86
45 92
45 100
45 106
45 109
45 111
45 125
45 126
45 165
45 166
45 177
45 191
45 196
45 197
45 224
45 234
45 238
45 250
45 254
45 261
46 48
46 52
46 56
46 65
46 70
46 73
46 74
46 81
46 92
46 100
46 106
46 109
46 111
46 125
46 126
46 165
46 166
46 177
46 191
46 196
46 197
46 224
46 234
46 238
46 250
46 254
46 261
47 48
47 56
47 65
47 73
47 74
47 81
47 92
47 100
47 106
47 109
47 111
47 117
47 125
47 126
47 165
47 177
47 191
47 196
47 197
47 234
47 238
47 250
47 254
47 261
48 48
48 65
48 67
48 73
48 74
48 92
48 100
48 109
48 111
48 117
48 125
48 126
48 177
48 181
48 191
48 196
48 197
48 234
48 238
48 250
48 254
48 261
49 48
49 65
49 67
49 73
49 74
49 92
49 100
49 109
49 111
49 114
49 117
49 125
49 126
49 177
49 181
49 191
49 196
49 197
49 234
49 238
49 250
49 254
49 261
50 48
50 65
50 67
50 73
50 74
50 92
50 100
50 109
50 111
50 114
50 117
50 125
50 126
50 177
50 181
50 191
50 196
50 197
50 234
50 238
50 250
50 254
50 261
51 48
51 61
51 65
51 67
51 73
51 74
51 92
51 100
51 109
51 111
51 114
51 117
51 125
51 126
51 177
51 191
51 196
51 197
51 234
51 238
51 250
51 254
51 261
52 48
52 61
52 63
52 65
52 67
52 73
52 74
52 92
52 100
52 109
52 111
52 114
52 117
52 125
52 126
52 169
52 177
52 191
52 196
52 197
52 234
52 238
52 250
52 254
52 261
53 48
53 61
53 63
53 65
53 67
53 73
53 74
53 84
53 92
53 100
53 109
53 111
53 114
53 117
53 125
53 126
53 154
53 161
53 169
53 177
53 185
53 191
53 196
53 197
53 234
53 238
53 249
53 250
53 254
53 261
54 48
54 61
54 63
54 65
54 67
54 71
54 73
54 74
54 84
54 92
54 100
54 109
54 111
54 114
54 117
54 125
54 126
54 154
54 156
54 161
54 169
54 177
54 185
54 191
54 196
54 197
54 234
54 238
54 249
54 250
54 254
54 261
55 48
55 61
55 63
55 65
55 67
55 71
55 73
55 74
55 82
55 84
55 92
55 100
55 109
55 111
55 114
55 115
55 117
55 125
55 126
55 154
55 156
55 161
55 169
55 177
55 185
55 191
55 196
55 197
55 234
55 238
55 249
55 250
55 254
55 261
56 61
56 63
56 65
56 67
56 71
56 73
56 74
56 82
56 84
56 92
56 100
56 109
56 111
56 114
56 115
56 117
56 125
56 126
56 154
56 156
56 161
56 169
56 177
56 185
56 191
56 196
56 197
56 234
56 238
56 249
56 250
56 254
56 261
57 61
57 63
57 65
57 67
57 71
57 73
57 82
57 84
57 92
57 100
57 104
57 111
57 114
57 115
57 117
57 125
57 126
57 129
57 154
57 161
57 169
57 177
57 185
57 191
57 196
57 197
57 234
57 238
57 249
57 250
57 254
57 261
58 61
58 65
58 71
58 72
58 73
58 82
58 84
58 100
58 104
58 111
58 114
58 115
58 117
58 125
58 126
58 129
58 154
58 161
58 169
58 177
58 185
58 191
58 196
58 197
58 203
58 210
58 234
58 238
58 249
58 250
58 254
58 261
59 61
59 65
59 71
59 72
59 73
59 82
59 84
59 100
59 104
59 111
59 114
59 115
59 117
59 125
59 126
59 129
59 140
59 154
59 161
59 169
59 177
59 185
59 191
59 196
59 197
59 203
59 210
59 234
59 238
59 249
59 250
59 254
59 261
60 61
60 65
60 71
60 72
60 73
60 82
60 84
60 100
60 104
60 111
60 114
60 115
60 117
60 125
60 126
60 129
60 140
60 154
60 161
60 169
60 177
60 185
60 191
60 196
60 197
60 203
60 210
60 234
60 238
60 249
60 250
60 254
60 261
61 61
61 65
61 71
61 72
61 73
61 82
61 84
61 100
61 104
61 111
61 114
61 115
61 117
61 125
61 126
61 129
61 140
61 152
61 154
61 161
61 169
61 177
61 185
61 191
61 196
61 197
61 203
61 210
61 234
61 249
61 250
61 254
61 261
62 61
62 71
62 73
62 82
62 84
62 100
62 104
62 111
62 114
62 115
62 117
62 126
62 129
62 133
62 140
62 152
62 154
62 169
62 177
62 191
62 196
62 197
62 203
62 210
62 219
62 234
62 249
62 250
62 254
62 261
63 71
63 73
63 82
63 84
63 100
63 104
63 111
63 114
63 115
63 117
63 126
63 129
63 133
63 140
63 154
63 169
63 177
63 191
63 196
63 197
63 203
63 210
63 219
63 234
63 249
63 250
63 254
63 261
64 71
64 73
64 82
64 83
64 84
64 99
64 100
64 104
64 111
64 113
64 114
64 115
64 116
64 117
64 126
64 129
64 130
64 133
64 140
64 154
64 169
64 196
64 197
64 203
64 210
64 219
64 234
64 249
64 250
64 254
65 71
65 73
65 82
65 83
65 84
65 95
65 100
65 104
65 111
65 114
65 115
65 116
65 118
65 126
65 129
65 130
65 133
65 140
65 154
65 169
65 196
65 203
65 219
65 234
65 249
65 250
65 254
66 71
66 73
66 82
66 83
66 95
66 100
66 104
66 108
66 110
66 111
66 114
66 115
66 116
66 118
66 126
66 129
66 133
66 140
66 154
66 169
66 196
66 203
66 219
66 234
66 249
66 250
66 254
67 71
67 73
67 82
67 95
67 100
67 101
67 104
67 108
67 110
67 114
67 115
67 116
67 118
67 126
67 144
67 154
67 169
67 183
67 190
67 194
67 196
67 203
67 208
67 219
67 222
67 234
67 249
67 250
67 254
68 73
68 82
68 95
68 100
68 101
68 104
68 108
68 110
68 114
68 115
68 116
68 118
68 126
68 144
68 169
68 183
68 190
68 194
68 196
68 203
68 208
68 219
68 222
68 234
68 249
68 250
68 254
69 82
69 95
69 100
69 101
69 104
69 108
69 110
69 114
69 116
69 126
69 144
69 167
69 169
69 183
69 190
69 196
69 203
69 208
69 219
69 222
69 227
69 228
69 234
69 250
70 82
70 95
70 100
70 101
70 103
70 104
70 108
70 110
70 114
70 116
70 126
70 144
70 167
70 169
70 183
70 190
70 196
70 203
70 208
70 219
70 222
70 227
70 228
70 234
70 250
71 82
71 85
71 98
71 100
71 101
71 103
71 104
71 108
71 110
71 114
71 116
71 126
71 167
71 169
71 190
71 196
71 203
71 208
71 219
71 227
71 228
71 234
71 250
72 82
72 85
72 98
72 100
72 101
72 103
72 104
72 108
72 110
72 114
72 116
72 126
72 167
72 169
72 190
72 196
72 203
72 208
72 219
72 227
72 228
72 234
72 250
73 82
73 85
73 98
73 100
73 101
73 103
73 104
73 108
73 110
73 114
73 116
73 126
73 167
73 169
73 190
73 196
73 203
73 208
73 219
73 227
73 228
73 234
73 235
73 250
74 82
74 85
74 98
74 100
74 101
74 103
74 104
74 108
74 110
74 114
74 116
74 126
74 167
74 169
74 190
74 196
74 203
74 208
74 219
74 227
74 228
74 234
74 235
74 250
75 82
75 85
75 98
75 100
75 101
75 103
75 104
75 108
75 110
75 114
75 116
75 126
75 167
75 169
75 190
75 196
75 203
75 208
75 219
75 227
75 228
75 234
75 235
75 250
76 82
76 85
76 98
76 100
76 101
76 103
76 104
76 108
76 110
76 114
76 116
76 126
76 167
76 169
76 190
76 196
76 203
76 208
76 219
76 227
76 228
76 234
76 235
76 250
77 82
77 85
77 98
77 100
77 101
77 103
77 104
77 108
77 110
77 114
77 116
77 126
77 167
77 169
77 190
77 196
77 203
77 208
77 219
77 227
77 228
77 234
77 235
77 250
78 82
78 85
78 98
78 100
78 101
78 103
78 104
78 108
78 110
78 114
78 116
78 126
78 167
78 169
78 190
78 196
78 203
78 208
78 219
78 227
78 228
78 234
78 235
78 250
79 82
79 85
79 98
79 100
79 101
79 103
79 104
79 107
79 108
79 110
79 114
79 116
79 126
79 167
79 169
79 190
79 196
79 203
79 208
79 219
79 227
79 228
79 234
79 235
79 244
79 250
80 82
80 85
80 98
80 100
80 101
80 103
80 104
80 107
80 110
80 114
80 116
80 126
80 167
80 169
80 190
80 196
80 203
80 208
80 219
80 227
80 228
80 234
80 235
80 244
80 250
81 82
81 85
81 98
81 100
81 101
81 103
81 104
81 107
81 110
81 114
81 116
81 126
81 167
81 169
81 190
81 196
81 203
81 208
81 219
81 227
81 228
81 234
81 235
81 244
81 250
82 82
82 97
82 98
82 100
82 101
82 103
82 104
82 107
82 110
82 116
82 119
82 126
82 137
82 162
82 167
82 190
82 196
82 203
82 219
82 227
82 228
82 235
82 250
83 97
83 98
83 100
83 101
83 103
83 104
83 107
83 110
83 116
83 119
83 137
83 162
83 167
83 190
83 196
83 203
83 219
83 227
83 228
83 235
83 250
84 97
84 98
84 100
84 101
84 103
84 104
84 107
84 110
84 116
84 119
84 162
84 167
84 190
84 196
84 203
84 227
84 228
84 231
84 235
84 250
85 97
85 98
85 100
85 101
85 103
85 104
85 107
85 110
85 116
85 119
85 162
85 167
85 190
85 196
85 203
85 227
85 228
85 231
85 235
85 250
86 97
86 98
86 100
86 101
86 103
86 104
86 107
86 110
86 116
86 148
86 162
86 167
86 190
86 196
86 203
86 227
86 228
86 231
86 235
86 250
87 97
87 100
87 101
87 103
87 104
87 110
87 148
87 162
87 167
87 190
87 196
87 203
87 228
87 231
87 235
88 100
88 101
88 104
88 110
88 143
88 148
88 162
88 190
88 196
88 203
88 228
88 231
88 235
88 243
88 255
89 100
89 101
89 104
89 110
89 143
89 148
89 151
89 162
89 187
89 190
89 196
89 203
89 228
89 231
89 235
89 243
89 255
90 100
90 101
90 104
90 110
90 143
90 148
90 151
90 162
90 187
90 190
90 196
90 200
90 203
90 228
90 235
90 243
90 255
91 100
91 101
91 104
91 110
91 143
91 148
91 162
91 187
91 190
91 196
91 200
91 203
91 228
91 235
91 243
91 255
92 101
92 104
92 110
92 132
92 143
92 148
92 162
92 187
92 190
92 196
92 200
92 203
92 228
92 235
92 243
92 255
93 101
93 104
93 110
93 132
93 143
93 148
93 162
93 187
93 190
93 196
93 200
93 203
93 228
93 235
93 243
93 255
94 101
94 104
94 132
94 143
94 148
94 162
94 187
94 196
94 200
94 203
94 228
94 235
94 243
94 255
95 101
95 104
95 132
95 143
95 148
95 162
95 187
95 196
95 200
95 203
95 228
95 235
95 243
95 255
96 101
96 104
96 132
96 143
96 148
96 162
96 187
96 196
96 200
96 203
96 228
96 232
96 235
96 243
96 255
97 101
97 104
97 132
97 143
97 148
97 162
97 187
97 200
97 203
97 228
97 232
97 235
97 243
97 255
98 101
98 104
98 121
98 132
98 143
98 148
98 162
98 203
98 228
98 232
98 235
98 243
98 255
99 101
99 104
99 121
99 132
99 143
99 148
99 162
99 168
99 203
99 228
99 232
99 235
99 243
99 255
100 101
100 104
100 121
100 143
100 148
100 160
100 162
100 180
100 203
100 209
100 228
100 232
100 235
100 243
100 255
101 101
101 104
101 121
101 143
101 148
101 160
101 162
101 180
101 203
101 209
101 217
101 228
101 232
101 235
101 243
101 255
102 101
102 104
102 121
102 148
102 160
102 162
102 180
102 203
102 209
102 217
102 232
102 235
102 255
103 101
103 104
103 121
103 124
103 148
103 160
103 162
103 180
103 203
103 209
103 217
103 232
103 235
103 255
104 101
104 121
104 146
104 148
104 160
104 162
104 180
104 192
104 201
104 203
104 209
104 217
104 232
104 235
104 255
104 258
105 101
105 121
105 128
105 136
105 145
105 146
105 148
105 157
105 162
105 180
105 192
105 201
105 203
105 209
105 217
105 232
105 235
105 255
105 258
106 101
106 121
106 128
106 136
106 145
106 146
106 148
106 157
106 162
106 180
106 201
106 209
106 217
106 232
106 235
106 255
106 258
107 121
107 128
107 136
107 145
107 146
107 148
107 157
107 162
107 180
107 201
107 209
107 217
107 232
107 235
107 255
107 258
108 121
108 128
108 136
108 145
108 146
108 157
108 180
108 184
108 201
108 209
108 217
108 232
108 235
108 255
108 258
109 121
109 128
109 145
109 146
109 157
109 180
109 184
109 201
109 209
109 217
109 232
109 235
109 255
109 258
110 121
110 128
110 145
110 146
110 157
110 180
110 184
110 201
110 209
110 217
110 232
110 235
110 255
110 258
111 121
111 127
111 128
111 145
111 146
111 157
111 180
111 184
111 201
111 209
111 217
111 232
111 235
111 255
111 258
112 121
112 127
112 128
112 145
112 146
112 157
112 180
112 184
112 201
112 209
112 217
112 232
112 235
112 255
112 258
113 120
113 121
113 127
113 128
113 145
113 146
113 157
113 158
113 179
113 180
113 184
113 201
113 209
113 217
113 232
113 235
113 255
113 258
114 120
114 121
114 127
114 128
114 145
114 146
114 157
114 158
114 179
114 180
114 184
114 201
114 209
114 217
114 232
114 235
114 255
114 258
115 120
115 121
115 127
115 128
115 145
115 146
115 157
115 158
115 179
115 180
115 184
115 201
115 209
115 217
115 232
115 235
115 255
115 258
116 120
116 121
116 127
116 128
116 145
116 146
116 157
116 158
116 179
116 180
116 184
116 201
116 209
116 217
116 232
116 235
116 255
116 258
117 120
117 121
117 127
117 128
117 145
117 146
117 157
117 158
117 179
117 180
117 184
117 201
117 209
117 217
117 232
117 235
117 255
117 258
118 120
118 121
118 127
118 128
118 135
118 145
118 146
118 158
118 179
118 180
118 184
118 201
118 209
118 217
118 232
118 235
118 255
118 258
119 120
119 121
119 127
119 128
119 135
119 145
119 146
119 158
119 173
119 179
119 184
119 201
119 209
119 217
119 232
119 235
119 255
120 120
120 121
120 127
120 128
120 135
120 145
120 158
120 173
120 179
120 184
120 201
120 209
120 217
120 232
120 235
120 255
121 120
121 128
121 135
121 145
121 158
121 173
121 179
121 184
121 201
121 209
121 212
121 217
121 232
121 235
121 255
122 120
122 128
122 135
122 145
122 158
122 173
122 179
122 184
122 201
122 209
122 212
122 217
122 232
122 235
122 255
123 128
123 135
123 138
123 145
123 149
123 158
123 173
123 179
123 184
123 198
123 201
123 209
123 212
123 217
123 235
123 240
123 246
123 255
124 135
124 138
124 145
124 149
124 158
124 173
124 179
124 184
124 198
124 201
124 209
124 217
124 235
124 240
124 246
124 255
125 135
125 138
125 145
125 149
125 158
125 173
125 179
125 184
125 198
125 201
125 209
125 217
125 235
125 240
125 246
125 255
126 135
126 138
126 145
126 149
126 158
126 173
126 179
126 184
126 186
126 198
126 201
126 209
126 214
126 217
126 235
126 240
126 246
126 255
127 135
127 138
127 145
127 149
127 158
127 173
127 179
127 184
127 186
127 198
127 201
127 209
127 214
127 223
127 235
127 240
127 246
127 255
128 135
128 138
128 149
128 158
128 173
128 179
128 184
128 186
128 198
128 201
128 209
128 214
128 223
128 235
128 240
128 246
128 255
129 135
129 138
129 149
129 158
129 173
129 179
129 184
129 186
129 198
129 201
129 209
129 214
129 223
129 235
129 240
129 255
130 135
130 138
130 149
130 158
130 173
130 179
130 184
130 186
130 198
130 201
130 209
130 214
130 223
130 235
130 240
130 255
131 135
131 138
131 149
131 158
131 173
131 179
131 184
131 186
131 198
131 201
131 209
131 214
131 223
131 235
131 240
131 255
132 135
132 138
132 149
132 158
132 173
132 179
132 184
132 186
132 198
132 201
132 209
132 214
132 223
132 235
132 240
132 255
133 135
133 138
133 141
133 158
133 170
133 173
133 178
133 184
133 186
133 198
133 201
133 209
133 214
133 223
133 235
133 240
133 248
133 255
134 135
134 138
134 141
134 158
134 170
134 173
134 178
134 184
134 186
134 198
134 201
134 209
134 214
134 223
134 235
134 240
134 248
134 255
135 135
135 138
135 141
135 158
135 170
135 173
135 178
135 184
135 186
135 198
135 201
135 209
135 214
135 223
135 235
135 240
135 248
135 255
136 135
136 138
136 141
136 158
136 170
136 173
136 178
136 184
136 186
136 198
136 201
136 209
136 214
136 223
136 235
136 240
136 248
136 255
137 135
137 138
137 141
137 158
137 170
137 173
137 178
137 184
137 186
137 198
137 201
137 209
137 214
137 223
137 235
137 240
137 248
137 255
138 135
138 138
138 141
138 158
138 170
138 171
138 173
138 178
138 184
138 186
138 198
138 201
138 209
138 214
138 223
138 235
138 240
138 248
138 255
139 138
139 141
139 158
139 170
139 171
139 173
139 176
139 178
139 184
139 186
139 198
139 201
139 209
139 214
139 223
139 235
139 240
139 248
139 255
140 138
140 141
140 158
140 170
140 171
140 173
140 176
140 184
140 198
140 201
140 209
140 214
140 223
140 235
140 240
140 248
140 255
141 138
141 141
141 158
141 170
141 171
141 173
141 176
141 184
141 198
141 201
141 209
141 213
141 240
141 248
141 259
142 138
142 158
142 170
142 171
142 173
142 176
142 184
142 198
142 201
142 209
142 213
142 240
142 248
142 259
143 138
143 158
143 170
143 171
143 173
143 176
143 184
143 198
143 201
143 209
143 213
143 240
143 248
143 259
144 158
144 170
144 171
144 173
144 176
144 184
144 189
144 198
144 201
144 209
144 213
144 240
144 248
144 259
145 158
145 170
145 171
145 173
145 176
145 184
145 189
145 193
145 198
145 201
145 209
145 213
145 240
145 248
145 259
146 158
146 170
146 171
146 173
146 176
146 184
146 189
146 193
146 198
146 201
146 209
146 213
146 240
146 248
146 259
147 155
147 158
147 170
147 171
147 173
147 176
147 184
147 193
147 198
147 201
147 209
147 213
147 240
147 248
147 259
148 155
148 158
148 170
148 171
148 173
148 176
148 184
148 193
148 198
148 201
148 202
148 209
148 213
148 218
148 237
148 240
148 247
148 248
148 259
149 155
149 158
149 170
149 171
149 173
149 176
149 184
149 193
149 198
149 201
149 202
149 209
149 213
149 218
149 237
149 240
149 247
149 248
149 259
150 155
150 170
150 171
150 173
150 176
150 184
150 193
150 198
150 201
150 202
150 209
150 213
150 218
150 237
150 240
150 247
150 248
150 259
151 155
151 170
151 171
151 173
151 176
151 184
151 193
151 201
151 202
151 209
151 213
151 237
151 240
151 247
151 248
151 259
152 155
152 170
152 171
152 173
152 176
152 184
152 193
152 201
152 202
152 209
152 213
152 240
152 247
152 248
152 259
153 155
153 170
153 171
153 173
153 176
153 184
153 193
153 201
153 202
153 209
153 213
153 240
153 247
153 248
153 259
154 155
154 170
154 184
154 193
154 201
154 202
154 209
154 240
154 247
154 248
154 259
155 155
155 170
155 184
155 201
155 202
155 209
155 240
155 247
155 259
156 155
156 170
156 184
156 201
156 202
156 209
156 240
156 247
156 259
157 155
157 170
157 184
157 201
157 202
157 209
157 240
157 247
157 259
158 155
158 170
158 184
158 201
158 202
158 209
158 240
158 247
158 259
159 155
159 170
159 184
159 201
159 202
159 205
159 209
159 220
159 240
159 247
159 259
160 155
160 170
160 184
160 201
160 202
160 205
160 209
160 220
160 240
160 247
160 259
161 155
161 170
161 184
161 201
161 202
161 205
161 209
161 220
161 240
161 247
161 259
162 155
162 170
162 175
162 184
162 201
162 202
162 204
162 205
162 209
162 220
162 240
162 247
162 259
163 155
163 170
163 195
163 201
163 202
163 204
163 205
163 209
163 240
163 247
163 259
164 155
164 170
164 195
164 201
164 202
164 204
164 205
164 209
164 240
164 247
164 259
165 155
165 170
165 195
165 201
165 202
165 204
165 205
165 209
165 240
165 247
165 259
166 155
166 170
166 195
166 199
166 201
166 202
166 204
166 205
166 209
166 240
166 247
166 259
167 155
167 170
167 195
167 199
167 201
167 202
167 204
167 205
167 209
167 240
167 247
167 259
168 155
168 170
168 195
168 199
168 201
168 202
168 204
168 205
168 209
168 215
168 240
168 247
168 259
169 155
169 170
169 195
169 199
169 201
169 202
169 204
169 205
169 209
169 215
169 240
169 247
169 259
170 155
170 170
170 195
170 199
170 201
170 202
170 204
170 205
170 209
170 215
170 240
170 247
170 259
171 155
171 170
171 195
171 199
171 201
171 202
171 204
171 205
171 209
171 215
171 240
171 247
171 259
172 155
172 170
172 195
172 199
172 201
172 202
172 204
172 205
172 209
172 215
172 240
172 247
172 259
173 155
173 170
173 195
173 199
173 201
173 202
173 204
173 205
173 209
173 215
173 230
173 240
173 247
173 259
174 170
174 199
174 201
174 202
174 204
174 205
174 206
174 209
174 215
174 230
174 240
174 247
174 259
175 170
175 199
175 201
175 202
175 204
175 205
175 206
175 209
175 215
175 230
175 240
175 247
175 259
176 170
176 199
176 201
176 202
176 204
176 205
176 206
176 209
176 215
176 240
176 247
176 259
177 170
177 199
177 201
177 202
177 204
177 205
177 206
177 209
177 215
177 247
177 259
178 170
178 199
178 201
178 202
178 204
178 205
178 206
178 209
178 215
178 247
178 259
179 170
179 199
179 202
179 204
179 205
179 206
179 209
179 211
179 215
179 247
179 259
180 170
180 199
180 202
180 204
180 205
180 206
180 209
180 211
180 215
180 247
180 252
180 259
181 170
181 199
181 202
181 204
181 205
181 206
181 209
181 211
181 215
181 247
181 252
181 259
182 170
182 199
182 202
182 204
182 205
182 206
182 209
182 211
182 233
182 247
182 251
182 252
182 259
183 170
183 199
183 202
183 204
183 205
183 206
183 209
183 211
183 233
183 247
183 251
183 252
183 259
184 199
184 202
184 204
184 205
184 206
184 209
184 211
184 233
184 247
184 251
184 252
184 257
184 259
185 199
185 202
185 204
185 205
185 206
185 209
185 211
185 233
185 247
185 251
185 252
185 257
185 259
186 199
186 202
186 204
186 205
186 206
186 209
186 233
186 247
186 251
186 252
186 257
186 259
187 199
187 202
187 204
187 205
187 206
187 209
187 233
187 247
187 251
187 252
187 257
187 259
188 199
188 202
188 204
188 205
188 206
188 209
188 233
188 247
188 251
188 252
188 257
188 259
189 199
189 202
189 204
189 205
189 206
189 209
189 233
189 241
189 247
189 251
189 252
189 259
190 199
190 202
190 204
190 205
190 206
190 209
190 216
190 233
190 241
190 247
190 251
190 252
190 259
191 199
191 202
191 204
191 205
191 206
191 209
191 216
191 233
191 241
191 247
191 251
191 252
191 259
192 199
192 202
192 204
192 205
192 206
192 216
192 233
192 241
192 251
192 252
192 259
193 199
193 202
193 204
193 206
193 216
193 233
193 241
193 251
193 252
193 259
194 199
194 202
194 204
194 206
194 216
194 233
194 239
194 241
194 251
194 252
194 259
195 199
195 202
195 204
195 206
195 216
195 233
195 239
195 241
195 251
195 252
195 259
196 199
196 202
196 204
196 206
196 216
196 233
196 239
196 241
196 251
196 252
196 259
197 199
197 202
197 204
197 206
197 216
197 233
197 241
197 251
197 252
197 259
198 199
198 202
198 204
198 206
198 216
198 233
198 241
198 251
198 252
198 259
199 199
199 202
199 204
199 206
199 216
199 233
199 241
199 251
199 252
199 259
200 199
200 202
200 204
200 206
200 216
200 233
200 241
200 251
200 252
200 259
201 199
201 202
201 204
201 206
201 216
201 233
201 241
201 251
201 252
201 259
202 199
202 202
202 204
202 206
202 216
202 233
202 241
202 251
202 252
202 259
203 199
203 202
203 204
203 206
203 216
203 241
203 251
203 252
203 259
204 199
204 202
204 204
204 206
204 216
204 241
204 251
204 252
204 259
205 199
205 202
205 204
205 206
205 216
205 241
205 251
205 252
205 259
206 199
206 202
206 204
206 206
206 216
206 241
206 251
206 252
206 259
207 199
207 202
207 204
207 206
207 216
207 241
207 252
207 259
207 260
208 202
208 204
208 206
208 216
208 241
208 259
208 260
209 202
209 204
209 206
209 216
209 241
209 259
209 260
210 202
210 204
210 206
210 216
210 226
210 241
210 259
210 260
211 202
211 204
211 206
211 216
211 226
211 241
211 259
211 260
212 202
212 204
212 206
212 216
212 226
212 241
212 259
212 260
213 202
213 204
213 206
213 216
213 226
213 241
213 259
213 260
214 202
214 204
214 206
214 216
214 226
214 241
214 259
214 260
215 202
215 204
215 206
215 216
215 226
215 241
215 259
216 202
216 204
216 206
216 226
216 241
216 259
217 202
217 204
217 206
217 226
217 241
217 259
218 202
218 204
218 206
218 226
218 241
218 259
219 202
219 204
219 206
219 226
219 241
219 259
220 202
220 204
220 226
220 241
221 202
221 204
221 226
221 241
222 202
222 204
222 226
222 241
223 202
223 204
223 226
223 241
224 202
224 204
224 226
224 241
225 202
225 204
225 226
225 241
226 202
226 204
226 226
226 241
227 202
227 204
227 226
227 241
228 202
228 204
228 226
229 202
229 204
229 226
230 202
230 204
230 226
231 202
231 204
231 226
232 202
232 204
232 226
233 202
233 204
233 226
234 204
235 204
236 204
237 204
238 204
239 204
245 262
246 262
247 262
248 262
249 262
250 262
251 262
252 262
253 262
