0 3
0 11
0 24
0 31
0 74
0 228
1 10
1 24
1 31
1 74
1 228
2 10
2 24
2 27
2 31
2 74
2 228
3 5
3 8
3 12
3 27
3 31
3 74
3 164
3 228
4 12
4 16
4 19
4 27
4 74
4 164
4 228
4 232
5 7
5 16
5 21
5 27
5 74
5 164
5 228
5 232
6 16
6 21
6 27
6 74
6 164
6 228
6 232
7 21
7 26
7 27
7 41
7 74
7 117
7 119
7 164
7 228
7 232
7 257
8 14
8 21
8 26
8 41
8 74
8 117
8 119
8 164
8 228
8 232
8 257
9 41
9 113
9 117
9 119
9 164
9 228
9 232
9 256
9 257
10 17
10 41
10 42
10 113
10 117
10 119
10 164
10 228
10 232
10 256
10 257
11 17
11 41
11 42
11 113
11 117
11 119
11 164
11 232
11 256
11 257
12 18
12 36
12 41
12 42
12 58
12 113
12 117
12 164
12 232
12 256
12 257
13 18
13 36
13 41
13 42
13 58
13 85
13 113
13 117
13 164
13 232
13 256
13 257
14 18
14 36
14 41
14 42
14 58
14 85
14 113
14 117
14 164
14 232
14 256
14 257
15 18
15 36
15 41
15 42
15 58
15 85
15 113
15 117
15 164
15 232
15 256
15 257
16 18
16 36
16 41
16 42
16 58
16 85
16 113
16 117
16 164
16 232
16 256
16 257
17 18
17 36
17 41
17 42
17 58
17 85
17 113
17 117
17 164
17 232
17 256
17 257
18 18
18 23
18 36
18 38
18 58
18 113
18 117
18 164
18 232
18 256
19 22
19 36
19 38
19 58
19 71
19 97
19 113
19 117
19 120
19 164
19 232
19 256
20 22
20 29
20 32
20 36
20 38
20 54
20 58
20 71
20 97
20 104
20 113
20 117
20 120
20 164
20 197
20 232
20 256
21 29
21 32
21 36
21 38
21 54
21 58
21 71
21 97
21 104
21 113
21 117
21 120
21 164
21 197
21 232
21 256
22 29
22 36
22 38
22 40
22 49
22 54
22 58
22 71
22 97
22 104
22 117
22 120
22 164
22 197
22 232
22 256
23 36
23 40
23 51
23 54
23 78
23 82
23 84
23 97
23 104
23 120
23 124
23 141
23 150
23 164
23 213
23 232
23 256
24 30
24 34
24 35
24 36
24 40
24 51
24 56
24 78
24 82
24 84
24 97
24 104
24 120
24 124
24 141
24 150
24 164
24 213
24 232
24 256
25 30
25 34
25 35
25 36
25 40
25 51
25 56
25 78
25 82
25 84
25 97
25 104
25 120
25 124
25 141
25 150
25 164
25 213
25 232
25 256
26 30
26 34
26 35
26 36
26 40
26 51
26 56
26 78
26 80
26 82
26 84
26 97
26 104
26 120
26 124
26 141
26 164
26 232
26 256
27 35
27 36
27 40
27 56
27 78
27 80
27 82
27 84
27 97
27 104
27 120
27 124
27 147
27 164
27 203
27 232
27 254
27 256
28 35
28 36
28 40
28 56
28 66
28 78
28 80
28 82
28 84
28 89
28 97
28 104
28 120
28 124
28 147
28 164
28 203
28 232
28 254
28 256
29 36
29 43
29 48
29 50
29 56
29 63
29 66
29 78
29 80
29 82
29 84
29 97
29 104
29 120
29 124
29 130
29 139
29 147
29 164
29 165
29 199
29 203
29 254
29 256
30 39
30 48
30 50
30 59
30 63
30 66
30 80
30 82
30 84
30 97
30 102
30 104
30 130
30 139
30 147
30 164
30 165
30 184
30 199
30 203
30 220
30 227
30 254
30 256
31 39
31 48
31 50
31 63
31 66
31 69
31 82
31 84
31 93
31 97
31 104
31 109
31 139
31 145
31 147
31 164
31 165
31 184
31 192
31 199
31 203
31 220
31 227
31 254
31 256
31 259
31 262
32 39
32 50
32 63
32 66
32 76
32 82
32 84
32 93
32 97
32 104
32 109
32 145
32 147
32 163
32 164
32 165
32 184
32 192
32 199
32 203
32 220
32 227
32 254
32 256
32 259
32 262
33 37
33 46
33 47
33 50
33 63
33 66
33 75
33 76
33 82
33 84
33 93
33 97
33 104
33 109
33 145
33 146
33 164
33 165
33 184
33 192
33 199
33 203
33 220
33 222
33 227
33 254
33 256
33 259
33 262
34 37
34 45
34 46
34 47
34 63
34 66
34 75
34 82
34 84
34 93
34 97
34 104
34 109
34 145
34 146
34 164
34 165
34 184
34 199
34 203
34 220
34 222
34 227
34 234
34 243
34 254
34 256
34 258
34 259
34 262
35 46
35 47
35 66
35 75
35 82
35 84
35 93
35 97
35 104
35 109
35 145
35 146
35 164
35 165
35 176
35 184
35 199
35 203
35 220
35 222
35 234
35 243
35 254
35 256
35 258
35 259
35 262
36 46
36 75
36 82
36 84
36 91
36 97
36 104
36 145
36 146
36 164
36 165
36 176
36 184
36 185
36 194
36 199
36 203
36 220
36 222
36 234
36 243
36 254
36 256
36 258
36 259
36 262
37 75
37 82
37 91
37 97
37 104
37 111
37 145
37 146
37 164
37 165
37 176
37 184
37 185
37 194
37 199
37 203
37 220
37 222
37 234
37 243
37 254
37 256
37 258
37 259
37 262
38 75
38 82
38 91
38 97
38 104
38 111
38 145
38 146
38 164
38 165
38 176
38 184
38 185
38 194
38 199
38 203
38 220
38 222
38 234
38 243
38 254
38 256
38 258
38 259
38 262
39 75
39 82
39 91
39 104
39 111
39 145
39 146
39 151
39 164
39 165
39 176
39 184
39 185
39 194
39 199
39 203
39 220
39 222
39 234
39 243
39 254
39 256
39 258
39 259
39 262
40 75
40 82
40 91
40 104
40 111
40 126
40 145
40 146
40 151
40 164
40 165
40 176
40 185
40 194
40 199
40 203
40 222
40 231
40 234
40 243
40 254
40 256
40 258
40 259
40 262
41 65
41 75
41 82
41 91
41 100
41 104
41 111
41 122
41 126
41 145
41 146
41 151
41 164
41 165
41 176
41 185
41 194
41 199
41 231
41 234
41 243
41 254
41 256
41 258
41 259
41 262
42 65
42 75
42 82
42 100
42 104
42 111
42 122
42 126
42 145
42 146
42 151
42 164
42 165
42 176
42 180
42 185
42 194
42 199
42 231
42 234
42 243
42 254
42 256
42 258
42 259
42 262
43 65
43 73
43 75
43 82
43 100
43 104
43 111
43 122
43 126
43 145
43 151
43 164
43 165
43 176
43 180
43 185
43 194
43 199
43 209
43 225
43 231
43 234
43 243
43 254
43 256
43 258
43 259
43 262
44 55
44 65
44 73
44 75
44 100
44 104
44 111
44 122
44 126
44 135
44 145
44 151
44 164
44 165
44 176
44 180
44 185
44 194
44 199
44 209
44 225
44 231
44 234
44 254
44 256
44 258
44 262
45 55
45 65
45 73
45 75
45 100
45 104
45 111
45 122
45 126
45 135
45 143
45 145
45 151
45 164
45 165
45 176
45 180
45 185
45 194
45 199
45 209
45 225
45 231
45 234
45 254
45 256
45 258
45 262
46 55
46 65
46 73
46 75
46 100
46 101
46 104
46 111
46 122
46 126
46 135
46 143
46 145
46 151
46 164
46 165
46 176
46 180
46 185
46 194
46 199
46 209
46 225
46 231
46 234
46 254
46 256
46 258
46 262
47 55
47 65
47 73
47 88
47 100
47 101
47 104
47 108
47 111
47 122
47 135
47 143
47 145
47 151
47 164
47 165
47 176
47 180
47 185
47 194
47 199
47 206
47 209
47 225
47 231
47 234
47 254
47 256
47 258
47 261
47 262
48 55
48 65
48 73
48 86
48 88
48 100
48 101
48 104
48 108
48 111
48 122
48 135
48 143
48 145
48 151
48 164
48 165
48 176
48 180
48 185
48 194
48 199
48 206
48 209
48 225
48 231
48 234
48 254
48 256
48 258
48 261
48 262
49 53
49 55
49 65
49 73
49 77
49 86
49 88
49 95
49 100
49 101
49 104
49 108
49 111
49 122
49 135
49 143
49 145
49 151
49 164
49 176
49 180
49 185
49 194
49 199
49 206
49 209
49 225
49 231
49 234
49 239
49 254
49 256
49 258
49 261
49 262
50 52
50 53
50 55
50 65
50 73
50 77
50 86
50 88
50 98
50 100
50 104
50 108
50 111
50 122
50 135
50 143
50 145
50 151
50 176
50 180
50 185
50 194
50 199
50 206
50 209
50 225
50 231
50 234
50 239
50 254
50 256
50 258
50 261
50 262
51 52
51 53
51 55
51 65
51 73
51 77
51 86
51 88
51 98
51 100
51 104
51 111
51 122
51 135
51 143
51 145
51 151
51 171
51 176
51 180
51 185
51 194
51 199
51 206
51 209
51 225
51 231
51 234
51 239
51 254
51 256
51 258
51 261
51 262
52 55
52 60
52 73
52 77
52 87
52 88
52 98
52 106
52 111
52 122
52 127
52 134
52 135
52 145
52 151
52 171
52 176
52 180
52 185
52 194
52 206
52 209
52 231
52 239
52 254
52 256
52 258
52 261
52 262
53 60
53 64
53 73
53 77
53 87
53 88
53 96
53 98
53 106
53 111
53 122
53 127
53 134
53 135
53 145
53 151
53 171
53 180
53 185
53 194
53 206
53 209
53 231
53 239
53 254
53 256
53 258
53 261
53 262
54 60
54 64
54 73
54 77
54 87
54 88
54 96
54 106
54 111
54 122
54 127
54 134
54 135
54 151
54 171
54 180
54 185
54 194
54 206
54 209
54 239
54 254
54 256
54 258
54 261
54 262
55 60
55 62
55 70
55 73
55 77
55 87
55 96
55 106
55 111
55 114
55 127
55 132
55 134
55 135
55 138
55 151
55 171
55 180
55 183
55 185
55 194
55 206
55 209
55 239
55 254
55 256
55 258
55 261
55 262
56 60
56 70
56 73
56 77
56 87
56 96
56 106
56 111
56 114
56 127
56 132
56 134
56 135
56 138
56 151
56 171
56 180
56 183
56 185
56 194
56 206
56 209
56 239
56 254
56 256
56 258
56 261
56 262
57 60
57 73
57 77
57 96
57 106
57 111
57 114
57 127
57 132
57 134
57 135
57 138
57 151
57 180
57 183
57 185
57 194
57 206
57 209
57 239
57 254
57 256
57 258
57 261
58 73
58 77
58 96
58 106
58 111
58 114
58 127
58 134
58 135
58 138
58 151
58 180
58 183
58 185
58 193
58 194
58 206
58 209
58 239
58 254
58 256
58 258
58 261
59 73
59 77
59 96
59 106
59 111
59 114
59 127
59 134
59 135
59 138
59 151
59 180
59 183
59 185
59 193
59 194
59 206
59 207
59 209
59 239
59 254
59 256
59 258
59 261
60 73
60 77
60 81
60 96
60 106
60 111
60 114
60 127
60 134
60 135
60 138
60 151
60 180
60 183
60 185
60 193
60 194
60 206
60 207
60 209
60 239
60 241
60 254
60 256
60 258
60 261
61 73
61 77
61 81
61 92
61 96
61 106
61 114
61 127
61 134
61 135
61 138
61 151
61 180
61 183
61 185
61 193
61 194
61 206
61 207
61 209
61 239
61 241
61 254
61 256
61 258
61 261
62 68
62 73
62 77
62 81
62 92
62 96
62 106
62 110
62 114
62 127
62 134
62 135
62 138
62 151
62 180
62 183
62 185
62 193
62 194
62 206
62 209
62 239
62 241
62 254
62 256
62 258
62 261
63 68
63 73
63 77
63 79
63 81
63 106
63 110
63 114
63 116
63 127
63 134
63 135
63 151
63 180
63 183
63 185
63 193
63 194
63 206
63 209
63 239
63 241
63 254
63 256
63 258
63 261
64 68
64 73
64 77
64 79
64 81
64 106
64 110
64 114
64 116
64 127
64 134
64 135
64 151
64 180
64 183
64 185
64 193
64 194
64 206
64 209
64 239
64 241
64 254
64 256
64 258
64 261
65 68
65 73
65 77
65 79
65 103
65 110
65 127
65 134
65 135
65 151
65 153
65 161
65 179
65 180
65 185
65 194
65 206
65 209
65 217
65 239
65 241
65 254
65 256
65 258
65 261
66 68
66 73
66 77
66 79
66 110
66 127
66 134
66 135
66 151
66 161
66 180
66 185
66 206
66 209
66 217
66 239
66 241
66 254
66 256
66 258
66 261
67 68
67 73
67 77
67 79
67 110
67 127
67 134
67 135
67 151
67 161
67 180
67 185
67 202
67 206
67 209
67 217
67 239
67 241
67 254
67 256
67 258
67 261
68 73
68 77
68 79
68 110
68 127
68 135
68 161
68 180
68 185
68 202
68 206
68 209
68 217
68 239
68 241
68 254
68 256
68 258
68 261
69 73
69 77
69 79
69 94
69 110
69 127
69 135
69 136
69 161
69 180
69 185
69 202
69 206
69 209
69 217
69 239
69 241
69 254
69 256
69 258
69 261
70 73
70 79
70 94
70 110
70 127
70 135
70 136
70 180
70 185
70 202
70 206
70 209
70 217
70 239
70 241
70 254
70 256
70 258
70 261
71 73
71 79
71 94
71 110
71 127
71 135
71 136
71 180
71 185
71 202
71 206
71 209
71 217
71 239
71 241
71 254
71 256
71 258
72 73
72 79
72 94
72 110
72 127
72 135
72 136
72 180
72 185
72 202
72 206
72 209
72 217
72 239
72 241
72 254
72 256
72 258
73 73
73 79
73 94
73 110
73 127
73 135
73 136
73 180
73 185
73 202
73 206
73 209
73 217
73 239
73 241
73 254
73 256
73 258
74 73
74 79
74 90
74 94
74 110
74 121
74 127
74 135
74 136
74 180
74 185
74 206
74 209
74 217
74 239
74 241
74 254
74 256
74 258
75 73
75 90
75 94
75 110
75 121
75 127
75 135
75 136
75 180
75 185
75 206
75 209
75 217
75 239
75 241
75 254
75 256
75 258
76 73
76 94
76 121
76 135
76 136
76 152
76 169
76 180
76 185
76 206
76 209
76 217
76 241
76 254
76 256
76 258
77 73
77 94
77 121
77 135
77 136
77 152
77 169
77 180
77 185
77 206
77 209
77 217
77 241
77 254
77 256
77 258
78 73
78 94
78 121
78 135
78 136
78 152
78 169
78 180
78 185
78 206
78 209
78 217
78 241
78 254
78 256
78 258
79 73
79 94
79 121
79 135
79 136
79 152
79 169
79 180
79 185
79 206
79 209
79 217
79 241
79 254
79 256
79 258
80 73
80 94
80 121
80 135
80 136
80 152
80 169
80 180
80 185
80 206
80 209
80 217
80 241
80 254
80 256
80 258
81 73
81 94
81 121
81 135
81 136
81 152
81 169
81 180
81 185
81 206
81 209
81 217
81 241
81 254
81 256
81 258
82 73
82 94
82 121
82 129
82 135
82 136
82 152
82 169
82 180
82 185
82 206
82 209
82 217
82 241
82 254
82 256
82 258
83 73
83 94
83 121
83 129
83 135
83 136
83 152
83 169
83 180
83 185
83 206
83 209
83 217
83 241
83 254
83 256
83 258
84 94
84 99
84 121
84 129
84 135
84 136
84 140
84 152
84 160
84 169
84 180
84 185
84 206
84 209
84 217
84 241
84 254
84 256
84 258
85 94
85 99
85 121
85 129
85 135
85 136
85 140
85 152
85 160
85 169
85 180
85 185
85 206
85 209
85 217
85 241
85 254
85 256
85 258
86 94
86 99
86 121
86 129
86 135
86 136
86 140
86 152
86 160
86 169
86 180
86 206
86 209
86 217
86 241
86 254
86 256
86 258
87 94
87 99
87 121
87 129
87 135
87 136
87 140
87 152
87 160
87 169
87 180
87 206
87 209
87 217
87 241
87 254
87 256
87 258
88 94
88 99
88 121
88 129
88 135
88 136
88 140
88 152
88 160
88 169
88 180
88 206
88 209
88 217
88 241
88 254
88 256
88 258
89 129
89 135
89 136
89 140
89 152
89 160
89 169
89 180
89 206
89 209
89 217
89 241
89 254
89 256
90 135
90 136
90 140
90 152
90 160
90 169
90 180
90 206
90 217
90 241
90 254
90 256
91 135
91 136
91 140
91 144
91 152
91 160
91 169
91 180
91 206
91 217
91 241
91 254
91 256
92 135
92 136
92 140
92 144
92 152
92 160
92 169
92 180
92 206
92 210
92 217
92 241
92 254
92 256
93 118
93 136
93 140
93 152
93 160
93 169
93 180
93 196
93 206
93 210
93 217
93 241
93 254
93 256
94 118
94 136
94 140
94 152
94 160
94 169
94 180
94 186
94 196
94 206
94 210
94 217
94 241
94 254
94 256
95 118
95 136
95 140
95 152
95 160
95 169
95 180
95 186
95 196
95 206
95 210
95 217
95 241
95 254
95 256
96 105
96 118
96 136
96 140
96 152
96 160
96 180
96 186
96 196
96 206
96 210
96 217
96 241
96 250
96 254
96 256
97 105
97 118
97 136
97 140
97 152
97 160
97 180
97 186
97 196
97 206
97 210
97 217
97 241
97 248
97 250
97 254
97 256
98 118
98 136
98 152
98 160
98 180
98 186
98 196
98 206
98 217
98 241
98 248
98 250
98 254
98 256
99 118
99 136
99 152
99 160
99 180
99 186
99 196
99 206
99 217
99 241
99 248
99 250
99 254
99 256
100 118
100 133
100 136
100 152
100 160
100 180
100 186
100 196
100 206
100 217
100 241
100 248
100 250
100 254
100 256
101 107
101 115
101 118
101 133
101 152
101 160
101 162
101 180
101 186
101 187
101 196
101 206
101 217
101 241
101 248
101 250
101 254
101 256
102 107
102 115
102 118
102 133
102 152
102 160
102 162
102 180
102 186
102 187
102 196
102 206
102 217
102 241
102 248
102 250
102 254
102 256
103 107
103 115
103 118
103 133
103 152
103 160
103 162
103 180
103 186
103 187
103 196
103 206
103 217
103 241
103 248
103 250
103 254
103 256
104 107
104 115
104 133
104 152
104 160
104 162
104 180
104 186
104 187
104 196
104 206
104 217
104 218
104 236
104 241
104 248
104 250
104 254
104 256
105 107
105 115
105 133
105 152
105 160
105 182
105 186
105 187
105 196
105 206
105 217
105 218
105 236
105 245
105 248
105 250
105 254
105 256
106 107
106 115
106 131
106 133
106 152
106 160
106 182
106 186
106 196
106 206
106 217
106 236
106 245
106 248
106 254
106 256
107 107
107 115
107 131
107 133
107 152
107 160
107 182
107 186
107 196
107 206
107 217
107 236
107 245
107 248
107 254
107 256
108 107
108 115
108 131
108 133
108 152
108 160
108 182
108 186
108 196
108 206
108 217
108 236
108 245
108 248
108 254
108 256
109 107
109 115
109 131
109 133
109 152
109 160
109 182
109 186
109 196
109 206
109 217
109 236
109 245
109 248
109 254
109 256
110 107
110 115
110 131
110 133
110 152
110 160
110 182
110 186
110 206
110 217
110 236
110 245
110 248
110 254
110 256
111 107
111 115
111 125
111 131
111 152
111 156
111 160
111 182
111 186
111 206
111 217
111 236
111 248
111 254
111 256
112 107
112 115
112 125
112 131
112 152
112 156
112 160
112 182
112 186
112 206
112 217
112 236
112 248
112 254
112 256
113 107
113 115
113 125
113 131
113 148
113 156
113 182
113 186
113 206
113 217
113 236
113 248
113 254
113 256
114 107
114 115
114 131
114 148
114 156
114 182
114 186
114 190
114 206
114 217
114 236
114 248
114 254
114 256
115 115
115 131
115 148
115 156
115 182
115 186
115 190
115 206
115 217
115 236
115 248
115 254
115 256
116 115
116 131
116 148
116 156
116 182
116 186
116 190
116 206
116 217
116 236
116 248
116 254
116 256
117 115
117 131
117 137
117 148
117 156
117 158
117 182
117 186
117 190
117 206
117 217
117 236
117 248
117 254
117 256
118 123
118 131
118 137
118 148
118 156
118 158
118 182
118 186
118 190
118 206
118 217
118 236
118 248
118 254
118 256
119 123
119 131
119 137
119 148
119 156
119 158
119 174
119 182
119 186
119 190
119 206
119 217
119 236
119 248
119 254
119 256
120 123
120 131
120 137
120 148
120 156
120 158
120 174
120 182
120 186
120 190
120 217
120 236
120 248
120 254
120 256
121 131
121 137
121 148
121 156
121 158
121 174
121 182
121 186
121 190
121 217
121 236
121 248
121 249
121 254
121 256
122 131
122 137
122 148
122 156
122 158
122 174
122 182
122 186
122 190
122 217
122 236
122 248
122 249
122 254
122 256
123 131
123 137
123 148
123 149
123 182
123 186
123 190
123 217
123 236
123 248
123 249
123 254
124 131
124 137
124 148
124 149
124 182
124 190
124 217
124 236
124 248
124 249
124 254
125 131
125 137
125 148
125 149
125 182
125 190
125 217
125 236
125 248
125 249
125 254
126 131
126 148
126 149
126 182
126 190
126 217
126 236
126 248
126 249
126 254
127 131
127 148
127 149
127 182
127 190
127 217
127 236
127 248
127 249
127 254
128 131
128 148
128 149
128 182
128 190
128 217
128 236
128 248
128 249
128 254
129 131
129 148
129 149
129 182
129 190
129 217
129 236
129 248
129 249
129 254
130 131
130 148
130 149
130 159
130 182
130 190
130 217
130 236
130 248
130 249
130 254
131 131
131 148
131 149
131 159
131 182
131 190
131 217
131 236
131 248
131 249
131 254
132 131
132 148
132 149
132 159
132 182
132 190
132 217
132 236
132 248
132 249
132 254
133 131
133 148
133 149
133 159
133 182
133 190
133 217
133 236
133 248
133 249
133 254
134 131
134 148
134 149
134 159
134 182
134 190
134 217
134 236
134 248
134 249
134 254
135 131
135 148
135 159
135 182
135 190
135 217
135 236
135 248
135 249
135 254
136 131
136 148
136 167
136 177
136 181
136 182
136 189
136 190
136 195
136 216
136 217
136 236
136 248
136 249
136 254
137 131
137 148
137 167
137 177
137 181
137 182
137 189
137 190
137 195
137 216
137 217
137 236
137 248
137 249
137 254
138 131
138 148
138 167
138 172
138 177
138 181
138 182
138 189
138 190
138 195
138 216
138 217
138 236
138 248
138 249
138 254
139 148
139 167
139 172
139 177
139 181
139 182
139 189
139 190
139 195
139 216
139 217
139 236
139 248
139 249
139 254
140 148
140 167
140 172
140 177
140 181
140 182
140 189
140 190
140 195
140 216
140 217
140 236
140 248
140 249
140 254
141 167
141 172
141 177
141 181
141 182
141 189
141 190
141 195
141 200
141 216
141 217
141 236
141 248
141 249
141 254
142 154
142 167
142 172
142 177
142 181
142 182
142 190
142 195
142 200
142 216
142 217
142 236
142 248
142 249
143 154
143 167
143 172
143 177
143 181
143 182
143 190
143 195
143 200
143 216
143 217
143 236
143 248
143 249
144 154
144 167
144 172
144 177
144 181
144 182
144 190
144 195
144 200
144 216
144 217
144 236
144 248
144 249
145 154
145 167
145 172
145 177
145 178
145 181
145 182
145 190
145 195
145 200
145 216
145 217
145 236
145 249
146 154
146 167
146 172
146 177
146 178
146 181
146 182
146 190
146 195
146 200
146 217
146 236
146 249
147 154
147 167
147 172
147 177
147 178
147 181
147 182
147 190
147 195
147 200
147 217
147 236
147 249
148 154
148 167
148 172
148 177
148 178
148 181
148 182
148 190
148 195
148 200
148 217
148 236
148 249
149 154
149 167
149 172
149 175
149 177
149 178
149 181
149 190
149 195
149 200
149 217
149 236
149 249
150 154
150 155
150 157
150 166
150 167
150 172
150 175
150 177
150 178
150 181
150 190
150 195
150 200
150 217
150 236
150 249
151 154
151 155
151 157
151 166
151 167
151 172
151 175
151 177
151 178
151 181
151 190
151 195
151 200
151 217
151 235
151 236
151 249
152 154
152 155
152 157
152 166
152 172
152 175
152 177
152 178
152 181
152 190
152 195
152 200
152 217
152 235
152 236
152 249
153 154
153 155
153 157
153 166
153 172
153 175
153 177
153 178
153 181
153 190
153 195
153 200
153 217
153 235
153 236
153 249
154 154
154 155
154 157
154 166
154 170
154 172
154 175
154 177
154 178
154 181
154 190
154 217
154 235
154 249
155 154
155 155
155 157
155 166
155 170
155 172
155 175
155 177
155 178
155 181
155 190
155 217
155 229
155 235
155 249
156 154
156 155
156 157
156 166
156 170
156 172
156 175
156 177
156 178
156 181
156 190
156 217
156 229
156 235
156 249
157 154
157 155
157 157
157 166
157 170
157 172
157 175
157 177
157 178
157 181
157 190
157 217
157 229
157 235
157 249
158 154
158 155
158 157
158 166
158 170
158 172
158 175
158 177
158 178
158 181
158 190
158 217
158 229
158 235
158 237
158 249
158 252
159 154
159 155
159 157
159 166
159 170
159 172
159 175
159 177
159 178
159 181
159 190
159 217
159 229
159 235
159 237
159 249
159 252
160 154
160 155
160 157
160 166
160 170
160 172
160 175
160 177
160 178
160 181
160 190
160 217
160 229
160 235
160 237
160 249
160 252
161 154
161 155
161 157
161 166
161 170
161 172
161 175
161 177
161 178
161 181
161 188
161 190
161 217
161 229
161 235
161 237
161 249
161 252
162 154
162 155
162 166
162 170
162 175
162 177
162 178
162 181
162 188
162 190
162 229
162 235
162 237
162 249
162 252
163 154
163 155
163 166
163 170
163 175
163 177
163 178
163 181
163 188
163 190
163 229
163 235
163 237
163 249
163 252
164 154
164 166
164 175
164 177
164 178
164 188
164 190
164 205
164 229
164 235
164 237
164 249
164 252
165 166
165 175
165 177
165 178
165 188
165 190
165 205
165 212
165 214
165 229
165 235
165 237
165 249
166 166
166 175
166 177
166 178
166 188
166 190
166 205
166 212
166 214
166 229
166 235
166 237
166 249
167 166
167 173
167 175
167 177
167 178
167 188
167 190
167 201
167 205
167 214
167 221
167 229
167 230
167 235
167 237
167 249
168 166
168 173
168 175
168 177
168 178
168 188
168 201
168 205
168 214
168 219
168 221
168 230
168 235
168 237
168 249
169 166
169 173
169 175
169 177
169 178
169 188
169 201
169 205
169 214
169 219
169 221
169 230
169 235
169 237
169 249
170 166
170 173
170 175
170 177
170 178
170 188
170 201
170 205
170 214
170 219
170 221
170 230
170 235
170 237
171 166
171 173
171 175
171 188
171 205
171 214
171 219
171 230
171 235
171 237
172 166
172 173
172 175
172 188
172 205
172 214
172 215
172 219
172 230
172 235
172 237
173 166
173 173
173 175
173 205
173 214
173 215
173 219
173 230
173 235
173 237
174 166
174 173
174 175
174 205
174 214
174 215
174 219
174 230
174 235
174 237
175 166
175 173
175 175
175 205
175 214
175 215
175 219
175 223
175 230
175 235
175 237
176 166
176 173
176 205
176 214
176 215
176 219
176 223
176 230
176 235
176 237
177 173
177 205
177 208
177 214
177 215
177 219
177 223
177 230
177 235
177 237
177 238
178 173
178 205
178 208
178 214
178 215
178 219
178 223
178 230
178 235
178 237
178 238
179 173
179 205
179 208
179 214
179 215
179 219
179 223
179 230
179 235
179 237
179 238
180 173
180 191
180 205
180 208
180 214
180 215
180 219
180 223
180 230
180 235
180 237
180 238
181 173
181 191
181 205
181 208
181 214
181 215
181 219
181 223
181 230
181 235
181 237
181 238
182 173
182 191
182 205
182 208
182 214
182 215
182 219
182 223
182 230
182 235
182 237
182 238
183 191
183 205
183 208
183 214
183 215
183 219
183 223
183 230
183 235
183 237
183 238
184 191
184 205
184 208
184 214
184 215
184 219
184 223
184 230
184 235
184 237
184 238
184 251
185 191
185 198
185 205
185 208
185 214
185 215
185 219
185 230
185 235
185 238
185 251
186 191
186 198
186 205
186 208
186 214
186 215
186 219
186 230
186 235
186 238
186 251
187 191
187 198
187 205
187 208
187 215
187 219
187 230
187 235
187 238
187 251
188 191
188 198
188 205
188 208
188 215
188 219
188 230
188 235
188 238
188 251
189 191
189 198
189 205
189 208
189 211
189 215
189 219
189 230
189 235
189 238
189 251
190 191
190 198
190 205
190 208
190 211
190 215
190 219
190 230
190 235
190 238
190 251
191 191
191 198
191 205
191 208
191 211
191 215
191 219
191 230
191 233
191 235
191 238
191 251
192 191
192 198
192 205
192 208
192 211
192 215
192 219
192 230
192 233
192 235
192 238
192 251
193 191
193 205
193 208
193 211
193 215
193 219
193 230
193 233
193 238
193 251
194 191
194 205
194 208
194 211
194 219
194 230
194 233
194 238
194 251
194 255
195 205
195 208
195 211
195 219
195 230
195 233
195 238
195 251
195 255
196 205
196 208
196 211
196 219
196 230
196 233
196 238
196 251
196 255
197 205
197 208
197 211
197 219
197 230
197 233
197 238
197 251
197 255
198 205
198 208
198 211
198 219
198 230
198 233
198 251
198 255
199 205
199 208
199 211
199 219
199 224
199 230
199 233
199 251
199 255
199 260
200 205
200 208
200 211
200 219
200 224
200 230
200 233
200 251
200 255
200 260
201 205
201 208
201 219
201 224
201 230
201 233
201 251
201 255
201 260
202 205
202 208
202 219
202 224
202 230
202 233
202 251
202 255
202 260
203 205
203 208
203 219
203 224
203 230
203 233
203 251
203 255
203 260
204 205
204 208
204 219
204 224
204 230
204 233
204 251
204 255
204 260
205 205
205 208
205 219
205 224
205 230
205 233
205 251
205 255
205 260
206 205
206 208
206 219
206 224
206 230
206 233
206 251
206 255
206 260
207 205
207 208
207 219
207 224
207 230
207 233
207 251
207 255
207 260
208 205
208 208
208 219
208 224
208 230
208 233
208 251
208 255
208 260
209 205
209 208
209 219
209 224
209 226
209 230
209 233
209 251
209 255
209 260
210 205
210 208
210 219
210 224
210 226
210 230
210 233
210 251
210 255
210 260
211 205
211 208
211 219
211 224
211 226
211 230
211 233
211 251
211 255
211 260
212 205
212 208
212 219
212 224
212 226
212 230
212 242
212 251
212 255
212 260
213 205
213 208
213 219
213 224
213 226
213 230
213 242
213 247
213 251
213 255
213 260
214 205
214 208
214 219
214 224
214 226
214 230
214 242
214 251
214 255
214 260
215 205
215 208
215 219
215 224
215 226
215 230
215 242
215 251
215 255
215 260
216 205
216 208
216 219
216 224
216 226
216 230
216 242
216 251
216 255
216 260
217 205
217 208
217 219
217 224
217 226
217 230
217 242
217 251
217 255
217 260
218 205
218 208
218 219
218 224
218 230
218 242
218 251
218 255
218 260
219 205
219 208
219 219
219 224
219 230
219 242
219 251
219 255
219 260
220 205
220 208
220 219
220 224
220 242
220 251
220 255
220 260
221 205
221 208
221 219
221 224
221 242
221 251
221 255
221 260
222 205
222 208
222 219
222 224
222 242
222 251
222 255
222 260
223 205
223 208
223 219
223 224
223 242
223 251
223 255
223 260
224 205
224 208
224 219
224 224
224 242
224 251
224 255
224 260
225 205
225 208
225 219
225 224
225 242
225 251
225 255
225 260
226 205
226 208
226 219
226 224
226 242
226 251
226 255
226 260
227 205
227 208
227 219
227 224
227 242
227 251
227 255
227 260
228 205
228 208
228 219
228 224
228 242
228 244
228 251
228 255
228 260
229 205
229 208
229 219
229 224
229 242
229 244
229 251
229 255
229 260
230 205
230 208
230 219
230 224
230 242
230 244
230 251
230 255
230 260
231 205
231 208
231 219
231 224
231 242
231 244
231 251
231 255
231 260
232 205
232 208
232 219
232 224
232 242
232 244
232 251
232 253
232 255
232 260
233 205
233 219
233 224
233 242
233 244
233 251
233 253
233 255
233 260
234 205
234 219
234 224
234 242
234 244
234 251
234 253
234 255
234 260
235 205
235 219
235 224
235 240
235 242
235 244
235 251
235 253
235 255
235 260
236 219
236 224
236 240
236 242
236 244
236 246
236 251
236 253
236 255
237 219
237 224
237 240
237 242
237 244
237 246
237 251
237 253
237 255
238 219
238 224
238 240
238 242
238 244
238 246
238 251
238 253
238 255
239 219
239 224
239 240
239 242
239 244
239 246
239 251
239 253
239 255
240 219
240 240
240 242
240 253
240 255
241 219
241 240
241 242
241 253
241 255
242 219
242 240
242 242
242 253
242 255
243 219
243 240
243 253
243 255
244 219
244 240
244 253
244 255
245 219
245 240
245 253
245 255
246 219
246 240
246 253
246 255
247 219
247 240
247 253
247 255
248 219
248 240
248 253
248 255
249 219
249 240
249 253
249 255
250 219
250 240
250 253
250 255
251 219
251 240
251 253
251 255
252 219
252 240
252 253
252 255
253 219
253 240
253 253
253 255
254 219
254 240
254 253
254 255
255 253
255 255
256 253
256 255
257 253
257 255
258 253
258 255
259 253
259 255
260 253
260 255
261 253
261 255
262 253
262 255
