0 1
0 3
1 3
2 11
2 14
2 23
2 26
2 27
2 44
2 57
2 64
2 122
2 131
2 146
2 152
2 252
3 14
3 15
3 26
3 27
3 39
3 44
3 57
3 64
3 67
3 105
3 122
3 126
3 131
3 146
3 152
3 158
3 252
4 15
4 27
4 36
4 39
4 40
4 44
4 50
4 64
4 67
4 93
4 105
4 122
4 126
4 131
4 146
4 152
4 158
4 252
5 15
5 27
5 36
5 39
5 40
5 44
5 50
5 64
5 67
5 93
5 105
5 122
5 126
5 131
5 146
5 152
5 158
5 252
6 12
6 15
6 21
6 24
6 27
6 36
6 44
6 52
6 55
6 64
6 67
6 93
6 105
6 126
6 131
6 146
6 152
6 158
6 252
7 12
7 13
7 27
7 36
7 44
7 52
7 67
7 81
7 105
7 126
7 131
7 146
7 152
7 158
7 183
7 252
8 12
8 13
8 36
8 44
8 67
8 74
8 81
8 105
8 126
8 131
8 146
8 152
8 158
8 183
8 252
9 10
9 18
9 36
9 59
9 67
9 83
9 105
9 126
9 131
9 146
9 152
9 158
9 183
9 252
10 18
10 36
10 59
10 67
10 105
10 116
10 126
10 131
10 134
10 146
10 152
10 158
10 172
10 183
10 200
10 252
10 253
10 260
11 18
11 67
11 94
11 116
11 119
11 126
11 131
11 134
11 139
11 146
11 152
11 158
11 172
11 183
11 252
11 253
11 260
12 18
12 19
12 33
12 67
12 94
12 116
12 119
12 126
12 131
12 133
12 134
12 139
12 146
12 152
12 158
12 183
12 252
12 253
12 260
13 18
13 19
13 33
13 67
13 94
13 116
13 119
13 126
13 131
13 133
13 134
13 139
13 146
13 152
13 158
13 183
13 197
13 252
13 253
13 260
14 18
14 19
14 33
14 67
14 94
14 116
14 118
14 119
14 131
14 133
14 134
14 139
14 146
14 152
14 158
14 183
14 197
14 252
14 253
14 260
15 18
15 19
15 28
15 33
15 67
15 86
15 94
15 100
15 116
15 118
15 119
15 131
15 133
15 134
15 139
15 146
15 152
15 158
15 183
15 197
15 253
15 260
16 18
16 19
16 28
16 33
16 67
16 86
16 94
16 100
16 116
16 118
16 131
16 133
16 134
16 139
16 146
16 152
16 158
16 183
16 197
16 253
16 260
17 20
17 28
17 29
17 33
17 62
17 86
17 92
17 94
17 100
17 116
17 118
17 131
17 134
17 146
17 152
17 182
17 183
17 197
17 253
17 260
18 20
18 28
18 29
18 33
18 38
18 48
18 62
18 63
18 86
18 87
18 92
18 94
18 100
18 116
18 118
18 131
18 134
18 146
18 152
18 182
18 183
18 197
18 260
19 20
19 28
19 29
19 33
19 38
19 48
19 62
19 63
19 86
19 87
19 92
19 94
19 100
19 116
19 118
19 131
19 134
19 146
19 152
19 182
19 183
19 197
19 260
20 20
20 28
20 29
20 33
20 38
20 48
20 62
20 86
20 87
20 92
20 94
20 95
20 100
20 116
20 118
20 131
20 134
20 146
20 152
20 182
20 197
20 260
21 20
21 28
21 29
21 33
21 38
21 48
21 62
21 86
21 87
21 92
21 94
21 95
21 100
21 116
21 118
21 131
21 134
21 146
21 152
21 182
21 197
21 260
22 28
22 29
22 38
22 41
22 42
22 45
22 48
22 62
22 86
22 87
22 94
22 95
22 116
22 118
22 131
22 132
22 134
22 140
22 146
22 152
22 182
22 197
22 260
23 28
23 29
23 41
23 42
23 45
23 48
23 62
23 71
23 86
23 87
23 94
23 95
23 116
23 118
23 131
23 132
23 140
23 146
23 152
23 182
23 197
23 234
23 260
24 28
24 29
24 41
24 42
24 45
24 48
24 71
24 86
24 87
24 94
24 95
24 106
24 116
24 118
24 132
24 140
24 146
24 152
24 182
24 197
24 203
24 234
24 260
25 28
25 29
25 41
25 42
25 45
25 48
25 71
25 86
25 95
25 106
25 116
25 118
25 132
25 140
25 146
25 152
25 182
25 197
25 203
25 234
25 260
26 29
26 30
26 34
26 41
26 42
26 45
26 48
26 71
26 86
26 95
26 106
26 109
26 116
26 118
26 121
26 132
26 140
26 146
26 152
26 182
26 194
26 197
26 203
26 234
26 260
27 41
27 42
27 48
27 54
27 71
27 79
27 86
27 95
27 109
27 116
27 118
27 121
27 132
27 138
27 140
27 146
27 152
27 182
27 194
27 197
27 203
27 234
28 41
28 42
28 54
28 71
28 79
28 86
28 95
28 109
28 116
28 118
28 121
28 132
28 138
28 140
28 146
28 152
28 182
28 194
28 197
28 203
28 234
29 42
29 43
29 51
29 79
29 82
29 86
29 95
29 109
29 116
29 121
29 132
29 138
29 140
29 146
29 152
29 182
29 194
29 197
29 203
30 42
30 43
30 51
30 56
30 66
30 76
30 79
30 82
30 86
30 95
30 109
30 110
30 116
30 121
30 132
30 136
30 140
30 146
30 152
30 182
30 194
30 197
30 203
30 231
30 243
31 35
31 46
31 51
31 58
31 66
31 76
31 79
31 82
31 86
31 95
31 109
31 110
31 111
31 116
31 121
31 132
31 136
31 140
31 146
31 150
31 152
31 166
31 182
31 186
31 194
31 197
31 203
31 222
31 231
32 35
32 46
32 51
32 58
32 66
32 79
32 82
32 86
32 95
32 109
32 110
32 111
32 116
32 121
32 132
32 136
32 140
32 146
32 150
32 152
32 166
32 182
32 186
32 194
32 197
32 203
32 222
32 231
33 35
33 46
33 51
33 58
33 66
33 79
33 82
33 86
33 95
33 109
33 110
33 111
33 116
33 121
33 132
33 136
33 140
33 146
33 150
33 152
33 166
33 182
33 186
33 194
33 197
33 203
33 222
33 231
34 51
34 58
34 66
34 69
34 79
34 82
34 86
34 95
34 109
34 110
34 111
34 121
34 132
34 136
34 140
34 146
34 150
34 152
34 166
34 182
34 185
34 186
34 194
34 197
34 203
34 222
34 231
35 58
35 66
35 69
35 80
35 82
35 86
35 89
35 95
35 109
35 110
35 111
35 117
35 121
35 136
35 140
35 146
35 150
35 152
35 166
35 182
35 185
35 194
35 203
35 222
35 231
36 58
36 66
36 69
36 80
36 82
36 86
36 89
36 109
36 110
36 111
36 117
36 121
36 136
36 140
36 146
36 150
36 152
36 166
36 182
36 185
36 194
36 203
36 222
36 231
37 58
37 66
37 69
37 80
37 82
37 86
37 89
37 107
37 109
37 110
37 111
37 117
37 121
37 136
37 140
37 146
37 150
37 152
37 166
37 182
37 185
37 194
37 203
37 222
37 231
37 259
38 49
38 58
38 66
38 69
38 73
38 75
38 80
38 86
38 89
38 97
38 98
38 104
38 107
38 109
38 110
38 111
38 117
38 121
38 140
38 146
38 150
38 152
38 166
38 185
38 194
38 203
38 207
38 222
38 231
38 259
39 49
39 66
39 69
39 73
39 75
39 80
39 86
39 89
39 97
39 98
39 104
39 107
39 109
39 110
39 111
39 117
39 140
39 146
39 152
39 166
39 185
39 194
39 203
39 207
39 222
39 231
39 241
39 259
40 49
40 66
40 69
40 72
40 73
40 75
40 80
40 86
40 89
40 97
40 98
40 104
40 107
40 109
40 110
40 111
40 117
40 140
40 146
40 152
40 166
40 185
40 194
40 203
40 207
40 222
40 231
40 241
40 259
41 66
41 69
41 72
41 73
41 75
41 80
41 86
41 89
41 97
41 98
41 104
41 107
41 109
41 110
41 111
41 117
41 140
41 146
41 152
41 166
41 185
41 194
41 203
41 207
41 222
41 231
41 241
41 259
42 66
42 69
42 72
42 73
42 75
42 80
42 86
42 89
42 97
42 98
42 104
42 107
42 109
42 110
42 111
42 117
42 140
42 146
42 152
42 166
42 185
42 194
42 203
42 207
42 222
42 231
42 241
42 259
43 66
43 69
43 72
43 73
43 75
43 80
43 86
43 89
43 97
43 98
43 104
43 107
43 109
43 111
43 114
43 117
43 140
43 146
43 152
43 166
43 185
43 194
43 203
43 207
43 222
43 231
43 241
43 259
44 47
44 66
44 68
44 69
44 72
44 73
44 75
44 80
44 86
44 89
44 97
44 98
44 104
44 109
44 111
44 114
44 117
44 140
44 146
44 152
44 166
44 185
44 194
44 203
44 207
44 210
44 222
44 231
44 241
44 259
45 47
45 66
45 68
45 69
45 72
45 73
45 75
45 80
45 86
45 89
45 97
45 98
45 104
45 109
45 111
45 114
45 115
45 117
45 140
45 146
45 152
45 166
45 185
45 194
45 203
45 207
45 210
45 222
45 231
45 241
45 259
46 66
46 68
46 69
46 72
46 73
46 75
46 80
46 86
46 89
46 97
46 98
46 104
46 111
46 114
46 115
46 117
46 140
46 146
46 152
46 166
46 194
46 203
46 207
46 210
46 222
46 231
46 241
46 259
47 66
47 68
47 69
47 72
47 73
47 80
47 86
47 89
47 97
47 98
47 104
47 111
47 114
47 115
47 117
47 140
47 146
47 152
47 166
47 194
47 203
47 207
47 210
47 222
47 231
47 241
47 259
48 66
48 68
48 69
48 72
48 73
48 80
48 86
48 89
48 97
48 98
48 104
48 111
48 114
48 115
48 117
48 140
48 146
48 152
48 166
48 194
48 203
48 207
48 210
48 222
48 231
48 241
48 259
49 66
49 68
49 69
49 72
49 73
49 80
49 86
49 89
49 97
49 98
49 104
49 111
49 112
49 114
49 115
49 117
49 140
49 146
49 152
49 166
49 187
49 194
49 203
49 207
49 209
49 210
49 222
49 224
49 231
49 241
49 259
50 68
50 69
50 72
50 73
50 80
50 86
50 89
50 97
50 98
50 104
50 111
50 112
50 114
50 115
50 117
50 140
50 146
50 152
50 166
50 187
50 194
50 199
50 201
50 203
50 206
50 207
50 210
50 222
50 224
50 231
50 241
50 259
51 68
51 69
51 72
51 73
51 80
51 86
51 89
51 97
51 98
51 104
51 111
51 112
51 114
51 115
51 117
51 120
51 140
51 146
51 152
51 159
51 166
51 187
51 194
51 199
51 201
51 203
51 206
51 207
51 210
51 224
51 231
51 241
51 259
52 69
52 72
52 77
52 80
52 86
52 91
52 97
52 98
52 104
52 111
52 112
52 114
52 115
52 117
52 120
52 140
52 146
52 152
52 159
52 166
52 187
52 194
52 199
52 201
52 203
52 206
52 207
52 210
52 224
52 231
52 241
52 259
53 69
53 72
53 77
53 80
53 86
53 91
53 97
53 98
53 104
53 111
53 112
53 114
53 115
53 117
53 120
53 140
53 146
53 152
53 159
53 166
53 187
53 194
53 199
53 201
53 203
53 206
53 207
53 210
53 224
53 231
53 241
53 259
54 61
54 77
54 80
54 86
54 91
54 97
54 98
54 104
54 111
54 112
54 114
54 117
54 120
54 140
54 146
54 152
54 159
54 166
54 187
54 194
54 199
54 201
54 203
54 206
54 207
54 210
54 224
54 241
54 259
55 61
55 77
55 80
55 86
55 91
55 98
55 104
55 111
55 112
55 114
55 117
55 120
55 140
55 146
55 148
55 152
55 159
55 166
55 187
55 194
55 199
55 203
55 206
55 207
55 210
55 224
55 241
55 259
56 61
56 77
56 80
56 86
56 91
56 98
56 104
56 111
56 112
56 114
56 117
56 120
56 140
56 146
56 148
56 152
56 159
56 166
56 187
56 194
56 199
56 203
56 206
56 207
56 210
56 224
56 241
56 259
57 65
57 77
57 86
57 91
57 98
57 104
57 111
57 112
57 114
57 117
57 120
57 146
57 148
57 152
57 159
57 166
57 187
57 194
57 199
57 203
57 206
57 207
57 210
57 224
57 241
57 259
58 65
58 77
58 86
58 91
58 98
58 104
58 111
58 112
58 114
58 117
58 120
58 125
58 146
58 148
58 152
58 159
58 166
58 187
58 194
58 199
58 203
58 206
58 207
58 210
58 224
58 241
58 259
59 77
59 91
59 98
59 104
59 111
59 112
59 114
59 117
59 120
59 125
59 135
59 146
59 148
59 152
59 166
59 175
59 187
59 191
59 194
59 199
59 203
59 206
59 207
59 210
59 220
59 224
59 241
59 259
60 77
60 91
60 98
60 104
60 111
60 112
60 114
60 117
60 120
60 125
60 135
60 146
60 148
60 152
60 166
60 175
60 187
60 191
60 194
60 199
60 203
60 206
60 207
60 210
60 220
60 224
60 241
60 259
61 77
61 98
61 102
61 104
61 111
61 112
61 114
61 117
61 120
61 125
61 135
61 146
61 148
61 152
61 166
61 175
61 187
61 191
61 194
61 199
61 203
61 206
61 207
61 210
61 220
61 241
61 259
62 77
62 98
62 102
62 104
62 111
62 112
62 114
62 117
62 120
62 125
62 135
62 148
62 152
62 155
62 166
62 175
62 187
62 191
62 194
62 199
62 203
62 207
62 210
62 220
62 241
62 259
63 77
63 78
63 84
63 98
63 102
63 104
63 111
63 112
63 114
63 117
63 120
63 125
63 135
63 148
63 151
63 162
63 166
63 175
63 180
63 187
63 194
63 199
63 203
63 207
63 210
63 241
63 259
64 77
64 78
64 84
64 98
64 102
64 104
64 111
64 112
64 114
64 117
64 120
64 125
64 135
64 148
64 151
64 162
64 166
64 175
64 180
64 187
64 194
64 199
64 203
64 207
64 210
64 241
64 259
65 77
65 78
65 98
65 104
65 112
65 114
65 117
65 120
65 125
65 135
65 148
65 151
65 162
65 166
65 175
65 180
65 187
65 194
65 199
65 203
65 204
65 207
65 210
65 241
65 259
66 77
66 78
66 98
66 104
66 112
66 114
66 117
66 120
66 125
66 135
66 148
66 151
66 162
66 166
66 175
66 180
66 187
66 194
66 199
66 203
66 204
66 207
66 210
66 241
66 259
67 77
67 78
67 96
67 98
67 104
67 112
67 114
67 117
67 120
67 125
67 135
67 148
67 151
67 162
67 166
67 175
67 180
67 187
67 194
67 199
67 203
67 204
67 207
67 210
67 241
67 259
68 77
68 78
68 96
68 98
68 104
68 112
68 117
68 120
68 125
68 135
68 148
68 151
68 153
68 162
68 166
68 175
68 180
68 187
68 194
68 199
68 203
68 204
68 207
68 210
68 241
68 259
69 77
69 78
69 96
69 98
69 104
69 112
69 117
69 120
69 125
69 135
69 148
69 151
69 153
69 162
69 166
69 175
69 180
69 187
69 194
69 199
69 203
69 204
69 207
69 210
69 241
69 259
70 77
70 78
70 96
70 98
70 104
70 112
70 117
70 120
70 125
70 135
70 148
70 151
70 153
70 162
70 166
70 175
70 180
70 187
70 194
70 199
70 203
70 204
70 207
70 210
70 241
70 259
71 77
71 78
71 96
71 98
71 104
71 112
71 117
71 125
71 135
71 148
71 151
71 162
71 166
71 175
71 180
71 187
71 194
71 199
71 203
71 204
71 207
71 210
71 241
71 255
71 259
72 77
72 78
72 96
72 98
72 104
72 112
72 117
72 125
72 135
72 148
72 151
72 162
72 166
72 175
72 180
72 187
72 194
72 199
72 203
72 204
72 207
72 210
72 241
72 255
72 259
73 78
73 96
73 98
73 104
73 112
73 117
73 125
73 135
73 148
73 151
73 162
73 166
73 175
73 180
73 187
73 194
73 203
73 204
73 207
73 210
73 241
73 255
73 259
74 78
74 96
74 98
74 104
74 112
74 117
74 125
74 135
74 148
74 151
74 162
74 166
74 175
74 180
74 187
74 194
74 203
74 204
74 207
74 210
74 212
74 241
74 255
74 259
75 78
75 90
75 98
75 99
75 104
75 112
75 117
75 125
75 135
75 145
75 148
75 151
75 157
75 166
75 175
75 180
75 187
75 194
75 203
75 204
75 207
75 210
75 212
75 215
75 216
75 237
75 241
75 255
75 259
76 78
76 90
76 98
76 104
76 112
76 117
76 125
76 135
76 145
76 151
76 157
76 166
76 175
76 180
76 187
76 194
76 203
76 204
76 207
76 210
76 212
76 215
76 216
76 237
76 241
76 255
76 259
77 78
77 90
77 98
77 104
77 112
77 117
77 125
77 135
77 145
77 151
77 157
77 175
77 180
77 187
77 194
77 203
77 204
77 207
77 210
77 212
77 215
77 216
77 237
77 241
77 255
77 259
78 78
78 90
78 98
78 104
78 112
78 117
78 125
78 135
78 145
78 151
78 157
78 180
78 187
78 194
78 203
78 204
78 207
78 210
78 212
78 215
78 216
78 237
78 241
78 255
78 259
79 78
79 90
79 98
79 104
79 112
79 117
79 125
79 135
79 145
79 151
79 157
79 180
79 187
79 194
79 203
79 204
79 207
79 210
79 212
79 215
79 216
79 237
79 241
79 255
79 259
80 78
80 90
80 98
80 112
80 117
80 125
80 135
80 145
80 151
80 157
80 180
80 187
80 194
80 203
80 204
80 207
80 210
80 212
80 215
80 216
80 237
80 241
80 255
80 259
81 78
81 90
81 98
81 112
81 117
81 125
81 135
81 145
81 151
81 157
81 180
81 187
81 194
81 203
81 204
81 207
81 210
81 212
81 215
81 216
81 236
81 237
81 241
81 255
81 259
82 78
82 90
82 112
82 117
82 125
82 128
82 135
82 144
82 151
82 157
82 180
82 181
82 187
82 194
82 203
82 204
82 207
82 210
82 212
82 214
82 215
82 216
82 225
82 236
82 241
82 255
82 259
83 78
83 90
83 112
83 117
83 125
83 128
83 135
83 144
83 151
83 157
83 180
83 181
83 187
83 194
83 203
83 204
83 207
83 210
83 212
83 214
83 215
83 216
83 225
83 236
83 241
83 259
84 78
84 90
84 112
84 117
84 128
84 135
84 144
84 151
84 157
84 180
84 181
84 194
84 203
84 204
84 207
84 210
84 212
84 214
84 215
84 216
84 225
84 236
84 241
85 78
85 90
85 112
85 117
85 128
85 135
85 144
85 151
85 157
85 180
85 181
85 194
85 203
85 204
85 207
85 210
85 212
85 214
85 215
85 216
85 225
85 236
85 241
86 78
86 101
86 112
86 128
86 135
86 144
86 151
86 157
86 180
86 181
86 194
86 203
86 204
86 207
86 210
86 212
86 214
86 215
86 216
86 225
86 236
86 241
87 78
87 101
87 112
87 128
87 135
87 144
87 151
87 157
87 180
87 181
87 194
87 203
87 204
87 207
87 210
87 212
87 214
87 215
87 216
87 225
87 236
87 241
88 101
88 112
88 128
88 135
88 144
88 151
88 157
88 178
88 180
88 181
88 194
88 203
88 204
88 207
88 210
88 212
88 214
88 215
88 225
88 236
88 241
89 101
89 112
89 123
89 128
89 135
89 144
89 151
89 157
89 178
89 180
89 181
89 194
89 203
89 204
89 207
89 210
89 212
89 214
89 215
89 225
89 236
89 241
90 101
90 103
90 112
90 123
90 127
90 128
90 135
90 144
90 151
90 157
90 178
90 180
90 181
90 194
90 203
90 204
90 207
90 210
90 212
90 214
90 215
90 225
90 236
90 241
91 101
91 103
91 112
91 123
91 124
91 127
91 128
91 135
91 144
91 151
91 157
91 178
91 180
91 181
91 194
91 203
91 204
91 207
91 210
91 212
91 214
91 215
91 225
91 236
91 241
91 256
92 101
92 103
92 112
92 123
92 124
92 127
92 128
92 135
92 144
92 151
92 157
92 178
92 180
92 181
92 194
92 203
92 204
92 207
92 210
92 212
92 214
92 215
92 225
92 236
92 241
92 256
93 101
93 103
93 112
93 123
93 124
93 127
93 128
93 135
93 144
93 151
93 157
93 161
93 178
93 180
93 181
93 194
93 203
93 204
93 207
93 210
93 212
93 214
93 215
93 225
93 236
93 241
93 256
94 101
94 103
94 112
94 123
94 124
94 127
94 135
94 144
94 151
94 157
94 161
94 178
94 181
94 194
94 203
94 204
94 207
94 212
94 214
94 215
94 221
94 225
94 236
94 241
95 101
95 103
95 108
95 112
95 123
95 124
95 127
95 135
95 144
95 151
95 157
95 161
95 178
95 181
95 194
95 203
95 204
95 207
95 212
95 214
95 215
95 221
95 225
95 236
95 241
96 101
96 103
96 108
96 112
96 123
96 127
96 135
96 144
96 151
96 157
96 161
96 178
96 181
96 194
96 203
96 204
96 207
96 212
96 221
96 225
96 236
96 241
97 101
97 103
97 108
97 112
97 123
97 127
97 135
97 144
97 151
97 157
97 161
97 176
97 178
97 181
97 194
97 203
97 204
97 207
97 212
97 221
97 225
97 236
97 241
98 101
98 103
98 108
98 112
98 123
98 127
98 135
98 144
98 151
98 157
98 161
98 176
98 178
98 181
98 194
98 203
98 204
98 207
98 212
98 221
98 225
98 236
98 241
99 101
99 103
99 108
99 112
99 123
99 127
99 135
99 144
99 151
99 157
99 161
99 176
99 178
99 181
99 194
99 203
99 204
99 207
99 212
99 221
99 225
99 236
99 241
100 101
100 103
100 112
100 123
100 127
100 135
100 144
100 151
100 157
100 176
100 178
100 179
100 181
100 203
100 204
100 207
100 212
100 221
100 225
100 236
100 241
100 245
101 103
101 112
101 123
101 135
101 144
101 151
101 157
101 176
101 178
101 179
101 181
101 203
101 204
101 207
101 221
101 225
101 236
101 241
102 103
102 112
102 135
102 144
102 151
102 157
102 176
102 178
102 179
102 181
102 189
102 203
102 204
102 207
102 221
102 225
102 235
102 236
102 241
102 258
103 103
103 112
103 135
103 144
103 151
103 157
103 176
103 178
103 179
103 181
103 189
103 203
103 204
103 207
103 221
103 225
103 236
103 241
103 258
104 103
104 112
104 135
104 144
104 151
104 157
104 176
104 178
104 179
104 181
104 189
104 203
104 204
104 207
104 221
104 225
104 236
104 239
104 241
104 258
105 112
105 113
105 135
105 144
105 151
105 157
105 171
105 176
105 178
105 179
105 181
105 189
105 203
105 204
105 221
105 225
105 239
105 241
105 258
106 112
106 113
106 135
106 144
106 151
106 157
106 171
106 176
106 178
106 179
106 181
106 189
106 203
106 204
106 221
106 225
106 239
106 241
106 258
107 112
107 113
107 135
107 144
107 151
107 157
107 171
107 176
107 178
107 179
107 181
107 189
107 203
107 204
107 221
107 239
107 241
107 258
108 112
108 113
108 135
108 144
108 151
108 157
108 171
108 176
108 178
108 179
108 181
108 189
108 203
108 204
108 221
108 239
108 241
108 258
109 112
109 113
109 135
109 144
109 151
109 157
109 171
109 176
109 178
109 179
109 181
109 189
109 203
109 204
109 221
109 239
109 241
109 258
110 112
110 113
110 129
110 135
110 144
110 151
110 157
110 171
110 176
110 178
110 179
110 181
110 189
110 203
110 204
110 221
110 232
110 239
110 241
110 258
111 112
111 113
111 129
111 135
111 144
111 151
111 157
111 171
111 176
111 178
111 179
111 181
111 189
111 203
111 204
111 221
111 232
111 239
111 241
111 258
112 113
112 129
112 135
112 144
112 151
112 171
112 176
112 178
112 179
112 181
112 189
112 203
112 204
112 213
112 221
112 232
112 239
112 241
112 258
113 113
113 130
113 135
113 144
113 151
113 160
113 171
113 178
113 179
113 188
113 189
113 204
113 213
113 221
113 232
113 239
113 241
113 258
114 113
114 130
114 160
114 171
114 179
114 188
114 189
114 213
114 221
114 232
114 239
114 241
114 258
115 130
115 160
115 171
115 179
115 188
115 189
115 213
115 221
115 232
115 239
115 241
115 258
116 130
116 160
116 171
116 179
116 188
116 189
116 213
116 221
116 232
116 239
116 241
116 258
117 130
117 160
117 171
117 179
117 188
117 189
117 213
117 221
117 232
117 239
117 241
117 258
118 130
118 142
118 160
118 171
118 179
118 188
118 189
118 213
118 221
118 229
118 232
118 239
118 241
118 258
119 130
119 142
119 160
119 171
119 179
119 188
119 189
119 213
119 221
119 229
119 239
119 241
119 258
120 142
120 143
120 179
120 188
120 189
120 213
120 221
120 229
120 239
120 241
120 258
121 142
121 143
121 179
121 188
121 189
121 213
121 221
121 229
121 239
121 241
121 258
122 141
122 142
122 143
122 179
122 189
122 213
122 221
122 229
122 239
122 258
123 141
123 142
123 165
123 179
123 189
123 213
123 221
123 239
123 258
123 261
124 141
124 142
124 165
124 169
124 179
124 189
124 213
124 221
124 239
124 258
125 141
125 142
125 165
125 169
125 179
125 189
125 213
125 221
125 239
125 258
126 142
126 165
126 169
126 179
126 189
126 213
126 221
126 239
126 258
127 142
127 165
127 169
127 174
127 179
127 189
127 213
127 221
127 239
127 258
128 142
128 165
128 169
128 174
128 179
128 189
128 213
128 221
128 258
129 142
129 165
129 169
129 174
129 179
129 189
129 213
129 221
129 258
130 142
130 149
130 165
130 169
130 174
130 179
130 189
130 213
130 221
130 226
130 258
131 142
131 149
131 165
131 169
131 174
131 179
131 189
131 213
131 221
131 226
131 258
132 142
132 149
132 165
132 169
132 174
132 179
132 189
132 213
132 221
132 226
132 258
133 142
133 149
133 165
133 169
133 174
133 179
133 189
133 213
133 221
133 226
133 258
134 142
134 149
134 165
134 169
134 174
134 179
134 189
134 213
134 221
134 226
134 258
135 142
135 149
135 165
135 167
135 168
135 169
135 174
135 179
135 189
135 213
135 221
135 226
135 258
136 142
136 149
136 165
136 167
136 168
136 169
136 179
136 184
136 189
136 221
136 226
136 258
137 142
137 149
137 165
137 167
137 168
137 169
137 184
137 189
137 221
137 226
137 258
138 142
138 149
138 165
138 167
138 168
138 169
138 184
138 189
138 221
138 226
138 258
139 149
139 165
139 167
139 168
139 184
139 189
139 221
139 226
139 258
140 147
140 156
140 165
140 167
140 168
140 184
140 189
140 221
140 226
140 258
141 147
141 156
141 163
141 167
141 168
141 184
141 189
141 208
141 221
141 226
141 258
142 147
142 156
142 163
142 167
142 168
142 184
142 189
142 208
142 221
142 226
142 258
143 147
143 163
143 167
143 184
143 189
143 208
143 221
143 226
143 258
144 147
144 163
144 167
144 184
144 189
144 196
144 208
144 221
144 226
144 258
145 147
145 163
145 167
145 184
145 189
145 196
145 208
145 221
145 226
146 147
146 163
146 184
146 189
146 196
146 208
146 218
146 226
147 147
147 163
147 184
147 189
147 196
147 208
147 211
147 218
147 226
148 147
148 154
148 163
148 170
148 184
148 195
148 196
148 208
148 211
148 218
148 226
148 249
149 147
149 154
149 163
149 170
149 184
149 195
149 196
149 208
149 211
149 218
149 226
149 249
150 154
150 163
150 170
150 184
150 195
150 196
150 208
150 211
150 218
150 226
150 249
151 154
151 163
151 170
151 184
151 195
151 196
151 208
151 211
151 218
151 226
151 249
152 154
152 163
152 170
152 184
152 195
152 196
152 208
152 218
152 226
152 249
153 154
153 170
153 184
153 195
153 196
153 208
153 218
153 226
153 249
154 154
154 170
154 184
154 195
154 196
154 208
154 218
154 226
154 249
155 154
155 170
155 184
155 195
155 196
155 208
155 218
155 226
155 249
156 154
156 170
156 184
156 195
156 196
156 208
156 218
156 226
156 249
157 154
157 170
157 184
157 195
157 196
157 208
157 218
157 226
157 230
157 249
158 154
158 170
158 184
158 195
158 196
158 208
158 218
158 226
158 230
158 240
158 247
158 249
159 154
159 170
159 190
159 195
159 196
159 208
159 218
159 226
159 230
159 240
159 247
159 249
160 154
160 170
160 177
160 190
160 195
160 196
160 208
160 218
160 226
160 230
160 240
160 247
160 249
161 170
161 177
161 190
161 195
161 196
161 208
161 218
161 226
161 230
161 240
161 247
161 249
162 170
162 177
162 190
162 195
162 196
162 208
162 218
162 226
162 230
162 240
162 247
162 249
163 170
163 177
163 190
163 195
163 196
163 208
163 218
163 223
163 226
163 230
163 240
163 247
163 249
164 170
164 177
164 190
164 195
164 196
164 208
164 218
164 223
164 226
164 230
164 240
164 247
164 249
165 170
165 177
165 190
165 195
165 196
165 208
165 218
165 223
165 226
165 230
165 240
165 247
165 249
166 170
166 173
166 177
166 190
166 193
166 195
166 196
166 208
166 218
166 223
166 226
166 230
166 240
166 247
166 249
167 170
167 173
167 177
167 190
167 193
167 195
167 196
167 208
167 218
167 223
167 226
167 230
167 240
167 247
167 249
168 170
168 173
168 177
168 193
168 195
168 196
168 208
168 218
168 223
168 226
168 230
168 240
168 247
168 249
169 170
169 173
169 177
169 193
169 195
169 196
169 208
169 218
169 223
169 226
169 230
169 240
169 244
169 247
169 249
169 254
170 170
170 173
170 177
170 193
170 195
170 196
170 208
170 218
170 223
170 226
170 230
170 240
170 244
170 247
170 249
170 254
171 170
171 173
171 177
171 193
171 195
171 196
171 208
171 218
171 223
171 226
171 230
171 240
171 244
171 247
171 249
171 254
172 170
172 173
172 193
172 195
172 196
172 208
172 218
172 223
172 226
172 230
172 240
172 244
172 247
172 249
172 254
173 170
173 173
173 193
173 195
173 196
173 208
173 218
173 223
173 226
173 230
173 240
173 246
173 247
173 249
173 254
174 170
174 173
174 193
174 195
174 208
174 218
174 219
174 223
174 226
174 230
174 246
174 247
174 249
174 254
175 170
175 173
175 193
175 195
175 208
175 218
175 219
175 223
175 226
175 230
175 246
175 247
175 249
175 254
176 170
176 173
176 193
176 195
176 208
176 218
176 219
176 223
176 226
176 230
176 246
176 247
176 249
176 254
177 170
177 173
177 193
177 195
177 208
177 218
177 219
177 223
177 226
177 230
177 246
177 247
177 249
177 254
178 170
178 173
178 193
178 195
178 208
178 218
178 219
178 223
178 226
178 230
178 246
178 247
178 248
178 249
178 254
179 170
179 173
179 193
179 195
179 208
179 218
179 219
179 223
179 226
179 230
179 246
179 247
179 248
179 249
179 254
180 170
180 193
180 195
180 208
180 218
180 219
180 223
180 226
180 230
180 246
180 247
180 248
180 249
181 170
181 193
181 198
181 208
181 218
181 219
181 223
181 226
181 230
181 246
181 247
181 248
182 170
182 193
182 198
182 208
182 218
182 219
182 223
182 226
182 230
182 246
182 247
182 248
183 170
183 193
183 198
183 208
183 218
183 219
183 223
183 226
183 230
183 246
183 247
183 248
184 193
184 198
184 208
184 218
184 219
184 223
184 226
184 230
184 246
184 247
184 248
185 193
185 198
185 208
185 218
185 219
185 223
185 226
185 230
185 246
185 247
185 248
186 193
186 198
186 208
186 218
186 219
186 223
186 226
186 230
186 246
186 247
186 248
187 193
187 198
187 208
187 218
187 223
187 226
187 246
187 247
187 248
188 193
188 198
188 208
188 218
188 223
188 226
188 246
188 247
188 248
189 193
189 198
189 208
189 218
189 223
189 226
189 246
189 247
189 248
190 193
190 198
190 208
190 218
190 223
190 226
190 246
190 247
190 248
191 193
191 198
191 208
191 218
191 223
191 226
191 246
191 247
191 248
192 193
192 198
192 208
192 218
192 223
192 226
192 246
192 248
193 193
193 198
193 208
193 218
193 223
193 226
193 233
193 246
193 248
194 198
194 202
194 208
194 218
194 223
194 226
194 233
194 246
194 248
195 198
195 202
195 208
195 218
195 223
195 226
195 233
195 246
195 248
196 198
196 202
196 208
196 218
196 223
196 226
196 233
196 246
196 248
197 198
197 202
197 208
197 218
197 223
197 226
197 233
197 246
197 248
198 198
198 202
198 208
198 218
198 223
198 226
198 233
198 238
198 246
198 248
199 198
199 202
199 208
199 218
199 226
199 233
199 238
199 246
199 248
199 262
200 198
200 202
200 208
200 218
200 226
200 233
200 238
200 246
200 262
201 198
201 208
201 218
201 226
201 233
201 238
201 246
201 262
202 198
202 208
202 218
202 226
202 233
202 238
202 246
202 262
203 198
203 208
203 218
203 226
203 233
203 238
203 246
203 262
204 198
204 208
204 218
204 226
204 233
204 238
204 246
204 262
205 198
205 208
205 218
205 226
205 233
205 238
205 246
205 262
206 198
206 208
206 218
206 226
206 233
206 238
206 246
206 262
207 198
207 208
207 226
207 233
207 238
207 246
207 262
208 198
208 208
208 226
208 233
208 238
208 246
208 262
209 198
209 208
209 226
209 233
209 238
209 246
209 262
210 198
210 208
210 226
210 233
210 238
210 246
210 262
211 198
211 208
211 226
211 233
211 238
211 246
211 262
212 208
212 226
212 233
212 238
212 246
212 262
213 208
213 226
213 228
213 233
213 238
213 246
213 262
214 208
214 226
214 228
214 233
214 238
214 246
214 262
215 208
215 226
215 227
215 233
215 238
215 246
215 262
216 208
216 226
216 227
216 233
216 238
216 246
216 262
217 208
217 226
217 227
217 233
217 238
217 246
217 262
218 226
218 227
218 233
218 238
218 246
219 226
219 227
219 233
219 238
219 246
220 226
220 227
220 233
220 238
220 246
221 226
221 227
221 233
221 238
221 246
222 226
222 227
222 233
222 238
222 246
223 226
223 227
223 233
223 238
223 246
224 227
224 233
224 238
225 233
225 238
226 233
226 238
227 233
227 238
228 233
228 238
229 233
229 238
230 233
230 238
231 233
231 238
231 250
232 233
232 238
232 250
233 233
233 238
233 250
234 233
234 250
235 233
235 250
236 233
236 250
237 233
237 250
238 233
238 250
239 233
240 233
241 233
242 233
243 233
244 233
245 233
246 233
247 233
248 233
249 233
250 233
251 233
252 233
253 233
254 233
255 233
