0 9
0 210
0 250
1 3
1 33
1 40
1 60
1 61
1 210
1 250
2 21
2 22
2 40
2 45
2 47
2 51
2 60
2 61
2 113
2 158
2 210
2 250
3 21
3 22
3 27
3 40
3 45
3 47
3 51
3 60
3 61
3 113
3 158
3 210
3 250
4 21
4 22
4 40
4 44
4 45
4 47
4 51
4 54
4 61
4 113
4 123
4 158
4 210
4 250
5 6
5 12
5 21
5 22
5 40
5 44
5 45
5 47
5 51
5 54
5 61
5 83
5 113
5 123
5 158
5 194
5 210
5 250
6 21
6 45
6 51
6 54
6 61
6 83
6 113
6 123
6 158
6 194
6 210
6 244
6 250
7 8
7 13
7 21
7 45
7 51
7 53
7 61
7 65
7 83
7 105
7 113
7 123
7 158
7 194
7 210
7 244
7 250
8 8
8 10
8 21
8 38
8 45
8 51
8 53
8 61
8 65
8 83
8 105
8 113
8 123
8 158
8 194
8 210
8 244
8 250
9 21
9 38
9 45
9 51
9 53
9 61
9 65
9 83
9 105
9 113
9 123
9 158
9 194
9 210
9 244
9 250
10 11
10 16
10 26
10 34
10 35
10 38
10 43
10 53
10 83
10 92
10 105
10 123
10 158
10 194
10 210
10 239
10 244
10 245
10 250
11 26
11 34
11 38
11 53
11 55
11 92
11 105
11 123
11 158
11 194
11 210
11 239
11 244
11 245
11 250
12 26
12 32
12 34
12 38
12 53
12 55
12 92
12 105
12 123
12 158
12 194
12 210
12 239
12 244
12 245
12 250
13 26
13 28
13 32
13 34
13 38
13 53
13 55
13 92
13 105
13 123
13 158
13 194
13 210
13 239
13 244
13 245
13 250
14 26
14 28
14 32
14 34
14 38
14 53
14 55
14 75
14 92
14 105
14 123
14 158
14 194
14 210
14 239
14 244
14 245
14 250
15 17
15 26
15 28
15 37
15 38
15 55
15 75
15 92
15 105
15 112
15 123
15 127
15 158
15 194
15 210
15 239
15 244
15 245
15 250
16 17
16 26
16 28
16 37
16 38
16 55
16 75
16 92
16 105
16 112
16 123
16 127
16 158
16 194
16 210
16 239
16 244
16 245
16 250
17 20
17 26
17 37
17 38
17 55
17 75
17 92
17 105
17 112
17 127
17 194
17 210
17 239
17 243
17 244
17 245
17 250
18 20
18 26
18 55
18 75
18 92
18 105
18 112
18 127
18 130
18 194
18 195
18 210
18 239
18 243
18 244
18 245
18 248
18 250
19 20
19 75
19 91
19 92
19 103
19 105
19 130
19 152
19 156
19 192
19 194
19 195
19 210
19 243
19 244
19 245
19 248
19 250
20 20
20 75
20 84
20 91
20 92
20 103
20 105
20 130
20 152
20 156
20 192
20 194
20 195
20 210
20 243
20 244
20 245
20 248
20 250
21 20
21 84
21 91
21 92
21 103
21 105
21 130
21 152
21 156
21 192
21 194
21 195
21 210
21 243
21 244
21 245
21 248
21 250
22 20
22 52
22 56
22 84
22 91
22 92
22 103
22 105
22 130
22 152
22 156
22 192
22 194
22 195
22 210
22 243
22 244
22 245
22 248
22 250
23 20
23 36
23 56
23 58
23 73
23 84
23 91
23 92
23 103
23 105
23 130
23 139
23 152
23 156
23 192
23 194
23 195
23 210
23 241
23 243
23 244
23 245
23 248
23 250
24 20
24 36
24 39
24 56
24 58
24 84
24 91
24 92
24 103
24 105
24 130
24 139
24 152
24 156
24 168
24 192
24 194
24 195
24 210
24 241
24 243
24 244
24 245
24 248
24 250
25 20
25 36
25 39
25 56
25 58
25 84
25 91
25 92
25 103
25 105
25 130
25 139
25 152
25 156
25 168
25 192
25 194
25 195
25 210
25 241
25 243
25 244
25 245
25 248
25 250
26 30
26 36
26 56
26 58
26 84
26 91
26 92
26 103
26 105
26 130
26 139
26 152
26 156
26 192
26 194
26 195
26 210
26 234
26 241
26 244
26 245
26 248
26 250
27 30
27 36
27 56
27 58
27 59
27 64
27 84
27 91
27 99
27 103
27 130
27 139
27 152
27 156
27 192
27 194
27 195
27 208
27 210
27 234
27 244
27 245
27 248
27 250
28 29
28 30
28 56
28 58
28 59
28 64
28 84
28 91
28 99
28 103
28 116
28 130
28 139
28 152
28 156
28 173
28 192
28 194
28 195
28 208
28 210
28 234
28 244
28 245
28 248
28 250
29 29
29 30
29 56
29 58
29 59
29 64
29 84
29 91
29 99
29 103
29 116
29 119
29 130
29 139
29 152
29 156
29 173
29 192
29 194
29 195
29 208
29 210
29 234
29 244
29 245
29 248
29 250
30 30
30 41
30 56
30 58
30 64
30 84
30 91
30 99
30 103
30 116
30 117
30 119
30 130
30 139
30 152
30 156
30 173
30 192
30 195
30 208
30 210
30 221
30 234
30 244
30 245
30 248
30 250
30 252
31 30
31 41
31 56
31 58
31 64
31 84
31 91
31 99
31 103
31 116
31 117
31 119
31 130
31 139
31 152
31 156
31 173
31 175
31 192
31 193
31 195
31 208
31 210
31 221
31 234
31 244
31 245
31 248
31 250
31 252
32 30
32 41
32 42
32 49
32 56
32 67
32 77
32 81
32 84
32 91
32 95
32 99
32 103
32 116
32 117
32 119
32 139
32 150
32 152
32 170
32 173
32 175
32 192
32 193
32 195
32 208
32 221
32 234
32 244
32 245
32 248
32 252
33 30
33 41
33 42
33 49
33 56
33 67
33 77
33 81
33 84
33 91
33 95
33 99
33 103
33 116
33 117
33 119
33 139
33 141
33 150
33 152
33 153
33 170
33 173
33 175
33 192
33 193
33 195
33 208
33 221
33 234
33 244
33 245
33 248
33 252
34 30
34 41
34 42
34 49
34 56
34 67
34 77
34 81
34 84
34 91
34 95
34 99
34 103
34 116
34 117
34 119
34 139
34 141
34 150
34 152
34 153
34 170
34 173
34 175
34 192
34 193
34 195
34 208
34 221
34 234
34 244
34 245
34 248
34 252
35 30
35 41
35 42
35 49
35 56
35 57
35 67
35 77
35 84
35 91
35 95
35 99
35 103
35 116
35 117
35 119
35 139
35 141
35 152
35 153
35 170
35 173
35 192
35 193
35 195
35 208
35 221
35 234
35 244
35 245
35 248
35 252
35 262
36 41
36 48
36 49
36 56
36 57
36 77
36 91
36 95
36 99
36 103
36 114
36 116
36 117
36 119
36 139
36 141
36 152
36 153
36 170
36 173
36 192
36 193
36 195
36 208
36 220
36 221
36 226
36 234
36 244
36 245
36 252
36 262
37 41
37 48
37 49
37 56
37 57
37 77
37 91
37 95
37 99
37 103
37 114
37 116
37 117
37 119
37 139
37 141
37 152
37 153
37 170
37 173
37 192
37 193
37 195
37 208
37 220
37 221
37 226
37 234
37 244
37 245
37 252
37 262
38 41
38 48
38 49
38 50
38 56
38 57
38 62
38 77
38 91
38 95
38 99
38 114
38 116
38 117
38 119
38 125
38 139
38 141
38 152
38 153
38 162
38 170
38 173
38 192
38 193
38 208
38 220
38 221
38 226
38 234
38 244
38 245
38 252
38 262
39 41
39 48
39 49
39 50
39 56
39 57
39 62
39 91
39 95
39 99
39 114
39 116
39 117
39 119
39 125
39 139
39 141
39 152
39 153
39 162
39 170
39 173
39 192
39 193
39 208
39 220
39 221
39 226
39 234
39 244
39 245
39 252
39 262
40 41
40 48
40 49
40 50
40 56
40 57
40 62
40 91
40 95
40 99
40 114
40 116
40 117
40 119
40 125
40 139
40 141
40 152
40 153
40 162
40 170
40 173
40 192
40 193
40 208
40 220
40 221
40 226
40 234
40 244
40 245
40 252
40 262
41 41
41 48
41 49
41 50
41 56
41 57
41 62
41 91
41 95
41 99
41 114
41 116
41 117
41 125
41 139
41 141
41 152
41 153
41 162
41 170
41 173
41 192
41 193
41 208
41 220
41 221
41 226
41 234
41 244
41 245
41 252
41 262
42 48
42 49
42 50
42 56
42 57
42 62
42 80
42 82
42 91
42 95
42 99
42 114
42 116
42 117
42 125
42 139
42 141
42 152
42 153
42 162
42 170
42 173
42 192
42 193
42 207
42 208
42 220
42 221
42 226
42 234
42 244
42 252
42 262
43 46
43 49
43 56
43 57
43 62
43 80
43 82
43 95
43 99
43 108
43 114
43 116
43 117
43 125
43 139
43 141
43 152
43 153
43 162
43 170
43 173
43 192
43 193
43 207
43 208
43 220
43 221
43 226
43 229
43 234
43 236
43 244
43 252
43 262
44 46
44 49
44 56
44 57
44 62
44 80
44 82
44 95
44 99
44 108
44 114
44 116
44 117
44 125
44 139
44 141
44 152
44 153
44 162
44 170
44 173
44 192
44 193
44 207
44 208
44 220
44 221
44 226
44 229
44 234
44 236
44 244
44 252
44 262
45 46
45 49
45 56
45 57
45 62
45 80
45 82
45 95
45 99
45 108
45 114
45 116
45 117
45 125
45 139
45 141
45 152
45 153
45 162
45 170
45 173
45 192
45 193
45 207
45 208
45 220
45 221
45 226
45 229
45 234
45 236
45 244
45 252
45 262
46 46
46 49
46 57
46 80
46 82
46 95
46 107
46 108
46 114
46 116
46 117
46 125
46 136
46 139
46 141
46 148
46 153
46 162
46 170
46 173
46 192
46 193
46 207
46 208
46 220
46 221
46 229
46 234
46 236
46 244
46 252
46 262
47 46
47 49
47 57
47 80
47 82
47 95
47 107
47 108
47 114
47 116
47 117
47 125
47 136
47 139
47 141
47 148
47 153
47 162
47 170
47 173
47 192
47 193
47 207
47 208
47 220
47 221
47 229
47 234
47 236
47 244
47 252
47 262
48 49
48 66
48 80
48 95
48 107
48 108
48 110
48 111
48 114
48 117
48 125
48 126
48 136
48 139
48 141
48 149
48 153
48 170
48 173
48 178
48 192
48 193
48 207
48 208
48 220
48 221
48 229
48 236
48 237
48 244
48 249
48 252
48 262
49 49
49 66
49 80
49 101
49 107
49 110
49 111
49 114
49 117
49 125
49 126
49 136
49 139
49 141
49 149
49 153
49 170
49 173
49 178
49 192
49 193
49 207
49 208
49 220
49 229
49 236
49 237
49 244
49 249
49 252
49 261
49 262
50 49
50 66
50 80
50 101
50 107
50 110
50 111
50 114
50 117
50 125
50 126
50 136
50 139
50 141
50 149
50 153
50 170
50 173
50 178
50 192
50 193
50 208
50 220
50 229
50 236
50 237
50 244
50 249
50 252
50 261
50 262
51 49
51 66
51 80
51 101
51 107
51 110
51 111
51 117
51 125
51 126
51 136
51 139
51 141
51 149
51 153
51 170
51 173
51 178
51 192
51 193
51 208
51 220
51 229
51 236
51 237
51 244
51 249
51 252
51 261
51 262
52 49
52 80
52 101
52 107
52 110
52 111
52 117
52 126
52 136
52 139
52 141
52 149
52 153
52 170
52 173
52 178
52 193
52 208
52 220
52 236
52 237
52 242
52 244
52 252
52 261
52 262
53 49
53 80
53 101
53 107
53 110
53 111
53 117
53 126
53 136
53 139
53 141
53 149
53 153
53 170
53 173
53 178
53 193
53 208
53 220
53 236
53 237
53 242
53 244
53 252
53 261
53 262
54 49
54 101
54 107
54 110
54 111
54 117
54 126
54 136
54 139
54 149
54 153
54 170
54 173
54 178
54 193
54 208
54 220
54 236
54 237
54 242
54 244
54 252
54 261
54 262
55 70
55 101
55 107
55 110
55 111
55 117
55 126
55 136
55 139
55 154
55 170
55 173
55 178
55 189
55 208
55 220
55 236
55 237
55 242
55 244
55 252
55 260
55 261
55 262
56 69
56 70
56 101
56 107
56 110
56 111
56 117
56 126
56 136
56 154
56 170
56 173
56 174
56 178
56 188
56 189
56 208
56 220
56 236
56 237
56 242
56 244
56 252
56 260
56 261
56 262
57 69
57 70
57 101
57 107
57 110
57 111
57 117
57 126
57 136
57 154
57 170
57 174
57 178
57 188
57 189
57 208
57 220
57 236
57 237
57 242
57 244
57 252
57 260
57 261
57 262
58 68
58 70
58 71
58 78
58 85
58 87
58 101
58 110
58 117
58 126
58 136
58 143
58 154
58 165
58 169
58 170
58 174
58 178
58 188
58 189
58 208
58 220
58 236
58 237
58 242
58 244
58 252
58 260
58 261
59 68
59 70
59 71
59 74
59 78
59 85
59 87
59 101
59 110
59 117
59 126
59 136
59 143
59 154
59 165
59 169
59 170
59 174
59 178
59 188
59 189
59 208
59 220
59 236
59 237
59 242
59 244
59 252
59 260
59 261
60 68
60 70
60 71
60 74
60 78
60 85
60 87
60 101
60 110
60 117
60 131
60 136
60 143
60 154
60 163
60 165
60 169
60 170
60 174
60 178
60 188
60 189
60 208
60 220
60 236
60 237
60 242
60 244
60 252
60 260
60 261
61 68
61 70
61 71
61 74
61 78
61 85
61 87
61 101
61 110
61 117
61 131
61 136
61 143
61 154
61 163
61 165
61 169
61 170
61 174
61 178
61 188
61 189
61 208
61 220
61 236
61 237
61 242
61 244
61 252
61 260
61 261
62 68
62 70
62 71
62 74
62 78
62 85
62 87
62 101
62 110
62 117
62 131
62 136
62 143
62 154
62 164
62 165
62 169
62 170
62 174
62 178
62 188
62 189
62 197
62 208
62 220
62 236
62 237
62 242
62 244
62 252
62 260
62 261
63 70
63 71
63 74
63 78
63 85
63 87
63 101
63 117
63 131
63 136
63 143
63 154
63 164
63 169
63 170
63 174
63 178
63 188
63 189
63 197
63 208
63 220
63 236
63 237
63 242
63 244
63 252
63 260
63 261
64 70
64 71
64 74
64 78
64 85
64 87
64 90
64 101
64 117
64 131
64 136
64 143
64 154
64 169
64 170
64 174
64 178
64 188
64 189
64 197
64 208
64 220
64 236
64 237
64 242
64 244
64 252
64 260
64 261
65 70
65 71
65 74
65 78
65 85
65 87
65 90
65 117
65 131
65 136
65 137
65 143
65 154
65 157
65 169
65 170
65 178
65 188
65 189
65 197
65 208
65 220
65 236
65 237
65 242
65 244
65 252
65 260
65 261
66 70
66 71
66 74
66 85
66 87
66 90
66 117
66 122
66 131
66 137
66 143
66 154
66 157
66 169
66 170
66 178
66 182
66 187
66 188
66 189
66 197
66 208
66 220
66 236
66 237
66 242
66 244
66 252
66 260
66 261
67 70
67 74
67 79
67 85
67 90
67 117
67 122
67 124
67 137
67 143
67 154
67 157
67 169
67 170
67 178
67 182
67 187
67 188
67 189
67 197
67 208
67 220
67 236
67 237
67 240
67 242
67 244
67 252
67 260
67 261
68 70
68 74
68 79
68 85
68 90
68 117
68 122
68 124
68 137
68 143
68 154
68 169
68 170
68 178
68 182
68 187
68 188
68 189
68 197
68 208
68 220
68 236
68 237
68 240
68 242
68 244
68 252
68 260
68 261
69 70
69 74
69 79
69 85
69 90
69 117
69 122
69 124
69 137
69 143
69 154
69 169
69 170
69 178
69 182
69 187
69 188
69 189
69 197
69 208
69 220
69 236
69 237
69 240
69 242
69 244
69 252
69 260
69 261
70 70
70 74
70 79
70 85
70 90
70 117
70 122
70 124
70 143
70 154
70 169
70 170
70 178
70 182
70 187
70 188
70 189
70 197
70 220
70 236
70 237
70 240
70 242
70 244
70 252
70 260
70 261
71 70
71 74
71 79
71 85
71 90
71 122
71 124
71 143
71 154
71 169
71 170
71 178
71 182
71 188
71 189
71 197
71 220
71 236
71 237
71 240
71 244
71 252
71 260
71 261
72 70
72 74
72 79
72 90
72 122
72 124
72 142
72 143
72 154
72 161
72 169
72 170
72 178
72 182
72 188
72 189
72 197
72 236
72 237
72 240
72 244
72 252
72 260
72 261
73 70
73 74
73 79
73 90
73 122
73 124
73 142
73 143
73 154
73 161
73 169
73 170
73 178
73 182
73 188
73 189
73 197
73 236
73 237
73 240
73 244
73 252
73 260
73 261
74 70
74 74
74 90
74 122
74 124
74 142
74 143
74 154
74 161
74 169
74 170
74 182
74 188
74 189
74 197
74 236
74 237
74 240
74 244
74 252
74 260
74 261
75 70
75 86
75 89
75 90
75 121
75 138
75 143
75 145
75 146
75 154
75 161
75 182
75 188
75 189
75 197
75 212
75 217
75 224
75 225
75 232
75 236
75 237
75 240
75 244
75 252
75 260
75 261
76 70
76 86
76 89
76 90
76 96
76 121
76 133
76 138
76 143
76 145
76 146
76 147
76 151
76 154
76 161
76 182
76 188
76 189
76 197
76 212
76 217
76 224
76 225
76 232
76 236
76 237
76 240
76 244
76 252
76 260
76 261
77 86
77 89
77 90
77 96
77 121
77 133
77 135
77 138
77 143
77 145
77 146
77 147
77 151
77 154
77 161
77 171
77 177
77 182
77 188
77 189
77 197
77 212
77 217
77 224
77 225
77 232
77 236
77 237
77 240
77 244
77 252
77 260
77 261
78 89
78 90
78 94
78 100
78 121
78 133
78 135
78 138
78 145
78 146
78 147
78 151
78 154
78 155
78 160
78 161
78 171
78 177
78 181
78 182
78 188
78 189
78 196
78 197
78 212
78 217
78 224
78 225
78 236
78 240
78 244
78 252
78 260
78 261
79 89
79 90
79 94
79 100
79 121
79 133
79 135
79 138
79 145
79 146
79 147
79 151
79 154
79 155
79 160
79 161
79 171
79 177
79 181
79 188
79 189
79 196
79 197
79 212
79 217
79 224
79 225
79 236
79 240
79 244
79 252
79 260
79 261
80 90
80 94
80 100
80 121
80 133
80 135
80 138
80 145
80 146
80 147
80 151
80 154
80 155
80 161
80 171
80 177
80 181
80 188
80 189
80 196
80 197
80 212
80 217
80 224
80 225
80 236
80 240
80 244
80 252
80 260
80 261
81 90
81 94
81 100
81 121
81 135
81 138
81 145
81 146
81 147
81 151
81 154
81 155
81 161
81 171
81 177
81 181
81 188
81 189
81 196
81 212
81 217
81 224
81 225
81 236
81 240
81 244
81 252
81 260
81 261
82 90
82 94
82 100
82 121
82 135
82 138
82 145
82 146
82 147
82 151
82 154
82 155
82 161
82 171
82 177
82 181
82 188
82 189
82 196
82 212
82 217
82 224
82 225
82 236
82 240
82 244
82 252
82 260
82 261
83 90
83 94
83 100
83 121
83 135
83 138
83 145
83 146
83 147
83 151
83 154
83 155
83 161
83 171
83 177
83 181
83 188
83 189
83 196
83 212
83 217
83 224
83 225
83 236
83 240
83 244
83 252
83 260
83 261
84 90
84 100
84 121
84 128
84 135
84 138
84 145
84 151
84 154
84 155
84 161
84 171
84 177
84 181
84 188
84 189
84 196
84 212
84 217
84 224
84 225
84 236
84 240
84 244
84 252
84 261
85 90
85 93
85 100
85 120
85 121
85 128
85 135
85 138
85 145
85 151
85 154
85 155
85 161
85 171
85 177
85 181
85 188
85 189
85 191
85 196
85 205
85 212
85 217
85 224
85 225
85 236
85 240
85 244
85 252
85 261
86 90
86 93
86 100
86 118
86 120
86 121
86 128
86 129
86 135
86 145
86 151
86 154
86 155
86 161
86 171
86 177
86 181
86 188
86 189
86 191
86 196
86 205
86 212
86 217
86 224
86 225
86 235
86 236
86 240
86 244
86 252
86 261
87 90
87 93
87 100
87 118
87 120
87 121
87 128
87 129
87 135
87 145
87 151
87 154
87 155
87 161
87 171
87 177
87 181
87 188
87 189
87 191
87 196
87 205
87 212
87 217
87 224
87 225
87 235
87 236
87 240
87 244
87 252
87 261
88 90
88 93
88 100
88 118
88 120
88 121
88 128
88 129
88 135
88 145
88 151
88 154
88 155
88 161
88 171
88 177
88 181
88 188
88 189
88 191
88 196
88 205
88 212
88 217
88 224
88 225
88 236
88 240
88 244
88 252
88 261
89 90
89 98
89 100
89 118
89 120
89 121
89 128
89 145
89 151
89 154
89 161
89 171
89 177
89 188
89 189
89 191
89 196
89 205
89 212
89 224
89 225
89 236
89 240
89 244
89 252
89 261
90 90
90 98
90 100
90 102
90 118
90 120
90 121
90 128
90 145
90 151
90 154
90 161
90 171
90 177
90 188
90 189
90 191
90 196
90 205
90 212
90 224
90 225
90 236
90 240
90 244
90 252
90 261
91 90
91 98
91 100
91 102
91 118
91 120
91 121
91 128
91 145
91 151
91 154
91 161
91 171
91 177
91 188
91 189
91 191
91 196
91 205
91 212
91 224
91 225
91 236
91 240
91 244
91 252
91 261
92 90
92 98
92 100
92 102
92 118
92 120
92 121
92 128
92 144
92 145
92 151
92 161
92 171
92 177
92 188
92 189
92 191
92 196
92 205
92 212
92 224
92 225
92 236
92 240
92 244
92 252
92 261
93 90
93 98
93 100
93 102
93 120
93 121
93 128
93 144
93 145
93 151
93 161
93 171
93 177
93 188
93 189
93 191
93 205
93 212
93 224
93 225
93 236
93 240
93 244
93 252
93 261
94 90
94 98
94 100
94 102
94 106
94 120
94 144
94 145
94 151
94 161
94 177
94 188
94 189
94 191
94 205
94 212
94 215
94 224
94 225
94 236
94 240
94 244
94 252
94 261
95 98
95 100
95 102
95 106
95 120
95 144
95 145
95 151
95 161
95 177
95 188
95 191
95 205
95 212
95 215
95 224
95 225
95 236
95 240
95 244
95 252
95 261
96 98
96 100
96 102
96 106
96 115
96 120
96 144
96 151
96 161
96 177
96 188
96 191
96 212
96 215
96 224
96 225
96 236
96 240
96 244
96 252
96 261
97 98
97 100
97 102
97 115
97 120
97 132
97 144
97 151
97 161
97 177
97 188
97 191
97 201
97 212
97 215
97 224
97 225
97 227
97 236
97 252
97 261
98 98
98 100
98 102
98 115
98 120
98 132
98 144
98 151
98 161
98 177
98 188
98 191
98 201
98 212
98 215
98 224
98 225
98 227
98 236
98 252
98 261
99 100
99 102
99 115
99 120
99 132
99 144
99 151
99 161
99 177
99 188
99 191
99 201
99 212
99 215
99 224
99 225
99 227
99 236
99 252
99 261
100 100
100 102
100 115
100 120
100 132
100 144
100 151
100 161
100 177
100 188
100 191
100 201
100 212
100 215
100 224
100 225
100 227
100 252
100 261
101 100
101 102
101 115
101 120
101 132
101 144
101 151
101 161
101 177
101 188
101 191
101 201
101 212
101 215
101 224
101 225
101 227
101 252
101 261
102 100
102 102
102 115
102 120
102 132
102 144
102 151
102 161
102 177
102 188
102 191
102 201
102 212
102 215
102 224
102 225
102 227
102 252
102 261
103 100
103 102
103 115
103 120
103 132
103 144
103 151
103 161
103 188
103 191
103 201
103 215
103 224
103 225
103 227
103 252
103 261
104 100
104 102
104 115
104 120
104 132
104 144
104 151
104 161
104 188
104 191
104 201
104 215
104 224
104 225
104 227
104 252
104 261
105 100
105 102
105 115
105 120
105 132
105 144
105 151
105 161
105 188
105 191
105 201
105 215
105 224
105 225
105 227
105 252
105 261
106 102
106 115
106 120
106 132
106 144
106 151
106 161
106 188
106 191
106 201
106 215
106 224
106 225
106 227
106 252
106 261
107 102
107 115
107 120
107 132
107 144
107 151
107 161
107 188
107 191
107 201
107 215
107 224
107 225
107 227
107 252
107 261
108 102
108 115
108 120
108 132
108 144
108 151
108 161
108 188
108 191
108 201
108 215
108 224
108 225
108 227
108 252
108 261
109 102
109 115
109 120
109 132
109 144
109 151
109 161
109 188
109 191
109 201
109 215
109 224
109 225
109 227
109 252
109 261
110 102
110 115
110 120
110 132
110 144
110 151
110 161
110 188
110 191
110 201
110 215
110 224
110 225
110 227
110 252
110 261
111 102
111 120
111 144
111 151
111 161
111 188
111 191
111 201
111 215
111 224
111 225
111 227
111 252
111 261
112 102
112 120
112 144
112 151
112 161
112 188
112 191
112 201
112 215
112 224
112 225
112 227
112 252
112 261
113 102
113 120
113 144
113 151
113 161
113 188
113 191
113 201
113 215
113 224
113 225
113 227
113 228
113 252
113 261
114 102
114 144
114 151
114 161
114 188
114 191
114 201
114 215
114 224
114 225
114 227
114 228
114 252
114 261
115 144
115 151
115 161
115 188
115 191
115 201
115 215
115 224
115 225
115 227
115 228
115 252
115 261
116 144
116 151
116 161
116 188
116 191
116 201
116 215
116 224
116 225
116 227
116 228
116 252
116 261
117 144
117 151
117 161
117 188
117 191
117 201
117 215
117 224
117 225
117 227
117 228
117 252
117 261
118 140
118 144
118 151
118 161
118 188
118 191
118 201
118 215
118 224
118 225
118 228
118 252
118 261
119 140
119 144
119 151
119 161
119 188
119 191
119 201
119 215
119 224
119 225
119 228
119 252
119 261
120 140
120 144
120 151
120 191
120 201
120 215
120 224
120 225
120 228
120 252
120 261
121 140
121 144
121 151
121 191
121 201
121 215
121 224
121 225
121 228
121 252
121 261
122 140
122 144
122 151
122 191
122 201
122 215
122 224
122 225
122 228
122 252
122 261
123 134
123 140
123 144
123 151
123 191
123 201
123 215
123 225
123 228
123 252
123 261
124 134
124 144
124 151
124 191
124 215
124 225
124 228
124 252
124 261
125 134
125 144
125 151
125 191
125 215
125 225
125 228
125 252
125 261
126 134
126 144
126 151
126 191
126 215
126 225
126 228
126 252
126 261
127 144
127 151
127 186
127 191
127 219
127 225
127 228
127 252
128 144
128 151
128 167
128 172
128 186
128 225
128 228
128 252
128 253
129 144
129 167
129 172
129 186
129 204
129 214
129 225
129 228
129 252
129 253
130 144
130 167
130 172
130 186
130 199
130 204
130 214
130 225
130 228
130 252
130 253
131 144
131 167
131 172
131 186
131 199
131 204
131 214
131 225
131 228
131 252
131 253
132 144
132 167
132 172
132 186
132 199
132 204
132 214
132 225
132 228
132 252
132 253
133 144
133 167
133 172
133 186
133 199
133 204
133 214
133 225
133 228
133 252
133 253
134 144
134 167
134 172
134 186
134 199
134 204
134 214
134 225
134 228
134 252
134 253
135 144
135 167
135 172
135 186
135 199
135 204
135 214
135 225
135 228
135 252
135 253
136 167
136 172
136 186
136 199
136 204
136 214
136 225
136 228
136 252
136 253
137 167
137 186
137 199
137 204
137 214
137 225
137 228
137 252
137 253
138 167
138 186
138 199
138 204
138 214
138 225
138 228
138 252
138 253
139 167
139 186
139 199
139 204
139 214
139 225
139 228
139 252
139 253
140 166
140 186
140 199
140 204
140 214
140 225
140 252
140 253
140 254
141 166
141 186
141 199
141 204
141 214
141 225
141 252
141 253
141 254
142 159
142 166
142 199
142 204
142 225
142 252
142 253
142 254
143 159
143 166
143 204
143 225
143 252
143 253
143 254
144 159
144 166
144 185
144 204
144 206
144 225
144 252
144 254
145 159
145 166
145 185
145 204
145 206
145 225
145 252
145 254
146 159
146 166
146 185
146 204
146 206
146 225
146 252
146 254
147 159
147 166
147 185
147 204
147 206
147 225
147 252
147 254
148 159
148 166
148 176
148 204
148 206
148 225
148 231
148 252
148 254
149 159
149 166
149 176
149 204
149 206
149 225
149 231
149 252
150 159
150 166
150 176
150 204
150 225
150 231
150 252
151 159
151 166
151 176
151 204
151 225
151 231
151 252
152 159
152 166
152 176
152 204
152 225
152 231
152 252
153 159
153 166
153 176
153 204
153 231
153 252
153 259
154 159
154 166
154 176
154 204
154 231
154 252
154 259
155 166
155 176
155 183
155 204
155 231
155 252
155 259
156 166
156 176
156 183
156 204
156 231
156 252
156 259
157 166
157 176
157 183
157 204
157 231
157 252
158 166
158 176
158 180
158 183
158 198
158 204
158 231
158 252
159 166
159 176
159 180
159 183
159 198
159 204
159 231
159 252
160 166
160 176
160 180
160 183
160 190
160 198
160 204
160 231
160 252
161 176
161 180
161 183
161 190
161 198
161 204
161 231
161 252
162 176
162 180
162 183
162 190
162 198
162 204
162 231
162 252
163 176
163 180
163 183
163 190
163 198
163 204
163 231
163 252
164 176
164 180
164 183
164 184
164 190
164 198
164 200
164 204
164 223
164 231
165 176
165 180
165 183
165 184
165 190
165 198
165 200
165 204
165 223
165 231
166 176
166 180
166 183
166 184
166 190
166 198
166 200
166 204
166 223
166 231
167 176
167 180
167 183
167 184
167 190
167 200
167 204
167 211
167 223
167 231
168 176
168 180
168 183
168 184
168 190
168 200
168 204
168 211
168 223
168 231
169 176
169 180
169 183
169 184
169 200
169 204
169 211
169 223
169 231
170 176
170 180
170 183
170 184
170 200
170 204
170 211
170 223
170 231
171 176
171 180
171 184
171 200
171 204
171 211
171 222
171 223
171 231
172 176
172 180
172 184
172 200
172 204
172 211
172 222
172 223
172 231
173 176
173 180
173 184
173 200
173 204
173 211
173 222
173 223
173 231
174 176
174 184
174 200
174 204
174 211
174 222
174 223
174 231
175 176
175 184
175 200
175 204
175 211
175 213
175 222
175 223
175 231
176 176
176 184
176 200
176 204
176 211
176 213
176 222
176 223
177 176
177 184
177 200
177 204
177 211
177 213
177 222
177 223
178 176
178 184
178 200
178 204
178 211
178 213
178 222
178 223
179 176
179 184
179 200
179 204
179 211
179 213
179 222
179 223
180 176
180 184
180 200
180 204
180 211
180 213
180 222
180 223
181 176
181 184
181 200
181 204
181 211
181 222
181 223
182 176
182 184
182 200
182 204
182 211
182 222
182 223
183 176
183 184
183 200
183 211
183 222
183 223
184 176
184 184
184 200
184 209
184 222
184 223
185 176
185 184
185 200
185 209
185 222
185 223
185 247
186 176
186 184
186 200
186 209
186 222
186 223
186 247
187 176
187 200
187 203
187 209
187 218
187 222
187 223
187 247
188 176
188 200
188 203
188 209
188 218
188 222
188 223
188 247
189 176
189 200
189 203
189 218
189 222
189 223
190 176
190 200
190 203
190 218
190 222
190 223
191 176
191 200
191 203
191 218
191 222
191 223
192 176
192 200
192 203
192 218
192 222
193 176
193 200
193 203
193 218
193 222
194 176
194 200
194 203
194 218
194 222
195 176
195 200
195 218
195 222
196 176
196 200
196 218
196 222
197 200
197 218
197 222
197 257
198 200
198 218
198 222
198 257
199 200
199 218
199 222
199 257
200 200
200 218
200 222
200 257
201 200
201 218
201 222
201 257
202 200
202 218
202 222
202 257
203 200
203 218
203 222
203 257
204 200
204 218
204 222
204 238
204 257
205 200
205 218
205 222
205 238
205 257
206 200
206 218
206 222
206 238
206 257
207 200
207 218
207 222
207 230
207 238
207 256
207 257
208 200
208 218
208 222
208 230
208 238
208 256
208 257
209 200
209 218
209 222
209 230
209 256
209 257
210 200
210 218
210 222
210 230
210 256
210 257
211 200
211 218
211 222
211 230
211 256
211 257
212 200
212 218
212 222
212 230
212 256
212 257
213 200
213 218
213 222
213 230
213 256
213 257
214 200
214 218
214 222
214 230
214 256
214 257
215 200
215 222
215 230
215 256
215 257
216 200
216 222
216 230
216 256
216 257
217 200
217 222
217 230
217 251
218 200
218 222
218 230
218 251
218 258
219 222
219 230
219 258
220 222
220 230
220 258
221 222
221 230
221 258
222 222
222 230
222 258
223 222
223 230
223 258
224 222
224 230
224 255
224 258
225 222
225 230
225 258
226 222
226 230
226 258
227 222
227 230
227 258
228 222
228 230
228 258
229 222
229 230
229 258
230 222
230 230
230 258
231 222
231 230
231 246
231 258
232 222
232 230
232 246
232 258
233 222
233 230
233 246
233 258
234 222
234 230
234 246
234 258
235 222
235 230
235 246
235 258
236 222
236 230
236 246
236 258
237 222
237 230
237 246
237 258
238 222
238 230
238 246
238 258
239 222
239 230
239 246
239 258
240 222
240 230
240 246
240 258
241 222
241 230
241 246
241 258
242 230
242 258
243 230
244 230
245 230
246 230
247 230
248 230
249 230
250 230
