0 49
0 73
0 135
1 10
1 73
1 135
1 189
2 150
2 156
2 189
2 211
3 4
3 150
3 156
3 189
3 211
4 19
4 40
4 70
4 105
4 125
4 150
4 156
4 210
5 16
5 19
5 40
5 70
5 105
5 150
5 156
5 165
5 210
5 257
6 16
6 19
6 28
6 40
6 70
6 105
6 150
6 156
6 165
6 210
6 257
7 16
7 19
7 28
7 40
7 70
7 105
7 150
7 156
7 209
7 210
7 257
8 16
8 27
8 28
8 40
8 70
8 118
8 150
8 156
8 209
8 210
8 257
9 16
9 27
9 28
9 40
9 69
9 70
9 118
9 132
9 150
9 156
9 209
9 210
9 257
10 16
10 27
10 28
10 40
10 69
10 70
10 118
10 132
10 150
10 156
10 195
10 209
10 210
10 257
11 16
11 27
11 28
11 30
11 40
11 67
11 69
11 70
11 118
11 132
11 150
11 156
11 195
11 209
11 257
12 14
12 18
12 24
12 27
12 28
12 67
12 69
12 70
12 118
12 129
12 132
12 150
12 156
12 195
12 257
13 24
13 27
13 67
13 69
13 70
13 85
13 118
13 129
13 132
13 150
13 156
13 195
13 250
13 257
14 20
14 23
14 27
14 50
14 67
14 69
14 70
14 85
14 118
14 129
14 132
14 150
14 156
14 171
14 195
14 250
14 257
15 20
15 23
15 27
15 50
15 67
15 69
15 70
15 85
15 118
15 129
15 132
15 150
15 156
15 171
15 195
15 250
15 257
16 17
16 22
16 39
16 43
16 56
16 67
16 106
16 107
16 118
16 122
16 129
16 132
16 133
16 142
16 146
16 156
16 171
16 182
16 195
16 250
16 251
17 17
17 22
17 39
17 43
17 56
17 67
17 106
17 107
17 118
17 122
17 129
17 132
17 133
17 142
17 146
17 156
17 171
17 182
17 250
17 251
18 22
18 39
18 43
18 56
18 67
18 106
18 107
18 118
18 122
18 129
18 132
18 133
18 142
18 146
18 156
18 171
18 182
18 190
18 231
18 250
18 251
19 22
19 43
19 56
19 67
19 106
19 107
19 118
19 129
19 132
19 133
19 142
19 146
19 156
19 171
19 182
19 190
19 250
19 251
20 22
20 43
20 56
20 67
20 106
20 107
20 129
20 133
20 142
20 146
20 156
20 171
20 182
20 190
20 251
21 29
21 43
21 56
21 74
21 106
21 107
21 127
21 129
21 133
21 146
21 156
21 171
21 182
21 190
22 36
22 43
22 53
22 74
22 87
22 88
22 106
22 127
22 133
22 146
22 182
22 186
22 190
22 191
23 25
23 43
23 53
23 74
23 87
23 88
23 104
23 106
23 127
23 133
23 146
23 182
23 186
23 190
23 191
24 43
24 53
24 74
24 87
24 88
24 104
24 106
24 127
24 133
24 146
24 182
24 186
24 190
24 191
25 31
25 32
25 53
25 68
25 74
25 87
25 104
25 106
25 127
25 146
25 149
25 182
25 186
25 190
25 191
26 31
26 32
26 53
26 68
26 74
26 87
26 104
26 106
26 127
26 146
26 149
26 182
26 186
26 190
26 191
27 31
27 32
27 53
27 68
27 74
27 87
27 104
27 106
27 127
27 146
27 149
27 182
27 186
27 190
27 191
28 31
28 32
28 53
28 68
28 87
28 104
28 106
28 126
28 127
28 146
28 149
28 182
28 186
28 190
28 191
29 31
29 32
29 53
29 68
29 87
29 104
29 106
29 126
29 127
29 146
29 149
29 182
29 186
29 190
29 191
30 31
30 32
30 53
30 55
30 63
30 87
30 98
30 106
30 126
30 127
30 146
30 149
30 182
30 186
30 188
30 190
30 191
31 32
31 33
31 53
31 63
31 87
31 98
31 106
31 146
31 149
31 182
31 186
31 188
31 190
31 191
32 32
32 34
32 53
32 63
32 87
32 98
32 106
32 146
32 149
32 182
32 186
32 188
32 190
32 191
33 63
33 77
33 78
33 84
33 106
33 112
33 182
33 186
33 188
33 191
33 218
33 233
34 51
34 63
34 77
34 78
34 84
34 106
34 112
34 182
34 186
34 188
34 191
34 218
34 233
35 51
35 63
35 78
35 106
35 112
35 182
35 186
35 188
35 191
35 218
35 233
36 51
36 63
36 78
36 106
36 112
36 182
36 186
36 188
36 191
36 218
36 233
37 51
37 63
37 78
37 106
37 112
37 182
37 186
37 188
37 191
37 218
37 233
38 51
38 62
38 80
38 82
38 106
38 112
38 128
38 180
38 182
38 186
38 188
38 191
38 218
38 233
39 47
39 80
39 82
39 86
39 112
39 128
39 162
39 180
39 182
39 186
39 188
39 218
39 225
39 226
39 233
39 258
40 80
40 82
40 86
40 97
40 123
40 128
40 153
40 162
40 180
40 182
40 186
40 188
40 218
40 225
40 226
40 233
40 258
41 45
41 46
41 64
41 123
41 128
41 131
41 144
41 153
41 180
41 182
41 186
41 188
41 212
41 218
41 225
41 226
41 240
41 258
42 45
42 52
42 83
42 123
42 128
42 131
42 144
42 153
42 180
42 182
42 186
42 188
42 212
42 218
42 225
42 226
42 258
43 45
43 52
43 83
43 123
43 128
43 131
43 144
43 153
43 180
43 182
43 186
43 188
43 212
43 218
43 225
43 226
43 258
44 45
44 52
44 83
44 123
44 128
44 131
44 144
44 153
44 180
44 182
44 186
44 188
44 212
44 218
44 225
44 226
44 258
45 52
45 54
45 100
45 123
45 128
45 144
45 153
45 176
45 180
45 182
45 186
45 188
45 212
45 218
45 225
45 226
45 258
46 52
46 54
46 100
46 123
46 128
46 144
46 153
46 176
46 180
46 182
46 186
46 188
46 212
46 218
46 225
46 226
46 258
47 52
47 54
47 100
47 123
47 128
47 138
47 144
47 153
47 176
47 180
47 182
47 186
47 188
47 212
47 218
47 225
47 226
47 258
48 59
48 60
48 61
48 100
48 123
48 128
48 138
48 144
48 153
48 176
48 180
48 182
48 186
48 218
48 225
48 226
48 258
49 58
49 60
49 61
49 65
49 99
49 100
49 123
49 138
49 144
49 153
49 160
49 176
49 180
49 182
49 186
49 218
49 225
49 226
49 258
50 58
50 60
50 61
50 65
50 99
50 100
50 123
50 138
50 144
50 153
50 160
50 176
50 180
50 182
50 186
50 218
50 225
50 226
50 249
50 258
51 58
51 60
51 61
51 65
51 99
51 100
51 123
51 138
51 144
51 153
51 160
51 176
51 180
51 182
51 186
51 218
51 225
51 226
51 249
51 258
52 58
52 60
52 61
52 65
52 99
52 100
52 123
52 138
52 144
52 153
52 158
52 160
52 176
52 180
52 182
52 186
52 218
52 225
52 226
52 249
52 258
53 57
53 58
53 60
53 61
53 65
53 99
53 100
53 123
53 138
53 144
53 153
53 158
53 160
53 176
53 180
53 182
53 186
53 218
53 221
53 225
53 226
53 249
53 258
54 57
54 60
54 61
54 65
54 99
54 100
54 123
54 138
54 144
54 153
54 158
54 176
54 180
54 182
54 186
54 218
54 221
54 225
54 226
54 249
54 258
55 57
55 61
55 65
55 66
55 99
55 100
55 123
55 138
55 144
55 153
55 158
55 176
55 180
55 182
55 186
55 218
55 221
55 225
55 226
55 249
55 258
56 57
56 65
56 66
56 71
56 72
56 75
56 93
56 99
56 100
56 123
56 138
56 148
56 153
56 157
56 158
56 170
56 179
56 180
56 181
56 182
56 186
56 192
56 218
56 225
56 226
56 249
56 252
56 258
57 57
57 65
57 66
57 71
57 72
57 90
57 93
57 99
57 100
57 123
57 138
57 148
57 153
57 157
57 158
57 170
57 179
57 180
57 181
57 182
57 186
57 192
57 218
57 225
57 226
57 249
57 252
57 258
58 57
58 65
58 66
58 71
58 72
58 90
58 93
58 99
58 100
58 123
58 138
58 148
58 153
58 157
58 158
58 170
58 179
58 180
58 181
58 182
58 186
58 192
58 218
58 225
58 226
58 249
58 252
58 258
59 57
59 65
59 66
59 71
59 72
59 90
59 93
59 99
59 100
59 138
59 148
59 153
59 157
59 158
59 170
59 179
59 180
59 181
59 182
59 186
59 218
59 225
59 249
59 252
59 258
60 57
60 65
60 66
60 71
60 72
60 90
60 93
60 99
60 100
60 138
60 148
60 153
60 157
60 158
60 170
60 179
60 180
60 181
60 182
60 186
60 218
60 225
60 249
60 252
60 258
61 57
61 65
61 66
61 71
61 72
61 90
61 93
61 99
61 100
61 138
61 148
61 153
61 157
61 158
61 170
61 179
61 180
61 181
61 182
61 186
61 218
61 225
61 249
61 252
61 258
62 57
62 65
62 66
62 71
62 72
62 90
62 93
62 99
62 100
62 138
62 148
62 153
62 157
62 158
62 163
62 170
62 179
62 180
62 181
62 182
62 186
62 218
62 225
62 249
62 252
62 258
63 57
63 65
63 66
63 71
63 72
63 90
63 93
63 99
63 100
63 138
63 148
63 153
63 157
63 158
63 163
63 170
63 179
63 180
63 181
63 182
63 186
63 218
63 225
63 249
63 252
63 258
64 57
64 65
64 66
64 71
64 90
64 93
64 99
64 100
64 138
64 148
64 153
64 157
64 158
64 163
64 170
64 179
64 180
64 181
64 182
64 186
64 218
64 225
64 249
64 252
64 258
65 71
65 89
65 90
65 93
65 100
65 102
65 111
65 134
65 148
65 153
65 157
65 158
65 179
65 181
65 182
65 218
65 227
65 239
65 249
65 252
65 258
66 89
66 90
66 93
66 100
66 102
66 111
66 134
66 148
66 157
66 158
66 181
66 182
66 218
66 227
66 229
66 239
66 249
66 252
67 89
67 90
67 100
67 111
67 134
67 148
67 157
67 158
67 181
67 182
67 218
67 227
67 229
67 239
67 249
67 252
68 89
68 90
68 111
68 113
68 134
68 148
68 157
68 158
68 181
68 182
68 200
68 218
68 227
68 229
68 239
68 249
68 252
69 89
69 90
69 111
69 113
69 134
69 148
69 157
69 181
69 182
69 200
69 218
69 227
69 229
69 239
69 249
69 252
70 89
70 90
70 111
70 113
70 134
70 148
70 157
70 181
70 182
70 200
70 214
70 218
70 227
70 229
70 239
70 249
70 252
71 89
71 90
71 111
71 113
71 134
71 148
71 157
71 181
71 200
71 214
71 218
71 227
71 229
71 239
71 249
71 252
72 89
72 111
72 113
72 134
72 157
72 181
72 200
72 214
72 218
72 227
72 229
72 239
72 249
72 252
73 79
73 89
73 113
73 134
73 151
73 181
73 183
73 200
73 214
73 218
73 227
73 229
73 239
73 252
74 79
74 89
74 113
74 134
74 151
74 181
74 183
74 200
74 214
74 218
74 227
74 229
74 252
75 79
75 89
75 113
75 134
75 151
75 181
75 183
75 200
75 214
75 218
75 227
75 229
75 252
76 89
76 113
76 117
76 134
76 151
76 181
76 183
76 200
76 214
76 218
76 227
76 229
76 246
76 252
77 89
77 113
77 117
77 121
77 130
77 134
77 151
77 169
77 181
77 183
77 200
77 214
77 218
77 227
77 229
77 244
77 246
77 252
78 89
78 113
78 117
78 121
78 130
78 134
78 151
78 169
78 181
78 183
78 200
78 214
78 218
78 227
78 229
78 244
78 246
78 252
79 89
79 109
79 113
79 117
79 134
79 151
79 169
79 181
79 183
79 200
79 214
79 218
79 227
79 229
79 244
79 246
79 252
80 89
80 109
80 113
80 117
80 134
80 151
80 169
80 181
80 183
80 200
80 214
80 218
80 227
80 229
80 244
80 246
80 252
81 89
81 109
81 113
81 117
81 134
81 151
81 169
81 172
81 181
81 183
81 200
81 214
81 218
81 227
81 229
81 244
81 246
81 252
82 89
82 108
82 113
82 114
82 134
82 151
82 154
82 169
82 172
82 181
82 183
82 200
82 214
82 218
82 227
82 229
82 244
82 246
82 252
83 108
83 113
83 114
83 134
83 151
83 154
83 169
83 172
83 181
83 183
83 200
83 214
83 218
83 227
83 229
83 244
83 246
83 252
84 108
84 113
84 134
84 151
84 154
84 169
84 172
84 183
84 200
84 205
84 214
84 218
84 227
84 230
84 244
84 246
84 252
85 108
85 113
85 134
85 151
85 154
85 169
85 172
85 183
85 200
85 205
85 218
85 227
85 230
85 244
85 246
85 252
86 108
86 113
86 134
86 154
86 159
86 169
86 172
86 183
86 200
86 203
86 205
86 218
86 227
86 230
86 244
86 246
86 252
87 94
87 95
87 134
87 154
87 159
87 169
87 172
87 183
87 200
87 203
87 218
87 227
87 230
87 236
87 244
87 246
87 252
88 94
88 95
88 115
88 134
88 154
88 159
88 169
88 172
88 200
88 203
88 218
88 227
88 230
88 236
88 244
88 246
88 252
89 94
89 95
89 115
89 134
89 154
89 159
89 169
89 172
89 200
89 203
89 218
89 227
89 230
89 236
89 244
89 246
89 252
90 94
90 95
90 115
90 134
90 154
90 159
90 169
90 172
90 200
90 203
90 218
90 227
90 230
90 236
90 244
90 246
90 252
91 94
91 95
91 115
91 134
91 154
91 159
91 169
91 172
91 200
91 203
91 218
91 227
91 230
91 236
91 244
91 246
91 252
92 94
92 95
92 115
92 154
92 159
92 169
92 172
92 194
92 200
92 203
92 218
92 227
92 230
92 236
92 244
92 246
92 252
93 94
93 95
93 115
93 154
93 159
93 168
93 169
93 172
93 194
93 200
93 203
93 218
93 227
93 230
93 244
93 246
93 252
94 94
94 115
94 120
94 154
94 159
94 168
94 172
94 194
94 200
94 203
94 218
94 230
94 244
94 246
94 252
95 94
95 115
95 120
95 154
95 159
95 168
95 172
95 194
95 200
95 203
95 218
95 244
95 246
95 252
96 94
96 115
96 120
96 154
96 159
96 168
96 172
96 194
96 200
96 203
96 218
96 244
96 246
96 252
97 94
97 115
97 120
97 154
97 159
97 168
97 172
97 194
97 200
97 203
97 218
97 246
97 252
98 94
98 115
98 120
98 154
98 159
98 168
98 172
98 194
98 200
98 203
98 218
98 246
98 252
99 94
99 115
99 119
99 120
99 154
99 159
99 168
99 172
99 200
99 203
99 218
99 246
99 252
100 94
100 115
100 119
100 120
100 154
100 159
100 168
100 172
100 200
100 203
100 218
100 246
100 252
101 115
101 119
101 120
101 159
101 168
101 172
101 200
101 203
101 218
101 228
101 246
101 252
102 115
102 119
102 120
102 159
102 168
102 172
102 200
102 203
102 218
102 228
102 246
102 252
103 115
103 119
103 120
103 159
103 168
103 200
103 203
103 218
103 228
103 246
103 252
104 115
104 119
104 120
104 159
104 168
104 200
104 203
104 218
104 228
104 246
104 252
105 115
105 120
105 159
105 168
105 199
105 200
105 203
105 218
105 228
105 246
106 115
106 120
106 159
106 168
106 199
106 200
106 203
106 218
106 228
106 246
107 115
107 120
107 159
107 168
107 174
107 199
107 200
107 203
107 218
107 228
107 245
107 246
107 260
108 115
108 120
108 159
108 168
108 174
108 199
108 200
108 218
108 228
108 245
108 246
108 260
109 115
109 120
109 159
109 168
109 174
109 199
109 200
109 218
109 228
109 245
109 246
109 260
110 115
110 120
110 143
110 159
110 168
110 174
110 199
110 200
110 218
110 228
110 245
110 260
111 115
111 120
111 143
111 159
111 168
111 174
111 199
111 200
111 218
111 228
111 245
111 260
112 115
112 141
112 143
112 159
112 168
112 174
112 199
112 200
112 206
112 218
112 245
112 260
113 141
113 159
113 168
113 174
113 199
113 200
113 206
113 218
113 245
113 260
114 141
114 159
114 167
114 168
114 174
114 199
114 200
114 218
114 245
115 141
115 159
115 167
115 168
115 174
115 199
115 200
115 218
115 245
116 124
116 141
116 145
116 167
116 168
116 174
116 199
116 200
116 218
116 245
117 124
117 141
117 145
117 167
117 168
117 174
117 199
117 200
117 218
117 245
118 124
118 141
118 145
118 167
118 168
118 174
118 200
118 218
119 124
119 141
119 145
119 167
119 168
119 174
119 200
119 218
120 124
120 141
120 145
120 167
120 168
120 174
120 200
120 218
121 124
121 141
121 145
121 167
121 168
121 174
121 200
121 218
122 124
122 141
122 145
122 164
122 167
122 168
122 174
122 196
122 200
122 218
123 124
123 139
123 140
123 141
123 145
123 164
123 167
123 168
123 174
123 196
123 200
123 218
123 262
124 124
124 139
124 140
124 141
124 164
124 167
124 168
124 174
124 196
124 200
124 218
124 262
125 140
125 141
125 152
125 167
125 168
125 174
125 184
125 196
125 200
125 218
125 256
125 262
126 140
126 141
126 152
126 167
126 168
126 174
126 184
126 196
126 200
126 256
126 262
127 140
127 141
127 152
127 167
127 168
127 174
127 184
127 200
127 207
127 238
127 256
127 262
128 140
128 141
128 152
128 167
128 168
128 174
128 184
128 200
128 207
128 238
128 256
129 137
129 141
129 152
129 167
129 168
129 184
129 200
129 207
129 208
129 232
129 237
129 238
129 256
130 137
130 141
130 152
130 167
130 168
130 184
130 200
130 207
130 208
130 232
130 237
130 238
130 256
131 137
131 141
131 152
131 167
131 168
131 184
131 200
131 207
131 208
131 232
131 237
131 238
131 256
132 141
132 168
132 184
132 200
132 207
132 208
132 232
132 237
132 238
133 141
133 168
133 184
133 200
133 207
133 208
133 232
133 237
134 141
134 147
134 168
134 184
134 200
134 207
134 208
134 232
134 237
135 141
135 147
135 168
135 184
135 200
135 207
135 208
135 232
135 237
136 141
136 147
136 168
136 177
136 184
136 200
136 207
136 208
136 232
136 237
137 141
137 147
137 168
137 177
137 184
137 200
137 207
137 208
137 232
137 237
138 141
138 147
138 168
138 177
138 184
138 200
138 207
138 208
138 232
138 237
139 141
139 147
139 168
139 177
139 184
139 200
139 207
139 208
139 232
139 237
140 141
140 147
140 168
140 177
140 184
140 200
140 207
140 208
140 237
141 141
141 147
141 168
141 177
141 184
141 200
141 207
141 208
141 237
142 141
142 147
142 168
142 177
142 184
142 200
142 207
142 208
142 219
142 237
143 141
143 147
143 168
143 177
143 200
143 207
143 208
143 219
143 237
144 141
144 147
144 166
144 177
144 200
144 207
144 208
144 219
144 237
144 242
145 141
145 147
145 166
145 177
145 200
145 207
145 208
145 219
145 237
145 242
146 141
146 147
146 166
146 177
146 187
146 200
146 207
146 208
146 219
146 237
146 242
147 141
147 147
147 166
147 177
147 187
147 200
147 207
147 208
147 219
147 237
147 242
148 141
148 147
148 166
148 177
148 187
148 200
148 207
148 208
148 219
148 237
149 141
149 147
149 155
149 166
149 177
149 200
149 208
149 216
149 237
150 141
150 147
150 155
150 166
150 177
150 200
150 208
150 216
150 237
151 155
151 166
151 177
151 208
151 216
151 237
152 155
152 166
152 177
152 208
152 237
153 155
153 166
153 177
153 208
153 237
154 166
154 177
154 208
154 237
155 166
155 177
155 208
155 237
156 166
156 177
156 208
156 237
157 166
157 173
157 177
157 208
157 237
158 166
158 177
158 193
158 198
158 208
158 237
159 166
159 177
159 193
159 198
159 208
159 247
160 166
160 177
160 193
160 198
160 208
160 247
161 166
161 177
161 193
161 198
161 208
161 247
162 166
162 177
162 178
162 193
162 208
162 247
163 166
163 178
163 193
163 208
163 247
164 166
164 178
164 193
164 208
164 241
164 247
165 166
165 178
165 208
165 241
165 247
166 166
166 178
166 208
166 241
166 247
167 166
167 178
167 208
167 241
167 247
168 166
168 178
168 208
168 224
168 241
168 247
169 166
169 175
169 178
169 201
169 208
169 224
169 241
169 247
170 166
170 175
170 178
170 201
170 208
170 224
170 241
170 247
171 166
171 175
171 178
171 201
171 204
171 208
171 223
171 241
171 243
171 247
172 166
172 175
172 178
172 201
172 204
172 208
172 223
172 241
172 243
172 247
173 178
173 201
173 204
173 208
173 247
174 178
174 201
174 204
174 208
174 247
175 178
175 201
175 204
175 208
175 247
176 178
176 201
176 204
176 208
176 247
177 178
177 201
177 204
177 208
177 247
178 178
178 201
178 204
178 208
178 247
179 178
179 201
179 204
179 208
179 247
180 178
180 201
180 204
180 208
180 247
181 178
181 201
181 204
181 208
181 247
182 178
182 201
182 204
182 208
182 247
183 178
183 185
183 197
183 201
183 204
183 208
183 217
183 222
183 234
183 247
184 178
184 185
184 197
184 201
184 204
184 208
184 217
184 234
184 247
185 178
185 185
185 197
185 201
185 204
185 208
185 217
185 234
185 247
186 178
186 197
186 201
186 204
186 208
186 217
186 247
187 178
187 197
187 201
187 204
187 217
187 220
187 247
188 178
188 197
188 201
188 204
188 215
188 217
188 220
188 247
189 178
189 197
189 201
189 204
189 217
189 220
189 247
190 178
190 197
190 201
190 204
190 220
190 247
191 178
191 197
191 201
191 202
191 204
191 220
191 247
192 197
192 201
192 202
192 204
192 220
192 247
193 197
193 201
193 202
193 204
193 220
193 247
194 197
194 201
194 202
194 204
194 220
194 247
195 197
195 201
195 202
195 204
195 220
195 247
196 197
196 201
196 202
196 204
196 220
196 247
196 255
197 197
197 201
197 202
197 204
197 247
197 255
198 197
198 201
198 202
198 204
198 247
198 255
199 197
199 201
199 202
199 204
199 247
199 255
200 197
200 201
200 202
200 204
200 247
200 255
201 197
201 201
201 202
201 204
201 247
201 255
202 197
202 201
202 202
202 204
202 247
202 255
203 197
203 201
203 202
203 204
203 247
204 197
204 201
204 202
204 204
204 247
205 197
205 201
205 202
205 247
206 197
206 201
206 202
206 247
207 197
207 201
207 202
207 247
208 201
208 202
208 247
209 201
209 202
209 247
210 201
210 202
210 247
211 201
211 202
211 247
212 201
212 247
213 201
213 247
214 201
214 247
215 247
216 247
217 247
218 247
219 247
220 235
220 247
221 235
221 247
222 235
222 247
223 235
223 247
224 235
224 247
225 247
226 247
227 247
228 247
229 247
230 247
235 248
236 248
237 248
238 248
239 248
240 248
241 248
242 248
243 248
244 248
245 248
246 248
247 248
248 248
249 248
249 261
250 248
250 261
251 248
251 261
252 248
252 261
253 248
253 261
254 248
254 261
255 248
255 261
256 248
256 261
257 248
257 261
