1 2
1 7
2 9
2 15
2 22
2 23
2 55
2 115
2 129
2 154
2 200
2 210
2 222
3 9
3 15
3 22
3 23
3 55
3 115
3 129
3 154
3 200
3 210
3 222
4 10
4 11
4 13
4 16
4 18
4 19
4 23
4 35
4 55
4 58
4 129
4 200
4 210
4 222
5 8
5 20
5 24
5 27
5 28
5 35
5 36
5 55
5 58
5 129
5 139
5 200
5 216
5 222
6 8
6 14
6 20
6 24
6 27
6 28
6 35
6 36
6 55
6 58
6 85
6 129
6 139
6 151
6 200
6 216
6 222
7 20
7 26
7 27
7 28
7 35
7 36
7 53
7 55
7 58
7 129
7 131
7 139
7 151
7 167
7 200
7 216
7 222
8 20
8 26
8 27
8 28
8 35
8 36
8 53
8 55
8 58
8 129
8 131
8 139
8 151
8 167
8 200
8 216
8 222
9 26
9 27
9 28
9 35
9 36
9 53
9 55
9 58
9 77
9 129
9 131
9 139
9 151
9 167
9 200
9 204
9 216
9 222
10 12
10 25
10 27
10 34
10 35
10 53
10 55
10 58
10 77
10 129
10 131
10 139
10 151
10 167
10 200
10 204
10 216
10 222
10 226
11 12
11 25
11 27
11 34
11 35
11 53
11 55
11 58
11 77
11 86
11 129
11 131
11 139
11 151
11 167
11 200
11 204
11 216
11 222
11 226
12 25
12 27
12 30
12 34
12 35
12 53
12 55
12 58
12 60
12 77
12 129
12 131
12 139
12 151
12 200
12 203
12 204
12 216
12 222
12 226
13 17
13 30
13 35
13 53
13 55
13 58
13 60
13 77
13 129
13 131
13 139
13 151
13 200
13 203
13 204
13 216
13 222
13 226
14 30
14 35
14 53
14 55
14 58
14 60
14 77
14 129
14 131
14 139
14 151
14 200
14 203
14 204
14 216
14 222
14 226
15 30
15 53
15 58
15 60
15 77
15 129
15 131
15 139
15 151
15 155
15 200
15 203
15 204
15 216
15 222
15 226
16 30
16 49
16 53
16 58
16 60
16 77
16 94
16 122
16 129
16 131
16 139
16 151
16 155
16 200
16 203
16 204
16 216
16 222
16 226
17 21
17 30
17 40
17 49
17 53
17 58
17 77
17 94
17 122
17 129
17 131
17 139
17 151
17 155
17 200
17 203
17 204
17 216
17 222
17 224
17 226
17 253
18 29
18 40
18 44
18 49
18 54
18 58
18 77
18 94
18 122
18 129
18 131
18 139
18 144
18 151
18 155
18 200
18 203
18 204
18 216
18 222
18 224
18 226
18 243
18 253
19 29
19 39
19 40
19 49
19 54
19 58
19 79
19 122
19 129
19 131
19 151
19 155
19 200
19 203
19 204
19 222
19 224
19 226
19 243
19 251
19 253
20 29
20 39
20 49
20 50
20 54
20 58
20 79
20 122
20 129
20 151
20 155
20 162
20 176
20 200
20 203
20 204
20 222
20 224
20 226
20 243
20 251
20 253
21 49
21 54
21 64
21 72
21 79
21 96
21 98
21 99
21 102
21 120
21 129
21 151
21 162
21 176
21 200
21 203
21 222
21 224
21 226
21 243
21 251
21 253
22 49
22 54
22 64
22 72
22 79
22 96
22 98
22 99
22 102
22 120
22 129
22 151
22 162
22 176
22 200
22 203
22 222
22 224
22 226
22 243
22 251
22 253
23 54
23 64
23 67
23 68
23 75
23 96
23 98
23 99
23 102
23 120
23 129
23 151
23 162
23 176
23 200
23 203
23 222
23 224
23 226
23 243
23 251
23 253
24 32
24 64
24 67
24 68
24 75
24 91
24 96
24 98
24 99
24 102
24 119
24 120
24 129
24 151
24 162
24 176
24 200
24 203
24 222
24 224
24 226
24 243
24 251
24 253
25 32
25 42
25 64
25 67
25 68
25 75
25 83
25 91
25 96
25 99
25 102
25 119
25 120
25 127
25 129
25 151
25 162
25 176
25 200
25 203
25 222
25 224
25 226
25 243
25 251
26 31
26 32
26 64
26 67
26 68
26 75
26 78
26 83
26 91
26 96
26 99
26 102
26 119
26 120
26 127
26 129
26 151
26 162
26 176
26 200
26 203
26 222
26 224
26 226
26 227
26 243
26 251
27 31
27 64
27 67
27 68
27 75
27 78
27 83
27 91
27 96
27 99
27 102
27 119
27 120
27 127
27 129
27 151
27 162
27 176
27 185
27 200
27 203
27 222
27 224
27 226
27 227
27 243
27 251
28 31
28 37
28 41
28 46
28 64
28 67
28 68
28 75
28 78
28 83
28 91
28 96
28 99
28 102
28 119
28 120
28 127
28 129
28 151
28 162
28 176
28 185
28 200
28 203
28 222
28 224
28 226
28 227
28 243
28 251
29 31
29 37
29 41
29 64
29 67
29 68
29 75
29 78
29 83
29 91
29 102
29 119
29 120
29 127
29 129
29 151
29 162
29 176
29 185
29 193
29 200
29 203
29 222
29 224
29 226
29 227
29 243
29 251
30 37
30 67
30 68
30 78
30 80
30 83
30 91
30 101
30 102
30 119
30 120
30 127
30 129
30 151
30 162
30 185
30 189
30 193
30 200
30 203
30 222
30 224
30 226
30 227
30 243
30 251
31 37
31 67
31 68
31 78
31 80
31 83
31 91
31 101
31 102
31 103
31 119
31 120
31 127
31 151
31 162
31 185
31 189
31 193
31 200
31 203
31 222
31 224
31 226
31 227
31 243
31 251
32 37
32 67
32 68
32 78
32 80
32 83
32 91
32 101
32 102
32 103
32 119
32 120
32 127
32 151
32 162
32 164
32 185
32 189
32 193
32 200
32 203
32 224
32 226
32 227
32 251
33 43
33 67
33 68
33 80
33 83
33 87
33 91
33 101
33 102
33 103
33 119
33 120
33 124
33 127
33 151
33 158
33 162
33 164
33 185
33 189
33 193
33 200
33 203
33 224
33 226
33 227
33 251
34 43
34 67
34 68
34 76
34 81
34 83
34 100
34 101
34 102
34 103
34 109
34 119
34 124
34 127
34 151
34 162
34 164
34 185
34 193
34 200
34 203
34 205
34 224
34 226
34 227
34 235
34 251
35 43
35 67
35 68
35 69
35 71
35 76
35 83
35 100
35 101
35 102
35 103
35 109
35 119
35 124
35 127
35 151
35 162
35 164
35 185
35 193
35 200
35 203
35 205
35 224
35 226
35 227
35 235
35 251
36 43
36 67
36 68
36 69
36 71
36 76
36 83
36 100
36 101
36 102
36 103
36 104
36 109
36 119
36 124
36 127
36 151
36 162
36 164
36 185
36 193
36 200
36 203
36 205
36 224
36 226
36 227
36 235
36 251
37 43
37 45
37 69
37 76
37 100
37 101
37 102
37 104
37 119
37 123
37 124
37 127
37 151
37 162
37 164
37 185
37 193
37 200
37 203
37 205
37 224
37 226
37 227
37 235
37 251
38 43
38 45
38 57
38 69
38 101
38 102
38 104
38 119
38 123
38 124
38 127
38 151
38 162
38 164
38 185
38 193
38 200
38 203
38 205
38 224
38 226
38 227
38 235
38 251
39 45
39 57
39 69
39 101
39 102
39 104
39 119
39 123
39 124
39 127
39 151
39 162
39 164
39 185
39 193
39 200
39 203
39 205
39 224
39 226
39 227
39 235
39 251
40 45
40 69
40 101
40 102
40 119
40 123
40 124
40 127
40 128
40 142
40 151
40 162
40 164
40 177
40 185
40 193
40 200
40 203
40 205
40 207
40 224
40 226
40 227
40 235
40 251
41 45
41 69
41 101
41 102
41 119
41 123
41 124
41 127
41 128
41 142
41 151
41 162
41 164
41 177
41 185
41 193
41 200
41 203
41 205
41 207
41 224
41 226
41 227
41 235
41 251
42 45
42 69
42 101
42 102
42 119
42 123
42 124
42 127
42 128
42 142
42 151
42 162
42 164
42 177
42 185
42 193
42 200
42 203
42 205
42 207
42 224
42 226
42 227
42 235
42 251
43 45
43 69
43 101
43 102
43 119
43 123
43 124
43 127
43 128
43 142
43 151
43 162
43 164
43 177
43 185
43 193
43 200
43 203
43 205
43 207
43 224
43 226
43 227
43 235
43 251
44 66
44 69
44 82
44 101
44 102
44 119
44 123
44 128
44 142
44 151
44 162
44 164
44 177
44 185
44 186
44 193
44 200
44 203
44 205
44 207
44 224
44 226
44 227
44 235
44 251
45 66
45 69
45 102
45 110
45 119
45 123
45 151
45 162
45 164
45 168
45 171
45 177
45 185
45 186
45 200
45 205
45 207
45 224
45 226
45 227
45 235
45 251
46 69
46 110
46 119
46 123
46 151
46 162
46 164
46 168
46 171
46 185
46 186
46 200
46 202
46 205
46 207
46 224
46 226
46 227
46 235
46 251
47 69
47 110
47 119
47 123
47 151
47 162
47 164
47 168
47 171
47 185
47 186
47 200
47 202
47 205
47 207
47 224
47 226
47 227
47 235
47 251
48 69
48 110
48 119
48 123
48 151
48 162
48 164
48 168
48 171
48 185
48 186
48 200
48 202
48 205
48 207
48 224
48 226
48 227
48 235
48 251
49 69
49 110
49 119
49 123
49 151
49 162
49 164
49 168
49 171
49 185
49 186
49 200
49 202
49 205
49 207
49 224
49 226
49 227
49 235
49 251
50 69
50 110
50 119
50 123
50 151
50 162
50 164
50 168
50 171
50 185
50 186
50 200
50 202
50 205
50 207
50 226
50 227
50 235
50 251
51 69
51 70
51 95
51 110
51 119
51 123
51 149
51 151
51 162
51 164
51 168
51 171
51 185
51 186
51 200
51 202
51 205
51 226
51 227
51 235
51 251
52 69
52 70
52 89
52 107
52 119
52 149
52 151
52 164
52 168
52 171
52 185
52 186
52 200
52 202
52 205
52 226
52 227
52 232
52 235
52 251
53 69
53 70
53 89
53 107
53 119
53 149
53 151
53 164
53 168
53 171
53 185
53 186
53 200
53 202
53 205
53 226
53 227
53 232
53 235
53 251
54 69
54 70
54 89
54 107
54 119
54 149
54 151
54 164
54 168
54 171
54 185
54 186
54 200
54 202
54 205
54 226
54 227
54 232
54 235
54 251
55 69
55 70
55 74
55 89
55 107
55 119
55 149
55 151
55 168
55 171
55 185
55 186
55 200
55 202
55 205
55 226
55 227
55 232
55 235
55 251
56 69
56 70
56 74
56 89
56 107
56 119
56 149
56 151
56 168
56 171
56 185
56 186
56 200
56 202
56 205
56 226
56 227
56 232
56 235
56 251
57 69
57 70
57 74
57 89
57 107
57 119
57 149
57 151
57 168
57 171
57 185
57 186
57 200
57 202
57 205
57 226
57 227
57 232
57 235
57 251
58 69
58 70
58 74
58 89
58 107
58 119
58 149
58 150
58 151
58 171
58 185
58 186
58 200
58 202
58 205
58 226
58 227
58 232
58 235
58 251
59 69
59 70
59 74
59 90
59 92
59 107
59 119
59 149
59 150
59 153
59 171
59 183
59 185
59 186
59 200
59 202
59 205
59 226
59 227
59 232
59 235
59 251
59 255
60 70
60 74
60 90
60 92
60 107
60 119
60 149
60 150
60 153
60 171
60 183
60 185
60 186
60 202
60 205
60 226
60 227
60 232
60 235
60 251
60 255
61 70
61 74
61 90
61 92
61 107
61 119
61 149
61 150
61 153
61 171
61 183
61 185
61 202
61 205
61 226
61 227
61 232
61 235
61 251
61 255
62 70
62 74
62 90
62 92
62 107
62 119
62 149
62 150
62 153
62 171
62 183
62 185
62 202
62 205
62 226
62 227
62 232
62 235
62 251
62 255
63 70
63 74
63 90
63 92
63 107
63 119
63 149
63 150
63 153
63 171
63 183
63 185
63 202
63 205
63 226
63 227
63 232
63 235
63 251
63 255
64 74
64 90
64 92
64 107
64 119
64 149
64 153
64 183
64 185
64 202
64 205
64 226
64 227
64 232
64 235
64 251
65 74
65 90
65 92
65 107
65 119
65 149
65 153
65 183
65 185
65 202
65 205
65 226
65 227
65 232
65 235
65 251
66 74
66 90
66 92
66 107
66 119
66 149
66 153
66 183
66 185
66 202
66 205
66 226
66 227
66 232
66 235
66 251
67 74
67 90
67 92
67 107
67 116
67 119
67 149
67 153
67 183
67 195
67 202
67 205
67 226
67 227
67 232
67 235
67 251
68 74
68 90
68 92
68 107
68 116
68 119
68 149
68 153
68 183
68 195
68 202
68 205
68 226
68 227
68 232
68 235
68 251
69 74
69 90
69 92
69 107
69 116
69 119
69 136
69 149
69 153
69 183
69 195
69 202
69 205
69 226
69 227
69 232
69 235
69 251
70 74
70 84
70 92
70 107
70 116
70 119
70 136
70 153
70 183
70 195
70 202
70 205
70 226
70 227
70 229
70 232
70 235
70 251
71 74
71 92
71 107
71 108
71 116
71 136
71 153
71 183
71 195
71 202
71 205
71 226
71 227
71 229
71 232
71 235
71 251
72 74
72 107
72 108
72 116
72 136
72 153
72 183
72 195
72 202
72 205
72 226
72 227
72 229
72 232
72 235
72 251
73 74
73 107
73 108
73 116
73 136
73 153
73 183
73 195
73 202
73 205
73 225
73 226
73 227
73 229
73 232
73 235
73 251
74 74
74 107
74 108
74 116
74 136
74 153
74 183
74 195
74 202
74 205
74 225
74 226
74 227
74 229
74 232
74 235
74 251
75 116
75 153
75 183
75 195
75 205
75 212
75 225
75 226
75 227
75 229
75 235
75 251
76 93
76 113
76 116
76 153
76 183
76 195
76 205
76 212
76 225
76 226
76 229
76 235
76 251
77 93
77 112
77 113
77 116
77 153
77 183
77 195
77 205
77 212
77 225
77 226
77 229
77 235
77 251
78 93
78 112
78 113
78 116
78 153
78 183
78 195
78 205
78 212
78 225
78 226
78 229
78 235
78 251
79 93
79 105
79 112
79 113
79 116
79 137
79 153
79 183
79 195
79 205
79 212
79 225
79 226
79 229
79 235
79 251
80 93
80 105
80 112
80 116
80 137
80 153
80 183
80 195
80 205
80 212
80 225
80 226
80 229
80 235
80 251
81 93
81 105
81 112
81 116
81 137
81 153
81 183
81 195
81 205
81 212
81 225
81 226
81 229
81 235
81 251
82 93
82 105
82 112
82 114
82 116
82 137
82 153
82 174
82 181
82 183
82 195
82 212
82 225
82 226
82 229
82 235
82 251
83 93
83 105
83 114
83 116
83 137
83 153
83 166
83 174
83 181
83 183
83 195
83 225
83 226
83 229
83 235
83 251
83 259
84 93
84 105
84 106
84 114
84 116
84 137
84 145
84 153
84 166
84 174
84 181
84 183
84 195
84 225
84 226
84 229
84 231
84 251
84 259
85 105
85 106
85 114
85 116
85 137
85 145
85 153
85 174
85 181
85 183
85 195
85 225
85 226
85 229
85 231
85 247
85 251
85 259
86 105
86 106
86 114
86 116
86 137
86 145
86 153
86 174
86 181
86 183
86 195
86 225
86 226
86 229
86 231
86 247
86 251
86 259
87 105
87 106
87 114
87 116
87 137
87 145
87 156
87 174
87 181
87 183
87 195
87 225
87 226
87 229
87 231
87 247
87 251
87 259
87 261
88 105
88 106
88 114
88 116
88 137
88 145
88 156
88 174
88 181
88 183
88 195
88 225
88 226
88 229
88 231
88 247
88 251
88 259
88 261
89 105
89 106
89 111
89 114
89 116
89 137
89 145
89 148
89 156
89 174
89 181
89 183
89 195
89 199
89 225
89 226
89 229
89 231
89 247
89 251
89 259
89 261
90 105
90 106
90 111
90 114
90 116
90 137
90 145
90 148
90 156
90 169
90 174
90 181
90 183
90 195
90 199
90 225
90 229
90 231
90 247
90 251
90 259
90 261
91 105
91 106
91 111
91 114
91 116
91 137
91 148
91 156
91 169
91 174
91 181
91 183
91 195
91 199
91 225
91 229
91 231
91 247
91 251
91 256
91 259
91 261
92 105
92 106
92 111
92 114
92 116
92 137
92 148
92 156
92 169
92 174
92 181
92 183
92 195
92 199
92 225
92 229
92 231
92 247
92 251
92 252
92 256
92 259
92 261
93 105
93 106
93 111
93 114
93 116
93 133
93 137
93 148
93 156
93 169
93 174
93 181
93 183
93 195
93 199
93 225
93 229
93 231
93 247
93 248
93 251
93 252
93 256
93 259
93 261
94 105
94 106
94 111
94 114
94 116
94 133
94 137
94 148
94 156
94 169
94 174
94 181
94 183
94 195
94 199
94 225
94 229
94 231
94 247
94 248
94 251
94 252
94 256
94 259
94 261
95 105
95 106
95 111
95 114
95 116
95 133
95 137
95 148
95 156
95 169
95 174
95 181
95 183
95 195
95 199
95 225
95 229
95 231
95 247
95 248
95 251
95 252
95 256
95 259
95 261
96 105
96 106
96 111
96 114
96 116
96 133
96 137
96 148
96 156
96 169
96 174
96 181
96 183
96 188
96 195
96 199
96 225
96 231
96 247
96 248
96 251
96 252
96 256
96 259
97 105
97 106
97 111
97 114
97 116
97 133
97 137
97 140
97 148
97 156
97 169
97 173
97 174
97 181
97 183
97 188
97 195
97 199
97 225
97 231
97 247
97 248
97 251
97 252
97 259
98 105
98 106
98 111
98 114
98 116
98 133
98 137
98 140
98 148
98 156
98 169
98 173
98 174
98 181
98 183
98 188
98 195
98 199
98 219
98 225
98 231
98 247
98 248
98 251
98 252
98 259
99 105
99 106
99 111
99 114
99 116
99 133
99 137
99 140
99 148
99 156
99 169
99 173
99 174
99 181
99 183
99 188
99 195
99 199
99 219
99 225
99 231
99 247
99 248
99 251
99 252
99 259
100 105
100 106
100 111
100 114
100 116
100 133
100 137
100 140
100 148
100 156
100 169
100 173
100 174
100 181
100 183
100 188
100 195
100 199
100 219
100 225
100 231
100 247
100 248
100 251
100 252
100 259
101 106
101 111
101 116
101 118
101 133
101 137
101 147
101 156
101 169
101 173
101 181
101 183
101 188
101 195
101 199
101 225
101 231
101 247
101 248
101 249
101 251
101 252
101 259
102 106
102 111
102 116
102 118
102 126
102 133
102 137
102 147
102 156
102 173
102 181
102 183
102 188
102 190
102 195
102 199
102 225
102 247
102 248
102 249
102 251
102 252
102 259
103 106
103 111
103 116
103 118
103 126
103 133
103 137
103 147
103 156
103 173
103 181
103 183
103 188
103 190
103 195
103 199
103 225
103 247
103 248
103 249
103 251
103 252
103 259
104 106
104 111
104 116
104 118
104 126
104 133
104 147
104 156
104 157
104 161
104 173
104 181
104 183
104 190
104 195
104 196
104 199
104 225
104 248
104 249
104 251
104 252
104 259
105 106
105 111
105 116
105 118
105 126
105 133
105 147
105 156
105 157
105 161
105 172
105 173
105 181
105 183
105 190
105 195
105 196
105 199
105 225
105 248
105 249
105 251
105 252
105 259
106 106
106 111
106 116
106 118
106 126
106 133
106 147
106 156
106 157
106 161
106 172
106 173
106 181
106 183
106 190
106 195
106 196
106 199
106 225
106 248
106 249
106 251
106 252
106 259
107 111
107 116
107 125
107 126
107 133
107 156
107 157
107 161
107 172
107 173
107 181
107 190
107 195
107 196
107 199
107 220
107 225
107 248
107 249
107 252
107 259
108 111
108 116
108 125
108 126
108 133
108 156
108 161
108 172
108 173
108 181
108 190
108 195
108 196
108 199
108 220
108 225
108 248
108 249
108 252
108 259
109 111
109 116
109 125
109 126
109 133
109 156
109 161
109 170
109 172
109 173
109 181
109 190
109 195
109 196
109 220
109 225
109 248
109 249
109 252
109 259
110 111
110 116
110 125
110 126
110 133
110 156
110 161
110 170
110 172
110 173
110 181
110 190
110 195
110 196
110 220
110 225
110 248
110 249
110 252
110 259
111 111
111 125
111 126
111 133
111 156
111 161
111 170
111 172
111 173
111 181
111 190
111 196
111 220
111 225
111 248
111 249
111 252
111 259
112 111
112 125
112 126
112 133
112 156
112 161
112 170
112 172
112 173
112 181
112 190
112 196
112 220
112 225
112 248
112 249
112 252
112 259
113 125
113 133
113 135
113 156
113 161
113 163
113 170
113 172
113 173
113 181
113 190
113 196
113 214
113 220
113 225
113 248
113 249
113 252
113 259
114 125
114 133
114 135
114 156
114 161
114 163
114 170
114 172
114 173
114 181
114 190
114 196
114 214
114 220
114 225
114 248
114 249
114 252
114 259
115 125
115 133
115 135
115 161
115 163
115 170
115 172
115 173
115 181
115 190
115 196
115 214
115 218
115 220
115 225
115 248
115 249
115 252
115 259
116 125
116 133
116 135
116 161
116 163
116 170
116 172
116 173
116 181
116 190
116 196
116 201
116 214
116 218
116 220
116 225
116 248
116 249
116 252
116 259
117 125
117 135
117 143
117 161
117 163
117 170
117 172
117 173
117 181
117 190
117 196
117 201
117 214
117 218
117 220
117 225
117 239
117 248
117 249
117 252
117 259
118 125
118 135
118 143
118 161
118 163
118 170
118 172
118 173
118 181
118 190
118 196
118 197
118 201
118 214
118 218
118 220
118 225
118 239
118 248
118 249
118 252
118 259
119 125
119 135
119 143
119 161
119 163
119 170
119 172
119 173
119 181
119 190
119 196
119 197
119 201
119 214
119 218
119 220
119 225
119 239
119 248
119 249
119 252
119 259
120 125
120 143
120 161
120 163
120 170
120 172
120 173
120 175
120 181
120 190
120 196
120 197
120 201
120 214
120 218
120 220
120 225
120 239
120 248
120 249
120 252
120 259
121 125
121 143
121 161
121 163
121 170
121 172
121 173
121 175
121 181
121 190
121 196
121 197
121 201
121 214
121 218
121 220
121 225
121 239
121 248
121 249
121 252
121 259
122 125
122 143
122 161
122 163
122 170
122 172
122 173
122 175
122 181
122 182
122 190
122 196
122 197
122 201
122 214
122 218
122 220
122 225
122 239
122 248
122 249
122 252
122 259
123 125
123 143
123 161
123 163
123 170
123 172
123 175
123 181
123 182
123 190
123 196
123 197
123 201
123 214
123 218
123 220
123 225
123 239
123 248
123 249
123 252
123 259
124 125
124 134
124 143
124 159
124 161
124 163
124 170
124 172
124 175
124 181
124 182
124 196
124 197
124 201
124 214
124 217
124 220
124 225
124 239
124 248
124 249
124 252
124 259
125 125
125 134
125 143
125 159
125 161
125 163
125 170
125 172
125 175
125 181
125 182
125 196
125 197
125 201
125 214
125 217
125 220
125 225
125 248
125 249
125 252
125 259
126 125
126 134
126 143
126 159
126 161
126 163
126 170
126 172
126 175
126 181
126 182
126 196
126 197
126 201
126 214
126 217
126 220
126 225
126 248
126 249
126 252
126 259
127 125
127 134
127 143
127 159
127 161
127 163
127 170
127 172
127 175
127 181
127 182
127 196
127 197
127 201
127 214
127 217
127 220
127 225
127 248
127 249
127 252
127 259
128 125
128 134
128 138
128 143
128 159
128 161
128 163
128 170
128 172
128 175
128 181
128 182
128 196
128 197
128 201
128 214
128 217
128 220
128 225
128 248
128 249
128 252
128 259
129 125
129 134
129 138
129 143
129 159
129 161
129 163
129 170
129 175
129 181
129 182
129 196
129 197
129 201
129 214
129 217
129 220
129 225
129 248
129 249
129 252
129 259
130 125
130 134
130 138
130 143
130 159
130 161
130 163
130 170
130 175
130 181
130 182
130 196
130 197
130 201
130 214
130 217
130 220
130 225
130 248
130 249
130 252
130 259
131 125
131 134
131 138
131 143
131 159
131 161
131 170
131 175
131 181
131 182
131 196
131 197
131 201
131 214
131 217
131 220
131 225
131 248
131 249
131 252
131 259
132 125
132 134
132 138
132 143
132 159
132 161
132 170
132 175
132 181
132 182
132 196
132 197
132 201
132 214
132 217
132 220
132 225
132 248
132 249
132 252
132 259
133 125
133 134
133 138
133 143
133 146
133 159
133 161
133 170
133 175
133 181
133 182
133 196
133 197
133 201
133 217
133 220
133 225
133 248
133 249
133 259
134 125
134 134
134 138
134 143
134 146
134 159
134 161
134 170
134 175
134 181
134 182
134 196
134 197
134 201
134 217
134 220
134 225
134 248
134 249
134 259
135 125
135 134
135 138
135 143
135 146
135 159
135 161
135 170
135 175
135 181
135 182
135 196
135 197
135 201
135 217
135 220
135 225
135 248
135 249
135 259
136 134
136 143
136 146
136 159
136 161
136 170
136 175
136 181
136 182
136 196
136 197
136 201
136 208
136 217
136 220
136 225
136 248
136 249
136 259
137 134
137 143
137 146
137 159
137 161
137 170
137 175
137 181
137 182
137 196
137 197
137 201
137 208
137 217
137 220
137 225
137 248
137 249
137 259
138 134
138 143
138 146
138 159
138 161
138 170
138 175
138 181
138 182
138 196
138 197
138 201
138 208
138 217
138 220
138 225
138 248
138 249
138 259
139 134
139 143
139 146
139 159
139 161
139 170
139 175
139 181
139 182
139 196
139 197
139 201
139 208
139 217
139 220
139 225
139 248
139 249
139 259
140 143
140 146
140 159
140 161
140 170
140 175
140 181
140 182
140 196
140 197
140 201
140 208
140 217
140 220
140 225
140 248
140 249
140 259
141 143
141 146
141 159
141 161
141 170
141 175
141 181
141 182
141 196
141 197
141 201
141 208
141 217
141 220
141 225
141 248
141 249
141 259
142 143
142 146
142 159
142 161
142 170
142 181
142 182
142 196
142 197
142 201
142 208
142 217
142 220
142 221
142 223
142 225
142 234
142 249
142 259
143 143
143 146
143 159
143 161
143 181
143 182
143 196
143 197
143 201
143 208
143 217
143 220
143 221
143 223
143 225
143 234
143 249
143 259
144 143
144 146
144 159
144 161
144 181
144 182
144 196
144 197
144 201
144 208
144 217
144 220
144 221
144 223
144 225
144 234
144 249
144 259
145 143
145 146
145 159
145 161
145 181
145 182
145 196
145 197
145 201
145 208
145 217
145 220
145 221
145 223
145 225
145 234
145 249
145 259
146 143
146 146
146 159
146 161
146 165
146 178
146 179
146 181
146 182
146 196
146 197
146 208
146 217
146 220
146 221
146 223
146 225
146 234
146 259
147 143
147 146
147 159
147 165
147 178
147 179
147 181
147 182
147 192
147 196
147 197
147 208
147 217
147 220
147 221
147 223
147 225
147 230
147 234
147 258
147 259
148 143
148 146
148 159
148 165
148 178
148 179
148 182
148 192
148 196
148 197
148 208
148 217
148 220
148 221
148 223
148 225
148 230
148 234
148 240
148 254
148 258
148 259
149 143
149 146
149 159
149 165
149 178
149 179
149 182
149 196
149 197
149 208
149 217
149 220
149 221
149 223
149 225
149 228
149 230
149 233
149 234
149 240
149 254
149 258
149 259
150 143
150 146
150 159
150 165
150 178
150 179
150 182
150 196
150 197
150 208
150 217
150 220
150 221
150 223
150 225
150 228
150 230
150 233
150 234
150 240
150 254
150 258
150 259
151 143
151 146
151 159
151 165
151 178
151 179
151 182
151 196
151 197
151 208
151 217
151 220
151 221
151 223
151 225
151 228
151 230
151 233
151 234
151 240
151 254
151 258
151 259
152 143
152 146
152 159
152 178
152 179
152 180
152 182
152 196
152 197
152 198
152 208
152 217
152 220
152 221
152 223
152 228
152 230
152 233
152 234
152 240
152 254
152 258
152 259
153 143
153 146
153 159
153 178
153 179
153 180
153 182
153 196
153 197
153 198
153 208
153 215
153 217
153 220
153 221
153 223
153 230
153 233
153 234
153 240
153 254
153 258
153 259
154 143
154 146
154 159
154 178
154 179
154 180
154 182
154 196
154 197
154 198
154 208
154 215
154 217
154 220
154 221
154 223
154 230
154 233
154 234
154 240
154 254
154 258
154 259
155 159
155 178
155 179
155 180
155 182
155 196
155 197
155 198
155 208
155 215
155 217
155 220
155 221
155 223
155 230
155 233
155 234
155 240
155 246
155 250
155 254
155 258
155 259
156 159
156 179
156 180
156 182
156 196
156 197
156 198
156 208
156 215
156 217
156 220
156 221
156 223
156 230
156 233
156 234
156 240
156 246
156 250
156 254
156 258
156 259
157 159
157 179
157 180
157 182
157 196
157 197
157 198
157 208
157 215
157 217
157 220
157 221
157 223
157 230
157 233
157 234
157 240
157 246
157 250
157 254
157 258
157 259
158 159
158 179
158 180
158 182
158 187
158 196
158 197
158 198
158 208
158 215
158 217
158 220
158 221
158 223
158 230
158 233
158 234
158 240
158 246
158 250
158 254
158 258
159 159
159 179
159 180
159 182
159 187
159 196
159 197
159 198
159 208
159 215
159 217
159 220
159 221
159 223
159 230
159 233
159 234
159 240
159 246
159 250
159 254
159 258
160 179
160 180
160 182
160 184
160 187
160 196
160 197
160 198
160 208
160 209
160 215
160 217
160 220
160 221
160 223
160 230
160 233
160 234
160 240
160 246
160 250
160 254
160 258
161 179
161 180
161 182
161 184
161 187
161 196
161 197
161 198
161 208
161 209
161 215
161 220
161 221
161 223
161 230
161 233
161 234
161 240
161 246
161 250
161 254
161 258
162 179
162 180
162 182
162 184
162 187
162 196
162 197
162 198
162 208
162 209
162 215
162 220
162 221
162 223
162 230
162 233
162 234
162 240
162 246
162 250
162 254
162 258
163 179
163 180
163 182
163 184
163 187
163 196
163 197
163 198
163 208
163 209
163 215
163 220
163 221
163 223
163 230
163 233
163 234
163 240
163 246
163 250
163 254
163 258
164 179
164 180
164 182
164 184
164 187
164 196
164 197
164 198
164 208
164 209
164 215
164 220
164 221
164 223
164 230
164 233
164 234
164 240
164 246
164 250
164 254
164 258
165 179
165 180
165 182
165 184
165 187
165 196
165 197
165 198
165 208
165 209
165 215
165 220
165 221
165 223
165 230
165 233
165 234
165 240
165 246
165 250
165 254
165 258
166 179
166 180
166 182
166 184
166 187
166 196
166 197
166 198
166 208
166 209
166 221
166 223
166 230
166 233
166 240
166 246
166 250
166 254
166 258
167 180
167 182
167 184
167 187
167 197
167 198
167 208
167 209
167 221
167 223
167 230
167 233
167 240
167 246
167 254
167 258
168 180
168 182
168 184
168 187
168 197
168 198
168 208
168 209
168 221
168 223
168 230
168 233
168 240
168 246
168 254
168 258
169 180
169 182
169 187
169 197
169 198
169 208
169 209
169 221
169 223
169 230
169 233
169 236
169 240
169 246
169 254
169 258
170 180
170 182
170 187
170 197
170 198
170 208
170 209
170 213
170 221
170 223
170 230
170 233
170 236
170 240
170 246
170 254
170 258
171 180
171 182
171 187
171 197
171 198
171 208
171 209
171 213
171 221
171 223
171 230
171 233
171 236
171 240
171 246
171 254
171 258
172 180
172 182
172 187
172 197
172 198
172 208
172 209
172 213
172 221
172 223
172 230
172 233
172 236
172 240
172 246
172 254
172 258
173 180
173 182
173 187
173 197
173 198
173 208
173 209
173 213
173 221
173 223
173 230
173 233
173 236
173 240
173 246
173 254
173 258
174 180
174 182
174 187
174 208
174 209
174 213
174 221
174 223
174 230
174 233
174 236
174 240
174 246
174 254
174 258
175 180
175 182
175 187
175 208
175 209
175 213
175 221
175 223
175 230
175 233
175 236
175 240
175 246
175 254
175 258
176 180
176 182
176 187
176 208
176 209
176 213
176 221
176 223
176 230
176 233
176 236
176 240
176 246
176 254
176 258
177 180
177 182
177 187
177 208
177 209
177 213
177 221
177 223
177 230
177 233
177 236
177 246
177 254
177 258
178 180
178 182
178 187
178 208
178 209
178 213
178 221
178 223
178 230
178 233
178 236
178 246
178 254
178 258
179 180
179 182
179 187
179 208
179 209
179 213
179 221
179 223
179 230
179 236
179 246
179 254
180 180
180 182
180 191
180 208
180 209
180 213
180 221
180 223
180 230
180 236
180 245
180 254
181 180
181 182
181 191
181 208
181 209
181 213
181 221
181 223
181 230
181 236
181 245
181 254
182 180
182 182
182 191
182 208
182 209
182 223
182 230
182 236
182 245
182 254
183 180
183 182
183 191
183 208
183 209
183 223
183 230
183 236
183 245
183 254
184 180
184 182
184 191
184 208
184 209
184 223
184 230
184 236
184 245
184 254
185 180
185 182
185 191
185 208
185 209
185 223
185 236
185 245
185 254
186 180
186 182
186 191
186 208
186 209
186 236
186 245
186 254
187 180
187 182
187 191
187 208
187 209
187 236
187 245
187 254
188 180
188 182
188 191
188 208
188 209
188 236
188 245
189 180
189 182
189 191
189 208
189 209
189 236
189 245
190 180
190 182
190 191
190 209
190 236
190 245
191 180
191 182
191 209
191 245
192 180
192 182
192 209
192 238
192 245
192 257
193 180
193 182
193 209
193 238
193 245
193 257
194 180
194 182
194 209
194 238
194 245
194 257
195 180
195 182
195 209
195 238
195 245
195 257
196 180
196 182
196 209
196 238
196 245
196 257
197 180
197 182
197 209
197 238
197 245
197 257
198 180
198 209
198 238
198 245
198 257
199 180
199 209
199 238
199 245
199 257
200 180
200 209
200 238
200 245
200 257
201 180
201 209
201 238
201 245
201 257
202 180
202 209
202 238
202 245
202 257
202 262
203 180
203 209
203 238
203 245
203 257
203 262
204 180
204 209
204 238
204 245
204 257
204 262
205 180
205 209
205 238
205 245
205 257
205 262
206 180
206 209
206 238
206 245
206 257
206 262
207 180
207 209
207 238
207 245
207 257
207 262
208 180
208 209
208 238
208 245
208 257
208 262
209 180
209 209
209 238
209 245
209 257
209 262
210 180
210 209
210 238
210 245
210 257
210 262
211 180
211 209
211 238
211 245
211 257
211 262
212 180
212 209
212 238
212 242
212 245
212 257
212 262
213 180
213 209
213 238
213 242
213 245
213 257
213 262
214 180
214 209
214 238
214 242
214 245
214 257
214 262
215 180
215 209
215 238
215 242
215 245
215 257
215 262
216 180
216 209
216 238
216 242
216 245
216 257
216 262
217 180
217 209
217 238
217 242
217 245
217 257
217 262
218 180
218 238
218 245
218 262
219 180
219 238
219 245
219 262
220 180
220 238
220 245
220 262
221 180
221 238
221 244
221 245
221 262
222 237
222 238
222 245
222 262
223 237
223 238
223 245
223 262
224 237
224 238
224 245
224 262
225 237
225 238
225 245
225 262
226 237
226 238
226 245
226 262
227 237
227 238
227 245
227 262
228 237
228 238
228 245
228 262
229 237
229 238
229 245
229 262
230 238
230 262
231 238
231 262
232 238
232 260
232 262
233 238
233 260
233 262
234 238
234 260
234 262
235 238
235 260
235 262
236 238
236 260
236 262
237 238
237 260
237 262
238 260
238 262
239 260
239 262
240 260
240 262
241 260
241 262
242 260
242 262
243 260
243 262
244 260
244 262
245 260
245 262
246 260
246 262
247 260
247 262
248 260
248 262
249 260
249 262
250 260
250 262
251 260
251 262
252 260
252 262
253 260
253 262
254 260
254 262
255 260
255 262
256 260
256 262
257 260
257 262
258 260
258 262
259 260
259 262
260 260
260 262
261 260
261 262
262 262
