0 5
0 15
0 24
0 31
0 131
0 151
0 172
0 190
1 5
1 15
1 24
1 31
1 131
1 151
1 172
1 190
2 5
2 15
2 24
2 31
2 95
2 131
2 151
2 172
2 190
3 4
3 15
3 31
3 44
3 95
3 131
3 151
3 172
3 190
4 15
4 44
4 95
4 131
4 151
4 172
4 190
5 44
5 95
5 131
5 151
5 172
5 190
6 13
6 23
6 44
6 60
6 95
6 102
6 117
6 131
6 159
6 172
6 190
7 8
7 11
7 13
7 23
7 60
7 95
7 102
7 117
7 131
7 159
7 172
7 190
8 13
8 18
8 23
8 26
8 27
8 60
8 95
8 102
8 131
8 159
8 172
8 190
9 13
9 26
9 30
9 60
9 95
9 102
9 131
9 159
9 172
9 190
10 13
10 26
10 30
10 60
10 94
10 95
10 102
10 131
10 159
10 172
10 190
11 13
11 26
11 30
11 38
11 94
11 95
11 102
11 131
11 159
11 172
11 190
12 16
12 17
12 38
12 45
12 72
12 94
12 102
12 131
12 135
12 159
12 172
12 216
13 17
13 25
13 34
13 40
13 45
13 48
13 72
13 94
13 102
13 133
13 135
13 159
13 172
13 216
14 29
14 34
14 35
14 45
14 48
14 69
14 72
14 94
14 102
14 133
14 135
14 159
14 172
14 180
14 216
14 228
15 34
15 35
15 45
15 48
15 72
15 94
15 102
15 133
15 135
15 144
15 159
15 172
15 180
15 216
15 228
16 34
16 35
16 45
16 48
16 72
16 94
16 102
16 133
16 135
16 144
16 159
16 172
16 180
16 216
16 228
17 34
17 35
17 45
17 48
17 72
17 94
17 102
17 133
17 135
17 159
17 172
17 180
17 216
17 228
18 35
18 43
18 45
18 48
18 72
18 73
18 89
18 94
18 96
18 102
18 103
18 111
18 133
18 135
18 159
18 172
18 180
18 216
18 228
19 22
19 35
19 37
19 43
19 48
19 72
19 73
19 89
19 94
19 96
19 102
19 103
19 111
19 133
19 135
19 159
19 172
19 180
19 200
19 216
19 228
20 22
20 35
20 37
20 43
20 48
20 72
20 73
20 76
20 89
20 94
20 96
20 102
20 103
20 111
20 133
20 135
20 159
20 172
20 180
20 200
20 216
20 228
21 35
21 37
21 48
21 72
21 73
21 76
21 89
21 94
21 96
21 102
21 103
21 111
21 133
21 135
21 159
21 172
21 180
21 200
21 216
21 228
22 32
22 35
22 37
22 48
22 52
22 72
22 76
22 87
22 89
22 94
22 96
22 102
22 103
22 111
22 133
22 135
22 159
22 166
22 172
22 180
22 200
22 216
22 218
22 228
23 28
23 32
23 35
23 37
23 48
23 52
23 72
23 76
23 87
23 89
23 94
23 96
23 102
23 103
23 111
23 133
23 135
23 159
23 166
23 172
23 180
23 200
23 216
23 218
24 28
24 32
24 35
24 37
24 48
24 52
24 72
24 76
24 87
24 89
24 94
24 96
24 102
24 103
24 111
24 133
24 135
24 159
24 166
24 172
24 180
24 200
24 216
24 218
25 32
25 37
25 48
25 51
25 52
25 76
25 79
25 87
25 89
25 94
25 96
25 102
25 103
25 111
25 125
25 133
25 135
25 159
25 166
25 172
25 180
25 197
25 200
25 216
25 218
26 33
26 37
26 47
26 51
26 52
26 76
26 79
26 87
26 89
26 94
26 96
26 102
26 103
26 125
26 133
26 135
26 159
26 166
26 172
26 180
26 197
26 200
26 216
26 218
27 33
27 37
27 47
27 51
27 52
27 71
27 76
27 79
27 89
27 94
27 96
27 102
27 103
27 125
27 133
27 135
27 159
27 166
27 172
27 180
27 197
27 200
27 216
27 218
28 33
28 37
28 47
28 51
28 52
28 71
28 76
28 79
28 86
28 89
28 94
28 96
28 102
28 103
28 125
28 133
28 135
28 159
28 166
28 172
28 180
28 197
28 200
28 216
28 218
29 33
29 37
29 42
29 47
29 51
29 52
29 71
29 76
29 79
29 86
29 89
29 94
29 96
29 102
29 103
29 125
29 133
29 135
29 159
29 166
29 172
29 180
29 197
29 200
29 216
29 218
30 37
30 42
30 47
30 51
30 52
30 61
30 71
30 76
30 79
30 86
30 89
30 94
30 96
30 102
30 103
30 125
30 133
30 135
30 159
30 166
30 172
30 180
30 200
30 216
30 218
31 37
31 42
31 47
31 49
31 51
31 52
31 61
31 71
31 76
31 79
31 86
31 89
31 94
31 96
31 102
31 103
31 125
31 133
31 135
31 159
31 166
31 172
31 180
31 200
31 216
31 218
32 37
32 42
32 47
32 51
32 52
32 61
32 71
32 76
32 79
32 86
32 89
32 94
32 96
32 102
32 103
32 125
32 133
32 135
32 143
32 159
32 160
32 166
32 172
32 180
32 200
32 216
32 218
33 37
33 39
33 47
33 51
33 55
33 67
33 76
33 79
33 81
33 89
33 94
33 96
33 102
33 105
33 125
33 133
33 135
33 143
33 159
33 160
33 166
33 172
33 180
33 200
33 218
34 37
34 39
34 47
34 51
34 55
34 67
34 76
34 79
34 81
34 89
34 90
34 94
34 96
34 102
34 105
34 125
34 133
34 135
34 143
34 159
34 160
34 166
34 172
34 180
34 200
34 218
35 37
35 39
35 41
35 47
35 51
35 55
35 76
35 79
35 81
35 89
35 90
35 94
35 96
35 102
35 105
35 125
35 159
35 160
35 166
35 172
35 180
35 200
35 206
35 218
35 237
36 37
36 39
36 41
36 46
36 47
36 51
36 76
36 79
36 81
36 90
36 94
36 96
36 102
36 105
36 159
36 160
36 166
36 172
36 180
36 200
36 206
36 218
36 237
36 246
37 46
37 47
37 51
37 58
37 76
37 77
37 79
37 80
37 81
37 90
37 94
37 102
37 105
37 155
37 159
37 160
37 166
37 180
37 200
37 206
37 218
37 237
37 246
38 46
38 51
38 58
38 68
38 76
38 77
38 79
38 80
38 81
38 90
38 94
38 102
38 105
38 155
38 159
38 160
38 166
38 180
38 200
38 206
38 218
38 237
38 246
39 46
39 51
39 58
39 68
39 76
39 77
39 79
39 80
39 81
39 90
39 94
39 102
39 105
39 155
39 159
39 160
39 166
39 180
39 200
39 206
39 218
39 237
39 246
40 46
40 51
40 58
40 68
40 76
40 77
40 79
40 80
40 81
40 85
40 90
40 94
40 102
40 105
40 155
40 159
40 160
40 166
40 179
40 180
40 200
40 206
40 218
40 237
40 246
41 46
41 51
41 58
41 68
41 76
41 77
41 79
41 80
41 81
41 85
41 90
41 102
41 105
41 155
41 157
41 159
41 160
41 166
41 179
41 180
41 200
41 206
41 218
41 237
41 246
41 253
42 46
42 51
42 58
42 68
42 76
42 77
42 81
42 90
42 102
42 105
42 155
42 157
42 159
42 160
42 166
42 179
42 180
42 195
42 200
42 206
42 218
42 237
42 246
42 253
43 46
43 51
43 54
43 58
43 68
43 76
43 77
43 81
43 90
43 102
43 105
43 155
43 157
43 159
43 160
43 166
43 179
43 180
43 195
43 200
43 206
43 210
43 218
43 237
43 246
43 253
44 46
44 54
44 58
44 68
44 76
44 77
44 81
44 90
44 102
44 106
44 155
44 157
44 159
44 160
44 166
44 179
44 180
44 195
44 200
44 206
44 210
44 212
44 218
44 237
44 246
44 253
45 46
45 58
45 77
45 81
45 90
45 106
45 155
45 157
45 159
45 160
45 163
45 166
45 179
45 180
45 195
45 200
45 206
45 210
45 212
45 218
45 237
45 246
45 253
45 256
46 50
46 53
46 59
46 77
46 81
46 106
46 113
46 134
46 159
46 160
46 163
46 166
46 179
46 180
46 195
46 200
46 206
46 210
46 212
46 218
46 221
46 237
46 246
46 247
46 253
46 256
47 50
47 53
47 57
47 59
47 77
47 81
47 106
47 110
47 113
47 134
47 159
47 160
47 163
47 166
47 179
47 180
47 195
47 196
47 200
47 206
47 210
47 212
47 218
47 221
47 237
47 246
47 247
47 253
47 256
48 50
48 53
48 56
48 57
48 59
48 66
48 77
48 81
48 106
48 110
48 113
48 134
48 137
48 142
48 159
48 160
48 163
48 166
48 179
48 180
48 184
48 195
48 200
48 206
48 210
48 212
48 218
48 221
48 237
48 246
48 253
48 256
49 50
49 53
49 56
49 57
49 59
49 66
49 77
49 81
49 106
49 110
49 113
49 134
49 137
49 142
49 159
49 160
49 163
49 166
49 179
49 180
49 184
49 195
49 200
49 206
49 210
49 212
49 218
49 221
49 237
49 246
49 253
49 256
50 50
50 53
50 56
50 59
50 62
50 63
50 66
50 77
50 81
50 106
50 110
50 113
50 134
50 137
50 142
50 159
50 160
50 163
50 166
50 179
50 180
50 195
50 200
50 206
50 210
50 212
50 218
50 221
50 237
50 246
50 253
50 256
51 50
51 53
51 56
51 59
51 62
51 63
51 66
51 77
51 81
51 106
51 110
51 113
51 134
51 137
51 142
51 159
51 160
51 163
51 166
51 179
51 180
51 195
51 200
51 206
51 210
51 212
51 218
51 221
51 237
51 246
51 253
51 256
52 50
52 53
52 56
52 59
52 62
52 63
52 66
52 77
52 81
52 106
52 110
52 113
52 134
52 137
52 142
52 159
52 160
52 163
52 166
52 179
52 180
52 195
52 200
52 206
52 210
52 212
52 218
52 221
52 237
52 246
52 253
52 256
53 50
53 53
53 56
53 59
53 62
53 63
53 66
53 77
53 81
53 106
53 110
53 113
53 134
53 137
53 142
53 159
53 160
53 163
53 166
53 179
53 180
53 195
53 200
53 206
53 210
53 212
53 218
53 221
53 237
53 246
53 253
53 256
54 50
54 53
54 56
54 62
54 63
54 65
54 66
54 77
54 81
54 106
54 110
54 113
54 134
54 137
54 142
54 148
54 159
54 160
54 163
54 166
54 179
54 180
54 195
54 200
54 206
54 210
54 212
54 218
54 221
54 237
54 246
54 253
54 256
55 50
55 53
55 56
55 62
55 63
55 65
55 66
55 70
55 77
55 81
55 106
55 110
55 113
55 134
55 137
55 142
55 148
55 159
55 160
55 163
55 166
55 180
55 195
55 200
55 201
55 206
55 210
55 212
55 218
55 221
55 237
55 246
55 253
55 256
56 53
56 56
56 62
56 63
56 65
56 66
56 70
56 77
56 81
56 106
56 110
56 113
56 134
56 137
56 142
56 148
56 159
56 160
56 163
56 166
56 180
56 195
56 200
56 201
56 206
56 210
56 212
56 218
56 221
56 237
56 246
56 253
56 256
57 62
57 63
57 65
57 66
57 70
57 77
57 81
57 106
57 110
57 113
57 134
57 137
57 142
57 148
57 159
57 160
57 163
57 166
57 180
57 200
57 201
57 206
57 210
57 212
57 218
57 221
57 237
57 246
57 253
57 256
58 62
58 63
58 65
58 66
58 70
58 99
58 106
58 108
58 134
58 137
58 142
58 148
58 159
58 160
58 163
58 166
58 180
58 188
58 200
58 206
58 210
58 212
58 218
58 221
58 230
58 237
58 246
58 253
58 256
59 62
59 64
59 70
59 75
59 97
59 99
59 106
59 118
59 134
59 142
59 148
59 160
59 161
59 163
59 166
59 180
59 200
59 206
59 210
59 212
59 218
59 221
59 230
59 237
59 246
59 253
59 256
60 62
60 64
60 70
60 75
60 97
60 99
60 106
60 118
60 134
60 148
60 160
60 161
60 163
60 166
60 180
60 200
60 206
60 210
60 212
60 218
60 221
60 230
60 237
60 246
60 253
60 256
61 62
61 64
61 70
61 75
61 97
61 99
61 106
61 118
61 134
61 148
61 160
61 161
61 163
61 166
61 180
61 200
61 206
61 210
61 212
61 218
61 221
61 230
61 237
61 246
61 253
61 256
62 62
62 64
62 70
62 75
62 97
62 99
62 106
62 118
62 134
62 148
62 161
62 163
62 166
62 180
62 200
62 206
62 210
62 212
62 218
62 221
62 237
62 246
62 253
62 256
63 64
63 70
63 75
63 97
63 106
63 118
63 148
63 161
63 163
63 166
63 180
63 200
63 206
63 210
63 212
63 218
63 221
63 237
63 246
63 253
63 256
64 64
64 70
64 75
64 83
64 97
64 106
64 112
64 118
64 132
64 148
64 161
64 163
64 166
64 180
64 200
64 206
64 210
64 212
64 218
64 237
64 246
64 253
64 256
65 70
65 75
65 83
65 97
65 106
65 112
65 118
65 132
65 148
65 161
65 163
65 166
65 180
65 200
65 206
65 210
65 212
65 218
65 237
65 246
65 253
65 256
66 70
66 75
66 83
66 97
66 106
66 112
66 118
66 132
66 148
66 161
66 163
66 166
66 180
66 200
66 206
66 210
66 212
66 218
66 237
66 246
66 253
66 256
67 70
67 75
67 83
67 97
67 106
67 112
67 118
67 132
67 148
67 161
67 163
67 166
67 180
67 200
67 206
67 210
67 212
67 218
67 237
67 246
67 253
67 256
68 70
68 75
68 106
68 112
68 118
68 122
68 132
68 148
68 163
68 166
68 180
68 200
68 204
68 206
68 210
68 212
68 218
68 232
68 237
68 239
68 246
68 256
69 70
69 75
69 106
69 112
69 118
69 122
69 130
69 132
69 148
69 163
69 166
69 180
69 200
69 204
69 206
69 210
69 212
69 218
69 232
69 237
69 239
69 246
69 256
70 70
70 75
70 106
70 112
70 118
70 122
70 130
70 132
70 148
70 163
70 166
70 180
70 200
70 204
70 206
70 210
70 212
70 218
70 232
70 237
70 239
70 246
70 256
71 70
71 75
71 88
71 106
71 112
71 116
71 118
71 122
71 130
71 132
71 148
71 163
71 166
71 180
71 200
71 204
71 206
71 210
71 212
71 218
71 232
71 237
71 239
71 246
71 256
72 75
72 82
72 88
72 93
72 106
72 112
72 116
72 118
72 122
72 130
72 132
72 148
72 163
72 166
72 180
72 200
72 204
72 206
72 210
72 212
72 218
72 237
72 239
72 246
73 75
73 82
73 88
73 93
73 101
73 106
73 112
73 116
73 118
73 122
73 132
73 163
73 166
73 170
73 180
73 187
73 200
73 202
73 204
73 206
73 210
73 212
73 218
73 237
73 239
73 246
74 82
74 88
74 93
74 101
74 106
74 112
74 116
74 118
74 122
74 132
74 163
74 166
74 170
74 180
74 187
74 200
74 202
74 204
74 206
74 210
74 212
74 218
74 231
74 237
74 239
74 246
75 78
75 82
75 88
75 93
75 101
75 106
75 116
75 118
75 122
75 132
75 150
75 163
75 166
75 170
75 180
75 187
75 202
75 204
75 206
75 210
75 212
75 218
75 231
75 237
75 239
75 246
76 82
76 88
76 101
76 104
76 106
76 116
76 122
76 132
76 150
76 166
76 170
76 180
76 187
76 202
76 204
76 206
76 210
76 212
76 218
76 231
76 237
76 239
76 246
76 249
77 82
77 101
77 106
77 114
77 116
77 121
77 122
77 132
77 150
77 166
77 170
77 175
77 180
77 187
77 202
77 204
77 206
77 210
77 212
77 218
77 231
77 237
77 239
77 246
77 249
78 82
78 109
78 114
78 115
78 116
78 121
78 132
78 150
78 166
78 170
78 175
78 180
78 187
78 202
78 204
78 206
78 209
78 210
78 212
78 218
78 231
78 239
78 246
78 249
78 254
79 109
79 114
79 115
79 116
79 121
79 132
79 150
79 152
79 170
79 175
79 180
79 187
79 202
79 204
79 206
79 209
79 210
79 212
79 218
79 231
79 233
79 239
79 246
79 249
79 254
80 109
80 114
80 115
80 116
80 121
80 132
80 150
80 152
80 170
80 175
80 180
80 187
80 202
80 204
80 206
80 209
80 210
80 212
80 218
80 231
80 239
80 246
80 249
80 254
81 109
81 114
81 115
81 116
81 121
81 146
81 150
81 152
81 170
81 175
81 180
81 187
81 204
81 206
81 209
81 210
81 212
81 218
81 231
81 239
81 249
81 254
82 109
82 114
82 115
82 116
82 121
82 129
82 146
82 150
82 152
82 170
82 175
82 180
82 187
82 204
82 206
82 209
82 210
82 212
82 218
82 231
82 239
82 249
82 254
83 109
83 114
83 115
83 116
83 121
83 129
83 146
83 150
83 152
83 170
83 175
83 180
83 187
83 204
83 209
83 210
83 212
83 218
83 231
83 239
83 249
83 254
84 107
84 109
84 114
84 115
84 116
84 121
84 129
84 146
84 150
84 152
84 162
84 170
84 175
84 180
84 187
84 204
84 209
84 210
84 212
84 218
84 231
84 239
84 249
84 254
85 107
85 109
85 114
85 116
85 121
85 129
85 146
85 150
85 152
85 162
85 170
85 175
85 178
85 187
85 193
85 204
85 209
85 210
85 212
85 218
85 231
85 249
85 254
86 107
86 109
86 114
86 116
86 121
86 129
86 146
86 150
86 152
86 162
86 170
86 175
86 178
86 187
86 193
86 204
86 209
86 210
86 212
86 218
86 231
86 249
86 254
87 107
87 109
87 114
87 116
87 121
87 129
87 146
87 150
87 152
87 162
87 170
87 175
87 178
87 187
87 193
87 204
87 209
87 210
87 212
87 218
87 231
87 249
87 254
88 107
88 109
88 114
88 116
88 121
88 129
88 146
88 150
88 152
88 162
88 170
88 175
88 176
88 178
88 182
88 187
88 193
88 204
88 209
88 210
88 212
88 218
88 231
88 249
88 254
89 91
89 109
89 114
89 121
89 126
89 129
89 146
89 152
89 162
89 170
89 175
89 176
89 178
89 187
89 193
89 204
89 209
89 210
89 212
89 218
89 231
89 249
90 91
90 109
90 114
90 121
90 126
90 129
90 146
90 152
90 162
90 168
90 170
90 171
90 175
90 176
90 178
90 187
90 192
90 193
90 204
90 209
90 210
90 212
90 218
90 231
90 249
91 91
91 98
91 109
91 114
91 121
91 126
91 129
91 140
91 152
91 162
91 168
91 170
91 171
91 175
91 176
91 178
91 189
91 193
91 204
91 209
91 210
91 212
91 218
91 231
91 249
92 91
92 98
92 109
92 114
92 121
92 126
92 129
92 140
92 152
92 162
92 168
92 170
92 171
92 175
92 176
92 178
92 189
92 193
92 204
92 209
92 210
92 212
92 218
92 231
92 249
92 250
93 91
93 98
93 109
93 114
93 119
93 121
93 126
93 129
93 140
93 152
93 162
93 168
93 170
93 171
93 175
93 176
93 189
93 191
93 193
93 204
93 209
93 210
93 212
93 218
93 231
93 249
93 250
94 91
94 98
94 109
94 114
94 121
94 126
94 129
94 140
94 152
94 162
94 171
94 175
94 176
94 189
94 191
94 193
94 204
94 209
94 210
94 212
94 218
94 231
94 249
94 250
95 98
95 109
95 114
95 121
95 126
95 129
95 140
95 152
95 162
95 171
95 175
95 176
95 189
95 191
95 193
95 204
95 209
95 210
95 212
95 218
95 231
95 250
96 98
96 109
96 114
96 121
96 129
96 140
96 152
96 162
96 171
96 175
96 189
96 191
96 193
96 204
96 209
96 210
96 212
96 218
96 231
96 250
97 98
97 109
97 114
97 121
97 129
97 140
97 152
97 162
97 171
97 175
97 189
97 191
97 193
97 204
97 209
97 210
97 212
97 218
97 231
97 250
98 98
98 109
98 114
98 121
98 129
98 140
98 152
98 162
98 171
98 175
98 189
98 191
98 193
98 204
98 209
98 210
98 212
98 218
98 231
98 250
99 100
99 109
99 114
99 121
99 123
99 124
99 127
99 129
99 140
99 152
99 162
99 171
99 175
99 189
99 191
99 204
99 209
99 210
99 212
99 218
99 250
100 100
100 109
100 114
100 121
100 123
100 124
100 127
100 129
100 140
100 152
100 162
100 171
100 175
100 189
100 191
100 204
100 209
100 210
100 212
100 218
100 250
101 100
101 109
101 114
101 120
101 121
101 123
101 124
101 127
101 129
101 140
101 152
101 162
101 171
101 175
101 189
101 191
101 204
101 209
101 210
101 212
101 218
101 250
102 100
102 109
102 114
102 120
102 123
102 124
102 127
102 129
102 140
102 152
102 162
102 171
102 175
102 189
102 191
102 204
102 209
102 210
102 212
102 218
102 250
103 100
103 109
103 114
103 120
103 123
103 124
103 127
103 129
103 140
103 152
103 162
103 171
103 175
103 189
103 204
103 209
103 210
103 212
103 218
103 250
104 109
104 114
104 120
104 123
104 127
104 129
104 140
104 152
104 158
104 162
104 171
104 175
104 189
104 204
104 209
104 210
104 212
104 218
104 250
105 109
105 114
105 120
105 123
105 127
105 129
105 140
105 152
105 158
105 162
105 171
105 175
105 189
105 204
105 209
105 210
105 212
105 218
105 250
106 109
106 114
106 120
106 123
106 127
106 129
106 140
106 152
106 158
106 162
106 171
106 175
106 189
106 204
106 209
106 210
106 212
106 218
106 250
107 109
107 114
107 120
107 123
107 127
107 140
107 152
107 158
107 162
107 171
107 175
107 189
107 204
107 209
107 210
107 212
107 218
107 250
108 109
108 120
108 123
108 127
108 140
108 152
108 158
108 162
108 171
108 175
108 189
108 204
108 209
108 210
108 212
108 218
108 250
109 123
109 127
109 140
109 152
109 158
109 162
109 171
109 175
109 189
109 204
109 209
109 210
109 212
109 218
109 250
110 123
110 127
110 140
110 152
110 158
110 162
110 171
110 175
110 189
110 204
110 209
110 210
110 212
110 218
110 250
111 123
111 127
111 140
111 152
111 158
111 162
111 171
111 175
111 189
111 204
111 209
111 210
111 212
111 218
111 250
112 123
112 127
112 140
112 158
112 162
112 171
112 175
112 189
112 204
112 209
112 210
112 212
112 218
112 248
112 250
113 140
113 158
113 162
113 171
113 175
113 189
113 204
113 209
113 210
113 212
113 218
113 248
113 250
114 140
114 158
114 162
114 175
114 189
114 204
114 209
114 210
114 212
114 218
114 238
114 248
114 250
115 140
115 158
115 162
115 175
115 189
115 204
115 209
115 210
115 212
115 218
115 238
115 248
115 250
115 258
116 140
116 158
116 162
116 175
116 189
116 204
116 209
116 212
116 218
116 238
116 248
116 250
116 258
117 140
117 158
117 162
117 175
117 189
117 204
117 209
117 212
117 218
117 238
117 248
117 250
117 258
118 140
118 147
118 158
118 175
118 189
118 204
118 209
118 212
118 218
118 238
118 248
118 250
118 258
119 140
119 147
119 149
119 158
119 175
119 189
119 204
119 209
119 212
119 218
119 225
119 238
119 248
119 250
119 258
120 140
120 147
120 149
120 158
120 175
120 189
120 203
120 204
120 209
120 212
120 218
120 222
120 225
120 238
120 248
120 250
120 258
121 140
121 147
121 149
121 158
121 175
121 189
121 203
121 204
121 209
121 218
121 222
121 225
121 238
121 248
121 258
122 147
122 149
122 158
122 175
122 189
122 203
122 204
122 209
122 218
122 222
122 225
122 229
122 238
122 248
122 258
123 147
123 149
123 158
123 175
123 189
123 203
123 204
123 209
123 218
123 222
123 225
123 229
123 238
123 248
123 258
124 136
124 149
124 158
124 175
124 203
124 204
124 208
124 209
124 218
124 222
124 225
124 229
124 238
124 248
124 258
125 136
125 149
125 158
125 167
125 175
125 177
125 203
125 204
125 208
125 209
125 218
125 222
125 225
125 226
125 229
125 238
125 248
125 258
126 136
126 149
126 158
126 167
126 175
126 177
126 203
126 204
126 208
126 209
126 218
126 222
126 225
126 226
126 229
126 238
126 248
126 258
127 136
127 149
127 167
127 175
127 177
127 198
127 203
127 204
127 208
127 209
127 218
127 222
127 225
127 226
127 229
127 238
127 241
127 248
127 258
128 145
128 149
128 167
128 175
128 177
128 198
128 203
128 204
128 208
128 209
128 218
128 222
128 225
128 226
128 229
128 238
128 241
128 248
128 258
129 145
129 149
129 167
129 175
129 177
129 194
129 198
129 203
129 204
129 208
129 209
129 218
129 222
129 225
129 226
129 229
129 238
129 241
129 248
129 258
130 145
130 167
130 175
130 177
130 194
130 198
130 203
130 204
130 208
130 209
130 218
130 222
130 225
130 226
130 229
130 238
130 241
130 248
130 258
131 145
131 167
131 175
131 177
131 194
131 198
131 203
131 204
131 208
131 218
131 222
131 225
131 226
131 229
131 238
131 241
131 248
131 258
132 145
132 167
132 175
132 177
132 194
132 198
132 203
132 204
132 208
132 218
132 222
132 225
132 226
132 229
132 238
132 241
132 245
132 248
132 258
133 145
133 167
133 175
133 177
133 185
133 194
133 198
133 203
133 204
133 208
133 218
133 222
133 225
133 226
133 229
133 238
133 241
133 245
133 248
133 258
134 145
134 167
134 173
134 177
134 185
134 194
134 198
134 203
134 204
134 208
134 218
134 225
134 226
134 227
134 229
134 238
134 241
134 245
134 248
134 257
134 258
135 145
135 167
135 173
135 177
135 185
135 194
135 198
135 203
135 204
135 208
135 218
135 225
135 226
135 229
135 238
135 241
135 245
135 248
135 257
135 258
136 145
136 167
136 173
136 177
136 185
136 194
136 198
136 203
136 204
136 208
136 218
136 225
136 226
136 229
136 238
136 241
136 245
136 248
136 257
136 258
137 141
137 167
137 173
137 185
137 194
137 198
137 203
137 204
137 208
137 225
137 226
137 229
137 241
137 245
137 248
137 257
137 258
138 141
138 167
138 169
138 173
138 194
138 203
138 204
138 208
138 225
138 226
138 229
138 240
138 241
138 245
138 248
138 257
138 258
138 260
139 167
139 169
139 173
139 194
139 203
139 204
139 208
139 225
139 226
139 229
139 240
139 241
139 245
139 248
139 258
139 260
140 167
140 169
140 173
140 194
140 203
140 204
140 208
140 225
140 226
140 229
140 240
140 241
140 245
140 248
140 258
140 260
141 167
141 169
141 173
141 194
141 204
141 208
141 225
141 226
141 229
141 240
141 241
141 245
141 248
141 258
141 260
142 165
142 167
142 169
142 173
142 194
142 204
142 208
142 225
142 226
142 229
142 240
142 241
142 245
142 248
142 258
142 260
143 165
143 167
143 169
143 173
143 194
143 204
143 208
143 225
143 226
143 229
143 240
143 241
143 245
143 248
143 258
143 260
144 165
144 167
144 169
144 173
144 194
144 204
144 208
144 225
144 226
144 229
144 240
144 241
144 245
144 248
144 258
144 260
145 165
145 169
145 173
145 186
145 194
145 204
145 208
145 225
145 226
145 229
145 240
145 241
145 245
145 248
145 258
145 260
146 165
146 169
146 173
146 186
146 194
146 204
146 208
146 225
146 226
146 229
146 240
146 241
146 245
146 248
146 258
146 260
147 165
147 169
147 173
147 174
147 186
147 194
147 225
147 229
147 240
147 241
147 245
147 248
147 258
147 260
148 165
148 169
148 173
148 174
148 186
148 194
148 225
148 229
148 240
148 241
148 245
148 248
148 258
148 260
149 165
149 169
149 173
149 174
149 186
149 194
149 225
149 229
149 240
149 241
149 245
149 248
149 258
149 260
150 165
150 169
150 173
150 174
150 186
150 194
150 225
150 229
150 240
150 241
150 245
150 248
150 258
150 260
151 165
151 169
151 173
151 174
151 186
151 194
151 225
151 229
151 240
151 241
151 245
151 248
151 258
151 260
152 165
152 169
152 173
152 174
152 186
152 194
152 225
152 229
152 240
152 241
152 245
152 248
152 258
152 260
153 169
153 174
153 186
153 194
153 225
153 240
153 241
153 245
153 248
153 258
154 186
154 194
154 225
154 240
154 241
154 245
154 258
155 181
155 225
155 240
155 241
155 245
155 258
156 181
156 225
156 240
156 241
156 245
156 258
157 181
157 225
157 240
157 241
157 245
157 258
158 181
158 225
158 240
158 241
158 245
158 258
159 181
159 225
159 240
159 241
159 245
159 258
160 164
160 181
160 207
160 240
160 241
160 245
160 258
161 181
161 207
161 240
161 241
161 245
161 258
162 181
162 207
162 240
162 241
162 245
162 258
163 181
163 207
163 240
163 241
163 245
163 258
164 181
164 207
164 240
164 241
164 245
164 258
165 181
165 207
165 240
165 241
165 245
165 258
166 181
166 207
166 240
166 241
166 245
166 258
167 181
167 183
167 207
167 234
167 240
167 241
167 245
167 258
168 183
168 205
168 207
168 234
168 240
168 241
168 245
168 258
169 183
169 205
169 207
169 234
169 240
169 241
169 245
169 255
170 183
170 205
170 207
170 234
170 240
170 241
170 245
170 255
171 183
171 207
171 234
171 240
171 245
171 255
172 183
172 207
172 234
172 240
172 245
172 255
173 183
173 207
173 234
173 240
173 255
174 183
174 207
174 220
174 234
174 240
174 255
175 183
175 207
175 211
175 214
175 220
175 234
175 240
175 255
175 261
176 183
176 207
176 211
176 214
176 220
176 234
176 240
176 255
176 261
177 207
177 211
177 214
177 220
177 240
177 255
177 261
178 207
178 211
178 214
178 220
178 240
178 255
178 261
179 207
179 211
179 214
179 220
179 240
179 255
179 261
180 207
180 211
180 214
180 220
180 240
180 255
180 261
181 207
181 211
181 214
181 217
181 220
181 240
181 252
181 255
182 207
182 211
182 214
182 217
182 220
182 240
182 252
182 255
183 207
183 211
183 214
183 217
183 220
183 240
183 252
183 255
184 207
184 211
184 214
184 217
184 220
184 240
184 252
184 255
185 207
185 211
185 214
185 217
185 220
185 240
185 252
185 255
186 207
186 211
186 214
186 217
186 220
186 240
186 252
186 255
187 207
187 211
187 214
187 217
187 220
187 240
187 252
187 255
188 199
188 207
188 211
188 214
188 217
188 220
188 240
188 252
188 255
189 199
189 207
189 214
189 217
189 220
189 240
189 252
189 255
190 199
190 207
190 214
190 217
190 220
190 240
190 252
190 255
191 199
191 207
191 214
191 217
191 220
191 240
191 252
191 255
192 199
192 207
192 214
192 217
192 220
192 223
192 240
192 252
192 255
193 199
193 207
193 214
193 217
193 220
193 223
193 240
193 252
193 255
194 199
194 214
194 220
194 223
194 240
194 252
194 255
195 199
195 214
195 220
195 223
195 240
195 252
195 255
196 199
196 220
196 223
196 240
196 252
196 255
197 199
197 223
197 240
197 252
197 255
198 199
198 223
198 240
198 252
198 255
199 199
199 223
199 240
199 252
199 255
200 199
200 223
200 236
200 240
200 252
200 255
201 199
201 213
201 223
201 236
201 240
201 252
201 255
202 199
202 213
202 223
202 236
202 240
202 252
202 255
203 199
203 213
203 223
203 236
203 240
203 252
203 255
204 199
204 213
204 223
204 236
204 240
204 252
204 255
205 199
205 213
205 223
205 236
205 240
205 252
205 255
206 199
206 213
206 223
206 236
206 240
206 252
206 255
207 199
207 213
207 223
207 236
207 240
207 252
207 255
208 199
208 213
208 223
208 236
208 252
208 255
209 213
209 223
209 236
209 252
210 213
210 223
210 252
211 213
211 223
211 244
211 252
212 213
212 223
212 244
212 252
213 213
213 215
213 244
214 213
214 215
214 244
215 213
215 244
216 213
216 224
216 244
216 262
217 213
217 224
217 244
217 262
218 224
218 244
218 262
219 224
219 244
219 262
220 224
220 244
220 262
221 224
221 235
221 244
221 262
222 235
222 244
222 262
223 235
223 244
223 262
224 235
224 244
224 262
225 235
225 244
225 262
226 235
226 244
226 262
227 235
227 244
227 262
228 235
228 262
229 235
229 262
230 235
230 243
230 262
231 235
231 243
231 262
232 235
233 235
234 235
235 235
236 235
236 251
237 235
237 251
238 235
238 251
239 235
239 251
240 235
240 251
241 235
241 251
242 235
242 251
243 235
243 251
244 235
244 251
245 235
245 251
246 235
246 251
247 235
247 251
248 235
248 251
249 235
249 251
250 235
250 251
251 235
252 235
253 235
254 235
255 235
256 235
