0 1
0 28
1 28
2 16
2 17
2 28
2 29
2 50
2 51
2 64
2 122
3 16
3 28
3 29
3 50
3 51
3 64
3 122
3 153
4 16
4 27
4 28
4 29
4 31
4 50
4 64
4 70
4 85
4 104
4 122
4 129
4 153
4 221
5 16
5 27
5 31
5 43
5 50
5 64
5 70
5 85
5 104
5 122
5 153
5 215
5 221
6 12
6 16
6 20
6 27
6 50
6 59
6 64
6 70
6 84
6 85
6 104
6 122
6 153
6 215
6 221
7 12
7 50
7 58
7 59
7 64
7 69
7 81
7 84
7 85
7 104
7 122
7 153
7 215
7 221
8 12
8 50
8 58
8 59
8 64
8 69
8 81
8 84
8 85
8 104
8 122
8 153
8 215
8 221
9 10
9 11
9 14
9 26
9 42
9 44
9 50
9 58
9 59
9 64
9 84
9 97
9 104
9 105
9 122
9 153
9 215
9 221
9 246
10 11
10 24
10 26
10 33
10 42
10 44
10 50
10 58
10 59
10 64
10 97
10 105
10 122
10 153
10 167
10 215
10 221
10 246
11 11
11 24
11 33
11 42
11 44
11 50
11 58
11 59
11 105
11 122
11 153
11 167
11 215
11 221
11 246
12 11
12 24
12 33
12 38
12 41
12 42
12 44
12 50
12 58
12 59
12 63
12 105
12 122
12 153
12 167
12 215
12 221
12 246
13 11
13 24
13 33
13 38
13 41
13 42
13 44
13 50
13 58
13 59
13 63
13 105
13 122
13 153
13 167
13 215
13 221
13 246
14 11
14 22
14 24
14 32
14 33
14 38
14 41
14 42
14 44
14 58
14 59
14 63
14 105
14 122
14 153
14 167
14 215
14 221
14 246
15 11
15 23
15 24
15 32
15 33
15 38
15 41
15 44
15 58
15 59
15 63
15 105
15 119
15 122
15 153
15 167
15 215
15 221
15 246
16 24
16 32
16 33
16 38
16 41
16 44
16 58
16 59
16 63
16 105
16 119
16 122
16 153
16 167
16 215
16 221
16 246
17 19
17 21
17 24
17 25
17 33
17 38
17 41
17 44
17 58
17 59
17 63
17 105
17 119
17 153
17 167
17 204
17 246
18 19
18 21
18 24
18 25
18 33
18 38
18 41
18 44
18 58
18 59
18 63
18 119
18 153
18 167
18 204
18 246
19 24
19 25
19 33
19 38
19 41
19 44
19 48
19 55
19 58
19 59
19 63
19 119
19 153
19 167
19 204
19 246
20 33
20 38
20 49
20 55
20 58
20 59
20 63
20 118
20 119
20 153
20 167
20 204
20 246
21 33
21 49
21 55
21 59
21 63
21 83
21 118
21 119
21 153
21 167
21 204
21 246
22 49
22 55
22 63
22 79
22 83
22 118
22 119
22 135
22 153
22 167
22 208
22 246
23 49
23 63
23 72
23 79
23 83
23 118
23 119
23 124
23 135
23 151
23 153
23 157
23 167
23 208
23 246
24 34
24 63
24 79
24 83
24 119
24 124
24 135
24 151
24 153
24 157
24 167
24 182
24 208
24 246
25 34
25 63
25 79
25 83
25 92
25 119
25 124
25 135
25 151
25 153
25 157
25 167
25 182
25 183
25 208
25 246
26 34
26 63
26 79
26 83
26 92
26 119
26 124
26 135
26 151
26 153
26 157
26 167
26 182
26 183
26 208
26 246
27 34
27 83
27 92
27 119
27 124
27 135
27 151
27 153
27 157
27 167
27 182
27 183
27 208
27 246
28 40
28 45
28 78
28 92
28 94
28 98
28 119
28 124
28 135
28 151
28 153
28 157
28 167
28 182
28 183
28 208
28 216
29 45
29 78
29 92
29 94
29 98
29 119
29 135
29 151
29 153
29 155
29 157
29 167
29 182
29 183
29 208
29 216
30 45
30 78
30 92
30 94
30 98
30 119
30 135
30 151
30 153
30 155
30 157
30 167
30 182
30 183
30 208
30 216
31 45
31 66
31 71
31 78
31 92
31 94
31 98
31 119
31 135
31 137
31 153
31 155
31 157
31 167
31 182
31 183
31 208
31 216
32 45
32 66
32 78
32 92
32 94
32 98
32 119
32 135
32 137
32 153
32 155
32 157
32 167
32 182
32 183
32 208
32 216
33 37
33 45
33 52
33 53
33 60
33 66
33 77
33 78
33 92
33 94
33 98
33 106
33 119
33 135
33 137
33 153
33 155
33 157
33 167
33 182
33 183
33 208
33 216
34 37
34 45
34 52
34 53
34 60
34 66
34 78
34 92
34 94
34 98
34 106
34 119
34 135
34 137
34 153
34 155
34 157
34 167
34 182
34 183
34 208
34 216
35 37
35 45
35 52
35 53
35 60
35 66
35 78
35 92
35 94
35 98
35 106
35 119
35 135
35 137
35 153
35 155
35 157
35 167
35 182
35 183
35 208
35 216
36 39
36 45
36 52
36 53
36 60
36 62
36 66
36 78
36 92
36 96
36 98
36 100
36 106
36 135
36 144
36 153
36 155
36 163
36 167
36 183
36 208
36 216
37 39
37 45
37 52
37 53
37 60
37 62
37 66
37 78
37 92
37 96
37 98
37 100
37 106
37 135
37 144
37 153
37 155
37 163
37 167
37 183
37 201
37 208
37 216
38 39
38 45
38 52
38 53
38 60
38 62
38 66
38 78
38 92
38 96
38 98
38 100
38 106
38 135
38 144
38 153
38 155
38 163
38 167
38 183
38 201
38 208
38 216
39 45
39 46
39 52
39 60
39 62
39 66
39 78
39 96
39 98
39 106
39 133
39 135
39 144
39 149
39 153
39 163
39 167
39 170
39 171
39 201
39 208
39 216
40 45
40 46
40 60
40 66
40 96
40 98
40 106
40 133
40 135
40 144
40 149
40 153
40 163
40 167
40 170
40 171
40 201
40 208
40 216
41 47
41 60
41 96
41 103
41 106
41 128
41 135
41 144
41 146
41 153
41 163
41 167
41 170
41 171
41 201
41 208
41 216
41 253
42 47
42 60
42 67
42 96
42 102
42 106
42 135
42 144
42 146
42 153
42 163
42 167
42 170
42 171
42 201
42 208
42 216
42 253
43 47
43 60
43 96
43 108
43 144
43 152
43 163
43 167
43 170
43 191
43 198
43 201
43 208
43 216
43 253
44 47
44 60
44 96
44 108
44 144
44 152
44 163
44 167
44 170
44 191
44 198
44 201
44 208
44 216
44 253
45 47
45 60
45 96
45 108
45 144
45 152
45 163
45 167
45 170
45 191
45 198
45 201
45 208
45 216
45 253
46 47
46 60
46 73
46 96
46 108
46 109
46 144
46 152
46 163
46 167
46 170
46 191
46 198
46 201
46 208
46 216
46 253
47 60
47 73
47 96
47 107
47 108
47 109
47 144
47 152
47 162
47 163
47 167
47 170
47 191
47 194
47 201
47 208
47 216
47 240
47 253
48 60
48 73
48 96
48 107
48 108
48 109
48 144
48 152
48 162
48 163
48 167
48 170
48 191
48 194
48 201
48 208
48 216
48 240
48 253
49 57
49 73
49 96
49 107
49 108
49 109
49 144
49 152
49 161
49 162
49 163
49 167
49 170
49 180
49 191
49 194
49 201
49 208
49 216
49 240
49 253
50 96
50 107
50 108
50 109
50 136
50 144
50 152
50 161
50 162
50 163
50 167
50 170
50 180
50 191
50 194
50 201
50 216
50 240
50 253
51 96
51 99
51 107
51 108
51 109
51 136
51 144
51 152
51 161
51 162
51 163
51 167
51 170
51 180
51 191
51 194
51 201
51 216
51 240
51 253
52 75
52 80
52 96
52 99
52 107
52 108
52 109
52 111
52 136
52 144
52 152
52 162
52 163
52 167
52 170
52 180
52 191
52 194
52 201
52 216
52 240
52 253
53 80
53 96
53 99
53 107
53 109
53 110
53 111
53 136
53 144
53 152
53 158
53 163
53 167
53 170
53 180
53 191
53 201
53 216
53 217
53 228
53 240
53 253
54 80
54 99
54 107
54 109
54 110
54 111
54 114
54 126
54 136
54 144
54 152
54 158
54 163
54 167
54 170
54 180
54 191
54 201
54 216
54 217
54 228
54 240
54 253
54 261
55 61
55 80
55 99
55 107
55 109
55 110
55 111
55 114
55 126
55 136
55 144
55 152
55 158
55 163
55 167
55 170
55 191
55 201
55 216
55 217
55 228
55 240
55 253
55 261
56 61
56 80
56 99
56 107
56 109
56 110
56 114
56 126
56 136
56 144
56 152
56 158
56 163
56 167
56 191
56 201
56 216
56 217
56 228
56 240
56 253
56 261
57 61
57 80
57 99
57 107
57 109
57 110
57 114
57 126
57 136
57 144
57 148
57 152
57 158
57 163
57 167
57 191
57 201
57 216
57 217
57 228
57 240
57 253
57 261
58 61
58 80
58 99
58 107
58 109
58 110
58 114
58 126
58 136
58 144
58 148
58 152
58 158
58 163
58 167
58 191
58 201
58 216
58 217
58 228
58 240
58 253
58 261
59 61
59 80
59 99
59 107
59 109
59 110
59 114
59 126
59 136
59 144
59 147
59 148
59 152
59 158
59 163
59 167
59 191
59 201
59 216
59 217
59 228
59 240
59 253
59 261
60 61
60 68
60 95
60 99
60 107
60 109
60 110
60 112
60 114
60 116
60 126
60 136
60 140
60 144
60 147
60 148
60 150
60 152
60 158
60 163
60 167
60 191
60 216
60 217
60 228
60 240
60 253
60 261
61 61
61 68
61 74
61 95
61 99
61 107
61 109
61 110
61 112
61 114
61 116
61 123
61 126
61 136
61 140
61 147
61 148
61 150
61 152
61 158
61 163
61 167
61 191
61 216
61 217
61 228
61 240
61 253
61 261
62 61
62 68
62 74
62 82
62 95
62 99
62 107
62 109
62 110
62 112
62 114
62 116
62 123
62 126
62 136
62 140
62 147
62 148
62 150
62 152
62 158
62 163
62 167
62 191
62 216
62 217
62 228
62 240
62 261
63 61
63 68
63 74
63 82
63 95
63 99
63 107
63 109
63 110
63 112
63 114
63 116
63 123
63 126
63 136
63 140
63 147
63 148
63 150
63 152
63 158
63 163
63 167
63 191
63 216
63 217
63 228
63 240
63 261
64 61
64 68
64 74
64 82
64 89
64 95
64 99
64 107
64 109
64 110
64 112
64 114
64 116
64 123
64 147
64 148
64 150
64 152
64 158
64 163
64 167
64 191
64 216
64 217
64 228
64 240
64 261
65 61
65 74
65 82
65 89
65 99
65 107
65 109
65 110
65 112
65 114
65 116
65 123
65 132
65 148
65 150
65 152
65 158
65 163
65 167
65 191
65 216
65 217
65 228
65 240
65 261
66 61
66 74
66 82
66 89
66 99
66 107
66 109
66 110
66 112
66 114
66 116
66 123
66 132
66 148
66 150
66 152
66 158
66 163
66 167
66 191
66 216
66 217
66 228
66 240
66 261
67 61
67 74
67 82
67 89
67 99
67 107
67 109
67 110
67 112
67 114
67 116
67 132
67 148
67 150
67 152
67 158
67 163
67 167
67 191
67 216
67 217
67 228
67 240
67 261
68 61
68 74
68 82
68 89
68 99
68 107
68 109
68 110
68 112
68 114
68 116
68 132
68 148
68 150
68 152
68 158
68 163
68 167
68 191
68 216
68 217
68 228
68 240
68 261
69 61
69 82
69 86
69 89
69 99
69 109
69 110
69 112
69 114
69 116
69 132
69 148
69 150
69 152
69 158
69 163
69 167
69 191
69 216
69 217
69 228
69 240
69 261
70 89
70 99
70 109
70 110
70 112
70 114
70 116
70 132
70 148
70 150
70 152
70 158
70 163
70 164
70 167
70 169
70 191
70 216
70 217
70 228
70 238
70 240
70 261
71 99
71 109
71 110
71 112
71 114
71 116
71 132
71 148
71 150
71 152
71 158
71 163
71 164
71 167
71 169
71 191
71 216
71 217
71 228
71 240
71 243
71 261
72 99
72 109
72 110
72 112
72 114
72 116
72 132
72 148
72 150
72 152
72 158
72 163
72 164
72 167
72 191
72 216
72 217
72 228
72 240
72 243
72 261
73 99
73 109
73 110
73 112
73 114
73 116
73 132
73 148
73 150
73 152
73 158
73 163
73 164
73 167
73 191
73 216
73 217
73 228
73 240
73 243
73 261
74 99
74 109
74 110
74 112
74 114
74 116
74 132
74 148
74 150
74 152
74 158
74 163
74 164
74 167
74 191
74 216
74 217
74 228
74 240
74 243
74 261
75 99
75 109
75 110
75 112
75 114
75 116
75 132
75 148
75 150
75 152
75 158
75 163
75 164
75 167
75 191
75 216
75 217
75 228
75 240
75 243
75 261
76 88
76 91
76 110
76 112
76 114
76 116
76 121
76 132
76 134
76 139
76 152
76 158
76 164
76 167
76 187
76 191
76 216
76 217
76 228
76 240
76 241
76 243
76 261
77 88
77 90
77 91
77 112
77 114
77 116
77 121
77 127
77 132
77 134
77 139
77 158
77 164
77 187
77 191
77 216
77 217
77 228
77 240
77 241
77 243
77 248
77 261
78 88
78 90
78 91
78 112
78 114
78 116
78 121
78 127
78 132
78 134
78 139
78 160
78 164
78 187
78 191
78 212
78 216
78 217
78 228
78 240
78 241
78 243
78 248
78 261
79 88
79 90
79 91
79 101
79 112
79 114
79 116
79 121
79 127
79 131
79 134
79 139
79 141
79 160
79 164
79 177
79 187
79 191
79 192
79 212
79 216
79 228
79 240
79 241
79 243
80 88
80 90
80 91
80 101
80 112
80 114
80 116
80 121
80 127
80 131
80 134
80 139
80 141
80 160
80 164
80 177
80 187
80 191
80 192
80 212
80 216
80 228
80 240
80 241
80 243
81 88
81 90
81 91
81 101
81 113
81 114
81 116
81 121
81 127
81 134
81 139
81 141
81 142
81 160
81 164
81 177
81 187
81 191
81 212
81 216
81 228
81 240
81 241
81 243
82 87
82 90
82 91
82 101
82 113
82 116
82 127
82 134
82 138
82 139
82 141
82 142
82 160
82 164
82 177
82 187
82 191
82 212
82 216
82 226
82 228
82 240
82 241
82 243
83 87
83 90
83 91
83 101
83 113
83 116
83 127
83 134
83 138
83 141
83 142
83 160
83 164
83 177
83 187
83 191
83 212
83 216
83 226
83 228
83 240
83 241
83 243
84 87
84 90
84 91
84 101
84 113
84 116
84 127
84 134
84 138
84 141
84 142
84 160
84 164
84 177
84 187
84 212
84 216
84 226
84 228
84 240
84 241
84 243
85 90
85 91
85 101
85 113
85 116
85 120
85 127
85 134
85 138
85 141
85 142
85 160
85 164
85 177
85 187
85 200
85 216
85 226
85 228
85 235
85 240
85 241
85 243
86 90
86 91
86 101
86 113
86 116
86 120
86 127
86 134
86 138
86 141
86 142
86 160
86 164
86 176
86 177
86 187
86 200
86 216
86 226
86 228
86 235
86 240
86 241
86 243
87 91
87 101
87 113
87 116
87 120
87 127
87 134
87 138
87 141
87 142
87 160
87 164
87 176
87 177
87 187
87 200
87 216
87 226
87 228
87 235
87 240
87 241
87 243
88 91
88 113
88 116
88 120
88 127
88 134
88 138
88 141
88 142
88 160
88 164
88 176
88 177
88 187
88 200
88 216
88 226
88 235
88 240
88 241
88 243
89 113
89 116
89 120
89 127
89 134
89 138
89 141
89 142
89 160
89 164
89 176
89 177
89 187
89 200
89 216
89 226
89 235
89 241
89 243
90 113
90 116
90 120
90 127
90 134
90 138
90 141
90 142
90 160
90 164
90 176
90 177
90 187
90 200
90 216
90 226
90 235
90 241
90 243
91 113
91 116
91 120
91 127
91 134
91 141
91 142
91 160
91 164
91 176
91 177
91 187
91 216
91 226
91 235
91 241
91 243
92 113
92 116
92 120
92 127
92 134
92 141
92 142
92 160
92 164
92 176
92 177
92 187
92 216
92 226
92 235
92 241
92 243
93 113
93 116
93 120
93 127
93 134
93 141
93 142
93 160
93 164
93 176
93 177
93 187
93 216
93 226
93 235
93 241
93 243
94 113
94 116
94 127
94 134
94 141
94 142
94 160
94 164
94 176
94 177
94 185
94 187
94 216
94 218
94 226
94 235
94 241
94 243
95 113
95 116
95 127
95 134
95 141
95 160
95 164
95 176
95 185
95 187
95 216
95 218
95 226
95 235
95 241
95 243
96 113
96 116
96 127
96 134
96 141
96 160
96 164
96 176
96 185
96 187
96 216
96 218
96 226
96 235
96 241
96 243
97 113
97 115
97 116
97 127
97 134
97 141
97 160
97 164
97 176
97 185
97 187
97 216
97 218
97 226
97 235
97 241
97 243
98 113
98 115
98 116
98 127
98 134
98 141
98 164
98 176
98 185
98 187
98 216
98 226
98 235
98 241
98 243
99 113
99 115
99 116
99 127
99 134
99 141
99 164
99 176
99 185
99 187
99 216
99 226
99 235
99 241
99 243
100 113
100 115
100 116
100 127
100 134
100 141
100 164
100 176
100 185
100 187
100 216
100 226
100 235
100 241
100 243
101 113
101 115
101 116
101 127
101 141
101 164
101 176
101 185
101 187
101 206
101 216
101 226
101 235
101 241
101 243
102 113
102 115
102 116
102 127
102 141
102 164
102 176
102 184
102 185
102 187
102 206
102 216
102 226
102 235
102 241
102 243
103 113
103 115
103 116
103 127
103 141
103 164
103 176
103 184
103 185
103 187
103 206
103 216
103 226
103 235
103 241
103 243
104 113
104 115
104 127
104 141
104 164
104 176
104 184
104 185
104 187
104 206
104 216
104 226
104 235
104 241
104 243
105 113
105 115
105 127
105 141
105 164
105 176
105 178
105 184
105 185
105 187
105 206
105 216
105 226
105 229
105 235
105 241
105 243
106 125
106 127
106 141
106 164
106 174
106 176
106 178
106 185
106 206
106 216
106 229
106 235
106 241
106 243
107 125
107 127
107 141
107 164
107 174
107 176
107 178
107 185
107 206
107 216
107 229
107 235
107 241
107 243
108 125
108 127
108 141
108 164
108 174
108 176
108 178
108 185
108 206
108 211
108 216
108 229
108 235
108 241
109 125
109 127
109 141
109 164
109 174
109 176
109 178
109 185
109 206
109 211
109 216
109 229
109 235
109 241
110 125
110 127
110 141
110 164
110 174
110 176
110 178
110 185
110 206
110 211
110 216
110 229
110 235
110 241
111 125
111 127
111 141
111 143
111 156
111 164
111 174
111 176
111 178
111 185
111 206
111 211
111 216
111 229
111 235
111 241
112 125
112 127
112 141
112 143
112 156
112 164
112 174
112 176
112 178
112 179
112 185
112 206
112 211
112 216
112 229
112 235
112 241
113 125
113 127
113 141
113 143
113 156
113 164
113 174
113 176
113 178
113 179
113 185
113 206
113 211
113 216
113 229
113 235
113 241
114 125
114 127
114 141
114 143
114 156
114 164
114 174
114 176
114 178
114 179
114 185
114 206
114 211
114 216
114 229
114 235
114 241
115 125
115 127
115 141
115 143
115 154
115 156
115 164
115 174
115 176
115 178
115 179
115 206
115 211
115 216
115 229
115 235
115 241
115 252
116 125
116 127
116 143
116 154
116 156
116 164
116 174
116 176
116 206
116 211
116 225
116 229
116 235
116 241
116 252
117 125
117 127
117 143
117 154
117 156
117 164
117 168
117 174
117 176
117 206
117 211
117 225
117 229
117 235
117 241
117 252
118 125
118 127
118 143
118 145
118 154
118 156
118 164
118 168
118 174
118 176
118 206
118 211
118 225
118 229
118 235
118 241
119 125
119 127
119 143
119 145
119 154
119 156
119 164
119 168
119 174
119 176
119 206
119 211
119 225
119 229
119 235
119 241
120 125
120 127
120 143
120 145
120 154
120 156
120 164
120 168
120 174
120 176
120 206
120 211
120 223
120 225
120 229
120 230
120 235
120 241
120 254
121 125
121 127
121 143
121 145
121 154
121 156
121 164
121 168
121 174
121 176
121 206
121 211
121 223
121 225
121 229
121 230
121 235
121 241
121 254
122 125
122 127
122 143
122 145
122 154
122 156
122 164
122 168
122 174
122 176
122 206
122 211
122 223
122 225
122 229
122 230
122 235
122 241
122 254
123 125
123 143
123 145
123 154
123 156
123 164
123 168
123 174
123 176
123 206
123 211
123 223
123 225
123 229
123 230
123 235
123 241
123 254
124 125
124 143
124 145
124 164
124 165
124 168
124 174
124 176
124 206
124 211
124 223
124 225
124 229
124 230
124 235
124 241
124 254
125 125
125 143
125 145
125 164
125 165
125 168
125 174
125 176
125 206
125 209
125 211
125 223
125 225
125 229
125 230
125 235
125 241
125 254
126 125
126 143
126 145
126 164
126 165
126 168
126 174
126 176
126 206
126 209
126 211
126 223
126 225
126 229
126 230
126 235
126 241
126 254
127 125
127 143
127 145
127 164
127 165
127 168
127 174
127 176
127 206
127 209
127 211
127 223
127 225
127 229
127 230
127 235
127 241
127 254
128 125
128 143
128 145
128 164
128 165
128 168
128 174
128 176
128 206
128 209
128 211
128 223
128 225
128 229
128 230
128 235
128 241
128 254
129 125
129 143
129 145
129 164
129 165
129 168
129 174
129 209
129 211
129 223
129 225
129 229
129 230
129 235
129 241
129 254
130 125
130 143
130 145
130 164
130 165
130 168
130 174
130 209
130 211
130 223
130 225
130 229
130 230
130 235
130 241
130 254
130 259
131 125
131 143
131 145
131 164
131 165
131 168
131 174
131 209
131 211
131 223
131 225
131 229
131 230
131 235
131 241
131 245
131 254
131 259
132 125
132 143
132 145
132 164
132 168
132 173
132 174
132 209
132 211
132 223
132 225
132 229
132 230
132 235
132 241
132 245
132 254
132 259
133 125
133 143
133 145
133 164
133 168
133 173
133 174
133 209
133 211
133 223
133 225
133 229
133 230
133 235
133 241
133 245
133 254
133 259
134 125
134 143
134 145
134 164
134 168
134 173
134 174
134 209
134 211
134 223
134 225
134 229
134 230
134 235
134 241
134 245
134 254
134 259
135 125
135 143
135 145
135 164
135 168
135 173
135 174
135 209
135 211
135 223
135 225
135 229
135 230
135 235
135 241
135 245
135 254
135 259
136 125
136 143
136 145
136 164
136 168
136 173
136 174
136 209
136 211
136 223
136 225
136 229
136 230
136 235
136 241
136 245
136 254
136 259
137 125
137 143
137 145
137 164
137 168
137 173
137 174
137 209
137 211
137 223
137 225
137 229
137 230
137 235
137 241
137 245
137 254
137 259
138 125
138 143
138 145
138 164
138 168
138 173
138 174
138 209
138 211
138 223
138 225
138 229
138 230
138 235
138 241
138 245
138 254
138 259
139 125
139 143
139 145
139 159
139 164
139 168
139 173
139 174
139 209
139 211
139 223
139 225
139 229
139 230
139 235
139 241
139 245
139 254
139 259
140 145
140 159
140 164
140 173
140 174
140 181
140 186
140 211
140 223
140 225
140 229
140 230
140 235
140 239
140 254
140 259
141 145
141 159
141 164
141 173
141 174
141 181
141 186
141 210
141 211
141 223
141 225
141 229
141 230
141 235
141 239
141 254
141 259
142 145
142 159
142 173
142 174
142 181
142 186
142 210
142 211
142 223
142 225
142 229
142 230
142 235
142 237
142 239
142 254
142 259
143 145
143 159
143 173
143 175
143 181
143 186
143 210
143 211
143 223
143 225
143 230
143 235
143 237
143 239
143 254
143 259
144 145
144 159
144 173
144 175
144 181
144 186
144 210
144 211
144 223
144 225
144 230
144 235
144 237
144 239
144 254
144 259
145 145
145 159
145 173
145 175
145 181
145 186
145 210
145 211
145 223
145 225
145 230
145 235
145 237
145 239
145 254
145 259
146 145
146 159
146 173
146 175
146 181
146 186
146 197
146 210
146 211
146 223
146 225
146 230
146 235
146 237
146 239
146 251
146 254
146 259
147 145
147 159
147 173
147 175
147 181
147 186
147 197
147 210
147 211
147 223
147 225
147 230
147 235
147 237
147 239
147 251
147 254
147 259
148 145
148 159
148 175
148 181
148 186
148 197
148 210
148 211
148 214
148 223
148 225
148 230
148 235
148 237
148 239
148 251
148 254
148 259
149 145
149 159
149 175
149 181
149 186
149 197
149 210
149 211
149 214
149 223
149 225
149 230
149 235
149 237
149 239
149 251
149 254
149 259
150 145
150 159
150 175
150 181
150 186
150 197
150 210
150 211
150 214
150 223
150 225
150 230
150 235
150 237
150 251
150 254
150 259
151 145
151 159
151 175
151 181
151 186
151 197
151 210
151 211
151 214
151 223
151 225
151 230
151 235
151 237
151 251
151 254
151 259
152 145
152 159
152 175
152 181
152 186
152 197
152 202
152 210
152 211
152 214
152 223
152 225
152 230
152 235
152 237
152 251
152 254
152 259
153 145
153 159
153 175
153 181
153 186
153 197
153 202
153 210
153 211
153 214
153 223
153 225
153 230
153 235
153 237
153 251
153 254
153 259
154 145
154 175
154 181
154 197
154 202
154 210
154 211
154 214
154 223
154 225
154 230
154 235
154 237
154 251
154 254
154 259
155 145
155 175
155 181
155 197
155 202
155 210
155 211
155 214
155 223
155 225
155 230
155 235
155 237
155 251
155 254
155 259
156 145
156 181
156 193
156 197
156 202
156 211
156 220
156 223
156 225
156 230
156 232
156 237
156 251
156 254
156 256
156 259
157 181
157 193
157 197
157 202
157 211
157 220
157 223
157 225
157 232
157 237
157 251
157 254
157 256
157 259
158 181
158 193
158 197
158 202
158 211
158 220
158 223
158 225
158 232
158 237
158 251
158 254
158 256
158 259
159 181
159 193
159 197
159 202
159 211
159 220
159 223
159 225
159 232
159 237
159 251
159 254
159 256
159 259
160 181
160 193
160 197
160 202
160 211
160 220
160 223
160 225
160 232
160 237
160 251
160 254
160 256
160 259
161 181
161 193
161 197
161 202
161 211
161 220
161 223
161 225
161 232
161 237
161 251
161 254
161 256
161 259
162 181
162 193
162 197
162 202
162 211
162 220
162 223
162 225
162 232
162 237
162 251
162 254
162 256
162 259
163 181
163 193
163 197
163 202
163 211
163 220
163 223
163 225
163 232
163 237
163 251
163 254
163 256
163 259
164 181
164 193
164 197
164 202
164 211
164 220
164 222
164 223
164 225
164 232
164 237
164 251
164 254
164 256
164 259
165 181
165 193
165 197
165 202
165 211
165 220
165 222
165 223
165 225
165 232
165 237
165 251
165 254
165 256
165 259
166 181
166 193
166 197
166 202
166 211
166 220
166 222
166 223
166 225
166 232
166 237
166 251
166 254
166 256
166 259
167 181
167 193
167 197
167 202
167 220
167 222
167 223
167 225
167 232
167 237
167 251
167 254
167 256
167 259
168 181
168 193
168 197
168 202
168 220
168 222
168 223
168 232
168 237
168 251
168 254
168 256
168 259
169 181
169 193
169 197
169 202
169 222
169 223
169 232
169 237
169 251
169 254
169 256
169 259
170 181
170 188
170 197
170 202
170 223
170 232
170 237
170 251
170 254
170 256
171 188
171 195
171 197
171 202
171 207
171 223
171 232
171 237
171 251
171 254
172 188
172 195
172 197
172 202
172 207
172 223
172 232
172 237
172 251
172 254
173 188
173 195
173 197
173 202
173 207
173 223
173 231
173 232
173 237
173 251
174 195
174 197
174 199
174 202
174 207
174 223
174 231
174 232
174 237
175 195
175 197
175 199
175 207
175 231
175 232
176 195
176 197
176 199
176 207
176 231
176 232
176 250
177 189
177 195
177 199
177 207
177 231
177 232
177 250
178 189
178 195
178 199
178 207
178 231
178 232
178 250
179 189
179 195
179 199
179 207
179 231
179 232
179 250
180 189
180 195
180 199
180 207
180 213
180 247
180 250
181 189
181 190
181 195
181 199
181 207
181 213
181 247
181 250
182 189
182 190
182 195
182 199
182 207
182 213
182 247
182 250
183 189
183 190
183 195
183 199
183 207
183 213
183 247
183 250
184 189
184 190
184 195
184 199
184 207
184 213
184 247
184 250
185 189
185 190
185 195
185 199
185 207
185 213
185 247
185 250
186 189
186 190
186 195
186 199
186 207
186 213
186 247
186 250
187 189
187 190
187 195
187 199
187 247
187 250
188 189
188 190
188 195
188 199
188 247
188 250
189 189
189 190
189 195
189 199
189 247
189 250
190 189
190 190
190 195
190 199
190 247
190 250
191 189
191 190
191 195
191 199
191 247
191 250
192 189
192 190
192 195
192 199
192 247
192 250
193 189
193 190
193 195
193 219
193 247
193 249
193 250
193 255
194 189
194 195
194 219
194 247
194 249
194 250
194 255
195 189
195 195
195 205
195 219
195 247
195 249
195 250
195 255
196 189
196 195
196 205
196 219
196 247
196 249
196 250
196 255
197 189
197 195
197 205
197 247
197 249
197 250
197 255
198 189
198 195
198 205
198 247
198 249
198 250
198 255
199 189
199 195
199 227
199 247
199 249
199 250
199 255
200 195
200 227
200 247
200 249
200 250
200 255
200 262
201 195
201 227
201 247
201 249
201 250
201 255
201 262
202 195
202 227
202 247
202 249
202 250
202 255
202 262
203 227
203 236
203 249
203 250
203 255
204 227
204 236
204 249
204 250
204 255
205 227
205 236
205 249
205 250
205 255
206 227
206 236
206 249
206 250
206 255
207 227
207 236
207 249
207 250
208 227
208 236
208 249
208 250
209 227
209 236
209 249
209 250
210 227
210 236
210 249
210 250
211 227
211 236
211 249
211 250
212 224
212 227
212 236
212 249
212 250
213 224
213 227
213 236
213 249
213 250
214 224
214 227
214 236
214 250
215 224
215 227
215 236
215 250
216 224
216 227
216 236
216 250
217 224
217 227
217 236
217 250
218 224
218 227
218 236
218 250
219 224
219 227
219 234
219 236
219 250
220 224
220 227
220 236
220 250
221 224
221 227
221 250
221 257
222 224
222 227
222 233
222 250
222 257
223 224
223 227
223 233
223 250
223 257
224 224
224 227
224 233
224 242
224 260
225 224
225 227
225 233
225 242
225 260
226 224
226 227
226 233
226 242
226 260
227 224
227 227
227 233
227 242
227 260
228 224
228 227
228 233
228 260
229 224
229 227
229 233
229 260
230 224
230 227
230 233
230 260
231 233
232 233
233 233
234 233
235 233
235 244
236 244
237 244
238 244
