0 20
0 124
0 210
1 20
1 21
1 47
1 124
1 210
2 21
2 46
2 50
2 124
2 143
2 210
3 34
3 50
3 102
3 124
3 169
3 203
3 210
3 212
4 6
4 11
4 14
4 18
4 50
4 99
4 102
4 124
4 169
4 203
4 210
4 212
5 8
5 18
5 26
5 41
5 48
5 50
5 61
5 102
5 124
5 169
5 203
5 210
5 219
5 239
6 26
6 38
6 41
6 50
6 61
6 74
6 102
6 124
6 169
6 203
6 210
6 239
7 10
7 12
7 26
7 38
7 41
7 50
7 52
7 61
7 74
7 102
7 105
7 124
7 153
7 169
7 203
7 210
7 239
8 10
8 12
8 26
8 38
8 41
8 50
8 52
8 61
8 74
8 105
8 153
8 169
8 203
8 210
8 239
9 10
9 12
9 17
9 38
9 41
9 52
9 61
9 74
9 105
9 153
9 169
9 203
9 210
9 239
10 10
10 12
10 17
10 38
10 41
10 52
10 61
10 74
10 75
10 105
10 153
10 169
10 203
10 210
10 239
11 15
11 24
11 52
11 57
11 72
11 74
11 75
11 80
11 82
11 105
11 153
11 169
11 170
11 187
11 203
11 239
11 254
12 15
12 24
12 52
12 57
12 72
12 74
12 75
12 80
12 105
12 153
12 169
12 170
12 187
12 203
12 239
12 254
13 15
13 24
13 52
13 57
13 72
13 74
13 75
13 80
13 105
13 153
13 169
13 170
13 187
13 203
13 239
13 254
14 15
14 24
14 52
14 57
14 58
14 72
14 74
14 105
14 153
14 169
14 170
14 187
14 203
14 239
14 254
15 24
15 25
15 28
15 52
15 57
15 58
15 60
15 72
15 74
15 169
15 170
15 187
15 203
15 204
15 239
15 254
16 24
16 28
16 52
16 58
16 60
16 72
16 74
16 83
16 132
16 169
16 170
16 187
16 188
16 203
16 204
16 239
16 254
17 28
17 29
17 35
17 52
17 58
17 60
17 72
17 74
17 79
17 169
17 187
17 203
17 204
17 239
17 254
18 22
18 29
18 32
18 35
18 52
18 58
18 60
18 72
18 79
18 94
18 169
18 187
18 203
18 204
18 239
18 254
19 23
19 35
19 52
19 58
19 60
19 72
19 79
19 94
19 159
19 169
19 187
19 203
19 204
19 239
19 254
20 23
20 35
20 52
20 58
20 60
20 72
20 79
20 94
20 159
20 169
20 187
20 203
20 204
20 239
20 254
21 35
21 58
21 79
21 122
21 159
21 169
21 203
21 204
21 239
21 254
22 35
22 55
22 79
22 159
22 169
22 203
22 204
22 239
22 260
23 55
23 63
23 79
23 159
23 169
23 203
23 204
23 239
23 260
24 55
24 63
24 81
24 159
24 169
24 203
24 239
24 260
25 33
25 55
25 63
25 81
25 159
25 169
25 203
25 239
25 260
26 30
26 43
26 44
26 54
26 55
26 63
26 70
26 137
26 159
26 169
26 203
26 260
27 30
27 43
27 44
27 54
27 55
27 63
27 70
27 137
27 138
27 159
27 169
27 203
27 205
27 260
28 30
28 43
28 44
28 54
28 55
28 59
28 63
28 137
28 138
28 152
28 159
28 169
28 203
28 205
28 260
29 30
29 43
29 44
29 54
29 55
29 59
29 137
29 138
29 152
29 159
29 169
29 203
29 205
29 260
30 44
30 54
30 73
30 138
30 152
30 159
30 169
30 203
30 205
30 260
31 37
31 44
31 54
31 73
31 138
31 152
31 159
31 169
31 203
31 205
31 206
31 260
32 37
32 44
32 54
32 73
32 138
32 152
32 159
32 169
32 203
32 205
32 206
32 260
33 37
33 44
33 54
33 73
33 138
33 152
33 169
33 203
33 205
33 206
33 260
34 37
34 44
34 51
34 73
34 138
34 152
34 169
34 203
34 205
34 206
34 260
35 37
35 44
35 51
35 73
35 138
35 152
35 169
35 203
35 205
35 206
35 260
36 37
36 51
36 71
36 73
36 138
36 152
36 169
36 201
36 203
36 205
36 206
36 260
37 51
37 71
37 73
37 138
37 152
37 161
37 169
37 201
37 203
37 205
37 206
37 260
38 40
38 51
38 71
38 73
38 85
38 108
38 138
38 152
38 161
38 169
38 201
38 203
38 205
38 206
38 218
38 260
39 51
39 62
39 71
39 85
39 88
39 108
39 138
39 152
39 161
39 169
39 203
39 205
39 206
39 218
39 260
40 51
40 62
40 71
40 76
40 108
40 138
40 152
40 161
40 184
40 203
40 205
40 260
41 51
41 62
41 71
41 76
41 108
41 138
41 152
41 161
41 203
41 205
41 260
42 45
42 51
42 62
42 65
42 68
42 78
42 100
42 108
42 123
42 138
42 152
42 161
42 173
42 249
42 260
43 45
43 62
43 65
43 68
43 78
43 100
43 108
43 123
43 138
43 152
43 161
43 173
43 249
43 260
44 45
44 62
44 65
44 68
44 77
44 100
44 108
44 123
44 138
44 139
44 152
44 161
44 173
44 249
44 260
45 45
45 62
45 65
45 77
45 100
45 138
45 139
45 147
45 152
45 161
45 173
45 249
45 260
46 45
46 62
46 65
46 77
46 91
46 100
46 138
46 139
46 147
46 152
46 161
46 173
46 249
46 260
47 45
47 49
47 56
47 62
47 65
47 77
47 91
47 95
47 138
47 139
47 147
47 152
47 161
47 165
47 182
47 197
47 225
47 228
47 249
47 251
47 260
48 45
48 62
48 65
48 77
48 91
48 95
48 138
48 139
48 147
48 152
48 161
48 182
48 197
48 225
48 249
48 251
48 260
49 62
49 65
49 77
49 86
49 95
49 138
49 147
49 152
49 161
49 182
49 197
49 249
49 251
49 260
50 53
50 65
50 77
50 86
50 95
50 116
50 138
50 147
50 152
50 156
50 161
50 176
50 179
50 182
50 197
50 224
50 249
50 251
50 252
50 260
51 53
51 77
51 86
51 95
51 116
51 138
51 147
51 152
51 156
51 161
51 176
51 179
51 182
51 197
51 224
51 242
51 249
51 251
51 252
51 260
52 53
52 77
52 86
52 95
52 116
52 136
52 138
52 144
52 147
52 152
52 156
52 176
52 179
52 182
52 197
52 224
52 242
52 249
52 251
52 252
52 260
53 53
53 67
53 77
53 86
53 89
53 95
53 107
53 112
53 116
53 144
53 147
53 152
53 156
53 176
53 179
53 197
53 198
53 224
53 242
53 249
53 251
53 252
53 260
54 53
54 67
54 77
54 86
54 89
54 95
54 107
54 112
54 116
54 144
54 147
54 152
54 156
54 176
54 179
54 197
54 224
54 242
54 249
54 251
54 252
54 260
55 64
55 67
55 86
55 89
55 90
55 93
55 95
55 107
55 111
55 112
55 116
55 117
55 128
55 129
55 135
55 144
55 147
55 152
55 176
55 197
55 224
55 251
55 260
56 64
56 66
56 67
56 69
56 89
56 90
56 93
56 95
56 110
56 111
56 112
56 116
56 117
56 119
56 128
56 135
56 144
56 152
56 191
56 197
56 229
56 250
56 251
56 260
57 66
57 67
57 89
57 90
57 93
57 95
57 110
57 111
57 112
57 116
57 117
57 119
57 128
57 135
57 144
57 152
57 191
57 196
57 197
57 229
57 250
57 251
57 260
58 66
58 84
58 89
58 90
58 110
58 112
58 116
58 117
58 128
58 135
58 152
58 191
58 196
58 197
58 229
58 250
58 251
58 260
59 66
59 84
59 89
59 90
59 112
59 116
59 117
59 128
59 135
59 152
59 191
59 196
59 197
59 229
59 250
59 251
59 260
60 66
60 84
60 89
60 90
60 112
60 116
60 117
60 128
60 135
60 152
60 178
60 191
60 196
60 197
60 229
60 250
60 251
60 260
61 66
61 84
61 87
61 89
61 90
61 112
61 116
61 128
61 135
61 152
61 178
61 191
61 196
61 197
61 229
61 250
61 251
61 260
62 66
62 84
62 87
62 89
62 90
62 112
62 116
62 128
62 135
62 152
62 178
62 191
62 196
62 197
62 229
62 250
62 251
62 260
63 66
63 84
63 87
63 89
63 90
63 112
63 116
63 128
63 135
63 152
63 178
63 191
63 196
63 197
63 229
63 250
63 251
63 260
64 66
64 84
64 89
64 109
64 112
64 116
64 128
64 135
64 178
64 190
64 191
64 196
64 197
64 229
64 250
64 251
64 260
65 66
65 84
65 89
65 97
65 109
65 116
65 128
65 135
65 154
65 158
65 178
65 190
65 196
65 197
65 229
65 250
65 251
65 260
66 66
66 84
66 89
66 97
66 109
66 116
66 128
66 135
66 154
66 158
66 178
66 190
66 196
66 197
66 229
66 250
66 251
66 260
67 66
67 84
67 89
67 97
67 109
67 116
67 128
67 135
67 154
67 158
67 178
67 190
67 196
67 197
67 229
67 250
67 251
67 260
68 84
68 89
68 113
68 116
68 128
68 145
68 154
68 158
68 190
68 196
68 197
68 250
68 251
68 256
68 260
69 84
69 89
69 113
69 116
69 128
69 145
69 154
69 158
69 190
69 196
69 197
69 250
69 251
69 256
69 260
70 84
70 89
70 113
70 128
70 145
70 154
70 158
70 190
70 196
70 197
70 233
70 250
70 251
70 256
70 260
71 84
71 89
71 113
71 127
71 128
71 145
71 154
71 158
71 162
71 175
71 190
71 196
71 197
71 233
71 250
71 251
71 256
71 260
72 84
72 89
72 106
72 125
72 126
72 174
72 175
72 190
72 196
72 197
72 233
72 234
72 247
72 250
72 251
72 256
72 260
73 84
73 89
73 106
73 125
73 126
73 174
73 175
73 190
73 196
73 197
73 233
73 234
73 247
73 250
73 251
73 256
73 260
74 84
74 89
74 126
74 174
74 175
74 190
74 196
74 197
74 233
74 234
74 247
74 250
74 251
74 256
74 260
75 84
75 89
75 126
75 174
75 175
75 190
75 196
75 197
75 233
75 234
75 247
75 250
75 251
75 260
76 84
76 89
76 126
76 155
76 174
76 175
76 190
76 196
76 197
76 233
76 234
76 247
76 250
76 251
76 260
77 84
77 89
77 126
77 155
77 174
77 175
77 190
77 196
77 197
77 233
77 234
77 247
77 250
77 251
77 260
78 89
78 126
78 155
78 174
78 175
78 190
78 196
78 197
78 233
78 234
78 247
78 250
78 251
78 260
79 89
79 104
79 126
79 155
79 174
79 175
79 190
79 196
79 197
79 233
79 234
79 247
79 250
79 251
79 260
80 89
80 104
80 174
80 175
80 190
80 196
80 197
80 233
80 234
80 247
80 250
80 251
80 260
81 89
81 92
81 104
81 115
81 118
81 174
81 175
81 190
81 197
81 233
81 247
81 250
81 251
81 260
82 89
82 92
82 104
82 115
82 118
82 174
82 175
82 190
82 197
82 233
82 247
82 250
82 251
82 260
83 89
83 104
83 115
83 118
83 174
83 175
83 190
83 197
83 233
83 247
83 250
83 251
83 260
84 89
84 104
84 115
84 118
84 174
84 190
84 197
84 233
84 247
84 250
84 251
84 260
85 89
85 104
85 115
85 118
85 174
85 190
85 197
85 233
85 247
85 250
85 251
85 260
86 89
86 104
86 115
86 118
86 174
86 190
86 197
86 247
86 250
86 251
86 260
87 89
87 104
87 118
87 174
87 190
87 197
87 221
87 247
87 250
87 251
87 260
88 96
88 104
88 120
88 121
88 140
88 202
88 221
88 247
88 250
88 251
88 260
89 96
89 104
89 120
89 121
89 140
89 202
89 221
89 247
89 250
89 251
89 260
90 96
90 104
90 120
90 121
90 140
90 202
90 221
90 247
90 250
90 251
90 260
91 96
91 98
91 104
91 120
91 140
91 202
91 250
91 251
91 260
92 96
92 104
92 120
92 140
92 202
92 250
92 251
92 260
93 96
93 104
93 120
93 140
93 202
93 250
93 251
93 260
94 104
94 140
94 157
94 202
94 250
94 251
94 260
95 104
95 140
95 157
95 202
95 250
95 251
95 260
96 103
96 104
96 140
96 157
96 208
96 250
96 251
96 260
97 103
97 104
97 140
97 157
97 208
97 250
97 251
97 260
98 103
98 104
98 140
98 157
98 208
98 250
98 251
98 260
99 103
99 104
99 134
99 140
99 157
99 208
99 223
99 250
99 251
99 260
100 103
100 104
100 130
100 134
100 140
100 142
100 157
100 164
100 208
100 223
100 250
100 251
100 260
101 103
101 104
101 130
101 134
101 140
101 142
101 157
101 164
101 208
101 223
101 250
101 251
101 260
102 103
102 114
102 130
102 134
102 140
102 157
102 164
102 208
102 223
102 250
102 251
102 260
103 103
103 114
103 130
103 134
103 140
103 157
103 164
103 208
103 223
103 250
103 251
103 260
104 103
104 130
104 134
104 140
104 164
104 208
104 223
104 250
104 251
105 103
105 130
105 134
105 140
105 164
105 208
105 223
105 250
105 251
106 103
106 130
106 134
106 140
106 164
106 208
106 223
106 251
107 103
107 130
107 134
107 140
107 164
107 192
107 208
107 223
107 251
108 103
108 130
108 134
108 140
108 164
108 192
108 208
108 223
108 251
109 103
109 130
109 134
109 140
109 160
109 164
109 186
109 192
109 208
109 251
110 103
110 130
110 134
110 140
110 160
110 164
110 186
110 192
110 208
110 251
111 130
111 134
111 140
111 148
111 160
111 164
111 166
111 186
111 192
111 251
112 130
112 134
112 140
112 148
112 160
112 164
112 166
112 186
112 192
112 251
113 130
113 134
113 140
113 148
113 160
113 164
113 166
113 186
113 192
113 251
114 130
114 134
114 140
114 148
114 160
114 164
114 166
114 186
114 192
114 251
115 130
115 134
115 140
115 148
115 160
115 164
115 166
115 186
115 192
115 251
116 130
116 134
116 140
116 160
116 164
116 166
116 186
116 192
116 251
117 130
117 134
117 140
117 160
117 164
117 166
117 186
117 192
117 251
118 130
118 134
118 140
118 160
118 164
118 166
118 186
118 192
118 251
119 134
119 140
119 146
119 150
119 160
119 164
119 166
119 186
119 192
119 251
120 134
120 140
120 146
120 150
120 160
120 164
120 166
120 186
120 192
120 251
121 134
121 140
121 146
121 150
121 160
121 164
121 166
121 186
121 189
121 192
121 232
121 251
121 258
122 134
122 140
122 146
122 150
122 160
122 164
122 166
122 186
122 189
122 192
122 232
122 251
122 258
123 134
123 140
123 164
123 166
123 168
123 189
123 192
123 232
123 251
123 258
124 134
124 140
124 164
124 166
124 168
124 189
124 192
124 207
124 232
124 251
124 258
125 134
125 140
125 164
125 168
125 189
125 207
125 232
125 258
126 134
126 140
126 164
126 168
126 189
126 207
126 232
126 258
127 133
127 134
127 140
127 164
127 167
127 168
127 189
127 207
127 232
127 258
128 133
128 134
128 140
128 164
128 167
128 168
128 189
128 207
128 232
128 258
129 133
129 134
129 141
129 151
129 163
129 167
129 168
129 189
129 232
130 133
130 134
130 141
130 151
130 167
130 168
130 180
130 189
130 232
131 133
131 134
131 141
131 151
131 167
131 168
131 171
131 180
131 189
131 232
132 133
132 134
132 141
132 149
132 151
132 167
132 168
132 171
132 180
132 189
132 232
133 134
133 141
133 149
133 151
133 167
133 168
133 171
133 180
133 227
133 232
134 149
134 151
134 167
134 168
134 171
134 180
134 227
134 232
134 238
135 149
135 151
135 167
135 168
135 171
135 180
135 227
135 232
135 238
136 149
136 151
136 167
136 171
136 180
136 200
136 209
136 227
136 232
136 238
136 255
137 149
137 151
137 171
137 180
137 200
137 209
137 227
137 232
137 238
137 255
138 149
138 151
138 171
138 180
138 200
138 209
138 211
138 216
138 227
138 232
138 238
138 255
139 149
139 151
139 171
139 180
139 200
139 209
139 211
139 216
139 227
139 232
139 238
139 255
140 149
140 151
140 171
140 180
140 200
140 209
140 211
140 216
140 227
140 232
140 238
140 255
141 180
141 200
141 209
141 211
141 215
141 216
141 227
141 232
141 238
141 255
141 257
142 180
142 200
142 209
142 211
142 215
142 216
142 227
142 232
142 238
142 255
142 257
143 180
143 200
143 209
143 211
143 215
143 216
143 227
143 238
143 255
143 257
144 180
144 209
144 215
144 216
144 227
144 238
144 240
144 255
144 257
145 180
145 215
145 216
145 227
145 238
145 240
145 255
145 257
146 180
146 215
146 216
146 227
146 238
146 240
146 255
146 257
147 180
147 215
147 216
147 227
147 238
147 240
147 255
147 257
148 180
148 215
148 216
148 227
148 238
148 240
148 255
148 257
149 180
149 195
149 215
149 216
149 227
149 238
149 240
149 255
149 257
150 180
150 195
150 215
150 216
150 227
150 238
150 240
150 255
150 257
151 180
151 195
151 215
151 216
151 227
151 238
151 240
151 255
151 257
152 180
152 195
152 215
152 216
152 227
152 238
152 240
152 255
152 257
153 180
153 195
153 215
153 216
153 227
153 238
153 240
153 255
153 257
154 180
154 195
154 214
154 215
154 216
154 227
154 238
154 240
154 255
154 257
155 172
155 180
155 195
155 214
155 215
155 216
155 227
155 238
155 240
155 255
155 257
156 180
156 181
156 195
156 214
156 215
156 227
156 238
156 240
156 255
156 257
157 180
157 181
157 195
157 214
157 215
157 238
157 240
157 255
157 257
158 180
158 181
158 195
158 214
158 215
158 238
158 240
158 255
158 257
158 261
159 180
159 181
159 195
159 214
159 215
159 238
159 240
159 255
159 257
159 261
160 180
160 181
160 185
160 195
160 214
160 215
160 238
160 240
160 255
160 257
160 261
161 180
161 181
161 185
161 195
161 214
161 215
161 238
161 240
161 255
161 257
162 180
162 181
162 185
162 195
162 214
162 215
162 238
162 240
162 255
162 257
163 180
163 181
163 185
163 193
163 195
163 214
163 215
163 238
163 240
163 257
164 180
164 181
164 185
164 193
164 195
164 214
164 215
164 238
164 240
164 257
165 180
165 181
165 185
165 193
165 195
165 214
165 215
165 238
165 240
165 257
166 180
166 181
166 185
166 193
166 195
166 214
166 215
166 217
166 238
166 240
166 257
167 180
167 181
167 185
167 193
167 195
167 214
167 215
167 217
167 238
167 240
167 257
168 180
168 181
168 185
168 193
168 195
168 214
168 215
168 217
168 238
168 240
168 257
169 180
169 181
169 185
169 193
169 195
169 214
169 215
169 217
169 238
169 240
169 257
170 180
170 185
170 193
170 195
170 213
170 214
170 215
170 217
170 230
170 238
170 240
170 246
170 257
171 180
171 185
171 193
171 195
171 213
171 214
171 217
171 220
171 230
171 238
171 246
171 257
172 180
172 195
172 213
172 217
172 230
172 246
172 257
173 180
173 195
173 213
173 217
173 230
173 246
173 257
174 180
174 195
174 217
174 230
174 257
175 180
175 195
175 217
175 230
175 257
175 262
176 195
176 217
176 230
176 257
176 262
177 195
177 217
177 230
177 257
177 262
178 195
178 217
178 230
178 257
178 262
179 195
179 217
179 230
179 257
179 262
180 195
180 217
180 230
180 257
180 262
181 195
181 217
181 230
181 257
181 262
182 195
182 217
182 230
182 257
182 262
183 195
183 217
183 230
183 257
183 262
184 195
184 217
184 230
184 253
184 257
184 262
185 195
185 217
185 230
185 253
185 257
185 262
186 195
186 217
186 230
186 253
186 257
186 262
187 217
187 230
187 257
187 262
188 217
188 230
188 257
188 262
189 217
189 230
189 257
189 262
190 217
190 230
190 257
190 262
191 217
191 230
191 243
191 257
191 262
192 217
192 230
192 262
193 217
193 230
193 262
194 217
194 230
194 241
194 262
195 217
195 241
195 262
196 217
196 241
196 262
197 217
197 241
197 262
198 217
198 241
198 262
199 217
199 241
199 262
200 217
200 241
200 262
201 217
201 241
201 262
202 217
202 241
202 262
203 217
203 241
203 262
204 217
204 241
204 262
205 217
205 241
205 262
206 217
206 241
206 262
207 217
207 241
207 262
208 217
209 217
209 259
210 217
210 259
211 217
211 222
211 244
211 259
212 217
212 222
212 244
212 259
213 217
213 222
213 259
214 217
214 222
214 259
215 217
215 222
215 226
215 259
216 217
216 222
216 226
216 259
217 217
217 222
217 226
217 259
218 217
218 222
218 226
218 259
219 217
219 222
219 226
219 259
220 217
220 222
220 226
220 259
221 217
221 222
221 226
221 259
222 217
222 226
222 259
223 217
223 226
223 259
224 217
224 259
225 217
225 259
226 217
226 259
227 217
227 259
228 217
228 245
228 248
228 259
229 217
229 245
229 248
229 259
230 217
230 245
230 248
230 259
231 217
231 245
231 248
231 259
232 217
232 245
232 248
232 259
233 217
233 245
233 248
233 259
234 245
234 248
234 259
235 245
235 248
235 259
236 245
236 248
236 259
237 245
237 248
237 259
238 245
238 248
238 259
239 245
239 248
239 259
240 245
240 248
240 259
241 245
241 248
241 259
242 245
242 248
242 259
243 248
243 259
244 248
244 259
245 248
245 259
246 248
246 259
247 248
247 259
248 248
248 259
249 248
249 259
250 259
