1 36
2 10
2 36
2 155
3 10
3 36
3 37
3 110
3 120
3 155
3 166
3 226
4 20
4 37
4 110
4 120
4 153
4 155
4 226
4 260
5 7
5 37
5 61
5 70
5 110
5 120
5 153
5 155
5 226
5 260
6 7
6 37
6 61
6 70
6 110
6 120
6 153
6 155
6 226
6 260
7 37
7 61
7 62
7 70
7 110
7 120
7 153
7 226
7 260
8 9
8 12
8 37
8 45
8 61
8 62
8 70
8 110
8 120
8 147
8 153
8 226
8 238
8 260
9 15
9 37
9 48
9 62
9 70
9 74
9 105
9 121
9 124
9 147
9 214
9 226
9 232
9 238
9 260
10 15
10 37
10 48
10 70
10 74
10 105
10 121
10 124
10 147
10 214
10 226
10 232
10 238
10 260
11 37
11 70
11 73
11 78
11 90
11 121
11 122
11 124
11 130
11 147
11 214
11 226
11 232
11 238
11 254
11 260
12 37
12 70
12 73
12 78
12 90
12 101
12 121
12 122
12 124
12 130
12 147
12 214
12 226
12 232
12 238
12 254
12 260
13 14
13 37
13 70
13 73
13 78
13 90
13 101
13 121
13 122
13 124
13 130
13 147
13 178
13 214
13 226
13 232
13 238
13 254
13 260
14 18
14 24
14 42
14 70
14 78
14 90
14 101
14 121
14 130
14 147
14 178
14 214
14 226
14 232
14 238
14 239
14 254
14 260
15 24
15 42
15 70
15 78
15 90
15 98
15 121
15 130
15 147
15 164
15 178
15 214
15 226
15 232
15 238
15 239
15 254
15 260
16 24
16 70
16 78
16 90
16 98
16 121
16 130
16 147
16 164
16 178
16 214
16 226
16 232
16 238
16 239
16 254
16 260
17 24
17 70
17 78
17 90
17 98
17 121
17 130
17 147
17 164
17 178
17 214
17 226
17 232
17 238
17 239
17 254
17 260
18 25
18 30
18 38
18 70
18 78
18 90
18 98
18 121
18 147
18 164
18 178
18 214
18 226
18 232
18 238
18 239
18 254
18 260
19 25
19 30
19 38
19 68
19 70
19 78
19 90
19 98
19 121
19 147
19 164
19 178
19 214
19 226
19 232
19 238
19 239
19 254
19 260
20 30
20 38
20 46
20 68
20 70
20 78
20 90
20 98
20 121
20 147
20 164
20 178
20 214
20 226
20 232
20 238
20 239
20 254
20 260
21 30
21 38
21 46
21 68
21 70
21 78
21 90
21 98
21 121
21 164
21 178
21 214
21 226
21 232
21 238
21 239
21 254
21 260
22 27
22 28
22 38
22 68
22 70
22 78
22 96
22 121
22 151
22 154
22 158
22 164
22 178
22 214
22 226
22 232
22 238
22 254
22 260
23 27
23 28
23 38
23 68
23 70
23 78
23 96
23 121
23 151
23 158
23 164
23 178
23 179
23 214
23 226
23 232
23 238
23 254
23 260
24 47
24 54
24 68
24 78
24 96
24 103
24 116
24 151
24 157
24 158
24 164
24 178
24 179
24 202
24 206
24 214
24 226
24 232
24 238
24 260
25 47
25 54
25 68
25 78
25 96
25 103
25 116
25 151
25 157
25 158
25 164
25 178
25 179
25 202
25 206
25 214
25 226
25 232
25 238
26 47
26 68
26 78
26 96
26 103
26 112
26 116
26 151
26 157
26 158
26 164
26 178
26 179
26 202
26 206
26 214
26 220
26 226
26 232
26 238
27 32
27 47
27 68
27 78
27 96
27 103
27 112
27 116
27 134
27 151
27 157
27 158
27 164
27 178
27 179
27 206
27 214
27 220
27 226
27 232
27 238
28 32
28 47
28 68
28 78
28 96
28 103
28 112
28 116
28 134
28 151
28 157
28 158
28 164
28 178
28 179
28 206
28 214
28 220
28 226
28 232
28 235
28 238
29 32
29 34
29 68
29 78
29 96
29 103
29 116
29 132
29 134
29 137
29 151
29 157
29 158
29 178
29 179
29 206
29 214
29 220
29 232
29 233
29 235
30 35
30 40
30 68
30 80
30 96
30 103
30 116
30 119
30 132
30 134
30 137
30 151
30 157
30 158
30 178
30 206
30 220
30 232
30 233
30 235
31 35
31 40
31 68
31 80
31 96
31 103
31 116
31 119
31 131
31 132
31 134
31 137
31 151
31 157
31 158
31 178
31 206
31 220
31 232
31 233
31 235
32 40
32 44
32 51
32 68
32 80
32 96
32 116
32 119
32 131
32 132
32 134
32 137
32 151
32 157
32 158
32 178
32 206
32 220
32 232
32 233
33 40
33 44
33 51
33 68
33 80
33 96
33 116
33 119
33 131
33 132
33 134
33 157
33 158
33 178
33 206
33 220
33 232
34 44
34 51
34 55
34 68
34 77
34 80
34 111
34 116
34 118
34 119
34 134
34 157
34 158
34 172
34 174
34 178
34 206
34 220
34 232
35 44
35 55
35 68
35 77
35 80
35 111
35 116
35 118
35 119
35 134
35 157
35 158
35 172
35 178
35 206
35 220
35 232
36 41
36 50
36 55
36 67
36 76
36 80
36 111
36 116
36 118
36 134
36 157
36 158
36 172
36 184
36 205
36 206
36 220
36 232
37 50
37 55
37 65
37 67
37 76
37 80
37 111
37 116
37 118
37 134
37 157
37 158
37 172
37 184
37 206
37 220
37 232
38 65
38 76
38 80
38 111
38 114
38 116
38 118
38 134
38 157
38 158
38 172
38 184
38 220
38 232
39 65
39 76
39 80
39 111
39 114
39 116
39 118
39 134
39 157
39 158
39 172
39 184
39 220
39 232
40 57
40 58
40 59
40 65
40 76
40 111
40 114
40 116
40 134
40 157
40 158
40 169
40 172
40 183
40 184
40 192
40 220
40 232
40 234
41 57
41 59
41 60
41 65
41 76
41 83
41 114
41 134
41 157
41 158
41 169
41 175
41 183
41 184
41 192
41 200
41 208
41 218
41 220
41 232
41 234
42 53
42 57
42 59
42 60
42 63
42 65
42 83
42 97
42 114
42 157
42 158
42 162
42 169
42 175
42 183
42 184
42 192
42 200
42 208
42 218
42 220
42 232
42 234
42 246
43 49
43 53
43 59
43 60
43 66
43 72
43 97
43 114
43 150
43 157
43 158
43 162
43 169
43 175
43 183
43 184
43 192
43 200
43 208
43 218
43 220
43 232
43 234
44 49
44 53
44 59
44 60
44 66
44 97
44 114
44 150
44 157
44 158
44 162
44 169
44 175
44 183
44 184
44 192
44 200
44 208
44 218
44 220
44 232
44 234
45 49
45 53
45 59
45 60
45 66
45 69
45 81
45 89
45 97
45 114
45 135
45 150
45 157
45 158
45 162
45 169
45 175
45 183
45 184
45 192
45 200
45 208
45 218
45 220
45 232
45 234
46 49
46 53
46 59
46 60
46 66
46 69
46 81
46 89
46 97
46 114
46 135
46 150
46 158
46 169
46 175
46 183
46 184
46 192
46 200
46 208
46 218
46 220
46 222
46 232
46 234
47 49
47 53
47 59
47 66
47 69
47 89
47 97
47 114
47 135
47 150
47 152
47 158
47 169
47 175
47 183
47 184
47 192
47 200
47 208
47 218
47 220
47 222
47 232
47 234
47 245
48 49
48 53
48 59
48 66
48 69
48 89
48 97
48 114
48 135
48 150
48 152
48 158
48 169
48 175
48 183
48 184
48 192
48 200
48 208
48 218
48 220
48 222
48 232
48 234
49 49
49 53
49 66
49 69
49 89
49 114
49 135
49 150
49 152
49 158
49 169
49 183
49 184
49 192
49 200
49 208
49 218
49 220
49 222
49 232
49 234
50 53
50 66
50 69
50 114
50 117
50 135
50 150
50 152
50 158
50 169
50 183
50 192
50 200
50 208
50 218
50 232
50 234
51 53
51 56
51 66
51 69
51 114
51 117
51 135
51 150
51 152
51 158
51 169
51 183
51 185
51 192
51 200
51 208
51 218
51 232
51 234
52 53
52 56
52 66
52 69
52 114
52 117
52 135
52 150
52 152
52 158
52 169
52 183
52 185
52 192
52 200
52 208
52 218
52 232
52 234
53 53
53 64
53 66
53 69
53 79
53 114
53 117
53 135
53 150
53 152
53 158
53 169
53 183
53 192
53 200
53 208
53 218
53 232
53 234
53 253
53 261
54 53
54 64
54 69
54 79
54 114
54 117
54 135
54 150
54 152
54 158
54 169
54 183
54 192
54 200
54 208
54 218
54 232
54 234
54 253
54 261
55 53
55 64
55 69
55 71
55 79
55 114
55 117
55 135
55 150
55 152
55 158
55 169
55 183
55 192
55 200
55 208
55 218
55 232
55 234
55 253
55 261
56 64
56 71
56 79
56 114
56 117
56 135
56 150
56 152
56 169
56 183
56 192
56 200
56 208
56 218
56 232
56 234
56 243
56 253
56 261
57 64
57 71
57 79
57 114
57 117
57 135
57 150
57 152
57 169
57 183
57 192
57 200
57 208
57 218
57 232
57 234
57 243
57 253
57 261
58 64
58 71
58 79
58 114
58 117
58 135
58 150
58 152
58 169
58 183
58 192
58 200
58 208
58 218
58 232
58 234
58 243
58 253
58 261
59 64
59 71
59 79
59 114
59 117
59 135
59 150
59 152
59 169
59 183
59 192
59 200
59 208
59 218
59 232
59 234
59 243
59 253
59 261
60 64
60 71
60 79
60 114
60 117
60 135
60 150
60 152
60 169
60 183
60 188
60 192
60 208
60 218
60 232
60 234
60 243
60 253
60 261
61 64
61 71
61 79
61 86
61 88
61 117
61 135
61 150
61 152
61 169
61 183
61 188
61 192
61 208
61 218
61 232
61 234
61 243
61 253
61 261
62 64
62 71
62 86
62 88
62 117
62 135
62 150
62 152
62 169
62 183
62 188
62 208
62 218
62 232
62 234
62 243
62 253
62 261
63 64
63 71
63 86
63 88
63 117
63 135
63 150
63 152
63 169
63 183
63 188
63 208
63 218
63 234
63 243
63 253
63 261
64 64
64 71
64 86
64 88
64 117
64 135
64 150
64 152
64 169
64 183
64 188
64 208
64 218
64 234
64 243
64 253
64 261
65 71
65 86
65 88
65 93
65 117
65 135
65 150
65 152
65 169
65 183
65 188
65 208
65 218
65 234
65 243
65 253
65 261
66 71
66 86
66 88
66 117
66 129
66 133
66 135
66 146
66 150
66 152
66 169
66 181
66 183
66 188
66 208
66 218
66 234
66 243
66 253
66 261
67 71
67 86
67 88
67 117
67 129
67 135
67 146
67 150
67 152
67 169
67 181
67 183
67 188
67 208
67 218
67 234
67 243
67 253
67 261
68 71
68 86
68 88
68 117
68 129
68 135
68 146
68 150
68 152
68 169
68 181
68 183
68 188
68 208
68 218
68 234
68 243
68 261
69 71
69 86
69 88
69 117
69 129
69 135
69 146
69 150
69 152
69 169
69 181
69 183
69 188
69 208
69 218
69 234
69 243
69 261
70 71
70 86
70 88
70 117
70 129
70 135
70 146
70 150
70 152
70 169
70 181
70 183
70 188
70 208
70 218
70 234
70 243
70 261
71 71
71 88
71 99
71 115
71 117
71 129
71 135
71 136
71 146
71 150
71 152
71 169
71 181
71 183
71 188
71 208
71 218
71 243
71 261
72 71
72 88
72 99
72 115
72 117
72 129
72 135
72 136
72 146
72 150
72 152
72 169
72 181
72 183
72 188
72 208
72 218
72 243
72 261
73 71
73 99
73 115
73 117
73 129
73 135
73 136
73 146
73 150
73 152
73 169
73 181
73 183
73 188
73 208
73 218
73 243
73 261
74 71
74 84
74 99
74 104
74 115
74 117
74 135
74 136
74 146
74 150
74 152
74 169
74 181
74 183
74 208
74 218
74 221
74 227
74 243
74 261
75 71
75 84
75 99
75 104
75 115
75 117
75 135
75 136
75 146
75 150
75 152
75 169
75 181
75 183
75 208
75 218
75 221
75 227
75 243
75 261
76 71
76 84
76 99
76 104
76 117
76 135
76 146
76 150
76 152
76 169
76 181
76 183
76 208
76 218
76 221
76 227
76 241
76 243
76 261
77 71
77 85
77 87
77 99
77 104
77 135
77 150
77 152
77 169
77 171
77 181
77 183
77 208
77 221
77 227
77 243
77 251
77 261
78 71
78 85
78 87
78 95
78 99
78 104
78 135
78 150
78 152
78 169
78 171
78 181
78 183
78 208
78 221
78 227
78 243
78 251
78 261
79 85
79 95
79 99
79 104
79 135
79 150
79 161
79 169
79 181
79 183
79 208
79 221
79 227
79 243
80 85
80 95
80 99
80 104
80 107
80 135
80 161
80 169
80 181
80 183
80 208
80 221
80 227
80 243
81 85
81 99
81 104
81 107
81 135
81 161
81 169
81 181
81 183
81 208
81 221
81 227
81 243
82 85
82 99
82 100
82 104
82 107
82 135
82 141
82 161
82 169
82 181
82 183
82 208
82 221
82 227
82 243
83 85
83 99
83 100
83 104
83 107
83 135
83 141
83 161
83 169
83 181
83 183
83 208
83 221
83 227
83 243
84 85
84 91
84 99
84 100
84 104
84 107
84 135
84 141
84 156
84 161
84 169
84 181
84 208
84 221
84 227
85 85
85 91
85 104
85 107
85 156
85 161
85 163
85 208
85 221
85 227
85 231
85 258
86 91
86 104
86 139
86 145
86 156
86 161
86 163
86 186
86 208
86 221
86 227
86 231
86 258
87 91
87 104
87 139
87 145
87 156
87 161
87 163
87 186
87 189
87 208
87 221
87 227
87 231
87 258
88 91
88 104
88 123
88 139
88 142
88 145
88 156
88 161
88 163
88 186
88 189
88 208
88 221
88 227
88 231
88 258
89 91
89 104
89 123
89 139
89 142
89 145
89 156
89 161
89 163
89 186
89 189
89 208
89 221
89 227
89 231
89 258
90 91
90 123
90 139
90 140
90 142
90 143
90 145
90 156
90 159
90 161
90 186
90 189
90 204
90 208
90 221
90 231
90 258
91 91
91 123
91 139
91 140
91 142
91 143
91 145
91 156
91 159
91 161
91 186
91 189
91 208
91 221
91 231
91 258
92 91
92 123
92 139
92 140
92 142
92 143
92 145
92 156
92 159
92 161
92 186
92 189
92 208
92 231
92 258
93 91
93 123
93 139
93 140
93 142
93 143
93 145
93 156
93 159
93 161
93 186
93 189
93 231
93 258
94 91
94 123
94 139
94 140
94 142
94 143
94 145
94 156
94 159
94 161
94 186
94 189
94 231
94 258
95 91
95 113
95 142
95 143
95 145
95 156
95 159
95 186
95 189
95 258
96 91
96 113
96 142
96 143
96 145
96 156
96 159
96 186
96 189
96 258
97 91
97 113
97 142
97 143
97 156
97 159
97 177
97 182
97 186
97 189
97 258
98 91
98 113
98 142
98 143
98 156
98 159
98 177
98 182
98 186
98 189
98 258
99 102
99 113
99 143
99 156
99 159
99 177
99 182
99 186
99 189
99 258
100 102
100 113
100 143
100 159
100 182
100 186
100 196
100 258
101 102
101 113
101 143
101 159
101 182
101 186
101 196
101 258
102 106
102 108
102 128
102 143
102 159
102 182
102 196
102 203
102 258
103 106
103 108
103 128
103 143
103 159
103 182
103 191
103 196
103 203
104 106
104 128
104 159
104 182
104 191
104 195
104 196
104 203
105 106
105 128
105 159
105 182
105 191
105 195
105 203
106 106
106 109
106 128
106 159
106 182
106 191
106 195
106 203
107 106
107 128
107 159
107 182
107 195
107 203
108 128
108 159
108 182
108 195
108 203
109 128
109 159
109 182
109 195
109 197
109 203
110 128
110 159
110 182
110 195
110 197
110 203
111 128
111 159
111 182
111 195
111 197
111 203
112 128
112 159
112 170
112 182
112 195
112 197
112 203
113 128
113 159
113 170
113 182
113 195
113 197
113 203
114 128
114 138
114 170
114 182
114 195
114 197
115 128
115 138
115 144
115 170
115 176
115 182
115 195
116 128
116 138
116 144
116 165
116 170
116 176
116 182
116 195
117 128
117 138
117 144
117 165
117 170
117 176
117 182
117 195
118 125
118 128
118 144
118 160
118 165
118 170
118 176
118 182
118 215
119 125
119 128
119 144
119 176
119 193
119 215
119 228
119 244
120 125
120 128
120 144
120 176
120 193
120 215
120 228
120 244
121 125
121 128
121 144
121 176
121 193
121 213
121 215
121 228
121 244
122 128
122 176
122 193
122 213
122 228
122 244
123 128
123 176
123 193
123 213
123 228
123 244
124 176
124 193
124 213
124 224
124 228
124 244
125 176
125 193
125 213
125 224
125 228
125 244
126 176
126 193
126 213
126 228
126 244
127 176
127 193
127 213
127 228
127 244
127 255
128 176
128 193
128 213
128 228
128 244
128 255
129 176
129 193
129 213
129 228
129 244
129 255
130 176
130 193
130 198
130 213
130 228
130 244
130 255
131 176
131 193
131 198
131 213
131 228
131 244
131 255
132 176
132 193
132 198
132 209
132 213
132 228
132 244
132 255
133 176
133 198
133 209
133 213
133 228
133 244
133 255
134 149
134 176
134 198
134 209
134 213
134 228
134 244
134 255
135 149
135 176
135 187
135 198
135 209
135 213
135 228
135 244
135 255
136 149
136 176
136 187
136 198
136 209
136 213
136 228
136 244
136 255
137 149
137 176
137 187
137 209
137 213
137 228
137 244
137 255
138 149
138 176
138 187
138 209
138 213
138 228
138 244
138 255
139 149
139 176
139 187
139 209
139 213
139 228
139 244
139 255
140 149
140 176
140 187
140 209
140 213
140 228
140 244
140 255
141 149
141 176
141 187
141 209
141 213
141 228
141 244
141 255
142 149
142 176
142 187
142 209
142 213
142 228
142 244
142 255
143 149
143 176
143 187
143 209
143 213
143 228
143 244
143 255
144 149
144 176
144 187
144 209
144 213
144 228
144 244
144 255
145 149
145 167
145 176
145 187
145 201
145 209
145 213
145 228
145 244
145 255
146 149
146 167
146 176
146 187
146 201
146 209
146 213
146 228
146 244
146 255
147 149
147 167
147 176
147 187
147 209
147 213
147 228
148 149
148 167
148 187
148 209
148 213
148 228
148 262
149 167
149 168
149 207
149 209
149 213
149 228
149 237
150 167
150 168
150 207
150 209
150 213
150 228
150 237
151 167
151 168
151 207
151 209
151 228
151 237
151 250
152 167
152 168
152 207
152 209
152 228
152 237
152 250
153 168
153 207
153 209
153 228
153 237
153 250
154 168
154 207
154 209
154 228
154 237
154 250
155 168
155 207
155 209
155 228
155 237
155 250
156 168
156 207
156 209
156 228
156 237
156 250
157 207
157 209
157 228
157 237
157 250
158 207
158 209
158 228
158 237
158 250
159 207
159 209
159 228
159 237
159 250
160 207
160 209
160 228
160 237
160 250
161 207
161 209
161 228
161 237
161 250
162 207
162 209
162 228
162 237
162 250
163 207
163 209
163 228
163 237
163 250
164 207
164 209
164 228
164 237
164 250
165 207
165 209
165 237
165 250
166 194
166 207
166 209
166 237
166 250
167 180
167 194
167 209
167 237
167 250
168 180
168 194
168 209
168 250
169 180
169 194
169 209
169 250
170 180
170 194
170 209
170 212
170 217
170 250
171 180
171 194
171 209
171 212
171 217
171 250
172 180
172 194
172 209
172 212
172 217
172 229
172 250
173 180
173 194
173 209
173 212
173 217
173 229
173 250
174 180
174 194
174 212
174 217
174 219
174 250
175 180
175 194
175 212
175 217
175 219
175 250
176 180
176 194
176 212
176 217
176 219
176 250
177 180
177 194
177 212
177 217
177 219
177 250
178 194
178 212
178 217
178 219
178 250
179 194
179 212
179 219
179 250
180 194
180 212
180 219
180 250
181 194
181 212
181 219
181 250
182 194
182 212
182 219
182 250
183 194
183 212
183 219
183 250
184 194
184 212
184 219
184 250
185 194
185 212
185 219
185 250
186 194
186 212
186 219
186 250
187 194
187 212
187 219
187 250
188 194
188 219
188 250
189 194
189 216
189 219
189 240
189 250
190 210
190 211
190 216
190 219
190 240
190 250
190 257
191 210
191 211
191 216
191 219
191 242
191 249
191 250
191 257
192 210
192 211
192 216
192 219
192 223
192 242
192 249
192 252
192 257
193 211
193 216
193 219
193 223
193 242
193 249
193 252
193 257
194 211
194 216
194 219
194 223
194 242
194 249
194 252
194 257
195 211
195 216
195 223
195 242
195 249
195 252
195 257
196 199
196 216
196 223
196 242
196 249
196 252
196 257
197 199
197 216
197 223
197 242
197 249
197 252
197 257
198 223
198 242
198 249
198 252
198 257
199 223
199 242
199 249
199 252
199 257
200 223
200 242
200 249
200 252
200 257
201 223
201 249
201 252
201 257
202 223
202 249
202 252
202 257
203 223
203 249
203 252
203 257
204 223
204 249
204 252
204 257
205 223
205 249
205 252
205 257
206 223
206 249
206 252
206 257
207 223
207 249
207 252
207 257
208 230
208 236
208 249
208 252
208 257
209 230
209 236
209 249
209 252
209 257
210 230
210 236
210 249
210 252
210 257
211 230
211 236
211 249
211 252
211 257
212 230
212 236
212 249
212 252
212 257
212 259
213 230
213 236
213 249
213 252
213 257
213 259
214 230
214 236
214 249
214 252
214 257
214 259
215 230
215 236
215 249
215 252
215 257
215 259
216 230
216 236
216 249
216 252
216 257
216 259
217 230
217 236
217 249
217 252
217 257
217 259
218 230
218 236
218 249
218 252
218 257
218 259
219 230
219 236
219 249
219 252
219 257
219 259
220 230
220 236
220 249
220 252
220 257
220 259
221 230
221 236
221 249
221 252
221 257
221 259
222 230
222 236
222 249
222 252
222 257
222 259
223 230
223 236
223 249
223 252
223 257
223 259
224 230
224 236
224 249
224 252
224 257
224 259
225 236
225 247
225 249
225 252
225 257
225 259
226 236
226 247
226 249
226 257
226 259
227 236
227 247
227 249
227 257
227 259
228 236
228 247
228 249
228 257
228 259
229 236
229 247
229 249
229 257
230 236
230 247
230 249
230 257
231 236
231 249
231 257
232 236
232 249
232 256
232 257
233 236
233 249
233 256
233 257
234 236
234 249
234 256
234 257
235 236
235 249
235 256
235 257
236 236
236 249
236 256
236 257
237 236
237 256
237 257
238 236
238 256
238 257
239 236
239 256
239 257
240 236
240 256
240 257
241 236
241 256
241 257
242 236
242 248
242 256
242 257
243 236
243 248
243 256
243 257
244 236
244 256
245 236
245 256
246 236
246 256
247 236
247 256
248 236
248 256
249 236
249 256
250 236
250 256
251 236
251 256
252 236
252 256
253 236
253 256
254 256
255 256
256 256
257 256
258 256
259 256
260 256
261 256
