0 29
0 86
0 99
0 134
1 6
1 29
1 53
1 86
1 99
1 134
2 3
2 6
2 29
2 34
2 43
2 86
2 98
2 99
2 129
2 134
2 150
3 9
3 15
3 36
3 41
3 79
3 98
3 99
3 104
3 129
3 134
3 240
4 9
4 15
4 17
4 36
4 41
4 79
4 98
4 99
4 104
4 129
4 134
4 240
5 11
5 14
5 21
5 27
5 36
5 41
5 60
5 79
5 99
5 117
5 129
5 134
5 228
5 240
6 7
6 8
6 11
6 14
6 27
6 35
6 41
6 79
6 80
6 92
6 99
6 129
6 134
6 159
6 186
6 187
6 199
6 228
6 240
7 7
7 8
7 27
7 35
7 79
7 80
7 92
7 99
7 129
7 134
7 159
7 186
7 187
7 199
7 228
7 240
8 8
8 27
8 79
8 80
8 92
8 99
8 129
8 134
8 159
8 186
8 187
8 199
8 224
8 228
8 240
9 8
9 20
9 25
9 27
9 32
9 79
9 92
9 99
9 129
9 159
9 186
9 187
9 199
9 205
9 224
9 228
9 240
10 25
10 27
10 32
10 71
10 79
10 92
10 99
10 129
10 159
10 186
10 187
10 199
10 205
10 224
10 228
10 240
11 25
11 32
11 71
11 79
11 92
11 99
11 129
11 159
11 186
11 187
11 199
11 205
11 224
11 228
11 240
12 25
12 32
12 71
12 79
12 92
12 99
12 113
12 129
12 159
12 186
12 187
12 199
12 205
12 208
12 224
12 228
12 240
13 32
13 71
13 79
13 92
13 99
13 113
13 129
13 159
13 186
13 187
13 199
13 208
13 224
13 228
13 240
13 243
14 32
14 71
14 79
14 96
14 99
14 113
14 129
14 159
14 186
14 187
14 195
14 199
14 208
14 224
14 228
14 240
14 243
15 32
15 71
15 79
15 96
15 99
15 113
15 129
15 159
15 186
15 187
15 195
15 199
15 208
15 224
15 228
15 240
15 243
16 31
16 32
16 47
16 58
16 71
16 79
16 96
16 99
16 113
16 159
16 171
16 186
16 187
16 199
16 208
16 228
16 240
16 243
17 24
17 31
17 32
17 47
17 58
17 71
17 96
17 99
17 113
17 159
17 171
17 186
17 187
17 199
17 208
17 228
17 240
17 243
18 24
18 31
18 32
18 47
18 58
18 71
18 96
18 99
18 113
18 159
18 171
18 186
18 187
18 199
18 208
18 228
18 240
18 243
19 24
19 31
19 32
19 47
19 50
19 58
19 68
19 71
19 83
19 84
19 96
19 99
19 113
19 123
19 124
19 159
19 171
19 174
19 183
19 186
19 187
19 199
19 208
19 228
19 240
19 243
20 24
20 31
20 32
20 47
20 50
20 58
20 68
20 71
20 84
20 94
20 113
20 119
20 123
20 124
20 159
20 174
20 183
20 186
20 187
20 208
20 228
20 240
20 243
21 24
21 31
21 32
21 47
21 50
21 58
21 68
21 71
21 74
21 84
21 94
21 113
21 115
21 123
21 124
21 159
21 174
21 183
21 186
21 187
21 208
21 228
21 240
22 24
22 31
22 50
22 58
22 68
22 71
22 74
22 84
22 94
22 113
22 115
22 123
22 124
22 159
22 174
22 183
22 186
22 187
22 208
22 228
22 240
23 31
23 38
23 50
23 58
23 68
23 71
23 74
23 84
23 94
23 113
23 115
23 123
23 124
23 139
23 159
23 169
23 174
23 183
23 186
23 187
23 208
23 228
23 240
24 50
24 68
24 71
24 74
24 82
24 84
24 94
24 101
24 113
24 115
24 123
24 124
24 138
24 139
24 147
24 159
24 174
24 183
24 186
24 187
24 208
24 211
24 228
25 50
25 68
25 71
25 74
25 82
25 84
25 94
25 101
25 113
25 115
25 123
25 124
25 125
25 138
25 139
25 147
25 159
25 174
25 183
25 186
25 187
25 208
25 211
25 228
26 45
26 50
26 68
26 71
26 74
26 82
26 84
26 91
26 94
26 101
26 113
26 123
26 124
26 125
26 138
26 139
26 147
26 159
26 170
26 174
26 183
26 208
26 211
26 237
27 45
27 50
27 68
27 69
27 71
27 74
27 82
27 84
27 91
27 94
27 101
27 113
27 123
27 124
27 125
27 138
27 139
27 147
27 159
27 170
27 174
27 183
27 208
27 211
27 237
28 39
28 68
28 71
28 74
28 82
28 84
28 91
28 94
28 101
28 113
28 123
28 124
28 125
28 138
28 139
28 147
28 159
28 170
28 174
28 183
28 208
28 211
28 237
29 39
29 68
29 71
29 74
29 82
29 91
29 94
29 101
29 113
29 123
29 124
29 125
29 138
29 139
29 147
29 159
29 174
29 183
29 208
29 211
29 237
30 33
30 39
30 51
30 68
30 71
30 74
30 82
30 91
30 94
30 95
30 101
30 113
30 124
30 125
30 138
30 139
30 145
30 147
30 159
30 160
30 174
30 183
30 208
30 211
30 237
31 62
31 68
31 71
31 82
31 91
31 94
31 95
31 113
31 124
31 125
31 131
31 138
31 145
31 147
31 159
31 160
31 174
31 183
31 208
31 211
31 215
31 237
32 46
32 62
32 71
32 82
32 91
32 94
32 95
32 102
32 113
32 131
32 138
32 140
32 145
32 147
32 159
32 160
32 174
32 183
32 208
32 211
32 234
32 237
33 44
33 46
33 62
33 71
33 82
33 91
33 94
33 95
33 102
33 113
33 131
33 138
33 140
33 145
33 147
33 159
33 174
33 183
33 208
33 211
33 234
33 237
34 44
34 46
34 62
34 71
34 82
34 91
34 94
34 95
34 102
34 113
34 131
34 138
34 140
34 145
34 147
34 159
34 174
34 183
34 208
34 211
34 234
34 237
35 44
35 46
35 62
35 71
35 82
35 91
35 94
35 95
35 102
35 106
35 113
35 130
35 131
35 138
35 140
35 145
35 147
35 159
35 174
35 183
35 208
35 211
35 234
35 237
36 44
36 46
36 61
36 62
36 71
36 82
36 91
36 94
36 95
36 102
36 106
36 112
36 113
36 130
36 131
36 138
36 140
36 145
36 147
36 159
36 174
36 183
36 208
36 211
36 234
36 237
37 44
37 46
37 61
37 62
37 71
37 82
37 91
37 94
37 95
37 102
37 106
37 112
37 113
37 130
37 131
37 138
37 140
37 145
37 147
37 159
37 174
37 183
37 208
37 211
37 234
37 237
38 46
38 61
38 62
38 71
38 82
38 94
38 95
38 102
38 106
38 112
38 113
38 130
38 131
38 138
38 140
38 145
38 147
38 159
38 174
38 183
38 208
38 211
38 234
38 237
39 46
39 62
39 71
39 82
39 94
39 95
39 102
39 106
39 112
39 130
39 131
39 138
39 140
39 145
39 147
39 174
39 183
39 208
39 211
39 234
39 237
40 46
40 62
40 71
40 82
40 94
40 95
40 102
40 106
40 109
40 112
40 118
40 130
40 131
40 138
40 140
40 145
40 147
40 174
40 183
40 208
40 211
40 234
40 237
41 46
41 54
41 71
41 82
41 87
41 89
41 102
41 106
41 109
41 112
41 118
41 130
41 131
41 138
41 140
41 147
41 153
41 174
41 183
41 208
41 218
41 223
41 234
41 237
42 54
42 71
42 78
42 82
42 87
42 89
42 102
42 109
42 112
42 118
42 130
42 131
42 138
42 140
42 147
42 153
42 174
42 183
42 218
42 223
42 237
43 49
43 71
43 78
43 82
43 87
43 89
43 102
43 109
43 112
43 118
43 120
43 121
43 130
43 131
43 138
43 140
43 147
43 153
43 174
43 183
43 218
43 223
43 237
44 49
44 71
44 78
44 82
44 87
44 102
44 109
44 112
44 118
44 120
44 121
44 130
44 131
44 138
44 140
44 147
44 153
44 174
44 177
44 183
44 218
44 223
44 237
45 49
45 71
45 78
45 82
45 87
45 102
45 109
45 112
45 118
45 120
45 121
45 130
45 131
45 138
45 140
45 147
45 153
45 174
45 177
45 183
45 218
45 223
45 237
46 49
46 71
46 78
46 82
46 87
46 102
46 109
46 112
46 118
46 120
46 121
46 130
46 131
46 138
46 140
46 147
46 153
46 174
46 177
46 183
46 218
46 223
46 237
47 49
47 71
47 78
47 82
47 87
47 102
47 109
47 112
47 118
47 120
47 121
47 130
47 131
47 138
47 140
47 147
47 153
47 174
47 177
47 183
47 218
47 223
47 237
48 70
48 71
48 82
48 87
48 102
48 109
48 112
48 118
48 120
48 127
48 130
48 131
48 140
48 153
48 174
48 177
48 183
48 218
48 221
48 223
48 237
49 70
49 71
49 82
49 87
49 102
49 109
49 112
49 118
49 120
49 127
49 130
49 131
49 140
49 153
49 174
49 177
49 183
49 218
49 221
49 223
49 237
50 70
50 71
50 82
50 87
50 102
50 109
50 112
50 118
50 120
50 127
50 130
50 140
50 153
50 174
50 177
50 183
50 218
50 223
50 237
51 59
51 63
51 70
51 71
51 76
51 82
51 87
51 90
51 102
51 109
51 110
51 112
51 120
51 130
51 133
51 140
51 153
51 173
51 175
51 177
51 190
51 200
51 218
51 237
52 59
52 63
52 70
52 71
52 76
52 82
52 87
52 90
52 102
52 109
52 110
52 112
52 120
52 130
52 133
52 140
52 153
52 173
52 175
52 177
52 190
52 200
52 218
52 237
53 59
53 63
53 70
53 71
53 76
53 82
53 87
53 90
53 102
53 109
53 110
53 112
53 120
53 130
53 133
53 140
53 153
53 173
53 175
53 177
53 190
53 200
53 218
53 237
54 55
54 63
54 70
54 71
54 72
54 82
54 87
54 90
54 100
54 102
54 110
54 130
54 133
54 140
54 153
54 163
54 173
54 175
54 177
54 190
54 200
54 218
54 237
54 245
55 55
55 56
55 63
55 70
55 71
55 72
55 82
55 87
55 90
55 100
55 102
55 110
55 130
55 133
55 140
55 153
55 163
55 173
55 175
55 177
55 190
55 200
55 218
55 237
55 245
56 55
56 63
56 70
56 71
56 72
56 82
56 87
56 90
56 100
56 102
56 110
56 130
56 133
56 140
56 153
56 163
56 173
56 175
56 177
56 190
56 200
56 218
56 237
56 245
57 55
57 70
57 71
57 72
57 82
57 87
57 100
57 102
57 110
57 130
57 133
57 153
57 163
57 173
57 175
57 177
57 190
57 200
57 218
57 237
57 245
58 71
58 72
58 77
58 87
58 102
58 107
58 108
58 110
58 114
58 116
58 130
58 153
58 163
58 175
58 177
58 200
58 245
58 247
58 248
59 71
59 72
59 77
59 87
59 88
59 102
59 107
59 114
59 116
59 130
59 153
59 163
59 175
59 177
59 200
59 245
59 247
59 248
60 67
60 71
60 72
60 88
60 102
60 107
60 114
60 116
60 130
60 153
60 163
60 200
60 245
60 247
60 248
61 67
61 71
61 72
61 88
61 102
61 107
61 114
61 116
61 130
61 153
61 163
61 200
61 235
61 245
61 247
61 248
62 67
62 72
62 88
62 102
62 107
62 114
62 116
62 126
62 130
62 153
62 163
62 200
62 235
62 245
62 247
62 248
63 67
63 72
63 93
63 102
63 107
63 114
63 116
63 126
63 130
63 153
63 163
63 200
63 230
63 245
63 247
64 67
64 72
64 93
64 102
64 107
64 114
64 116
64 126
64 130
64 153
64 163
64 200
64 230
64 245
64 247
65 67
65 72
65 93
65 102
65 107
65 114
65 116
65 126
65 130
65 153
65 163
65 200
65 230
65 245
65 247
66 72
66 93
66 102
66 107
66 114
66 116
66 126
66 130
66 153
66 163
66 176
66 200
66 230
66 245
66 247
67 72
67 81
67 93
67 102
67 107
67 114
67 116
67 130
67 153
67 163
67 168
67 200
67 230
67 245
67 247
68 72
68 81
68 93
68 102
68 107
68 114
68 116
68 130
68 153
68 163
68 168
68 200
68 230
68 245
68 247
69 72
69 81
69 93
69 102
69 107
69 114
69 116
69 130
69 153
69 163
69 168
69 200
69 230
69 245
69 247
70 81
70 93
70 102
70 107
70 114
70 116
70 130
70 144
70 149
70 153
70 163
70 230
70 245
71 81
71 93
71 102
71 107
71 114
71 116
71 130
71 144
71 149
71 153
71 163
71 230
71 245
72 81
72 93
72 102
72 116
72 130
72 149
72 153
72 163
72 230
72 245
73 81
73 93
73 102
73 103
73 116
73 130
73 146
73 149
73 163
73 230
73 245
73 260
74 81
74 102
74 130
74 149
74 155
74 163
74 164
74 179
74 230
74 245
74 260
75 81
75 102
75 130
75 149
75 155
75 163
75 164
75 179
75 230
75 245
75 260
76 81
76 130
76 148
76 149
76 155
76 163
76 164
76 166
76 179
76 230
76 245
76 260
77 81
77 130
77 148
77 149
77 155
77 163
77 164
77 166
77 179
77 230
77 245
77 260
78 81
78 130
78 148
78 155
78 163
78 164
78 166
78 179
78 230
78 245
78 260
79 81
79 130
79 148
79 155
79 163
79 164
79 166
79 179
79 230
79 245
79 260
80 81
80 130
80 148
80 155
80 163
80 164
80 166
80 179
80 230
80 245
80 260
81 81
81 130
81 148
81 155
81 163
81 164
81 166
81 230
81 245
81 260
82 130
82 148
82 155
82 163
82 164
82 166
82 181
82 191
82 213
82 230
82 245
82 260
83 130
83 148
83 155
83 163
83 164
83 166
83 181
83 191
83 213
83 230
83 245
83 260
84 130
84 148
84 155
84 163
84 164
84 166
84 181
84 191
84 213
84 230
84 245
84 260
85 130
85 148
85 155
85 163
85 164
85 166
85 181
85 191
85 213
85 230
85 245
85 260
86 130
86 148
86 155
86 163
86 164
86 166
86 181
86 191
86 213
86 230
86 245
86 260
87 130
87 148
87 155
87 163
87 164
87 166
87 181
87 191
87 197
87 213
87 230
87 245
87 260
88 130
88 148
88 155
88 163
88 164
88 166
88 181
88 191
88 197
88 213
88 230
88 245
88 260
89 130
89 148
89 155
89 156
89 163
89 164
89 166
89 181
89 191
89 197
89 213
89 230
89 245
89 257
89 260
90 130
90 148
90 155
90 156
90 163
90 164
90 166
90 181
90 191
90 197
90 213
90 230
90 245
90 257
90 260
91 130
91 148
91 155
91 156
91 163
91 164
91 166
91 181
91 191
91 197
91 213
91 230
91 245
91 257
91 260
92 130
92 148
92 156
92 163
92 164
92 166
92 181
92 191
92 197
92 213
92 220
92 230
92 245
92 257
92 260
93 130
93 148
93 156
93 163
93 164
93 166
93 181
93 191
93 197
93 213
93 220
93 230
93 245
93 257
93 260
94 122
94 148
94 156
94 163
94 164
94 166
94 181
94 191
94 197
94 213
94 220
94 230
94 245
94 257
94 260
95 122
95 148
95 156
95 163
95 164
95 166
95 181
95 191
95 197
95 213
95 220
95 230
95 245
95 257
95 260
96 122
96 148
96 156
96 163
96 164
96 166
96 181
96 191
96 197
96 204
96 213
96 220
96 230
96 245
96 255
96 257
96 260
97 132
97 148
97 163
97 166
97 172
97 180
97 181
97 191
97 213
97 230
97 244
97 245
97 255
97 257
97 260
98 105
98 132
98 148
98 163
98 166
98 172
98 180
98 181
98 191
98 213
98 230
98 244
98 245
98 255
98 257
98 260
99 105
99 132
99 148
99 161
99 163
99 166
99 172
99 180
99 181
99 191
99 213
99 230
99 244
99 245
99 255
99 257
99 260
100 105
100 132
100 148
100 157
100 161
100 163
100 166
100 172
100 180
100 181
100 191
100 213
100 230
100 244
100 245
100 255
100 257
100 260
101 105
101 132
101 137
101 148
101 157
101 161
101 163
101 166
101 172
101 180
101 181
101 191
101 212
101 213
101 230
101 244
101 245
101 255
101 257
101 260
102 105
102 132
102 137
102 148
102 157
102 161
102 163
102 166
102 172
102 180
102 181
102 191
102 212
102 213
102 230
102 244
102 245
102 255
102 257
102 260
103 105
103 132
103 137
103 148
103 157
103 161
103 163
103 166
103 172
103 180
103 181
103 191
103 209
103 212
103 213
103 230
103 244
103 245
103 255
103 257
103 260
104 105
104 132
104 137
104 148
104 157
104 161
104 163
104 166
104 172
104 180
104 181
104 191
104 209
104 212
104 213
104 230
104 244
104 245
104 252
104 255
104 257
104 260
105 105
105 132
105 137
105 148
105 157
105 161
105 163
105 166
105 172
105 180
105 181
105 191
105 209
105 212
105 213
105 230
105 232
105 244
105 245
105 252
105 255
105 257
105 260
106 105
106 132
106 137
106 148
106 157
106 161
106 163
106 166
106 172
106 180
106 181
106 191
106 209
106 212
106 213
106 230
106 232
106 244
106 245
106 252
106 255
106 257
106 260
107 105
107 132
107 137
107 148
107 157
107 161
107 163
107 166
107 172
107 180
107 181
107 191
107 209
107 212
107 213
107 230
107 232
107 244
107 245
107 252
107 255
107 257
107 260
108 105
108 132
108 137
108 148
108 157
108 161
108 163
108 166
108 172
108 180
108 181
108 191
108 209
108 212
108 213
108 230
108 232
108 244
108 245
108 252
108 255
108 257
108 260
109 105
109 132
109 137
109 148
109 157
109 161
109 163
109 172
109 180
109 181
109 191
109 209
109 212
109 213
109 230
109 232
109 244
109 245
109 252
109 255
109 257
109 260
110 132
110 137
110 148
110 157
110 161
110 163
110 180
110 181
110 191
110 209
110 212
110 213
110 230
110 232
110 244
110 245
110 255
110 257
110 260
111 132
111 137
111 148
111 157
111 161
111 163
111 180
111 181
111 191
111 196
111 209
111 212
111 213
111 230
111 232
111 244
111 245
111 255
111 257
111 260
112 132
112 137
112 148
112 157
112 163
112 180
112 181
112 191
112 196
112 209
112 212
112 213
112 230
112 232
112 244
112 245
112 255
112 257
112 260
113 132
113 137
113 148
113 157
113 180
113 181
113 191
113 196
113 209
113 212
113 213
113 216
113 230
113 232
113 244
113 245
113 255
113 257
114 135
114 152
114 157
114 180
114 181
114 191
114 196
114 209
114 212
114 213
114 216
114 230
114 232
114 244
114 245
114 255
114 257
115 135
115 152
115 157
115 180
115 181
115 191
115 196
115 209
115 212
115 213
115 216
115 230
115 232
115 233
115 244
115 245
115 255
115 257
116 135
116 136
116 152
116 157
116 180
116 181
116 191
116 196
116 209
116 212
116 213
116 216
116 230
116 232
116 233
116 244
116 245
116 255
116 257
117 128
117 135
117 136
117 151
117 157
117 180
117 181
117 191
117 196
117 212
117 213
117 216
117 230
117 231
117 232
117 233
117 244
117 255
117 257
118 128
118 135
118 136
118 151
118 157
118 180
118 181
118 191
118 196
118 212
118 213
118 216
118 230
118 231
118 232
118 233
118 244
118 255
118 257
118 261
119 128
119 135
119 136
119 141
119 143
119 151
119 154
119 157
119 180
119 181
119 191
119 196
119 212
119 213
119 216
119 230
119 231
119 232
119 233
119 244
119 255
119 257
119 261
120 128
120 135
120 136
120 141
120 143
120 151
120 154
120 157
120 180
120 181
120 191
120 196
120 212
120 213
120 216
120 230
120 231
120 232
120 233
120 244
120 255
120 257
120 261
121 128
121 135
121 136
121 141
121 143
121 151
121 154
121 157
121 180
121 181
121 191
121 196
121 212
121 213
121 216
121 230
121 231
121 232
121 233
121 244
121 255
121 257
121 261
122 128
122 135
122 136
122 141
122 143
122 151
122 154
122 157
122 180
122 181
122 191
122 196
122 212
122 213
122 216
122 230
122 231
122 232
122 233
122 244
122 255
122 257
122 261
123 128
123 135
123 136
123 143
123 151
123 154
123 157
123 180
123 181
123 182
123 191
123 196
123 212
123 213
123 216
123 230
123 231
123 232
123 233
123 244
123 255
123 257
123 261
124 128
124 135
124 136
124 143
124 151
124 154
124 157
124 180
124 181
124 182
124 191
124 196
124 212
124 213
124 216
124 230
124 231
124 232
124 233
124 244
124 255
124 257
124 261
125 135
125 143
125 151
125 154
125 157
125 180
125 181
125 182
125 191
125 212
125 213
125 216
125 231
125 232
125 233
125 257
125 261
126 135
126 143
126 151
126 154
126 157
126 180
126 181
126 182
126 191
126 212
126 213
126 216
126 231
126 232
126 233
126 257
126 261
127 135
127 143
127 151
127 154
127 157
127 180
127 181
127 182
127 191
127 212
127 213
127 216
127 231
127 232
127 233
127 257
127 261
128 135
128 143
128 151
128 154
128 157
128 167
128 180
128 181
128 182
128 191
128 194
128 212
128 213
128 216
128 231
128 232
128 233
128 257
128 261
129 135
129 143
129 151
129 154
129 157
129 167
129 180
129 181
129 182
129 191
129 194
129 212
129 213
129 216
129 231
129 232
129 233
129 257
129 261
130 143
130 151
130 154
130 157
130 167
130 180
130 181
130 191
130 194
130 212
130 213
130 216
130 231
130 232
130 233
130 257
130 261
131 142
131 143
131 151
131 157
131 158
131 167
131 191
131 212
131 213
131 216
131 231
131 232
131 233
131 257
131 261
132 142
132 143
132 151
132 157
132 158
132 167
132 191
132 212
132 213
132 216
132 231
132 232
132 233
132 257
132 261
133 142
133 143
133 151
133 157
133 158
133 167
133 191
133 212
133 213
133 216
133 231
133 232
133 233
133 257
133 261
134 143
134 157
134 158
134 165
134 167
134 184
134 191
134 192
134 212
134 213
134 216
134 227
134 231
134 232
134 233
134 257
134 261
135 143
135 157
135 158
135 165
135 167
135 184
135 191
135 192
135 212
135 213
135 216
135 227
135 231
135 232
135 233
135 257
135 261
136 143
136 157
136 158
136 165
136 167
136 184
136 191
136 192
136 207
136 212
136 213
136 216
136 227
136 231
136 232
136 233
136 257
137 143
137 157
137 158
137 165
137 167
137 184
137 191
137 192
137 207
137 212
137 216
137 227
137 231
137 232
137 233
137 257
138 143
138 157
138 158
138 165
138 167
138 184
138 192
138 207
138 212
138 214
138 216
138 227
138 231
138 232
138 233
138 257
139 143
139 157
139 158
139 165
139 167
139 184
139 192
139 207
139 212
139 214
139 216
139 227
139 231
139 232
139 233
139 254
139 257
140 143
140 157
140 158
140 165
140 167
140 184
140 192
140 207
140 212
140 216
140 227
140 231
140 232
140 233
140 254
140 257
141 143
141 157
141 158
141 165
141 167
141 184
141 192
141 207
141 212
141 216
141 227
141 231
141 232
141 233
141 254
141 257
142 143
142 158
142 165
142 167
142 184
142 192
142 207
142 212
142 216
142 227
142 231
142 232
142 233
142 254
142 257
143 143
143 158
143 165
143 167
143 184
143 192
143 207
143 212
143 216
143 227
143 231
143 232
143 233
143 254
143 257
144 143
144 158
144 165
144 167
144 184
144 192
144 207
144 212
144 216
144 227
144 231
144 232
144 233
144 254
144 257
145 143
145 158
145 165
145 167
145 184
145 192
145 207
145 212
145 216
145 227
145 231
145 232
145 233
145 254
145 257
146 143
146 158
146 162
146 165
146 184
146 192
146 201
146 207
146 212
146 216
146 227
146 231
146 232
146 233
146 249
146 254
146 257
147 162
147 165
147 184
147 192
147 201
147 207
147 212
147 216
147 227
147 231
147 232
147 233
147 249
147 254
147 257
148 162
148 165
148 184
148 192
148 201
148 207
148 212
148 216
148 227
148 231
148 232
148 233
148 254
148 257
149 162
149 165
149 184
149 192
149 201
149 207
149 212
149 216
149 227
149 231
149 232
149 233
149 254
149 257
150 165
150 184
150 192
150 201
150 207
150 216
150 227
150 231
150 232
150 233
150 239
150 254
150 257
151 165
151 178
151 184
151 192
151 201
151 207
151 210
151 216
151 227
151 231
151 232
151 233
151 239
151 254
151 257
152 165
152 178
152 184
152 192
152 201
152 207
152 210
152 216
152 227
152 231
152 232
152 233
152 239
152 254
152 257
153 165
153 184
153 192
153 201
153 202
153 207
153 210
153 216
153 227
153 231
153 232
153 233
153 239
153 254
153 257
154 165
154 184
154 192
154 201
154 202
154 207
154 210
154 216
154 227
154 231
154 232
154 233
154 239
154 254
154 257
155 165
155 184
155 192
155 201
155 202
155 207
155 210
155 216
155 227
155 231
155 232
155 233
155 239
155 254
155 257
156 165
156 184
156 192
156 201
156 202
156 207
156 210
156 216
156 227
156 231
156 232
156 233
156 239
156 254
156 257
157 165
157 184
157 185
157 192
157 201
157 202
157 207
157 210
157 216
157 227
157 231
157 232
157 233
157 239
157 254
157 257
158 165
158 184
158 185
158 192
158 201
158 202
158 207
158 210
158 216
158 222
158 227
158 231
158 232
158 233
158 239
158 254
158 257
159 165
159 184
159 185
159 192
159 201
159 202
159 207
159 210
159 216
159 222
159 227
159 231
159 232
159 233
159 239
159 254
159 257
160 165
160 184
160 185
160 192
160 201
160 202
160 207
160 210
160 216
160 222
160 227
160 231
160 232
160 233
160 239
160 254
160 257
161 165
161 184
161 185
161 192
161 201
161 202
161 207
161 210
161 216
161 222
161 227
161 231
161 232
161 233
161 239
161 254
161 257
162 165
162 184
162 185
162 192
162 201
162 202
162 207
162 210
162 216
162 222
162 227
162 231
162 232
162 233
162 239
162 254
162 257
163 165
163 184
163 185
163 192
163 198
163 201
163 202
163 207
163 210
163 216
163 222
163 226
163 227
163 231
163 232
163 233
163 239
163 254
163 257
164 165
164 184
164 185
164 188
164 192
164 198
164 201
164 202
164 207
164 216
164 222
164 226
164 227
164 231
164 232
164 233
164 239
164 254
164 257
164 262
165 165
165 184
165 185
165 188
165 192
165 198
165 201
165 202
165 207
165 222
165 226
165 227
165 231
165 232
165 233
165 239
165 254
165 257
165 262
166 165
166 184
166 185
166 188
166 192
166 198
166 201
166 202
166 207
166 222
166 226
166 227
166 231
166 232
166 233
166 239
166 254
166 257
166 262
167 165
167 184
167 185
167 188
167 192
167 198
167 201
167 202
167 207
167 222
167 226
167 227
167 231
167 232
167 254
167 257
167 262
168 165
168 184
168 188
168 192
168 198
168 201
168 202
168 207
168 222
168 226
168 227
168 231
168 253
168 254
168 262
169 165
169 184
169 188
169 192
169 198
169 201
169 202
169 207
169 222
169 226
169 227
169 231
169 253
169 254
169 262
170 165
170 184
170 188
170 192
170 198
170 201
170 202
170 207
170 222
170 226
170 227
170 231
170 253
170 254
170 262
171 165
171 184
171 188
171 192
171 198
171 201
171 202
171 207
171 222
171 227
171 231
171 253
171 254
171 262
172 165
172 184
172 188
172 192
172 198
172 201
172 202
172 207
172 222
172 227
172 231
172 253
172 254
172 262
173 165
173 184
173 188
173 192
173 198
173 201
173 202
173 207
173 222
173 227
173 231
173 253
173 254
173 262
174 184
174 188
174 192
174 198
174 201
174 202
174 207
174 222
174 227
174 231
174 253
174 254
174 262
175 184
175 188
175 192
175 198
175 201
175 207
175 222
175 227
175 231
175 253
175 254
175 262
176 184
176 188
176 192
176 198
176 201
176 207
176 222
176 227
176 231
176 253
176 254
176 262
177 184
177 188
177 192
177 198
177 201
177 207
177 222
177 227
177 231
177 253
177 262
178 184
178 188
178 192
178 198
178 201
178 207
178 222
178 227
178 231
178 253
178 262
179 184
179 188
179 192
179 201
179 207
179 222
179 227
179 231
179 241
179 246
179 262
180 184
180 188
180 192
180 201
180 207
180 222
180 227
180 231
180 241
180 246
180 262
181 184
181 188
181 192
181 201
181 207
181 222
181 227
181 231
181 241
181 246
181 262
182 184
182 188
182 192
182 206
182 207
182 222
182 227
182 231
182 241
182 246
182 262
183 184
183 192
183 206
183 207
183 222
183 227
183 231
183 241
183 246
183 262
184 184
184 192
184 206
184 207
184 222
184 227
184 231
184 241
184 246
184 262
185 184
185 206
185 207
185 222
185 227
185 231
185 241
185 246
185 262
186 184
186 206
186 207
186 222
186 227
186 231
186 241
186 246
186 262
187 184
187 206
187 207
187 222
187 227
187 231
187 241
187 246
187 262
188 184
188 206
188 207
188 222
188 227
188 231
188 241
188 246
188 262
189 184
189 206
189 207
189 222
189 227
189 231
189 241
189 246
189 262
190 184
190 206
190 207
190 222
190 227
190 231
190 241
190 242
190 246
190 262
191 184
191 207
191 222
191 227
191 231
191 241
191 242
191 246
191 262
192 184
192 207
192 222
192 227
192 231
192 241
192 242
192 246
192 262
193 184
193 207
193 222
193 227
193 231
193 241
193 242
193 246
193 262
194 184
194 207
194 222
194 231
194 241
194 242
194 246
194 262
195 184
195 207
195 219
195 222
195 231
195 241
195 242
195 246
195 262
196 184
196 207
196 219
196 222
196 231
196 241
196 242
196 246
196 262
197 184
197 207
197 219
197 222
197 231
197 241
197 242
197 246
197 262
198 184
198 207
198 219
198 222
198 231
198 241
198 242
198 246
198 262
199 184
199 207
199 219
199 222
199 231
199 241
199 242
199 246
199 262
200 184
200 207
200 219
200 222
200 231
200 241
200 242
200 246
200 262
201 184
201 207
201 219
201 222
201 231
201 241
201 242
201 246
201 262
202 184
202 207
202 219
202 222
202 231
202 241
202 242
202 246
202 262
203 184
203 207
203 219
203 222
203 231
203 236
203 241
203 242
204 184
204 207
204 219
204 222
204 231
204 236
204 241
204 242
205 184
205 207
205 219
205 222
205 231
205 236
205 241
205 242
206 184
206 207
206 219
206 222
206 231
206 236
206 241
206 242
207 184
207 207
207 219
207 231
207 236
207 241
207 242
208 184
208 207
208 219
208 231
208 236
208 241
208 242
209 184
209 207
209 219
209 236
209 241
209 242
210 184
210 207
210 219
210 236
210 241
210 242
210 256
211 184
211 207
211 219
211 236
211 241
211 242
211 256
212 184
212 207
212 219
212 236
212 241
212 256
213 184
213 207
213 219
213 236
213 241
213 256
214 184
214 207
214 219
214 236
214 241
214 256
215 184
215 207
215 219
215 236
215 241
215 256
216 184
216 207
216 219
216 236
216 241
216 256
217 184
217 207
217 219
217 236
217 241
217 256
218 184
218 207
218 219
218 236
218 241
218 256
219 184
219 207
219 219
219 225
219 236
219 241
219 256
220 184
220 207
220 219
220 225
220 236
220 241
220 256
221 184
221 207
221 219
221 225
221 236
221 241
221 256
222 184
222 207
222 219
222 225
222 236
222 241
222 251
222 256
223 184
223 207
223 219
223 225
223 229
223 236
223 241
223 250
223 251
223 256
224 184
224 207
224 225
224 229
224 236
224 241
224 250
224 251
224 256
225 184
225 207
225 225
225 229
225 236
225 241
225 250
225 251
225 256
226 184
226 207
226 225
226 229
226 236
226 241
226 250
226 251
226 256
227 184
227 207
227 225
227 229
227 236
227 241
227 250
227 251
227 256
228 184
228 207
228 225
228 229
228 236
228 241
228 250
228 251
228 256
229 184
229 207
229 225
229 236
229 241
229 250
229 251
229 256
230 184
230 207
230 236
230 241
230 250
230 251
230 256
231 184
231 207
231 236
231 241
231 250
231 251
231 256
232 184
232 207
232 236
232 241
232 250
232 251
232 256
233 184
233 207
233 241
233 250
233 251
233 256
234 184
234 241
234 250
234 251
234 256
235 184
235 241
235 250
235 251
235 256
236 184
236 241
236 250
236 251
236 256
237 184
237 241
237 250
237 251
237 256
238 184
238 241
238 250
238 251
238 256
239 241
239 251
239 256
239 259
240 241
240 256
240 259
241 241
241 256
241 259
242 241
242 256
242 259
243 241
243 256
243 259
244 241
244 256
244 259
245 241
245 256
245 259
246 259
247 259
248 259
249 259
250 259
251 259
252 259
253 259
254 259
255 259
256 259
257 259
258 259
259 259
