0 12
0 28
0 97
0 169
1 28
1 97
1 169
2 57
2 82
2 94
2 97
2 169
3 3
3 8
3 16
3 57
3 82
3 94
3 97
3 169
4 3
4 16
4 57
4 82
4 94
4 97
4 169
5 6
5 16
5 57
5 82
5 94
5 97
5 169
6 52
6 57
6 82
6 94
6 97
6 169
7 52
7 57
7 82
7 94
7 97
7 169
8 35
8 52
8 57
8 80
8 82
8 94
8 97
8 169
8 189
9 10
9 35
9 43
9 52
9 57
9 63
9 80
9 82
9 94
9 97
9 123
9 169
9 189
9 254
10 43
10 52
10 63
10 80
10 94
10 97
10 123
10 129
10 169
10 189
10 254
11 14
11 25
11 43
11 52
11 62
11 80
11 94
11 97
11 123
11 129
11 131
11 169
11 189
11 196
11 219
11 254
12 14
12 17
12 25
12 37
12 43
12 44
12 52
12 62
12 80
12 94
12 97
12 123
12 129
12 131
12 169
12 189
12 196
12 219
12 254
13 14
13 17
13 25
13 37
13 43
13 44
13 52
13 62
13 80
13 94
13 97
13 123
13 129
13 131
13 169
13 189
13 196
13 219
13 254
14 17
14 25
14 37
14 43
14 44
14 52
14 62
14 80
14 94
14 97
14 123
14 129
14 131
14 169
14 189
14 196
14 215
14 219
14 254
15 17
15 25
15 37
15 43
15 44
15 52
15 62
15 80
15 85
15 94
15 97
15 123
15 129
15 131
15 169
15 189
15 196
15 215
15 219
15 254
16 25
16 31
16 37
16 43
16 44
16 52
16 62
16 80
16 85
16 94
16 97
16 123
16 131
16 169
16 189
16 196
16 215
16 219
16 254
17 18
17 19
17 22
17 31
17 36
17 55
17 94
17 97
17 101
17 112
17 123
17 131
17 169
17 189
17 196
17 215
17 238
17 254
18 18
18 19
18 22
18 31
18 36
18 55
18 94
18 97
18 101
18 105
18 112
18 115
18 123
18 131
18 169
18 189
18 196
18 215
18 232
18 238
18 254
19 21
19 23
19 30
19 39
19 40
19 54
19 55
19 94
19 97
19 101
19 105
19 108
19 112
19 115
19 123
19 130
19 131
19 143
19 146
19 165
19 168
19 169
19 189
19 196
19 215
19 232
19 238
19 254
20 23
20 27
20 39
20 40
20 48
20 51
20 54
20 55
20 59
20 65
20 94
20 97
20 105
20 108
20 112
20 115
20 123
20 131
20 143
20 146
20 165
20 168
20 169
20 189
20 193
20 196
20 232
20 238
20 254
21 23
21 27
21 39
21 40
21 42
21 48
21 51
21 54
21 59
21 65
21 94
21 97
21 105
21 108
21 112
21 115
21 123
21 131
21 143
21 146
21 165
21 168
21 169
21 189
21 193
21 196
21 232
21 238
21 254
22 23
22 24
22 27
22 34
22 39
22 40
22 42
22 48
22 59
22 65
22 94
22 97
22 105
22 108
22 111
22 112
22 115
22 131
22 146
22 165
22 168
22 169
22 189
22 193
22 196
22 232
22 238
22 254
23 23
23 24
23 34
23 39
23 40
23 42
23 48
23 65
23 72
23 94
23 97
23 105
23 108
23 111
23 112
23 115
23 131
23 146
23 165
23 168
23 169
23 189
23 193
23 196
23 232
23 238
23 254
24 23
24 34
24 39
24 40
24 42
24 48
24 65
24 72
24 97
24 105
24 108
24 111
24 115
24 131
24 146
24 165
24 168
24 169
24 189
24 193
24 226
24 232
24 238
24 253
24 254
25 34
25 39
25 40
25 42
25 47
25 48
25 65
25 72
25 97
25 105
25 108
25 109
25 111
25 131
25 146
25 165
25 168
25 169
25 189
25 193
25 226
25 232
25 238
25 253
25 254
26 34
26 40
26 48
26 58
26 60
26 71
26 97
26 105
26 111
26 126
26 165
26 168
26 169
26 189
26 193
26 200
26 232
26 238
26 254
27 34
27 40
27 48
27 58
27 60
27 71
27 97
27 105
27 111
27 126
27 165
27 168
27 169
27 170
27 189
27 193
27 200
27 232
27 238
27 254
28 34
28 40
28 41
28 48
28 58
28 60
28 71
28 97
28 111
28 126
28 165
28 168
28 169
28 170
28 189
28 193
28 200
28 238
28 254
29 34
29 40
29 41
29 48
29 58
29 60
29 71
29 92
29 97
29 111
29 126
29 165
29 168
29 169
29 170
29 189
29 193
29 200
29 238
29 254
30 34
30 40
30 41
30 48
30 58
30 60
30 71
30 92
30 97
30 111
30 126
30 165
30 168
30 169
30 170
30 189
30 193
30 200
30 238
30 254
31 40
31 48
31 56
31 71
31 92
31 97
31 111
31 165
31 169
31 170
31 189
31 193
31 200
31 238
32 40
32 48
32 56
32 71
32 87
32 92
32 97
32 111
32 165
32 169
32 170
32 189
32 193
32 200
32 238
33 40
33 48
33 56
33 61
33 66
33 71
33 87
33 92
33 97
33 111
33 124
33 165
33 169
33 170
33 189
33 193
33 195
33 200
33 206
33 238
33 239
34 48
34 56
34 61
34 66
34 71
34 75
34 87
34 92
34 97
34 111
34 122
34 124
34 145
34 165
34 169
34 170
34 189
34 193
34 195
34 200
34 206
34 238
34 239
35 48
35 56
35 61
35 66
35 71
35 75
35 87
35 92
35 97
35 111
35 113
35 122
35 124
35 145
35 165
35 169
35 170
35 189
35 193
35 195
35 200
35 206
35 238
35 239
36 48
36 56
36 61
36 66
36 71
36 75
36 87
36 92
36 97
36 111
36 122
36 124
36 169
36 170
36 189
36 193
36 195
36 200
36 206
36 236
36 238
36 239
37 38
37 49
37 56
37 61
37 66
37 69
37 71
37 75
37 86
37 90
37 92
37 97
37 102
37 111
37 124
37 157
37 169
37 170
37 177
37 189
37 193
37 195
37 200
37 206
37 234
37 236
37 239
38 38
38 56
38 61
38 66
38 69
38 71
38 75
38 86
38 90
38 92
38 97
38 102
38 111
38 124
38 132
38 157
38 169
38 170
38 177
38 189
38 193
38 195
38 200
38 206
38 234
38 236
38 239
39 50
39 56
39 61
39 66
39 69
39 71
39 75
39 77
39 86
39 90
39 92
39 97
39 102
39 103
39 111
39 124
39 132
39 157
39 169
39 170
39 193
39 195
39 200
39 206
39 234
39 239
40 50
40 56
40 61
40 66
40 67
40 69
40 71
40 75
40 86
40 90
40 92
40 97
40 102
40 103
40 111
40 124
40 132
40 157
40 169
40 170
40 193
40 195
40 200
40 206
40 213
40 234
40 239
40 241
41 50
41 56
41 61
41 66
41 67
41 69
41 71
41 75
41 86
41 90
41 92
41 102
41 103
41 111
41 124
41 132
41 157
41 169
41 170
41 193
41 195
41 200
41 206
41 213
41 234
41 239
41 241
42 50
42 61
42 67
42 69
42 71
42 75
42 86
42 90
42 92
42 102
42 103
42 111
42 124
42 132
42 157
42 169
42 170
42 193
42 195
42 200
42 206
42 213
42 217
42 234
42 239
42 241
43 50
43 61
43 67
43 69
43 71
43 75
43 86
43 90
43 92
43 102
43 103
43 111
43 121
43 124
43 132
43 157
43 169
43 170
43 193
43 195
43 200
43 206
43 213
43 217
43 234
43 239
43 241
44 50
44 61
44 67
44 69
44 71
44 75
44 86
44 90
44 92
44 102
44 103
44 111
44 121
44 124
44 132
44 157
44 169
44 170
44 193
44 195
44 200
44 206
44 213
44 217
44 234
44 239
44 241
45 61
45 69
45 71
45 86
45 90
45 92
45 102
45 103
45 111
45 121
45 124
45 132
45 157
45 169
45 170
45 193
45 200
45 206
45 208
45 213
45 217
45 234
45 239
46 61
46 69
46 86
46 92
46 102
46 103
46 114
46 118
46 121
46 124
46 132
46 157
46 169
46 170
46 193
46 200
46 206
46 208
46 213
46 217
46 229
46 234
46 239
47 61
47 69
47 73
47 92
47 102
47 103
47 114
47 118
47 121
47 124
47 132
47 157
47 169
47 170
47 193
47 200
47 206
47 208
47 213
47 217
47 229
47 234
47 239
48 61
48 69
48 73
48 92
48 102
48 103
48 114
48 118
48 121
48 124
48 132
48 157
48 169
48 170
48 193
48 200
48 206
48 208
48 213
48 229
48 234
48 239
49 61
49 69
49 73
49 83
49 92
49 98
49 102
49 103
49 114
49 118
49 121
49 132
49 157
49 169
49 170
49 193
49 200
49 206
49 208
49 213
49 229
49 234
49 239
50 61
50 69
50 73
50 83
50 92
50 98
50 102
50 103
50 114
50 118
50 121
50 132
50 157
50 169
50 170
50 193
50 200
50 206
50 208
50 213
50 229
50 234
50 239
51 61
51 68
51 69
51 83
51 92
51 102
51 103
51 114
51 118
51 119
51 121
51 132
51 157
51 169
51 170
51 193
51 200
51 206
51 208
51 213
51 229
51 234
51 239
52 61
52 68
52 69
52 83
52 92
52 102
52 103
52 114
52 118
52 119
52 121
52 132
52 149
52 157
52 169
52 170
52 193
52 200
52 203
52 206
52 208
52 213
52 229
52 234
52 239
53 61
53 68
53 69
53 83
53 92
53 102
53 103
53 114
53 118
53 119
53 121
53 132
53 149
53 157
53 169
53 170
53 193
53 200
53 203
53 206
53 208
53 213
53 229
53 234
53 239
54 68
54 79
54 83
54 89
54 91
54 92
54 103
54 114
54 118
54 119
54 121
54 132
54 149
54 154
54 157
54 169
54 170
54 202
54 203
54 208
54 213
54 229
54 234
54 244
55 79
55 89
55 91
55 103
55 114
55 118
55 119
55 121
55 132
55 149
55 154
55 157
55 169
55 170
55 181
55 202
55 203
55 208
55 213
55 229
55 234
55 244
56 70
56 79
56 89
56 91
56 103
56 114
56 119
56 121
56 132
56 136
56 149
56 154
56 157
56 169
56 170
56 181
56 202
56 203
56 208
56 229
56 234
56 244
57 70
57 76
57 79
57 89
57 91
57 103
57 114
57 119
57 121
57 132
57 141
57 149
57 154
57 157
57 169
57 170
57 181
57 202
57 203
57 208
57 229
57 234
57 244
57 258
58 70
58 76
58 79
58 89
58 91
58 103
58 114
58 119
58 121
58 132
58 141
58 149
58 154
58 157
58 169
58 170
58 181
58 202
58 203
58 208
58 229
58 234
58 244
58 258
59 79
59 81
59 88
59 91
59 114
59 119
59 121
59 128
59 132
59 149
59 154
59 157
59 170
59 181
59 185
59 202
59 203
59 212
59 229
59 234
59 244
59 258
59 261
60 74
60 79
60 81
60 88
60 91
60 114
60 119
60 121
60 128
60 132
60 149
60 154
60 157
60 170
60 181
60 185
60 202
60 203
60 212
60 229
60 234
60 244
60 258
60 261
61 74
61 81
61 88
61 114
61 119
61 121
61 128
61 132
61 149
61 154
61 157
61 170
61 181
61 185
61 186
61 202
61 203
61 212
61 229
61 234
61 244
61 258
61 261
62 74
62 81
62 88
62 114
62 119
62 121
62 128
62 132
62 149
62 170
62 181
62 185
62 186
62 202
62 203
62 212
62 223
62 229
62 234
62 244
62 258
62 261
63 74
63 81
63 88
63 99
63 114
63 119
63 121
63 128
63 132
63 149
63 170
63 181
63 185
63 186
63 202
63 203
63 212
63 223
63 234
63 244
63 261
64 74
64 81
64 99
64 114
64 119
64 121
64 128
64 132
64 149
64 170
64 181
64 185
64 186
64 202
64 203
64 212
64 223
64 234
64 244
65 74
65 81
65 100
65 114
65 119
65 121
65 128
65 132
65 149
65 170
65 181
65 185
65 186
65 199
65 202
65 203
65 211
65 212
65 223
65 244
66 74
66 81
66 100
66 114
66 119
66 121
66 128
66 132
66 149
66 164
66 170
66 181
66 185
66 186
66 199
66 203
66 211
66 212
66 223
66 244
67 74
67 114
67 119
67 121
67 128
67 132
67 149
67 164
67 170
67 180
67 181
67 185
67 186
67 203
67 211
67 212
67 223
67 243
67 244
67 259
67 262
68 74
68 114
68 119
68 121
68 128
68 132
68 149
68 164
68 170
68 180
68 181
68 185
68 186
68 203
68 211
68 212
68 223
68 243
68 244
68 259
68 262
69 74
69 93
69 114
69 121
69 128
69 132
69 149
69 164
69 170
69 180
69 181
69 185
69 186
69 203
69 211
69 212
69 223
69 243
69 244
69 259
69 262
70 74
70 93
70 96
70 114
70 121
70 128
70 132
70 149
70 164
70 170
70 180
70 181
70 185
70 186
70 203
70 211
70 212
70 223
70 243
70 244
70 259
70 262
71 74
71 93
71 96
71 114
71 121
71 128
71 132
71 133
71 149
71 164
71 180
71 181
71 185
71 203
71 211
71 212
71 223
71 243
71 244
71 259
71 262
72 74
72 93
72 96
72 114
72 121
72 132
72 133
72 149
72 152
72 164
72 180
72 181
72 185
72 203
72 211
72 212
72 223
72 243
72 244
72 259
72 262
73 74
73 93
73 96
73 114
73 133
73 152
73 164
73 180
73 181
73 185
73 203
73 211
73 212
73 223
73 243
73 244
73 259
73 262
74 74
74 93
74 96
74 114
74 133
74 142
74 152
74 164
74 180
74 181
74 185
74 203
74 211
74 212
74 223
74 243
74 244
74 259
74 262
75 74
75 93
75 96
75 114
75 133
75 139
75 142
75 152
75 164
75 180
75 181
75 185
75 203
75 211
75 212
75 223
75 243
75 259
75 262
76 74
76 93
76 96
76 114
76 133
76 139
76 142
76 152
76 164
76 180
76 181
76 185
76 203
76 211
76 212
76 223
76 243
76 259
76 262
77 74
77 93
77 96
77 114
77 133
77 139
77 142
77 152
77 164
77 180
77 181
77 185
77 203
77 211
77 212
77 223
77 259
77 262
78 74
78 93
78 96
78 106
78 114
78 133
78 139
78 142
78 152
78 164
78 180
78 181
78 185
78 203
78 211
78 212
78 223
78 259
78 262
79 74
79 93
79 96
79 106
79 114
79 133
79 139
79 142
79 152
79 164
79 180
79 181
79 185
79 203
79 211
79 212
79 223
79 259
79 262
80 74
80 93
80 96
80 106
80 114
80 133
80 139
80 142
80 152
80 162
80 164
80 180
80 181
80 185
80 203
80 211
80 212
80 223
80 259
80 262
81 93
81 96
81 106
81 114
81 125
81 139
81 142
81 158
81 162
81 164
81 180
81 181
81 185
81 203
81 211
81 212
81 223
81 259
81 262
82 93
82 96
82 106
82 114
82 125
82 139
82 142
82 158
82 162
82 164
82 180
82 181
82 185
82 203
82 211
82 212
82 223
82 259
82 262
83 93
83 96
83 106
83 114
83 125
83 139
83 142
83 158
83 162
83 164
83 180
83 181
83 185
83 203
83 211
83 212
83 223
83 259
83 262
84 93
84 96
84 106
84 114
84 125
84 139
84 142
84 158
84 162
84 180
84 181
84 185
84 203
84 211
84 212
84 223
84 250
84 259
84 262
85 93
85 96
85 106
85 114
85 125
85 139
85 142
85 158
85 162
85 180
85 181
85 185
85 203
85 211
85 212
85 223
85 250
85 259
85 262
86 93
86 96
86 106
86 114
86 125
86 139
86 142
86 162
86 180
86 181
86 185
86 191
86 203
86 211
86 212
86 223
86 250
86 259
86 262
87 93
87 96
87 106
87 114
87 125
87 139
87 142
87 180
87 185
87 191
87 211
87 212
87 223
87 250
87 259
87 262
88 93
88 96
88 106
88 114
88 125
88 139
88 142
88 180
88 185
88 211
88 212
88 223
88 250
88 259
88 262
89 93
89 96
89 114
89 120
89 125
89 139
89 142
89 174
89 180
89 185
89 211
89 212
89 223
89 249
89 250
89 259
89 262
90 93
90 96
90 114
90 120
90 125
90 139
90 142
90 174
90 180
90 185
90 211
90 212
90 223
90 249
90 250
90 259
90 262
91 93
91 96
91 114
91 120
91 125
91 139
91 142
91 174
91 180
91 185
91 211
91 212
91 223
91 249
91 250
91 259
91 262
92 93
92 96
92 110
92 114
92 120
92 125
92 139
92 142
92 174
92 180
92 185
92 211
92 212
92 223
92 249
92 250
92 259
92 262
93 93
93 96
93 110
93 114
93 120
93 125
93 139
93 142
93 174
93 180
93 185
93 211
93 212
93 223
93 249
93 250
93 259
93 262
94 93
94 96
94 110
94 114
94 120
94 125
94 139
94 142
94 174
94 180
94 185
94 211
94 212
94 223
94 249
94 250
94 259
94 262
95 93
95 96
95 110
95 114
95 120
95 125
95 139
95 140
95 174
95 180
95 185
95 211
95 212
95 223
95 249
95 250
95 259
95 262
96 96
96 110
96 114
96 120
96 125
96 137
96 139
96 140
96 174
96 180
96 185
96 211
96 212
96 223
96 225
96 249
96 250
96 259
96 262
97 96
97 110
97 114
97 120
97 125
97 137
97 139
97 140
97 174
97 180
97 185
97 211
97 212
97 223
97 225
97 249
97 259
97 262
98 96
98 104
98 110
98 114
98 120
98 125
98 137
98 139
98 140
98 156
98 174
98 180
98 185
98 211
98 212
98 222
98 223
98 225
98 249
98 259
98 262
99 96
99 104
99 110
99 114
99 120
99 125
99 137
99 139
99 140
99 156
99 174
99 180
99 185
99 212
99 222
99 223
99 225
99 230
99 249
99 259
99 262
100 96
100 104
100 110
100 114
100 120
100 125
100 135
100 137
100 139
100 140
100 156
100 180
100 185
100 212
100 222
100 223
100 225
100 230
100 249
100 259
100 262
101 96
101 104
101 110
101 114
101 120
101 125
101 135
101 137
101 139
101 140
101 156
101 180
101 185
101 212
101 222
101 223
101 225
101 230
101 249
101 259
101 262
102 96
102 104
102 110
102 120
102 125
102 135
102 137
102 156
102 180
102 185
102 212
102 222
102 223
102 225
102 230
102 249
102 259
102 262
103 96
103 104
103 110
103 120
103 125
103 135
103 137
103 156
103 180
103 185
103 212
103 222
103 223
103 225
103 230
103 249
103 259
103 262
104 110
104 120
104 125
104 135
104 137
104 156
104 160
104 180
104 185
104 190
104 212
104 222
104 223
104 225
104 230
104 249
104 259
104 262
105 110
105 120
105 125
105 135
105 137
105 156
105 160
105 166
105 180
105 185
105 190
105 222
105 223
105 225
105 230
105 249
105 259
105 262
106 110
106 120
106 125
106 135
106 137
106 156
106 160
106 166
106 180
106 185
106 190
106 222
106 223
106 225
106 230
106 249
106 259
106 262
107 110
107 120
107 125
107 135
107 137
107 156
107 160
107 166
107 180
107 185
107 190
107 222
107 223
107 225
107 230
107 249
107 259
107 262
108 110
108 120
108 125
108 127
108 135
108 137
108 156
108 160
108 166
108 172
108 180
108 185
108 190
108 222
108 223
108 225
108 230
108 249
108 259
108 262
109 110
109 120
109 125
109 127
109 135
109 137
109 156
109 160
109 166
109 172
109 180
109 185
109 190
109 222
109 223
109 225
109 230
109 249
109 259
109 262
110 110
110 120
110 125
110 127
110 135
110 156
110 160
110 161
110 166
110 172
110 180
110 185
110 190
110 222
110 223
110 225
110 230
110 249
110 259
110 262
111 110
111 120
111 125
111 127
111 135
111 156
111 160
111 161
111 166
111 180
111 185
111 190
111 222
111 223
111 225
111 230
111 249
111 259
111 262
112 110
112 120
112 125
112 127
112 135
112 147
112 148
112 156
112 160
112 161
112 166
112 180
112 185
112 190
112 222
112 223
112 225
112 230
112 249
112 259
112 262
113 110
113 120
113 125
113 127
113 135
113 147
113 148
113 156
113 160
113 161
113 166
113 180
113 185
113 190
113 222
113 223
113 225
113 230
113 249
113 259
113 262
114 110
114 120
114 125
114 127
114 135
114 147
114 148
114 156
114 160
114 166
114 180
114 185
114 190
114 222
114 223
114 225
114 230
114 249
114 259
114 262
115 110
115 120
115 125
115 127
115 135
115 147
115 148
115 156
115 160
115 166
115 180
115 185
115 190
115 222
115 223
115 225
115 230
115 249
115 259
115 262
116 110
116 120
116 125
116 127
116 135
116 147
116 148
116 156
116 160
116 166
116 173
116 185
116 190
116 222
116 223
116 230
116 240
116 259
116 262
117 110
117 120
117 125
117 127
117 135
117 147
117 148
117 156
117 160
117 166
117 185
117 190
117 222
117 223
117 230
117 240
117 262
118 120
118 125
118 127
118 135
118 147
118 148
118 156
118 160
118 166
118 185
118 190
118 216
118 222
118 230
118 240
118 262
119 120
119 125
119 127
119 135
119 147
119 148
119 156
119 160
119 166
119 190
119 216
119 222
119 230
119 240
119 262
120 120
120 125
120 127
120 135
120 147
120 148
120 156
120 160
120 166
120 190
120 216
120 222
120 230
120 240
120 262
121 120
121 125
121 127
121 135
121 147
121 148
121 156
121 160
121 166
121 190
121 216
121 222
121 230
121 240
121 262
122 120
122 125
122 127
122 135
122 147
122 148
122 156
122 160
122 166
122 190
122 216
122 222
122 230
122 240
122 262
123 120
123 125
123 127
123 135
123 147
123 148
123 156
123 160
123 166
123 190
123 216
123 222
123 230
123 240
123 262
124 120
124 125
124 127
124 135
124 147
124 148
124 156
124 160
124 166
124 190
124 216
124 222
124 230
124 240
124 262
125 120
125 127
125 134
125 135
125 147
125 148
125 156
125 160
125 166
125 190
125 216
125 222
125 230
125 240
125 262
126 120
126 127
126 134
126 135
126 147
126 148
126 156
126 160
126 166
126 190
126 216
126 222
126 230
126 240
126 262
127 120
127 127
127 134
127 135
127 147
127 148
127 156
127 160
127 166
127 190
127 216
127 222
127 230
127 240
127 262
128 120
128 134
128 135
128 147
128 156
128 160
128 166
128 190
128 207
128 216
128 222
128 230
128 240
128 262
129 134
129 135
129 147
129 156
129 160
129 166
129 176
129 190
129 197
129 207
129 216
129 222
129 230
129 240
129 262
130 134
130 135
130 147
130 151
130 156
130 160
130 166
130 175
130 176
130 190
130 197
130 207
130 216
130 230
130 231
130 240
130 262
131 134
131 135
131 147
131 151
131 156
131 160
131 166
131 175
131 176
131 190
131 197
131 207
131 216
131 230
131 231
131 240
131 262
132 134
132 135
132 138
132 147
132 151
132 153
132 156
132 160
132 166
132 175
132 190
132 197
132 198
132 221
132 231
132 240
132 262
133 134
133 135
133 147
133 151
133 153
133 156
133 160
133 166
133 175
133 190
133 197
133 198
133 221
133 231
133 240
133 262
134 134
134 135
134 147
134 151
134 153
134 156
134 160
134 166
134 175
134 190
134 197
134 198
134 221
134 231
134 240
134 262
135 134
135 135
135 147
135 151
135 153
135 156
135 160
135 166
135 175
135 190
135 197
135 198
135 221
135 231
135 240
135 262
136 135
136 147
136 151
136 153
136 156
136 160
136 163
136 190
136 197
136 198
136 221
136 231
136 240
136 262
137 135
137 147
137 151
137 153
137 160
137 163
137 179
137 190
137 197
137 198
137 231
137 240
137 262
138 135
138 147
138 151
138 153
138 160
138 163
138 179
138 190
138 197
138 198
138 231
138 240
138 262
139 135
139 147
139 151
139 153
139 160
139 163
139 179
139 190
139 197
139 198
139 231
139 240
139 262
140 135
140 147
140 151
140 153
140 160
140 163
140 179
140 183
140 190
140 197
140 198
140 231
140 240
140 262
141 135
141 147
141 151
141 153
141 160
141 163
141 179
141 183
141 190
141 197
141 198
141 231
141 240
141 262
142 135
142 147
142 151
142 153
142 160
142 163
142 179
142 183
142 190
142 197
142 198
142 231
142 240
142 262
143 135
143 147
143 151
143 153
143 155
143 160
143 163
143 167
143 178
143 179
143 183
143 197
143 198
143 231
143 235
143 262
144 135
144 147
144 151
144 153
144 155
144 160
144 163
144 167
144 178
144 179
144 183
144 197
144 198
144 231
144 235
144 262
145 135
145 147
145 151
145 153
145 155
145 160
145 163
145 167
145 178
145 179
145 183
145 197
145 198
145 228
145 231
145 235
145 262
146 135
146 151
146 155
146 160
146 163
146 167
146 178
146 179
146 183
146 198
146 201
146 228
146 231
146 262
147 135
147 155
147 160
147 163
147 167
147 178
147 179
147 183
147 198
147 201
147 228
147 231
147 262
148 135
148 155
148 159
148 160
148 163
148 167
148 178
148 179
148 183
148 198
148 201
148 228
148 231
148 262
149 135
149 150
149 155
149 159
149 160
149 163
149 167
149 178
149 179
149 183
149 184
149 198
149 201
149 228
149 231
149 262
150 155
150 159
150 167
150 178
150 179
150 183
150 198
150 201
150 231
150 262
151 155
151 159
151 167
151 178
151 179
151 183
151 198
151 201
151 231
151 262
152 155
152 159
152 167
152 178
152 179
152 183
152 198
152 201
152 231
152 262
153 155
153 159
153 167
153 178
153 179
153 183
153 198
153 201
153 231
153 262
154 155
154 159
154 167
154 178
154 179
154 183
154 198
154 201
154 231
154 262
155 159
155 167
155 178
155 179
155 183
155 188
155 198
155 201
155 231
155 262
156 159
156 167
156 178
156 179
156 183
156 188
156 198
156 201
156 231
156 262
157 167
157 171
157 178
157 179
157 182
157 183
157 188
157 198
157 201
157 262
158 167
158 171
158 178
158 179
158 188
158 198
158 201
158 262
159 167
159 171
159 178
159 179
159 188
159 198
159 201
159 262
160 167
160 171
160 178
160 179
160 188
160 198
160 201
160 248
160 262
161 167
161 171
161 178
161 179
161 188
161 198
161 201
161 248
161 262
162 167
162 171
162 178
162 179
162 188
162 198
162 201
162 220
162 248
162 262
163 167
163 171
163 178
163 179
163 188
163 198
163 201
163 220
163 248
163 262
164 171
164 178
164 179
164 188
164 198
164 201
164 220
164 248
164 262
165 171
165 178
165 179
165 188
165 198
165 201
165 220
165 248
165 262
166 171
166 178
166 179
166 188
166 198
166 201
166 220
166 248
166 262
167 171
167 178
167 179
167 188
167 192
167 198
167 201
167 220
167 248
167 262
168 171
168 178
168 179
168 188
168 192
168 198
168 201
168 220
168 248
168 262
169 178
169 179
169 192
169 198
169 201
169 220
169 248
169 255
169 262
170 178
170 179
170 192
170 198
170 201
170 220
170 248
170 255
170 262
171 178
171 179
171 192
171 198
171 201
171 220
171 248
171 255
171 262
172 178
172 179
172 192
172 198
172 201
172 214
172 220
172 248
172 255
172 262
173 178
173 179
173 192
173 198
173 201
173 214
173 220
173 248
173 255
173 262
174 178
174 179
174 192
174 198
174 201
174 214
174 220
174 248
174 255
174 262
175 178
175 179
175 192
175 198
175 201
175 214
175 220
175 248
175 255
175 262
176 178
176 179
176 192
176 194
176 198
176 201
176 214
176 220
176 248
176 255
176 262
177 178
177 179
177 192
177 194
177 198
177 201
177 214
177 220
177 233
177 248
177 255
177 262
178 178
178 179
178 192
178 194
178 198
178 201
178 214
178 220
178 233
178 248
178 255
178 262
179 178
179 179
179 194
179 198
179 201
179 214
179 220
179 233
179 248
179 255
179 262
180 178
180 179
180 194
180 198
180 201
180 220
180 233
180 248
180 255
180 262
181 178
181 179
181 194
181 198
181 201
181 220
181 233
181 242
181 248
181 255
181 262
182 178
182 179
182 194
182 198
182 201
182 220
182 233
182 242
182 248
182 255
182 262
183 178
183 179
183 194
183 198
183 201
183 220
183 233
183 242
183 248
183 255
183 262
184 178
184 179
184 194
184 198
184 220
184 233
184 242
184 248
184 255
184 262
185 178
185 179
185 194
185 198
185 220
185 233
185 242
185 248
185 255
185 262
186 178
186 179
186 194
186 198
186 220
186 233
186 242
186 248
186 255
186 262
187 178
187 179
187 194
187 198
187 220
187 233
187 242
187 248
187 255
187 262
188 178
188 179
188 194
188 198
188 220
188 233
188 242
188 248
188 255
188 262
189 178
189 194
189 198
189 220
189 233
189 242
189 248
189 255
189 262
190 178
190 194
190 198
190 210
190 220
190 233
190 242
190 248
190 255
190 262
191 178
191 194
191 198
191 205
191 210
191 218
191 220
191 233
191 242
191 248
191 255
191 262
192 178
192 194
192 198
192 205
192 210
192 218
192 220
192 233
192 242
192 248
192 255
192 262
193 178
193 194
193 198
193 205
193 218
193 220
193 233
193 242
193 248
193 255
193 262
194 194
194 198
194 204
194 205
194 218
194 220
194 233
194 237
194 242
194 248
194 255
194 262
195 194
195 204
195 205
195 218
195 220
195 233
195 237
195 242
195 248
195 255
195 262
196 194
196 204
196 205
196 218
196 220
196 233
196 237
196 248
196 255
196 262
197 194
197 204
197 205
197 218
197 233
197 237
197 248
198 194
198 204
198 205
198 218
198 233
198 237
198 248
199 194
199 205
199 218
199 233
199 237
199 245
199 248
200 194
200 218
200 233
200 237
200 245
200 248
201 194
201 218
201 233
201 237
201 248
202 194
202 218
202 233
202 237
202 248
203 194
203 218
203 233
203 237
203 248
204 194
204 218
204 233
204 237
204 248
205 194
205 218
205 233
205 237
205 248
205 251
206 194
206 218
206 233
206 237
206 248
206 251
207 194
207 218
207 233
207 237
207 248
207 251
208 194
208 218
208 233
208 248
208 251
209 194
209 218
209 233
209 248
209 251
210 218
210 233
210 248
211 218
211 233
211 248
212 218
212 233
212 248
213 218
213 233
213 248
214 218
214 233
214 248
215 218
215 233
215 248
216 218
216 233
216 248
217 218
217 233
217 248
218 233
218 248
218 260
219 233
219 248
219 260
220 233
220 248
220 260
221 233
221 248
221 260
222 224
222 233
222 246
222 248
222 260
223 233
223 246
223 247
223 248
223 260
224 233
224 246
224 247
224 248
224 260
225 233
225 246
225 247
225 248
225 260
226 233
226 246
226 247
226 248
226 260
227 233
227 246
227 247
227 248
227 252
227 260
228 233
228 246
228 247
228 248
228 252
228 260
229 233
229 246
229 247
229 248
229 260
230 233
230 246
230 247
230 248
230 256
230 260
231 233
231 246
231 248
231 256
231 260
232 233
232 246
232 248
232 256
232 260
233 233
233 246
233 248
233 256
233 260
234 233
234 246
234 248
234 256
234 260
235 233
235 246
235 248
235 256
235 260
236 233
236 246
236 248
236 256
236 260
237 233
237 246
237 248
237 256
237 260
238 233
238 246
238 248
238 256
238 257
239 233
239 246
239 248
239 256
239 257
240 233
240 246
240 248
240 256
240 257
241 233
241 246
241 248
241 256
241 257
242 233
242 246
242 248
242 256
242 257
243 233
243 246
243 248
243 256
243 257
244 233
244 246
244 248
244 256
244 257
245 233
245 246
245 248
245 256
245 257
246 233
246 246
246 248
246 256
246 257
247 233
247 246
247 248
247 256
247 257
248 233
248 246
248 248
248 256
248 257
249 233
249 246
249 248
249 256
249 257
250 233
250 246
250 248
250 256
250 257
251 233
251 246
251 248
251 256
251 257
252 233
252 246
252 248
252 256
252 257
253 233
253 246
253 248
253 256
253 257
254 233
254 246
254 248
254 256
254 257
255 233
255 246
255 248
255 256
255 257
256 233
256 248
256 256
257 233
257 248
257 256
258 233
258 248
258 256
259 233
259 248
259 256
260 233
260 248
260 256
261 233
261 248
261 256
262 233
262 248
262 256
