0 1
0 3
0 124
1 3
1 8
1 124
1 135
2 6
2 8
2 124
2 135
2 170
2 222
3 6
3 8
3 22
3 124
3 135
3 170
3 222
4 11
4 22
4 40
4 124
4 129
4 135
4 170
4 222
5 7
5 22
5 37
5 40
5 124
5 129
5 135
5 170
5 222
6 22
6 23
6 37
6 40
6 80
6 124
6 129
6 135
6 170
6 193
6 198
6 222
7 22
7 23
7 37
7 40
7 80
7 124
7 129
7 135
7 170
7 193
7 198
7 222
8 22
8 23
8 37
8 40
8 80
8 124
8 129
8 135
8 154
8 170
8 193
8 198
8 222
9 12
9 13
9 22
9 23
9 26
9 40
9 43
9 52
9 75
9 80
9 98
9 108
9 124
9 129
9 135
9 139
9 142
9 154
9 170
9 193
9 198
9 213
9 222
10 13
10 23
10 26
10 40
10 43
10 52
10 75
10 80
10 98
10 108
10 124
10 129
10 135
10 139
10 142
10 154
10 170
10 193
10 198
10 213
10 222
11 13
11 23
11 26
11 43
11 45
11 52
11 75
11 80
11 98
11 124
11 135
11 139
11 142
11 154
11 170
11 193
11 198
11 213
11 222
11 259
12 23
12 43
12 45
12 52
12 56
12 62
12 75
12 80
12 98
12 124
12 135
12 139
12 142
12 154
12 170
12 193
12 198
12 202
12 213
12 222
12 236
12 256
12 259
13 23
13 24
13 43
13 45
13 52
13 56
13 62
13 75
13 80
13 98
13 124
13 135
13 139
13 142
13 154
13 170
13 193
13 198
13 202
13 213
13 222
13 236
13 256
13 259
14 15
14 33
14 38
14 43
14 52
14 56
14 58
14 62
14 75
14 98
14 104
14 135
14 139
14 140
14 142
14 143
14 154
14 158
14 170
14 175
14 193
14 202
14 206
14 207
14 213
14 222
14 236
14 256
14 259
15 16
15 17
15 18
15 20
15 43
15 59
15 62
15 93
15 98
15 104
15 135
15 139
15 140
15 142
15 143
15 154
15 158
15 170
15 175
15 193
15 202
15 206
15 207
15 213
15 222
15 236
15 256
15 259
16 20
16 25
16 36
16 41
16 57
16 59
16 62
16 98
16 104
16 114
16 125
16 139
16 140
16 142
16 151
16 154
16 158
16 170
16 175
16 181
16 193
16 202
16 206
16 207
16 213
16 222
16 232
16 236
16 256
16 259
17 20
17 25
17 36
17 41
17 57
17 59
17 62
17 98
17 104
17 114
17 139
17 140
17 142
17 151
17 158
17 170
17 173
17 175
17 181
17 193
17 202
17 206
17 207
17 213
17 222
17 232
17 236
17 256
17 259
18 20
18 25
18 36
18 41
18 57
18 59
18 62
18 98
18 104
18 114
18 139
18 140
18 142
18 151
18 158
18 170
18 173
18 175
18 181
18 193
18 202
18 206
18 207
18 213
18 222
18 236
18 256
18 259
19 20
19 36
19 41
19 57
19 59
19 62
19 98
19 104
19 114
19 139
19 140
19 142
19 151
19 158
19 170
19 173
19 175
19 181
19 193
19 202
19 206
19 207
19 213
19 222
19 236
19 256
19 259
20 20
20 36
20 41
20 49
20 55
20 57
20 59
20 62
20 70
20 98
20 100
20 104
20 114
20 116
20 139
20 140
20 142
20 151
20 158
20 160
20 170
20 173
20 175
20 181
20 187
20 193
20 202
20 206
20 207
20 213
20 222
20 236
20 256
20 259
21 20
21 36
21 41
21 49
21 55
21 57
21 59
21 62
21 70
21 98
21 100
21 104
21 114
21 116
21 139
21 140
21 142
21 151
21 158
21 160
21 170
21 175
21 181
21 187
21 193
21 202
21 206
21 207
21 213
21 222
21 256
21 259
22 20
22 36
22 41
22 53
22 55
22 57
22 59
22 62
22 70
22 98
22 100
22 104
22 106
22 114
22 116
22 139
22 140
22 142
22 151
22 158
22 160
22 170
22 175
22 181
22 187
22 193
22 202
22 206
22 207
22 213
22 222
22 229
22 256
22 259
23 36
23 41
23 53
23 55
23 57
23 59
23 62
23 70
23 98
23 100
23 104
23 106
23 114
23 116
23 139
23 140
23 142
23 151
23 158
23 160
23 170
23 175
23 181
23 187
23 193
23 202
23 206
23 207
23 213
23 222
23 229
23 256
23 259
24 32
24 36
24 41
24 53
24 55
24 57
24 59
24 62
24 70
24 98
24 100
24 104
24 106
24 114
24 116
24 140
24 142
24 158
24 160
24 170
24 175
24 181
24 187
24 193
24 202
24 206
24 207
24 213
24 222
24 229
24 256
24 259
25 27
25 41
25 53
25 55
25 57
25 59
25 62
25 70
25 72
25 98
25 99
25 104
25 106
25 114
25 116
25 140
25 142
25 158
25 160
25 170
25 175
25 181
25 187
25 193
25 202
25 206
25 207
25 213
25 222
25 229
25 251
25 256
25 259
26 27
26 31
26 34
26 35
26 41
26 53
26 55
26 57
26 59
26 62
26 70
26 72
26 73
26 91
26 98
26 99
26 104
26 106
26 114
26 116
26 140
26 142
26 158
26 160
26 170
26 175
26 181
26 187
26 193
26 202
26 206
26 207
26 213
26 222
26 229
26 251
26 256
26 259
27 31
27 35
27 41
27 53
27 55
27 57
27 59
27 70
27 72
27 73
27 91
27 98
27 99
27 104
27 106
27 114
27 116
27 140
27 142
27 158
27 160
27 170
27 175
27 181
27 187
27 193
27 206
27 207
27 213
27 222
27 229
27 245
27 251
27 256
27 259
28 31
28 46
28 53
28 55
28 57
28 59
28 70
28 72
28 73
28 77
28 91
28 98
28 99
28 104
28 106
28 113
28 114
28 116
28 140
28 142
28 158
28 160
28 170
28 175
28 181
28 193
28 196
28 206
28 207
28 213
28 222
28 245
28 251
28 256
28 259
29 31
29 46
29 53
29 55
29 57
29 59
29 70
29 72
29 73
29 77
29 91
29 98
29 99
29 104
29 106
29 113
29 114
29 140
29 142
29 152
29 158
29 160
29 170
29 175
29 181
29 193
29 196
29 206
29 207
29 213
29 222
29 245
29 251
29 256
29 259
30 31
30 46
30 53
30 55
30 57
30 59
30 70
30 72
30 73
30 77
30 91
30 98
30 99
30 104
30 113
30 114
30 140
30 142
30 152
30 158
30 160
30 170
30 175
30 181
30 193
30 196
30 206
30 207
30 213
30 222
30 245
30 251
30 256
30 259
31 31
31 46
31 53
31 55
31 57
31 59
31 70
31 72
31 73
31 77
31 91
31 98
31 99
31 104
31 113
31 114
31 140
31 142
31 152
31 158
31 160
31 170
31 175
31 181
31 193
31 196
31 206
31 207
31 213
31 222
31 245
31 251
31 256
31 259
32 46
32 53
32 55
32 57
32 59
32 70
32 72
32 73
32 77
32 91
32 98
32 99
32 104
32 113
32 114
32 140
32 142
32 152
32 158
32 160
32 170
32 175
32 181
32 193
32 196
32 206
32 207
32 213
32 222
32 245
32 251
32 256
32 259
33 44
33 46
33 53
33 55
33 59
33 72
33 73
33 77
33 81
33 98
33 99
33 103
33 104
33 113
33 114
33 121
33 140
33 142
33 149
33 152
33 158
33 170
33 175
33 181
33 196
33 206
33 207
33 208
33 213
33 222
33 245
33 251
33 256
33 259
34 39
34 44
34 46
34 51
34 53
34 61
34 65
34 73
34 77
34 81
34 99
34 103
34 104
34 114
34 115
34 130
34 137
34 140
34 142
34 149
34 152
34 156
34 158
34 166
34 170
34 175
34 181
34 196
34 206
34 207
34 208
34 209
34 213
34 222
34 245
34 251
34 256
34 259
35 39
35 44
35 46
35 48
35 51
35 53
35 77
35 79
35 99
35 104
35 130
35 131
35 137
35 140
35 142
35 149
35 152
35 156
35 158
35 166
35 170
35 181
35 185
35 196
35 206
35 207
35 208
35 213
35 222
35 245
35 256
35 259
36 39
36 44
36 46
36 47
36 48
36 51
36 53
36 77
36 79
36 99
36 104
36 130
36 131
36 137
36 140
36 142
36 149
36 152
36 156
36 158
36 166
36 170
36 181
36 185
36 196
36 206
36 207
36 208
36 213
36 222
36 245
36 256
36 259
37 44
37 46
37 53
37 71
37 77
37 90
37 99
37 104
37 130
37 131
37 137
37 140
37 142
37 149
37 156
37 158
37 166
37 170
37 181
37 196
37 206
37 207
37 208
37 213
37 222
37 241
37 245
37 246
37 254
37 259
38 44
38 46
38 53
38 71
38 77
38 90
38 99
38 104
38 130
38 131
38 137
38 140
38 142
38 149
38 156
38 158
38 166
38 170
38 181
38 196
38 206
38 207
38 208
38 213
38 222
38 241
38 245
38 246
38 254
38 259
39 44
39 46
39 53
39 71
39 77
39 90
39 99
39 104
39 126
39 130
39 131
39 137
39 140
39 142
39 156
39 158
39 166
39 170
39 181
39 196
39 206
39 207
39 208
39 213
39 222
39 241
39 245
39 246
39 254
39 259
40 44
40 46
40 53
40 71
40 77
40 90
40 99
40 104
40 123
40 126
40 130
40 131
40 137
40 140
40 142
40 156
40 158
40 166
40 170
40 181
40 196
40 206
40 207
40 208
40 213
40 222
40 241
40 245
40 246
40 254
40 259
41 44
41 46
41 53
41 77
41 90
41 99
41 104
41 123
41 126
41 130
41 131
41 137
41 140
41 142
41 156
41 158
41 166
41 170
41 181
41 196
41 206
41 207
41 208
41 213
41 222
41 241
41 245
41 246
41 254
41 259
42 44
42 46
42 53
42 90
42 99
42 104
42 123
42 126
42 127
42 130
42 131
42 137
42 140
42 142
42 144
42 158
42 166
42 170
42 176
42 181
42 196
42 206
42 208
42 213
42 222
42 241
42 245
42 246
42 254
42 259
43 44
43 46
43 53
43 90
43 99
43 104
43 123
43 126
43 127
43 130
43 131
43 137
43 140
43 142
43 144
43 158
43 166
43 170
43 176
43 181
43 196
43 206
43 208
43 213
43 222
43 235
43 241
43 245
43 246
43 254
43 259
44 44
44 46
44 53
44 90
44 99
44 104
44 123
44 126
44 127
44 130
44 131
44 137
44 140
44 142
44 144
44 158
44 166
44 170
44 176
44 181
44 196
44 206
44 208
44 213
44 222
44 235
44 241
44 245
44 246
44 254
44 259
45 46
45 53
45 66
45 68
45 87
45 90
45 99
45 104
45 123
45 126
45 127
45 130
45 131
45 137
45 142
45 144
45 158
45 166
45 167
45 170
45 176
45 181
45 195
45 196
45 206
45 208
45 213
45 222
45 235
45 241
45 245
45 246
45 254
46 46
46 53
46 54
46 63
46 66
46 87
46 90
46 99
46 104
46 126
46 127
46 130
46 131
46 137
46 142
46 144
46 158
46 167
46 170
46 176
46 181
46 195
46 196
46 206
46 208
46 213
46 222
46 235
46 241
46 245
46 246
46 254
47 46
47 53
47 54
47 63
47 66
47 87
47 90
47 99
47 104
47 126
47 127
47 130
47 131
47 137
47 144
47 158
47 167
47 170
47 176
47 181
47 195
47 196
47 206
47 208
47 213
47 222
47 235
47 241
47 245
47 246
48 46
48 53
48 54
48 63
48 66
48 87
48 104
48 126
48 130
48 131
48 137
48 144
48 158
48 167
48 170
48 176
48 181
48 195
48 196
48 206
48 208
48 213
48 222
48 235
48 241
48 245
48 246
49 46
49 53
49 54
49 63
49 66
49 87
49 104
49 126
49 130
49 131
49 133
49 137
49 144
49 158
49 167
49 170
49 176
49 179
49 181
49 196
49 206
49 213
49 222
49 235
49 241
49 245
49 246
50 46
50 53
50 54
50 63
50 66
50 87
50 104
50 126
50 130
50 131
50 133
50 137
50 144
50 158
50 167
50 170
50 176
50 181
50 196
50 206
50 213
50 222
50 241
50 245
51 46
51 53
51 54
51 63
51 66
51 87
51 104
51 126
51 130
51 131
51 133
51 137
51 144
51 158
51 167
51 170
51 176
51 196
51 206
51 213
51 222
51 241
51 245
52 53
52 54
52 63
52 66
52 67
52 84
52 87
52 104
52 126
52 130
52 131
52 133
52 137
52 144
52 158
52 167
52 170
52 176
52 189
52 196
52 206
52 213
52 222
52 241
52 245
53 53
53 54
53 63
53 66
53 67
53 84
53 86
53 87
53 104
53 126
53 130
53 131
53 133
53 137
53 144
53 158
53 167
53 170
53 176
53 189
53 196
53 206
53 213
53 222
53 241
53 245
54 53
54 54
54 63
54 66
54 67
54 84
54 86
54 87
54 104
54 126
54 130
54 131
54 133
54 137
54 144
54 145
54 158
54 167
54 170
54 176
54 189
54 196
54 206
54 213
54 222
54 241
54 245
55 53
55 63
55 66
55 67
55 84
55 86
55 87
55 88
55 104
55 126
55 130
55 131
55 133
55 137
55 144
55 145
55 158
55 167
55 170
55 176
55 189
55 196
55 206
55 213
55 222
55 241
55 245
56 66
56 67
56 84
56 86
56 87
56 104
56 126
56 130
56 131
56 144
56 145
56 158
56 170
56 176
56 189
56 191
56 213
56 222
56 241
56 245
57 66
57 67
57 84
57 86
57 87
57 104
57 126
57 130
57 131
57 144
57 145
57 158
57 170
57 176
57 189
57 191
57 213
57 222
57 241
57 245
58 67
58 84
58 86
58 87
58 104
58 126
58 130
58 131
58 144
58 145
58 158
58 170
58 171
58 189
58 191
58 213
58 222
58 241
58 245
59 67
59 84
59 86
59 87
59 96
59 104
59 126
59 130
59 144
59 145
59 158
59 170
59 171
59 189
59 191
59 199
59 213
59 219
59 222
59 241
60 67
60 84
60 86
60 87
60 96
60 104
60 126
60 130
60 144
60 145
60 158
60 171
60 189
60 191
60 199
60 213
60 219
60 222
60 241
61 67
61 84
61 86
61 87
61 96
61 104
61 126
61 130
61 144
61 145
61 158
61 171
61 189
61 191
61 199
61 213
61 219
61 222
61 241
62 84
62 86
62 87
62 96
62 97
62 104
62 126
62 130
62 138
62 144
62 145
62 158
62 162
62 171
62 189
62 191
62 199
62 219
62 222
62 231
62 234
62 241
63 84
63 86
63 87
63 96
63 97
63 104
63 126
63 130
63 138
63 144
63 158
63 162
63 171
63 189
63 191
63 199
63 219
63 222
63 231
63 234
63 260
64 86
64 87
64 96
64 97
64 104
64 126
64 130
64 138
64 144
64 158
64 162
64 171
64 189
64 191
64 199
64 219
64 222
64 231
64 234
64 260
65 86
65 87
65 96
65 97
65 104
65 126
65 130
65 138
65 144
65 158
65 162
65 171
65 189
65 191
65 199
65 219
65 222
65 231
65 234
66 86
66 87
66 92
66 96
66 97
66 119
66 126
66 130
66 138
66 144
66 158
66 162
66 178
66 189
66 191
66 199
66 219
66 222
66 231
67 86
67 87
67 92
67 96
67 97
67 119
67 126
67 130
67 138
67 144
67 158
67 162
67 178
67 189
67 191
67 199
67 219
67 222
67 231
68 69
68 86
68 87
68 89
68 92
68 96
68 97
68 101
68 105
68 109
68 117
68 119
68 126
68 130
68 141
68 144
68 162
68 178
68 189
68 191
68 199
68 219
68 222
68 231
69 69
69 86
69 87
69 89
69 92
69 96
69 97
69 101
69 105
69 109
69 117
69 119
69 126
69 130
69 141
69 144
69 162
69 178
69 189
69 191
69 199
69 219
69 222
69 231
70 69
70 86
70 87
70 89
70 96
70 97
70 101
70 105
70 109
70 117
70 119
70 126
70 130
70 141
70 144
70 162
70 178
70 189
70 191
70 199
70 219
70 222
70 231
71 69
71 86
71 87
71 89
71 96
71 97
71 101
71 105
71 109
71 112
71 117
71 119
71 126
71 130
71 141
71 144
71 162
71 178
71 189
71 191
71 199
71 219
71 222
71 231
72 69
72 86
72 87
72 89
72 96
72 97
72 101
72 105
72 109
72 112
72 117
72 119
72 126
72 130
72 141
72 144
72 162
72 178
72 189
72 191
72 199
72 215
72 231
73 85
73 86
73 87
73 89
73 96
73 101
73 105
73 109
73 112
73 117
73 126
73 130
73 141
73 144
73 162
73 178
73 189
73 191
73 199
73 215
73 231
73 240
74 85
74 86
74 87
74 89
74 96
74 105
74 117
74 126
74 128
74 130
74 141
74 144
74 159
74 162
74 178
74 189
74 191
74 194
74 199
74 215
74 231
74 240
75 85
75 86
75 87
75 89
75 96
75 105
75 117
75 126
75 128
75 130
75 141
75 144
75 147
75 159
75 162
75 178
75 189
75 191
75 194
75 199
75 215
75 231
75 240
76 85
76 86
76 87
76 89
76 96
76 105
76 117
76 126
76 128
76 130
76 141
76 144
76 147
76 159
76 162
76 178
76 189
76 191
76 194
76 199
76 215
76 231
76 240
77 86
77 96
77 105
77 117
77 126
77 128
77 141
77 144
77 147
77 159
77 162
77 178
77 189
77 191
77 194
77 199
77 215
77 231
77 240
78 86
78 96
78 105
78 117
78 126
78 128
78 141
78 144
78 147
78 159
78 162
78 178
78 189
78 191
78 194
78 215
78 231
78 240
79 86
79 96
79 105
79 117
79 126
79 128
79 141
79 144
79 147
79 159
79 162
79 178
79 189
79 191
79 194
79 231
79 240
80 86
80 96
80 105
80 117
80 126
80 128
80 141
80 144
80 147
80 159
80 162
80 178
80 189
80 191
80 194
80 231
80 240
81 83
81 86
81 105
81 107
81 117
81 126
81 128
81 147
81 159
81 162
81 178
81 189
81 194
81 231
81 240
82 83
82 86
82 105
82 117
82 126
82 128
82 147
82 159
82 161
82 162
82 178
82 189
82 192
82 194
82 231
82 240
83 83
83 86
83 105
83 117
83 126
83 128
83 147
83 159
83 161
83 162
83 178
83 189
83 192
83 194
83 231
83 240
84 86
84 105
84 117
84 126
84 128
84 147
84 159
84 161
84 162
84 178
84 189
84 192
84 194
84 231
84 240
85 86
85 105
85 126
85 128
85 147
85 159
85 161
85 162
85 178
85 189
85 192
85 194
85 231
85 240
86 86
86 105
86 128
86 147
86 159
86 161
86 162
86 178
86 189
86 192
86 194
86 231
86 240
87 105
87 128
87 147
87 159
87 161
87 162
87 178
87 189
87 192
87 194
87 231
87 240
88 105
88 128
88 147
88 159
88 161
88 162
88 178
88 189
88 192
88 194
88 231
88 240
89 105
89 128
89 147
89 159
89 161
89 162
89 178
89 189
89 192
89 194
89 231
89 240
90 105
90 128
90 147
90 159
90 161
90 162
90 178
90 189
90 192
90 194
90 204
90 210
90 231
90 240
91 105
91 128
91 147
91 159
91 161
91 162
91 178
91 189
91 192
91 194
91 204
91 210
91 231
91 240
92 105
92 128
92 147
92 159
92 161
92 162
92 178
92 189
92 192
92 194
92 204
92 210
92 231
92 240
93 128
93 147
93 161
93 165
93 169
93 178
93 182
93 189
93 192
93 194
93 204
93 210
93 216
93 231
94 128
94 147
94 161
94 165
94 169
94 178
94 182
94 189
94 192
94 194
94 204
94 210
94 216
94 231
95 128
95 147
95 161
95 165
95 169
95 178
95 182
95 189
95 192
95 194
95 204
95 210
95 216
95 231
96 128
96 147
96 161
96 165
96 169
96 178
96 182
96 189
96 192
96 194
96 204
96 210
96 216
96 231
97 147
97 161
97 165
97 169
97 178
97 182
97 189
97 192
97 194
97 204
97 210
97 216
97 231
98 147
98 161
98 165
98 169
98 178
98 182
98 189
98 192
98 194
98 204
98 210
98 216
98 231
99 147
99 161
99 165
99 168
99 169
99 178
99 182
99 189
99 192
99 194
99 204
99 210
99 216
99 231
100 118
100 147
100 161
100 165
100 168
100 169
100 178
100 182
100 183
100 189
100 192
100 194
100 204
100 210
100 216
100 231
100 244
100 252
101 110
101 118
101 147
101 148
101 161
101 168
101 169
101 174
101 178
101 182
101 189
101 194
101 204
101 205
101 210
101 211
101 216
101 228
101 231
101 244
101 252
102 110
102 118
102 147
102 148
102 161
102 168
102 169
102 174
102 178
102 182
102 189
102 194
102 204
102 205
102 210
102 211
102 216
102 228
102 231
102 244
102 252
103 110
103 147
103 148
103 155
103 161
103 168
103 169
103 174
103 178
103 182
103 189
103 194
103 204
103 205
103 210
103 211
103 216
103 228
103 231
103 244
103 252
104 110
104 147
104 148
104 155
104 168
104 169
104 178
104 182
104 189
104 194
104 204
104 205
104 210
104 211
104 216
104 223
104 228
104 231
104 244
104 252
105 110
105 147
105 148
105 155
105 168
105 169
105 178
105 182
105 189
105 194
105 204
105 205
105 210
105 211
105 216
105 223
105 228
105 231
105 244
105 252
106 136
106 147
106 148
106 155
106 168
106 169
106 182
106 189
106 194
106 204
106 205
106 210
106 211
106 216
106 223
106 228
106 231
106 238
106 242
106 244
106 252
106 262
107 136
107 147
107 148
107 155
107 168
107 169
107 182
107 189
107 194
107 204
107 205
107 210
107 211
107 216
107 223
107 228
107 231
107 238
107 242
107 244
107 252
107 262
108 134
108 136
108 146
108 147
108 148
108 155
108 168
108 169
108 182
108 189
108 204
108 205
108 210
108 211
108 216
108 223
108 228
108 231
108 238
108 242
108 252
108 262
109 134
109 136
109 146
109 147
109 148
109 155
109 168
109 169
109 182
109 189
109 204
109 205
109 210
109 211
109 216
109 223
109 228
109 231
109 238
109 242
109 252
109 262
110 134
110 136
110 146
110 147
110 148
110 155
110 168
110 169
110 182
110 189
110 204
110 205
110 210
110 211
110 216
110 223
110 228
110 231
110 238
110 242
110 252
110 262
111 134
111 136
111 146
111 147
111 148
111 155
111 168
111 169
111 182
111 189
111 204
111 205
111 210
111 211
111 216
111 223
111 228
111 231
111 237
111 238
111 242
111 252
111 262
112 120
112 134
112 136
112 146
112 147
112 155
112 168
112 169
112 189
112 197
112 204
112 205
112 211
112 216
112 223
112 228
112 231
112 237
112 238
112 242
112 252
112 262
113 120
113 134
113 136
113 146
113 147
113 155
113 168
113 169
113 189
113 197
113 204
113 205
113 211
113 216
113 223
113 228
113 231
113 237
113 238
113 242
113 252
113 262
114 120
114 134
114 136
114 146
114 147
114 155
114 168
114 169
114 189
114 197
114 204
114 205
114 211
114 216
114 223
114 228
114 231
114 237
114 238
114 242
114 252
114 262
115 120
115 134
115 136
115 146
115 147
115 155
115 168
115 169
115 189
115 197
115 204
115 205
115 211
115 216
115 223
115 228
115 231
115 237
115 238
115 242
115 252
115 262
116 120
116 134
116 136
116 146
116 147
116 155
116 168
116 169
116 189
116 197
116 204
116 205
116 211
116 216
116 223
116 228
116 231
116 237
116 238
116 242
116 252
116 262
117 120
117 134
117 136
117 146
117 147
117 155
117 168
117 169
117 189
117 197
117 200
117 204
117 205
117 211
117 216
117 223
117 228
117 231
117 237
117 238
117 242
117 252
117 262
118 120
118 134
118 136
118 146
118 147
118 155
118 168
118 169
118 189
118 197
118 200
118 204
118 205
118 211
118 216
118 223
118 228
118 231
118 237
118 238
118 242
118 252
118 262
119 120
119 134
119 136
119 146
119 147
119 155
119 168
119 169
119 189
119 197
119 200
119 204
119 205
119 211
119 216
119 217
119 223
119 228
119 231
119 237
119 238
119 242
119 252
119 262
120 120
120 134
120 136
120 146
120 147
120 155
120 168
120 169
120 197
120 204
120 205
120 211
120 216
120 217
120 223
120 226
120 228
120 237
120 238
120 242
120 252
120 262
121 120
121 134
121 136
121 146
121 147
121 155
121 168
121 169
121 197
121 204
121 205
121 211
121 216
121 217
121 223
121 226
121 228
121 237
121 238
121 242
121 252
121 262
122 120
122 134
122 136
122 146
122 147
122 153
122 155
122 168
122 169
122 197
122 204
122 205
122 211
122 217
122 223
122 226
122 228
122 237
122 238
122 242
122 252
122 262
123 120
123 134
123 136
123 146
123 147
123 155
123 168
123 169
123 197
123 204
123 205
123 211
123 217
123 223
123 226
123 228
123 237
123 238
123 242
123 252
123 262
124 120
124 134
124 136
124 146
124 147
124 155
124 168
124 169
124 197
124 204
124 205
124 211
124 217
124 223
124 226
124 228
124 237
124 238
124 242
124 252
124 262
125 120
125 134
125 136
125 146
125 147
125 168
125 169
125 188
125 197
125 205
125 211
125 217
125 223
125 226
125 228
125 237
125 238
125 242
125 262
126 120
126 134
126 136
126 146
126 147
126 168
126 169
126 188
126 197
126 205
126 211
126 217
126 223
126 226
126 228
126 237
126 238
126 242
126 262
127 120
127 134
127 136
127 146
127 147
127 168
127 169
127 188
127 197
127 205
127 211
127 217
127 223
127 226
127 228
127 237
127 238
127 242
127 262
128 134
128 136
128 146
128 147
128 168
128 169
128 188
128 197
128 205
128 217
128 223
128 226
128 228
128 237
128 238
128 242
128 262
129 134
129 136
129 147
129 168
129 169
129 205
129 217
129 223
129 226
129 228
129 237
129 238
129 262
130 134
130 136
130 147
130 168
130 169
130 205
130 217
130 223
130 226
130 228
130 237
130 238
130 262
131 134
131 136
131 147
131 168
131 169
131 205
131 217
131 226
131 228
131 237
131 238
131 262
132 134
132 136
132 147
132 168
132 205
132 217
132 226
132 228
132 237
132 238
132 243
132 262
133 134
133 136
133 147
133 205
133 217
133 226
133 228
133 237
133 238
133 243
133 262
134 134
134 136
134 147
134 205
134 217
134 226
134 228
134 237
134 238
134 243
134 262
135 134
135 136
135 147
135 163
135 205
135 212
135 226
135 228
135 237
135 238
135 243
135 262
136 134
136 136
136 147
136 163
136 180
136 205
136 212
136 226
136 228
136 237
136 238
136 243
136 262
137 134
137 136
137 147
137 163
137 180
137 205
137 212
137 226
137 228
137 237
137 238
137 243
137 262
138 134
138 136
138 147
138 163
138 205
138 212
138 226
138 228
138 237
138 238
138 243
138 262
139 134
139 136
139 147
139 163
139 205
139 212
139 226
139 228
139 237
139 238
139 243
139 262
140 134
140 136
140 147
140 163
140 205
140 212
140 226
140 228
140 237
140 238
140 243
140 262
141 134
141 136
141 147
141 163
141 205
141 212
141 226
141 228
141 237
141 238
141 243
141 262
142 136
142 164
142 184
142 226
142 227
142 237
142 238
142 243
142 249
142 261
142 262
143 136
143 164
143 184
143 226
143 227
143 237
143 238
143 243
143 249
143 261
143 262
144 136
144 164
144 184
144 226
144 227
144 237
144 238
144 243
144 249
144 261
144 262
145 136
145 164
145 184
145 226
145 227
145 237
145 238
145 243
145 249
145 261
145 262
146 136
146 164
146 184
146 226
146 227
146 237
146 238
146 243
146 249
146 261
146 262
147 136
147 164
147 184
147 226
147 227
147 237
147 238
147 243
147 249
147 261
147 262
148 136
148 164
148 184
148 226
148 227
148 237
148 238
148 243
148 249
148 261
148 262
149 136
149 164
149 184
149 226
149 227
149 237
149 238
149 243
149 249
149 261
149 262
150 136
150 164
150 226
150 227
150 243
150 249
150 261
150 262
151 136
151 164
151 226
151 227
151 243
151 249
151 261
151 262
152 136
152 164
152 226
152 227
152 243
152 261
152 262
153 136
153 164
153 226
153 227
153 243
153 261
153 262
154 136
154 164
154 221
154 226
154 227
154 243
154 261
154 262
155 136
155 164
155 221
155 227
155 243
155 261
155 262
156 164
156 221
156 227
156 243
156 261
156 262
157 164
157 190
157 221
157 227
157 243
157 261
157 262
158 164
158 190
158 221
158 227
158 243
158 261
158 262
159 164
159 190
159 214
159 220
159 221
159 227
159 243
159 261
159 262
160 164
160 190
160 214
160 220
160 221
160 227
160 243
160 261
160 262
161 164
161 190
161 214
161 220
161 221
161 227
161 243
161 261
161 262
162 164
162 190
162 214
162 220
162 221
162 227
162 243
162 261
162 262
163 164
163 190
163 214
163 220
163 221
163 227
163 243
163 261
163 262
164 164
164 190
164 214
164 220
164 221
164 227
164 243
164 261
164 262
165 164
165 190
165 214
165 220
165 221
165 227
165 243
165 261
165 262
166 164
166 190
166 214
166 220
166 221
166 227
166 243
166 258
166 261
166 262
167 164
167 190
167 214
167 220
167 221
167 227
167 243
167 258
167 261
167 262
168 164
168 190
168 214
168 220
168 221
168 227
168 243
168 258
168 261
168 262
169 164
169 190
169 214
169 220
169 221
169 227
169 243
169 258
169 261
169 262
170 164
170 190
170 201
170 214
170 220
170 221
170 227
170 243
170 258
170 261
170 262
171 164
171 190
171 201
171 214
171 220
171 221
171 227
171 243
171 258
171 261
171 262
172 164
172 214
172 221
172 227
172 243
172 258
172 261
172 262
173 164
173 214
173 221
173 227
173 243
173 258
173 261
173 262
174 164
174 186
174 214
174 221
174 227
174 243
174 258
174 261
174 262
175 164
175 186
175 214
175 221
175 227
175 243
175 258
175 261
175 262
176 164
176 186
176 214
176 221
176 227
176 243
176 258
176 261
176 262
177 164
177 203
177 214
177 221
177 243
177 261
177 262
178 164
178 203
178 214
178 221
178 243
178 261
179 164
179 203
179 214
179 221
179 243
179 261
180 164
180 203
180 214
180 221
180 243
180 261
181 164
181 203
181 214
181 221
181 243
181 261
182 164
182 203
182 214
182 221
182 243
182 261
183 164
183 203
183 214
183 221
183 243
183 261
184 164
184 203
184 214
184 221
184 243
184 261
185 164
185 203
185 214
185 221
185 243
185 261
186 203
186 214
186 221
186 243
186 261
187 203
187 214
187 221
187 243
187 261
188 203
188 214
188 221
188 243
188 261
189 203
189 214
189 221
189 243
189 261
190 203
190 214
190 221
190 243
190 248
190 261
191 203
191 214
191 221
191 243
191 248
191 261
192 203
192 214
192 221
192 243
192 248
192 261
193 203
193 214
193 221
193 224
193 243
193 248
193 261
194 203
194 214
194 221
194 224
194 243
194 248
194 261
195 203
195 214
195 221
195 224
195 243
195 248
195 261
196 203
196 214
196 221
196 224
196 248
196 261
197 203
197 214
197 221
197 224
197 248
197 261
198 203
198 214
198 221
198 224
198 225
198 248
198 261
199 203
199 214
199 221
199 224
199 225
199 248
199 261
200 203
200 214
200 221
200 224
200 225
200 248
200 261
201 203
201 214
201 221
201 224
201 225
201 248
201 261
202 203
202 214
202 221
202 224
202 248
202 261
203 203
203 214
203 221
203 224
203 248
203 261
204 203
204 214
204 221
204 224
204 248
204 261
205 203
205 214
205 221
205 224
205 248
205 250
205 261
206 203
206 214
206 221
206 224
206 248
206 250
206 261
207 214
207 221
207 224
207 248
207 250
207 261
208 214
208 221
208 224
208 248
208 250
208 261
209 214
209 221
209 224
209 248
209 250
209 261
210 214
210 221
210 224
210 248
210 250
210 261
211 214
211 221
211 224
211 248
211 250
212 214
212 221
212 224
212 250
213 214
213 221
213 224
213 250
214 214
214 221
214 224
214 233
214 250
215 214
215 221
215 224
215 233
215 250
216 214
216 221
216 224
216 233
216 250
217 214
217 221
217 224
217 233
217 250
218 214
218 221
218 224
218 233
218 250
219 214
219 221
219 224
219 233
219 250
220 214
220 221
220 224
220 233
220 250
221 214
221 221
221 224
221 233
221 250
222 214
222 221
222 233
222 250
223 214
223 221
223 233
223 250
224 214
224 221
224 233
224 250
225 214
225 221
225 250
226 214
226 221
226 250
227 214
227 221
227 250
228 214
228 221
228 250
229 214
229 221
229 250
230 214
230 221
230 250
231 214
231 221
231 250
232 214
232 221
232 250
233 214
233 221
233 250
234 214
234 221
234 250
235 214
235 221
235 250
236 214
236 221
236 250
237 214
237 221
237 250
238 214
238 221
238 250
239 214
239 250
240 214
240 250
241 250
242 250
243 250
244 250
245 250
246 250
247 250
248 250
248 253
249 250
249 253
250 250
250 253
251 250
251 253
252 250
252 253
253 250
