0 1
0 7
1 7
1 16
1 38
1 129
1 246
2 7
2 12
2 16
2 38
2 129
2 246
3 5
3 7
3 12
3 16
3 38
3 129
3 246
4 11
4 16
4 22
4 38
4 68
4 72
4 93
4 107
4 121
4 129
4 246
5 11
5 16
5 22
5 38
5 68
5 72
5 93
5 107
5 121
5 129
5 246
6 35
6 68
6 72
6 86
6 93
6 94
6 107
6 121
6 129
7 35
7 44
7 68
7 72
7 76
7 86
7 93
7 94
7 107
7 121
7 129
8 24
8 44
8 58
8 68
8 72
8 76
8 86
8 93
8 94
8 107
8 121
8 129
9 10
9 43
9 44
9 54
9 58
9 68
9 72
9 76
9 77
9 86
9 94
9 107
9 129
9 148
9 180
9 245
10 25
10 28
10 29
10 40
10 46
10 58
10 68
10 72
10 76
10 77
10 81
10 107
10 126
10 148
10 162
10 209
10 225
10 233
10 245
10 261
11 25
11 28
11 29
11 40
11 46
11 58
11 68
11 72
11 76
11 77
11 81
11 107
11 126
11 148
11 162
11 209
11 225
11 233
11 245
11 261
12 28
12 29
12 32
12 39
12 40
12 58
12 68
12 72
12 76
12 77
12 81
12 107
12 126
12 148
12 162
12 209
12 225
12 233
12 245
12 261
13 28
13 29
13 32
13 39
13 58
13 68
13 72
13 76
13 77
13 81
13 101
13 107
13 126
13 148
13 166
13 209
13 225
13 233
13 245
13 261
14 15
14 39
14 42
14 68
14 76
14 81
14 85
14 87
14 107
14 113
14 148
14 166
14 214
14 225
14 233
14 245
14 261
15 15
15 31
15 42
15 61
15 62
15 64
15 68
15 76
15 79
15 85
15 87
15 97
15 113
15 148
15 166
15 214
15 225
15 233
15 245
15 261
16 15
16 31
16 42
16 61
16 62
16 64
16 68
16 76
16 79
16 85
16 87
16 97
16 113
16 148
16 166
16 214
16 225
16 233
16 245
16 261
17 15
17 31
17 42
17 61
17 62
17 64
17 68
17 76
17 79
17 85
17 87
17 97
17 113
17 148
17 166
17 214
17 225
17 233
17 245
17 261
18 15
18 42
18 61
18 62
18 64
18 76
18 79
18 87
18 97
18 113
18 133
18 148
18 166
18 214
18 225
18 233
18 245
18 261
19 15
19 42
19 61
19 62
19 64
19 76
19 79
19 87
19 97
19 113
19 133
19 148
19 166
19 183
19 214
19 225
19 233
19 245
19 261
20 15
20 30
20 61
20 62
20 64
20 66
20 76
20 79
20 87
20 97
20 112
20 113
20 133
20 148
20 166
20 183
20 214
20 225
20 233
20 245
20 261
21 15
21 30
21 61
21 62
21 64
21 66
21 76
21 79
21 87
21 97
21 112
21 113
21 133
21 148
21 166
21 183
21 214
21 225
21 233
21 245
21 261
22 15
22 30
22 61
22 62
22 64
22 66
22 76
22 79
22 87
22 97
22 112
22 113
22 133
22 148
22 166
22 183
22 214
22 225
22 233
22 245
22 261
23 15
23 30
23 61
23 62
23 64
23 66
23 76
23 79
23 87
23 97
23 112
23 113
23 133
23 148
23 166
23 169
23 183
23 214
23 225
23 233
23 245
23 261
24 30
24 61
24 62
24 64
24 66
24 76
24 79
24 87
24 97
24 112
24 113
24 133
24 148
24 166
24 169
24 183
24 214
24 225
24 233
24 261
25 30
25 49
25 52
25 61
25 64
25 66
25 76
25 79
25 97
25 112
25 113
25 118
25 133
25 148
25 166
25 169
25 183
25 204
25 214
25 222
25 225
25 233
25 261
26 30
26 34
26 45
26 47
26 49
26 52
26 64
26 66
26 76
26 79
26 97
26 112
26 113
26 118
26 119
26 131
26 133
26 136
26 159
26 166
26 169
26 183
26 204
26 214
26 222
26 225
26 233
26 261
27 34
27 45
27 47
27 49
27 52
27 64
27 66
27 76
27 79
27 97
27 113
27 118
27 119
27 131
27 133
27 136
27 159
27 166
27 169
27 183
27 204
27 214
27 222
27 225
27 233
27 261
28 34
28 45
28 47
28 49
28 52
28 64
28 66
28 76
28 79
28 84
28 97
28 113
28 118
28 119
28 131
28 133
28 136
28 159
28 166
28 169
28 183
28 204
28 214
28 222
28 225
28 233
28 261
29 34
29 45
29 49
29 64
29 66
29 76
29 79
29 82
29 84
29 97
29 113
29 118
29 119
29 127
29 131
29 133
29 136
29 159
29 166
29 169
29 183
29 204
29 214
29 222
29 225
29 233
29 261
30 34
30 53
30 59
30 64
30 79
30 82
30 113
30 118
30 119
30 127
30 133
30 136
30 159
30 166
30 169
30 172
30 183
30 214
30 222
30 225
30 233
31 34
31 53
31 55
31 59
31 64
31 82
31 113
31 119
31 127
31 133
31 136
31 159
31 166
31 169
31 172
31 183
31 214
31 222
31 225
31 233
32 34
32 53
32 55
32 59
32 64
32 82
32 113
32 119
32 127
32 133
32 136
32 159
32 166
32 169
32 172
32 183
32 214
32 222
32 225
32 233
33 34
33 48
33 50
33 53
33 55
33 56
33 64
33 82
33 91
33 113
33 114
33 119
33 127
33 133
33 136
33 139
33 159
33 166
33 169
33 172
33 214
33 222
33 225
33 233
34 34
34 48
34 50
34 53
34 55
34 56
34 64
34 82
34 91
34 113
34 114
34 119
34 127
34 133
34 136
34 139
34 159
34 166
34 169
34 172
34 214
34 222
34 225
34 233
35 48
35 50
35 53
35 55
35 56
35 64
35 75
35 82
35 91
35 113
35 114
35 119
35 127
35 136
35 139
35 159
35 166
35 169
35 172
35 214
35 222
35 225
35 233
36 48
36 50
36 53
36 55
36 56
36 64
36 70
36 75
36 82
36 91
36 113
36 114
36 119
36 127
36 136
36 139
36 159
36 166
36 169
36 172
36 178
36 214
36 222
36 225
36 233
37 48
37 50
37 53
37 55
37 56
37 64
37 70
37 75
37 82
37 91
37 113
37 114
37 119
37 127
37 136
37 139
37 159
37 166
37 169
37 172
37 178
37 214
37 222
37 225
37 233
38 48
38 53
38 55
38 56
38 64
38 70
38 75
38 82
38 91
38 113
38 114
38 119
38 127
38 136
38 158
38 159
38 166
38 169
38 172
38 178
38 214
38 222
38 225
38 233
39 48
39 53
39 56
39 64
39 70
39 71
39 75
39 82
39 91
39 113
39 114
39 119
39 127
39 136
39 158
39 159
39 166
39 169
39 172
39 178
39 214
39 222
39 225
39 233
40 48
40 53
40 56
40 64
40 70
40 71
40 75
40 82
40 91
40 113
40 114
40 119
40 127
40 136
40 158
40 159
40 166
40 169
40 172
40 178
40 214
40 222
40 225
40 233
41 48
41 53
41 56
41 63
41 64
41 70
41 71
41 75
41 82
41 91
41 114
41 119
41 127
41 136
41 158
41 159
41 166
41 169
41 172
41 178
41 214
41 222
41 225
41 233
42 48
42 53
42 63
42 64
42 65
42 71
42 75
42 91
42 106
42 110
42 114
42 119
42 127
42 136
42 158
42 159
42 166
42 169
42 172
42 178
42 214
42 217
42 225
42 256
43 48
43 53
43 63
43 64
43 65
43 71
43 75
43 91
43 106
43 110
43 114
43 119
43 127
43 136
43 158
43 159
43 166
43 169
43 172
43 178
43 214
43 217
43 225
43 256
44 48
44 51
44 53
44 63
44 64
44 65
44 71
44 75
44 80
44 106
44 110
44 114
44 119
44 125
44 127
44 136
44 158
44 159
44 166
44 169
44 172
44 178
44 205
44 214
44 217
44 225
44 256
45 48
45 51
45 53
45 64
45 71
45 75
45 98
45 106
45 110
45 114
45 125
45 127
45 136
45 158
45 159
45 166
45 169
45 172
45 178
45 214
45 217
45 225
45 238
45 256
46 48
46 51
46 53
46 64
46 75
46 98
46 106
46 110
46 125
46 127
46 136
46 158
46 159
46 166
46 169
46 172
46 178
46 214
46 217
46 225
46 238
46 256
47 51
47 53
47 64
47 75
47 98
47 110
47 124
47 127
47 136
47 142
47 144
47 159
47 163
47 169
47 172
47 178
47 186
47 191
47 197
47 213
47 217
47 225
47 238
47 256
48 51
48 53
48 98
48 110
48 117
48 124
48 127
48 136
48 142
48 144
48 159
48 163
48 169
48 172
48 178
48 186
48 197
48 213
48 217
48 225
48 238
48 256
49 51
49 53
49 110
49 117
49 124
49 127
49 136
49 142
49 144
49 159
49 163
49 169
49 172
49 178
49 186
49 197
49 213
49 217
49 225
49 238
49 256
50 51
50 53
50 95
50 110
50 117
50 124
50 127
50 136
50 142
50 144
50 159
50 163
50 169
50 172
50 178
50 186
50 197
50 213
50 217
50 225
50 238
51 53
51 95
51 102
51 110
51 117
51 124
51 136
51 142
51 144
51 155
51 159
51 163
51 169
51 172
51 178
51 186
51 197
51 213
51 217
51 225
51 238
52 53
52 95
52 102
52 110
52 117
52 124
52 136
52 142
52 144
52 154
52 155
52 159
52 163
52 169
52 172
52 178
52 186
52 197
52 213
52 217
52 225
52 238
53 53
53 95
53 102
53 105
53 110
53 117
53 124
53 136
53 142
53 144
53 154
53 155
53 159
53 163
53 169
53 172
53 178
53 186
53 197
53 213
53 217
53 225
53 238
54 53
54 83
54 95
54 99
54 102
54 105
54 117
54 124
54 132
54 135
54 136
54 142
54 144
54 154
54 159
54 163
54 169
54 172
54 178
54 186
54 197
54 213
54 217
54 223
54 225
55 53
55 83
55 95
55 99
55 102
55 105
55 117
55 124
55 132
55 135
55 136
55 142
55 144
55 154
55 159
55 163
55 169
55 172
55 175
55 178
55 186
55 197
55 213
55 217
55 223
55 225
56 83
56 95
56 99
56 102
56 105
56 117
56 124
56 132
56 135
56 136
56 142
56 144
56 154
56 159
56 163
56 169
56 172
56 178
56 186
56 197
56 213
56 223
56 225
57 83
57 95
57 99
57 102
57 105
57 109
57 111
57 117
57 124
57 132
57 135
57 136
57 142
57 144
57 154
57 159
57 163
57 169
57 172
57 178
57 186
57 197
57 213
57 223
57 225
58 73
58 83
58 95
58 99
58 102
58 105
58 109
58 111
58 117
58 124
58 135
58 136
58 142
58 144
58 154
58 159
58 163
58 168
58 169
58 172
58 178
58 186
58 197
58 213
58 223
58 225
59 73
59 83
59 95
59 99
59 102
59 105
59 109
59 111
59 124
59 135
59 136
59 142
59 144
59 154
59 159
59 163
59 168
59 169
59 172
59 178
59 186
59 197
59 213
59 223
59 225
60 67
60 73
60 74
60 83
60 95
60 99
60 105
60 109
60 111
60 124
60 135
60 136
60 142
60 144
60 154
60 163
60 168
60 169
60 172
60 176
60 178
60 186
60 197
60 213
60 223
60 225
61 67
61 73
61 74
61 83
61 95
61 99
61 105
61 109
61 111
61 124
61 136
61 142
61 154
61 163
61 168
61 169
61 172
61 176
61 178
61 186
61 197
61 213
61 223
61 225
61 250
62 67
62 73
62 74
62 83
62 95
62 99
62 105
62 109
62 111
62 124
62 136
62 142
62 154
62 163
62 167
62 168
62 169
62 172
62 176
62 178
62 186
62 197
62 213
62 223
62 225
62 250
63 67
63 73
63 74
63 83
63 95
63 99
63 100
63 105
63 109
63 111
63 124
63 136
63 142
63 154
63 163
63 167
63 168
63 169
63 172
63 176
63 178
63 186
63 197
63 213
63 223
63 225
63 250
64 67
64 73
64 74
64 83
64 95
64 99
64 100
64 105
64 109
64 111
64 124
64 136
64 142
64 154
64 163
64 167
64 168
64 169
64 172
64 176
64 178
64 186
64 197
64 213
64 223
64 225
64 250
65 67
65 73
65 74
65 83
65 95
65 99
65 100
65 103
65 105
65 109
65 111
65 124
65 136
65 142
65 163
65 167
65 168
65 169
65 172
65 176
65 178
65 184
65 186
65 197
65 213
65 223
65 225
65 250
66 74
66 83
66 95
66 99
66 100
66 103
66 104
66 105
66 111
66 124
66 136
66 142
66 163
66 167
66 168
66 169
66 172
66 176
66 178
66 184
66 186
66 197
66 213
66 223
66 225
66 250
67 74
67 95
67 96
67 99
67 100
67 103
67 104
67 105
67 111
67 124
67 136
67 142
67 149
67 151
67 163
67 167
67 168
67 169
67 172
67 176
67 178
67 184
67 186
67 197
67 213
67 223
67 225
67 236
67 250
68 74
68 95
68 96
68 100
68 104
68 105
68 124
68 141
68 149
68 151
68 163
68 167
68 172
68 179
68 184
68 186
68 189
68 197
68 200
68 215
68 223
68 225
68 250
69 74
69 95
69 96
69 100
69 104
69 105
69 124
69 141
69 149
69 151
69 163
69 167
69 172
69 179
69 184
69 186
69 189
69 197
69 200
69 215
69 223
69 225
69 250
70 74
70 89
70 95
70 96
70 100
70 104
70 105
70 124
70 141
70 149
70 151
70 163
70 167
70 172
70 179
70 184
70 186
70 189
70 197
70 200
70 215
70 223
70 225
70 250
71 74
71 89
71 95
71 96
71 104
71 105
71 124
71 141
71 149
71 151
71 163
71 167
71 172
71 179
71 184
71 186
71 189
71 197
71 200
71 215
71 223
71 225
71 250
72 74
72 89
72 95
72 104
72 105
72 124
72 141
72 149
72 151
72 163
72 167
72 172
72 179
72 184
72 186
72 189
72 197
72 200
72 215
72 223
72 225
72 250
73 89
73 104
73 105
73 108
73 120
73 124
73 141
73 149
73 151
73 163
73 167
73 171
73 172
73 179
73 184
73 186
73 189
73 197
73 200
73 215
73 225
73 227
73 250
74 89
74 104
74 105
74 108
74 120
74 124
74 141
74 149
74 151
74 153
74 163
74 167
74 171
74 172
74 179
74 184
74 186
74 189
74 197
74 200
74 215
74 225
74 227
74 250
75 89
75 104
75 105
75 108
75 120
75 124
75 141
75 149
75 151
75 153
75 167
75 171
75 179
75 184
75 186
75 189
75 197
75 200
75 201
75 215
75 225
75 227
75 250
76 89
76 104
76 105
76 108
76 120
76 124
76 141
76 149
76 151
76 153
76 171
76 179
76 184
76 186
76 189
76 197
76 200
76 201
76 215
76 225
76 227
76 250
77 89
77 104
77 105
77 108
77 120
77 124
77 141
77 149
77 151
77 153
77 171
77 179
77 184
77 186
77 189
77 197
77 200
77 201
77 215
77 225
77 227
77 250
78 89
78 92
78 104
78 105
78 108
78 120
78 124
78 149
78 153
78 179
78 184
78 186
78 189
78 197
78 200
78 201
78 215
78 225
78 227
79 89
79 90
79 92
79 104
79 105
79 108
79 120
79 124
79 149
79 153
79 179
79 184
79 186
79 189
79 197
79 200
79 201
79 215
79 225
79 227
80 89
80 90
80 92
80 104
80 105
80 108
80 120
80 124
80 149
80 153
80 179
80 184
80 186
80 188
80 189
80 197
80 200
80 201
80 215
80 225
80 227
81 89
81 90
81 92
81 104
81 105
81 108
81 120
81 124
81 149
81 153
81 179
81 184
81 186
81 188
81 189
81 197
81 200
81 201
81 215
81 220
81 225
81 227
82 89
82 92
82 104
82 105
82 108
82 120
82 123
82 124
82 149
82 153
82 179
82 184
82 186
82 188
82 189
82 197
82 200
82 201
82 215
82 220
82 225
82 227
83 88
83 89
83 92
83 104
83 105
83 108
83 120
83 123
83 134
83 137
83 153
83 179
83 184
83 186
83 188
83 189
83 197
83 200
83 201
83 215
83 220
83 225
83 227
83 231
84 88
84 89
84 92
84 104
84 105
84 108
84 120
84 123
84 134
84 137
84 153
84 179
84 184
84 186
84 188
84 189
84 197
84 200
84 201
84 215
84 220
84 225
84 227
84 231
85 88
85 89
85 92
85 104
85 105
85 108
85 120
85 123
85 134
85 137
85 153
85 184
85 186
85 188
85 189
85 197
85 200
85 201
85 215
85 220
85 225
85 227
85 231
86 88
86 89
86 92
86 104
86 105
86 108
86 120
86 123
86 134
86 137
86 153
86 184
86 186
86 188
86 189
86 197
86 200
86 201
86 215
86 220
86 225
86 227
86 231
87 88
87 89
87 104
87 105
87 108
87 120
87 123
87 137
87 153
87 164
87 184
87 186
87 188
87 189
87 197
87 201
87 207
87 215
87 220
87 225
87 227
87 231
87 262
88 88
88 89
88 104
88 105
88 108
88 115
88 120
88 123
88 137
88 145
88 153
88 164
88 184
88 188
88 189
88 197
88 201
88 207
88 215
88 220
88 225
88 227
88 231
88 262
89 88
89 89
89 104
89 105
89 108
89 115
89 120
89 123
89 137
89 145
89 153
89 164
89 184
89 188
89 189
89 197
89 201
89 207
89 215
89 220
89 225
89 227
89 231
89 262
90 88
90 104
90 105
90 108
90 115
90 120
90 123
90 128
90 137
90 145
90 153
90 164
90 182
90 184
90 188
90 189
90 197
90 201
90 207
90 215
90 220
90 225
90 227
90 262
91 88
91 104
91 105
91 108
91 115
91 120
91 123
91 128
91 137
91 145
91 153
91 164
91 182
91 184
91 188
91 189
91 197
91 201
91 207
91 215
91 220
91 225
91 227
91 262
92 88
92 104
92 105
92 108
92 115
92 120
92 123
92 128
92 145
92 153
92 164
92 173
92 174
92 182
92 188
92 189
92 197
92 201
92 207
92 215
92 220
92 225
92 227
92 262
93 104
93 105
93 108
93 115
93 120
93 123
93 128
93 145
93 153
93 164
93 165
93 173
93 174
93 182
93 188
93 189
93 197
93 201
93 207
93 215
93 220
93 227
93 262
94 104
94 105
94 108
94 115
94 120
94 123
94 128
94 145
94 153
94 164
94 165
94 173
94 174
94 188
94 189
94 197
94 201
94 203
94 207
94 215
94 220
94 227
94 262
95 105
95 108
95 115
95 120
95 123
95 128
95 145
95 153
95 164
95 165
95 173
95 174
95 188
95 189
95 197
95 201
95 203
95 207
95 215
95 220
95 227
95 262
96 105
96 108
96 115
96 120
96 123
96 128
96 145
96 153
96 164
96 165
96 173
96 174
96 188
96 189
96 197
96 201
96 203
96 207
96 215
96 220
96 227
96 262
97 105
97 108
97 115
97 120
97 128
97 130
97 146
97 153
97 164
97 165
97 173
97 174
97 185
97 188
97 189
97 197
97 201
97 203
97 207
97 215
97 220
97 227
97 242
97 262
98 105
98 108
98 115
98 120
98 128
98 130
98 146
98 153
98 164
98 165
98 173
98 174
98 185
98 188
98 189
98 197
98 201
98 203
98 207
98 215
98 220
98 227
98 237
98 242
98 262
99 108
99 115
99 120
99 128
99 130
99 146
99 153
99 164
99 165
99 173
99 174
99 185
99 188
99 189
99 197
99 201
99 203
99 207
99 215
99 220
99 227
99 237
99 242
99 262
100 108
100 115
100 120
100 128
100 130
100 146
100 153
100 164
100 165
100 173
100 174
100 185
100 188
100 193
100 197
100 201
100 203
100 207
100 215
100 220
100 227
100 237
100 242
100 262
101 108
101 115
101 120
101 128
101 130
101 146
101 153
101 164
101 165
101 173
101 174
101 185
101 188
101 193
101 197
101 201
101 203
101 207
101 211
101 215
101 220
101 227
101 237
101 242
101 253
101 257
101 262
102 108
102 115
102 120
102 128
102 130
102 146
102 160
102 164
102 165
102 173
102 174
102 185
102 187
102 188
102 193
102 197
102 201
102 203
102 207
102 211
102 215
102 220
102 227
102 237
102 242
102 253
102 257
102 262
103 108
103 115
103 120
103 128
103 130
103 146
103 160
103 164
103 165
103 173
103 174
103 185
103 187
103 188
103 193
103 197
103 201
103 203
103 207
103 211
103 215
103 220
103 227
103 237
103 242
103 253
103 257
103 262
104 108
104 115
104 120
104 128
104 130
104 146
104 160
104 164
104 165
104 173
104 174
104 185
104 187
104 188
104 193
104 197
104 201
104 203
104 207
104 211
104 220
104 227
104 237
104 242
104 255
104 257
104 262
105 108
105 115
105 120
105 128
105 130
105 146
105 160
105 164
105 165
105 173
105 174
105 185
105 187
105 188
105 193
105 197
105 201
105 203
105 207
105 211
105 220
105 227
105 237
105 242
105 255
105 257
105 262
106 108
106 115
106 120
106 128
106 130
106 146
106 160
106 164
106 165
106 173
106 174
106 185
106 187
106 188
106 193
106 197
106 201
106 203
106 207
106 211
106 220
106 227
106 237
106 242
106 255
106 257
106 262
107 108
107 115
107 120
107 128
107 130
107 146
107 160
107 164
107 165
107 173
107 185
107 187
107 188
107 193
107 197
107 201
107 203
107 207
107 211
107 227
107 237
107 242
107 243
107 255
107 257
107 262
108 108
108 120
108 128
108 130
108 146
108 160
108 164
108 173
108 185
108 187
108 188
108 193
108 197
108 201
108 203
108 207
108 211
108 227
108 237
108 243
108 255
108 257
108 262
109 108
109 120
109 128
109 130
109 146
109 160
109 164
109 173
109 185
109 187
109 188
109 193
109 197
109 201
109 203
109 207
109 211
109 227
109 237
109 243
109 255
109 257
109 262
110 108
110 120
110 128
110 130
110 146
110 160
110 164
110 173
110 185
110 187
110 188
110 193
110 197
110 201
110 203
110 207
110 211
110 227
110 237
110 243
110 255
110 257
110 262
111 108
111 120
111 128
111 130
111 146
111 160
111 164
111 173
111 185
111 187
111 188
111 193
111 197
111 201
111 203
111 207
111 211
111 227
111 237
111 243
111 255
111 257
111 262
112 108
112 120
112 128
112 130
112 146
112 160
112 164
112 173
112 185
112 187
112 188
112 193
112 197
112 201
112 203
112 207
112 211
112 227
112 237
112 243
112 255
112 257
112 262
113 108
113 120
113 128
113 130
113 146
113 160
113 164
113 185
113 187
113 188
113 193
113 197
113 201
113 211
113 227
113 237
113 243
113 255
113 257
113 262
114 108
114 120
114 128
114 130
114 146
114 164
114 170
114 185
114 187
114 193
114 197
114 201
114 211
114 227
114 237
114 243
114 255
114 257
114 262
115 108
115 120
115 128
115 130
115 146
115 164
115 170
115 185
115 187
115 193
115 197
115 201
115 211
115 227
115 237
115 243
115 255
115 257
115 262
116 108
116 120
116 122
116 130
116 146
116 164
116 170
116 185
116 187
116 193
116 197
116 201
116 211
116 221
116 226
116 227
116 237
116 243
116 255
116 257
116 262
117 108
117 120
117 122
117 130
117 146
117 164
117 170
117 185
117 187
117 193
117 197
117 201
117 211
117 221
117 226
117 227
117 237
117 243
117 255
117 257
117 262
118 120
118 122
118 130
118 146
118 164
118 170
118 185
118 187
118 193
118 197
118 199
118 201
118 211
118 221
118 226
118 227
118 237
118 243
118 255
118 257
118 262
119 120
119 122
119 130
119 138
119 146
119 164
119 170
119 185
119 187
119 193
119 197
119 198
119 199
119 201
119 221
119 226
119 228
119 237
119 243
119 255
119 257
119 262
120 120
120 122
120 130
120 138
120 146
120 164
120 170
120 185
120 187
120 193
120 197
120 198
120 199
120 201
120 221
120 226
120 228
120 237
120 243
120 255
120 257
120 262
121 120
121 122
121 130
121 138
121 146
121 164
121 177
121 187
121 193
121 197
121 198
121 199
121 201
121 221
121 226
121 228
121 243
121 255
121 257
121 262
122 122
122 130
122 138
122 140
122 146
122 164
122 177
122 193
122 197
122 198
122 199
122 201
122 221
122 226
122 228
122 243
122 255
122 257
122 262
123 122
123 130
123 138
123 140
123 146
123 164
123 177
123 193
123 197
123 198
123 199
123 201
123 221
123 226
123 228
123 243
123 255
123 257
123 262
124 122
124 130
124 138
124 140
124 146
124 164
124 177
124 193
124 197
124 198
124 199
124 201
124 221
124 226
124 228
124 243
124 255
124 257
124 262
125 130
125 138
125 146
125 164
125 177
125 193
125 197
125 198
125 199
125 201
125 221
125 226
125 228
125 243
125 255
125 257
125 262
126 130
126 138
126 146
126 164
126 177
126 193
126 194
126 197
126 198
126 199
126 201
126 221
126 226
126 228
126 243
126 255
126 257
126 262
127 130
127 138
127 146
127 164
127 177
127 193
127 194
127 197
127 198
127 199
127 201
127 221
127 226
127 228
127 243
127 255
127 257
127 262
128 130
128 138
128 146
128 164
128 177
128 193
128 194
128 197
128 198
128 199
128 201
128 221
128 226
128 228
128 243
128 255
128 257
128 262
129 138
129 164
129 177
129 193
129 197
129 198
129 199
129 201
129 221
129 226
129 228
129 243
129 255
129 257
129 262
130 138
130 164
130 177
130 193
130 197
130 198
130 199
130 201
130 221
130 226
130 228
130 243
130 255
130 257
130 262
131 138
131 164
131 177
131 193
131 197
131 198
131 199
131 201
131 221
131 226
131 228
131 243
131 255
131 257
131 262
132 138
132 147
132 164
132 177
132 193
132 197
132 198
132 199
132 201
132 221
132 226
132 228
132 243
132 252
132 255
132 257
132 262
133 138
133 147
133 177
133 193
133 197
133 198
133 199
133 201
133 221
133 226
133 228
133 243
133 252
133 255
133 262
134 147
134 177
134 193
134 197
134 198
134 199
134 201
134 221
134 226
134 228
134 243
134 252
134 255
134 262
135 147
135 177
135 193
135 197
135 199
135 201
135 221
135 226
135 228
135 243
135 252
135 255
135 262
136 157
136 177
136 193
136 197
136 201
136 219
136 226
136 228
136 243
136 252
136 255
136 262
137 157
137 177
137 193
137 197
137 201
137 219
137 226
137 228
137 243
137 252
137 255
137 262
138 157
138 177
138 193
138 197
138 201
138 219
138 226
138 228
138 243
138 252
138 255
138 262
139 156
139 157
139 193
139 197
139 201
139 219
139 226
139 228
139 243
139 252
139 255
139 262
140 156
140 157
140 193
140 197
140 201
140 219
140 226
140 228
140 243
140 252
140 255
140 262
141 156
141 157
141 193
141 197
141 219
141 226
141 228
141 243
141 252
141 255
142 156
142 157
142 193
142 197
142 219
142 226
142 228
142 243
142 252
142 255
143 156
143 157
143 193
143 197
143 219
143 226
143 228
143 243
143 252
143 255
144 157
144 193
144 197
144 219
144 226
144 228
144 243
144 252
144 255
145 157
145 193
145 197
145 219
145 226
145 228
145 243
145 252
145 255
146 193
146 196
146 219
146 226
146 228
146 243
146 248
146 252
146 255
147 196
147 219
147 226
147 228
147 243
147 248
147 252
147 255
148 161
148 196
148 219
148 226
148 228
148 243
148 248
148 252
148 255
149 161
149 196
149 219
149 226
149 228
149 243
149 248
149 252
149 255
150 161
150 196
150 219
150 226
150 228
150 243
150 248
150 252
150 255
151 161
151 196
151 219
151 226
151 228
151 243
151 248
151 252
151 255
152 161
152 196
152 219
152 226
152 228
152 243
152 248
152 252
152 255
153 192
153 196
153 219
153 226
153 228
153 230
153 243
153 248
153 252
153 255
154 192
154 196
154 219
154 226
154 228
154 230
154 243
154 248
154 252
154 255
155 192
155 196
155 219
155 226
155 228
155 230
155 243
155 248
155 252
155 255
156 192
156 196
156 219
156 226
156 228
156 230
156 243
156 248
156 252
156 255
157 192
157 196
157 216
157 219
157 226
157 228
157 230
157 243
157 248
157 252
157 255
158 192
158 196
158 218
158 219
158 226
158 230
158 232
158 243
158 248
158 252
158 255
159 192
159 196
159 218
159 219
159 226
159 230
159 232
159 243
159 248
159 252
159 255
160 192
160 196
160 218
160 219
160 226
160 230
160 232
160 243
160 248
160 252
160 255
161 192
161 196
161 218
161 219
161 226
161 230
161 232
161 243
161 248
161 252
161 255
162 192
162 196
162 218
162 219
162 226
162 230
162 232
162 243
162 248
162 252
162 255
162 260
163 192
163 196
163 218
163 219
163 226
163 230
163 232
163 243
163 248
163 252
163 255
163 260
164 192
164 196
164 206
164 218
164 219
164 226
164 230
164 232
164 243
164 248
164 252
164 255
164 260
165 192
165 196
165 206
165 218
165 219
165 226
165 230
165 232
165 243
165 248
165 252
165 255
165 260
166 192
166 196
166 206
166 218
166 219
166 226
166 230
166 232
166 243
166 248
166 252
166 255
166 260
167 192
167 196
167 206
167 218
167 219
167 226
167 230
167 232
167 243
167 248
167 252
167 255
167 260
168 192
168 196
168 206
168 218
168 219
168 226
168 230
168 232
168 243
168 248
168 252
168 255
168 260
169 192
169 196
169 206
169 218
169 219
169 226
169 230
169 232
169 243
169 248
169 252
169 255
169 260
170 181
170 192
170 195
170 206
170 208
170 218
170 219
170 226
170 230
170 232
170 243
170 248
170 252
170 255
170 260
171 181
171 192
171 195
171 206
171 208
171 218
171 219
171 226
171 230
171 232
171 243
171 248
171 252
171 255
171 260
172 181
172 192
172 195
172 206
172 208
172 218
172 219
172 226
172 230
172 232
172 243
172 248
172 252
172 255
172 260
173 181
173 192
173 195
173 206
173 208
173 218
173 219
173 226
173 230
173 232
173 243
173 248
173 252
173 255
173 260
174 181
174 192
174 195
174 206
174 208
174 218
174 219
174 226
174 230
174 232
174 243
174 248
174 252
174 255
174 260
175 181
175 192
175 195
175 206
175 208
175 218
175 219
175 226
175 230
175 232
175 243
175 248
175 252
175 255
175 260
176 181
176 192
176 195
176 206
176 208
176 218
176 219
176 226
176 230
176 232
176 243
176 248
176 252
176 255
176 260
177 181
177 192
177 195
177 206
177 208
177 218
177 219
177 226
177 230
177 232
177 243
177 248
177 252
177 255
177 260
178 181
178 192
178 195
178 206
178 208
178 212
178 218
178 219
178 226
178 230
178 232
178 243
178 248
178 252
178 255
178 260
179 181
179 192
179 195
179 206
179 208
179 212
179 218
179 219
179 226
179 230
179 232
179 243
179 248
179 252
179 255
179 260
180 181
180 192
180 195
180 206
180 208
180 210
180 212
180 218
180 219
180 226
180 230
180 232
180 243
180 248
180 252
180 255
181 181
181 192
181 195
181 206
181 208
181 210
181 212
181 218
181 219
181 226
181 230
181 232
181 243
181 248
181 252
181 255
182 181
182 192
182 195
182 206
182 208
182 210
182 212
182 218
182 219
182 226
182 230
182 232
182 243
182 248
182 252
182 255
183 181
183 192
183 195
183 208
183 210
183 212
183 218
183 219
183 226
183 232
183 243
183 248
183 252
183 255
184 192
184 195
184 210
184 212
184 218
184 219
184 224
184 226
184 232
184 243
184 248
184 252
184 255
185 192
185 195
185 210
185 218
185 219
185 224
185 226
185 232
185 243
185 248
185 252
185 255
186 192
186 195
186 210
186 218
186 219
186 224
186 226
186 232
186 243
186 248
186 252
186 255
187 192
187 195
187 210
187 218
187 219
187 224
187 226
187 232
187 243
187 248
187 252
187 255
188 192
188 195
188 210
188 218
188 219
188 224
188 226
188 232
188 243
188 248
188 252
188 255
189 192
189 210
189 218
189 219
189 224
189 226
189 232
189 243
189 244
189 252
189 255
190 192
190 210
190 218
190 219
190 224
190 226
190 232
190 243
190 244
190 252
190 255
191 192
191 210
191 218
191 219
191 224
191 226
191 232
191 243
191 244
191 252
191 255
192 192
192 210
192 224
192 226
192 239
192 243
192 244
192 252
192 255
193 192
193 210
193 224
193 226
193 239
193 243
193 244
193 252
193 255
194 192
194 210
194 224
194 226
194 239
194 244
194 252
194 255
195 192
195 210
195 224
195 226
195 239
195 244
195 252
195 255
196 192
196 210
196 224
196 226
196 239
196 244
196 252
196 255
197 192
197 210
197 224
197 226
197 239
197 244
197 252
197 255
198 192
198 210
198 224
198 226
198 239
198 241
198 244
198 252
198 255
199 192
199 210
199 224
199 226
199 239
199 241
199 244
199 252
199 255
200 192
200 210
200 226
200 239
200 241
200 244
200 252
200 255
201 192
201 210
201 226
201 239
201 241
201 244
201 252
201 255
202 192
202 210
202 226
202 239
202 241
202 244
202 252
202 255
203 192
203 210
203 226
203 239
203 241
203 252
203 255
204 192
204 210
204 226
204 239
204 241
204 252
204 255
205 192
205 210
205 226
205 239
205 241
205 252
205 255
206 192
206 210
206 226
206 239
206 241
206 252
206 255
207 192
207 226
207 229
207 241
207 252
207 255
207 258
208 192
208 226
208 241
208 252
208 258
209 192
209 226
209 241
209 252
209 258
210 192
210 226
210 240
210 241
210 252
210 258
211 192
211 226
211 240
211 241
211 252
211 258
212 192
212 226
212 240
212 241
212 252
212 258
213 192
213 226
213 240
213 241
213 251
213 252
213 258
214 192
214 226
214 241
214 251
214 252
214 258
215 192
215 226
215 241
215 251
215 252
215 258
216 192
216 226
216 241
216 251
216 252
216 258
217 192
217 226
217 241
217 251
217 252
217 258
218 226
218 251
218 252
218 258
219 251
219 252
219 254
219 258
219 259
220 251
220 252
220 254
220 258
220 259
221 251
221 254
221 258
221 259
222 251
222 258
222 259
223 235
223 251
223 258
223 259
224 235
224 251
224 258
224 259
225 235
225 251
225 258
225 259
226 235
226 251
226 258
226 259
227 235
227 251
227 258
227 259
228 235
228 251
228 258
228 259
229 235
229 251
229 258
229 259
230 235
230 258
230 259
231 235
231 258
231 259
232 235
232 258
232 259
233 235
233 258
233 259
234 235
234 249
234 258
234 259
235 235
235 249
235 258
235 259
236 235
236 249
236 258
236 259
237 235
237 249
237 259
238 235
238 249
239 235
239 249
240 235
240 249
241 235
241 249
242 235
242 249
243 249
244 249
245 249
246 249
