1 11
1 85
2 11
2 27
2 85
3 15
3 85
3 204
3 215
4 6
4 19
4 26
4 31
4 37
4 85
4 86
4 159
4 169
4 204
5 6
5 19
5 26
5 31
5 37
5 85
5 86
5 159
5 169
5 204
6 19
6 25
6 26
6 31
6 37
6 85
6 86
6 159
6 169
6 204
7 9
7 17
7 19
7 26
7 85
7 86
7 110
7 111
7 119
7 159
7 169
7 202
8 12
8 13
8 19
8 33
8 48
8 59
8 68
8 85
8 86
8 110
8 111
8 119
8 159
8 169
8 196
8 202
9 23
9 33
9 48
9 59
9 69
9 86
9 110
9 111
9 119
9 154
9 159
9 169
9 170
9 173
9 196
10 14
10 33
10 48
10 59
10 69
10 86
10 94
10 110
10 111
10 119
10 154
10 159
10 169
10 170
10 173
10 196
11 14
11 28
11 48
11 59
11 69
11 86
11 94
11 110
11 111
11 119
11 154
11 159
11 169
11 170
11 173
11 196
12 14
12 28
12 48
12 59
12 69
12 86
12 94
12 110
12 111
12 119
12 154
12 159
12 169
12 170
12 173
12 196
13 14
13 20
13 24
13 48
13 59
13 69
13 78
13 86
13 97
13 111
13 119
13 123
13 154
13 159
13 170
13 171
13 173
13 179
13 196
14 14
14 22
14 48
14 59
14 69
14 78
14 86
14 97
14 111
14 119
14 123
14 139
14 154
14 170
14 171
14 173
14 179
14 196
14 227
15 14
15 22
15 48
15 59
15 69
15 78
15 86
15 97
15 111
15 119
15 123
15 131
15 139
15 170
15 171
15 173
15 179
15 196
15 227
16 14
16 22
16 48
16 59
16 69
16 78
16 86
16 97
16 111
16 119
16 123
16 131
16 139
16 170
16 171
16 173
16 179
16 196
16 227
17 48
17 59
17 86
17 97
17 111
17 119
17 123
17 131
17 139
17 170
17 171
17 173
17 179
17 196
17 227
18 48
18 59
18 72
18 86
18 97
18 111
18 119
18 123
18 127
18 131
18 139
18 170
18 171
18 173
18 179
18 196
18 227
19 48
19 59
19 72
19 86
19 97
19 119
19 123
19 127
19 131
19 139
19 170
19 171
19 173
19 179
19 196
19 227
20 48
20 59
20 72
20 86
20 97
20 119
20 123
20 127
20 131
20 139
20 170
20 171
20 173
20 179
20 196
20 227
21 39
21 48
21 59
21 72
21 86
21 97
21 119
21 123
21 127
21 131
21 139
21 170
21 171
21 173
21 179
21 196
21 227
22 39
22 48
22 59
22 72
22 86
22 97
22 119
22 123
22 127
22 131
22 139
22 150
22 170
22 171
22 173
22 179
22 196
22 227
23 39
23 40
23 48
23 59
23 72
23 86
23 97
23 119
23 127
23 131
23 139
23 150
23 170
23 171
23 173
23 179
23 196
23 227
24 39
24 40
24 48
24 59
24 86
24 119
24 122
24 127
24 139
24 150
24 170
24 171
24 173
24 179
24 196
24 213
24 227
25 40
25 48
25 59
25 86
25 119
25 122
25 127
25 139
25 150
25 170
25 179
25 196
25 213
25 227
26 30
26 40
26 45
26 48
26 52
26 57
26 59
26 86
26 119
26 127
26 139
26 147
26 170
26 179
26 196
26 200
26 207
26 213
26 227
27 30
27 40
27 45
27 48
27 57
27 59
27 86
27 119
27 127
27 139
27 147
27 170
27 179
27 196
27 200
27 203
27 207
27 213
27 227
28 30
28 40
28 57
28 59
28 86
28 91
28 119
28 127
28 139
28 147
28 170
28 196
28 200
28 203
28 207
28 213
28 227
28 228
28 251
28 255
29 30
29 40
29 57
29 59
29 86
29 91
29 119
29 127
29 139
29 147
29 170
29 196
29 200
29 203
29 207
29 213
29 227
29 228
29 251
29 255
30 35
30 36
30 42
30 44
30 47
30 51
30 55
30 61
30 86
30 95
30 117
30 119
30 127
30 139
30 145
30 152
30 165
30 170
30 183
30 200
30 206
30 207
30 213
30 227
30 228
30 251
30 255
31 35
31 36
31 42
31 44
31 46
31 47
31 51
31 55
31 61
31 86
31 95
31 117
31 119
31 127
31 139
31 145
31 152
31 165
31 170
31 183
31 200
31 206
31 207
31 213
31 227
31 228
31 251
31 255
32 35
32 36
32 42
32 44
32 46
32 47
32 55
32 61
32 86
32 87
32 95
32 117
32 119
32 127
32 141
32 145
32 152
32 165
32 170
32 183
32 200
32 206
32 207
32 213
32 227
32 228
32 255
33 35
33 36
33 42
33 44
33 46
33 47
33 55
33 61
33 86
33 87
33 95
33 117
33 119
33 127
33 141
33 145
33 152
33 165
33 170
33 183
33 200
33 206
33 207
33 213
33 227
33 228
33 255
34 35
34 36
34 42
34 44
34 46
34 47
34 55
34 61
34 86
34 87
34 95
34 117
34 119
34 127
34 141
34 145
34 152
34 165
34 170
34 183
34 200
34 206
34 207
34 213
34 227
34 228
34 255
35 36
35 42
35 44
35 47
35 61
35 87
35 103
35 117
35 119
35 127
35 145
35 152
35 161
35 165
35 170
35 181
35 183
35 186
35 200
35 206
35 207
35 213
35 227
35 228
35 255
36 36
36 42
36 44
36 47
36 61
36 64
36 87
36 103
36 117
36 119
36 127
36 145
36 152
36 161
36 165
36 170
36 181
36 183
36 186
36 200
36 206
36 207
36 213
36 227
36 228
36 255
37 50
37 61
37 64
37 65
37 79
37 87
37 96
37 103
37 117
37 119
37 127
37 145
37 152
37 165
37 168
37 181
37 183
37 186
37 200
37 206
37 207
37 213
37 227
37 228
37 255
38 49
38 50
38 61
38 65
38 73
38 79
38 87
38 96
38 117
38 119
38 127
38 145
38 152
38 165
38 168
38 180
38 181
38 183
38 186
38 200
38 206
38 207
38 227
38 228
38 255
39 49
39 50
39 61
39 65
39 73
39 79
39 87
39 96
39 117
39 119
39 127
39 145
39 152
39 165
39 168
39 180
39 181
39 183
39 186
39 200
39 206
39 207
39 227
39 228
39 255
40 43
40 49
40 50
40 65
40 73
40 79
40 87
40 96
40 117
40 119
40 127
40 145
40 152
40 165
40 168
40 176
40 180
40 181
40 183
40 186
40 200
40 206
40 207
40 223
40 227
40 228
40 255
41 43
41 49
41 50
41 65
41 73
41 79
41 87
41 96
41 117
41 119
41 127
41 145
41 152
41 165
41 168
41 176
41 180
41 181
41 183
41 186
41 200
41 206
41 207
41 221
41 223
41 227
41 228
41 255
42 49
42 65
42 73
42 79
42 87
42 96
42 117
42 119
42 127
42 145
42 152
42 165
42 167
42 168
42 176
42 180
42 181
42 183
42 200
42 206
42 207
42 221
42 223
42 227
42 254
42 255
43 49
43 65
43 73
43 79
43 87
43 96
43 117
43 119
43 127
43 145
43 152
43 165
43 167
43 168
43 176
43 180
43 181
43 183
43 200
43 206
43 207
43 221
43 227
43 254
43 255
44 49
44 54
44 58
44 65
44 73
44 79
44 87
44 88
44 96
44 117
44 119
44 127
44 129
44 145
44 152
44 160
44 165
44 167
44 168
44 183
44 197
44 206
44 207
44 221
44 227
44 233
44 254
44 255
45 54
45 58
45 65
45 73
45 117
45 127
45 129
45 145
45 152
45 160
45 165
45 167
45 168
45 183
45 206
45 207
45 218
45 221
45 227
45 232
45 233
45 241
45 255
46 54
46 58
46 65
46 71
46 73
46 117
46 127
46 129
46 145
46 152
46 160
46 165
46 167
46 168
46 183
46 206
46 207
46 218
46 221
46 227
46 232
46 233
46 241
46 255
46 257
47 54
47 58
47 65
47 71
47 73
47 117
47 127
47 129
47 145
47 152
47 160
47 165
47 167
47 168
47 183
47 206
47 207
47 218
47 221
47 227
47 232
47 233
47 241
47 255
47 257
48 58
48 65
48 67
48 74
48 76
48 100
48 117
48 127
48 129
48 145
48 160
48 165
48 167
48 168
48 183
48 206
48 207
48 218
48 221
48 227
48 232
48 233
48 241
48 249
48 255
48 257
49 56
49 62
49 67
49 76
49 77
49 93
49 100
49 117
49 126
49 127
49 129
49 145
49 160
49 163
49 165
49 167
49 168
49 183
49 206
49 207
49 218
49 221
49 224
49 227
49 232
49 233
49 241
49 249
49 255
49 257
50 56
50 62
50 67
50 76
50 77
50 93
50 100
50 117
50 126
50 129
50 145
50 160
50 163
50 165
50 167
50 168
50 183
50 206
50 207
50 218
50 221
50 224
50 227
50 232
50 233
50 241
50 249
50 255
50 257
51 56
51 62
51 67
51 76
51 77
51 93
51 100
51 104
51 117
51 126
51 129
51 145
51 160
51 163
51 165
51 167
51 168
51 183
51 206
51 207
51 218
51 221
51 224
51 227
51 232
51 233
51 241
51 249
51 255
51 257
52 56
52 60
52 62
52 63
52 67
52 76
52 77
52 93
52 100
52 104
52 117
52 126
52 129
52 145
52 160
52 163
52 165
52 167
52 183
52 206
52 207
52 218
52 221
52 224
52 227
52 232
52 233
52 241
52 249
52 257
53 56
53 60
53 62
53 63
53 67
53 76
53 77
53 93
53 100
53 104
53 117
53 126
53 129
53 145
53 160
53 163
53 165
53 167
53 183
53 206
53 207
53 218
53 221
53 224
53 232
53 233
53 241
53 249
53 257
54 60
54 63
54 76
54 77
54 93
54 100
54 104
54 117
54 126
54 129
54 145
54 160
54 163
54 165
54 167
54 183
54 206
54 207
54 211
54 218
54 221
54 224
54 232
54 233
54 241
54 249
54 257
55 60
55 63
55 76
55 77
55 93
55 100
55 104
55 117
55 126
55 129
55 145
55 160
55 163
55 165
55 167
55 183
55 199
55 206
55 207
55 211
55 218
55 221
55 224
55 232
55 233
55 241
55 249
55 257
56 60
56 76
56 77
56 89
56 93
56 100
56 104
56 117
56 126
56 129
56 160
56 163
56 165
56 167
56 183
56 199
56 206
56 207
56 211
56 218
56 221
56 224
56 232
56 233
56 241
56 249
56 257
57 76
57 77
57 89
57 93
57 100
57 104
57 117
57 126
57 129
57 160
57 163
57 165
57 167
57 183
57 199
57 206
57 207
57 211
57 218
57 221
57 224
57 232
57 233
57 241
57 249
57 257
58 76
58 77
58 89
58 93
58 100
58 104
58 117
58 126
58 129
58 160
58 163
58 165
58 167
58 183
58 199
58 206
58 207
58 211
58 218
58 221
58 224
58 232
58 233
58 241
58 249
58 257
59 76
59 77
59 81
59 83
59 89
59 93
59 99
59 104
59 116
59 117
59 125
59 129
59 160
59 163
59 165
59 183
59 199
59 206
59 207
59 211
59 218
59 224
59 232
59 233
59 241
59 249
59 257
60 76
60 77
60 81
60 83
60 89
60 93
60 99
60 104
60 116
60 117
60 125
60 129
60 160
60 163
60 165
60 183
60 199
60 206
60 207
60 211
60 218
60 224
60 232
60 233
60 241
60 249
60 257
61 76
61 77
61 81
61 83
61 89
61 93
61 99
61 104
61 116
61 117
61 125
61 129
61 160
61 163
61 165
61 183
61 199
61 206
61 207
61 211
61 218
61 224
61 232
61 233
61 241
61 249
61 257
62 76
62 77
62 81
62 83
62 89
62 93
62 99
62 104
62 116
62 117
62 125
62 129
62 160
62 163
62 165
62 183
62 199
62 206
62 207
62 211
62 218
62 224
62 232
62 233
62 241
62 249
62 257
63 76
63 81
63 84
63 89
63 93
63 99
63 104
63 114
63 116
63 117
63 125
63 129
63 160
63 163
63 165
63 183
63 184
63 199
63 206
63 207
63 211
63 218
63 224
63 232
63 233
63 241
63 249
63 257
64 81
64 84
64 89
64 93
64 99
64 104
64 114
64 116
64 117
64 125
64 129
64 160
64 163
64 165
64 183
64 184
64 199
64 206
64 207
64 211
64 218
64 224
64 232
64 233
64 241
64 249
64 257
65 81
65 84
65 89
65 93
65 99
65 104
65 114
65 116
65 117
65 125
65 129
65 160
65 163
65 165
65 183
65 184
65 199
65 206
65 207
65 211
65 218
65 224
65 232
65 233
65 241
65 249
65 257
66 81
66 84
66 89
66 93
66 99
66 104
66 114
66 117
66 125
66 129
66 143
66 163
66 165
66 183
66 184
66 199
66 201
66 206
66 207
66 211
66 218
66 224
66 232
66 233
66 241
66 249
66 257
67 81
67 84
67 89
67 93
67 99
67 104
67 114
67 117
67 125
67 129
67 143
67 163
67 165
67 183
67 184
67 199
67 201
67 206
67 207
67 211
67 218
67 224
67 232
67 233
67 241
67 249
67 257
68 81
68 84
68 93
68 104
68 107
68 108
68 114
68 117
68 125
68 129
68 143
68 146
68 163
68 165
68 183
68 184
68 199
68 201
68 206
68 207
68 218
68 224
68 232
68 233
68 241
68 249
68 257
69 81
69 84
69 93
69 104
69 107
69 108
69 114
69 117
69 125
69 129
69 143
69 146
69 163
69 165
69 183
69 184
69 199
69 201
69 206
69 207
69 218
69 224
69 232
69 233
69 241
69 249
69 257
70 81
70 84
70 93
70 104
70 106
70 107
70 108
70 114
70 117
70 125
70 129
70 132
70 143
70 146
70 163
70 165
70 184
70 199
70 201
70 206
70 207
70 218
70 224
70 232
70 233
70 241
70 249
70 257
71 81
71 84
71 93
71 104
71 106
71 107
71 108
71 114
71 117
71 125
71 129
71 132
71 143
71 146
71 163
71 165
71 184
71 199
71 201
71 206
71 207
71 218
71 224
71 232
71 233
71 241
71 249
71 257
72 81
72 84
72 93
72 104
72 106
72 107
72 108
72 114
72 117
72 125
72 129
72 132
72 143
72 146
72 163
72 165
72 184
72 199
72 201
72 206
72 207
72 218
72 224
72 232
72 233
72 241
72 249
72 257
73 81
73 84
73 93
73 106
73 107
73 108
73 109
73 114
73 125
73 129
73 132
73 146
73 163
73 165
73 184
73 199
73 201
73 206
73 207
73 218
73 224
73 232
73 233
73 234
73 241
73 249
73 257
74 90
74 106
74 107
74 108
74 109
74 114
74 124
74 125
74 132
74 146
74 163
74 184
74 199
74 201
74 206
74 207
74 218
74 224
74 232
74 233
74 234
74 241
74 249
74 257
75 90
75 106
75 107
75 108
75 109
75 114
75 124
75 125
75 132
75 146
75 163
75 184
75 199
75 201
75 206
75 207
75 218
75 224
75 232
75 233
75 234
75 241
75 249
75 257
76 90
76 106
76 107
76 108
76 109
76 114
76 124
76 125
76 132
76 146
76 163
76 184
76 199
76 201
76 206
76 207
76 218
76 224
76 232
76 233
76 234
76 241
76 249
76 257
77 90
77 106
77 107
77 108
77 109
77 114
77 124
77 125
77 132
77 146
77 163
77 184
77 199
77 201
77 206
77 207
77 218
77 224
77 232
77 233
77 241
77 249
77 257
78 90
78 102
78 106
78 107
78 108
78 109
78 114
78 115
78 124
78 125
78 132
78 146
78 163
78 184
78 199
78 201
78 206
78 207
78 218
78 224
78 232
78 233
78 241
78 249
78 257
79 92
79 102
79 106
79 108
79 109
79 114
79 115
79 125
79 132
79 138
79 146
79 163
79 166
79 184
79 199
79 201
79 206
79 207
79 218
79 232
79 233
79 241
79 249
79 257
80 102
80 106
80 108
80 109
80 112
80 114
80 115
80 125
80 138
80 146
80 163
80 166
80 184
80 199
80 201
80 206
80 207
80 218
80 232
80 237
80 241
80 249
80 257
81 102
81 106
81 108
81 109
81 112
81 114
81 115
81 125
81 138
81 146
81 163
81 166
81 184
81 199
81 201
81 207
81 218
81 232
81 237
81 241
81 249
81 257
82 98
82 102
82 106
82 108
82 109
82 112
82 114
82 115
82 125
82 130
82 138
82 146
82 163
82 166
82 184
82 199
82 201
82 207
82 218
82 232
82 237
82 241
82 249
82 257
83 98
83 102
83 106
83 108
83 109
83 112
83 114
83 115
83 125
83 130
83 138
83 146
83 163
83 166
83 184
83 199
83 201
83 207
83 218
83 232
83 237
83 241
83 249
83 257
84 98
84 102
84 106
84 108
84 109
84 112
84 114
84 115
84 125
84 130
84 138
84 146
84 163
84 166
84 184
84 199
84 201
84 207
84 218
84 232
84 237
84 241
84 249
84 257
85 98
85 102
85 106
85 108
85 109
85 112
85 114
85 115
85 125
85 130
85 138
85 146
85 163
85 166
85 184
85 199
85 201
85 207
85 218
85 232
85 237
85 241
85 249
85 257
86 98
86 102
86 106
86 108
86 109
86 112
86 114
86 115
86 125
86 130
86 138
86 146
86 163
86 166
86 184
86 199
86 201
86 207
86 218
86 232
86 237
86 241
86 249
86 257
87 98
87 102
87 106
87 108
87 109
87 112
87 114
87 115
87 118
87 130
87 138
87 146
87 163
87 166
87 184
87 199
87 201
87 207
87 218
87 230
87 232
87 237
87 241
87 257
88 98
88 102
88 108
88 109
88 115
88 118
88 121
88 130
88 138
88 163
88 166
88 184
88 199
88 201
88 207
88 218
88 230
88 232
88 237
88 241
88 257
89 98
89 102
89 108
89 109
89 115
89 118
89 138
89 163
89 166
89 184
89 199
89 201
89 207
89 218
89 230
89 232
89 237
89 241
89 257
90 98
90 102
90 108
90 109
90 115
90 118
90 138
90 163
90 166
90 184
90 199
90 201
90 207
90 218
90 230
90 232
90 237
90 241
90 257
91 98
91 102
91 108
91 109
91 115
91 118
91 138
91 163
91 166
91 184
91 199
91 201
91 207
91 218
91 230
91 232
91 237
91 241
91 257
92 98
92 102
92 108
92 109
92 115
92 118
92 163
92 166
92 184
92 195
92 199
92 201
92 207
92 218
92 230
92 232
92 237
92 257
93 98
93 102
93 108
93 109
93 115
93 118
93 163
93 166
93 184
93 195
93 199
93 201
93 207
93 218
93 230
93 232
93 237
93 257
94 98
94 102
94 108
94 109
94 115
94 118
94 163
94 166
94 178
94 184
94 195
94 199
94 201
94 207
94 218
94 230
94 232
94 237
94 257
95 98
95 102
95 108
95 109
95 115
95 118
95 128
95 163
95 166
95 178
95 184
95 185
95 195
95 199
95 201
95 207
95 218
95 220
95 230
95 232
95 237
95 257
96 98
96 102
96 108
96 109
96 115
96 118
96 128
96 163
96 166
96 178
96 184
96 185
96 195
96 199
96 201
96 207
96 218
96 220
96 230
96 232
96 237
96 257
97 98
97 102
97 108
97 109
97 115
97 118
97 128
97 163
97 166
97 178
97 184
97 185
97 195
97 199
97 201
97 207
97 218
97 220
97 230
97 232
97 237
97 257
98 98
98 102
98 108
98 109
98 115
98 118
98 128
98 163
98 166
98 178
98 184
98 185
98 195
98 199
98 201
98 207
98 218
98 220
98 230
98 232
98 237
98 257
99 98
99 102
99 108
99 115
99 118
99 128
99 135
99 137
99 163
99 166
99 178
99 184
99 185
99 195
99 199
99 201
99 218
99 220
99 230
99 232
99 257
100 98
100 102
100 108
100 115
100 118
100 128
100 135
100 137
100 163
100 166
100 178
100 184
100 195
100 199
100 201
100 218
100 220
100 230
100 232
100 257
101 102
101 105
101 108
101 113
101 115
101 118
101 120
101 128
101 135
101 137
101 163
101 164
101 166
101 184
101 195
101 199
101 201
101 210
101 218
101 220
101 230
101 232
101 257
102 102
102 105
102 108
102 113
102 115
102 118
102 120
102 128
102 135
102 137
102 163
102 164
102 166
102 184
102 195
102 199
102 201
102 210
102 218
102 220
102 222
102 230
102 232
102 257
103 102
103 105
103 108
103 113
103 115
103 118
103 120
103 128
103 135
103 137
103 163
103 164
103 166
103 184
103 195
103 199
103 201
103 210
103 218
103 220
103 222
103 230
103 232
103 257
104 102
104 113
104 115
104 118
104 120
104 128
104 135
104 137
104 142
104 148
104 164
104 166
104 184
104 195
104 199
104 201
104 210
104 218
104 230
104 232
104 257
105 102
105 113
105 118
105 120
105 128
105 135
105 137
105 148
105 153
105 166
105 184
105 199
105 201
105 205
105 210
105 218
105 230
105 232
105 257
106 113
106 118
106 120
106 128
106 135
106 137
106 148
106 153
106 166
106 184
106 199
106 201
106 205
106 210
106 218
106 230
106 232
106 235
106 257
107 113
107 118
107 120
107 128
107 135
107 137
107 148
107 153
107 166
107 184
107 190
107 199
107 201
107 205
107 210
107 218
107 230
107 232
107 235
107 257
108 113
108 118
108 120
108 135
108 137
108 148
108 153
108 166
108 184
108 190
108 199
108 205
108 210
108 218
108 230
108 232
108 235
108 238
108 257
109 113
109 118
109 120
109 135
109 137
109 148
109 153
109 166
109 184
109 190
109 199
109 205
109 210
109 218
109 230
109 232
109 235
109 238
109 257
110 113
110 120
110 135
110 137
110 148
110 153
110 166
110 184
110 190
110 199
110 205
110 210
110 218
110 230
110 232
110 235
110 238
110 257
111 113
111 120
111 135
111 137
111 148
111 153
111 166
111 184
111 190
111 199
111 205
111 210
111 218
111 230
111 232
111 235
111 238
111 253
111 257
112 113
112 120
112 135
112 137
112 148
112 153
112 166
112 184
112 188
112 190
112 194
112 199
112 205
112 210
112 212
112 218
112 230
112 232
112 235
112 238
112 253
112 257
113 113
113 120
113 137
113 144
113 148
113 153
113 166
113 184
113 188
113 190
113 194
113 199
113 205
113 210
113 212
113 218
113 230
113 232
113 235
113 238
113 257
114 113
114 120
114 137
114 144
114 148
114 153
114 166
114 184
114 188
114 190
114 194
114 199
114 205
114 210
114 212
114 218
114 230
114 232
114 235
114 238
114 257
115 113
115 120
115 136
115 144
115 148
115 153
115 166
115 184
115 188
115 190
115 194
115 205
115 210
115 212
115 218
115 230
115 232
115 235
115 238
115 257
116 113
116 120
116 136
116 144
116 148
116 153
116 156
116 166
116 184
116 188
116 190
116 194
116 205
116 208
116 210
116 212
116 218
116 232
116 235
116 238
116 257
117 120
117 133
117 134
117 136
117 144
117 148
117 153
117 156
117 184
117 188
117 189
117 191
117 192
117 194
117 205
117 208
117 210
117 212
117 218
117 232
117 235
117 238
117 257
118 120
118 134
118 140
118 144
118 148
118 149
118 153
118 156
118 172
118 184
118 188
118 189
118 191
118 192
118 194
118 205
118 208
118 210
118 218
118 226
118 231
118 232
118 235
118 238
118 257
119 120
119 134
119 140
119 148
119 149
119 153
119 156
119 172
119 184
119 188
119 189
119 191
119 192
119 194
119 205
119 208
119 210
119 218
119 226
119 231
119 232
119 235
119 238
119 257
120 120
120 134
120 140
120 148
120 149
120 153
120 156
120 172
120 184
120 188
120 189
120 191
120 192
120 194
120 205
120 208
120 210
120 218
120 226
120 231
120 235
120 238
120 245
120 257
121 120
121 134
121 140
121 148
121 149
121 153
121 156
121 172
121 184
121 188
121 189
121 191
121 192
121 194
121 205
121 208
121 210
121 218
121 226
121 231
121 235
121 238
121 245
121 257
122 120
122 134
122 140
122 148
122 149
122 153
122 156
122 172
122 184
122 188
122 189
122 191
122 192
122 194
122 205
122 208
122 210
122 218
122 226
122 231
122 235
122 238
122 245
122 252
122 257
123 120
123 134
123 140
123 148
123 149
123 153
123 156
123 172
123 188
123 189
123 191
123 192
123 194
123 205
123 208
123 210
123 226
123 231
123 235
123 238
123 245
123 252
123 257
124 120
124 134
124 140
124 148
124 149
124 153
124 156
124 172
124 188
124 189
124 191
124 192
124 194
124 205
124 208
124 210
124 226
124 231
124 235
124 238
124 245
124 252
124 257
125 120
125 134
125 140
125 148
125 149
125 153
125 172
125 189
125 191
125 192
125 194
125 205
125 208
125 210
125 226
125 231
125 235
125 238
125 245
125 252
125 257
126 120
126 134
126 140
126 148
126 149
126 153
126 172
126 191
126 192
126 194
126 205
126 208
126 210
126 226
126 231
126 235
126 238
126 245
126 252
126 257
127 120
127 134
127 140
127 148
127 149
127 153
127 172
127 191
127 192
127 194
127 205
127 208
127 210
127 226
127 231
127 235
127 238
127 245
127 252
127 257
128 120
128 134
128 140
128 148
128 153
128 172
128 191
128 192
128 205
128 208
128 210
128 231
128 235
128 238
128 240
128 244
128 245
128 252
128 257
129 120
129 134
129 140
129 148
129 153
129 172
129 191
129 192
129 205
129 208
129 210
129 231
129 235
129 238
129 240
129 244
129 245
129 252
129 257
130 120
130 134
130 140
130 148
130 153
130 191
130 192
130 205
130 208
130 231
130 235
130 240
130 244
130 245
130 252
131 120
131 134
131 140
131 148
131 153
131 191
131 192
131 205
131 208
131 231
131 235
131 240
131 244
131 245
131 252
132 120
132 134
132 140
132 153
132 191
132 192
132 205
132 208
132 231
132 235
132 240
132 244
132 245
132 252
133 120
133 134
133 140
133 153
133 191
133 192
133 205
133 208
133 231
133 235
133 240
133 244
133 252
134 120
134 134
134 140
134 153
134 191
134 192
134 205
134 208
134 231
134 235
134 240
134 244
134 252
135 120
135 134
135 140
135 153
135 177
135 191
135 192
135 205
135 208
135 231
135 235
135 240
135 244
135 252
136 120
136 134
136 140
136 153
136 177
136 192
136 205
136 208
136 231
136 235
136 240
136 244
136 252
137 120
137 134
137 140
137 153
137 162
137 177
137 192
137 208
137 231
137 240
137 244
137 246
137 252
138 120
138 134
138 140
138 162
138 177
138 192
138 208
138 231
138 244
138 246
138 252
139 120
139 140
139 162
139 177
139 192
139 208
139 231
139 244
139 246
139 252
140 120
140 140
140 162
140 177
140 192
140 208
140 219
140 231
140 244
140 246
140 252
141 120
141 140
141 162
141 177
141 192
141 208
141 219
141 231
141 244
141 246
141 252
142 120
142 140
142 162
142 177
142 192
142 208
142 219
142 231
142 244
142 246
142 252
143 120
143 140
143 151
143 162
143 177
143 192
143 208
143 219
143 231
143 244
143 246
143 252
144 120
144 140
144 151
144 162
144 177
144 192
144 208
144 219
144 225
144 231
144 244
144 246
145 140
145 151
145 162
145 177
145 192
145 208
145 219
145 225
145 231
145 244
145 246
145 262
146 140
146 151
146 162
146 177
146 192
146 208
146 219
146 225
146 231
146 244
146 262
147 140
147 151
147 157
147 162
147 177
147 192
147 208
147 219
147 225
147 231
147 244
147 262
148 140
148 151
148 155
148 157
148 162
148 177
148 208
148 219
148 225
148 231
148 244
148 262
149 140
149 155
149 157
149 177
149 187
149 193
149 208
149 214
149 219
149 225
149 231
149 242
149 244
149 262
150 140
150 155
150 157
150 177
150 187
150 193
150 208
150 214
150 219
150 225
150 231
150 242
150 244
150 262
151 140
151 155
151 157
151 177
151 187
151 193
151 208
151 214
151 219
151 225
151 231
151 242
151 262
152 155
152 177
152 193
152 209
152 214
152 219
152 225
152 231
152 242
152 258
152 262
153 155
153 177
153 193
153 209
153 214
153 219
153 225
153 231
153 242
153 258
153 262
154 155
154 177
154 193
154 209
154 214
154 225
154 231
154 242
154 258
154 262
155 155
155 177
155 193
155 209
155 214
155 225
155 231
155 242
155 258
155 262
156 155
156 177
156 193
156 209
156 214
156 225
156 231
156 242
156 258
156 262
157 155
157 177
157 193
157 209
157 214
157 225
157 231
157 242
157 258
157 262
158 155
158 177
158 193
158 209
158 214
158 225
158 231
158 242
158 258
158 262
159 155
159 177
159 193
159 209
159 225
159 231
159 242
159 247
159 258
159 262
160 155
160 177
160 193
160 225
160 231
160 242
160 247
160 258
160 262
161 155
161 177
161 193
161 225
161 231
161 242
161 247
161 258
161 262
162 155
162 174
162 177
162 193
162 225
162 242
162 247
162 258
162 262
163 174
163 177
163 193
163 225
163 242
163 247
163 258
163 262
164 174
164 177
164 225
164 242
164 247
164 258
164 262
165 174
165 177
165 225
165 242
165 247
165 258
165 262
166 174
166 177
166 198
166 225
166 242
166 247
166 258
166 262
167 174
167 177
167 198
167 225
167 242
167 247
167 258
167 262
168 174
168 177
168 198
168 225
168 236
168 242
168 247
168 258
168 262
169 174
169 177
169 198
169 225
169 236
169 242
169 247
169 258
169 262
170 174
170 177
170 198
170 225
170 236
170 242
170 247
170 258
170 262
171 177
171 198
171 225
171 236
171 258
171 262
172 177
172 198
172 225
172 236
172 258
172 262
173 177
173 198
173 225
173 236
173 258
173 262
174 177
174 198
174 225
174 236
174 258
174 262
175 198
175 225
175 236
175 258
175 262
176 198
176 225
176 236
176 258
176 262
177 198
177 225
177 236
177 250
177 258
177 262
178 198
178 225
178 236
178 250
178 258
178 262
179 198
179 225
179 236
179 250
179 258
179 262
180 198
180 225
180 236
180 250
180 258
180 262
181 198
181 225
181 236
181 250
181 258
181 262
182 198
182 225
182 236
182 250
182 258
182 262
183 198
183 225
183 236
183 250
183 258
183 262
184 198
184 225
184 236
184 258
184 262
185 198
185 216
185 225
185 236
185 258
185 262
186 198
186 216
186 225
186 236
186 258
186 262
187 198
187 216
187 225
187 236
187 256
187 258
187 262
188 198
188 216
188 225
188 236
188 256
188 258
188 262
189 198
189 216
189 225
189 236
189 256
189 258
189 262
190 198
190 216
190 225
190 236
190 256
190 258
190 262
191 198
191 216
191 225
191 236
191 256
191 258
191 262
192 198
192 216
192 225
192 236
192 256
192 258
192 262
193 198
193 216
193 225
193 236
193 256
193 258
193 262
194 198
194 216
194 225
194 236
194 256
194 258
194 262
195 198
195 216
195 217
195 225
195 236
195 256
195 258
195 262
196 198
196 216
196 217
196 225
196 236
196 256
196 258
196 262
197 198
197 216
197 217
197 225
197 236
197 256
197 258
197 262
198 198
198 216
198 217
198 225
198 236
198 256
198 258
198 262
199 198
199 216
199 217
199 225
199 236
199 256
199 258
199 262
200 198
200 216
200 217
200 225
200 236
200 256
200 258
200 262
201 198
201 216
201 217
201 243
201 256
201 258
202 198
202 216
202 217
202 243
202 256
202 258
203 243
203 256
203 258
203 261
204 243
204 256
204 258
204 261
205 243
205 256
205 258
205 261
206 243
206 256
206 258
206 261
207 243
207 256
207 258
207 261
208 239
208 243
208 258
208 261
209 243
209 258
209 261
210 243
210 258
210 261
211 229
211 243
211 258
211 261
212 229
212 243
212 258
212 261
213 229
213 243
213 258
213 261
214 229
214 243
214 258
214 261
215 229
215 243
215 258
215 261
216 229
216 243
216 258
216 261
217 229
217 243
217 258
217 261
218 229
218 243
218 258
218 261
219 229
219 243
219 258
219 261
220 229
220 243
220 258
220 261
221 229
221 243
221 258
221 261
222 229
222 243
222 258
222 261
223 229
223 243
223 258
223 261
224 229
224 243
224 261
225 229
225 243
225 260
225 261
226 229
226 243
226 259
226 260
226 261
227 229
227 243
227 259
227 260
228 229
228 243
228 259
228 260
229 229
229 243
229 259
229 260
230 243
230 259
230 260
231 243
231 259
231 260
232 243
232 259
232 260
233 243
233 259
233 260
234 243
234 259
234 260
235 243
235 259
235 260
236 243
236 259
236 260
237 243
237 259
237 260
238 243
238 260
239 243
239 260
240 243
240 260
241 243
241 260
242 248
243 248
244 248
