0 5
0 31
0 40
0 48
0 98
0 111
0 196
0 227
1 2
1 4
1 16
1 17
1 31
1 40
1 46
1 48
1 80
1 90
1 98
1 111
1 118
1 120
1 196
1 227
2 14
2 17
2 31
2 35
2 40
2 48
2 49
2 54
2 62
2 65
2 80
2 90
2 98
2 111
2 117
2 118
2 158
2 196
2 227
3 11
3 17
3 31
3 35
3 40
3 49
3 54
3 62
3 65
3 80
3 90
3 98
3 111
3 117
3 118
3 158
3 196
3 227
4 7
4 9
4 44
4 52
4 65
4 73
4 78
4 84
4 87
4 88
4 90
4 98
4 111
4 117
4 118
4 126
4 158
4 175
4 178
4 196
4 227
4 237
5 7
5 34
5 44
5 52
5 55
5 65
5 78
5 84
5 87
5 88
5 90
5 98
5 111
5 117
5 118
5 126
5 158
5 175
5 178
5 196
5 227
5 237
6 45
6 50
6 52
6 55
6 78
6 84
6 87
6 88
6 90
6 98
6 111
6 117
6 118
6 126
6 158
6 175
6 178
6 227
6 237
7 21
7 23
7 27
7 45
7 50
7 52
7 55
7 78
7 84
7 87
7 88
7 98
7 111
7 117
7 118
7 126
7 142
7 154
7 158
7 165
7 175
7 217
7 227
7 232
7 237
8 45
8 55
8 75
8 78
8 87
8 98
8 111
8 117
8 118
8 126
8 142
8 154
8 158
8 161
8 165
8 217
8 227
8 232
8 237
8 261
9 15
9 45
9 55
9 67
9 75
9 78
9 87
9 98
9 111
9 117
9 118
9 126
9 142
9 154
9 158
9 161
9 165
9 217
9 227
9 232
9 237
9 261
10 15
10 45
10 55
10 67
10 75
10 78
10 87
10 98
10 111
10 117
10 118
10 126
10 142
10 154
10 158
10 161
10 165
10 217
10 227
10 232
10 261
11 15
11 18
11 25
11 45
11 67
11 75
11 78
11 87
11 95
11 111
11 115
11 117
11 118
11 126
11 142
11 154
11 158
11 161
11 165
11 217
11 227
11 232
11 261
12 18
12 25
12 45
12 67
12 75
12 78
12 87
12 95
12 111
12 115
12 117
12 118
12 126
12 142
12 154
12 158
12 161
12 165
12 217
12 227
12 232
12 261
13 18
13 25
13 45
13 67
13 75
13 78
13 87
13 95
13 111
13 115
13 117
13 118
13 126
13 142
13 154
13 158
13 161
13 165
13 217
13 227
13 232
13 261
14 18
14 25
14 45
14 67
14 75
14 78
14 87
14 95
14 115
14 117
14 118
14 126
14 142
14 154
14 158
14 161
14 165
14 217
14 227
14 232
14 261
15 18
15 45
15 67
15 75
15 78
15 87
15 95
15 115
15 117
15 118
15 126
15 142
15 154
15 158
15 161
15 165
15 217
15 261
16 28
16 30
16 45
16 67
16 75
16 78
16 87
16 95
16 115
16 117
16 118
16 126
16 142
16 154
16 158
16 161
16 165
16 217
16 261
17 28
17 30
17 45
17 67
17 75
17 78
17 87
17 95
17 115
17 117
17 118
17 126
17 142
17 154
17 158
17 161
17 165
17 217
17 261
18 28
18 30
18 45
18 67
18 75
18 78
18 87
18 95
18 115
18 117
18 118
18 126
18 142
18 154
18 158
18 161
18 165
18 217
18 261
19 39
19 67
19 78
19 87
19 94
19 95
19 115
19 117
19 118
19 126
19 142
19 154
19 158
19 161
19 165
19 185
19 205
19 217
19 261
20 39
20 67
20 87
20 94
20 95
20 115
20 117
20 118
20 126
20 142
20 154
20 158
20 161
20 165
20 185
20 205
20 217
20 261
21 39
21 67
21 87
21 94
21 95
21 115
21 117
21 118
21 126
21 142
21 154
21 158
21 161
21 165
21 185
21 205
21 217
21 261
22 39
22 67
22 87
22 94
22 95
22 115
22 117
22 118
22 126
22 142
22 154
22 158
22 161
22 165
22 185
22 205
22 217
22 261
23 39
23 67
23 87
23 94
23 95
23 115
23 117
23 118
23 126
23 142
23 154
23 158
23 161
23 165
23 185
23 205
23 217
23 261
24 39
24 67
24 94
24 115
24 117
24 126
24 142
24 154
24 158
24 161
24 165
24 185
24 217
24 261
25 37
25 67
25 83
25 94
25 115
25 117
25 126
25 141
25 142
25 154
25 158
25 161
25 165
25 185
25 217
25 261
26 33
26 37
26 67
26 83
26 94
26 115
26 117
26 126
26 141
26 142
26 143
26 154
26 161
26 165
26 185
26 217
26 261
27 33
27 67
27 83
27 94
27 117
27 126
27 141
27 143
27 154
27 161
27 165
27 185
27 217
27 261
28 33
28 67
28 83
28 94
28 117
28 126
28 143
28 154
28 161
28 165
28 185
28 217
28 242
28 261
29 33
29 67
29 83
29 94
29 117
29 126
29 143
29 154
29 161
29 165
29 185
29 217
29 242
29 261
30 33
30 42
30 67
30 83
30 94
30 117
30 126
30 143
30 154
30 161
30 165
30 185
30 217
30 242
30 261
31 36
31 67
31 83
31 94
31 117
31 126
31 143
31 154
31 161
31 165
31 185
31 217
31 242
31 261
32 36
32 67
32 83
32 94
32 117
32 126
32 143
32 154
32 160
32 161
32 165
32 185
32 200
32 217
32 242
32 261
33 36
33 41
33 67
33 82
33 83
33 94
33 117
33 126
33 129
33 143
33 154
33 160
33 161
33 165
33 185
33 200
33 217
33 225
33 242
33 261
34 36
34 41
34 67
34 82
34 83
34 94
34 117
34 126
34 129
34 143
34 154
34 160
34 161
34 165
34 185
34 200
34 217
34 225
34 242
34 261
35 36
35 41
35 67
35 82
35 83
35 94
35 117
35 126
35 129
35 143
35 154
35 160
35 161
35 165
35 185
35 200
35 217
35 225
35 242
35 261
36 41
36 56
36 57
36 67
36 82
36 83
36 94
36 117
36 129
36 143
36 154
36 160
36 161
36 165
36 185
36 195
36 217
36 225
36 242
36 247
36 261
37 41
37 56
37 57
37 67
37 83
37 94
37 117
37 129
37 136
37 143
37 154
37 160
37 161
37 165
37 185
37 195
37 217
37 220
37 225
37 242
37 247
37 261
38 41
38 56
38 57
38 67
38 94
38 117
38 129
38 136
38 143
38 154
38 160
38 161
38 185
38 195
38 217
38 220
38 225
38 242
38 247
38 261
39 41
39 56
39 57
39 67
39 94
39 117
39 129
39 136
39 143
39 154
39 160
39 161
39 185
39 195
39 217
39 220
39 225
39 242
39 247
39 261
40 41
40 56
40 57
40 67
40 94
40 117
40 129
40 136
40 143
40 154
40 160
40 161
40 185
40 195
40 217
40 220
40 225
40 242
40 247
40 261
41 41
41 56
41 57
41 67
41 94
41 117
41 129
41 136
41 143
41 154
41 160
41 161
41 185
41 195
41 217
41 220
41 225
41 242
41 247
41 261
42 41
42 56
42 57
42 67
42 94
42 117
42 129
42 136
42 143
42 154
42 160
42 161
42 185
42 195
42 217
42 220
42 225
42 242
42 247
42 261
43 41
43 56
43 57
43 67
43 94
43 117
43 129
43 136
43 143
43 154
43 160
43 161
43 185
43 195
43 217
43 220
43 225
43 242
43 247
43 261
44 57
44 58
44 94
44 117
44 136
44 143
44 154
44 160
44 161
44 170
44 185
44 195
44 217
44 220
44 225
44 261
45 51
45 57
45 58
45 59
45 94
45 114
45 117
45 136
45 143
45 154
45 160
45 161
45 170
45 185
45 217
45 220
45 261
46 51
46 57
46 58
46 59
46 94
46 114
46 117
46 136
46 143
46 154
46 160
46 161
46 170
46 185
46 217
46 220
46 261
47 51
47 57
47 58
47 59
47 94
47 114
47 117
47 136
47 143
47 154
47 160
47 161
47 170
47 185
47 217
47 220
47 261
48 51
48 57
48 58
48 59
48 68
48 72
48 94
48 114
48 117
48 136
48 143
48 154
48 160
48 161
48 170
48 185
48 217
48 220
48 249
48 261
49 51
49 57
49 58
49 59
49 64
49 68
49 72
49 94
49 114
49 136
49 143
49 154
49 160
49 161
49 170
49 185
49 217
49 220
49 249
49 261
50 57
50 58
50 59
50 64
50 68
50 72
50 94
50 114
50 136
50 143
50 154
50 160
50 161
50 170
50 185
50 217
50 220
50 249
50 261
51 58
51 59
51 74
51 76
51 77
51 79
51 97
51 114
51 136
51 143
51 161
51 170
51 185
51 189
51 213
51 217
51 220
51 243
51 249
51 261
52 58
52 59
52 74
52 76
52 77
52 97
52 109
52 114
52 136
52 143
52 161
52 170
52 185
52 189
52 213
52 217
52 220
52 243
52 249
52 261
53 58
53 59
53 60
53 69
53 74
53 76
53 77
53 97
53 109
53 114
53 136
53 143
53 161
53 170
53 185
53 189
53 213
53 217
53 220
53 243
53 249
53 261
54 58
54 59
54 60
54 69
54 74
54 76
54 77
54 97
54 109
54 114
54 136
54 143
54 161
54 166
54 170
54 185
54 189
54 213
54 217
54 220
54 243
54 249
54 261
55 58
55 59
55 60
55 74
55 76
55 77
55 97
55 99
55 109
55 114
55 136
55 143
55 161
55 166
55 170
55 185
55 189
55 213
55 217
55 220
55 243
55 249
55 261
56 58
56 59
56 60
56 76
56 77
56 97
56 99
56 109
56 112
56 114
56 136
56 143
56 149
56 161
56 166
56 170
56 185
56 189
56 217
56 220
56 243
56 249
56 261
57 58
57 59
57 60
57 63
57 76
57 77
57 97
57 99
57 109
57 112
57 114
57 136
57 143
57 149
57 161
57 166
57 170
57 185
57 189
57 217
57 243
57 249
57 261
58 59
58 60
58 63
58 70
58 76
58 77
58 97
58 99
58 103
58 109
58 112
58 114
58 136
58 143
58 149
58 161
58 166
58 170
58 185
58 189
58 217
58 243
58 249
58 261
59 59
59 60
59 63
59 66
59 70
59 77
59 97
59 103
59 112
59 136
59 143
59 149
59 156
59 161
59 169
59 170
59 185
59 189
59 217
59 241
59 243
59 249
59 261
60 59
60 60
60 66
60 70
60 77
60 97
60 103
60 112
60 124
60 136
60 143
60 149
60 156
60 161
60 169
60 170
60 185
60 189
60 211
60 217
60 241
60 243
60 249
60 261
61 59
61 60
61 66
61 70
61 77
61 97
61 103
61 124
61 136
61 143
61 149
61 156
61 161
61 169
61 170
61 185
61 189
61 211
61 217
61 241
61 243
61 261
62 70
62 77
62 97
62 103
62 124
62 136
62 143
62 149
62 156
62 161
62 169
62 170
62 185
62 189
62 211
62 217
62 241
62 243
62 261
63 70
63 77
63 97
63 103
63 124
63 136
63 143
63 149
63 156
63 161
63 169
63 170
63 185
63 189
63 211
63 217
63 241
63 243
63 261
64 70
64 77
64 97
64 103
64 124
64 136
64 143
64 149
64 156
64 161
64 169
64 170
64 185
64 189
64 211
64 217
64 241
64 243
64 261
65 103
65 124
65 136
65 143
65 149
65 156
65 161
65 169
65 170
65 185
65 189
65 217
65 241
65 243
65 261
66 124
66 136
66 143
66 149
66 156
66 161
66 169
66 170
66 185
66 189
66 217
66 241
66 243
66 261
67 124
67 136
67 143
67 149
67 156
67 161
67 169
67 170
67 185
67 189
67 217
67 241
67 243
67 261
68 124
68 136
68 143
68 149
68 153
68 156
68 161
68 169
68 170
68 185
68 189
68 217
68 241
68 243
68 261
69 124
69 136
69 143
69 149
69 153
69 156
69 161
69 169
69 170
69 185
69 189
69 217
69 241
69 243
69 261
70 86
70 124
70 136
70 143
70 149
70 153
70 156
70 161
70 169
70 170
70 185
70 189
70 217
70 241
70 243
70 261
71 86
71 124
71 136
71 143
71 149
71 153
71 156
71 161
71 169
71 170
71 185
71 189
71 217
71 241
71 243
71 261
72 85
72 86
72 124
72 136
72 143
72 149
72 153
72 156
72 161
72 169
72 170
72 185
72 189
72 217
72 226
72 241
72 243
72 261
73 85
73 86
73 100
73 124
73 136
73 143
73 149
73 153
73 156
73 161
73 169
73 170
73 185
73 189
73 217
73 226
73 241
73 243
73 261
74 85
74 86
74 93
74 100
74 106
74 124
74 136
74 143
74 149
74 153
74 156
74 161
74 169
74 170
74 185
74 189
74 217
74 226
74 235
74 241
74 243
74 261
75 85
75 86
75 89
75 93
75 106
75 136
75 143
75 149
75 153
75 156
75 161
75 169
75 170
75 171
75 185
75 189
75 217
75 226
75 235
75 241
75 243
75 261
76 85
76 86
76 89
76 93
76 106
76 136
76 143
76 149
76 153
76 156
76 161
76 169
76 170
76 171
76 182
76 185
76 189
76 217
76 226
76 235
76 241
76 243
76 261
77 85
77 89
77 93
77 106
77 108
77 136
77 143
77 149
77 153
77 156
77 161
77 169
77 170
77 171
77 182
77 185
77 189
77 194
77 217
77 226
77 235
77 241
77 243
77 261
78 85
78 93
78 106
78 108
78 136
78 143
78 149
78 153
78 156
78 161
78 169
78 170
78 171
78 182
78 185
78 189
78 194
78 217
78 226
78 235
78 241
78 243
78 261
79 85
79 93
79 106
79 108
79 136
79 143
79 149
79 153
79 156
79 169
79 170
79 171
79 182
79 185
79 194
79 226
79 235
79 241
79 243
79 261
80 85
80 93
80 106
80 108
80 136
80 143
80 149
80 153
80 156
80 169
80 170
80 171
80 182
80 185
80 194
80 226
80 235
80 241
80 243
80 253
80 261
81 85
81 93
81 108
81 116
81 122
81 136
81 143
81 149
81 153
81 156
81 169
81 170
81 171
81 182
81 185
81 194
81 226
81 235
81 243
81 253
82 85
82 93
82 108
82 116
82 122
82 136
82 143
82 149
82 153
82 156
82 169
82 170
82 171
82 182
82 185
82 194
82 226
82 235
82 243
82 253
83 85
83 93
83 108
83 116
83 122
83 136
83 143
83 149
83 153
83 156
83 169
83 170
83 171
83 182
83 185
83 194
83 226
83 235
83 243
83 253
84 85
84 93
84 108
84 116
84 119
84 122
84 136
84 143
84 144
84 149
84 153
84 156
84 169
84 170
84 171
84 180
84 182
84 185
84 194
84 226
84 235
84 243
84 253
85 85
85 93
85 108
85 116
85 119
85 122
85 136
85 143
85 144
85 149
85 153
85 156
85 169
85 171
85 180
85 182
85 185
85 194
85 226
85 235
85 243
85 253
86 93
86 101
86 108
86 116
86 119
86 122
86 130
86 136
86 144
86 149
86 153
86 156
86 169
86 171
86 180
86 182
86 185
86 194
86 235
86 243
86 253
87 93
87 101
87 108
87 116
87 119
87 122
87 130
87 136
87 144
87 153
87 156
87 169
87 171
87 173
87 180
87 182
87 185
87 194
87 235
87 253
88 93
88 101
88 108
88 116
88 119
88 122
88 130
88 136
88 144
88 153
88 156
88 169
88 171
88 173
88 180
88 182
88 185
88 194
88 235
88 253
89 93
89 101
89 108
89 116
89 119
89 122
89 136
89 144
89 153
89 156
89 169
89 171
89 173
89 180
89 182
89 184
89 185
89 194
89 235
89 236
89 253
90 91
90 93
90 101
90 108
90 116
90 119
90 122
90 136
90 144
90 146
90 153
90 156
90 169
90 171
90 173
90 180
90 184
90 185
90 194
90 235
90 236
90 253
91 91
91 102
91 108
91 116
91 119
91 122
91 136
91 144
91 146
91 167
91 169
91 171
91 173
91 180
91 184
91 185
91 187
91 194
91 253
91 259
92 102
92 107
92 108
92 116
92 119
92 122
92 136
92 144
92 146
92 167
92 169
92 171
92 173
92 180
92 184
92 185
92 187
92 194
92 253
92 259
93 102
93 107
93 108
93 116
93 119
93 122
93 136
93 144
93 146
93 167
93 169
93 171
93 173
93 180
93 184
93 185
93 187
93 253
93 259
94 102
94 107
94 108
94 116
94 119
94 122
94 136
94 144
94 146
94 167
94 169
94 171
94 173
94 180
94 184
94 185
94 187
94 253
94 259
95 102
95 107
95 108
95 116
95 119
95 136
95 144
95 146
95 167
95 169
95 171
95 173
95 180
95 184
95 185
95 187
95 197
95 253
95 259
96 102
96 104
96 107
96 108
96 113
96 116
96 119
96 136
96 144
96 146
96 167
96 169
96 171
96 173
96 180
96 183
96 184
96 185
96 187
96 197
96 253
96 259
97 104
97 107
97 108
97 110
97 113
97 116
97 119
97 127
97 136
97 144
97 146
97 167
97 169
97 171
97 173
97 180
97 183
97 185
97 187
97 197
97 234
97 253
97 259
98 104
98 107
98 113
98 116
98 119
98 127
98 136
98 144
98 146
98 168
98 169
98 171
98 173
98 180
98 183
98 185
98 187
98 197
98 234
98 253
98 259
99 104
99 107
99 113
99 116
99 119
99 127
99 136
99 144
99 146
99 168
99 169
99 171
99 173
99 180
99 183
99 185
99 187
99 197
99 234
99 253
99 259
100 104
100 107
100 113
100 116
100 119
100 127
100 136
100 144
100 146
100 168
100 169
100 171
100 173
100 180
100 183
100 185
100 187
100 197
100 234
100 253
100 259
101 104
101 107
101 113
101 116
101 119
101 127
101 136
101 144
101 146
101 168
101 169
101 171
101 173
101 180
101 183
101 185
101 187
101 197
101 234
101 253
101 259
102 104
102 107
102 113
102 119
102 127
102 144
102 146
102 168
102 169
102 171
102 173
102 180
102 183
102 185
102 187
102 197
102 234
102 253
102 259
103 104
103 107
103 113
103 119
103 123
103 127
103 144
103 146
103 168
103 169
103 171
103 173
103 180
103 183
103 185
103 187
103 197
103 234
103 253
103 259
104 104
104 107
104 113
104 119
104 123
104 127
104 144
104 146
104 147
104 148
104 168
104 169
104 171
104 173
104 180
104 183
104 185
104 187
104 197
104 218
104 234
104 253
104 259
105 104
105 107
105 113
105 119
105 123
105 127
105 132
105 144
105 146
105 147
105 148
105 168
105 169
105 171
105 173
105 180
105 183
105 185
105 187
105 197
105 218
105 228
105 253
105 259
106 104
106 107
106 113
106 119
106 123
106 127
106 132
106 144
106 146
106 147
106 148
106 168
106 171
106 180
106 183
106 185
106 187
106 197
106 199
106 218
106 228
106 253
106 259
107 113
107 119
107 123
107 127
107 132
107 144
107 146
107 147
107 148
107 168
107 171
107 180
107 183
107 185
107 187
107 197
107 199
107 206
107 228
107 253
107 259
108 113
108 119
108 123
108 127
108 132
108 144
108 146
108 147
108 148
108 168
108 171
108 180
108 183
108 185
108 187
108 197
108 199
108 206
108 228
108 253
108 259
109 113
109 119
109 123
109 127
109 132
109 144
109 146
109 147
109 148
109 168
109 171
109 180
109 183
109 185
109 187
109 197
109 199
109 206
109 228
109 253
109 259
110 113
110 119
110 123
110 127
110 132
110 144
110 146
110 147
110 148
110 168
110 171
110 180
110 183
110 185
110 187
110 197
110 199
110 206
110 228
110 253
110 259
111 113
111 119
111 123
111 127
111 132
111 146
111 147
111 148
111 168
111 171
111 180
111 183
111 185
111 187
111 197
111 199
111 206
111 228
111 253
111 259
112 113
112 119
112 127
112 132
112 145
112 147
112 148
112 168
112 171
112 180
112 183
112 197
112 199
112 202
112 206
112 228
112 253
112 259
113 113
113 119
113 121
113 127
113 132
113 135
113 145
113 147
113 148
113 168
113 171
113 180
113 183
113 197
113 199
113 202
113 206
113 228
113 253
113 259
114 119
114 121
114 127
114 135
114 138
114 145
114 147
114 168
114 171
114 180
114 183
114 197
114 199
114 202
114 206
114 208
114 228
114 240
114 253
114 259
115 119
115 121
115 127
115 128
115 135
115 137
115 138
115 145
115 147
115 168
115 171
115 180
115 183
115 193
115 197
115 202
115 206
115 208
115 228
115 240
115 253
115 259
116 119
116 128
116 135
116 137
116 138
116 145
116 147
116 168
116 180
116 183
116 193
116 197
116 202
116 206
116 228
116 240
116 245
116 253
116 259
117 119
117 128
117 135
117 137
117 138
117 145
117 147
117 168
117 180
117 183
117 193
117 197
117 202
117 206
117 224
117 228
117 240
117 245
117 253
117 259
118 119
118 128
118 135
118 137
118 138
118 145
118 147
118 168
118 180
118 183
118 193
118 197
118 202
118 206
118 224
118 228
118 240
118 245
118 253
118 259
119 128
119 133
119 135
119 137
119 138
119 145
119 147
119 168
119 180
119 183
119 186
119 191
119 193
119 197
119 202
119 206
119 224
119 228
119 239
119 240
119 259
120 128
120 133
120 135
120 137
120 145
120 147
120 157
120 168
120 180
120 183
120 186
120 193
120 197
120 202
120 206
120 219
120 224
120 228
120 239
120 240
120 259
121 128
121 133
121 135
121 137
121 145
121 147
121 157
121 168
121 180
121 183
121 186
121 193
121 197
121 202
121 206
121 207
121 219
121 224
121 228
121 239
121 240
121 259
122 128
122 135
122 137
122 145
122 147
122 157
122 168
122 180
122 183
122 186
122 193
122 197
122 202
122 206
122 219
122 228
122 239
122 240
122 259
123 135
123 137
123 147
123 152
123 157
123 168
123 180
123 183
123 186
123 193
123 197
123 202
123 206
123 219
123 228
123 239
123 240
123 259
124 135
124 147
124 152
124 157
124 168
124 179
124 180
124 183
124 186
124 197
124 202
124 206
124 219
124 228
124 239
124 240
124 259
125 135
125 147
125 157
125 168
125 179
125 183
125 186
125 197
125 202
125 206
125 219
125 228
125 239
125 240
125 259
126 135
126 147
126 168
126 179
126 183
126 186
126 188
126 197
126 201
126 202
126 206
126 219
126 228
126 239
126 240
126 259
127 135
127 147
127 168
127 179
127 183
127 186
127 188
127 197
127 201
127 202
127 206
127 219
127 228
127 239
127 240
127 259
128 168
128 179
128 186
128 197
128 201
128 202
128 206
128 219
128 228
128 239
128 240
128 259
129 168
129 186
129 197
129 198
129 201
129 202
129 206
129 219
129 228
129 239
129 240
129 259
130 168
130 186
130 197
130 198
130 201
130 202
130 206
130 219
130 228
130 239
130 240
130 259
131 139
131 168
131 186
131 197
131 198
131 201
131 202
131 206
131 214
131 219
131 228
131 240
131 259
131 262
132 139
132 168
132 186
132 197
132 198
132 201
132 202
132 206
132 214
132 219
132 228
132 240
132 259
132 262
133 168
133 177
133 186
133 197
133 198
133 201
133 202
133 206
133 210
133 214
133 219
133 228
133 231
133 240
133 259
133 262
134 150
134 177
134 186
134 197
134 198
134 201
134 202
134 206
134 214
134 228
134 231
134 240
134 259
134 262
135 150
135 177
135 197
135 198
135 201
135 202
135 206
135 214
135 228
135 231
135 240
135 259
135 262
136 150
136 151
136 164
136 176
136 177
136 197
136 202
136 206
136 214
136 216
136 231
136 240
136 248
136 251
136 259
136 262
137 150
137 151
137 164
137 176
137 177
137 197
137 202
137 206
137 214
137 216
137 231
137 240
137 248
137 251
137 259
137 262
138 150
138 151
138 164
138 176
138 177
138 197
138 202
138 206
138 214
138 216
138 231
138 240
138 248
138 251
138 259
138 262
139 150
139 151
139 164
139 176
139 177
139 197
139 202
139 206
139 214
139 216
139 231
139 240
139 248
139 251
139 259
139 262
140 150
140 151
140 159
140 164
140 176
140 177
140 197
140 214
140 216
140 231
140 248
140 251
140 255
140 259
140 262
141 150
141 151
141 159
141 164
141 176
141 177
141 197
141 214
141 231
141 248
141 251
141 255
141 259
141 262
142 150
142 151
142 164
142 176
142 177
142 197
142 214
142 231
142 248
142 251
142 255
142 259
142 262
143 150
143 151
143 164
143 176
143 177
143 197
143 214
143 231
143 248
143 251
143 255
143 259
143 262
144 162
144 164
144 176
144 177
144 197
144 214
144 231
144 248
144 251
144 255
144 259
144 262
145 162
145 164
145 176
145 177
145 197
145 203
145 214
145 231
145 248
145 251
145 255
145 259
145 262
146 162
146 164
146 176
146 177
146 197
146 214
146 231
146 238
146 248
146 251
146 255
146 259
146 262
147 162
147 163
147 164
147 176
147 177
147 197
147 214
147 231
147 238
147 248
147 251
147 255
147 259
147 262
148 162
148 163
148 164
148 176
148 177
148 181
148 214
148 238
148 248
148 251
148 255
148 259
148 262
149 162
149 163
149 176
149 177
149 181
149 214
149 238
149 248
149 251
149 255
149 259
149 262
150 162
150 163
150 176
150 181
150 214
150 229
150 238
150 248
150 251
150 255
150 257
150 259
151 162
151 163
151 176
151 181
151 214
151 229
151 238
151 248
151 251
151 255
151 257
151 259
152 162
152 163
152 176
152 181
152 214
152 229
152 238
152 248
152 251
152 255
152 257
152 259
153 162
153 163
153 181
153 192
153 214
153 229
153 238
153 248
153 251
153 255
153 257
153 259
154 162
154 163
154 181
154 192
154 214
154 229
154 248
154 251
154 255
154 257
154 259
155 162
155 163
155 181
155 192
155 214
155 229
155 248
155 251
155 255
155 257
155 259
156 162
156 163
156 192
156 204
156 212
156 214
156 229
156 248
156 251
156 255
156 259
157 162
157 163
157 192
157 204
157 214
157 229
157 248
157 251
157 255
157 259
158 162
158 163
158 204
158 214
158 229
158 248
158 251
158 255
158 259
159 162
159 163
159 204
159 214
159 229
159 248
159 251
159 255
159 259
160 162
160 163
160 204
160 214
160 229
160 248
160 251
160 255
160 259
161 162
161 163
161 190
161 204
161 214
161 229
161 248
161 251
161 255
161 259
162 162
162 163
162 190
162 204
162 214
162 229
162 248
162 251
162 255
162 259
163 162
163 163
163 190
163 204
163 214
163 229
163 248
163 251
163 255
163 259
164 162
164 163
164 190
164 204
164 214
164 229
164 248
164 251
164 252
164 255
164 259
165 162
165 163
165 190
165 204
165 214
165 229
165 248
165 251
165 252
165 255
165 259
166 162
166 163
166 190
166 204
166 214
166 229
166 248
166 251
166 252
166 255
166 259
167 162
167 163
167 190
167 204
167 214
167 229
167 248
167 251
167 252
167 255
167 259
168 163
168 174
168 190
168 204
168 214
168 223
168 229
168 251
168 252
168 255
168 259
169 163
169 174
169 190
169 204
169 214
169 223
169 229
169 230
169 251
169 252
169 255
169 259
170 163
170 174
170 190
170 204
170 214
170 223
170 229
170 251
170 252
170 255
170 259
171 163
171 174
171 190
171 204
171 214
171 223
171 229
171 251
171 252
171 255
171 259
172 163
172 174
172 190
172 204
172 214
172 223
172 229
172 251
172 252
172 255
172 259
173 163
173 174
173 190
173 204
173 214
173 223
173 229
173 251
173 252
173 255
173 259
174 163
174 190
174 204
174 214
174 223
174 229
174 251
174 252
174 255
174 259
175 163
175 204
175 214
175 223
175 229
175 251
175 252
175 255
175 259
176 163
176 204
176 214
176 223
176 229
176 251
176 252
176 255
176 259
177 163
177 204
177 214
177 223
177 229
177 251
177 252
177 255
177 259
178 163
178 204
178 223
178 229
178 233
178 251
178 252
178 255
178 259
179 163
179 204
179 223
179 229
179 233
179 251
179 252
179 255
179 259
180 163
180 204
180 223
180 229
180 233
180 251
180 252
180 255
180 259
181 163
181 204
181 223
181 229
181 233
181 251
181 252
181 255
181 259
182 163
182 204
182 223
182 229
182 233
182 251
182 252
182 255
182 259
183 163
183 204
183 223
183 229
183 233
183 251
183 252
183 255
183 259
184 163
184 204
184 223
184 229
184 233
184 251
184 252
184 255
184 259
185 163
185 204
185 223
185 229
185 233
185 251
185 252
185 255
185 256
185 259
186 163
186 204
186 223
186 229
186 233
186 251
186 252
186 255
186 256
186 259
187 163
187 204
187 223
187 229
187 233
187 251
187 252
187 255
187 256
187 259
188 163
188 204
188 223
188 229
188 233
188 251
188 252
188 255
188 256
188 259
189 163
189 204
189 223
189 229
189 233
189 251
189 252
189 255
189 256
189 259
190 204
190 223
190 229
190 233
190 250
190 251
190 252
190 255
190 256
190 259
191 223
191 229
191 233
191 250
191 251
191 252
191 254
191 255
192 223
192 229
192 233
192 246
192 250
192 251
192 252
192 254
192 255
193 229
193 233
193 246
193 250
193 251
193 252
193 254
193 255
194 229
194 233
194 246
194 250
194 251
194 252
194 254
194 255
195 229
195 233
195 246
195 250
195 252
195 254
195 255
196 229
196 233
196 246
196 250
196 252
196 254
196 255
197 229
197 233
197 246
197 250
197 252
197 254
197 255
198 229
198 233
198 246
198 250
198 252
198 254
198 255
199 209
199 233
199 246
199 250
199 252
199 254
199 255
200 209
200 233
200 246
200 250
200 252
200 254
200 255
201 209
201 233
201 246
201 250
201 252
201 254
201 255
202 209
202 215
202 233
202 246
202 250
202 252
202 254
202 255
203 209
203 215
203 233
203 246
203 250
203 252
203 254
203 255
204 209
204 215
204 233
204 246
204 250
204 252
204 254
204 255
205 209
205 215
205 233
205 246
205 250
205 252
205 254
205 255
206 209
206 215
206 233
206 246
206 250
206 252
206 254
206 255
207 209
207 215
207 233
207 246
207 250
207 252
207 254
207 255
208 209
208 215
208 233
208 246
208 250
208 252
208 254
208 255
209 215
209 233
209 246
209 250
209 252
209 254
209 255
210 215
210 233
210 246
210 250
210 252
210 254
210 255
211 233
211 246
211 250
211 252
211 254
211 255
212 233
212 250
212 252
212 254
212 255
213 233
213 250
213 252
213 254
213 255
214 233
214 250
214 252
214 254
214 255
215 233
215 250
215 252
215 254
215 255
216 233
216 250
216 252
216 254
216 255
217 233
217 250
217 252
217 254
217 255
218 233
218 250
218 252
218 254
218 255
219 233
219 250
219 252
219 254
219 255
220 233
220 250
220 252
220 254
220 255
221 233
221 250
221 252
221 254
221 255
222 233
222 250
222 252
222 254
222 255
223 233
223 250
223 252
223 254
223 255
224 233
224 250
224 252
224 254
224 255
225 233
225 250
225 252
225 254
225 255
225 258
226 233
226 250
226 252
226 254
226 255
226 258
227 233
227 250
227 252
227 254
227 255
227 258
228 233
228 250
228 252
228 254
228 255
228 258
229 233
229 250
229 252
229 254
229 255
229 258
230 233
230 250
230 252
230 254
230 258
231 233
231 250
231 252
231 254
231 258
232 233
232 250
232 252
232 254
232 258
233 233
233 250
233 252
233 254
233 258
234 233
234 250
234 252
234 254
234 258
235 233
235 250
235 252
235 254
235 258
236 233
236 250
236 252
236 254
236 258
237 233
237 250
237 252
237 254
237 258
238 233
238 250
238 254
238 258
239 233
239 244
239 258
240 233
240 258
241 233
241 258
241 260
242 233
242 258
242 260
243 233
243 260
244 233
244 260
245 233
245 260
246 233
246 260
247 233
247 260
248 233
248 260
249 233
249 260
250 233
250 260
251 260
252 260
253 260
254 260
255 260
256 260
257 260
258 260
259 260
260 260
261 260
262 260
