0 12
0 29
0 36
0 83
0 94
0 99
1 12
1 29
1 36
1 83
1 94
1 99
2 10
2 15
2 31
2 36
2 83
2 94
2 99
2 113
3 6
3 9
3 15
3 31
3 36
3 41
3 52
3 83
3 94
3 99
3 113
3 228
4 5
4 20
4 37
4 41
4 80
4 83
4 85
4 88
4 94
4 99
4 105
4 111
4 113
4 228
5 20
5 37
5 41
5 80
5 83
5 85
5 88
5 99
5 105
5 113
5 135
5 144
5 228
6 20
6 37
6 41
6 80
6 83
6 85
6 88
6 99
6 105
6 113
6 135
6 144
6 228
7 20
7 37
7 54
7 80
7 83
7 85
7 88
7 99
7 105
7 113
7 135
7 144
7 228
7 247
8 16
8 27
8 33
8 37
8 54
8 82
8 85
8 88
8 105
8 113
8 144
8 228
8 247
9 13
9 22
9 27
9 37
9 82
9 85
9 105
9 113
9 144
9 228
9 247
10 13
10 27
10 37
10 82
10 85
10 105
10 113
10 144
10 228
10 247
11 27
11 37
11 82
11 85
11 105
11 113
11 144
11 228
11 247
12 19
12 27
12 37
12 82
12 85
12 105
12 113
12 144
12 228
12 229
12 247
13 21
13 27
13 82
13 85
13 105
13 113
13 116
13 144
13 228
13 229
13 247
14 21
14 27
14 82
14 85
14 105
14 113
14 116
14 144
14 184
14 228
14 229
14 247
15 21
15 27
15 76
15 82
15 85
15 105
15 113
15 116
15 144
15 184
15 228
15 229
15 247
16 21
16 76
16 82
16 85
16 105
16 113
16 116
16 144
16 184
16 228
16 229
16 247
17 45
17 76
17 82
17 85
17 105
17 113
17 116
17 144
17 184
17 228
17 229
17 247
18 24
18 30
18 45
18 69
18 76
18 85
18 105
18 113
18 116
18 139
18 144
18 184
18 228
18 229
18 261
19 24
19 30
19 35
19 45
19 75
19 76
19 85
19 105
19 113
19 116
19 139
19 144
19 184
19 228
19 229
19 261
20 35
20 40
20 45
20 75
20 76
20 85
20 116
20 139
20 144
20 184
20 228
20 229
20 261
21 35
21 40
21 45
21 75
21 76
21 85
21 116
21 139
21 144
21 184
21 228
21 229
21 261
22 35
22 39
22 40
22 45
22 58
22 75
22 76
22 85
22 92
22 116
22 139
22 144
22 184
22 229
22 261
23 35
23 40
23 45
23 58
23 75
23 76
23 85
23 92
23 116
23 139
23 171
23 179
23 184
23 229
23 232
23 261
24 35
24 40
24 45
24 58
24 75
24 76
24 85
24 92
24 116
24 139
24 179
24 184
24 229
24 232
24 261
25 35
25 40
25 45
25 58
25 75
25 76
25 85
25 92
25 116
25 139
25 179
25 184
25 232
25 261
26 51
26 66
26 75
26 85
26 101
26 139
26 179
26 209
26 226
26 232
26 260
26 261
27 51
27 66
27 75
27 85
27 101
27 139
27 179
27 209
27 226
27 232
27 260
27 261
28 51
28 66
28 75
28 85
28 101
28 139
28 179
28 209
28 226
28 232
28 260
28 261
29 51
29 66
29 75
29 85
29 101
29 139
29 179
29 209
29 226
29 232
29 260
29 261
30 51
30 66
30 75
30 85
30 101
30 118
30 139
30 179
30 209
30 226
30 232
30 260
30 261
31 66
31 72
31 85
31 101
31 107
31 118
31 139
31 170
31 179
31 209
31 226
31 260
31 261
32 43
32 66
32 72
32 85
32 101
32 107
32 118
32 136
32 139
32 170
32 179
32 209
32 226
32 260
32 261
33 43
33 66
33 85
33 101
33 107
33 118
33 136
33 139
33 170
33 179
33 183
33 209
33 226
33 260
33 261
34 43
34 66
34 85
34 101
34 107
34 118
34 136
34 139
34 170
34 179
34 183
34 209
34 226
34 260
34 261
35 43
35 66
35 85
35 101
35 107
35 118
35 136
35 139
35 170
35 179
35 183
35 209
35 226
35 260
35 261
36 43
36 66
36 85
36 101
36 107
36 118
36 136
36 139
36 170
36 179
36 200
36 209
36 226
36 260
36 261
37 43
37 63
37 85
37 101
37 107
37 118
37 127
37 136
37 139
37 170
37 178
37 179
37 185
37 200
37 224
37 226
37 260
37 261
38 43
38 63
38 85
38 101
38 118
38 127
38 136
38 139
38 170
38 178
38 179
38 185
38 200
38 224
38 226
38 260
38 261
39 63
39 85
39 118
39 121
39 127
39 136
39 139
39 170
39 178
39 179
39 185
39 200
39 224
39 226
39 260
39 261
40 61
40 63
40 67
40 85
40 118
40 121
40 127
40 139
40 170
40 178
40 179
40 200
40 204
40 224
40 226
40 260
40 261
41 61
41 63
41 67
41 85
41 100
41 118
41 121
41 127
41 139
41 170
41 178
41 179
41 200
41 204
41 224
41 226
41 260
41 261
42 55
42 61
42 63
42 85
42 100
42 118
42 121
42 127
42 139
42 170
42 178
42 179
42 200
42 204
42 224
42 226
42 260
42 261
43 53
43 55
43 61
43 63
43 85
43 100
43 121
43 127
43 139
43 143
43 170
43 178
43 179
43 200
43 224
43 226
43 260
43 261
44 53
44 55
44 61
44 63
44 85
44 100
44 121
44 127
44 139
44 143
44 170
44 178
44 179
44 200
44 224
44 226
44 260
44 261
45 55
45 61
45 63
45 85
45 91
45 100
45 117
45 121
45 127
45 139
45 143
45 170
45 177
45 178
45 179
45 200
45 224
45 226
45 260
45 261
46 55
46 61
46 63
46 85
46 91
46 100
46 117
46 121
46 127
46 139
46 143
46 170
46 177
46 178
46 179
46 200
46 224
46 226
46 260
46 261
47 55
47 57
47 63
47 85
47 91
47 100
47 117
47 121
47 127
47 143
47 154
47 170
47 177
47 178
47 179
47 200
47 218
47 224
47 226
47 227
47 260
47 261
48 55
48 57
48 63
48 85
48 100
48 117
48 121
48 127
48 143
48 154
48 170
48 177
48 178
48 179
48 200
48 218
48 224
48 226
48 227
48 260
48 261
49 55
49 57
49 63
49 85
49 100
49 117
49 121
49 127
49 154
49 170
49 177
49 178
49 179
49 200
49 218
49 224
49 226
49 227
49 260
49 261
50 55
50 57
50 63
50 71
50 100
50 117
50 127
50 154
50 170
50 177
50 178
50 179
50 200
50 218
50 224
50 226
50 227
50 260
50 261
51 55
51 57
51 63
51 71
51 100
51 117
51 122
51 127
51 154
51 170
51 177
51 178
51 179
51 200
51 218
51 224
51 226
51 227
51 260
51 261
52 55
52 57
52 63
52 71
52 100
52 102
52 117
52 122
52 127
52 154
52 170
52 177
52 178
52 179
52 200
52 218
52 224
52 226
52 227
52 260
52 261
53 55
53 57
53 63
53 100
53 102
53 108
53 117
53 122
53 127
53 154
53 170
53 177
53 178
53 179
53 200
53 218
53 224
53 226
53 227
53 260
53 261
54 55
54 57
54 63
54 100
54 102
54 117
54 122
54 127
54 146
54 154
54 170
54 177
54 178
54 179
54 200
54 218
54 224
54 226
54 227
54 260
54 261
55 55
55 57
55 77
55 95
55 100
55 102
55 122
55 127
55 146
55 154
55 170
55 177
55 179
55 200
55 218
55 224
55 226
55 260
55 261
56 55
56 57
56 59
56 65
56 77
56 102
56 122
56 127
56 140
56 146
56 154
56 170
56 177
56 179
56 200
56 218
56 224
56 226
56 260
56 261
57 55
57 57
57 59
57 65
57 77
57 102
57 122
57 127
57 140
57 146
57 154
57 170
57 177
57 179
57 200
57 218
57 224
57 226
57 260
57 261
58 55
58 57
58 59
58 65
58 77
58 79
58 89
58 102
58 122
58 127
58 140
58 146
58 154
58 170
58 177
58 179
58 190
58 200
58 218
58 224
58 226
58 260
58 261
59 57
59 59
59 79
59 102
59 122
59 127
59 140
59 146
59 147
59 154
59 170
59 177
59 179
59 190
59 200
59 218
59 224
59 226
59 258
59 260
59 261
60 57
60 79
60 102
60 122
60 127
60 140
60 146
60 147
60 154
60 177
60 179
60 190
60 198
60 200
60 218
60 224
60 226
60 243
60 258
60 259
60 260
60 261
61 64
61 79
61 102
61 122
61 147
61 154
61 160
61 177
61 179
61 190
61 198
61 200
61 210
61 218
61 224
61 243
61 252
61 258
61 259
61 260
61 261
62 64
62 79
62 87
62 122
62 134
62 147
62 154
62 160
62 177
62 179
62 190
62 198
62 210
62 211
62 218
62 224
62 243
62 252
62 258
62 259
62 260
62 261
63 64
63 79
63 87
63 122
63 134
63 147
63 154
63 160
63 177
63 179
63 190
63 198
63 210
63 211
63 218
63 224
63 243
63 252
63 258
63 259
63 260
63 261
64 64
64 79
64 87
64 122
64 134
64 147
64 154
64 160
64 177
64 179
64 190
64 198
64 210
64 211
64 218
64 224
64 243
64 252
64 258
64 259
64 260
64 261
65 64
65 79
65 87
65 122
65 134
65 147
65 154
65 160
65 177
65 179
65 190
65 198
65 210
65 211
65 218
65 224
65 243
65 252
65 258
65 259
65 260
65 261
66 64
66 79
66 97
66 109
66 134
66 147
66 154
66 160
66 177
66 179
66 190
66 198
66 210
66 211
66 218
66 224
66 243
66 252
66 258
66 259
66 260
66 261
67 79
67 81
67 96
67 114
67 141
67 152
67 154
67 160
67 177
67 179
67 190
67 210
67 211
67 218
67 224
67 243
67 253
67 258
67 259
67 260
67 261
68 79
68 81
68 96
68 114
68 129
68 141
68 151
68 152
68 154
68 160
68 177
68 179
68 190
68 210
68 211
68 218
68 224
68 243
68 253
68 258
68 259
68 260
68 261
69 79
69 81
69 96
69 114
69 125
69 129
69 141
69 151
69 152
69 154
69 160
69 177
69 179
69 190
69 210
69 211
69 218
69 243
69 253
69 258
69 259
69 260
69 261
70 79
70 81
70 96
70 110
70 114
70 125
70 129
70 141
70 151
70 152
70 154
70 160
70 177
70 179
70 190
70 210
70 211
70 218
70 243
70 253
70 258
70 259
70 260
70 261
71 73
71 79
71 81
71 96
71 110
71 129
71 141
71 151
71 152
71 154
71 177
71 179
71 190
71 210
71 211
71 218
71 243
71 253
71 258
71 259
71 260
71 261
72 73
72 79
72 96
72 110
72 129
72 141
72 151
72 152
72 154
72 177
72 179
72 190
72 210
72 211
72 218
72 243
72 253
72 258
72 259
72 260
72 261
73 78
73 79
73 110
73 141
73 151
73 152
73 154
73 177
73 179
73 190
73 210
73 211
73 218
73 222
73 243
73 253
73 258
73 259
73 260
73 261
74 84
74 86
74 104
74 141
74 149
74 151
74 152
74 154
74 179
74 211
74 218
74 222
74 243
74 253
74 258
74 259
74 261
75 84
75 86
75 104
75 141
75 149
75 151
75 152
75 154
75 176
75 179
75 211
75 218
75 222
75 243
75 253
75 258
75 259
75 261
76 84
76 86
76 104
76 141
76 149
76 151
76 152
76 154
76 176
76 179
76 211
76 213
76 218
76 222
76 243
76 253
76 258
76 259
76 261
77 84
77 86
77 104
77 141
77 149
77 152
77 154
77 176
77 179
77 211
77 213
77 218
77 222
77 243
77 253
77 258
77 259
77 261
78 84
78 86
78 104
78 141
78 149
78 152
78 154
78 176
78 179
78 211
78 213
78 218
78 222
78 243
78 253
78 258
78 259
78 261
79 86
79 90
79 104
79 132
79 141
79 149
79 152
79 154
79 176
79 179
79 197
79 211
79 213
79 218
79 222
79 243
79 253
79 258
79 259
79 261
80 86
80 90
80 104
80 132
80 141
80 149
80 152
80 154
80 176
80 179
80 197
80 211
80 213
80 218
80 222
80 243
80 253
80 258
80 259
80 261
81 86
81 90
81 104
81 132
81 141
81 149
81 150
81 152
81 154
81 176
81 179
81 197
81 211
81 213
81 218
81 222
81 243
81 253
81 258
81 259
81 261
82 86
82 90
82 104
82 120
82 132
82 141
82 149
82 150
82 152
82 154
82 176
82 179
82 197
82 211
82 213
82 218
82 222
82 243
82 253
82 258
82 259
82 261
83 86
83 90
83 104
83 120
83 132
83 141
83 149
83 150
83 152
83 154
83 176
83 179
83 192
83 197
83 199
83 211
83 213
83 218
83 222
83 243
83 253
83 258
83 259
83 261
84 90
84 104
84 132
84 141
84 149
84 150
84 152
84 154
84 176
84 179
84 192
84 197
84 199
84 211
84 213
84 218
84 222
84 243
84 253
84 258
84 259
84 261
85 90
85 104
85 132
85 141
85 149
85 150
85 152
85 154
85 157
85 176
85 179
85 181
85 192
85 193
85 197
85 199
85 208
85 211
85 213
85 218
85 222
85 243
85 253
85 258
85 259
85 261
86 90
86 98
86 104
86 132
86 141
86 149
86 150
86 152
86 154
86 157
86 176
86 179
86 181
86 192
86 193
86 197
86 199
86 208
86 211
86 213
86 218
86 222
86 243
86 253
86 258
86 259
86 261
87 90
87 98
87 104
87 141
87 149
87 150
87 152
87 157
87 176
87 179
87 181
87 192
87 193
87 197
87 199
87 208
87 211
87 213
87 218
87 222
87 243
87 253
87 258
87 259
87 261
88 98
88 104
88 141
88 149
88 150
88 152
88 157
88 163
88 176
88 179
88 181
88 192
88 193
88 197
88 199
88 208
88 211
88 213
88 218
88 222
88 243
88 253
88 258
88 259
88 261
89 98
89 141
89 149
89 150
89 152
89 157
89 163
89 176
89 179
89 191
89 193
89 197
89 199
89 208
89 211
89 213
89 218
89 222
89 243
89 253
89 258
89 259
89 261
90 98
90 141
90 149
90 150
90 152
90 163
90 176
90 179
90 182
90 193
90 199
90 208
90 213
90 218
90 222
90 243
90 258
90 259
90 261
91 141
91 149
91 150
91 152
91 163
91 164
91 176
91 179
91 182
91 193
91 199
91 208
91 213
91 218
91 222
91 243
91 258
91 259
91 261
92 149
92 150
92 152
92 163
92 164
92 176
92 179
92 182
92 193
92 199
92 208
92 213
92 218
92 222
92 239
92 243
92 258
92 259
93 149
93 150
93 152
93 163
93 164
93 176
93 179
93 193
93 199
93 208
93 213
93 218
93 222
93 239
93 243
93 258
93 259
94 149
94 150
94 152
94 163
94 164
94 176
94 179
94 193
94 199
94 208
94 213
94 218
94 222
94 239
94 243
94 258
94 259
95 149
95 150
95 152
95 163
95 164
95 176
95 179
95 188
95 193
95 199
95 208
95 213
95 218
95 222
95 239
95 243
95 258
95 259
96 149
96 150
96 152
96 163
96 164
96 176
96 179
96 188
96 193
96 199
96 208
96 213
96 218
96 222
96 239
96 243
96 249
96 258
96 259
97 124
97 149
97 150
97 152
97 164
97 180
97 188
97 193
97 199
97 207
97 208
97 213
97 218
97 221
97 222
97 235
97 239
97 243
97 258
97 259
98 124
98 149
98 152
98 164
98 186
98 188
98 193
98 199
98 207
98 213
98 218
98 221
98 222
98 230
98 235
98 239
98 243
98 258
98 259
99 124
99 149
99 152
99 164
99 186
99 188
99 193
99 199
99 207
99 213
99 218
99 221
99 222
99 230
99 235
99 239
99 243
99 258
99 259
100 124
100 149
100 152
100 164
100 188
100 193
100 199
100 207
100 218
100 221
100 222
100 230
100 235
100 239
100 243
100 258
100 259
101 149
101 152
101 164
101 188
101 222
101 235
101 239
101 258
101 259
102 149
102 152
102 164
102 188
102 222
102 235
102 239
102 258
102 259
103 149
103 152
103 164
103 188
103 222
103 235
103 239
103 258
103 259
104 149
104 152
104 164
104 188
104 222
104 225
104 235
104 239
104 258
104 259
105 149
105 152
105 164
105 175
105 188
105 222
105 225
105 235
105 239
105 258
105 259
106 119
106 149
106 159
106 164
106 175
106 188
106 222
106 225
106 235
106 239
106 258
106 259
107 119
107 149
107 159
107 164
107 175
107 188
107 201
107 222
107 225
107 235
107 239
107 258
107 259
108 119
108 123
108 159
108 175
108 188
108 201
108 222
108 225
108 239
108 258
108 259
109 119
109 123
109 159
109 175
109 188
109 201
109 222
109 225
109 239
109 248
109 258
109 259
110 119
110 123
110 175
110 188
110 201
110 222
110 225
110 239
110 248
110 258
110 259
111 119
111 123
111 175
111 188
111 201
111 222
111 225
111 239
111 248
111 258
111 259
112 119
112 123
112 168
112 175
112 188
112 201
112 222
112 225
112 239
112 248
112 258
112 259
113 119
113 123
113 168
113 188
113 222
113 225
113 239
113 248
113 258
113 259
114 119
114 123
114 168
114 188
114 222
114 225
114 239
114 248
114 258
114 259
115 119
115 123
115 168
115 188
115 215
115 222
115 225
115 239
115 248
115 258
115 259
116 119
116 123
116 168
116 188
116 215
116 222
116 225
116 239
116 248
116 258
116 259
117 119
117 123
117 168
117 215
117 222
117 225
117 239
117 258
117 259
118 119
118 123
118 126
118 168
118 215
118 225
118 239
118 258
118 259
119 119
119 145
119 168
119 214
119 215
119 225
119 239
119 258
119 259
120 119
120 145
120 168
120 214
120 215
120 225
120 239
120 258
120 259
121 119
121 145
121 168
121 214
121 215
121 225
121 239
121 258
121 259
122 145
122 168
122 203
122 214
122 215
122 225
122 239
122 258
122 259
123 145
123 168
123 203
123 214
123 215
123 225
123 239
123 258
123 259
124 145
124 168
124 189
124 203
124 214
124 215
124 225
124 239
124 258
124 259
125 145
125 168
125 203
125 215
125 225
125 239
125 258
125 259
126 168
126 174
126 203
126 205
126 215
126 225
126 239
126 258
126 259
127 168
127 174
127 203
127 215
127 225
127 258
127 259
128 155
128 174
128 203
128 215
128 225
128 240
128 258
128 259
129 155
129 203
129 225
129 240
129 258
129 259
130 155
130 203
130 225
130 240
130 258
130 259
131 133
131 153
131 155
131 162
131 165
131 203
131 240
131 254
131 258
132 133
132 153
132 155
132 162
132 165
132 203
132 240
132 254
132 258
133 133
133 138
133 153
133 155
133 162
133 165
133 187
133 231
133 240
133 251
133 254
133 258
134 138
134 153
134 162
134 165
134 187
134 231
134 241
134 251
134 254
134 258
135 138
135 153
135 162
135 165
135 231
135 241
135 251
135 254
135 258
136 138
136 153
136 162
136 165
136 231
136 241
136 251
136 254
136 258
137 138
137 153
137 162
137 165
137 231
137 241
137 251
137 254
137 258
138 138
138 153
138 162
138 231
138 241
138 251
138 254
138 258
139 138
139 162
139 231
139 241
139 251
139 254
139 258
140 231
140 241
140 251
140 254
140 258
141 231
141 251
141 254
141 258
142 167
142 202
142 231
142 251
142 254
143 167
143 202
143 231
143 251
143 254
144 167
144 202
144 231
144 251
144 254
145 167
145 202
145 231
145 251
145 254
146 167
146 202
146 231
146 251
146 254
147 167
147 202
147 231
147 251
147 254
148 167
148 202
148 231
148 251
149 167
149 202
149 231
149 251
150 167
150 202
150 231
150 251
151 167
151 202
151 231
151 251
152 167
152 202
152 231
152 251
153 167
153 202
153 231
153 251
154 161
154 167
154 202
154 231
154 251
155 161
155 167
155 202
155 231
155 251
155 256
156 161
156 167
156 202
156 231
156 251
156 256
157 161
157 231
157 251
157 256
158 169
158 231
158 251
158 256
159 169
159 231
159 251
159 256
160 169
160 231
160 251
160 256
161 169
161 231
161 251
161 256
162 169
162 212
162 245
162 256
163 169
163 173
163 196
163 212
163 245
163 256
164 169
164 173
164 196
164 212
164 238
164 245
164 256
165 169
165 173
165 196
165 212
165 238
165 245
165 256
166 169
166 173
166 212
166 238
166 245
166 250
166 256
167 169
167 173
167 194
167 212
167 238
167 245
167 250
167 256
168 173
168 194
168 212
168 238
168 245
168 250
168 255
168 256
169 173
169 212
169 219
169 238
169 245
169 250
169 255
170 212
170 217
170 219
170 238
170 245
170 250
170 255
171 212
171 217
171 219
171 238
171 245
171 250
171 255
172 212
172 217
172 219
172 238
172 245
172 250
172 255
173 212
173 217
173 219
173 238
173 245
173 250
174 212
174 217
174 219
174 238
174 245
174 250
175 212
175 217
175 219
175 238
175 245
175 250
176 212
176 217
176 219
176 238
176 242
176 245
176 250
176 257
177 195
177 212
177 217
177 219
177 238
177 242
177 245
177 250
177 257
178 195
178 212
178 219
178 234
178 238
178 242
178 245
178 250
178 257
179 195
179 212
179 219
179 234
179 238
179 242
179 245
179 250
179 257
180 195
180 212
180 219
180 234
180 238
180 242
180 250
180 257
181 195
181 212
181 219
181 234
181 238
181 242
181 250
181 257
182 195
182 219
182 234
182 238
182 242
182 250
182 257
183 219
183 234
183 238
183 242
183 250
183 257
184 219
184 234
184 238
184 242
184 250
184 257
185 219
185 234
185 238
185 242
185 250
185 257
186 206
186 219
186 234
186 238
186 242
186 250
186 257
187 206
187 219
187 234
187 238
187 242
187 250
187 257
188 206
188 219
188 234
188 238
188 242
188 250
189 206
189 219
189 234
189 238
189 242
189 244
189 250
190 206
190 219
190 234
190 238
190 242
190 244
190 250
191 206
191 216
191 219
191 234
191 237
191 238
191 242
191 244
191 250
192 206
192 216
192 234
192 237
192 238
192 242
192 244
192 250
193 206
193 216
193 234
193 237
193 238
193 242
193 244
193 250
194 206
194 216
194 234
194 237
194 238
194 242
194 244
194 250
195 216
195 234
195 237
195 242
195 244
196 216
196 234
196 237
196 242
196 244
197 216
197 234
197 237
197 242
197 244
198 234
198 237
198 242
198 244
199 234
199 237
199 242
199 244
199 246
200 234
200 237
200 242
200 244
200 246
201 234
201 237
201 242
201 244
201 246
202 234
202 237
202 242
202 244
202 246
203 234
203 242
203 244
203 246
204 242
204 244
204 246
205 242
205 244
205 246
206 242
206 244
206 246
207 242
207 244
207 246
208 242
208 244
208 246
209 242
209 244
210 242
210 244
211 242
211 244
212 242
212 244
213 242
213 244
214 233
214 242
215 242
216 242
217 242
218 242
219 242
240 262
241 262
242 262
243 262
244 262
245 262
246 262
247 262
248 262
249 262
250 262
251 262
252 262
253 262
254 262
255 262
256 262
257 262
258 262
259 262
260 262
261 262
262 262
