0 3
0 4
0 5
0 20
0 78
0 82
0 85
1 3
1 4
1 5
1 20
1 78
1 85
2 6
2 9
2 21
2 75
2 78
2 85
2 124
2 258
3 9
3 21
3 75
3 78
3 85
3 124
3 258
4 7
4 9
4 16
4 21
4 23
4 58
4 70
4 75
4 78
4 84
4 85
4 99
4 114
4 124
4 147
4 201
4 208
4 258
5 9
5 16
5 21
5 23
5 58
5 70
5 75
5 78
5 84
5 85
5 99
5 114
5 124
5 125
5 147
5 201
5 208
5 258
6 9
6 16
6 21
6 23
6 30
6 70
6 75
6 78
6 84
6 85
6 99
6 114
6 124
6 125
6 147
6 201
6 208
6 258
7 26
7 39
7 48
7 71
7 74
7 76
7 78
7 84
7 85
7 86
7 92
7 99
7 114
7 124
7 125
7 138
7 147
7 175
7 187
7 201
7 203
7 208
7 251
7 258
8 11
8 15
8 26
8 71
8 74
8 76
8 78
8 84
8 85
8 86
8 87
8 92
8 99
8 114
8 124
8 125
8 138
8 147
8 175
8 187
8 201
8 203
8 208
8 251
8 258
9 11
9 15
9 26
9 71
9 74
9 76
9 78
9 84
9 85
9 86
9 87
9 92
9 99
9 114
9 124
9 125
9 138
9 175
9 187
9 201
9 203
9 208
9 251
9 258
10 11
10 26
10 40
10 71
10 74
10 76
10 78
10 84
10 85
10 87
10 92
10 99
10 124
10 125
10 138
10 161
10 187
10 201
10 203
10 208
10 251
10 258
11 18
11 40
11 60
11 74
11 84
11 85
11 87
11 92
11 93
11 96
11 99
11 124
11 125
11 138
11 161
11 187
11 190
11 201
11 203
11 208
11 212
11 221
11 238
11 251
11 258
12 12
12 18
12 31
12 40
12 41
12 60
12 74
12 85
12 87
12 92
12 96
12 99
12 124
12 125
12 138
12 146
12 161
12 172
12 187
12 190
12 201
12 203
12 208
12 212
12 221
12 238
12 251
12 258
13 12
13 18
13 31
13 40
13 41
13 60
13 61
13 74
13 85
13 87
13 92
13 96
13 99
13 124
13 125
13 138
13 146
13 161
13 172
13 187
13 190
13 201
13 203
13 208
13 212
13 221
13 238
13 251
13 258
14 31
14 37
14 40
14 42
14 56
14 60
14 74
14 87
14 92
14 96
14 99
14 101
14 107
14 124
14 125
14 135
14 138
14 146
14 161
14 187
14 190
14 203
14 208
14 212
14 221
14 238
14 247
14 251
14 258
15 31
15 37
15 40
15 42
15 56
15 60
15 74
15 87
15 92
15 94
15 96
15 99
15 101
15 107
15 124
15 125
15 135
15 138
15 146
15 161
15 187
15 190
15 203
15 208
15 212
15 221
15 238
15 247
15 251
15 258
16 25
16 31
16 37
16 40
16 42
16 56
16 60
16 74
16 87
16 92
16 94
16 96
16 99
16 101
16 107
16 124
16 125
16 135
16 138
16 146
16 161
16 183
16 187
16 190
16 203
16 208
16 212
16 221
16 238
16 247
16 251
16 258
17 31
17 40
17 42
17 46
17 56
17 60
17 62
17 74
17 92
17 94
17 96
17 99
17 101
17 107
17 124
17 125
17 135
17 138
17 141
17 153
17 161
17 183
17 190
17 203
17 208
17 212
17 221
17 238
17 247
17 251
17 258
18 31
18 40
18 42
18 46
18 56
18 60
18 62
18 74
18 92
18 94
18 96
18 99
18 101
18 107
18 124
18 125
18 135
18 138
18 141
18 153
18 161
18 183
18 190
18 203
18 208
18 212
18 221
18 238
18 247
18 251
18 258
19 31
19 40
19 42
19 43
19 46
19 56
19 60
19 62
19 66
19 74
19 92
19 94
19 96
19 99
19 101
19 107
19 124
19 125
19 135
19 137
19 138
19 141
19 153
19 161
19 174
19 190
19 203
19 208
19 212
19 221
19 238
19 247
19 251
19 258
19 260
20 31
20 40
20 42
20 43
20 55
20 56
20 60
20 62
20 66
20 74
20 92
20 94
20 96
20 99
20 101
20 107
20 120
20 124
20 125
20 135
20 138
20 141
20 153
20 161
20 174
20 190
20 203
20 208
20 212
20 238
20 247
20 250
20 251
20 258
20 260
21 22
21 36
21 40
21 42
21 62
21 66
21 83
21 92
21 94
21 96
21 98
21 101
21 115
21 120
21 124
21 125
21 135
21 138
21 140
21 141
21 148
21 159
21 161
21 173
21 190
21 208
21 212
21 238
21 239
21 247
21 250
21 251
21 260
22 29
22 32
22 36
22 40
22 69
22 72
22 83
22 92
22 96
22 101
22 103
22 115
22 116
22 119
22 123
22 124
22 125
22 135
22 138
22 140
22 141
22 148
22 159
22 161
22 173
22 190
22 200
22 238
22 239
22 241
22 247
22 250
22 251
23 29
23 32
23 36
23 40
23 69
23 72
23 83
23 92
23 96
23 101
23 103
23 115
23 116
23 119
23 123
23 124
23 125
23 138
23 140
23 141
23 148
23 159
23 161
23 173
23 190
23 200
23 238
23 239
23 241
23 247
23 251
24 29
24 32
24 36
24 40
24 69
24 72
24 83
24 92
24 96
24 101
24 103
24 115
24 116
24 119
24 123
24 124
24 125
24 138
24 140
24 141
24 148
24 159
24 161
24 173
24 190
24 200
24 238
24 239
24 241
24 247
24 251
25 29
25 32
25 36
25 69
25 72
25 83
25 92
25 96
25 101
25 103
25 115
25 116
25 119
25 123
25 124
25 125
25 138
25 140
25 141
25 148
25 159
25 161
25 173
25 190
25 200
25 238
25 239
25 241
25 247
25 251
26 32
26 35
26 69
26 72
26 83
26 92
26 96
26 101
26 103
26 115
26 116
26 119
26 123
26 124
26 125
26 138
26 140
26 141
26 148
26 159
26 161
26 173
26 190
26 200
26 238
26 239
26 241
26 247
26 251
27 35
27 72
27 73
27 83
27 92
27 96
27 101
27 113
27 115
27 116
27 119
27 124
27 138
27 140
27 141
27 148
27 158
27 159
27 161
27 173
27 190
27 200
27 220
27 237
27 238
27 239
27 241
27 247
27 251
28 35
28 57
28 72
28 73
28 83
28 92
28 96
28 101
28 113
28 115
28 116
28 118
28 119
28 124
28 131
28 138
28 140
28 141
28 148
28 158
28 159
28 161
28 173
28 190
28 200
28 220
28 237
28 238
28 239
28 241
28 247
28 251
28 261
29 50
29 57
29 73
29 96
29 101
29 108
29 113
29 115
29 116
29 118
29 124
29 128
29 131
29 136
29 140
29 141
29 148
29 158
29 159
29 161
29 173
29 184
29 200
29 220
29 237
29 238
29 239
29 241
29 261
30 50
30 57
30 73
30 96
30 101
30 108
30 113
30 115
30 116
30 118
30 124
30 128
30 131
30 136
30 140
30 141
30 148
30 158
30 159
30 161
30 173
30 184
30 200
30 220
30 237
30 238
30 239
30 241
30 261
31 50
31 57
31 73
31 96
31 101
31 108
31 113
31 115
31 116
31 124
31 128
31 131
31 136
31 140
31 141
31 148
31 158
31 159
31 161
31 173
31 184
31 200
31 220
31 237
31 238
31 239
31 241
31 261
32 50
32 57
32 73
32 96
32 101
32 108
32 113
32 115
32 116
32 124
32 128
32 131
32 136
32 141
32 148
32 158
32 159
32 161
32 173
32 184
32 200
32 220
32 237
32 238
32 239
32 241
32 261
33 50
33 57
33 73
33 96
33 101
33 108
33 113
33 115
33 116
33 124
33 128
33 131
33 136
33 141
33 148
33 158
33 159
33 161
33 173
33 184
33 200
33 220
33 237
33 238
33 239
33 241
34 50
34 57
34 73
34 96
34 101
34 108
34 113
34 115
34 116
34 124
34 128
34 131
34 136
34 141
34 148
34 158
34 159
34 161
34 173
34 184
34 200
34 220
34 237
34 238
34 239
34 241
35 45
35 50
35 57
35 73
35 96
35 101
35 108
35 113
35 115
35 116
35 124
35 128
35 131
35 136
35 141
35 148
35 158
35 159
35 173
35 184
35 200
35 220
35 237
35 238
35 239
35 241
36 45
36 50
36 57
36 73
36 88
36 96
36 101
36 108
36 113
36 115
36 116
36 124
36 128
36 131
36 136
36 141
36 143
36 148
36 154
36 158
36 159
36 173
36 184
36 200
36 220
36 237
36 238
36 239
36 241
37 45
37 50
37 57
37 73
37 88
37 96
37 101
37 108
37 113
37 115
37 116
37 124
37 128
37 131
37 136
37 141
37 143
37 148
37 154
37 158
37 159
37 173
37 184
37 200
37 220
37 237
37 238
37 239
37 241
38 45
38 53
38 57
38 68
38 73
38 88
38 96
38 101
38 108
38 115
38 116
38 124
38 128
38 131
38 136
38 141
38 143
38 148
38 154
38 158
38 159
38 173
38 184
38 200
38 220
38 238
38 239
38 241
39 45
39 53
39 57
39 63
39 73
39 88
39 96
39 101
39 108
39 115
39 116
39 124
39 128
39 131
39 136
39 141
39 143
39 148
39 154
39 158
39 159
39 173
39 184
39 200
39 220
39 238
39 239
39 241
40 53
40 57
40 63
40 67
40 96
40 116
40 128
40 131
40 136
40 148
40 154
40 159
40 173
40 184
40 200
40 215
40 220
40 238
40 239
40 259
41 54
41 57
41 65
41 67
41 96
41 116
41 128
41 131
41 136
41 154
41 159
41 173
41 184
41 215
41 220
41 234
41 238
41 239
41 259
42 52
42 54
42 65
42 67
42 96
42 116
42 131
42 136
42 154
42 159
42 173
42 184
42 215
42 220
42 234
42 238
42 239
42 259
43 52
43 54
43 65
43 67
43 91
43 96
43 131
43 136
43 154
43 159
43 173
43 184
43 215
43 220
43 234
43 238
43 239
43 259
44 52
44 65
44 67
44 91
44 96
44 131
44 136
44 154
44 159
44 173
44 184
44 215
44 220
44 234
44 238
44 239
44 259
45 52
45 65
45 67
45 91
45 96
45 131
45 136
45 154
45 159
45 173
45 184
45 215
45 220
45 234
45 238
45 239
46 52
46 65
46 67
46 91
46 96
46 131
46 136
46 154
46 159
46 173
46 184
46 215
46 220
46 234
46 238
46 239
47 52
47 59
47 65
47 67
47 77
47 96
47 131
47 136
47 154
47 159
47 173
47 184
47 215
47 220
47 234
47 238
47 239
48 52
48 59
48 65
48 67
48 77
48 131
48 136
48 154
48 173
48 184
48 215
48 220
48 234
48 238
48 239
49 52
49 59
49 67
49 77
49 131
49 136
49 154
49 173
49 184
49 215
49 220
49 234
49 238
49 239
50 59
50 122
50 131
50 136
50 154
50 173
50 184
50 215
50 220
50 234
50 239
51 59
51 122
51 131
51 136
51 154
51 173
51 184
51 215
51 220
51 234
51 239
52 122
52 131
52 136
52 154
52 173
52 184
52 215
52 220
52 234
52 239
53 122
53 126
53 131
53 136
53 154
53 173
53 184
53 215
53 220
53 234
53 239
54 122
54 126
54 131
54 136
54 154
54 173
54 184
54 215
54 220
54 223
54 234
54 239
55 122
55 126
55 131
55 136
55 154
55 173
55 184
55 215
55 220
55 223
55 234
55 239
56 100
56 122
56 126
56 131
56 136
56 151
56 154
56 173
56 177
56 182
56 184
56 215
56 220
56 223
56 234
56 239
57 100
57 122
57 126
57 131
57 136
57 151
57 154
57 173
57 177
57 182
57 184
57 215
57 220
57 223
57 234
57 239
58 100
58 122
58 126
58 131
58 136
58 151
58 154
58 173
58 177
58 182
58 184
58 215
58 220
58 223
58 234
58 239
59 100
59 122
59 126
59 131
59 136
59 151
59 154
59 173
59 177
59 182
59 184
59 215
59 220
59 223
59 234
59 239
60 100
60 122
60 126
60 131
60 136
60 151
60 154
60 173
60 177
60 182
60 184
60 215
60 220
60 223
60 234
60 239
61 100
61 122
61 126
61 131
61 136
61 151
61 154
61 173
61 177
61 182
61 184
61 215
61 220
61 223
61 234
61 239
62 100
62 122
62 126
62 131
62 136
62 151
62 154
62 173
62 177
62 182
62 184
62 215
62 220
62 223
62 234
62 239
63 80
63 81
63 100
63 102
63 122
63 136
63 151
63 154
63 173
63 177
63 182
63 184
63 185
63 215
63 220
63 223
63 226
63 234
63 239
64 80
64 81
64 100
64 102
64 122
64 136
64 151
64 154
64 173
64 177
64 182
64 184
64 185
64 215
64 220
64 223
64 226
64 234
64 239
65 80
65 81
65 100
65 102
65 122
65 136
65 151
65 154
65 173
65 177
65 182
65 184
65 185
65 215
65 220
65 223
65 226
65 234
65 239
66 80
66 81
66 100
66 102
66 136
66 151
66 154
66 173
66 177
66 184
66 185
66 196
66 215
66 220
66 223
66 226
66 234
66 239
67 80
67 81
67 100
67 102
67 136
67 151
67 173
67 177
67 184
67 185
67 196
67 215
67 220
67 223
67 226
67 234
67 239
68 80
68 81
68 100
68 102
68 104
68 136
68 173
68 177
68 184
68 185
68 196
68 215
68 220
68 223
68 226
68 234
68 239
69 80
69 81
69 89
69 97
69 100
69 102
69 104
69 105
69 136
69 142
69 173
69 177
69 184
69 185
69 196
69 215
69 220
69 223
69 226
69 234
69 239
70 80
70 81
70 89
70 97
70 100
70 102
70 104
70 105
70 136
70 142
70 173
70 177
70 184
70 185
70 196
70 215
70 220
70 223
70 226
70 234
70 239
71 80
71 81
71 90
71 97
71 100
71 102
71 104
71 105
71 136
71 142
71 173
71 177
71 184
71 185
71 196
71 215
71 220
71 223
71 226
71 234
71 239
72 80
72 81
72 90
72 97
72 100
72 102
72 104
72 105
72 136
72 142
72 173
72 177
72 184
72 185
72 196
72 215
72 220
72 223
72 226
72 234
72 239
73 80
73 81
73 90
73 97
73 100
73 102
73 104
73 105
73 136
73 142
73 173
73 177
73 184
73 185
73 196
73 215
73 220
73 223
73 226
73 234
73 239
74 80
74 81
74 90
74 97
74 100
74 102
74 104
74 105
74 136
74 173
74 177
74 184
74 185
74 196
74 215
74 220
74 223
74 226
74 234
74 239
75 80
75 81
75 90
75 97
75 100
75 102
75 104
75 105
75 136
75 173
75 177
75 184
75 195
75 196
75 215
75 220
75 223
75 226
75 234
75 239
76 81
76 90
76 97
76 100
76 102
76 104
76 105
76 136
76 173
76 177
76 184
76 195
76 196
76 215
76 220
76 223
76 226
76 234
76 235
77 81
77 90
77 97
77 100
77 102
77 104
77 136
77 173
77 177
77 184
77 195
77 196
77 215
77 220
77 223
77 226
77 234
77 235
78 81
78 90
78 97
78 100
78 102
78 104
78 134
78 136
78 173
78 177
78 184
78 195
78 196
78 215
78 220
78 223
78 234
78 235
79 81
79 90
79 97
79 100
79 102
79 104
79 134
79 136
79 173
79 177
79 184
79 195
79 196
79 215
79 220
79 223
79 234
79 235
80 81
80 90
80 97
80 100
80 102
80 104
80 129
80 134
80 136
80 173
80 177
80 184
80 195
80 196
80 215
80 220
80 223
80 234
80 235
81 81
81 90
81 97
81 100
81 102
81 104
81 129
81 134
81 136
81 173
81 177
81 184
81 195
81 196
81 215
81 220
81 223
81 234
81 235
82 81
82 90
82 97
82 102
82 104
82 110
82 129
82 134
82 136
82 173
82 177
82 184
82 195
82 196
82 215
82 220
82 222
82 223
82 234
82 235
83 81
83 90
83 97
83 102
83 104
83 110
83 129
83 134
83 136
83 173
83 177
83 184
83 195
83 196
83 215
83 220
83 222
83 223
83 234
83 235
84 81
84 90
84 95
84 97
84 102
84 104
84 110
84 129
84 134
84 136
84 173
84 177
84 184
84 195
84 196
84 215
84 220
84 222
84 223
84 228
84 234
84 235
85 81
85 90
85 95
85 97
85 102
85 104
85 110
85 129
85 134
85 136
85 156
85 173
85 177
85 184
85 195
85 196
85 215
85 220
85 222
85 223
85 228
85 234
85 235
86 81
86 90
86 95
86 97
86 104
86 110
86 129
86 134
86 136
86 156
86 173
86 177
86 184
86 195
86 196
86 215
86 220
86 223
86 228
86 234
86 235
87 81
87 90
87 95
87 97
87 104
87 110
87 129
87 136
87 156
87 173
87 177
87 180
87 184
87 195
87 196
87 215
87 220
87 223
87 228
87 234
87 235
88 95
88 97
88 104
88 110
88 136
88 156
88 173
88 177
88 180
88 184
88 195
88 196
88 198
88 215
88 220
88 223
88 228
88 234
88 235
89 97
89 104
89 110
89 136
89 156
89 173
89 177
89 180
89 184
89 195
89 196
89 198
89 215
89 220
89 223
89 228
89 234
89 235
90 104
90 110
90 136
90 156
90 173
90 177
90 180
90 195
90 196
90 198
90 215
90 220
90 223
90 228
90 234
90 235
91 104
91 110
91 127
91 156
91 164
91 177
91 180
91 195
91 196
91 198
91 215
91 223
91 228
91 234
91 235
91 262
92 104
92 110
92 127
92 156
92 164
92 177
92 180
92 186
92 195
92 196
92 198
92 215
92 223
92 228
92 234
92 235
92 262
93 104
93 127
93 156
93 164
93 177
93 180
93 186
93 195
93 196
93 198
93 215
93 223
93 228
93 234
93 235
93 262
94 104
94 127
94 139
94 156
94 164
94 177
94 180
94 186
94 195
94 196
94 198
94 215
94 223
94 228
94 234
94 235
94 262
95 104
95 121
95 127
95 139
95 156
95 164
95 177
95 180
95 186
95 195
95 196
95 215
95 223
95 228
95 234
95 235
95 262
96 104
96 121
96 127
96 139
96 156
96 164
96 166
96 177
96 180
96 186
96 195
96 196
96 215
96 228
96 234
96 236
96 262
97 104
97 121
97 127
97 139
97 149
97 150
97 156
97 164
97 166
97 168
97 177
97 180
97 186
97 195
97 196
97 210
97 215
97 228
97 234
97 236
97 262
98 104
98 111
98 121
98 127
98 139
98 149
98 150
98 156
98 160
98 164
98 166
98 168
98 177
98 180
98 186
98 195
98 196
98 210
98 215
98 228
98 234
98 262
99 106
99 111
99 121
99 127
99 139
99 149
99 150
99 156
99 160
99 164
99 166
99 168
99 177
99 180
99 186
99 195
99 196
99 210
99 213
99 215
99 228
99 234
99 262
100 106
100 111
100 121
100 127
100 139
100 149
100 150
100 156
100 160
100 164
100 168
100 177
100 180
100 186
100 195
100 210
100 213
100 215
100 230
100 234
100 262
101 111
101 127
101 139
101 149
101 150
101 156
101 160
101 164
101 168
101 177
101 180
101 186
101 210
101 213
101 215
101 230
101 234
101 262
102 111
102 127
102 139
102 149
102 150
102 156
102 160
102 164
102 168
102 177
102 180
102 186
102 210
102 213
102 215
102 230
102 234
102 262
103 111
103 127
103 139
103 149
103 150
103 156
103 160
103 164
103 168
103 177
103 180
103 186
103 210
103 213
103 215
103 230
103 234
103 262
104 111
104 127
104 132
104 139
104 149
104 150
104 156
104 160
104 164
104 168
104 177
104 180
104 186
104 210
104 213
104 215
104 230
104 234
104 262
105 111
105 127
105 139
105 150
105 156
105 160
105 164
105 168
105 186
105 205
105 210
105 213
105 215
105 230
105 234
105 262
106 111
106 127
106 139
106 150
106 156
106 160
106 164
106 168
106 186
106 205
106 210
106 213
106 215
106 230
106 234
106 262
107 127
107 139
107 150
107 156
107 160
107 164
107 168
107 186
107 205
107 210
107 213
107 215
107 230
107 234
107 262
108 127
108 139
108 150
108 156
108 160
108 164
108 168
108 186
108 205
108 210
108 213
108 215
108 230
108 234
108 262
109 127
109 139
109 150
109 156
109 160
109 164
109 168
109 186
109 205
109 210
109 213
109 215
109 230
109 234
109 262
110 127
110 133
110 144
110 150
110 156
110 160
110 164
110 168
110 179
110 186
110 202
110 210
110 213
110 215
110 230
110 234
110 262
111 127
111 133
111 144
111 150
111 156
111 160
111 164
111 168
111 179
111 186
111 202
111 210
111 213
111 215
111 225
111 230
111 234
111 262
112 127
112 133
112 144
112 150
112 156
112 160
112 167
112 168
112 179
112 186
112 202
112 210
112 213
112 225
112 230
112 234
112 262
113 127
113 133
113 144
113 150
113 156
113 160
113 167
113 168
113 179
113 186
113 202
113 210
113 213
113 225
113 230
113 234
113 243
113 262
114 133
114 144
114 150
114 152
114 156
114 160
114 167
114 168
114 179
114 186
114 191
114 202
114 210
114 213
114 225
114 230
114 234
114 243
114 262
115 133
115 144
115 150
115 152
115 156
115 160
115 167
115 168
115 169
115 179
115 186
115 191
115 202
115 210
115 213
115 225
115 230
115 234
115 243
115 262
116 133
116 144
116 150
116 152
116 156
116 160
116 167
116 168
116 169
116 179
116 186
116 191
116 202
116 210
116 213
116 225
116 230
116 234
116 243
116 262
117 133
117 144
117 150
117 152
117 156
117 160
117 167
117 168
117 169
117 179
117 186
117 191
117 202
117 210
117 213
117 225
117 230
117 234
117 243
117 262
118 133
118 144
118 150
118 152
118 156
118 160
118 167
118 168
118 169
118 179
118 186
118 191
118 202
118 210
118 213
118 225
118 230
118 234
118 243
118 262
119 133
119 144
119 150
119 152
119 156
119 160
119 167
119 168
119 169
119 179
119 186
119 191
119 202
119 210
119 213
119 225
119 230
119 234
119 243
119 262
120 133
120 144
120 150
120 152
120 156
120 160
120 167
120 168
120 169
120 179
120 186
120 191
120 202
120 210
120 213
120 225
120 230
120 234
120 243
120 262
121 133
121 144
121 150
121 152
121 156
121 160
121 167
121 168
121 169
121 179
121 186
121 191
121 202
121 210
121 213
121 225
121 230
121 234
121 243
121 262
122 133
122 144
122 150
122 152
122 156
122 160
122 167
122 168
122 169
122 179
122 186
122 191
122 202
122 210
122 213
122 225
122 230
122 232
122 234
122 243
122 262
123 133
123 144
123 150
123 152
123 156
123 160
123 167
123 168
123 169
123 179
123 186
123 191
123 202
123 210
123 213
123 225
123 230
123 232
123 234
123 243
123 262
124 133
124 144
124 150
124 156
124 160
124 162
124 167
124 168
124 179
124 186
124 191
124 210
124 213
124 225
124 230
124 232
124 234
124 243
124 262
125 133
125 144
125 150
125 156
125 160
125 162
125 167
125 168
125 179
125 186
125 191
125 192
125 210
125 225
125 230
125 232
125 234
125 243
125 262
126 133
126 144
126 150
126 156
126 160
126 162
126 167
126 168
126 179
126 186
126 191
126 192
126 210
126 214
126 225
126 230
126 232
126 234
126 243
126 262
127 133
127 144
127 150
127 156
127 160
127 162
127 167
127 179
127 191
127 192
127 194
127 197
127 210
127 214
127 225
127 230
127 232
127 234
127 243
127 262
128 133
128 144
128 150
128 156
128 160
128 162
128 167
128 179
128 191
128 192
128 194
128 197
128 210
128 214
128 225
128 230
128 232
128 234
128 243
128 262
129 133
129 144
129 150
129 156
129 160
129 162
129 167
129 170
129 178
129 179
129 191
129 192
129 194
129 197
129 210
129 214
129 225
129 230
129 232
129 234
129 243
129 262
130 133
130 144
130 150
130 156
130 160
130 162
130 167
130 170
130 178
130 179
130 191
130 192
130 197
130 210
130 214
130 225
130 230
130 232
130 234
130 243
130 262
131 133
131 144
131 145
131 150
131 156
131 160
131 162
131 167
131 170
131 178
131 179
131 191
131 192
131 197
131 210
131 214
131 225
131 230
131 232
131 262
132 144
132 145
132 160
132 162
132 165
132 167
132 170
132 188
132 191
132 192
132 197
132 199
132 210
132 214
132 225
132 230
132 232
132 248
132 257
132 262
133 144
133 145
133 160
133 162
133 165
133 170
133 188
133 191
133 192
133 197
133 199
133 210
133 214
133 225
133 230
133 232
133 262
134 144
134 145
134 160
134 162
134 165
134 170
134 188
134 191
134 192
134 197
134 199
134 210
134 214
134 225
134 230
134 232
134 262
135 144
135 162
135 165
135 170
135 188
135 191
135 192
135 197
135 199
135 206
135 210
135 214
135 225
135 230
135 232
135 262
136 144
136 162
136 165
136 191
136 192
136 197
136 199
136 206
136 210
136 214
136 225
136 230
136 232
136 262
137 144
137 155
137 162
137 165
137 192
137 197
137 199
137 206
137 214
137 225
137 230
137 232
137 262
138 144
138 155
138 162
138 165
138 192
138 197
138 199
138 206
138 214
138 225
138 230
138 232
138 262
139 144
139 155
139 162
139 165
139 192
139 197
139 199
139 206
139 214
139 225
139 230
139 232
139 262
140 144
140 155
140 162
140 165
140 192
140 197
140 199
140 206
140 214
140 225
140 230
140 232
140 262
141 144
141 155
141 162
141 165
141 192
141 197
141 199
141 206
141 214
141 225
141 230
141 232
141 262
142 144
142 155
142 162
142 165
142 192
142 197
142 199
142 206
142 214
142 225
142 230
142 232
142 262
143 144
143 155
143 162
143 165
143 192
143 197
143 199
143 206
143 214
143 225
143 230
143 232
143 262
144 155
144 162
144 165
144 192
144 197
144 199
144 206
144 214
144 225
144 230
144 232
144 262
145 155
145 162
145 165
145 192
145 199
145 206
145 211
145 214
145 217
145 225
145 230
145 232
145 262
146 155
146 162
146 165
146 192
146 199
146 206
146 211
146 214
146 217
146 225
146 230
146 232
146 262
147 155
147 162
147 165
147 192
147 199
147 206
147 211
147 214
147 217
147 225
147 230
147 232
147 262
148 155
148 162
148 165
148 176
148 192
148 199
148 206
148 211
148 217
148 225
148 230
148 232
148 262
149 155
149 157
149 162
149 165
149 176
149 192
149 199
149 206
149 211
149 225
149 230
149 232
149 254
149 262
150 155
150 157
150 162
150 165
150 176
150 192
150 199
150 206
150 211
150 225
150 230
150 232
150 254
150 262
151 155
151 162
151 165
151 176
151 181
151 199
151 211
151 225
151 227
151 230
151 233
151 262
152 155
152 162
152 165
152 176
152 181
152 199
152 211
152 225
152 227
152 230
152 233
152 262
153 155
153 162
153 165
153 176
153 181
153 199
153 211
153 225
153 227
153 230
153 233
153 262
154 155
154 162
154 165
154 176
154 181
154 199
154 211
154 225
154 227
154 230
154 233
154 262
155 155
155 162
155 165
155 176
155 181
155 199
155 211
155 225
155 227
155 230
155 233
155 262
156 155
156 162
156 165
156 176
156 181
156 199
156 209
156 211
156 225
156 227
156 230
156 233
157 162
157 165
157 176
157 181
157 199
157 209
157 211
157 225
157 227
157 230
157 233
158 162
158 165
158 176
158 181
158 199
158 209
158 211
158 225
158 227
158 230
158 233
159 162
159 165
159 176
159 181
159 199
159 209
159 211
159 225
159 227
159 230
159 233
160 162
160 165
160 176
160 181
160 199
160 204
160 209
160 211
160 225
160 230
160 233
161 162
161 165
161 176
161 181
161 189
161 199
161 204
161 209
161 211
161 225
161 230
161 233
162 162
162 165
162 176
162 181
162 189
162 199
162 204
162 209
162 211
162 225
162 230
162 233
163 162
163 165
163 171
163 176
163 181
163 189
163 199
163 204
163 209
163 211
163 225
163 230
163 233
164 162
164 165
164 171
164 176
164 181
164 189
164 199
164 204
164 209
164 211
164 225
164 230
164 233
165 162
165 165
165 171
165 176
165 181
165 189
165 199
165 204
165 211
165 225
165 230
165 233
166 162
166 165
166 171
166 176
166 181
166 189
166 199
166 204
166 211
166 225
166 230
166 233
167 162
167 165
167 171
167 176
167 181
167 189
167 199
167 204
167 211
167 225
167 230
167 233
168 162
168 165
168 171
168 176
168 181
168 189
168 199
168 204
168 211
168 225
168 230
168 233
169 162
169 165
169 171
169 176
169 181
169 189
169 199
169 204
169 211
169 224
169 230
169 233
169 249
170 162
170 165
170 171
170 181
170 189
170 204
170 211
170 218
170 224
170 230
170 233
170 249
171 165
171 171
171 181
171 189
171 211
171 218
171 224
171 230
171 242
171 249
171 255
172 165
172 189
172 211
172 218
172 230
172 242
172 249
172 255
173 165
173 189
173 211
173 218
173 230
173 242
173 249
173 255
174 165
174 189
174 211
174 218
174 230
174 242
174 249
174 255
175 165
175 207
175 211
175 218
175 230
175 249
175 255
176 165
176 207
176 211
176 218
176 230
176 249
176 255
177 165
177 207
177 211
177 218
177 230
177 240
177 249
177 252
177 255
178 165
178 207
178 211
178 218
178 230
178 240
178 249
178 252
178 255
179 165
179 207
179 211
179 218
179 230
179 249
179 252
179 255
180 165
180 207
180 211
180 218
180 230
180 249
180 252
180 255
181 165
181 207
181 211
181 218
181 230
181 231
181 249
181 252
181 255
182 165
182 207
182 211
182 218
182 230
182 231
182 249
182 252
182 255
183 207
183 211
183 216
183 218
183 230
183 231
183 249
183 252
183 255
184 207
184 211
184 216
184 218
184 230
184 231
184 249
184 252
184 255
185 207
185 211
185 216
185 218
185 230
185 231
185 249
185 252
185 255
186 207
186 211
186 216
186 218
186 230
186 231
186 249
186 252
186 255
187 207
187 211
187 216
187 218
187 230
187 231
187 249
187 252
187 253
187 255
188 207
188 211
188 216
188 218
188 230
188 231
188 249
188 252
188 253
188 255
189 207
189 211
189 216
189 218
189 230
189 231
189 249
189 252
189 253
189 255
190 207
190 211
190 216
190 218
190 230
190 231
190 249
190 252
190 253
190 255
191 207
191 211
191 216
191 218
191 230
191 231
191 249
191 252
191 253
191 255
192 207
192 211
192 216
192 218
192 219
192 230
192 231
192 249
192 252
192 253
192 255
193 207
193 211
193 216
193 218
193 219
193 230
193 231
193 249
193 252
193 253
193 255
194 207
194 211
194 216
194 218
194 219
194 230
194 231
194 249
194 252
194 253
194 255
195 207
195 211
195 216
195 218
195 230
195 249
195 252
195 253
195 255
196 207
196 211
196 216
196 218
196 230
196 249
196 252
196 253
196 255
197 207
197 211
197 216
197 218
197 230
197 249
197 252
197 253
197 255
198 207
198 211
198 216
198 218
198 230
198 249
198 252
198 253
198 255
199 207
199 211
199 216
199 218
199 230
199 244
199 249
199 252
199 253
199 255
200 207
200 211
200 216
200 218
200 230
200 244
200 249
200 252
200 253
200 255
201 207
201 211
201 216
201 218
201 230
201 244
201 249
201 252
201 253
201 255
202 207
202 211
202 216
202 218
202 230
202 244
202 249
202 252
202 253
202 255
203 207
203 211
203 216
203 218
203 230
203 244
203 249
203 252
203 253
204 211
204 218
204 230
204 244
204 249
204 252
204 253
205 211
205 218
205 244
205 249
205 252
205 253
206 211
206 218
206 244
206 249
206 252
206 253
207 211
207 218
207 244
207 249
207 252
207 253
208 211
208 218
208 244
208 249
208 252
208 253
209 211
209 218
209 244
209 249
209 252
209 253
210 211
210 218
210 244
210 249
210 252
210 253
211 211
211 218
211 244
211 249
211 252
211 253
212 211
212 218
212 244
212 249
212 252
212 253
213 211
213 218
213 244
213 249
213 252
213 253
214 211
214 218
214 244
214 249
214 252
214 253
215 211
215 218
215 244
215 249
215 252
215 253
216 218
216 244
216 249
216 252
216 253
217 218
217 244
217 249
217 253
218 218
218 244
218 249
218 253
219 218
219 244
219 245
219 249
219 253
220 218
220 244
220 245
220 249
220 253
221 218
221 244
221 245
221 249
221 253
222 218
222 244
222 245
222 249
222 253
223 218
223 244
223 245
223 249
223 253
224 218
224 244
224 245
224 249
224 253
225 218
225 244
225 245
225 249
225 253
226 218
226 244
226 249
226 253
227 218
227 244
227 249
227 253
228 244
228 249
228 253
229 244
229 249
229 253
230 244
230 249
230 253
231 244
231 249
231 253
232 244
232 249
232 253
233 244
233 249
233 253
234 244
234 249
234 253
235 244
235 249
235 253
236 244
236 246
236 249
237 244
237 246
237 249
238 244
238 246
238 249
239 244
239 246
239 249
240 244
240 246
240 249
241 244
241 246
241 249
242 244
242 246
242 249
243 244
243 246
243 249
244 244
244 246
244 249
245 244
245 246
245 249
246 244
246 249
247 249
248 249
249 249
250 249
251 249
