0 2
0 4
0 20
0 22
0 30
0 47
0 52
0 60
0 101
0 112
1 6
1 20
1 21
1 22
1 30
1 47
1 52
1 60
1 101
1 112
1 129
2 6
2 20
2 21
2 22
2 30
2 47
2 52
2 60
2 101
2 112
2 129
3 21
3 22
3 30
3 47
3 52
3 60
3 101
3 112
3 129
3 157
4 19
4 21
4 30
4 35
4 60
4 63
4 101
4 129
4 157
5 30
5 35
5 46
5 60
5 68
5 101
5 129
5 157
6 30
6 41
6 46
6 60
6 68
6 76
6 101
6 129
6 157
7 9
7 11
7 17
7 29
7 46
7 68
7 76
7 89
7 129
7 164
7 170
7 187
8 11
8 17
8 29
8 46
8 68
8 76
8 89
8 129
8 164
8 170
8 187
9 17
9 25
9 29
9 46
9 68
9 76
9 89
9 125
9 129
9 164
9 170
9 187
10 17
10 25
10 29
10 40
10 46
10 68
10 76
10 82
10 89
10 125
10 128
10 129
10 164
10 170
10 187
11 14
11 16
11 17
11 25
11 29
11 40
11 42
11 46
11 50
11 76
11 82
11 89
11 125
11 128
11 129
11 164
11 170
11 187
11 221
12 14
12 15
12 17
12 25
12 29
12 31
12 40
12 42
12 46
12 53
12 76
12 82
12 89
12 125
12 128
12 129
12 164
12 170
12 187
12 221
13 14
13 25
13 29
13 31
13 40
13 42
13 46
13 48
13 53
13 76
13 79
13 82
13 89
13 116
13 125
13 128
13 129
13 164
13 170
13 187
13 221
14 25
14 31
14 33
14 40
14 42
14 46
14 48
14 53
14 76
14 79
14 82
14 89
14 116
14 125
14 128
14 129
14 164
14 170
14 187
14 221
15 25
15 31
15 33
15 42
15 46
15 48
15 53
15 76
15 79
15 82
15 89
15 116
15 125
15 128
15 129
15 154
15 164
15 170
15 187
15 221
16 25
16 26
16 42
16 66
16 76
16 79
16 80
16 82
16 89
16 116
16 125
16 128
16 129
16 152
16 154
16 164
16 187
16 221
16 250
16 256
17 25
17 26
17 42
17 43
17 66
17 76
17 79
17 80
17 82
17 89
17 116
17 125
17 128
17 129
17 145
17 152
17 154
17 164
17 187
17 221
17 250
17 256
18 25
18 26
18 32
18 42
18 43
18 59
18 66
18 76
18 79
18 80
18 82
18 89
18 116
18 125
18 128
18 145
18 152
18 154
18 164
18 187
18 213
18 221
18 250
18 256
19 25
19 26
19 27
19 43
19 59
19 61
19 66
19 76
19 79
19 80
19 82
19 89
19 116
19 125
19 128
19 145
19 152
19 154
19 164
19 187
19 213
19 221
19 256
20 25
20 26
20 27
20 43
20 59
20 61
20 66
20 76
20 79
20 80
20 82
20 89
20 116
20 125
20 128
20 145
20 152
20 154
20 164
20 187
20 213
20 221
20 256
21 25
21 27
21 43
21 59
21 61
21 66
21 76
21 79
21 80
21 82
21 89
21 102
21 116
21 125
21 128
21 145
21 152
21 154
21 164
21 187
21 221
21 256
22 25
22 27
22 43
22 59
22 61
22 66
22 76
22 80
22 82
22 89
22 102
22 116
22 125
22 128
22 145
22 154
22 164
22 221
22 256
23 25
23 27
23 43
23 59
23 61
23 66
23 76
23 80
23 82
23 89
23 102
23 116
23 125
23 128
23 145
23 154
23 164
23 221
23 256
24 25
24 34
24 38
24 43
24 59
24 61
24 66
24 71
24 82
24 89
24 102
24 106
24 116
24 128
24 145
24 146
24 164
24 204
24 215
24 221
24 256
25 25
25 38
25 49
25 59
25 61
25 66
25 71
25 82
25 89
25 102
25 106
25 116
25 128
25 145
25 146
25 164
25 204
25 211
25 215
25 221
25 234
26 25
26 37
26 38
26 49
26 59
26 61
26 66
26 71
26 82
26 89
26 102
26 106
26 116
26 128
26 145
26 146
26 164
26 204
26 211
26 215
26 221
26 234
27 37
27 38
27 49
27 59
27 61
27 66
27 71
27 82
27 89
27 102
27 106
27 116
27 145
27 146
27 164
27 204
27 211
27 215
27 221
27 234
28 37
28 38
28 49
28 59
28 61
28 66
28 71
28 82
28 89
28 102
28 106
28 116
28 145
28 146
28 164
28 204
28 211
28 215
28 221
28 234
29 37
29 49
29 59
29 61
29 66
29 71
29 82
29 89
29 102
29 106
29 116
29 145
29 146
29 164
29 191
29 204
29 211
29 215
29 221
29 234
29 248
30 36
30 37
30 49
30 59
30 61
30 66
30 71
30 82
30 89
30 102
30 106
30 116
30 145
30 146
30 164
30 191
30 204
30 211
30 215
30 221
30 234
30 248
31 36
31 55
31 59
31 61
31 66
31 71
31 82
31 86
31 89
31 102
31 106
31 116
31 145
31 146
31 164
31 191
31 204
31 211
31 215
31 221
31 234
31 248
32 36
32 55
32 59
32 61
32 66
32 71
32 82
32 86
32 89
32 102
32 106
32 116
32 145
32 146
32 164
32 191
32 204
32 211
32 215
32 221
32 234
32 248
33 54
33 55
33 66
33 71
33 82
33 86
33 89
33 102
33 106
33 116
33 145
33 146
33 164
33 191
33 204
33 211
33 215
33 221
33 234
33 248
34 44
34 55
34 65
34 66
34 71
34 82
34 86
34 89
34 102
34 106
34 116
34 145
34 146
34 164
34 191
34 202
34 204
34 211
34 215
34 221
34 234
34 235
34 248
35 44
35 55
35 65
35 66
35 71
35 82
35 86
35 89
35 102
35 106
35 116
35 145
35 146
35 164
35 191
35 202
35 204
35 211
35 215
35 221
35 234
35 235
35 248
36 44
36 55
36 65
36 66
36 71
36 82
36 86
36 89
36 102
36 106
36 116
36 145
36 146
36 164
36 191
36 202
36 204
36 211
36 215
36 221
36 234
36 235
36 248
37 44
37 55
37 65
37 66
37 71
37 82
37 86
37 89
37 98
37 102
37 106
37 116
37 122
37 145
37 146
37 164
37 191
37 202
37 204
37 211
37 221
37 234
37 235
37 248
38 44
38 55
38 65
38 66
38 71
38 82
38 86
38 89
38 98
38 102
38 106
38 116
38 122
38 146
38 164
38 191
38 202
38 204
38 211
38 221
38 234
38 235
38 248
39 44
39 55
39 65
39 66
39 69
39 71
39 72
39 82
39 86
39 89
39 90
39 98
39 102
39 106
39 116
39 137
39 140
39 146
39 149
39 164
39 191
39 204
39 211
39 221
39 234
39 235
39 246
39 248
40 44
40 55
40 65
40 66
40 69
40 71
40 72
40 82
40 86
40 89
40 90
40 98
40 102
40 106
40 137
40 140
40 146
40 149
40 164
40 191
40 204
40 211
40 221
40 234
40 235
40 246
41 45
41 51
41 55
41 56
41 65
41 66
41 69
41 71
41 72
41 82
41 89
41 90
41 98
41 102
41 106
41 137
41 140
41 146
41 149
41 164
41 204
41 211
41 221
41 234
41 235
42 51
42 56
42 65
42 66
42 69
42 71
42 74
42 82
42 89
42 90
42 98
42 102
42 106
42 137
42 140
42 146
42 149
42 164
42 183
42 204
42 211
42 221
42 234
42 235
42 257
43 51
43 56
43 57
43 65
43 66
43 69
43 71
43 74
43 82
43 89
43 90
43 98
43 106
43 137
43 140
43 146
43 149
43 164
43 183
43 204
43 211
43 234
43 235
43 257
44 56
44 66
44 69
44 71
44 89
44 90
44 95
44 98
44 106
44 111
44 120
44 137
44 140
44 149
44 164
44 183
44 197
44 204
44 211
44 234
44 257
45 56
45 66
45 69
45 71
45 84
45 89
45 90
45 95
45 98
45 108
45 111
45 120
45 137
45 140
45 148
45 149
45 164
45 183
45 197
45 204
45 211
45 234
45 257
46 84
46 90
46 95
46 108
46 120
46 137
46 140
46 148
46 149
46 156
46 183
46 197
46 204
46 205
46 211
46 234
46 257
47 84
47 90
47 108
47 120
47 140
47 149
47 151
47 156
47 183
47 197
47 204
47 205
47 211
47 234
47 257
48 83
48 84
48 90
48 100
48 108
48 120
48 140
48 149
48 151
48 156
48 183
48 197
48 204
48 205
48 211
48 212
48 234
48 257
49 83
49 84
49 90
49 100
49 108
49 120
49 140
49 149
49 151
49 156
49 183
49 197
49 204
49 205
49 211
49 212
49 234
49 257
50 83
50 84
50 100
50 108
50 120
50 140
50 149
50 151
50 156
50 158
50 174
50 183
50 197
50 204
50 205
50 211
50 212
50 234
50 255
51 73
51 83
51 100
51 108
51 109
51 120
51 133
51 140
51 149
51 151
51 156
51 158
51 174
51 183
51 197
51 204
51 205
51 211
51 212
51 234
51 255
52 73
52 83
52 100
52 108
52 109
52 120
52 124
52 127
52 133
52 140
52 149
52 151
52 156
52 158
52 174
52 183
52 197
52 204
52 205
52 211
52 212
52 255
53 73
53 83
53 100
53 108
53 109
53 120
53 124
53 127
53 133
53 140
53 149
53 151
53 156
53 158
53 174
53 183
53 197
53 204
53 205
53 211
53 212
53 255
54 70
54 73
54 83
54 100
54 108
54 109
54 120
54 124
54 127
54 133
54 140
54 149
54 151
54 156
54 158
54 168
54 173
54 174
54 177
54 183
54 197
54 204
54 205
54 212
54 255
55 70
55 73
55 83
55 100
55 108
55 109
55 120
55 124
55 127
55 133
55 140
55 149
55 151
55 156
55 158
55 168
55 173
55 174
55 177
55 183
55 197
55 204
55 205
55 212
55 255
56 70
56 73
56 83
56 108
56 109
56 120
56 124
56 127
56 130
56 133
56 140
56 149
56 151
56 156
56 158
56 168
56 173
56 174
56 177
56 183
56 197
56 204
56 205
56 212
56 255
57 58
57 70
57 73
57 83
57 108
57 109
57 120
57 121
57 124
57 127
57 130
57 133
57 140
57 142
57 149
57 151
57 158
57 161
57 168
57 171
57 173
57 174
57 177
57 183
57 197
57 204
57 205
57 212
57 230
57 255
58 70
58 73
58 83
58 105
58 108
58 109
58 120
58 121
58 124
58 127
58 130
58 133
58 140
58 142
58 149
58 158
58 161
58 168
58 171
58 173
58 174
58 177
58 183
58 197
58 204
58 205
58 212
58 255
59 70
59 73
59 83
59 94
59 108
59 109
59 120
59 124
59 127
59 133
59 142
59 149
59 161
59 168
59 171
59 173
59 174
59 177
59 183
59 197
59 204
59 205
59 212
59 255
60 70
60 73
60 83
60 94
60 108
60 109
60 120
60 124
60 127
60 133
60 142
60 149
60 161
60 168
60 171
60 173
60 174
60 177
60 183
60 197
60 204
60 205
60 212
60 255
61 70
61 83
61 94
61 108
61 109
61 120
61 124
61 127
61 133
61 142
61 149
61 161
61 168
61 171
61 173
61 174
61 177
61 183
61 197
61 204
61 205
61 212
61 255
61 262
62 70
62 83
62 91
62 108
62 109
62 120
62 124
62 127
62 133
62 142
62 147
62 149
62 161
62 168
62 171
62 173
62 174
62 177
62 183
62 197
62 204
62 205
62 212
62 237
62 255
62 262
63 70
63 83
63 103
63 108
63 109
63 115
63 118
63 120
63 124
63 133
63 135
63 142
63 147
63 149
63 161
63 173
63 174
63 177
63 183
63 197
63 205
63 212
63 237
63 255
63 262
64 67
64 70
64 93
64 103
64 108
64 109
64 115
64 118
64 120
64 124
64 133
64 135
64 142
64 147
64 149
64 161
64 173
64 174
64 177
64 183
64 197
64 205
64 212
64 216
64 237
64 255
64 262
65 67
65 70
65 78
65 93
65 103
65 108
65 109
65 115
65 120
65 124
65 133
65 135
65 138
65 142
65 147
65 149
65 173
65 174
65 177
65 183
65 197
65 205
65 206
65 212
65 216
65 238
65 255
65 262
66 67
66 70
66 78
66 85
66 93
66 108
66 109
66 115
66 120
66 133
66 135
66 138
66 142
66 147
66 149
66 173
66 174
66 177
66 183
66 197
66 199
66 205
66 206
66 212
66 216
66 238
66 255
66 260
66 262
67 67
67 70
67 78
67 85
67 93
67 108
67 109
67 120
67 133
67 135
67 138
67 142
67 149
67 173
67 174
67 183
67 197
67 199
67 205
67 206
67 212
67 216
67 238
67 255
67 260
67 262
68 67
68 70
68 78
68 85
68 93
68 108
68 109
68 120
68 133
68 135
68 138
68 142
68 149
68 173
68 174
68 183
68 197
68 199
68 205
68 206
68 212
68 216
68 238
68 255
68 260
68 262
69 70
69 75
69 77
69 78
69 85
69 99
69 108
69 109
69 120
69 133
69 135
69 138
69 142
69 149
69 173
69 174
69 183
69 184
69 197
69 199
69 205
69 206
69 212
69 216
69 233
69 238
69 255
69 262
70 75
70 77
70 78
70 85
70 99
70 108
70 109
70 120
70 133
70 135
70 138
70 142
70 149
70 173
70 174
70 183
70 184
70 186
70 197
70 199
70 205
70 206
70 210
70 212
70 216
70 231
70 233
70 238
70 255
70 262
71 75
71 77
71 78
71 88
71 99
71 108
71 109
71 120
71 133
71 135
71 138
71 142
71 149
71 173
71 174
71 183
71 184
71 186
71 199
71 205
71 206
71 208
71 210
71 212
71 216
71 231
71 233
71 238
71 255
71 262
72 75
72 77
72 78
72 88
72 99
72 108
72 120
72 133
72 135
72 142
72 149
72 173
72 174
72 184
72 186
72 188
72 199
72 205
72 206
72 207
72 208
72 210
72 212
72 216
72 231
72 233
72 238
72 255
72 262
73 75
73 77
73 78
73 87
73 88
73 99
73 108
73 120
73 133
73 135
73 142
73 149
73 173
73 174
73 184
73 186
73 188
73 199
73 205
73 206
73 207
73 208
73 210
73 212
73 216
73 231
73 233
73 238
73 255
73 262
74 75
74 77
74 78
74 87
74 88
74 99
74 108
74 120
74 133
74 135
74 142
74 149
74 173
74 174
74 186
74 188
74 199
74 205
74 206
74 207
74 208
74 210
74 212
74 216
74 231
74 233
74 238
74 255
74 262
75 75
75 77
75 78
75 87
75 88
75 99
75 108
75 120
75 133
75 135
75 142
75 144
75 149
75 173
75 174
75 188
75 199
75 205
75 206
75 207
75 208
75 210
75 212
75 216
75 231
75 233
75 238
75 255
75 262
76 75
76 78
76 87
76 88
76 99
76 108
76 120
76 133
76 135
76 142
76 144
76 149
76 173
76 174
76 188
76 199
76 205
76 206
76 207
76 208
76 210
76 212
76 216
76 231
76 233
76 238
76 255
76 262
77 75
77 78
77 87
77 88
77 99
77 108
77 120
77 133
77 135
77 142
77 144
77 149
77 173
77 174
77 188
77 199
77 205
77 206
77 207
77 208
77 210
77 212
77 216
77 222
77 231
77 233
77 238
77 255
77 262
78 75
78 78
78 87
78 88
78 99
78 107
78 108
78 117
78 120
78 135
78 139
78 142
78 149
78 173
78 178
78 188
78 199
78 205
78 206
78 207
78 208
78 210
78 212
78 216
78 222
78 231
78 233
78 238
78 255
78 262
79 78
79 88
79 99
79 107
79 117
79 120
79 135
79 139
79 142
79 149
79 173
79 178
79 188
79 199
79 205
79 206
79 207
79 208
79 210
79 212
79 216
79 222
79 231
79 233
79 238
79 255
79 262
80 78
80 88
80 99
80 107
80 117
80 120
80 135
80 139
80 142
80 149
80 173
80 178
80 188
80 199
80 205
80 206
80 207
80 208
80 210
80 212
80 216
80 222
80 231
80 233
80 238
80 255
80 262
81 78
81 99
81 107
81 117
81 135
81 139
81 142
81 173
81 178
81 198
81 199
81 205
81 206
81 207
81 208
81 210
81 212
81 216
81 222
81 231
81 233
81 238
81 255
81 262
82 78
82 99
82 107
82 117
82 135
82 139
82 142
82 173
82 178
82 198
82 199
82 205
82 206
82 207
82 208
82 210
82 212
82 216
82 222
82 231
82 233
82 238
82 255
82 262
83 78
83 96
83 99
83 107
83 117
83 135
83 139
83 142
83 173
83 178
83 198
83 199
83 205
83 206
83 207
83 208
83 210
83 212
83 216
83 222
83 231
83 233
83 249
83 255
83 262
84 78
84 96
84 99
84 107
84 117
84 135
84 139
84 142
84 173
84 178
84 198
84 199
84 205
84 206
84 207
84 208
84 210
84 212
84 216
84 222
84 231
84 233
84 249
84 255
84 262
85 78
85 96
85 104
85 107
85 117
85 135
85 139
85 142
85 173
85 178
85 198
85 199
85 205
85 206
85 207
85 210
85 212
85 216
85 222
85 231
85 233
85 236
85 249
85 255
85 262
86 78
86 96
86 104
86 107
86 113
86 117
86 135
86 139
86 142
86 173
86 178
86 198
86 199
86 205
86 206
86 207
86 210
86 212
86 216
86 222
86 231
86 233
86 236
86 249
86 255
86 262
87 78
87 96
87 104
87 107
87 113
87 117
87 135
87 139
87 142
87 173
87 178
87 198
87 199
87 205
87 206
87 207
87 210
87 212
87 216
87 222
87 231
87 233
87 236
87 249
87 255
87 262
88 78
88 96
88 104
88 107
88 113
88 117
88 126
88 135
88 139
88 142
88 173
88 178
88 198
88 199
88 205
88 206
88 207
88 210
88 212
88 216
88 222
88 231
88 233
88 236
88 249
88 255
88 262
89 78
89 96
89 104
89 107
89 113
89 117
89 126
89 135
89 139
89 142
89 173
89 178
89 181
89 198
89 199
89 205
89 206
89 207
89 210
89 212
89 216
89 222
89 231
89 233
89 236
89 249
89 255
89 262
90 78
90 96
90 104
90 107
90 113
90 117
90 126
90 135
90 139
90 142
90 173
90 178
90 181
90 198
90 199
90 205
90 206
90 207
90 210
90 212
90 216
90 222
90 231
90 233
90 236
90 249
90 255
90 262
91 78
91 96
91 104
91 107
91 113
91 117
91 126
91 135
91 139
91 142
91 160
91 173
91 178
91 181
91 198
91 199
91 205
91 206
91 207
91 210
91 212
91 216
91 220
91 222
91 231
91 233
91 236
91 249
91 255
91 262
92 96
92 104
92 107
92 113
92 117
92 126
92 135
92 139
92 160
92 173
92 178
92 181
92 190
92 198
92 199
92 205
92 206
92 207
92 210
92 212
92 216
92 222
92 229
92 231
92 233
92 236
92 249
92 255
92 262
93 96
93 107
93 117
93 126
93 135
93 139
93 160
93 173
93 178
93 181
93 190
93 198
93 199
93 205
93 206
93 207
93 210
93 212
93 216
93 222
93 229
93 231
93 236
93 249
93 255
93 262
94 96
94 107
94 117
94 126
94 135
94 139
94 160
94 173
94 178
94 181
94 190
94 198
94 199
94 205
94 207
94 210
94 212
94 216
94 222
94 229
94 236
94 249
94 255
94 262
95 96
95 107
95 117
95 126
95 135
95 139
95 165
95 173
95 181
95 190
95 198
95 199
95 205
95 207
95 210
95 212
95 216
95 222
95 229
95 236
95 249
95 262
96 96
96 107
96 117
96 126
96 135
96 139
96 165
96 173
96 181
96 190
96 198
96 199
96 205
96 207
96 210
96 212
96 216
96 222
96 229
96 236
96 249
96 262
97 96
97 107
97 117
97 126
97 135
97 139
97 165
97 173
97 181
97 190
97 198
97 199
97 205
97 207
97 210
97 212
97 216
97 222
97 229
97 236
97 249
97 262
98 96
98 107
98 117
98 126
98 135
98 139
98 165
98 173
98 181
98 190
98 198
98 199
98 205
98 207
98 210
98 212
98 216
98 222
98 229
98 236
98 249
98 262
99 96
99 107
99 117
99 126
99 135
99 139
99 165
99 173
99 181
99 190
99 198
99 199
99 205
99 207
99 210
99 212
99 216
99 222
99 229
99 236
99 249
99 262
100 96
100 107
100 117
100 126
100 135
100 139
100 165
100 173
100 181
100 190
100 198
100 199
100 205
100 207
100 209
100 210
100 212
100 216
100 222
100 229
100 236
100 249
100 262
101 96
101 107
101 117
101 126
101 135
101 139
101 165
101 173
101 181
101 190
101 198
101 199
101 205
101 207
101 209
101 210
101 212
101 216
101 222
101 229
101 236
101 249
101 262
102 96
102 107
102 110
102 119
102 126
102 135
102 139
102 165
102 173
102 181
102 190
102 196
102 199
102 207
102 209
102 216
102 217
102 222
102 229
102 236
102 249
102 262
103 96
103 107
103 110
103 119
103 126
103 135
103 139
103 165
103 173
103 176
103 181
103 190
103 196
103 199
103 207
103 209
103 216
103 217
103 222
103 229
103 236
103 249
103 262
104 96
104 107
104 110
104 119
104 126
104 135
104 139
104 165
104 173
104 176
104 181
104 190
104 196
104 199
104 207
104 209
104 216
104 217
104 222
104 229
104 236
104 249
104 262
105 96
105 107
105 110
105 119
105 126
105 135
105 139
105 165
105 173
105 176
105 181
105 190
105 196
105 199
105 207
105 209
105 216
105 217
105 222
105 229
105 236
105 249
105 262
106 96
106 107
106 110
106 119
106 126
106 135
106 139
106 165
106 173
106 176
106 181
106 190
106 196
106 199
106 207
106 209
106 216
106 217
106 222
106 229
106 236
106 249
106 262
107 107
107 119
107 126
107 135
107 139
107 153
107 165
107 181
107 190
107 196
107 199
107 203
107 207
107 209
107 217
107 222
107 236
107 245
107 249
107 262
108 107
108 126
108 135
108 139
108 153
108 165
108 181
108 190
108 196
108 199
108 203
108 207
108 209
108 217
108 222
108 245
108 249
108 262
109 107
109 126
109 135
109 139
109 153
109 165
109 181
109 190
109 196
109 199
109 203
109 207
109 209
109 217
109 222
109 245
109 249
109 262
110 107
110 126
110 135
110 136
110 139
110 153
110 165
110 175
110 181
110 190
110 196
110 199
110 203
110 207
110 209
110 217
110 222
110 245
110 249
110 262
111 107
111 126
111 135
111 136
111 139
111 153
111 165
111 175
111 181
111 190
111 196
111 199
111 203
111 207
111 209
111 217
111 222
111 245
111 249
111 262
112 126
112 135
112 136
112 139
112 153
112 165
112 175
112 181
112 190
112 196
112 199
112 203
112 207
112 209
112 217
112 222
112 224
112 245
112 249
112 262
113 126
113 135
113 139
113 153
113 165
113 175
113 181
113 190
113 196
113 199
113 203
113 207
113 209
113 217
113 222
113 224
113 245
113 249
113 262
114 126
114 135
114 139
114 153
114 165
114 175
114 181
114 190
114 196
114 199
114 203
114 207
114 209
114 217
114 222
114 224
114 245
114 249
114 262
115 126
115 134
115 135
115 139
115 153
115 165
115 175
115 181
115 190
115 196
115 199
115 203
115 207
115 217
115 222
115 224
115 245
115 249
115 262
116 134
116 135
116 153
116 155
116 162
116 165
116 175
116 181
116 190
116 196
116 201
116 203
116 207
116 217
116 222
116 224
116 245
116 249
116 262
117 134
117 153
117 155
117 162
117 165
117 175
117 181
117 182
117 190
117 196
117 201
117 203
117 207
117 217
117 222
117 224
117 245
117 249
117 262
118 134
118 143
118 153
118 155
118 162
118 165
118 175
118 181
118 182
118 185
118 190
118 196
118 201
118 203
118 207
118 217
118 222
118 224
118 245
118 249
119 131
119 134
119 143
119 153
119 155
119 162
119 163
119 165
119 175
119 181
119 182
119 185
119 190
119 196
119 203
119 207
119 217
119 218
119 222
119 224
119 245
119 249
120 131
120 134
120 143
120 153
120 155
120 162
120 163
120 165
120 175
120 181
120 185
120 190
120 196
120 203
120 217
120 218
120 222
120 224
120 245
120 249
121 131
121 143
121 153
121 155
121 162
121 163
121 165
121 169
121 175
121 181
121 185
121 190
121 196
121 203
121 217
121 218
121 222
121 224
121 245
122 131
122 143
122 153
122 155
122 162
122 163
122 165
122 169
122 175
122 181
122 185
122 190
122 196
122 203
122 217
122 218
122 222
122 224
122 241
122 245
123 131
123 143
123 153
123 155
123 162
123 163
123 165
123 169
123 175
123 181
123 185
123 190
123 196
123 203
123 217
123 218
123 222
123 224
123 241
123 245
124 131
124 143
124 153
124 155
124 162
124 163
124 165
124 169
124 175
124 185
124 190
124 196
124 203
124 217
124 218
124 222
124 224
124 241
124 245
125 131
125 143
125 153
125 155
125 159
125 162
125 163
125 165
125 169
125 175
125 185
125 190
125 196
125 203
125 217
125 218
125 222
125 224
125 241
125 245
126 131
126 143
126 153
126 155
126 159
126 162
126 163
126 165
126 169
126 175
126 185
126 190
126 196
126 203
126 217
126 218
126 222
126 224
126 241
126 245
127 131
127 143
127 153
127 155
127 159
127 162
127 163
127 165
127 169
127 175
127 185
127 190
127 196
127 203
127 217
127 218
127 222
127 241
127 245
127 259
128 131
128 143
128 153
128 155
128 159
128 162
128 163
128 165
128 169
128 175
128 185
128 190
128 196
128 203
128 217
128 218
128 222
128 223
128 241
128 245
128 259
129 131
129 143
129 153
129 155
129 159
129 162
129 163
129 165
129 169
129 175
129 185
129 190
129 196
129 203
129 217
129 218
129 222
129 223
129 241
129 245
129 259
130 141
130 153
130 155
130 159
130 162
130 163
130 166
130 169
130 175
130 185
130 190
130 196
130 203
130 217
130 218
130 222
130 223
130 241
130 245
130 259
131 141
131 153
131 155
131 159
131 162
131 163
131 166
131 169
131 175
131 185
131 190
131 196
131 203
131 217
131 218
131 222
131 223
131 241
131 245
131 259
132 141
132 153
132 155
132 159
132 162
132 163
132 166
132 169
132 185
132 190
132 196
132 203
132 217
132 218
132 222
132 223
132 241
132 245
132 259
133 153
133 155
133 159
133 162
133 163
133 166
133 169
133 185
133 190
133 196
133 203
133 217
133 218
133 222
133 223
133 241
133 245
133 259
134 153
134 155
134 159
134 162
134 163
134 169
134 185
134 190
134 196
134 203
134 217
134 218
134 222
134 223
134 241
134 245
134 258
134 259
135 153
135 155
135 159
135 162
135 163
135 169
135 185
135 190
135 196
135 203
135 217
135 218
135 222
135 223
135 241
135 245
135 258
135 259
136 153
136 155
136 159
136 162
136 163
136 169
136 185
136 190
136 192
136 196
136 203
136 217
136 218
136 222
136 223
136 239
136 241
136 245
136 258
136 259
137 153
137 155
137 159
137 162
137 163
137 169
137 190
137 192
137 196
137 203
137 217
137 218
137 222
137 223
137 239
137 241
137 245
137 258
137 259
138 153
138 155
138 159
138 162
138 169
138 190
138 192
138 196
138 203
138 217
138 218
138 222
138 223
138 239
138 241
138 245
138 258
139 153
139 155
139 159
139 162
139 169
139 190
139 192
139 193
139 196
139 203
139 217
139 218
139 222
139 223
139 239
139 241
139 245
139 258
140 155
140 159
140 162
140 169
140 190
140 192
140 193
140 194
140 196
140 203
140 217
140 218
140 222
140 223
140 239
140 241
140 244
140 245
140 258
141 155
141 159
141 162
141 169
141 190
141 193
141 194
141 196
141 203
141 217
141 218
141 222
141 223
141 239
141 241
141 245
141 247
141 258
142 155
142 162
142 169
142 190
142 193
142 194
142 196
142 203
142 217
142 218
142 222
142 223
142 239
142 241
142 245
142 247
142 258
143 155
143 162
143 169
143 190
143 193
143 194
143 196
143 203
143 217
143 218
143 222
143 223
143 239
143 241
143 245
143 247
143 258
144 162
144 169
144 190
144 193
144 194
144 196
144 203
144 217
144 222
144 223
144 239
144 241
144 245
144 247
144 258
145 162
145 169
145 190
145 193
145 194
145 196
145 203
145 217
145 222
145 223
145 239
145 241
145 245
145 247
145 258
146 162
146 169
146 190
146 193
146 194
146 196
146 203
146 217
146 222
146 223
146 239
146 241
146 245
146 247
146 258
147 162
147 169
147 190
147 193
147 194
147 196
147 203
147 217
147 222
147 223
147 239
147 241
147 245
147 247
147 258
148 162
148 169
148 190
148 193
148 194
148 196
148 203
148 217
148 222
148 223
148 239
148 241
148 245
148 247
148 258
149 162
149 169
149 190
149 193
149 194
149 196
149 203
149 217
149 222
149 223
149 239
149 241
149 245
149 247
149 258
150 162
150 169
150 190
150 193
150 194
150 196
150 203
150 217
150 222
150 223
150 239
150 241
150 245
150 247
150 258
151 162
151 169
151 190
151 193
151 194
151 196
151 203
151 217
151 222
151 223
151 239
151 241
151 245
151 247
151 258
152 162
152 169
152 190
152 193
152 194
152 196
152 203
152 217
152 222
152 223
152 239
152 241
152 245
152 247
152 258
153 162
153 169
153 190
153 193
153 194
153 196
153 203
153 217
153 222
153 223
153 239
153 241
153 245
153 247
153 258
154 162
154 169
154 190
154 193
154 194
154 196
154 203
154 217
154 222
154 223
154 239
154 241
154 245
154 247
154 258
155 162
155 169
155 189
155 190
155 193
155 194
155 196
155 203
155 217
155 222
155 223
155 239
155 241
155 245
155 247
155 258
156 162
156 169
156 189
156 190
156 193
156 194
156 196
156 203
156 217
156 222
156 223
156 239
156 241
156 245
156 247
156 258
157 162
157 169
157 179
157 189
157 193
157 194
157 196
157 203
157 217
157 222
157 223
157 239
157 241
157 245
157 247
157 252
157 258
158 162
158 169
158 179
158 189
158 193
158 194
158 196
158 203
158 217
158 222
158 223
158 239
158 241
158 245
158 247
158 252
158 258
159 169
159 172
159 179
159 189
159 193
159 194
159 196
159 203
159 217
159 222
159 223
159 239
159 241
159 245
159 247
159 252
159 258
160 172
160 179
160 189
160 193
160 194
160 217
160 222
160 223
160 239
160 241
160 245
160 247
160 252
160 258
161 172
161 179
161 189
161 193
161 194
161 217
161 222
161 223
161 239
161 241
161 245
161 247
161 252
161 258
162 172
162 179
162 180
162 189
162 193
162 194
162 217
162 222
162 223
162 239
162 241
162 245
162 247
162 252
162 258
163 172
163 179
163 180
163 189
163 194
163 239
163 241
163 247
163 252
163 258
163 261
164 172
164 179
164 189
164 194
164 239
164 241
164 252
164 258
164 261
165 172
165 179
165 189
165 194
165 239
165 241
165 252
165 258
165 261
166 172
166 179
166 189
166 194
166 239
166 241
166 252
166 261
167 172
167 179
167 189
167 194
167 239
167 241
167 252
167 261
168 172
168 179
168 189
168 194
168 239
168 241
168 252
168 261
169 172
169 179
169 189
169 194
169 225
169 241
169 242
169 252
169 261
170 189
170 194
170 195
170 225
170 241
170 242
170 261
171 189
171 194
171 195
171 225
171 241
171 242
171 261
172 189
172 195
172 225
172 241
172 242
172 261
173 189
173 195
173 225
173 241
173 242
173 261
174 189
174 195
174 225
174 241
174 242
174 261
175 189
175 195
175 214
175 225
175 241
175 242
175 261
176 189
176 195
176 214
176 225
176 241
176 242
177 189
177 195
177 214
177 225
177 241
177 242
178 189
178 195
178 214
178 225
178 242
179 195
179 214
179 219
179 225
179 242
180 195
180 214
180 219
180 225
180 242
181 195
181 214
181 219
181 225
181 242
182 195
182 214
182 219
182 225
182 242
183 195
183 214
183 219
183 225
183 242
184 195
184 214
184 219
184 225
184 242
185 195
185 214
185 219
185 225
185 242
186 195
186 219
186 225
186 242
187 195
187 219
187 225
187 242
188 195
188 219
188 225
188 242
188 254
189 195
189 200
189 225
189 242
189 243
189 254
190 195
190 200
190 225
190 242
190 243
190 254
191 195
191 200
191 225
191 242
191 243
191 254
192 195
192 200
192 225
192 242
192 243
192 254
193 195
193 200
193 225
193 242
193 243
193 254
194 195
194 200
194 225
194 243
194 254
195 195
195 200
195 225
195 243
195 254
196 195
196 200
196 225
196 227
196 243
196 254
197 195
197 200
197 225
197 227
197 240
197 243
197 254
198 195
198 200
198 225
198 227
198 240
198 243
198 254
199 195
199 225
199 227
199 228
199 240
199 243
199 254
200 195
200 225
200 227
200 228
200 240
200 243
200 254
201 195
201 225
201 227
201 228
201 240
201 243
201 254
202 195
202 225
202 227
202 228
202 240
202 243
202 254
203 195
203 225
203 227
203 228
203 240
203 243
203 254
204 195
204 225
204 227
204 228
204 240
204 243
204 254
205 225
205 227
205 228
205 240
205 243
205 254
206 225
206 227
206 228
206 240
206 243
206 254
207 225
207 226
207 227
207 228
207 240
207 243
207 254
208 226
208 227
208 228
208 240
208 243
208 254
209 226
209 227
209 228
209 240
209 243
209 253
209 254
210 226
210 227
210 228
210 240
210 243
210 253
210 254
211 226
211 227
211 228
211 240
211 243
211 253
211 254
212 226
212 227
212 228
212 240
212 243
212 253
212 254
213 226
213 227
213 228
213 240
213 243
213 253
213 254
214 226
214 227
214 228
214 240
214 243
214 253
214 254
215 226
215 227
215 228
215 240
215 243
215 253
215 254
216 226
216 227
216 228
216 240
216 243
216 253
216 254
217 226
217 227
217 228
217 240
217 243
217 253
217 254
218 226
218 227
218 240
218 243
218 253
218 254
219 226
219 227
219 240
219 243
219 253
219 254
220 227
220 232
220 240
220 243
220 253
220 254
221 227
221 232
221 240
221 243
221 253
221 254
222 227
222 232
222 240
222 243
222 253
222 254
223 227
223 232
223 240
223 243
223 253
223 254
224 227
224 240
224 243
224 253
224 254
225 227
225 240
225 243
225 253
225 254
226 227
226 240
226 243
226 254
227 227
227 240
227 243
227 254
228 227
228 240
228 243
228 254
229 227
229 240
229 243
229 254
230 227
230 240
230 243
230 254
231 227
231 240
231 243
231 254
232 227
232 240
232 243
232 254
233 227
233 240
233 243
233 254
234 227
234 240
234 243
234 254
235 227
235 240
235 243
235 254
236 227
236 240
236 243
236 254
237 227
237 240
237 243
237 254
238 227
238 240
238 243
238 254
239 227
239 240
239 243
239 254
240 227
240 240
240 243
240 254
241 227
241 240
241 243
241 254
242 227
242 240
242 243
242 254
243 227
243 254
244 227
244 254
245 227
245 254
246 227
246 254
247 254
248 254
249 254
250 254
251 254
252 254
253 254
254 254
255 254
256 254
257 254
